42.894230 229.782509 0.374677
42.891088 229.659772 0.370796
42.888403 229.536612 0.367220
42.886151 229.413052 0.363955
42.884300 229.289119 0.361003
42.882819 229.164841 0.358370
42.881673 229.040251 0.356059
42.880822 228.915385 0.354073
42.880227 228.790280 0.352415
42.879843 228.664976 0.351087
42.879626 228.539516 0.350091
42.879529 228.413944 0.349430
42.879504 228.288304 0.349103
42.879502 228.162642 0.349112
42.879474 228.037004 0.349457
42.879372 227.911437 0.350136
42.879147 227.785984 0.351150
42.878754 227.660690 0.352495
42.878146 227.535596 0.354171
42.877280 227.410744 0.356175
42.876117 227.286170 0.358503
42.874617 227.161910 0.361153
42.872746 227.037996 0.364122
42.870470 226.914457 0.367404
42.867762 226.791320 0.370996
42.864595 226.668605 0.374894
42.860946 226.546334 0.379092
42.856796 226.424522 0.383587
42.852129 226.303182 0.388374
42.846931 226.182324 0.393448
42.841192 226.061956 0.398804
42.834903 225.942080 0.404437
42.828060 225.822700 0.410343
42.820658 225.703814 0.416517
42.812698 225.585419 0.422954
42.804180 225.467511 0.429652
42.795106 225.350083 0.436604
42.785481 225.233127 0.443807
42.775309 225.116633 0.451258
42.764597 225.000591 0.458952
42.753352 224.884989 0.466886
42.741581 224.769814 0.475056
42.729294 224.655053 0.483459
42.716500 224.540692 0.492092
42.703207 224.426716 0.500952
42.689425 224.313110 0.510036
42.675165 224.199859 0.519341
42.660435 224.086948 0.528864
42.645245 223.974361 0.538603
42.629606 223.862083 0.548556
42.613526 223.750097 0.558719
42.597014 223.638388 0.569090
42.580080 223.526941 0.579668
42.562732 223.415740 0.590449
42.544979 223.304769 0.601431
42.526828 223.194014 0.612611
42.508286 223.083459 0.623988
42.489362 222.973089 0.635558
42.470061 222.862889 0.647318
42.450391 222.752846 0.659267
42.430356 222.642944 0.671400
42.409962 222.533169 0.683715
42.389215 222.423507 0.696208
42.368118 222.313944 0.708877
42.346676 222.204467 0.721716
42.324892 222.095061 0.734723
42.302770 221.985714 0.747893
42.280312 221.876412 0.761221
42.257521 221.767143 0.774703
42.234399 221.657892 0.788333
42.210947 221.548648 0.802106
42.187165 221.439397 0.816015
42.163056 221.330128 0.830055
42.138619 221.220827 0.844218
42.113854 221.111482 0.858497
42.088761 221.002081 0.872885
42.063340 220.892612 0.887372
42.037588 220.783063 0.901951
42.011505 220.673422 0.916611
41.985089 220.563677 0.931343
41.958339 220.453817 0.946136
41.931252 220.343831 0.960979
41.903827 220.233706 0.975859
41.876059 220.123432 0.990765
41.847948 220.012998 1.005684
41.819491 219.902394 1.020600
41.790684 219.791608 1.035500
41.761525 219.680631 1.050368
41.732011 219.569452 1.065188
41.702140 219.458062 1.079944
41.671908 219.346452 1.094618
41.641315 219.234613 1.109191
41.610356 219.122537 1.123645
41.579030 219.010215 1.137961
41.547337 218.897640 1.152118
41.515274 218.784805 1.166095
41.482841 218.671705 1.179870
41.450037 218.558334 1.193423
41.416864 218.444688 1.206730
41.383322 218.330762 1.219768
41.349413 218.216554 1.232514
41.315140 218.102062 1.244944
41.280507 217.987285 1.257035
41.245517 217.872223 1.268763
41.210178 217.756879 1.280102
41.174495 217.641254 1.291030
41.138476 217.525353 1.301522
41.102131 217.409180 1.311555
41.065470 217.292744 1.321106
41.028505 217.176050 1.330151
40.991248 217.059110 1.338669
40.953714 216.941933 1.346639
40.915919 216.824532 1.354040
40.877879 216.706921 1.360853
40.839613 216.589114 1.367060
40.801140 216.471127 1.372645
40.762481 216.352978 1.377591
40.723656 216.234685 1.381885
40.684689 216.116267 1.385515
40.645604 215.997745 1.388472
40.606423 215.879139 1.390745
40.567172 215.760472 1.392329
40.527875 215.641765 1.393219
40.488559 215.523040 1.393412
40.449248 215.404320 1.392908
40.409969 215.285628 1.391709
40.370746 215.166985 1.389818
40.331605 215.048414 1.387240
40.292569 214.929936 1.383982
40.253662 214.811571 1.380055
40.214909 214.693340 1.375469
40.176329 214.575261 1.370237
40.137946 214.457352 1.364374
40.099778 214.339630 1.357895
40.061845 214.222111 1.350818
40.024164 214.104808 1.343161
39.986752 213.987735 1.334945
39.949623 213.870903 1.326189
39.912792 213.754323 1.316916
39.876270 213.638003 1.307148
39.840069 213.521951 1.296908
39.804199 213.406172 1.286219
39.768668 213.290671 1.275105
39.733483 213.175453 1.263590
39.698652 213.060518 1.251697
39.664178 212.945868 1.239452
39.630067 212.831502 1.226879
39.596321 212.717420 1.214000
39.562943 212.603619 1.200839
39.529934 212.490095 1.187420
39.497296 212.376845 1.173766
39.465027 212.263864 1.159898
39.433129 212.151146 1.145838
39.401599 212.038685 1.131608
39.370437 211.926473 1.117228
39.339641 211.814503 1.102718
39.309209 211.702767 1.088098
39.279138 211.591256 1.073386
39.249426 211.479962 1.058599
39.220071 211.368874 1.043755
39.191069 211.257983 1.028871
39.162418 211.147279 1.013962
39.134115 211.036752 0.999043
39.106157 210.926391 0.984129
39.078542 210.816185 0.969232
39.051268 210.706123 0.954367
39.024331 210.596194 0.939545
38.997730 210.486387 0.924778
38.971463 210.376690 0.910077
38.945527 210.267091 0.895451
38.919923 210.157579 0.880912
38.894647 210.048142 0.866468
38.869700 209.938767 0.852128
38.845081 209.829444 0.837899
38.820790 209.720158 0.823790
38.796827 209.610898 0.809808
38.773192 209.501652 0.795959
38.749886 209.392407 0.782249
38.726911 209.283149 0.768684
38.704268 209.173867 0.755270
38.681960 209.064547 0.742012
38.659988 208.955175 0.728914
38.638356 208.845739 0.715981
38.617067 208.736226 0.703217
38.596125 208.626621 0.690626
38.575535 208.516910 0.678212
38.555300 208.407080 0.665977
38.535427 208.297117 0.653926
38.515920 208.187006 0.642060
38.496786 208.076732 0.630384
38.478031 207.966282 0.618900
38.459662 207.855639 0.607611
38.441687 207.744790 0.596518
38.424113 207.633719 0.585626
38.406949 207.522410 0.574935
38.390201 207.410848 0.564449
38.373881 207.299018 0.554170
38.357996 207.186904 0.544100
38.342555 207.074490 0.534242
38.327569 206.961761 0.524599
38.313047 206.848700 0.515172
38.298998 206.735294 0.505965
38.285433 206.621525 0.496981
38.272361 206.507379 0.488222
38.259791 206.392842 0.479690
38.247733 206.277898 0.471391
38.236195 206.162535 0.463325
38.225186 206.046738 0.455498
38.214714 205.930497 0.447912
38.204784 205.813798 0.440571
38.195404 205.696634 0.433478
38.186577 205.578993 0.426639
38.178307 205.460869 0.420057
38.170596 205.342256 0.413736
38.163443 205.223150 0.407681
38.156847 205.103549 0.401896
38.150804 204.983454 0.396385
38.145306 204.862867 0.391155
38.140346 204.741793 0.386208
38.135911 204.620242 0.381551
38.131986 204.498224 0.377187
38.128555 204.375753 0.373122
38.125595 204.252848 0.369359
38.123082 204.129528 0.365905
38.120991 204.005819 0.362762
38.119289 203.881747 0.359934
38.117943 203.757344 0.357427
38.116917 203.632641 0.355243
38.116172 203.507677 0.353385
38.115665 203.382489 0.351855
38.115352 203.257119 0.350657
38.115188 203.131610 0.349793
38.115124 203.006005 0.349262
38.115114 202.880351 0.349067
38.115108 202.754694 0.349207
38.115057 202.629078 0.349683
38.114912 202.503550 0.350493
38.114627 202.378154 0.351637
38.114154 202.252934 0.353112
38.113451 202.127930 0.354917
38.112473 202.003182 0.357048
38.111183 201.878727 0.359503
38.109541 201.754599 0.362278
38.107516 201.630829 0.365369
38.105074 201.507444 0.368773
38.102189 201.384469 0.372486
38.098836 201.261926 0.376502
38.094993 201.139833 0.380817
38.090642 201.018205 0.385427
38.085769 200.897052 0.390326
38.080360 200.776385 0.395511
38.074406 200.656209 0.400976
38.067901 200.536528 0.406716
38.060840 200.417341 0.412728
38.053220 200.298648 0.419006
38.045041 200.180444 0.425546
38.036305 200.062725 0.432343
38.027015 199.945483 0.439394
38.017175 199.828709 0.446695
38.006790 199.712394 0.454241
37.995869 199.596525 0.462029
37.984417 199.481092 0.470056
37.972443 199.366081 0.478318
37.959956 199.251478 0.486811
37.946966 199.137269 0.495534
37.933480 199.023440 0.504481
37.919510 198.909975 0.513652
37.905065 198.796859 0.523043
37.890154 198.684076 0.532651
37.874787 198.571612 0.542474
37.858974 198.459450 0.552509
37.842724 198.347574 0.562754
37.826046 198.235970 0.573207
37.808949 198.124621 0.583864
37.791441 198.013512 0.594724
37.773531 197.902627 0.605784
37.755226 197.791952 0.617042
37.736534 197.681471 0.628494
37.717462 197.571170 0.640139
37.698015 197.461033 0.651973
37.678201 197.351047 0.663994
37.658025 197.241196 0.676199
37.637493 197.131467 0.688585
37.616608 197.021845 0.701147
37.595376 196.912318 0.713883
37.573799 196.802870 0.726789
37.551883 196.693489 0.739860
37.529629 196.584161 0.753092
37.507041 196.474874 0.766481
37.484120 196.365613 0.780021
37.460868 196.256367 0.793708
37.437287 196.147121 0.807535
37.413377 196.037865 0.821496
37.389140 195.928584 0.835585
37.364574 195.819267 0.849794
37.339681 195.709902 0.864117
37.314460 195.600476 0.878545
37.288909 195.490977 0.893069
37.263028 195.381393 0.907681
37.236815 195.271713 0.922370
37.210268 195.161925 0.937127
37.183387 195.052017 0.951941
37.156167 194.941977 0.966800
37.128608 194.831796 0.981692
37.100707 194.721461 0.996605
37.072460 194.610961 1.011524
37.043866 194.500287 1.026435
37.014922 194.389427 1.041325
36.985625 194.278372 1.056176
36.955971 194.167112 1.070973
36.925959 194.055637 1.085699
36.895586 193.943939 1.100336
36.864850 193.832008 1.114865
36.833748 193.719836 1.129267
36.802278 193.607416 1.143523
36.770440 193.494740 1.157612
36.738232 193.381802 1.171513
36.705654 193.268597 1.185204
36.672706 193.155118 1.198663
36.639388 193.041363 1.211867
36.605702 192.927327 1.224794
36.571650 192.813008 1.237419
36.537236 192.698404 1.249719
36.502462 192.583516 1.261671
36.467335 192.468343 1.273249
36.431860 192.352889 1.284430
36.396045 192.237155 1.295191
36.359898 192.121147 1.305506
36.323427 192.004870 1.315353
36.286646 191.888332 1.324708
36.249565 191.771541 1.333550
36.212198 191.654507 1.341856
36.174560 191.537241 1.349605
36.136667 191.419756 1.356778
36.098536 191.302066 1.363356
36.060187 191.184186 1.369322
36.021638 191.066134 1.374658
35.982911 190.947926 1.379350
35.944029 190.829582 1.383386
35.905012 190.711121 1.386754
35.865886 190.592563 1.389443
35.826675 190.473931 1.391447
35.787403 190.355245 1.392760
35.748096 190.236529 1.393377
35.708779 190.117803 1.393298
35.669478 189.999092 1.392522
35.630217 189.880416 1.391051
35.591023 189.761799 1.388890
35.551920 189.643262 1.386045
35.512932 189.524825 1.382524
35.474083 189.406511 1.378338
35.435395 189.288337 1.373497
35.396890 189.170322 1.368016
35.358589 189.052484 1.361910
35.320511 188.934840 1.355195
35.282674 188.817404 1.347888
35.245097 188.700190 1.340010
35.207794 188.583210 1.331580
35.170780 188.466476 1.322619
35.134068 188.349996 1.313150
35.097671 188.233780 1.303194
35.061598 188.117834 1.292775
35.025860 188.002164 1.281917
34.990463 187.886773 1.270643
34.955416 187.771666 1.258978
34.920725 187.656842 1.246945
34.886392 187.542303 1.234568
34.852424 187.428049 1.221872
34.818822 187.314077 1.208880
34.785588 187.200385 1.195616
34.752724 187.086969 1.182102
34.720230 186.973825 1.168361
34.688107 186.860948 1.154415
34.656353 186.748331 1.140287
34.624968 186.635968 1.125996
34.593949 186.523852 1.111563
34.563296 186.411975 1.097007
34.533005 186.300328 1.082349
34.503075 186.188903 1.067605
34.473503 186.077690 1.052794
34.444286 185.966681 1.037933
34.415422 185.855864 1.023037
34.386907 185.745231 1.008122
34.358740 185.634770 0.993203
34.330917 185.524471 0.978294
34.303436 185.414322 0.963409
34.276293 185.304314 0.948559
34.249488 185.194434 0.933757
34.223018 185.084671 0.919014
34.196881 184.975014 0.904342
34.171075 184.865451 0.889749
34.145600 184.755970 0.875246
34.120453 184.646559 0.860842
34.095635 184.537205 0.846544
34.071144 184.427898 0.832362
34.046981 184.318624 0.818301
34.023146 184.209371 0.804370
33.999640 184.100127 0.790575
33.976464 183.990878 0.776921
33.953618 183.881612 0.763415
33.931106 183.772317 0.750061
33.908929 183.662978 0.736865
33.887090 183.553583 0.723831
33.865592 183.444118 0.710964
33.844438 183.334571 0.698267
33.823633 183.224926 0.685745
33.803182 183.115170 0.673401
33.783088 183.005290 0.661237
33.763357 182.895270 0.649258
33.743995 182.785097 0.637467
33.725009 182.674756 0.625866
33.706405 182.564233 0.614458
33.688189 182.453511 0.603245
33.670370 182.342577 0.592230
33.652955 182.231414 0.581416
33.635953 182.120008 0.570805
33.619372 182.008343 0.560400
33.603221 181.896404 0.550203
33.587509 181.784174 0.540215
33.572245 181.671639 0.530441
33.557439 181.558782 0.520882
33.543101 181.445588 0.511542
33.529241 181.332041 0.502422
33.515867 181.218126 0.493525
33.502991 181.103829 0.484855
33.490620 180.989134 0.476414
33.478765 180.874028 0.468205
33.467433 180.758496 0.460233
33.456633 180.642527 0.452499
33.446373 180.526108 0.445008
33.436657 180.409228 0.437764
33.427493 180.291878 0.430771
33.418884 180.174049 0.424032
33.410833 180.055734 0.417551
33.403340 179.936929 0.411334
33.396406 179.817629 0.405384
33.390027 179.697835 0.399705
33.384198 179.577546 0.394304
33.378912 179.456768 0.389184
33.374159 179.335506 0.384350
33.369926 179.213771 0.379807
33.366196 179.091574 0.375560
33.362952 178.968930 0.371612
33.360170 178.845860 0.367970
33.357826 178.722385 0.364637
33.355890 178.598531 0.361617
33.354332 178.474325 0.358915
33.353116 178.349800 0.356533
33.352205 178.224991 0.354476
33.351558 178.099934 0.352747
33.351132 177.974670 0.351347
33.350883 177.849240 0.350279
33.350764 177.723689 0.349545
33.350727 177.598059 0.349146
33.350725 177.472398 0.349082
33.350706 177.346752 0.349354
33.350624 177.221165 0.349960
33.350430 177.095683 0.350901
33.350077 176.970351 0.352175
33.349520 176.845211 0.353779
33.348714 176.720303 0.355712
33.347618 176.595666 0.357970
33.346195 176.471335 0.360551
33.344407 176.347343 0.363451
33.342222 176.223720 0.366665
33.339610 176.100493 0.370190
33.336544 175.977685 0.374022
33.333002 175.855317 0.378156
33.328962 175.733404 0.382587
33.324408 175.611960 0.387311
33.319327 175.490997 0.392322
33.313705 175.370522 0.397617
33.307536 175.250539 0.403191
33.300814 175.131051 0.409038
33.293534 175.012058 0.415154
33.285695 174.893557 0.421535
33.277298 174.775544 0.428176
33.268345 174.658012 0.435073
33.258839 174.540954 0.442223
33.248785 174.424361 0.449620
33.238189 174.308222 0.457261
33.227059 174.192526 0.465143
33.215402 174.077259 0.473262
33.203226 173.962410 0.481615
33.190541 173.847963 0.490199
33.177356 173.733904 0.499010
33.163679 173.620219 0.508045
33.149522 173.506893 0.517302
33.134893 173.393909 0.526778
33.119803 173.281253 0.536471
33.104260 173.168909 0.546377
33.088275 173.056861 0.556495
33.071856 172.945093 0.566821
33.055013 172.833591 0.577354
33.037754 172.722338 0.588091
33.020088 172.611318 0.599030
33.002023 172.500517 0.610168
32.983565 172.389920 0.621502
32.964724 172.279511 0.633030
32.945504 172.169276 0.644749
32.925913 172.059200 0.656657
32.905957 171.949268 0.668751
32.885641 171.839467 0.681026
32.864970 171.729782 0.693481
32.843948 171.620198 0.706112
32.822581 171.510704 0.718915
32.800871 171.401284 0.731886
32.778822 171.291925 0.745021
32.756437 171.182615 0.758315
32.733718 171.073339 0.771764
32.710668 170.964086 0.785362
32.687287 170.854841 0.799104
32.663577 170.745593 0.812985
32.639539 170.636329 0.826997
32.615173 170.527035 0.841133
32.590479 170.417701 0.855388
32.565458 170.308313 0.869753
32.540107 170.198860 0.884219
32.514427 170.089329 0.898779
32.488416 169.979709 0.913422
32.462073 169.869988 0.928140
32.435396 169.760154 0.942920
32.408382 169.650196 0.957753
32.381030 169.540102 0.972627
32.353337 169.429862 0.987528
32.325301 169.319464 1.002445
32.296919 169.208897 1.017363
32.268188 169.098152 1.032268
32.239106 168.987217 1.047144
32.209670 168.876083 1.061976
32.179876 168.764740 1.076747
32.149723 168.653178 1.091440
32.119208 168.541390 1.106037
32.088329 168.429365 1.120519
32.057083 168.317097 1.134866
32.025469 168.204578 1.149059
31.993487 168.091800 1.163077
31.961134 167.978758 1.176898
31.928411 167.865446 1.190501
31.895318 167.751860 1.203863
31.861856 167.637995 1.216962
31.828026 167.523848 1.229773
31.793832 167.409418 1.242274
31.759276 167.294703 1.254441
31.724364 167.179703 1.266249
31.689100 167.064420 1.277675
31.653491 166.948856 1.288694
31.617544 166.833014 1.299283
31.581269 166.716900 1.309418
31.544676 166.600520 1.319075
31.507776 166.483882 1.328232
31.470581 166.366994 1.336866
31.433106 166.249868 1.344957
31.395366 166.132514 1.352483
31.357378 166.014948 1.359425
31.319159 165.897182 1.365765
31.280730 165.779232 1.371486
31.242109 165.661117 1.376572
31.203318 165.542853 1.381009
31.164380 165.424461 1.384784
31.125318 165.305960 1.387888
31.086156 165.187370 1.390310
31.046918 165.068715 1.392044
31.007629 164.950014 1.393085
30.968315 164.831291 1.393429
30.929001 164.712569 1.393077
30.889713 164.593869 1.392028
30.850476 164.475213 1.390287
30.811314 164.356625 1.387857
30.772253 164.238125 1.384747
30.733317 164.119734 1.380964
30.694528 164.001472 1.376520
30.655909 163.883358 1.371427
30.617482 163.765410 1.365699
30.579265 163.647647 1.359353
30.541280 163.530082 1.352404
30.503543 163.412731 1.344871
30.466071 163.295607 1.336775
30.428879 163.178722 1.328134
30.391982 163.062087 1.318972
30.355392 162.945710 1.309309
30.319121 162.829599 1.299169
30.283178 162.713760 1.288576
30.247573 162.598199 1.277552
30.212313 162.482919 1.266122
30.177404 162.367922 1.254310
30.142852 162.253210 1.242139
30.108662 162.138783 1.229635
30.074837 162.024639 1.216820
30.041379 161.910777 1.203719
30.008290 161.797194 1.190354
29.975571 161.683885 1.176748
29.943222 161.570846 1.162925
29.911243 161.458072 1.148905
29.879634 161.345555 1.134710
29.848392 161.233289 1.120361
29.817517 161.121268 1.105878
29.787006 161.009482 1.091280
29.756856 160.897923 1.076586
29.727067 160.786582 1.061814
29.697634 160.675450 1.046981
29.668556 160.564517 1.032105
29.639829 160.453774 1.017200
29.611450 160.343209 1.002282
29.583418 160.232813 0.987365
29.555729 160.122574 0.972464
29.528381 160.012482 0.957591
29.501371 159.902525 0.942758
29.474697 159.792692 0.927978
29.448358 159.682972 0.913262
29.422350 159.573353 0.898619
29.396674 159.463824 0.884061
29.371327 159.354371 0.869595
29.346309 159.244984 0.855232
29.321619 159.135650 0.840978
29.297257 159.026357 0.826843
29.273222 158.917093 0.812832
29.249516 158.807845 0.798953
29.226139 158.698601 0.785213
29.203092 158.589347 0.771616
29.180376 158.480071 0.758169
29.157995 158.370760 0.744876
29.135950 158.261401 0.731743
29.114244 158.151980 0.718774
29.092880 158.042485 0.705973
29.071863 157.932901 0.693344
29.051196 157.823214 0.680891
29.030883 157.713411 0.668617
29.010931 157.603478 0.656526
28.991344 157.493400 0.644620
28.972129 157.383163 0.632903
28.953291 157.272752 0.621377
28.934838 157.162153 0.610045
28.916777 157.051350 0.598909
28.899115 156.940328 0.587973
28.881861 156.829072 0.577238
28.865022 156.717567 0.566707
28.848608 156.605796 0.556383
28.832628 156.493745 0.546268
28.817090 156.381398 0.536364
28.802005 156.268738 0.526674
28.787381 156.155751 0.517200
28.773229 156.042421 0.507945
28.759558 155.928732 0.498912
28.746378 155.814669 0.490104
28.733698 155.700218 0.481523
28.721528 155.585363 0.473172
28.709877 155.470092 0.465056
28.698752 155.354391 0.457176
28.688163 155.238247 0.449538
28.678115 155.121649 0.442143
28.668615 155.004586 0.434997
28.659667 154.887049 0.428102
28.651276 154.769031 0.421464
28.643444 154.650525 0.415086
28.636170 154.531526 0.408972
28.629453 154.412033 0.403128
28.623290 154.292044 0.397558
28.617675 154.171564 0.392266
28.612599 154.050595 0.387257
28.608051 153.929147 0.382537
28.604017 153.807229 0.378109
28.600480 153.684855 0.373978
28.597420 153.562042 0.370150
28.594812 153.438811 0.366628
28.592632 153.315184 0.363417
28.590848 153.191188 0.360521
28.589428 153.066854 0.357944
28.588336 152.942214 0.355689
28.587533 152.817303 0.353760
28.586978 152.692160 0.352159
28.586627 152.566826 0.350889
28.586434 152.441343 0.349952
28.586353 152.315756 0.349349
28.586336 152.190108 0.349081
28.586333 152.064448 0.349148
28.586295 151.938819 0.349551
28.586175 151.813268 0.350289
28.585924 151.687840 0.351360
28.585497 151.562578 0.352764
28.584847 151.437524 0.354497
28.583932 151.312717 0.356558
28.582713 151.188196 0.358942
28.581151 151.063994 0.361648
28.579211 150.940143 0.364672
28.576862 150.816673 0.368008
28.574076 150.693607 0.371654
28.570826 150.570969 0.375604
28.567091 150.448777 0.379855
28.562852 150.327046 0.384401
28.558093 150.205790 0.389239
28.552802 150.085017 0.394362
28.546967 149.964734 0.399766
28.540582 149.844944 0.405447
28.533641 149.725650 0.411400
28.526143 149.606850 0.417621
28.518085 149.488541 0.424104
28.509470 149.370717 0.430846
28.500300 149.253372 0.437842
28.490578 149.136497 0.445089
28.480312 149.020083 0.452582
28.469506 148.904119 0.460318
28.458169 148.788592 0.468294
28.446308 148.673491 0.476505
28.433931 148.558800 0.484948
28.421049 148.444507 0.493621
28.407671 148.330597 0.502520
28.393805 148.217054 0.511643
28.379462 148.103863 0.520986
28.364651 147.991010 0.530547
28.349382 147.878478 0.540324
28.333665 147.766251 0.550313
28.317509 147.654315 0.560513
28.300923 147.542653 0.570920
28.283917 147.431250 0.581533
28.266497 147.320090 0.592350
28.248674 147.209158 0.603366
28.230454 147.098439 0.614581
28.211846 146.987917 0.625992
28.192855 146.877578 0.637595
28.173489 146.767407 0.649389
28.153755 146.657389 0.661369
28.133657 146.547510 0.673535
28.113201 146.437756 0.685881
28.092393 146.328112 0.698405
28.071235 146.218565 0.711104
28.049733 146.109101 0.723973
28.027891 145.999707 0.737009
28.005710 145.890369 0.750206
27.983194 145.781074 0.763562
27.960345 145.671808 0.777070
27.937165 145.562560 0.790725
27.913655 145.453315 0.804522
27.889817 145.344062 0.818454
27.865650 145.234788 0.832516
27.841156 145.125480 0.846700
27.816334 145.016126 0.860999
27.791184 144.906714 0.875404
27.765704 144.797232 0.889908
27.739895 144.687668 0.904502
27.713754 144.578010 0.919175
27.687281 144.468246 0.933919
27.660472 144.358365 0.948721
27.633326 144.248355 0.963571
27.605841 144.138205 0.978457
27.578014 144.027904 0.993367
27.549843 143.917441 1.008285
27.521324 143.806806 1.023200
27.492456 143.695987 1.038095
27.463236 143.584976 1.052956
27.433660 143.473761 1.067767
27.403726 143.362333 1.082509
27.373431 143.250684 1.097167
27.342774 143.138804 1.111721
27.311751 143.026685 1.126153
27.280362 142.914320 1.140442
27.248604 142.801700 1.154569
27.216476 142.688820 1.168512
27.183979 142.575673 1.182251
27.151111 142.462254 1.195762
27.117873 142.348559 1.209024
27.084267 142.234584 1.222012
27.050294 142.120327 1.234705
27.015958 142.005785 1.247078
26.981262 141.890958 1.259107
26.946212 141.775847 1.270769
26.910812 141.660454 1.282038
26.875069 141.544780 1.292892
26.838993 141.428831 1.303306
26.802592 141.312612 1.313256
26.765877 141.196130 1.322720
26.728860 141.079393 1.331675
26.691554 140.962411 1.340099
26.653974 140.845194 1.347971
26.616134 140.727756 1.355271
26.578054 140.610109 1.361980
26.539750 140.492269 1.368080
26.501243 140.374253 1.373554
26.462553 140.256077 1.378387
26.423702 140.137761 1.382566
26.384713 140.019323 1.386080
26.345609 139.900785 1.388917
26.306414 139.782167 1.391071
26.267153 139.663491 1.392534
26.227851 139.544779 1.393303
26.188534 139.426054 1.393374
26.149227 139.307338 1.392749
26.109956 139.188652 1.391429
26.070746 139.070021 1.389417
26.031621 138.951464 1.386720
25.992606 138.833004 1.383345
25.953724 138.714661 1.379303
25.914999 138.596455 1.374603
25.876453 138.478405 1.369260
25.838106 138.360527 1.363288
25.799978 138.242839 1.356703
25.762087 138.125357 1.349524
25.724452 138.008093 1.341768
25.687088 137.891062 1.333456
25.650010 137.774273 1.324608
25.613232 137.657738 1.315247
25.576766 137.541464 1.305395
25.540622 137.425459 1.295075
25.504810 137.309728 1.284310
25.469339 137.194277 1.273125
25.434216 137.079107 1.261542
25.399446 136.964222 1.249587
25.365035 136.849622 1.237283
25.330988 136.735306 1.224654
25.297306 136.621273 1.211724
25.263992 136.507520 1.198517
25.231048 136.394045 1.185055
25.198474 136.280842 1.171362
25.166270 136.167907 1.157459
25.134436 136.055235 1.143368
25.102971 135.942817 1.129110
25.071873 135.830648 1.114707
25.041140 135.718720 1.100176
25.010771 135.607023 1.085538
24.980763 135.495551 1.070812
24.951113 135.384293 1.056014
24.921820 135.273240 1.041162
24.892879 135.162383 1.026272
24.864289 135.051710 1.011361
24.836046 134.941213 0.996441
24.808149 134.830880 0.981529
24.780593 134.720700 0.966637
24.753378 134.610662 0.951779
24.726500 134.500755 0.936965
24.699957 134.390968 0.922209
24.673748 134.281289 0.907520
24.647870 134.171706 0.892909
24.622323 134.062208 0.878386
24.597105 133.952783 0.863960
24.572216 133.843418 0.849638
24.547654 133.734102 0.835430
24.523420 133.624821 0.821343
24.499514 133.515565 0.807383
24.475936 133.406320 0.793557
24.452688 133.297073 0.779872
24.429771 133.187812 0.766334
24.407186 133.078524 0.752946
24.384936 132.969196 0.739716
24.363023 132.859814 0.726646
24.341451 132.750366 0.713743
24.320222 132.640837 0.701009
24.299341 132.531215 0.688448
24.278812 132.421485 0.676065
24.258640 132.311632 0.663862
24.238830 132.201644 0.651843
24.219388 132.091506 0.640010
24.200320 131.981203 0.628368
24.181632 131.870720 0.616917
24.163331 131.760042 0.605662
24.145426 131.649155 0.594604
24.127922 131.538044 0.583746
24.110830 131.426692 0.573091
24.094156 131.315085 0.562641
24.077911 131.203206 0.552398
24.062103 131.091041 0.542365
24.046741 130.978573 0.532545
24.031835 130.865787 0.522939
24.017395 130.752668 0.513551
24.003430 130.639199 0.504382
23.989950 130.525365 0.495437
23.976965 130.411152 0.486717
23.964483 130.296545 0.478226
23.952515 130.181529 0.469967
23.941069 130.066091 0.461943
23.930153 129.950218 0.454157
23.919775 129.833897 0.446614
23.909941 129.717119 0.439316
23.900657 129.599871 0.432267
23.891927 129.482147 0.425473
23.883754 129.363938 0.418936
23.876140 129.245239 0.412661
23.869085 129.126047 0.406652
23.862586 129.006360 0.400915
23.856638 128.886179 0.395453
23.851235 128.765506 0.390271
23.846367 128.644349 0.385375
23.842023 128.522715 0.380768
23.838185 128.400617 0.376456
23.834837 128.278069 0.372443
23.831957 128.155090 0.368735
23.829520 128.031701 0.365334
23.827499 127.907926 0.362246
23.825862 127.783794 0.359474
23.824575 127.659336 0.357023
23.823600 127.534585 0.354895
23.822900 127.409579 0.353094
23.822430 127.284356 0.351623
23.822146 127.158959 0.350483
23.822003 127.033430 0.349676
23.821952 126.907813 0.349204
23.821946 126.782155 0.349067
23.821936 126.656502 0.349266
23.821872 126.530898 0.349800
23.821706 126.405390 0.350669
23.821391 126.280022 0.351870
23.820882 126.154836 0.353403
23.820133 126.029874 0.355265
23.819104 125.905175 0.357453
23.817755 125.780775 0.359964
23.816049 125.656707 0.362794
23.813953 125.533002 0.365941
23.811436 125.409687 0.369399
23.808471 125.286786 0.373164
23.805034 125.164320 0.377233
23.801104 125.042307 0.381600
23.796663 124.920761 0.386261
23.791697 124.799693 0.391210
23.786193 124.679111 0.396444
23.780144 124.559021 0.401957
23.773542 124.439426 0.407745
23.766383 124.320325 0.413804
23.758666 124.201718 0.420128
23.750390 124.083599 0.426713
23.741557 123.965964 0.433555
23.732170 123.848804 0.440650
23.722235 123.732111 0.447993
23.711756 123.615874 0.455582
23.700742 123.500083 0.463412
23.689198 123.384724 0.471480
23.677134 123.269785 0.479783
23.664559 123.155252 0.488316
23.651481 123.041110 0.497078
23.637911 122.927345 0.506065
23.623857 122.813942 0.515274
23.609330 122.700886 0.524703
23.594339 122.588160 0.534349
23.578893 122.475749 0.544209
23.563003 122.363638 0.554281
23.546678 122.251811 0.564562
23.529926 122.140253 0.575051
23.512757 122.028946 0.585744
23.495179 121.917878 0.596639
23.477199 121.807031 0.607733
23.458826 121.696390 0.619025
23.440067 121.585942 0.630511
23.420929 121.475670 0.642189
23.401418 121.365561 0.654056
23.381541 121.255599 0.666110
23.361302 121.145771 0.678346
23.340708 121.036061 0.690763
23.319762 120.926457 0.703356
23.298470 120.816944 0.716122
23.276834 120.707509 0.729056
23.254858 120.598139 0.742156
23.232546 120.488819 0.755416
23.209900 120.379537 0.768832
23.186921 120.270280 0.782398
23.163611 120.161034 0.796109
23.139973 120.051788 0.809960
23.116006 119.942528 0.823944
23.091711 119.833242 0.838054
23.067089 119.723918 0.852284
23.042138 119.614543 0.866626
23.016859 119.505105 0.881071
22.991251 119.395592 0.895611
22.965312 119.285992 0.910237
22.939041 119.176294 0.924939
22.912437 119.066486 0.939707
22.885496 118.956555 0.954530
22.858218 118.846492 0.969395
22.830599 118.736284 0.984292
22.802638 118.625921 0.999206
22.774331 118.515392 1.014125
22.745676 118.404687 1.029034
22.716670 118.293794 1.043918
22.687311 118.182704 1.058761
22.657595 118.071407 1.073547
22.627520 117.959893 1.088259
22.597084 117.848155 1.102878
22.566284 117.736182 1.117386
22.535118 117.623968 1.131765
22.503584 117.511503 1.145993
22.471682 117.398783 1.160050
22.439410 117.285799 1.173916
22.406767 117.172546 1.187568
22.373754 117.059019 1.200984
22.340372 116.945215 1.214142
22.306622 116.831130 1.227018
22.272507 116.716761 1.239588
22.238029 116.602108 1.251829
22.203194 116.487170 1.263718
22.168006 116.371948 1.275228
22.132471 116.256444 1.286338
22.096597 116.140663 1.297022
22.060392 116.024607 1.307257
22.023867 115.908284 1.317020
21.987032 115.791701 1.326288
21.949900 115.674867 1.335037
21.912485 115.557792 1.343248
21.874801 115.440486 1.350898
21.836866 115.322965 1.357969
21.798696 115.205241 1.364441
21.760310 115.087330 1.370298
21.721729 114.969249 1.375523
21.682973 114.851016 1.380102
21.644065 114.732650 1.384022
21.605028 114.614170 1.387272
21.565886 114.495598 1.389842
21.526662 114.376955 1.391726
21.487382 114.258263 1.392918
21.448071 114.139543 1.393414
21.408755 114.020818 1.393213
21.369459 113.902111 1.392315
21.330209 113.783444 1.390724
21.291029 113.664840 1.388443
21.251944 113.546318 1.385479
21.212978 113.427902 1.381842
21.174156 113.309610 1.377540
21.135498 113.191463 1.372587
21.097027 113.073478 1.366996
21.058763 112.955673 1.360782
21.020726 112.838064 1.353962
20.982934 112.720665 1.346555
20.945403 112.603491 1.338579
20.908149 112.486553 1.330055
20.871187 112.369863 1.321004
20.834530 112.253429 1.311448
20.798188 112.137259 1.301410
20.762173 112.021361 1.290913
20.726494 111.905739 1.279980
20.691158 111.790398 1.268636
20.656173 111.675340 1.256905
20.621543 111.560566 1.244810
20.587274 111.446077 1.232376
20.553369 111.331872 1.219627
20.519831 111.217949 1.206586
20.486662 111.104305 1.193276
20.453863 110.990937 1.179721
20.421434 110.877840 1.165943
20.389375 110.765009 1.151964
20.357685 110.652437 1.137805
20.326364 110.540117 1.123488
20.295409 110.428043 1.109032
20.264819 110.316207 1.094458
20.234592 110.204599 1.079783
20.204724 110.093212 1.065026
20.175214 109.982036 1.050205
20.146059 109.871060 1.035337
20.117256 109.760277 1.020437
20.088802 109.649674 1.005520
20.060695 109.539242 0.990602
20.032932 109.428970 0.975696
20.005510 109.318847 0.960816
19.978427 109.208862 0.945974
19.951680 109.099003 0.931181
19.925268 108.989260 0.916450
19.899189 108.879620 0.901791
19.873441 108.770072 0.887213
19.848023 108.660604 0.872727
19.822933 108.551203 0.858340
19.798172 108.441859 0.844062
19.773739 108.332558 0.829901
19.749633 108.223289 0.815862
19.725855 108.114038 0.801954
19.702407 108.004794 0.788183
19.679288 107.895543 0.774555
19.656500 107.786274 0.761075
19.634046 107.676971 0.747748
19.611928 107.567624 0.734580
19.590148 107.458218 0.721575
19.568710 107.348739 0.708737
19.547617 107.239176 0.696071
19.526873 107.129513 0.683579
19.506483 107.019736 0.671266
19.486453 106.909833 0.659135
19.466786 106.799787 0.647188
19.447489 106.689586 0.635430
19.428569 106.579214 0.623862
19.410032 106.468657 0.612488
19.391885 106.357900 0.601310
19.374136 106.246926 0.590330
19.356793 106.135723 0.579551
19.339863 106.024273 0.568976
19.323356 105.912561 0.558607
19.307281 105.800572 0.548446
19.291646 105.688290 0.538495
19.276462 105.575700 0.528759
19.261737 105.462785 0.519238
19.247482 105.349531 0.509935
19.233705 105.235921 0.500854
19.220418 105.121941 0.491996
19.207629 105.007575 0.483366
19.195347 104.892809 0.474965
19.183583 104.777630 0.466798
19.172343 104.662023 0.458867
19.161637 104.545976 0.451175
19.151471 104.429478 0.443727
19.141852 104.312516 0.436527
19.132784 104.195083 0.429577
19.124272 104.077170 0.422883
19.116318 103.958770 0.416448
19.108923 103.839878 0.410277
19.102086 103.720493 0.404374
19.095803 103.600612 0.398743
19.090070 103.480238 0.393391
19.084877 103.359374 0.388320
19.080216 103.238029 0.383537
19.076072 103.116212 0.379045
19.072428 102.993936 0.374849
19.069266 102.871217 0.370955
19.066563 102.748075 0.367366
19.064292 102.624531 0.364087
19.062425 102.500614 0.361123
19.060929 102.376350 0.358476
19.059769 102.251773 0.356151
19.058907 102.126918 0.354151
19.058301 102.001822 0.352479
19.057910 101.876526 0.351137
19.057687 101.751072 0.350127
19.057585 101.625503 0.349451
19.057558 101.499865 0.349111
19.057556 101.374203 0.349105
19.057530 101.248564 0.349435
19.057432 101.122992 0.350100
19.057214 100.997533 0.351100
19.056828 100.872232 0.352431
19.056230 100.747129 0.354093
19.055377 100.622265 0.356083
19.054227 100.497679 0.358397
19.052742 100.373405 0.361034
19.050887 100.249476 0.363989
19.048630 100.125920 0.367257
19.045941 100.002765 0.370837
19.042793 99.880032 0.374721
19.039166 99.757742 0.378907
19.035038 99.635910 0.383390
19.030393 99.514549 0.388164
19.025218 99.393671 0.393226
19.019501 99.273281 0.398569
19.013236 99.153384 0.404191
19.006417 99.033983 0.410085
18.999039 98.915076 0.416248
18.991103 98.796660 0.422674
18.982609 98.678731 0.429361
18.973559 98.561283 0.436302
18.963957 98.444307 0.443495
18.953808 98.327794 0.450935
18.943119 98.211733 0.458619
18.931896 98.096113 0.466542
18.920148 97.980920 0.474702
18.907883 97.866141 0.483096
18.895110 97.751763 0.491719
18.881838 97.637771 0.500569
18.868077 97.524150 0.509644
18.853837 97.410884 0.518939
18.839127 97.297959 0.528453
18.823957 97.185358 0.538183
18.808336 97.073067 0.548127
18.792275 96.961069 0.558281
18.775781 96.849349 0.568644
18.758865 96.737891 0.579212
18.741535 96.626679 0.589985
18.723798 96.515699 0.600958
18.705664 96.404935 0.612130
18.687139 96.294371 0.623498
18.668231 96.183994 0.635060
18.648946 96.073788 0.646812
18.629291 95.963738 0.658753
18.609272 95.853830 0.670878
18.588893 95.744050 0.683186
18.568161 95.634383 0.695672
18.547079 95.524816 0.708333
18.525651 95.415336 0.721165
18.503882 95.305928 0.734165
18.481775 95.196578 0.747328
18.459331 95.087275 0.760649
18.436554 94.978004 0.774125
18.413446 94.868753 0.787749
18.390008 94.759509 0.801515
18.366241 94.650259 0.815419
18.342145 94.540990 0.829453
18.317722 94.431691 0.843611
18.292971 94.322348 0.857886
18.267892 94.212950 0.872269
18.242485 94.103484 0.886752
18.216747 93.993938 0.901327
18.190678 93.884301 0.915984
18.164277 93.774561 0.930713
18.137541 93.664707 0.945504
18.110469 93.554726 0.960344
18.083057 93.444607 0.975224
18.055305 93.334340 0.990129
18.027209 93.223913 1.005047
17.998766 93.113316 1.019964
17.969974 93.002538 1.034865
17.940830 92.891570 1.049734
17.911332 92.780400 1.064557
17.881476 92.669019 1.079316
17.851260 92.557419 1.093994
17.820681 92.445590 1.108572
17.789738 92.333523 1.123031
17.758428 92.221212 1.137353
17.726750 92.108648 1.151517
17.694703 91.995825 1.165502
17.662286 91.882736 1.179287
17.629498 91.769377 1.192850
17.596341 91.655742 1.206167
17.562814 91.541828 1.219217
17.528921 91.427632 1.231976
17.494664 91.313152 1.244421
17.460046 91.198387 1.256527
17.425071 91.083338 1.268270
17.389747 90.968006 1.279627
17.354078 90.852393 1.290572
17.318074 90.736503 1.301084
17.281742 90.620342 1.311137
17.245095 90.503917 1.320708
17.208142 90.387234 1.329776
17.170897 90.270304 1.338317
17.133375 90.153137 1.346311
17.095591 90.035746 1.353736
17.057561 89.918143 1.360575
17.019304 89.800344 1.366808
16.980840 89.682364 1.372419
16.942188 89.564222 1.377393
16.903370 89.445934 1.381715
16.864408 89.327521 1.385374
16.825327 89.209003 1.388359
16.786150 89.090401 1.390662
16.746901 88.971736 1.392275
16.707606 88.853030 1.393195
16.668290 88.734305 1.393418
16.628979 88.615585 1.392944
16.589698 88.496891 1.391775
16.550472 88.378246 1.389913
16.511326 88.259671 1.387364
16.472286 88.141189 1.384135
16.433373 88.022819 1.380236
16.394612 87.904581 1.375678
16.356025 87.786495 1.370474
16.317633 87.668579 1.364637
16.279456 87.550848 1.358184
16.241513 87.433320 1.351132
16.203821 87.316008 1.343499
16.166396 87.198925 1.335306
16.129255 87.082083 1.326573
16.092411 86.965492 1.317322
16.055876 86.849160 1.307575
16.019661 86.733096 1.297354
15.983776 86.617306 1.286684
15.948231 86.501793 1.275587
15.913031 86.386563 1.264089
15.878185 86.271616 1.252212
15.843696 86.156953 1.239982
15.809569 86.042576 1.227422
15.775807 85.928481 1.214555
15.742414 85.814668 1.201406
15.709389 85.701133 1.187998
15.676735 85.587872 1.174353
15.644450 85.474879 1.160493
15.612536 85.362150 1.146442
15.580991 85.249678 1.132218
15.549813 85.137455 1.117845
15.519002 85.025475 1.103340
15.488554 84.913729 1.088724
15.458468 84.802209 1.074015
15.428740 84.690906 1.059231
15.399370 84.579809 1.044390
15.370353 84.468910 1.029507
15.341687 84.358198 1.014599
15.313369 84.247664 0.999680
15.285397 84.137296 0.984765
15.257767 84.027083 0.969868
15.230478 83.917016 0.955001
15.203527 83.807081 0.940176
15.176912 83.697269 0.925407
15.150630 83.587568 0.910702
15.124681 83.477965 0.896074
15.099062 83.368450 0.881531
15.073773 83.259010 0.867083
15.048812 83.149633 0.852738
15.024179 83.040307 0.838504
14.999874 82.931020 0.824390
14.975897 82.821759 0.810402
14.952248 82.712513 0.796547
14.928928 82.603268 0.782831
14.905939 82.494011 0.769260
14.883281 82.384730 0.755839
14.860958 82.275412 0.742574
14.838972 82.166043 0.729469
14.817326 82.056610 0.716529
14.796022 81.947100 0.703758
14.775065 81.837499 0.691160
14.754460 81.727793 0.678738
14.734210 81.617969 0.666495
14.714321 81.508011 0.654436
14.694798 81.397907 0.642563
14.675648 81.287640 0.630879
14.656877 81.177198 0.619386
14.638492 81.066564 0.608088
14.620500 80.955724 0.596988
14.602909 80.844662 0.586086
14.585726 80.733364 0.575387
14.568961 80.621813 0.564892
14.552622 80.509995 0.554604
14.536718 80.397893 0.544525
14.521259 80.285492 0.534658
14.506253 80.172777 0.525006
14.491711 80.059731 0.515570
14.477642 79.946339 0.506354
14.464056 79.832586 0.497360
14.450962 79.718457 0.488591
14.438371 79.603936 0.480050
14.426291 79.489010 0.471740
14.414731 79.373665 0.463665
14.403699 79.257888 0.455827
14.393203 79.141665 0.448230
14.383251 79.024987 0.440879
14.373847 78.907842 0.433776
14.364996 78.790222 0.426926
14.356702 78.672119 0.420332
14.348967 78.553527 0.414000
14.341791 78.434442 0.407934
14.335171 78.314862 0.402137
14.329104 78.194788 0.396615
14.323584 78.074222 0.391372
14.318601 77.953169 0.386413
14.314143 77.831637 0.381743
14.310197 77.709639 0.377367
14.306745 77.587187 0.373289
14.303765 77.464300 0.369514
14.301235 77.340998 0.366046
14.299125 77.217305 0.362889
14.297408 77.093248 0.360049
14.296048 76.968858 0.357527
14.295009 76.844167 0.355329
14.294252 76.719213 0.353457
14.293736 76.594034 0.351914
14.293416 76.468671 0.350702
14.293246 76.343167 0.349823
14.293179 76.217566 0.349278
14.293168 76.091913 0.349068
14.293162 75.966254 0.349194
14.293114 75.840636 0.349656
14.292974 75.715103 0.350452
14.292696 75.589701 0.351581
14.292233 75.464472 0.353042
14.291540 75.339458 0.354833
14.290575 75.214699 0.356950
14.289298 75.090231 0.359391
14.287673 74.966088 0.362153
14.285664 74.842302 0.365231
14.283241 74.718900 0.368622
14.280375 74.595907 0.372321
14.277042 74.473346 0.376324
14.273221 74.351233 0.380627
14.268892 74.229584 0.385224
14.264041 74.108412 0.390112
14.258656 73.987724 0.395284
14.252725 73.867527 0.400737
14.246244 73.747824 0.406466
14.239206 73.628616 0.412466
14.231610 73.509902 0.418732
14.223455 73.391677 0.425261
14.214743 73.273938 0.432048
14.205476 73.156675 0.439088
14.195659 73.039882 0.446378
14.185298 72.923547 0.453914
14.174399 72.807660 0.461692
14.162970 72.692208 0.469709
14.151018 72.577179 0.477961
14.138553 72.462559 0.486444
14.125584 72.348334 0.495157
14.112119 72.234488 0.504095
14.098170 72.121008 0.513256
14.083744 72.007878 0.522638
14.068853 71.895081 0.532237
14.053506 71.782604 0.542050
14.037711 71.670429 0.552077
14.021480 71.558542 0.562313
14.004820 71.446926 0.572757
13.987740 71.335566 0.583405
13.970250 71.224447 0.594257
13.952357 71.113554 0.605308
13.934069 71.002870 0.616557
13.915393 70.892381 0.628001
13.896337 70.782072 0.639638
13.876906 70.671929 0.651465
13.857108 70.561936 0.663478
13.836947 70.452080 0.675675
13.816430 70.342346 0.688053
13.795560 70.232720 0.700607
13.774342 70.123189 0.713336
13.752781 70.013738 0.726234
13.730879 69.904355 0.739299
13.708639 69.795025 0.752524
13.686065 69.685736 0.765907
13.663158 69.576474 0.779441
13.639921 69.467227 0.793121
13.616354 69.357982 0.806942
13.592458 69.248726 0.820898
13.568234 69.139447 0.834981
13.543683 69.030132 0.849186
13.518804 68.920769 0.863504
13.493596 68.811346 0.877927
13.468059 68.701850 0.892447
13.442192 68.592271 0.907055
13.415994 68.482595 0.921742
13.389462 68.372811 0.936496
13.362594 68.262908 0.951308
13.335389 68.152875 0.966165
13.307845 68.042700 0.981056
13.279958 67.932371 0.995968
13.251727 67.821879 1.010887
13.223147 67.711212 1.025800
13.194218 67.600361 1.040690
13.164936 67.489315 1.055543
13.135297 67.378063 1.070343
13.105301 67.266598 1.085072
13.074943 67.154909 1.099713
13.044222 67.042988 1.114247
13.013136 66.930827 1.128655
12.981682 66.818417 1.142918
12.949860 66.705752 1.157014
12.917668 66.592826 1.170924
12.885106 66.479632 1.184624
12.852173 66.366165 1.198093
12.818871 66.252422 1.211309
12.785201 66.138398 1.224248
12.751165 66.024091 1.236887
12.716765 65.909499 1.249201
12.682007 65.794623 1.261168
12.646895 65.679463 1.272763
12.611435 65.564020 1.283962
12.575634 65.448298 1.294740
12.539500 65.332302 1.305075
12.503044 65.216036 1.314942
12.466275 65.099509 1.324319
12.429207 64.982729 1.333183
12.391852 64.865705 1.341513
12.354225 64.748448 1.349286
12.316342 64.630972 1.356484
12.278222 64.513291 1.363088
12.239881 64.395419 1.369080
12.201341 64.277374 1.374443
12.162621 64.159172 1.379163
12.123744 64.040833 1.383227
12.084733 63.922377 1.386624
12.045611 63.803823 1.389342
12.006403 63.685194 1.391376
11.967133 63.566510 1.392718
11.927827 63.447794 1.393365
11.888510 63.329068 1.393316
11.849208 63.210356 1.392569
11.809945 63.091678 1.391128
11.770748 62.973058 1.388996
11.731640 62.854517 1.386180
11.692647 62.736076 1.382688
11.653791 62.617756 1.378530
11.615096 62.499575 1.373717
11.576583 62.381554 1.368263
11.538272 62.263708 1.362183
11.500184 62.146055 1.355493
11.462337 62.028610 1.348212
11.424748 61.911386 1.340358
11.387433 61.794396 1.331951
11.350407 61.677651 1.323012
11.313682 61.561160 1.313564
11.277271 61.444933 1.303629
11.241184 61.328975 1.293229
11.205431 61.213293 1.282389
11.170020 61.097891 1.271132
11.134958 60.982771 1.259483
11.100251 60.867935 1.247465
11.065904 60.753384 1.235103
11.031919 60.639118 1.222420
10.998302 60.525134 1.209440
10.965052 60.411430 1.196187
10.932172 60.298003 1.182683
10.899663 60.184847 1.168951
10.867524 60.071958 1.155014
10.835754 59.959331 1.140893
10.804353 59.846957 1.126608
10.773319 59.734830 1.112181
10.742650 59.622943 1.097631
10.712344 59.511287 1.082976
10.682399 59.399852 1.068236
10.652811 59.288631 1.053427
10.623579 59.177613 1.038568
10.594700 59.066788 1.023673
10.566171 58.956147 1.008759
10.537989 58.845679 0.993840
10.510151 58.735373 0.978930
10.482655 58.625219 0.964043
10.455498 58.515205 0.949192
10.428679 58.405320 0.934388
10.402195 58.295552 0.919642
10.376043 58.185891 0.904966
10.350223 58.076324 0.890370
10.324734 57.966839 0.875863
10.299573 57.857425 0.861454
10.274741 57.748070 0.847152
10.250236 57.638761 0.832964
10.226059 57.529486 0.818899
10.202210 57.420232 0.804962
10.178690 57.310987 0.791161
10.155500 57.201739 0.777501
10.132640 57.092475 0.763988
10.110113 56.983180 0.750628
10.087922 56.873844 0.737425
10.066068 56.764452 0.724384
10.044556 56.654990 0.711510
10.023387 56.545446 0.698806
10.002568 56.435806 0.686276
9.982101 56.326055 0.673924
9.961991 56.216181 0.661753
9.942245 56.106167 0.649766
9.922868 55.996001 0.637966
9.903865 55.885668 0.626357
9.885244 55.775152 0.614940
9.867012 55.664439 0.603719
9.849176 55.553514 0.592696
9.831744 55.442362 0.581874
9.814724 55.330966 0.571254
9.798124 55.219313 0.560840
9.781955 55.107385 0.550633
9.766224 54.995169 0.540637
9.750941 54.882646 0.530854
9.736115 54.769803 0.521286
9.721757 54.656624 0.511936
9.707876 54.543093 0.502806
9.694482 54.429194 0.493900
9.681584 54.314913 0.485220
9.669191 54.200236 0.476769
9.657314 54.085147 0.468551
9.645960 53.969634 0.460568
9.635137 53.853684 0.452824
9.624853 53.737284 0.445323
9.615114 53.620425 0.438068
9.605927 53.503095 0.431064
9.597294 53.385286 0.424314
9.589218 53.266992 0.417822
9.581702 53.148208 0.411593
9.574744 53.028929 0.405632
9.568341 52.909156 0.399942
9.562489 52.788888 0.394529
9.557180 52.668131 0.389397
9.552405 52.546890 0.384550
9.548150 52.425174 0.379995
9.544399 52.302996 0.375735
9.541134 52.180372 0.371775
9.538333 52.057320 0.368119
9.535971 51.933861 0.364773
9.534019 51.810022 0.361739
9.532445 51.685831 0.359023
9.531215 51.561319 0.356628
9.530292 51.436521 0.354557
9.529634 51.311474 0.352814
9.529200 51.186218 0.351400
9.528945 51.060795 0.350318
9.528821 50.935247 0.349570
9.528782 50.809620 0.349156
9.528778 50.683960 0.349078
9.528762 50.558311 0.349335
9.528684 50.432721 0.349928
9.528495 50.307234 0.350854
9.528150 50.181895 0.352114
9.527602 50.056745 0.353704
9.526808 49.931827 0.355623
9.525725 49.807177 0.357867
9.524316 49.682832 0.360434
9.522545 49.558826 0.363320
9.520377 49.435187 0.366521
9.517784 49.311942 0.370033
9.514738 49.189116 0.373852
9.511216 49.066728 0.377973
9.507199 48.944795 0.382392
9.502667 48.823332 0.387103
9.497608 48.702348 0.392103
9.492010 48.581852 0.397386
9.485865 48.461848 0.402947
9.479166 48.342339 0.408783
9.471910 48.223324 0.414888
9.464095 48.104802 0.421257
9.455721 47.986769 0.427887
9.446792 47.869217 0.434774
9.437309 47.752139 0.441913
9.427279 47.635526 0.449299
9.416706 47.519368 0.456930
9.405598 47.403653 0.464802
9.393964 47.288368 0.472911
9.381810 47.173501 0.481254
9.369146 47.059037 0.489828
9.355982 46.944963 0.498629
9.342327 46.831262 0.507655
9.328190 46.717921 0.516903
9.313581 46.604923 0.526370
9.298510 46.492253 0.536053
9.282986 46.379896 0.545950
9.267020 46.267836 0.556059
9.250619 46.156056 0.566377
9.233794 46.044543 0.576901
9.216553 45.933279 0.587629
9.198904 45.822250 0.598559
9.180855 45.711440 0.609688
9.162415 45.600835 0.621014
9.143589 45.490418 0.632534
9.124385 45.380176 0.644245
9.104810 45.270093 0.656145
9.084869 45.160156 0.668231
9.064568 45.050349 0.680499
9.043912 44.940659 0.692946
9.022906 44.831072 0.705570
9.001553 44.721574 0.718365
8.979858 44.612151 0.731329
8.957824 44.502790 0.744457
8.935453 44.393478 0.757745
8.912748 44.284201 0.771187
8.889712 44.174947 0.784779
8.866345 44.065702 0.798515
8.842649 43.956454 0.812390
8.818625 43.847191 0.826396
8.794273 43.737899 0.840528
8.769593 43.628567 0.854778
8.744586 43.519181 0.869138
8.719249 43.409731 0.883600
8.693583 43.300204 0.898156
8.667587 43.190588 0.912796
8.641258 43.080872 0.927510
8.614595 42.971043 0.942288
8.587595 42.861090 0.957119
8.560258 42.751002 0.971991
8.532580 42.640768 0.986892
8.504558 42.530377 1.001808
8.476191 42.419818 1.016727
8.447475 42.309080 1.031632
8.418408 42.198154 1.046510
8.388987 42.087028 1.061344
8.359208 41.975694 1.076119
8.329071 41.864142 1.090815
8.298571 41.752364 1.105417
8.267707 41.640349 1.119904
8.236477 41.528092 1.134257
8.204880 41.415583 1.148457
8.172913 41.302817 1.162483
8.140576 41.189787 1.176313
8.107868 41.076486 1.189926
8.074791 40.962912 1.203298
8.041345 40.849059 1.216409
8.007531 40.734924 1.229233
7.973352 40.620506 1.241747
7.938812 40.505803 1.253929
7.903915 40.390815 1.265753
7.868665 40.275544 1.277195
7.833071 40.159992 1.288233
7.797139 40.044162 1.298840
7.760877 39.928059 1.308995
7.724297 39.811691 1.318673
7.687410 39.695063 1.327851
7.650228 39.578186 1.336509
7.612764 39.461070 1.344623
7.575035 39.343726 1.352174
7.537057 39.226168 1.359141
7.498848 39.108410 1.365507
7.460427 38.990468 1.371255
7.421814 38.872359 1.376368
7.383030 38.754102 1.380833
7.344098 38.635715 1.384637
7.305041 38.517217 1.387769
7.265882 38.398631 1.390220
7.226647 38.279978 1.391984
7.187360 38.161279 1.393054
7.148046 38.042557 1.393429
7.108732 37.923834 1.393106
7.069442 37.805132 1.392087
7.030202 37.686474 1.390375
6.991037 37.567883 1.387975
6.951971 37.449378 1.384893
6.913029 37.330982 1.381139
6.874234 37.212714 1.376723
6.835607 37.094594 1.371658
6.797171 36.976639 1.365957
6.758945 36.858867 1.359636
6.720950 36.741294 1.352712
6.683202 36.623933 1.345204
6.645718 36.506800 1.337131
6.608514 36.389904 1.328514
6.571604 36.273258 1.319373
6.535001 36.156869 1.309731
6.498716 36.040747 1.299612
6.462759 35.924897 1.289037
6.427139 35.809323 1.278031
6.391864 35.694031 1.266618
6.356940 35.579022 1.254821
6.322373 35.464298 1.242666
6.288167 35.349859 1.230175
6.254326 35.235703 1.217373
6.220852 35.121829 1.204283
6.187748 35.008234 1.190929
6.155013 34.894914 1.177334
6.122648 34.781863 1.163519
6.090654 34.669078 1.149507
6.059029 34.556550 1.135319
6.027771 34.444274 1.120976
5.996880 34.332242 1.106499
5.966354 34.220446 1.091905
5.936189 34.108878 1.077215
5.906384 33.997528 1.062446
5.876937 33.886387 1.047615
5.847843 33.775446 1.032740
5.819101 33.664695 1.017836
5.790708 33.554123 1.002918
5.762661 33.443719 0.988001
5.734957 33.333474 0.973099
5.707594 33.223376 0.958225
5.680570 33.113414 0.943390
5.653882 33.003576 0.928608
5.627528 32.893851 0.913888
5.601507 32.784228 0.899242
5.575817 32.674695 0.884680
5.550456 32.565239 0.870210
5.525424 32.455850 0.855842
5.500720 32.346514 0.841584
5.476343 32.237220 0.827443
5.452295 32.127954 0.813427
5.428575 32.018706 0.799543
5.405183 31.909462 0.785796
5.382122 31.800208 0.772193
5.359393 31.690934 0.758739
5.336997 31.581625 0.745440
5.314937 31.472268 0.732300
5.293217 31.362850 0.719324
5.271839 31.253358 0.706516
5.250806 31.143778 0.693880
5.230124 31.034096 0.681419
5.209796 30.924299 0.669137
5.189829 30.814371 0.657038
5.170226 30.704300 0.645124
5.150995 30.594070 0.633399
5.132141 30.483667 0.621865
5.113671 30.373076 0.610524
5.095593 30.262282 0.599380
5.077914 30.151269 0.588435
5.060642 30.040024 0.577692
5.043786 29.928529 0.567153
5.027354 29.816770 0.556819
5.011354 29.704732 0.546695
4.995798 29.592397 0.536782
4.980693 29.479751 0.527083
4.966049 29.366778 0.517600
4.951876 29.253463 0.508335
4.938185 29.139790 0.499293
4.924984 29.025743 0.490475
4.912282 28.911309 0.481884
4.900091 28.796472 0.473524
4.888417 28.681219 0.465397
4.877270 28.565536 0.457508
4.866657 28.449412 0.449859
4.856586 28.332833 0.442454
4.847063 28.215790 0.435296
4.838092 28.098274 0.428391
4.829677 27.980276 0.421742
4.821820 27.861791 0.415352
4.814523 27.742813 0.409228
4.807782 27.623341 0.403372
4.801596 27.503374 0.397790
4.795958 27.382914 0.392486
4.790859 27.261966 0.387465
4.786289 27.140538 0.382732
4.782233 27.018640 0.378292
4.778675 26.896285 0.374148
4.775595 26.773491 0.370307
4.772969 26.650277 0.366772
4.770770 26.526666 0.363548
4.768970 26.402686 0.360638
4.767536 26.278365 0.358047
4.766430 26.153737 0.355779
4.765616 26.028837 0.353836
4.765051 25.903703 0.352221
4.764692 25.778377 0.350937
4.764494 25.652899 0.349985
4.764409 25.527315 0.349368
4.764390 25.401670 0.349085
4.764387 25.276009 0.349139
4.764352 25.150378 0.349527
4.764236 25.024822 0.350251
4.763992 24.899388 0.351308
4.763573 24.774118 0.352697
4.762933 24.649054 0.354416
4.762031 24.524236 0.356463
4.760825 24.399702 0.358834
4.759279 24.275486 0.361526
4.757356 24.151620 0.364536
4.755025 24.028132 0.367859
4.752258 23.905049 0.371492
4.749028 23.782392 0.375430
4.745314 23.660180 0.379668
4.741097 23.538430 0.384201
4.736361 23.417153 0.389026
4.731092 23.296359 0.394137
4.725281 23.176055 0.399530
4.718919 23.056245 0.405199
4.712003 22.936930 0.411141
4.704528 22.818109 0.417350
4.696494 22.699778 0.423822
4.687903 22.581934 0.430553
4.678756 22.464569 0.437539
4.669058 22.347674 0.444775
4.658815 22.231241 0.452258
4.648032 22.115257 0.459983
4.636717 21.999712 0.467949
4.624878 21.884593 0.476150
4.612524 21.769885 0.484583
4.599663 21.655575 0.493246
4.586305 21.541649 0.502136
4.572460 21.428091 0.511249
4.558137 21.314886 0.520583
4.543346 21.202018 0.530135
4.528097 21.089473 0.539902
4.512399 20.977233 0.549882
4.496261 20.865285 0.560073
4.479694 20.753612 0.570472
4.462705 20.642198 0.581076
4.445303 20.531028 0.591884
4.427496 20.420086 0.602892
4.409293 20.309358 0.614099
4.390701 20.198829 0.625501
4.371727 20.088482 0.637096
4.352377 19.978304 0.648881
4.332658 19.868280 0.660854
4.312576 19.758395 0.673012
4.292135 19.648636 0.685351
4.271341 19.538988 0.697867
4.250199 19.429437 0.710559
4.228712 19.319970 0.723420
4.206883 19.210573 0.736449
4.184717 19.101233 0.749640
4.162215 18.991936 0.762989
4.139380 18.882669 0.776490
4.116214 18.773421 0.790139
4.092719 18.664176 0.803930
4.068894 18.554924 0.817857
4.044742 18.445651 0.831914
4.020262 18.336344 0.846092
3.995454 18.226993 0.860386
3.970317 18.117584 0.874788
3.944852 18.008105 0.889288
3.919057 17.898544 0.903877
3.892930 17.788890 0.918548
3.866471 17.679131 0.933288
3.839676 17.569255 0.948089
3.812545 17.459251 0.962937
3.785074 17.349107 0.977822
3.757262 17.238813 0.992730
3.729106 17.128358 1.007649
3.700602 17.017730 1.022564
3.671749 16.906919 1.037460
3.642544 16.795916 1.052323
3.612983 16.684710 1.067136
3.583064 16.573292 1.081882
3.552785 16.461652 1.096544
3.522143 16.349782 1.111102
3.491136 16.237674 1.125540
3.459763 16.125319 1.139835
3.428020 16.012710 1.153970
3.395909 15.899841 1.167921
3.363427 15.786706 1.181669
3.330574 15.673299 1.195190
3.297353 15.559615 1.208463
3.263762 15.445652 1.221464
3.229805 15.331407 1.234170
3.195484 15.216877 1.246557
3.160804 15.102063 1.258601
3.125768 14.986964 1.270279
3.090383 14.871583 1.281566
3.054655 14.755921 1.292438
3.018593 14.639984 1.302871
2.982206 14.523776 1.312841
2.945504 14.407305 1.322327
2.908499 14.290579 1.331304
2.871205 14.173607 1.339751
2.833636 14.056400 1.347647
2.795808 13.938970 1.354972
2.757737 13.821332 1.361706
2.719443 13.703501 1.367832
2.680944 13.585491 1.373333
2.642261 13.467322 1.378194
2.603417 13.349011 1.382402
2.564433 13.230579 1.385944
2.525333 13.112044 1.388810
2.486142 12.993429 1.390993
2.446883 12.874755 1.392486
2.407583 12.756045 1.393284
2.368266 12.637319 1.393386
2.328958 12.518602 1.392790
2.289684 12.399915 1.391500
2.250471 12.281281 1.389517
2.211342 12.162721 1.386849
2.172322 12.044256 1.383503
2.133434 11.925908 1.379489
2.094702 11.807695 1.374817
2.056147 11.689638 1.369501
2.017791 11.571752 1.363555
1.979654 11.454056 1.356996
1.941753 11.336565 1.349842
1.904106 11.219292 1.342110
1.866731 11.102250 1.333822
1.829640 10.985451 1.324997
1.792849 10.868904 1.315657
1.756369 10.752619 1.305825
1.720211 10.636603 1.295525
1.684385 10.520860 1.284778
1.648899 10.405397 1.273610
1.613761 10.290215 1.262044
1.578976 10.175318 1.250104
1.544550 10.060705 1.237814
1.510487 9.946377 1.225199
1.476789 9.832332 1.212282
1.443460 9.718568 1.199086
1.410500 9.605080 1.185634
1.377910 9.491866 1.171950
1.345690 9.378920 1.158056
1.313840 9.266236 1.143973
1.282359 9.153808 1.129722
1.251246 9.041629 1.115324
1.220498 8.929690 1.100798
1.190113 8.817984 1.086165
1.160090 8.706502 1.071442
1.130425 8.595235 1.056647
1.101116 8.484174 1.041797
1.072161 8.373309 1.026908
1.043555 8.262629 1.011997
1.015298 8.152124 0.997078
0.987386 8.041784 0.982165
0.959816 7.931597 0.967272
0.932586 7.821554 0.952412
0.905694 7.711641 0.937596
0.879137 7.601849 0.922837
0.852913 7.492166 0.908145
0.827021 7.382579 0.893531
0.801460 7.273078 0.879004
0.776228 7.163650 0.864573
0.751325 7.054283 0.850247
0.726749 6.944965 0.836034
0.702501 6.835683 0.821941
0.678581 6.726426 0.807976
0.654989 6.617181 0.794145
0.631727 6.507934 0.780453
0.608795 6.398674 0.766908
0.586196 6.289388 0.753515
0.563932 6.180061 0.740277
0.542005 6.070682 0.727201
0.520418 5.961237 0.714290
0.499174 5.851712 0.701549
0.478279 5.742094 0.688981
0.457735 5.632368 0.676590
0.437547 5.522522 0.664379
0.417722 5.412540 0.652352
0.398264 5.302408 0.640512
0.379179 5.192112 0.628861
0.360475 5.081637 0.617402
0.342158 4.970968 0.606138
0.324235 4.860091 0.595072
0.306715 4.748989 0.584206
0.289604 4.637648 0.573542
0.272913 4.526052 0.563083
0.256649 4.414185 0.552831
0.240822 4.302032 0.542789
0.225441 4.189578 0.532959
0.210515 4.076806 0.523344
0.196055 3.963701 0.513947
0.182070 3.850247 0.504769
0.168569 3.736429 0.495814
0.155562 3.622233 0.487085
0.143059 3.507643 0.478584
0.131069 3.392645 0.470315
0.119601 3.277225 0.462280
0.108662 3.161371 0.454485
0.098261 3.045069 0.446931
0.088403 2.928310 0.439622
0.079095 2.811083 0.432563
0.070342 2.693379 0.425757
0.062145 2.575191 0.419209
0.054508 2.456514 0.412923
0.047429 2.337343 0.406903
0.040906 2.217677 0.401154
0.034935 2.097516 0.395680
0.029509 1.976865 0.390487
0.024618 1.855728 0.385578
0.020251 1.734114 0.380959
0.016393 1.612035 0.376634
0.013024 1.489506 0.372609
0.010125 1.366545 0.368887
0.007669 1.243173 0.365473
0.005631 1.119414 0.362371
0.003978 0.995297 0.359586
0.002677 0.870852 0.357121
0.001690 0.746113 0.354979
0.000978 0.621117 0.353164
0.000499 0.495903 0.351679
0.000209 0.370512 0.350524
0.000060 0.244987 0.349704
0.000007 0.119374 0.349217
