0
-2.40484e-14
6.38948e-15
1.83774e-14
1.26618e-13
-1.14288e-14
6.19033e-14
-1.83978e-14
1.5663e-14
2.57511e-14
1.1136e-13
9.97519e-14
7.18032e-13
2.25629e-13
2.71135e-13
6.41196e-13
-1024
-6.84175e-13
-3.29984e-13
-2.68279e-13
-9.66705e-13
-1.31607e-13
-1.42814e-13
-6.2972e-14
-2.65624e-14
-1.87872e-14
-1.08721e-13
-1.16271e-14
-2.89056e-13
-8.45193e-14
-3.40973e-14
-7.02376e-14
-5.97947e-14
-1.11979e-13
-4.91278e-14
-5.57562e-14
-2.96228e-13
-5.14893e-14
-1.63974e-14
-8.02131e-14
8.47379e-17
-4.9426e-14
-1.7292e-14
-3.91626e-15
-1.19138e-13
-2.24581e-14
-6.18364e-14
-1.20045e-14
-3.55271e-14
-5.98153e-14
-2.6015e-14
-2.64486e-14
-1.64179e-13
-5.58473e-14
-3.69459e-14
-1.76539e-14
-7.52279e-14
2.13129e-14
-3.76648e-14
-1.85885e-14
-4.66336e-14
-4.98215e-15
-4.92954e-14
5.28506e-14
6.19068e-16
-1.8452e-14
-4.39212e-14
5.2056e-14
-1.55911e-13
-1.17992e-13
2.57549e-14
-1.06793e-13
-1.68863e-13
-7.98657e-14
2.70161e-14
9.23757e-15
4.45282e-15
-6.74299e-14
-1.84483e-13
1.03676e-13
-3.01952e-13
3.26403e-14
-1.4568e-13
-1.4398e-13
-8.4379e-14
5.51027e-14
-1.85373e-14
-1.02994e-14
-3.30785e-14
4.42743e-14
-2.52436e-14
3.20405e-15
-1.85589e-14
9.62773e-15
-2.98618e-14
1.45838e-14
-2.2803e-15
-1.75326e-14
-2.44351e-14
1.53201e-14
-1.35854e-13
-7.72553e-14
2.97413e-14
-1.0391e-13
-1.06477e-13
-6.37306e-14
2.28701e-14
-7.16888e-15
4.89136e-15
-4.35776e-14
-1.58339e-13
1.01971e-13
-2.34479e-13
4.60585e-14
-1.49059e-13
-1.61837e-13
-4.25139e-14
9.51505e-14
-3.11709e-15
-1.19518e-14
6.83916e-15
5.3043e-14
-4.15226e-14
2.31954e-14
-4.79888e-15
1.48935e-14
5.5612e-15
-5.10496e-14
-1.08459e-14
-2.55121e-14
-1.14003e-15
-4.61626e-14
-1.13194e-13
-1.22372e-14
1.83264e-14
-6.22352e-14
4.83051e-14
3.4307e-15
-1.23569e-14
-2.5749e-14
-2.18316e-15
3.72721e-14
1.31327e-14
4.94605e-15
-1.78745e-14
-4.15245e-14
-3.90296e-15
-2.36129e-14
-9.75346e-14
-9.43391e-15
-1.13319e-14
-2.54448e-14
-8.44046e-14
3.0614e-14
-2.1806e-14
-1.19424e-15
2.44366e-14
2.47759e-14
-4.76089e-14
4.31251e-14
1.99592e-14
6.29578e-14
-2.67878e-14
7.16845e-14
-9.55473e-14
-1.58446e-13
4.05625e-14
-1.49709e-13
-3.01793e-13
-8.75105e-14
3.82736e-14
-1.48999e-13
-2.6387e-14
9.70113e-14
4.9029e-15
5.60154e-14
-1.94938e-13
-2.50412e-14
1.8567e-14
-7.89947e-14
-9.01012e-14
2.33233e-14
-1.88785e-14
1.33462e-14
-2.70107e-15
3.64305e-14
-3.03659e-14
-1.73909e-15
2.11982e-14
4.58744e-14
-1.63239e-14
2.42428e-14
2.51187e-14
9.89917e-15
-3.44486e-14
4.73687e-14
-9.20511e-14
-1.06724e-13
5.4405e-14
-1.61838e-13
-2.51075e-13
-9.62566e-14
2.14837e-14
-1.35101e-13
-3.16603e-14
9.76358e-14
-1.39189e-15
5.01285e-14
-2.04066e-13
1.00458e-15
-1.32587e-14
-9.48845e-14
-1.30956e-13
4.14421e-14
1.5819e-14
1.71247e-14
4.42368e-14
6.27365e-14
-8.48879e-14
-1.30936e-14
3.4632e-16
3.90391e-14
6.16847e-14
-1.3335e-14
8.29722e-15
-4.16144e-14
-6.12468e-14
-5.24717e-14
-7.76934e-14
1.79505e-14
6.93867e-14
-6.83501e-14
4.97717e-15
6.71552e-15
-4.19498e-14
-3.81256e-14
3.19618e-14
4.18506e-14
1.99131e-14
1.64507e-14
2.84217e-14
1.3919e-14
-4.62468e-14
-9.66513e-14
-3.14449e-14
8.19325e-15
3.17615e-14
1.79291e-14
-1.14692e-13
6.667e-14
-5.01024e-14
-1.57618e-13
6.4358e-14
1.31252e-13
-1.52239e-14
1.66141e-13
-2.53131e-14
6.80165e-14
-6.0631e-14
-2.2275e-13
-1.26079e-14
2.70765e-13
-1.8816e-14
2.4929e-13
9.49335e-13
3.20298e-13
-1.08595e-13
2.86896e-13
1.26936e-13
-2.30357e-13
-1.61483e-14
4.97795e-14
-1.9007e-13
6.76869e-14
-6.44779e-14
-7.19663e-14
3.09196e-14
-4.9835e-14
-2.28726e-15
5.02384e-14
-1.10145e-13
8.31243e-14
-1.82459e-14
-1.08232e-13
1.157e-13
6.96469e-14
-5.40788e-14
1.61062e-13
-3.18583e-14
4.22651e-14
1.00535e-15
-2.18101e-13
-6.94444e-15
2.5782e-13
-7.72335e-14
2.80266e-13
9.87011e-13
3.05251e-13
-6.0901e-14
3.27468e-13
9.57509e-14
-2.4167e-13
-4.66819e-14
5.18688e-14
-1.7053e-13
4.48835e-14
-3.22659e-14
-1.64195e-14
1.1619e-14
-6.15065e-14
-2.23138e-14
3.0079e-14
-4.06384e-14
7.23268e-14
-1.23958e-14
4.80534e-14
7.36418e-14
-4.21345e-14
-1.72443e-14
1.20056e-14
-3.16508e-14
-1.53852e-14
1.95857e-14
-1.71763e-14
-5.3745e-14
-4.29169e-14
5.21567e-15
-3.09755e-14
2.28825e-14
-6.23774e-15
1.71348e-14
-1.56718e-14
3.83263e-14
2.54654e-14
-4.01734e-15
2.8467e-14
1.06689e-14
-3.39685e-14
2.75513e-14
-2.3197e-14
-8.0497e-14
-2.43112e-14
-2.15059e-14
8.47386e-15
-9.35136e-14
2.43732e-14
3.55536e-15
-6.89819e-14
4.61459e-14
9.93171e-14
-7.97265e-14
1.77735e-13
4.5298e-14
1.24618e-13
-7.30089e-14
1.51783e-14
-2.67598e-14
-2.4758e-14
1.92473e-14
-3.70321e-16
2.01903e-13
6.38768e-14
-1.0919e-14
6.07919e-14
4.02434e-14
-3.13997e-14
1.99431e-14
2.98117e-14
-3.55271e-14
-2.29934e-15
3.32658e-14
-4.59184e-15
-4.27156e-14
-4.80281e-14
-1.70558e-14
3.11832e-14
-8.38452e-14
4.56264e-14
-1.37578e-14
-5.90223e-14
8.02331e-14
6.21784e-14
-6.18342e-14
1.73784e-13
3.53394e-14
1.08918e-13
-6.63949e-14
1.71719e-15
-3.08554e-14
-1.80413e-14
9.88322e-15
2.04165e-14
1.97099e-13
5.96926e-14
-1.10341e-15
8.78938e-14
6.47517e-14
-4.04476e-14
-8.33719e-15
2.62756e-14
-1.49011e-13
2.45311e-16
1.05476e-14
-4.23273e-15
-2.68058e-14
-3.72633e-14
-2.22943e-14
2.7872e-14
-3.47224e-14
6.11209e-14
-2.14831e-14
2.23228e-14
4.98204e-14
-1.06599e-14
-8.53768e-15
2.56796e-14
-4.35328e-15
-2.46532e-14
2.70362e-15
-1.16091e-14
-5.19082e-14
-3.12167e-14
2.53348e-14
-4.24261e-14
-3.40415e-15
-8.52703e-15
1.33821e-14
-1.21376e-14
8.13382e-14
2.56801e-14
-2.54672e-14
3.5428e-14
3.73125e-14
-4.45486e-14
1.21814e-14
-3.70237e-14
-3.1231e-14
-7.0082e-15
-1.92172e-14
1.43304e-14
-1.54363e-13
2.07678e-14
3.3686e-14
-1.68526e-13
1.21871e-13
2.15702e-13
-2.18807e-13
4.77879e-13
1.42802e-13
4.37775e-13
-2.25895e-13
1.9008e-13
2.14801e-14
-1.90738e-13
7.75901e-14
-3.13859e-14
4.88464e-14
8.73146e-14
-2.33003e-14
6.97284e-14
1.26789e-13
-9.45943e-14
-2.19675e-14
6.07503e-14
3.46654e-14
3.3551e-14
-1.3471e-14
-5.52346e-14
2.77338e-14
-5.38813e-14
-1.96552e-14
4.88827e-14
-1.59599e-13
5.58279e-14
3.85335e-14
-1.60018e-13
1.37336e-13
1.68024e-13
-2.37251e-13
4.7708e-13
1.28433e-13
4.24439e-13
-1.76844e-13
1.62627e-13
8.09652e-15
-1.94869e-13
2.57506e-14
1.19213e-14
9.00092e-14
7.12911e-14
1.70851e-14
7.62478e-14
5.75741e-14
-1.03974e-13
-5.86983e-14
7.63143e-14
-1.13687e-13
1.16662e-14
1.10837e-14
-3.17092e-14
4.22054e-14
-4.12372e-14
-6.57496e-14
5.28002e-14
-4.32807e-14
3.79789e-14
3.16947e-14
2.95753e-14
9.30438e-14
-1.08937e-14
-5.50246e-14
4.25505e-14
0
-4.25505e-14
5.50246e-14
1.08937e-14
-6.65604e-14
-2.95753e-14
-3.16947e-14
-3.79789e-14
4.32807e-14
-5.28002e-14
6.57496e-14
4.12372e-14
-1.47152e-14
3.17092e-14
-1.10837e-14
-1.16662e-14
0
-7.63143e-14
5.86983e-14
1.03974e-13
-1.01175e-13
-7.62478e-14
-1.70851e-14
-7.12911e-14
-9.00092e-14
-1.19213e-14
-2.57506e-14
1.94869e-13
-1.94939e-14
-1.62627e-13
1.76844e-13
-4.24439e-13
-1.28433e-13
-4.7708e-13
2.37251e-13
-1.68024e-13
-1.47458e-13
1.60018e-13
-3.85335e-14
-5.58279e-14
1.59599e-13
-4.88827e-14
1.96552e-14
5.38813e-14
-1.96618e-14
5.52346e-14
1.3471e-14
-3.3551e-14
-7.10543e-15
-6.07503e-14
2.19675e-14
9.45943e-14
-1.14441e-13
-6.97284e-14
2.33003e-14
-8.73146e-14
-4.88464e-14
3.13859e-14
-7.75901e-14
1.90738e-13
-1.3771e-14
-1.9008e-13
2.25895e-13
-4.37775e-13
-1.42802e-13
-4.77879e-13
2.18807e-13
-2.15702e-13
-1.1128e-13
1.68526e-13
-3.3686e-14
-2.07678e-14
1.54363e-13
-1.43304e-14
1.92172e-14
7.0082e-15
3.10982e-14
3.70237e-14
-1.21814e-14
4.45486e-14
1.37479e-16
-3.5428e-14
2.54672e-14
-2.56801e-14
-8.17144e-14
1.21376e-14
-1.33821e-14
8.52703e-15
3.40415e-15
4.24261e-14
-2.53348e-14
3.12167e-14
4.00609e-14
1.16091e-14
-2.70362e-15
2.46532e-14
4.35328e-15
-2.56796e-14
8.53768e-15
1.06599e-14
-6.47993e-14
-2.23228e-14
2.14831e-14
-6.11209e-14
3.47224e-14
-2.7872e-14
2.22943e-14
3.72633e-14
2.62076e-14
4.23273e-15
-1.05476e-14
-2.45311e-16
1.35003e-13
-2.62756e-14
8.33719e-15
4.04476e-14
-4.25139e-14
-8.78938e-14
1.10341e-15
-5.96926e-14
-1.97099e-13
-2.04165e-14
-9.88322e-15
1.80413e-14
2.71755e-14
-1.71719e-15
6.63949e-14
-1.08918e-13
-3.53394e-14
-1.73784e-13
6.18342e-14
-6.21784e-14
-6.65648e-14
5.90223e-14
1.37578e-14
-4.56264e-14
8.38452e-14
-3.11832e-14
1.70558e-14
4.80281e-14
2.24638e-14
4.59184e-15
-3.32658e-14
2.29934e-15
1.10245e-13
-2.98117e-14
-1.99431e-14
3.13997e-14
-4.31337e-14
-6.07919e-14
1.0919e-14
-6.38768e-14
-2.01903e-13
3.70321e-16
-1.92473e-14
2.4758e-14
2.04398e-14
-1.51783e-14
7.30089e-14
-1.24618e-13
-4.5298e-14
-1.77735e-13
7.97265e-14
-9.93171e-14
-4.80298e-14
6.89819e-14
-3.55536e-15
-2.43732e-14
9.35136e-14
-8.47386e-15
2.15059e-14
2.43112e-14
6.15427e-14
2.3197e-14
-2.75513e-14
3.39685e-14
-4.01436e-15
-2.8467e-14
4.01734e-15
-2.54654e-14
-3.23696e-14
1.56718e-14
-1.71348e-14
6.23774e-15
-2.28825e-14
3.09755e-14
-5.21567e-15
4.29169e-14
6.0278e-14
1.71763e-14
-1.95857e-14
1.53852e-14
3.16508e-14
-1.20056e-14
1.72443e-14
4.21345e-14
-6.71822e-14
-4.80534e-14
1.23958e-14
-7.23268e-14
4.06384e-14
-3.0079e-14
2.23138e-14
6.15065e-14
7.41954e-15
1.64195e-14
3.22659e-14
-4.48835e-14
1.57628e-13
-5.18688e-14
4.66819e-14
2.4167e-13
-1.04311e-13
-3.27468e-13
6.0901e-14
-3.05251e-13
-9.87011e-13
-2.80266e-13
7.72335e-14
-2.5782e-13
1.45572e-14
2.18101e-13
-1.00535e-15
-4.22651e-14
3.18583e-14
-1.61062e-13
5.40788e-14
-6.96469e-14
-1.06115e-13
1.08232e-13
1.82459e-14
-8.31243e-14
1.10145e-13
-5.02384e-14
2.28726e-15
4.9835e-14
-2.48816e-14
7.19663e-14
6.44779e-14
-6.76869e-14
1.98952e-13
-4.97795e-14
1.61483e-14
2.30357e-13
-1.45132e-13
-2.86896e-13
1.08595e-13
-3.20298e-13
-9.49335e-13
-2.4929e-13
1.8816e-14
-2.70765e-13
7.51457e-15
2.2275e-13
6.0631e-14
-6.80165e-14
2.53131e-14
-1.66141e-13
1.52239e-14
-1.31252e-13
-6.94427e-14
1.57618e-13
5.01024e-14
-6.667e-14
1.14692e-13
-1.79291e-14
-3.17615e-14
-8.19325e-15
4.16972e-14
9.66513e-14
4.62468e-14
-1.3919e-14
-9.41469e-14
-1.64507e-14
-1.99131e-14
-4.18506e-14
-2.58801e-14
3.81256e-14
4.19498e-14
-6.71552e-15
-4.97717e-15
6.83501e-14
-6.93867e-14
-1.79505e-14
8.02351e-14
5.24717e-14
6.12468e-14
4.16144e-14
-8.29722e-15
1.3335e-14
-6.16847e-14
-3.90391e-14
-6.86348e-15
1.30936e-14
8.48879e-14
-6.27365e-14
-4.42368e-14
-1.71247e-14
-1.5819e-14
-4.14421e-14
1.27826e-13
9.48845e-14
1.32587e-14
-1.00458e-15
2.70006e-13
-5.01285e-14
1.39189e-15
-9.76358e-14
2.23996e-14
1.35101e-13
-2.14837e-14
9.62566e-14
2.51075e-13
1.61838e-13
-5.4405e-14
1.06724e-13
8.62218e-14
-4.73687e-14
3.44486e-14
-9.89917e-15
-2.51187e-14
-2.42428e-14
1.63239e-14
-4.58744e-14
-1.18298e-14
1.73909e-15
3.03659e-14
-3.64305e-14
2.70107e-15
-1.33462e-14
1.88785e-14
-2.33233e-14
1.12688e-13
7.89947e-14
-1.8567e-14
2.50412e-14
2.20092e-13
-5.60154e-14
-4.9029e-15
-9.70113e-14
2.98668e-14
1.48999e-13
-3.82736e-14
8.75105e-14
3.01793e-13
1.49709e-13
-4.05625e-14
1.58446e-13
9.25957e-14
-7.16845e-14
2.67878e-14
-6.29578e-14
-1.99592e-14
-4.31251e-14
4.76089e-14
-2.47759e-14
-1.75737e-14
1.19424e-15
2.1806e-14
-3.0614e-14
8.44046e-14
2.54448e-14
1.13319e-14
9.43391e-15
1.04542e-13
2.36129e-14
3.90296e-15
4.15245e-14
2.13163e-14
-4.94605e-15
-1.31327e-14
-3.72721e-14
-1.38904e-14
2.5749e-14
1.23569e-14
-3.4307e-15
-4.83051e-14
6.22352e-14
-1.83264e-14
1.22372e-14
9.8463e-14
4.61626e-14
1.14003e-15
2.55121e-14
1.08459e-14
5.10496e-14
-5.5612e-15
-1.48935e-14
-6.77733e-15
-2.31954e-14
4.15226e-14
-5.3043e-14
-6.83916e-15
1.19518e-14
3.11709e-15
-9.51505e-14
4.08481e-14
1.61837e-13
1.49059e-13
-4.60585e-14
3.40858e-13
-1.01971e-13
1.58339e-13
4.35776e-14
-8.24259e-17
7.16888e-15
-2.28701e-14
6.37306e-14
1.06477e-13
1.0391e-13
-2.97413e-14
7.72553e-14
1.30197e-13
-1.53201e-14
2.44351e-14
1.75326e-14
2.2803e-15
-1.45838e-14
2.98618e-14
-9.62773e-15
2.22081e-14
-3.20405e-15
2.52436e-14
-4.42743e-14
3.30785e-14
1.02994e-14
1.85373e-14
-5.51027e-14
1.10392e-13
1.4398e-13
1.4568e-13
-3.26403e-14
3.89013e-13
-1.03676e-13
1.84483e-13
6.74299e-14
-6.24781e-14
-9.23757e-15
-2.70161e-14
7.98657e-14
1.68863e-13
1.06793e-13
-2.57549e-14
1.17992e-13
1.37697e-13
-5.2056e-14
4.39212e-14
1.8452e-14
-6.19068e-16
-5.28506e-14
4.92954e-14
4.98215e-15
6.06048e-14
1.85885e-14
3.76648e-14
-2.13129e-14
7.52279e-14
1.76539e-14
3.69459e-14
5.58473e-14
1.97127e-13
2.64486e-14
2.6015e-14
5.98153e-14
-3.08602e-14
1.20045e-14
6.18364e-14
2.24581e-14
1.03354e-13
3.91626e-15
1.7292e-14
4.9426e-14
-8.47379e-17
8.02131e-14
1.63974e-14
5.14893e-14
2.54543e-13
5.57562e-14
4.91278e-14
1.11979e-13
5.97947e-14
7.02376e-14
3.40973e-14
8.45193e-14
2.88484e-13
1.16271e-14
1.08721e-13
1.87872e-14
2.65624e-14
6.2972e-14
1.42814e-13
1.31607e-13
9.88711e-13
2.68279e-13
3.29984e-13
6.84175e-13
1024
-6.41196e-13
-2.71135e-13
-2.25629e-13
-7.36899e-13
-9.97519e-14
-1.1136e-13
-2.57511e-14
-1.5663e-14
1.83978e-14
-6.19033e-14
1.14288e-14
-7.35123e-14
-1.83774e-14
-6.38948e-15
2.40484e-14
