0
0.0980171
0.19509
0.290285
0.382683
0.471397
0.55557
0.634393
0.707107
0.77301
0.83147
0.881921
0.92388
0.95694
0.980785
0.995185
1
0.995185
0.980785
0.95694
0.92388
0.881921
0.83147
0.77301
0.707107
0.634393
0.55557
0.471397
0.382683
0.290285
0.19509
0.0980171
1.22465e-16
-0.0980171
-0.19509
-0.290285
-0.382683
-0.471397
-0.55557
-0.634393
-0.707107
-0.77301
-0.83147
-0.881921
-0.92388
-0.95694
-0.980785
-0.995185
-1
-0.995185
-0.980785
-0.95694
-0.92388
-0.881921
-0.83147
-0.77301
-0.707107
-0.634393
-0.55557
-0.471397
-0.382683
-0.290285
-0.19509
-0.0980171
-2.44929e-16
0.0980171
0.19509
0.290285
0.382683
0.471397
0.55557
0.634393
0.707107
0.77301
0.83147
0.881921
0.92388
0.95694
0.980785
0.995185
1
0.995185
0.980785
0.95694
0.92388
0.881921
0.83147
0.77301
0.707107
0.634393
0.55557
0.471397
0.382683
0.290285
0.19509
0.0980171
3.67394e-16
-0.0980171
-0.19509
-0.290285
-0.382683
-0.471397
-0.55557
-0.634393
-0.707107
-0.77301
-0.83147
-0.881921
-0.92388
-0.95694
-0.980785
-0.995185
-1
-0.995185
-0.980785
-0.95694
-0.92388
-0.881921
-0.83147
-0.77301
-0.707107
-0.634393
-0.55557
-0.471397
-0.382683
-0.290285
-0.19509
-0.0980171
-1.46958e-15
0.294051
0.585271
0.870854
1.14805
1.41419
1.66671
1.90318
2.12132
2.31903
2.49441
2.64576
2.77164
2.87082
2.94236
2.98555
3
2.98555
2.94236
2.87082
2.77164
2.64576
2.49441
2.31903
2.12132
1.90318
1.66671
1.41419
1.14805
0.870854
0.585271
0.294051
1.83697e-15
-0.294051
-0.585271
-0.870854
-1.14805
-1.41419
-1.66671
-1.90318
-2.12132
-2.31903
-2.49441
-2.64576
-2.77164
-2.87082
-2.94236
-2.98555
-3
-2.98555
-2.94236
-2.87082
-2.77164
-2.64576
-2.49441
-2.31903
-2.12132
-1.90318
-1.66671
-1.41419
-1.14805
-0.870854
-0.585271
-0.294051
-2.20436e-15
0.294051
0.585271
0.870854
1.14805
1.41419
1.66671
1.90318
2.12132
2.31903
2.49441
2.64576
2.77164
2.87082
2.94236
2.98555
3
2.98555
2.94236
2.87082
2.77164
2.64576
2.49441
2.31903
2.12132
1.90318
1.66671
1.41419
1.14805
0.870854
0.585271
0.294051
2.57176e-15
-0.294051
-0.585271
-0.870854
-1.14805
-1.41419
-1.66671
-1.90318
-2.12132
-2.31903
-2.49441
-2.64576
-2.77164
-2.87082
-2.94236
-2.98555
-3
-2.98555
-2.94236
-2.87082
-2.77164
-2.64576
-2.49441
-2.31903
-2.12132
-1.90318
-1.66671
-1.41419
-1.14805
-0.870854
-0.585271
-0.294051
-9.79717e-16
0.0980171
0.19509
0.290285
0.382683
0.471397
0.55557
0.634393
0.707107
0.77301
0.83147
0.881921
0.92388
0.95694
0.980785
0.995185
1
0.995185
0.980785
0.95694
0.92388
0.881921
0.83147
0.77301
0.707107
0.634393
0.55557
0.471397
0.382683
0.290285
0.19509
0.0980171
1.10218e-15
-0.0980171
-0.19509
-0.290285
-0.382683
-0.471397
-0.55557
-0.634393
-0.707107
-0.77301
-0.83147
-0.881921
-0.92388
-0.95694
-0.980785
-0.995185
-1
-0.995185
-0.980785
-0.95694
-0.92388
-0.881921
-0.83147
-0.77301
-0.707107
-0.634393
-0.55557
-0.471397
-0.382683
-0.290285
-0.19509
-0.0980171
-1.22465e-15
0.0980171
0.19509
0.290285
0.382683
0.471397
0.55557
0.634393
0.707107
0.77301
0.83147
0.881921
0.92388
0.95694
0.980785
0.995185
1
0.995185
0.980785
0.95694
0.92388
0.881921
0.83147
0.77301
0.707107
0.634393
0.55557
0.471397
0.382683
0.290285
0.19509
0.0980171
4.89983e-15
-0.0980171
-0.19509
-0.290285
-0.382683
-0.471397
-0.55557
-0.634393
-0.707107
-0.77301
-0.83147
-0.881921
-0.92388
-0.95694
-0.980785
-0.995185
-1
-0.995185
-0.980785
-0.95694
-0.92388
-0.881921
-0.83147
-0.77301
-0.707107
-0.634393
-0.55557
-0.471397
-0.382683
-0.290285
-0.19509
-0.0980171
-4.40873e-15
0.294051
0.585271
0.870854
1.14805
1.41419
1.66671
1.90318
2.12132
2.31903
2.49441
2.64576
2.77164
2.87082
2.94236
2.98555
3
2.98555
2.94236
2.87082
2.77164
2.64576
2.49441
2.31903
2.12132
1.90318
1.66671
1.41419
1.14805
0.870854
0.585271
0.294051
-5.88202e-15
-0.294051
-0.585271
-0.870854
-1.14805
-1.41419
-1.66671
-1.90318
-2.12132
-2.31903
-2.49441
-2.64576
-2.77164
-2.87082
-2.94236
-2.98555
-3
-2.98555
-2.94236
-2.87082
-2.77164
-2.64576
-2.49441
-2.31903
-2.12132
-1.90318
-1.66671
-1.41419
-1.14805
-0.870854
-0.585271
-0.294051
-5.14352e-15
0.294051
0.585271
0.870854
1.14805
1.41419
1.66671
1.90318
2.12132
2.31903
2.49441
2.64576
2.77164
2.87082
2.94236
2.98555
3
2.98555
2.94236
2.87082
2.77164
2.64576
2.49441
2.31903
2.12132
1.90318
1.66671
1.41419
1.14805
0.870854
0.585271
0.294051
1.61691e-14
-0.294051
-0.585271
-0.870854
-1.14805
-1.41419
-1.66671
-1.90318
-2.12132
-2.31903
-2.49441
-2.64576
-2.77164
-2.87082
-2.94236
-2.98555
-3
-2.98555
-2.94236
-2.87082
-2.77164
-2.64576
-2.49441
-2.31903
-2.12132
-1.90318
-1.66671
-1.41419
-1.14805
-0.870854
-0.585271
-0.294051
-1.95943e-15
0.0980171
0.19509
0.290285
0.382683
0.471397
0.55557
0.634393
0.707107
0.77301
0.83147
0.881921
0.92388
0.95694
0.980785
0.995185
1
0.995185
0.980785
0.95694
0.92388
0.881921
0.83147
0.77301
0.707107
0.634393
0.55557
0.471397
0.382683
0.290285
0.19509
0.0980171
-1.47081e-15
-0.0980171
-0.19509
-0.290285
-0.382683
-0.471397
-0.55557
-0.634393
-0.707107
-0.77301
-0.83147
-0.881921
-0.92388
-0.95694
-0.980785
-0.995185
-1
-0.995185
-0.980785
-0.95694
-0.92388
-0.881921
-0.83147
-0.77301
-0.707107
-0.634393
-0.55557
-0.471397
-0.382683
-0.290285
-0.19509
-0.0980171
-2.20436e-15
0.0980171
0.19509
0.290285
0.382683
0.471397
0.55557
0.634393
0.707107
0.77301
0.83147
0.881921
0.92388
0.95694
0.980785
0.995185
1
0.995185
0.980785
0.95694
0.92388
0.881921
0.83147
0.77301
0.707107
0.634393
0.55557
0.471397
0.382683
0.290285
0.19509
0.0980171
5.87954e-15
-0.0980171
-0.19509
-0.290285
-0.382683
-0.471397
-0.55557
-0.634393
-0.707107
-0.77301
-0.83147
-0.881921
-0.92388
-0.95694
-0.980785
-0.995185
-1
-0.995185
-0.980785
-0.95694
-0.92388
-0.881921
-0.83147
-0.77301
-0.707107
-0.634393
-0.55557
-0.471397
-0.382683
-0.290285
-0.19509
-0.0980171
-7.34788e-15
0.294051
0.585271
0.870854
1.14805
1.41419
1.66671
1.90318
2.12132
2.31903
2.49441
2.64576
2.77164
2.87082
2.94236
2.98555
3
2.98555
2.94236
2.87082
2.77164
2.64576
2.49441
2.31903
2.12132
1.90318
1.66671
1.41419
1.14805
0.870854
0.585271
0.294051
-2.94287e-15
-0.294051
-0.585271
-0.870854
-1.14805
-1.41419
-1.66671
-1.90318
-2.12132
-2.31903
-2.49441
-2.64576
-2.77164
-2.87082
-2.94236
-2.98555
-3
-2.98555
-2.94236
-2.87082
-2.77164
-2.64576
-2.49441
-2.31903
-2.12132
-1.90318
-1.66671
-1.41419
-1.14805
-0.870854
-0.585271
-0.294051
-2.9399e-14
0.294051
0.585271
0.870854
1.14805
1.41419
1.66671
1.90318
2.12132
2.31903
2.49441
2.64576
2.77164
2.87082
2.94236
2.98555
3
2.98555
2.94236
2.87082
2.77164
2.64576
2.49441
2.31903
2.12132
1.90318
1.66671
1.41419
1.14805
0.870854
0.585271
0.294051
1.91082e-14
-0.294051
-0.585271
-0.870854
-1.14805
-1.41419
-1.66671
-1.90318
-2.12132
-2.31903
-2.49441
-2.64576
-2.77164
-2.87082
-2.94236
-2.98555
-3
-2.98555
-2.94236
-2.87082
-2.77164
-2.64576
-2.49441
-2.31903
-2.12132
-1.90318
-1.66671
-1.41419
-1.14805
-0.870854
-0.585271
-0.294051
-2.93915e-15
0.0980171
0.19509
0.290285
0.382683
0.471397
0.55557
0.634393
0.707107
0.77301
0.83147
0.881921
0.92388
0.95694
0.980785
0.995185
1
0.995185
0.980785
0.95694
0.92388
0.881921
0.83147
0.77301
0.707107
0.634393
0.55557
0.471397
0.382683
0.290285
0.19509
0.0980171
-4.91097e-16
-0.0980171
-0.19509
-0.290285
-0.382683
-0.471397
-0.55557
-0.634393
-0.707107
-0.77301
-0.83147
-0.881921
-0.92388
-0.95694
-0.980785
-0.995185
-1
-0.995185
-0.980785
-0.95694
-0.92388
-0.881921
-0.83147
-0.77301
-0.707107
-0.634393
-0.55557
-0.471397
-0.382683
-0.290285
-0.19509
-0.0980171
3.92135e-15
0.0980171
0.19509
0.290285
0.382683
0.471397
0.55557
0.634393
0.707107
0.77301
0.83147
0.881921
0.92388
0.95694
0.980785
0.995185
1
0.995185
0.980785
0.95694
0.92388
0.881921
0.83147
0.77301
0.707107
0.634393
0.55557
0.471397
0.382683
0.290285
0.19509
0.0980171
6.85926e-15
-0.0980171
-0.19509
-0.290285
-0.382683
-0.471397
-0.55557
-0.634393
-0.707107
-0.77301
-0.83147
-0.881921
-0.92388
-0.95694
-0.980785
-0.995185
-1
-0.995185
-0.980785
-0.95694
-0.92388
-0.881921
-0.83147
-0.77301
-0.707107
-0.634393
-0.55557
-0.471397
-0.382683
-0.290285
-0.19509
-0.0980171
-1.0287e-14
0.294051
0.585271
0.870854
1.14805
1.41419
1.66671
1.90318
2.12132
2.31903
2.49441
2.64576
2.77164
2.87082
2.94236
2.98555
3
2.98555
2.94236
2.87082
2.77164
2.64576
2.49441
2.31903
2.12132
1.90318
1.66671
1.41419
1.14805
0.870854
0.585271
0.294051
-3.71388e-18
-0.294051
-0.585271
-0.870854
-1.14805
-1.41419
-1.66671
-1.90318
-2.12132
-2.31903
-2.49441
-2.64576
-2.77164
-2.87082
-2.94236
-2.98555
-3
-2.98555
-2.94236
-2.87082
-2.77164
-2.64576
-2.49441
-2.31903
-2.12132
-1.90318
-1.66671
-1.41419
-1.14805
-0.870854
-0.585271
-0.294051
-3.23381e-14
0.294051
0.585271
0.870854
1.14805
1.41419
1.66671
1.90318
2.12132
2.31903
2.49441
2.64576
2.77164
2.87082
2.94236
2.98555
3
2.98555
2.94236
2.87082
2.77164
2.64576
2.49441
2.31903
2.12132
1.90318
1.66671
1.41419
1.14805
0.870854
0.585271
0.294051
2.20474e-14
-0.294051
-0.585271
-0.870854
-1.14805
-1.41419
-1.66671
-1.90318
-2.12132
-2.31903
-2.49441
-2.64576
-2.77164
-2.87082
-2.94236
-2.98555
-3
-2.98555
-2.94236
-2.87082
-2.77164
-2.64576
-2.49441
-2.31903
-2.12132
-1.90318
-1.66671
-1.41419
-1.14805
-0.870854
-0.585271
-0.294051
