0
20.2151
6.80514
116.911
-274.306
85.9186
69.047
139.057
-208.402
70.4457
66.198
-2.52988
-39.3804
292.064
-9.80667
12.3335
-114.743
-114.173
33.3569
178.473
-192.399
-87.8755
-226.583
6.10973
24.5543
373.47
-135.568
29.2958
196.08
261.094
-168.489
-351.216
-96.0754
-100.476
-20.5261
24.0599
-139.14
0.715448
10.1861
408.408
229.554
69.7816
-72.7984
34.4866
-98.9718
199.183
110.915
107.065
-45.4995
-67.1518
-316.683
246.165
-67.2047
-175.304
182.761
125.13
146.071
-79.8497
-20.1235
-154.079
-0.658925
-246.83
-182.278
-3.6464
-114.445
-155.804
-156.367
-179.454
-117.654
-58.7877
270.031
158.385
123.348
-223.133
-52.7223
-204.175
78.0734
232.386
-180.828
-95.1321
212.13
233.369
126.606
-195.967
-313.962
-299.128
-172.091
235.062
130.227
-67.3762
-75.4464
162.245
137.514
-26.338
53.5904
-245.495
-97.5247
-108.124
-126.665
14.5038
297.825
-219.978
72.053
-153.455
-114.889
264.699
6.4107
-36.0396
-19.6803
108.072
-223.907
96.8723
-353.213
-184.401
-8.2501
150.203
-283.083
238.573
-49.5034
-127.631
393.779
-89.3583
117.119
193.372
261.155
196.865
-15.3351
151.255
-380.476
-2.55839
-144.565
143.394
34.1753
-48.8944
80.1765
76.8605
-43.7359
-180.745
-67.1866
-88.6455
-17.4282
-110.011
-74.4874
121.985
-117.78
-68.8569
-124.33
25.6131
-28.9346
-159.148
-300.678
-28.6281
-160.077
-163.594
-113.316
-102.568
99.3754
168.666
73.4556
100.802
59.3601
-171.036
-62.5834
4.34919
88.8944
16.03
4.30432
-40.5343
-188.693
190.468
-111.474
-47.0669
-107.048
-121.449
-166.463
-31.6306
101.875
-161.089
-167.07
112.969
88.6381
-212.869
128.64
-42.9551
-130.524
-30.9869
-86.062
99.0531
96.0104
142.334
127.639
255.622
-89.5559
164.293
-53.6535
227.465
108.797
33.3159
-168.975
-155.481
-103.169
-58.2999
-36.7116
59.1049
46.2054
103.121
-204.295
-34.7589
-65.3818
-170.505
23.8451
148.241
-6.57771
-108.004
11.0862
-8.13752
-110.736
62.836
-95.7156
-11.2708
-286.561
116.695
103.015
91.8945
33.8965
90.5589
92.9379
4.36617
-100.62
93.4895
-7.77702
-49.0249
22.0539
-104.241
-80.5535
15.1272
-5.41745
112.203
-77.7899
-203.387
99.2982
22.5348
-74.5474
-3.48385
34.3926
-94.083
-55.7693
27.9288
-111.125
-42.8753
18.7504
-51.373
-168.96
104.397
6.04634
-51.4481
203.714
-54.3276
-96.1557
68.0674
-80.8456
-69.9504
3.74953
-40.5972
146.332
9.99766
-163.248
99.636
-106.537
-2.72807
19.785
-36.7629
-31.1946
-6.06797
-79.2004
35.611
33.5476
47.781
12.2642
33.3488
7.22227
-27.6636
25.5372
7.18025
1.35267
29.4121
9.34205
13.9135
-16.4221
-13.4912
23.7762
-18.8363
-62.1513
36.1893
-11.3236
-33.5413
10.8364
-9.97239
26.4088
-37.7927
-16.3134
-11.4677
-13.4579
-25.3856
4.74555
-62.9937
-43.5942
16.8829
52.5984
-29.2232
-17.8409
3.26397
-23.711
-52.129
-22.0149
-6.23943
-5.60723
19.9508
14.3918
70.3781
-36.1401
83.3006
-0.944581
37.6354
20.9863
30.133
-38.8309
-20.1213
-18.1246
-0.231018
1.96286
-33.6129
45.3375
-8.92458
-51.3306
-42.8214
-3.52025
-10.758
-7.9648
22.3859
-22.8979
-49.6756
33.3867
20.959
-23.8446
52.1092
-40.1446
7.90739
-58.3052
15.5863
33.2492
-7.39957
9.75517
18.4502
5.87352
5.17024
-28.0986
31.3746
5.00158
-27.9845
-14.6071
-34.0924
-14.9964
6.36096
-5.10135
41.1703
-23.1019
-62.2983
32.9827
-7.47536
-8.49283
-0.0116006
-21.8776
-14.9357
-49.7
0.427799
-16.0635
-14.9224
11.7564
-14.9186
-65.6986
63.6772
-20.1361
-18.7167
-45.0189
-3.915
-56.079
45.2436
-23.162
-24.3104
19.5023
-2.90431
53.9181
-5.93247
-74.0142
28.137
-36.7338
1.59727
-0.425974
-10.0754
-15.3094
-23.7074
-57.0801
27.661
10.2715
33.6997
-1.58932
10.3344
2.93364
-19.2337
7.97373
21.3977
-19.176
22.9317
10.5684
18.8408
9.56028
-8.21808
7.78083
-10.1903
-51.0073
25.3027
-13.1809
-6.46182
11.6665
0.22098
8.60592
-29.1924
-7.89802
5.04019
-9.19353
-22.447
-9.47696
-29.0003
-31.7234
9.63441
20.8976
-20.7299
-6.90351
9.28392
-18.4262
-31.0337
-22.4251
-1.38121
-2.99152
12.9444
6.82005
43.2748
-26.5768
31.7222
4.89942
37.484
11.8789
24.2119
-23.3692
-14.6317
-12.1411
-8.79299
2.85704
-31.0416
37.0409
-13.8367
-35.0313
-28.2302
-10.1452
-3.31329
-0.825295
22.2902
-10.0243
-38.7723
22.0534
9.84663
-14.1802
27.3685
-22.0358
4.8823
-36.2963
-3.92644
25.0314
1.85672
-3.15799
17.6163
2.06666
12.9956
-18.8758
27.6288
1.63317
-18.9559
-13.2006
-16.8389
-1.14875
10.1991
-0.365073
29.6663
-15.7814
-40.5351
20.0521
-2.98477
-5.41054
0.245883
-12.4214
-6.97459
-33.1594
-1.47962
-1.13893
-4.22517
13.9843
-9.28743
-36.5944
49.8857
-9.75543
-7.05903
-8.55315
-16.9508
-49.2058
27.155
-23.4907
-21.1177
10.6024
-6.44219
29.1106
-5.6035
-52.4473
14.4534
-26.8808
0.991516
-2.48473
-6.75618
-12.6289
-17.4201
-40.0112
20.5311
4.72299
17.2541
-9.86573
5.03334
4.27928
-17.1308
5.23181
12.1004
-10.9545
13.0603
2.89126
11.087
11.5317
-17.6617
1.55206
-5.04933
-40.7364
22.7292
-13.1061
4.378
8.57646
5.5268
4.62227
-19.6068
-10.5675
-4.36227
-6.70464
-18.5229
-0.302189
-23.0045
-26.3003
13.9215
9.99165
-14.8059
-4.47128
9.00889
-14.4474
-26.2767
-16.2079
-6.34772
-1.67159
7.86226
3.20396
41.8058
-18.6196
25.2894
2.39511
31.8703
11.0095
17.2286
-10.8731
-10.9073
-7.86363
-11.5512
1.10749
-26.1324
32.1224
-9.30863
-27.3999
-27.3012
1.595
3.27802
2.03498
5.6397
-11.2768
-29.704
17.3154
10.6119
-13.4453
24.5907
-18.1847
2.50105
-21.0629
-1.84866
19.4975
-7.78227
-3.98962
8.76308
-4.36545
6.30426
-4.73649
16.1802
2.98493
-20.21
-13.1161
-15.7278
-0.939463
-0.436848
0.117899
21.3951
-4.25
-24.4407
17.4712
-4.5373
-1.16611
-3.00551
-12.6387
-5.22461
-27.5652
-4.59079
-2.16206
-13.2355
6.71285
-8.96737
-38.7743
36.1806
-10.0559
-22.1757
42.8582
-10.7982
-39.7833
20.9199
-9.40417
-20.934
13.3324
6.22154
23.8128
-1.06213
-34.7955
8.44067
-13.096
3.36369
-10.5936
2.65383
-17.5907
-20.5669
-37.0625
19.6497
5.08924
21.7385
-6.90167
14.4523
8.72905
-5.57756
-2.32333
20.6292
-19.9409
24.2998
2.24522
20.7655
-2.41862
-1.03232
-0.517947
-25.5482
-45.9797
25.1081
-2.33396
-3.79947
11.2257
-2.94418
4.58389
-19.753
1.39107
21.5383
-3.83846
-24.7889
-22.0986
-7.19825
-24.1972
6.61454
7.23833
-19.9373
1.06652
7.43784
-16.34
-28.5567
-24.308
2.82728
-8.97919
20.6359
18.847
3.4504
-24.1019
5.25802
-5.08019
28.1647
13.9377
28.6844
-16.3249
7.25491
-8.31263
-7.94882
-2.32246
-21.1956
25.7954
-25.2616
-13.6925
-0.984362
-21.378
7.07806
6.46376
37.452
7.86471
-34.8625
12.4099
1.60397
1.79113
16.6876
-22.5983
-11.7797
-29.7788
2.41484
21.8066
24.3589
22.0583
28.0366
24.0559
19.4986
-47.3209
43.133
2.88159
-10.495
-13.3622
-16.8505
22.3229
40.1012
-3.1547
35.7407
-43.1875
-44.7089
26.0021
-5.72673
3.60202
7.29762
3.03495
-8.92263
-21.3736
-3.25035
14.2002
32.6043
35.4455
18.5377
31.5833
72.5186
25.6453
88.0852
-466.665
1.76178
-43.8752
27.6403
-26.4506
3.32652
-5.21873
-28.6799
-0.880617
-18.0937
-58.6974
2.16609
-41.6725
-2.81435
28.0053
-36.5925
18.1859
-8.31713
-44.598
20.0393
-11.6983
-2.72112
-18.3288
-44.6633
-3.3157
-45.2169
26.116
-15.6687
-3.58635
-38.8345
14.3227
-21.856
96.8593
-68.1671
-3.68826
85.1222
-13.0595
-9.35451
-58.4339
54.8054
10.4363
37.0616
-8.90804
-4.47502
-31.933
-70.0853
-2.44766
14.5177
62.5847
-22.6598
-0.891849
25.2541
-16.5293
24.3458
-23.3891
19.1258
-3.7919
21.0917
9.96695
-25.9678
32.4426
-47.3698
-68.5782
132.137
1.70325
2.06572
53.0189
60.7448
-14.9302
-11.342
16.3092
-66.8618
-2.32964
-31.5155
16.4569
-48.0605
44.9094
29.3742
-51.4582
-70.684
37.2868
-9.83827
0.490816
-49.5823
-35.3365
-4.12788
26.4864
8.5315
-43.6609
6.13081
33.2085
48.403
6.92817
-78.4825
1.9375
-50.2404
-124.618
-18.1253
-84.9525
10.365
93.5988
-32.9577
-16.9326
-9.03435
-1.32966
33.2245
-36.315
-83.0046
18.1512
-21.0185
100.279
34.4041
-32.3667
33.0061
-39.8668
-22.8286
-5.59593
1.19853
6.95985
4.74931
-16.4847
-69.5911
-36.4055
-79.4084
-134.866
-61.2683
-55.7244
-242.669
1545.58
-150.095
-55.4979
-53.5207
-35.7923
-91.859
7.29884
23.0789
29.2876
29.1371
32.5373
10.8138
36.3783
-1.25001
-84.6847
77.0716
-92.5498
-1.51895
44.0531
-9.26598
34.4348
-9.42903
-20.9852
112.272
36.0257
48.7143
-51.6384
26.1086
29.0823
94.381
-73.4069
47.2112
-195.46
35.0514
-12.9481
-200.414
-62.0015
94.9216
94.0184
-67.497
-13.8083
-41.4697
24.818
-13.099
14.4103
68.0619
-3.97268
-76.4067
-72.7163
-24.7423
-66.163
24.5489
33.9791
-78.0354
39.2557
-21.352
-24.7965
-124.114
-32.3713
0.502379
-67.5806
108.567
141.998
-122.419
-25.5793
96.2341
-125.899
-54.6578
72.0154
39.3388
-8.26524
115.232
0.517412
20.4379
-41.3961
40.1294
-11.8561
-51.9372
43.1069
44.576
16.1347
63.3717
15.1264
10.5683
11.0393
-37.7357
-12.9059
34.6159
37.3049
81.4203
-118.716
-91.5701
-14.283
177.026
28.5217
0.388313
231.575
9.60486
109.465
-47.4596
-116.678
47.1116
50.8715
-59.0944
-38.0031
-119.168
47.1631
80.4363
-37.9697
69.0006
-135.047
-65.2441
107.835
-80.9103
81.8836
13.5119
-32.7593
-23.2442
-73.0832
-35.5915
1.44716
30.1929
46.7562
104.88
89.7924
150.475
61.9232
264.95
-2230.43
249.785
15.6993
124.18
93.9367
88.9775
37.7916
33.5658
6.48701
-32.3982
-82.5828
-12.5872
-40.8511
16.3238
77.0074
-80.1682
75.7607
-63.9979
-159.588
64.8887
-34.7266
86.3593
28.0909
-102.48
-12.7263
-56.0908
48.048
38.4182
-118.942
-44.8974
105.861
9.12191
243.298
-19.2494
7.8453
169.527
-38.1212
-69.6118
-112.647
74.8352
53.4078
34.6501
-25.528
-26.6138
9.2235
3.19642
8.75475
34.4599
12.9106
52.4686
42.617
-25.1162
-42.2118
52.3541
-41.8617
39.5218
-9.76026
95.9742
-18.5304
14.243
59.1244
-73.1921
-119.986
113.19
-24.7839
-140.009
134.49
127.905
-53.0718
23.372
-16.9923
-102.585
-13.7188
-41.3541
37.8354
-88.42
60.3735
0.283113
-61.3121
-29.0165
-61.2498
-42.6996
5.76091
67.6778
16.0779
-20.4839
35.7748
-38.3605
-28.3345
-52.5055
84.2447
69.6651
-35.1094
-185.341
3.75859
46.6051
-195.926
44.6375
-70.0892
86.4164
30.571
32.2672
-46.3472
41.44
10.2941
87.7986
-0.99151
-19.7327
27.406
-3.02541
66.0083
-0.431677
-54.9091
72.5611
-75.2951
-5.89079
45.6738
-6.42194
43.0036
22.2266
19.165
18.9019
16.2892
-69.8952
-33.4506
-24.4735
-3.82836
-123.28
1401.29
-236.359
-94.5979
-82.4535
-114.623
-88.2691
-41.1372
-58.2157
-12.3728
5.71147
0.123013
6.36339
-9.47683
-20.0845
-40.0317
30.6095
-59.3457
31.6222
63.8201
-19.6745
18.2851
-70.483
-48.5666
42.0747
24.6633
-8.91091
-17.1387
-36.2834
77.84
11.2453
-79.8854
-15.9009
-90.7569
-69.6593
-20.8911
-74.0843
-18.3509
60.5275
31.5711
7.39276
-20.4056
10.0587
10.1662
6.98535
-31.4439
-53.4606
-1.02295
-32.0699
33.9653
-48.8793
-41.1108
51.2726
6.85332
-29.2881
10.8348
-10.0337
-12.8379
-70.9334
6.94085
-32.734
-20.6009
36.0564
45.5625
20.7345
0.167202
88.9598
-59.9818
-13.0405
39.6648
-0.7554
24.914
32.813
6.11662
-4.71847
-20.7776
5.26578
11.2592
1.05817
2.05469
-21.0963
65.4649
43.8805
10.2276
-58.9533
-23.1629
-9.55922
4.5456
33.3916
-4.40713
63.7714
-53.9901
-24.7038
10.1394
72.3011
7.52734
-47.9121
70.1352
-16.9597
7.3653
-33.3465
-0.734135
-4.50042
23.1123
-42.5393
-25.7731
-54.7022
2.40646
-18.6503
-17.2429
25.2315
-12.2632
-3.52507
45.5334
-25.9244
22.3672
-8.75931
-17.1042
-22.8078
-32.4277
-21.2939
-10.7841
-24.2734
7.80019
15.2768
-19.1319
47.0078
14.1394
13.3876
-382.042
52.9775
-24.5953
28.9728
35.5252
-3.56174
19.8843
32.0292
12.3994
-2.89978
-20.1274
-6.16453
0.859758
2.63495
-0.39676
-2.69386
-10.7943
-36.2916
-61.5143
30.051
0.376463
32.3152
4.90614
-3.56542
18.2213
-13.7684
0.396603
28.0825
-43.2937
18.5288
10.3765
22.6828
39.8429
-13.8311
-8.30552
-5.8378
-48.8147
6.09877
-14.5651
21.4036
20.2206
5.31441
-3.56981
-16.323
6.40622
15.8126
8.67927
-15.4354
-11.9311
15.5338
-3.33095
7.05646
-14.4071
-5.19305
-6.81164
8.2981
-18.5685
-6.1236
-16.6293
-0.508599
5.27036
10.246
-4.13495
21.1967
-21.2344
-24.2156
13.3783
47.7887
4.81307
22.1997
0.799354
-8.25275
-3.40682
-14.4969
-1.97545
-32.342
28.737
-14.0715
-13.8684
-3.35474
1.97718
16.5249
11.6587
13.6012
7.42144
-17.7073
15.6638
1.63626
-2.36444
24.0716
-7.68343
6.77574
-13.7206
-18.4558
2.33134
6.00602
-10.4771
17.6766
-5.89158
17.7339
-14.079
25.3929
0.222153
-10.5068
-20.6207
-10.2255
11.2993
-10.2606
-10.5017
28.5389
-3.20818
-6.99037
19.8758
11.4272
-15.4179
-6.52788
16.343
-33.5102
-8.62845
-11.2373
5.41383
5.67841
27.702
-2.79732
-1.32362
43.8779
30.741
5.01525
33.6949
-40.5294
-60.8562
-11.806
-16.6048
-30.3448
-6.74873
-3.47981
0.184307
-6.71905
-20.1323
-7.65422
-10.8147
-12.9549
-0.518434
-0.35424
-24.7164
-23.2951
-34.2107
19.7706
7.03919
-5.52342
-7.25018
-6.4965
27.1399
-29.2324
3.02411
5.562
-8.87828
8.80963
-18.1086
6.00778
24.0336
-54.5538
-16.5257
-14.1993
-41.9425
12.3958
-4.60118
32.7013
9.77831
13.2566
-0.890707
-7.8509
-7.93666
-16.488
12.177
-16.9529
9.26053
1.3846
-5.82466
22.7446
-16.7464
-8.28089
-6.23479
3.10941
-19.727
-19.2516
-7.6816
-11.5782
4.89696
17.4357
3.13722
34.2874
-18.3686
-0.77639
0.576808
46.1271
6.98303
12.1452
14.7082
-8.18979
-2.46555
-10.0573
-10.8585
-28.3529
28.9236
-12.5715
-9.40085
-10.5503
33.3853
30.9997
11.1682
-12.222
6.0851
-11.6982
15.7627
11.3271
-1.28786
52.4265
-16.5624
19.5318
2.99642
2.42316
-20.7185
-0.307335
0.565642
7.91364
-13.8464
6.68323
-4.27903
21.7995
12.2849
-26.4381
-49.622
-33.9629
6.11542
-53.1909
-36.7953
45.9565
-1.59239
16.8782
35.4133
24.1412
-36.12
-19.3294
43.781
-86.9713
-34.5565
-33.4785
10.1732
-4.28724
45.0908
10.4954
-19.2323
77.4031
72.9272
14.4542
5.47119
-45.8134
-103.346
-41.9483
-7.85812
-54.8246
-12.4923
3.3419
27.8678
-24.2033
-19.505
-31.4228
-41.4556
-52.8585
23.56
7.87457
-68.328
-91.4601
-86.9744
45.6741
47.6405
-20.7178
39.0379
-50.0463
88.0122
-86.3585
59.3311
15.6368
-30.292
14.1688
-32.8788
5.20628
52.0392
-182.904
-31.0991
-45.9739
-77.5557
-33.135
62.0488
26.8583
-20.8473
18.6063
54.8266
47.1174
-15.0798
-114.297
80.6883
-38.7482
-29.6491
37.8276
-27.5452
56.0562
-139.435
-21.3052
-81.0904
-7.05265
-22.029
5.78645
-48.6281
-50.8974
-51.0357
-97.4451
-45.5719
12.5558
65.1598
25.621
10.3039
-75.2651
130.166
49.7036
-48.8333
59.4963
51.285
-61.8518
27.2628
-82.9303
28.6511
55.1358
-47.3008
21.6078
-47.821
20.272
21.3838
16.7619
-28.1742
-4.1686
30.5303
1.3974
-19.1773
-37.5186
-11.8707
-68.8652
-85.9619
-23.5581
104.371
-63.7557
26.3845
38.0184
42.9854
20.4818
-47.1295
15.3096
-29.8776
21.8788
58.6283
34.4733
19.5466
76.3667
42.0365
-10.1696
-14.3531
-41.206
14.5043
-30.3624
38.3603
14.9364
-83.1344
62.6737
54.2219
18.1093
-12.0209
22.5904
37.7787
-44.061
62.1492
-2.68279
-1.07762
-10.3688
-65.0258
-36.3953
-46.1762
11.0749
-34.7929
-30.0476
-24.2428
-0.625143
-51.342
24.1919
-34.787
4.66218
39.7723
18.2694
-26.4424
-19.4208
31.4861
10.4558
-9.98212
-6.59646
-39.7859
-14.4152
-15.0456
3.04068
5.65031
-36.2364
-69.4661
20.9803
1.14005
14.9588
-32.245
1.13491
56.4333
-51.8708
-57.9058
-26.0941
-55.915
1.15083
10.7369
134.229
57.6166
13.3012
-25.6493
-30.8585
-39.8916
7.58951
27.4566
-14.1344
23.3779
13.5786
120.977
58.6903
-52.1619
-64.0969
-13.1241
2.2049
-41.6837
-69.6576
-13.5846
-51.4423
24.111
32.1426
28.0451
84.3377
-13.3117
29.2055
33.9852
80.0307
74.0232
-26.9718
10.9351
-7.67025
13.1268
9.59746
-108.19
-128.429
136.288
-15.5098
-121.783
18.3473
55.2736
68.8177
-25.4415
-4.30337
38.6165
17.5634
74.1387
-30.5151
-45.1781
17.045
-24.4043
63.6267
-12.2324
25.2012
54.1989
-61.0366
-52.8905
96.9676
-7.01701
89.0825
52.6358
11.0531
-23.9397
35.5001
-52.7293
20.0359
64.3529
-3.4068
22.8353
-5.66938
-61.6259
26.5831
50.8278
67.6343
38.0515
67.2377
54.8511
-230.202
31.3595
11.8162
-3.73071
67.7491
5.04906
6.89326
-54.8257
63.0682
-17.7947
-58.6035
88.1737
-35.5046
-91.6901
-41.8071
-1.06269
17.8851
126.867
81.4443
-72.8405
41.3942
-19.86
127.294
67.2911
13.5708
107.743
11.2411
-136.22
104.49
-58.5434
94.5869
17.4913
105.487
-164.031
47.0708
41.7118
24.9992
-19.8956
-43.2967
-68.2171
58.68
-5.49493
41.0172
-27.1015
-60.7682
40.905
-56.6921
-125.184
66.2527
-98.3392
-12.9538
41.403
71.3484
-9.49814
-13.659
7.43267
-2.9082
-14.4614
-52.9053
-5.68326
146.109
-179.287
20.3048
-46.9815
142.641
50.8971
19.9192
-18.9354
30.8686
4.46534
0.0398328
10.1982
25.2854
-1.3795
-38.8162
-67.0271
-29.2984
-60.1504
12.8768
61.1487
113.88
-41.281
-23.9174
-45.9043
-37.7838
113.855
98.2409
18.6766
-106.136
8.3874
-9.5031
42.4182
-77.9402
13.0106
18.808
-211.736
-83.1138
-40.3348
-108.223
111.217
-41.0932
-41.1974
42.971
55.707
9.11195
-40.6029
-35.1659
-128.046
-139.387
-74.0171
-130.941
54.1623
118.116
22.6777
82.9612
53.8552
-43.5203
97.5882
27.438
-73.7056
109.302
147.387
-107.941
-7.8536
-9.09941
-84.6932
-37.6731
-19.9902
75.397
-158.161
-52.6971
87.9516
-52.0206
-65.897
51.1219
-35.3554
32.1216
-1.33247
83.0671
-35.1343
106.207
50.4926
-15.1562
100.497
-25.8558
64.3818
-64.21
30.4806
-61.3399
187.066
136.647
20.3975
58.2086
-60.6762
-11.8544
1.99955
183.389
-198.361
6.62034
-105.223
-67.1715
63.7259
85.0487
-81.7029
90.9688
93.7548
-34.6258
0.620953
-37.3962
-41.4729
-47.1551
-5.36056
28.406
-49.1116
199.808
-1.60743
7.23323
5.16252
-51.8083
12.4625
56.5387
70.2262
176.099
35.6173
65.7688
-31.7479
-9.24188
12.8778
33.3337
88.5125
-49.1379
60.3781
-51.261
34.3963
72.7699
-67.3785
79.7987
-9.89197
132.462
16.4109
31.5837
40.3224
54.5139
30.9127
42.961
21.167
55.8732
0.613873
80.671
-45.0757
-8.70994
33.0232
0.211978
-24.7511
42.541
-40.0807
111.389
-121.178
-62.7922
-27.1698
-38.8956
25.5292
-0.310151
-31.9275
-25.5217
-36.3016
-20.9899
29.0955
-7.46811
29.6456
-70.6759
-44.138
-78.8076
17.6559
21.2783
1.98566
38.5726
-61.0271
-25.882
-6.80407
-23.0925
-55.1397
-64.8403
42.3986
16.6191
-1.2167
30.1026
19.2158
-10.3802
37.4231
-49.199
-4.40772
-8.95296
48.6986
-6.34239
21.4493
28.523
14.8842
36.63
9.41891
-68.5564
-27.9571
38.803
0.566756
-4.92257
-48.9032
-27.3599
34.7988
-28.3339
61.1231
59.0737
23.3324
33.1971
28.048
-10.5875
0.612735
-72.8926
28.5629
-49.0356
29.2142
35.1317
-50.8471
-2.09378
-31.8708
-4.03377
-3.42085
11.0551
-1.87679
25.3028
24.3477
31.1506
23.7966
9.4937
17.0158
6.54418
-25.8819
-1.80463
-31.4958
-4.58234
25.3082
-38.4514
-18.0229
48.5991
-55.8632
43.709
-110.854
66.8818
48.2791
59.7155
9.71831
-20.95
42.5829
-2.20931
-2.21113
-5.14843
41.5301
-5.06797
13.9598
-13.5966
33.4636
-9.7279
24.1356
2.36248
-102.314
35.6692
-8.53121
52.3127
35.0703
22.8152
-32.4783
111.479
-80.2862
-33.8621
-1.47437
63.3719
51.1699
142.034
-23.0355
-23.5617
74.3753
-52.1278
-9.27101
-37.5551
0.151087
129.553
-129.084
-9.63714
71.0545
78.8837
13.3092
-40.0096
-133.732
38.7867
-118.747
-2.08163
55.7883
69.6865
11.2493
-60.1591
-184.881
-76.2635
4.79132
32.079
-42.3769
97.4413
-114.538
29.5355
-13.1374
49.3015
-129.041
-55.1051
8.18442
-19.2234
61.491
26.3293
-142.439
-13.9118
58.405
-130.426
23.7257
46.4463
35.8275
-61.9071
119.03
-95.7693
-48.4646
73.4034
50.3924
-134.041
148.313
16.996
123.272
-151.02
-54.5059
95.3398
258.662
-74.7753
-114.906
43.7976
-63.8201
-46.6605
213.824
114.19
-102.364
-72.3784
162.574
3.12513
29.4549
149.97
-118.415
34.2471
-4.1256
-13.7271
38.6754
-58.0545
112.653
25.8515
135.988
185.288
-93.2181
53.7936
1.82371
20.3055
-167.488
1.27402
-94.4041
53.8387
219.43
-182.733
-22.3221
-86.2194
7.4537
114.111
-145.169
12.3534
44.9071
151.669
87.3067
86.4016
-22.6841
7.31257
153.513
-156.549
-1.57415
245.13
-153.089
1.50814
-64.5169
-194.784
80.5738
73.623
-280.791
109.637
-102.097
132.225
140.472
105.474
186.368
-145.212
178.471
186.623
-44.2129
173.702
16.3801
122.989
43.3541
-62.2675
-23.8791
55.0108
62.0189
16.2523
-121.074
217.547
46.2109
-10.3079
235.734
88.7309
122.122
-169.521
315.23
-118.736
74.2465
19.2976
199.647
185.852
41.5138
-72.4514
175.925
64.2893
69.595
-282.579
4.19847
10.7817
-141.126
103.865
193.673
-159.712
-124.635
-85.226
-136.723
192.29
191.109
46.5571
-148.941
43.5837
102.851
31.861
99.3129
56.5802
-135.607
202.561
17.591
233.735
-214.738
-132.771
-125.734
101.461
96.9696
118.742
-112.033
-67.6841
-86.8796
-78.6148
-80.8481
96.9589
97.7933
209.666
-151.524
-26.5731
-117.793
72.1212
329.521
246.308
97.4109
-13.903
-284.242
88.7343
-98.9321
-77.1058
16.4911
-151.271
-56.4284
49.6382
30.9457
36.145
-21.3493
-116.206
41.5621
48.2893
-9.804
-4.20846
72.2437
-290.427
117.709
46.0459
-155.862
-4.60718
-24.5708
-4.24026
91.3125
23.0624
54.7378
-217.049
-84.997
-82.1738
-24.3496
-23.5852
56.3281
-26.9651
-6.84978
9.91875
-62.3963
83.4172
-27.213
44.6751
-64.933
119.28
-112.19
-33.6114
127.044
-102.495
153.897
-78.1708
-39.4528
-22.5001
9.46938
-35.1668
49.7712
-78.5463
21.8189
115.042
-14.1531
-95.074
4.16354
29.3791
-1.90935
-28.0323
50.929
97.3591
40.0557
-202.537
-101.961
-3.3756
-54.4926
-124.638
31.0563
-25.8833
-8.73845
-52.6583
40.7469
-44.524
-93.1099
-57.8415
-31.6933
4.07907
42.2545
23.2004
-3.92446
0.844337
12.6048
-6.76337
20.7745
-47.6564
13.4363
45.0582
-3.58108
45.6795
83.1176
23.9736
0.758727
-4.07279
58.6762
-4.67405
-33.5955
15.6635
26.5277
4.79204
-28.406
-14.7833
-56.5192
23.2146
-0.248174
45.1703
-79.9241
-33.415
-16.6485
33.6994
-75.0168
18.4285
-19.334
5.95769
-45.65
10.1851
-1.39103
49.7361
53.5085
-25.2462
-20.8527
-7.61764
37.494
3.70509
-13.5306
10.4909
-101.343
21.0594
-28.7793
-11.316
-5.46685
5.50683
20.7329
39.566
8.83622
42.9332
-24.4591
-25.8235
79.54
-19.9895
-3.93879
55.8241
3.98125
-102.347
34.8842
18.1188
-67.3194
-50.3621
-37.5582
-96.0156
-37.0196
44.063
-51.2785
-90.3132
-80.571
20.2527
-12.3605
-155.158
140.807
-28.4126
41.6025
-30.0096
97.7784
112.609
-114.728
122.097
-42.0706
98.8072
-131.87
-22.4212
-23.9708
-60.7416
165.15
-16.8774
32.5645
70.9253
-30.2823
-96.7437
99.2798
-113.3
17.8474
193.423
-8.87709
-9.61296
-11.8933
-53.6609
114.945
-88.7918
66.4916
6.48226
157.229
-98.3192
-237.445
-23.4838
94.0631
-125.279
37.6277
-117.606
-91.7826
143.498
83.1236
-179.318
119.839
41.3442
-98.5857
-78.4173
-29.1061
-144.913
29.5037
-144.474
71.8515
1.02228
-134.146
-27.9279
-231.143
-26.7324
-23.3477
-14.9564
123.478
194.341
121.44
65.7739
-100.643
98.4175
-115.432
-38.4634
163.677
-89.8407
-113.056
117.52
49.8867
-7.92954
-117.408
-51.7008
-223.472
10.5384
-18.2417
81.6856
-1.7233
-74.3553
-54.3606
-42.7623
97.4552
-101.189
175.199
81.6181
160.454
-105.89
119.784
-106.411
174.735
110.73
-76.0936
-205.786
328.917
-137.692
243.656
-115.073
-63.5343
-95.539
-59.5205
-58.991
86.7103
-101.897
-80.3908
-113.893
-213.941
182.879
-104.877
-95.8165
-64.7379
87.5105
182.134
24.5915
-21.8448
111.866
160.939
23.8865
102.621
-11.0984
180.127
7.83531
101.54
-86.6553
85.3235
272.074
-282.447
-92.0789
-15.7945
-16.4655
-155.94
-146.757
94.4101
-203.187
-16.1333
60.918
137.31
-128.031
75.2721
6.26747
-101.968
0.337381
-53.9002
-226.391
21.867
63.283
-66.6133
139.043
26.8475
-113.466
-28.491
-41.2283
17.2185
82.4523
-167.514
-70.5508
-24.1657
87.3837
-94.0057
-10.0851
263.9
-25.3191
-81.0483
-6.07192
86.4335
127.474
77.4496
-75.0083
-76.3169
61.3573
-151.111
48.9913
27.39
92.2971
102.801
9.99796
17.3008
114.469
-44.1382
-11.6528
31.22
52.4194
80.7445
-1.48428
30.0179
-17.5595
-48.733
-91.8042
-43.6994
34.7694
1.41087
-65.9307
3.83351
-32.3789
-80.665
4.72329
37.7148
1.90238
-52.5986
16.025
9.3432
-19.7707
31.8372
22.993
-66.7168
-5.66171
-25.5973
-17.9365
-24.8791
-52.5534
-49.2249
-35.6389
6.69494
48.5832
-32.8258
-4.80508
-81.8143
48.45
37.4804
40.27
-8.46187
-35.7759
65.8214
26.1111
49.535
-26.9143
-29.5392
-8.99515
-0.961938
14.1119
29.6655
97.5357
-57.209
-23.0419
-31.2198
54.7605
7.05964
4.62161
61.4082
-39.9323
-37.7601
71.829
-33.844
-36.1409
-2.3206
-19.1728
-43.3057
120
12.0313
30.9285
47.083
38.7547
1.3981
68.6201
-56.1596
-47.1889
19.2951
-28.2389
-83.8959
-91.4802
11.7897
-95.9479
-11.0371
94.6404
-39.7586
-211.67
-14.6878
39.9449
19.4642
-17.0096
3.8656
-11.7337
-88.9399
95.5357
-81.6637
83.2971
75.1122
141.491
18.1059
-24.2999
116.78
83.7616
-99.3881
-85.4794
-23.4147
156.351
-68.4381
-56.6709
292.781
-107.66
-162.172
-72.6731
236.32
75.7001
43.457
-65.0226
-96.4747
-30.5083
-196.388
155.027
-166.033
-56.789
70.9265
-137.894
17.7844
58.1873
-30.1955
-92.151
20.1925
-40.7557
-141.077
28.6929
88.3233
27.6575
-73.059
-162.445
-43.0791
195.887
-188.941
31.913
59.1564
-24.7096
-146.488
80.0548
-18.6331
-158.654
-241.086
-12.8362
45.5402
123.902
21.3058
-80.9415
39.191
-23.9541
-167.349
-92.6977
-285.78
-9.95174
-57.232
57.7933
-17.1354
-106.601
38.9522
-109.981
173.166
65.0147
-4.20827
137.278
-83.2719
-142.42
28.4018
-182.515
19.8434
9.3297
-139.367
74.3429
-78.8614
-91.509
-175.847
10.4674
112.395
97.7724
108.804
-131.893
-15.808
-50.575
111.118
-78.4155
198.715
-38.1269
17.9787
-42.7187
174.994
-81.1331
109.484
-153.864
135.111
-153.502
-156.415
21.2303
-84.8829
43.6777
-52.2797
-58.7345
-48.9551
96.8447
-35.5058
53.1822
-51.4033
114.247
94.4363
-66.3446
20.362
307.156
123.8
-13.6468
-95.1733
-72.8829
55.4807
42.597
103.531
-59.0623
203.069
-64.8523
-6.38906
-23.3737
18.8942
-48.05
-6.24383
20.838
-64.0714
-158.548
-72.4007
-72.9843
-63.0275
61.2313
-56.8889
86.9102
37.246
26.4086
-32.8662
3.84634
35.2836
-134.371
50.4044
-63.3426
62.3228
-151.198
91.8587
13.7179
-8.96185
57.665
96.4846
73.5861
5.7377
-68.8784
26.0935
5.18459
78.6523
-99.2838
22.7905
10.6507
14.7151
83.1059
-130.238
-45.7616
54.0926
-69.9995
-139.072
-129.039
10.5706
-45.4805
-4.64169
109.788
134.155
106.844
-5.00216
-108.525
53.0212
54.3882
-10.032
6.90403
-43.3313
-152.714
26.906
-8.4598
-116.739
-24.738
107.673
26.5946
25.9381
-10.2489
-59.8035
-119.327
-1.34354
-70.9454
-3.98308
24.3713
-24.3999
-29.1839
-27.9959
9.88173
48.0933
39.6681
-14.4788
-66.6538
-105.899
-42.8648
-42.4327
27.3708
31.581
48.1617
-42.6275
69.3085
-139.061
57.1516
78.2093
-85.7539
61.1369
124.506
36.9624
15.9927
-48.0217
-16.614
33.543
15.7824
29.4405
-115.782
30.5838
91.749
-69.3623
29.7788
-50.984
15.209
107.532
-27.5156
61.7798
3.33638
-34.1056
37.9567
31.2324
38.2302
57.1227
-21.7178
-1.25756
44.9389
25.2454
-7.95157
-3.24337
-8.15914
-33.8777
-20.4563
-19.3145
-67.7306
-41.2648
8.6756
-74.7833
33.3269
-23.5997
44.8082
-66.2364
-72.6117
21.895
38.5014
36.3293
-59.0848
38.906
-29.6192
46.6956
-49.2737
88.5369
-11.5164
-18.0884
51.8024
-67.0054
-11.7552
-7.05701
4.94196
36.4713
-10.2086
34.8113
38.5305
-18.5821
0.0226061
-28.9104
-11.5537
-10.6818
-25.5616
16.2839
-25.3077
5.66375
21.5895
5.34128
-16.9021
15.8738
-56.3143
32.0909
38.4065
69.0784
-35.4799
-21.9785
31.632
-11.0173
-20.1697
-71.5618
-53.0721
-40.9072
13.8629
-34.4141
-35.5974
-68.8841
8.16568
-64.2636
-12.4
-18.3798
16.3753
55.3889
99.9872
85.0603
-49.3648
-72.5481
-67.3903
-103.333
99.4114
-49.0856
-62.1892
-7.37495
-10.1435
73.1913
-50.5254
90.037
26.8918
-95.5392
-64.8174
-43.5955
-23.7456
-15.7509
-24.3661
60.4789
29.7955
-68.8913
-53.2307
55.892
-57.9291
153.882
21.9662
169.653
95.617
3.72988
58.1094
-58.2278
60.963
50.9763
-36.7159
34.6424
-105.647
26.1918
115.016
31.6322
101.786
12.6666
24.1419
43.7486
-19.6213
17.4406
89.6851
-119.074
35.02
-19.4025
7.25948
87.5646
-89.4304
-61.581
113.269
124.637
179.109
140.925
-92.751
3.46278
128.237
103.299
-13.3724
-12.8693
-188.726
-107.167
73.4967
83.1974
-40.8002
73.1539
211.47
-82.7765
70.6892
-6.90132
-72.0529
-49.6718
38.3667
-99.058
50.5259
74.8009
-55.0978
67.4159
-136.945
-31.6218
95.2852
-23.008
146.935
-66.5161
-105.411
-31.0234
44.9788
-5.07002
-21.7198
-100.468
33.1735
-23.3632
-33.2252
21.327
-119.907
96.0888
88.3293
-144.996
59.571
-35.2161
-58.8206
-1.81157
-38.0844
-112.714
41.6115
145.326
23.5707
-9.35255
-69.6162
83.2188
-63.6843
6.15787
55.124
0.56596
-90.837
-12.0803
-58.7485
58.9689
40.6854
119.098
-7.2487
-46.7718
-104.504
1.94659
-5.08414
85.9713
91.8594
127.47
88.1259
-23.725
-46.5934
181.849
111.832
-81.7079
175.794
62.3033
-98.6958
-105.968
-27.5432
-8.95381
-165.493
73.3254
-70.7081
-12.5963
-54.326
48.9477
25.1807
46.4214
14.4442
72.4303
29.3277
-67.6245
-10.421
-28.6591
32.4622
-58.1492
-5.10628
118.959
-36.342
-84.9766
-79.6038
31.1264
67.6248
-54.0248
-80.1913
-3.33395
-4.07631
61.1902
21.0233
82.5025
22.5028
-23.2433
-4.31404
-34.2547
-34.2551
91.5826
-86.0398
-85.2197
-30.8859
-63.8968
-123.329
-92.6784
-5.0269
-21.5932
68.8804
-7.02495
-10.4085
63.012
-95.5741
10.4207
-45.4463
-47.6989
70.5112
7.45666
48.2781
16.3339
-26.4628
37.1107
44.6879
-51.6531
-52.2106
-53.4984
-13.9412
-57.4978
13.1124
-145.909
72.0576
25.5054
-46.5612
15.8838
-39.3667
-16.3565
-40.4658
8.70222
-108.757
49.0369
36.7158
-12.5059
-42.7439
121.952
35.7981
-9.97523
32.9531
-37.9573
-71.813
27.0904
6.51192
-7.64377
-29.9492
-35.9635
-32.445
-104.653
-46.6923
56.4385
18.2067
4.51798
48.0048
92.1749
-47.8682
5.7497
14.9121
26.0455
-60.4425
27.7082
43.688
-14.1848
-73.7337
-66.8062
65.8086
3.05841
22.616
11.0113
-11.5005
-80.8878
-33.0225
-20.0565
9.14258
53.2996
-28.3499
-53.9225
109.415
-24.367
12.9155
33.6626
-46.8645
15.9879
27.1684
2.03452
-21.9824
-41.924
-59.2418
74.4627
-20.1061
81.1985
-2.78617
29.7233
55.3958
26.0508
12.7005
-16.4595
-66.3252
53.76
-60.5118
-36.9726
-27.3556
-1.07855
12.1694
-27.7144
-56.6413
32.3169
-8.34464
-40.561
-20.0991
21.2147
88.318
76.7625
40.4508
89.4977
0.534116
-23.2288
25.735
23.2228
13.0393
35.0451
59.7614
14.2008
-60.5567
-32.3885
-44.932
-37.8398
-106.764
74.9141
62.2787
-37.6662
89.3771
0.912693
90.9945
-23.1147
30.2535
87.8189
124.139
133.862
67.5418
-81.9145
144.043
2.0992
104.749
8.78848
45.3455
-55.2313
37.0752
9.3483
-30.1345
-14.8302
54.2732
3.21173
-56.1415
23.084
-7.91677
57.7332
3.29402
32.7298
-42.9179
-39.3561
13.6299
33.3608
24.9245
33.0065
-15.8408
12.4599
-27.7584
-59.9564
-124.595
-37.519
-70.121
149.593
-34.8769
-39.1646
36.146
105.479
128.935
32.9193
72.1615
-49.6724
128.568
22.9139
-95.0436
3.61366
53.9031
-81.2728
56.5708
-99.5045
-41.1116
41.0026
-48.1905
3.71854
-68.5337
48.1351
35.3379
-70.629
-61.7256
-27.4218
7.59056
-24.4993
-82.8041
-19.016
-34.3929
-39.8217
-126.426
33.2516
-3.02559
71.3627
61.0613
-38.2781
13.884
-53.5954
-111.131
-37.5379
15.9111
88.3095
-6.69024
21.4468
-25.1798
-19.347
-30.1299
109.578
9.20977
-13.6624
3.14144
9.21292
49.4983
-4.7852
-62.1216
18.2157
63.1423
121.063
42.1608
27.1609
41.7176
-56.9898
-5.85464
34.2655
-25.2414
52.4312
7.52228
-53.7723
40.3156
-66.7248
-29.9598
-61.009
2.49805
-50.2436
-20.7982
-36.4171
74.7997
-18.7052
33.4617
24.8713
130.556
-62.983
-46.7799
-68.4146
84.8129
23.0892
-14.7761
102.418
-23.0026
6.356
-35.6955
-121.243
-60.9184
20.7597
-88.6875
80.0387
-126.399
-114.946
-52.1087
-73.0946
-79.9057
48.0626
-29.8449
-31.8766
33.8083
-61.9752
50.06
107.617
-85.89
-83.5734
17.9885
74.4192
-117.258
-21.3305
-41.8972
6.90605
-113.442
28.3398
-24.608
118.783
1.42767
-7.00935
-23.1458
64.014
6.98421
37.313
-67.21
37.2582
198.924
-92.5635
-45.2377
29.6227
10.2118
-6.61912
-26.9418
-6.74456
-30.5075
2.39437
-14.107
-7.79713
54.4631
4.86249
58.3859
58.1579
-15.1617
14.8063
-118.001
18.4239
53.2471
-85.1893
-12.519
-17.77
-30.8562
21.7365
64.6563
102.522
-3.43222
8.62575
189.114
-12.6848
105.666
-51.9165
-60.9262
28.104
76.5263
-13.2513
-31.6092
-85.482
54.2522
-37.9497
3.32143
-38.4344
-139.001
123.068
-59.0346
106.06
-44.6821
-0.404811
44.4287
59.2901
62.0164
3.07082
115.54
108.904
-1.63648
195.844
46.4504
-37.2577
130.207
71.1822
2.02273
-103.353
8.82388
87.3812
1.59151
49.1092
81.6599
104.036
-36.6505
-137.903
-3.90085
39.3768
-95.5384
76.0949
-85.1128
-44.1659
-28.7116
-6.61539
-65.72
5.91696
-42.2274
-94.7032
22.1517
-108.179
70.8009
30.5575
109.613
-190.622
-67.2364
85.1897
74.5573
55.3339
-37.0484
87.4298
-25.3148
107.553
-26.3164
-68.4073
76.3523
11.1579
-4.17641
-70.9149
3.26928
-18.2886
-65.643
85.5329
127.13
66.4888
93.3457
0.78534
-4.02301
52.8192
2.07744
73.669
-18.8156
29.1455
-14.9432
6.73437
-80.8881
43.2705
5.26327
75.8405
-22.3652
66.6032
6.11262
-101.324
-73.185
4.58137
9.83243
-93.4679
125.109
52.2527
51.4931
4.52295
9.69459
-9.25166
81.746
-45.0546
100.531
-3.60201
15.897
-28.4922
-22.2285
95.1948
-27.5394
-35.8654
-86.8135
-22.75
-18.0987
44.5514
-48.5459
-0.72063
-17.3313
33.9888
117.959
-42.8583
-49.6372
6.78505
70.5267
-0.0837524
18.2738
-101.498
-180.914
60.4983
-2.28225
25.4739
-112.469
9.69477
36.6632
6.60961
43.4822
-12.076
8.30169
113.06
-62.2489
-23.0279
-17.0247
48.4226
-13.2057
-69.8636
-3.59492
70.3474
-51.2222
-23.9057
-27.2914
-40.2987
-74.0918
-2.2584
19.0292
-60.9997
-47.206
-30.6011
-13.9101
145.751
-57.4989
1.83472
-50.3821
16.902
-25.9348
82.5562
-9.15592
64.4924
60.6906
-59.5452
4.26675
27.2434
37.4081
23.9799
-60.9555
60.1489
85.7108
47.843
-99.3766
88.6495
41.1059
-103.032
-53.8233
70.979
-60.329
-33.331
-70.382
179.992
-40.6255
-114.017
-81.3826
-0.724273
-23.1143
-100.238
24.8166
-154.201
107.85
-36.4574
19.4959
120.796
91.7139
-145.921
-121.256
-72.648
99.3636
-112.138
108.654
34.5989
70.03
156.022
32.5254
-116.82
-48.5483
-83.6428
129.68
60.4044
-177.387
19.9335
-15.4161
95.1156
48.7609
12.12
-25.3778
43.9065
11.4078
100.271
27.7403
-52.422
-82.541
-9.65188
65.0543
-55.9326
-99.0342
97.2304
-121.192
42.4915
49.6282
-9.78402
72.6345
79.0852
25.9983
-14.5
29.284
35.4988
28.8599
-81.3731
-38.0683
70.1745
-20.9075
-116.124
-48.0806
-44.0064
-75.7708
11.9388
-177.592
-48.7913
38.7743
9.84637
-25.1347
-84.3901
64.5831
19.4523
-72.2873
7.13134
6.01822
-97.662
-27.117
28.0748
42.2017
30.9378
136.997
-103.57
40.8652
40.9673
-44.3715
-32.0638
-56.3358
-6.18218
82.2631
-165.137
123.253
48.5274
28.2159
1.46224
-66.7748
72.9087
-36.8799
48.6748
25.8338
-24.9878
-78.7382
38.189
75.106
-78.6546
17.852
-76.1191
9.08421
74.6416
80.6739
-13.8883
58.4297
69.2984
10.0069
-63.7799
-91.7406
82.4211
-68.8163
24.8872
49.7958
-48.7659
-39.1876
12.6926
-123.637
120.69
-77.1465
16.3893
-99.2026
-179.99
-108.882
-139.67
23.6097
114.826
-23.394
-95.8388
126.777
-4.87017
-39.3744
-170.187
79.3388
78.4211
8.64235
50.8483
-3.58871
-106.305
117.222
-2.76006
134.765
128.25
-181.962
25.3758
-168.743
205.823
63.488
131.624
-10.545
112.252
0.771303
-58.9157
-22.1601
-62.6083
133.846
12.221
-13.492
91.4846
-7.69606
-4.90151
204.938
-60.094
-177.178
-70.7231
-63.6409
24.6863
58.232
-78.2592
-44.4408
-109.677
-36.9221
-116.338
-62.6629
14.7862
16.9765
60.2072
23.3058
-16.6603
-30.7288
-66.3359
-9.44877
49.2652
-78.422
-86.7584
8.5262
-15.9815
61.6563
-25.599
-17.3861
33.8325
-55.4161
-41.3714
90.9597
8.08592
48.2156
32.3181
105.041
-66.9046
-25.3694
-74.1456
-30.6029
8.57991
-9.58175
-72.1986
-18.9481
6.48857
-11.1255
12.4329
3.98383
-62.9984
-107.547
96.3607
88.3845
-37.4226
75.7799
-46.8364
22.5307
-89.9895
58.8086
60.2124
36.0773
-43.8689
42.2868
34.3478
19.5046
133.405
-32.527
-5.36615
87.9415
-34.4493
-67.4927
74.0601
-45.0663
-3.99808
70.0795
-24.3234
69.324
-42.7678
-5.9905
6.98863
87.6861
-40.057
-99.2981
-20.1301
-38.0742
52.5112
-84.8212
40.6992
11.4009
21.7964
-62.9956
-35.5877
25.5935
54.0722
17.2429
-36.1718
17.1302
72.2053
-35.0863
36.2566
20.04
21.3228
77.9976
41.3255
-2.58893
-39.7692
-55.9039
80.3234
12.819
52.6769
-27.2016
25.0036
-20.1052
6.67963
3.58571
-8.08808
-16.704
43.7321
-8.57784
16.1087
-29.6472
-27.7016
20.3361
9.22584
-75.3702
42.0582
19.097
23.7024
31.2213
-49.3963
-17.2451
11.4038
-43.4495
-50.0133
39.2186
-2.04612
-17.3912
0
17.3912
2.04612
-39.2186
50.0133
43.4495
-11.4038
17.2451
49.3963
-31.2213
-23.7024
-19.097
-42.0582
75.3702
-9.22584
-20.3361
27.7016
29.6472
-16.1087
8.57784
-43.7321
16.704
8.08808
-3.58571
-6.67963
20.1052
-25.0036
27.2016
-52.6769
-12.819
-80.3234
55.9039
39.7692
2.58893
-41.3255
-77.9976
-21.3228
-20.04
-36.2566
35.0863
-72.2053
-17.1302
36.1718
-17.2429
-54.0722
-25.5935
35.5877
62.9956
-21.7964
-11.4009
-40.6992
84.8212
-52.5112
38.0742
20.1301
99.2981
40.057
-87.6861
-6.98863
5.9905
42.7678
-69.324
24.3234
-70.0795
3.99808
45.0663
-74.0601
67.4927
34.4493
-87.9415
5.36615
32.527
-133.405
-19.5046
-34.3478
-42.2868
43.8689
-36.0773
-60.2124
-58.8086
89.9895
-22.5307
46.8364
-75.7799
37.4226
-88.3845
-96.3607
107.547
62.9984
-3.98383
-12.4329
11.1255
-6.48857
18.9481
72.1986
9.58175
-8.57991
30.6029
74.1456
25.3694
66.9046
-105.041
-32.3181
-48.2156
-8.08592
-90.9597
41.3714
55.4161
-33.8325
17.3861
25.599
-61.6563
15.9815
-8.5262
86.7584
78.422
-49.2652
9.44877
66.3359
30.7288
16.6603
-23.3058
-60.2072
-16.9765
-14.7862
62.6629
116.338
36.9221
109.677
44.4408
78.2592
-58.232
-24.6863
63.6409
70.7231
177.178
60.094
-204.938
4.90151
7.69606
-91.4846
13.492
-12.221
-133.846
62.6083
22.1601
58.9157
-0.771303
-112.252
10.545
-131.624
-63.488
-205.823
168.743
-25.3758
181.962
-128.25
-134.765
2.76006
-117.222
106.305
3.58871
-50.8483
-8.64235
-78.4211
-79.3388
170.187
39.3744
4.87017
-126.777
95.8388
23.394
-114.826
-23.6097
139.67
108.882
179.99
99.2026
-16.3893
77.1465
-120.69
123.637
-12.6926
39.1876
48.7659
-49.7958
-24.8872
68.8163
-82.4211
91.7406
63.7799
-10.0069
-69.2984
-58.4297
13.8883
-80.6739
-74.6416
-9.08421
76.1191
-17.852
78.6546
-75.106
-38.189
78.7382
24.9878
-25.8338
-48.6748
36.8799
-72.9087
66.7748
-1.46224
-28.2159
-48.5274
-123.253
165.137
-82.2631
6.18218
56.3358
32.0638
44.3715
-40.9673
-40.8652
103.57
-136.997
-30.9378
-42.2017
-28.0748
27.117
97.662
-6.01822
-7.13134
72.2873
-19.4523
-64.5831
84.3901
25.1347
-9.84637
-38.7743
48.7913
177.592
-11.9388
75.7708
44.0064
48.0806
116.124
20.9075
-70.1745
38.0683
81.3731
-28.8599
-35.4988
-29.284
14.5
-25.9983
-79.0852
-72.6345
9.78402
-49.6282
-42.4915
121.192
-97.2304
99.0342
55.9326
-65.0543
9.65188
82.541
52.422
-27.7403
-100.271
-11.4078
-43.9065
25.3778
-12.12
-48.7609
-95.1156
15.4161
-19.9335
177.387
-60.4044
-129.68
83.6428
48.5483
116.82
-32.5254
-156.022
-70.03
-34.5989
-108.654
112.138
-99.3636
72.648
121.256
145.921
-91.7139
-120.796
-19.4959
36.4574
-107.85
154.201
-24.8166
100.238
23.1143
0.724273
81.3826
114.017
40.6255
-179.992
70.382
33.331
60.329
-70.979
53.8233
103.032
-41.1059
-88.6495
99.3766
-47.843
-85.7108
-60.1489
60.9555
-23.9799
-37.4081
-27.2434
-4.26675
59.5452
-60.6906
-64.4924
9.15592
-82.5562
25.9348
-16.902
50.3821
-1.83472
57.4989
-145.751
13.9101
30.6011
47.206
60.9997
-19.0292
2.2584
74.0918
40.2987
27.2914
23.9057
51.2222
-70.3474
3.59492
69.8636
13.2057
-48.4226
17.0247
23.0279
62.2489
-113.06
-8.30169
12.076
-43.4822
-6.60961
-36.6632
-9.69477
112.469
-25.4739
2.28225
-60.4983
180.914
101.498
-18.2738
0.0837524
-70.5267
-6.78505
49.6372
42.8583
-117.959
-33.9888
17.3313
0.72063
48.5459
-44.5514
18.0987
22.75
86.8135
35.8654
27.5394
-95.1948
22.2285
28.4922
-15.897
3.60201
-100.531
45.0546
-81.746
9.25166
-9.69459
-4.52295
-51.4931
-52.2527
-125.109
93.4679
-9.83243
-4.58137
73.185
101.324
-6.11262
-66.6032
22.3652
-75.8405
-5.26327
-43.2705
80.8881
-6.73437
14.9432
-29.1455
18.8156
-73.669
-2.07744
-52.8192
4.02301
-0.78534
-93.3457
-66.4888
-127.13
-85.5329
65.643
18.2886
-3.26928
70.9149
4.17641
-11.1579
-76.3523
68.4073
26.3164
-107.553
25.3148
-87.4298
37.0484
-55.3339
-74.5573
-85.1897
67.2364
190.622
-109.613
-30.5575
-70.8009
108.179
-22.1517
94.7032
42.2274
-5.91696
65.72
6.61539
28.7116
44.1659
85.1128
-76.0949
95.5384
-39.3768
3.90085
137.903
36.6505
-104.036
-81.6599
-49.1092
-1.59151
-87.3812
-8.82388
103.353
-2.02273
-71.1822
-130.207
37.2577
-46.4504
-195.844
1.63648
-108.904
-115.54
-3.07082
-62.0164
-59.2901
-44.4287
0.404811
44.6821
-106.06
59.0346
-123.068
139.001
38.4344
-3.32143
37.9497
-54.2522
85.482
31.6092
13.2513
-76.5263
-28.104
60.9262
51.9165
-105.666
12.6848
-189.114
-8.62575
3.43222
-102.522
-64.6563
-21.7365
30.8562
17.77
12.519
85.1893
-53.2471
-18.4239
118.001
-14.8063
15.1617
-58.1579
-58.3859
-4.86249
-54.4631
7.79713
14.107
-2.39437
30.5075
6.74456
26.9418
6.61912
-10.2118
-29.6227
45.2377
92.5635
-198.924
-37.2582
67.21
-37.313
-6.98421
-64.014
23.1458
7.00935
-1.42767
-118.783
24.608
-28.3398
113.442
-6.90605
41.8972
21.3305
117.258
-74.4192
-17.9885
83.5734
85.89
-107.617
-50.06
61.9752
-33.8083
31.8766
29.8449
-48.0626
79.9057
73.0946
52.1087
114.946
126.399
-80.0387
88.6875
-20.7597
60.9184
121.243
35.6955
-6.356
23.0026
-102.418
14.7761
-23.0892
-84.8129
68.4146
46.7799
62.983
-130.556
-24.8713
-33.4617
18.7052
-74.7997
36.4171
20.7982
50.2436
-2.49805
61.009
29.9598
66.7248
-40.3156
53.7723
-7.52228
-52.4312
25.2414
-34.2655
5.85464
56.9898
-41.7176
-27.1609
-42.1608
-121.063
-63.1423
-18.2157
62.1216
4.7852
-49.4983
-9.21292
-3.14144
13.6624
-9.20977
-109.578
30.1299
19.347
25.1798
-21.4468
6.69024
-88.3095
-15.9111
37.5379
111.131
53.5954
-13.884
38.2781
-61.0613
-71.3627
3.02559
-33.2516
126.426
39.8217
34.3929
19.016
82.8041
24.4993
-7.59056
27.4218
61.7256
70.629
-35.3379
-48.1351
68.5337
-3.71854
48.1905
-41.0026
41.1116
99.5045
-56.5708
81.2728
-53.9031
-3.61366
95.0436
-22.9139
-128.568
49.6724
-72.1615
-32.9193
-128.935
-105.479
-36.146
39.1646
34.8769
-149.593
70.121
37.519
124.595
59.9564
27.7584
-12.4599
15.8408
-33.0065
-24.9245
-33.3608
-13.6299
39.3561
42.9179
-32.7298
-3.29402
-57.7332
7.91677
-23.084
56.1415
-3.21173
-54.2732
14.8302
30.1345
-9.3483
-37.0752
55.2313
-45.3455
-8.78848
-104.749
-2.0992
-144.043
81.9145
-67.5418
-133.862
-124.139
-87.8189
-30.2535
23.1147
-90.9945
-0.912693
-89.3771
37.6662
-62.2787
-74.9141
106.764
37.8398
44.932
32.3885
60.5567
-14.2008
-59.7614
-35.0451
-13.0393
-23.2228
-25.735
23.2288
-0.534116
-89.4977
-40.4508
-76.7625
-88.318
-21.2147
20.0991
40.561
8.34464
-32.3169
56.6413
27.7144
-12.1694
1.07855
27.3556
36.9726
60.5118
-53.76
66.3252
16.4595
-12.7005
-26.0508
-55.3958
-29.7233
2.78617
-81.1985
20.1061
-74.4627
59.2418
41.924
21.9824
-2.03452
-27.1684
-15.9879
46.8645
-33.6626
-12.9155
24.367
-109.415
53.9225
28.3499
-53.2996
-9.14258
20.0565
33.0225
80.8878
11.5005
-11.0113
-22.616
-3.05841
-65.8086
66.8062
73.7337
14.1848
-43.688
-27.7082
60.4425
-26.0455
-14.9121
-5.7497
47.8682
-92.1749
-48.0048
-4.51798
-18.2067
-56.4385
46.6923
104.653
32.445
35.9635
29.9492
7.64377
-6.51192
-27.0904
71.813
37.9573
-32.9531
9.97523
-35.7981
-121.952
42.7439
12.5059
-36.7158
-49.0369
108.757
-8.70222
40.4658
16.3565
39.3667
-15.8838
46.5612
-25.5054
-72.0576
145.909
-13.1124
57.4978
13.9412
53.4984
52.2106
51.6531
-44.6879
-37.1107
26.4628
-16.3339
-48.2781
-7.45666
-70.5112
47.6989
45.4463
-10.4207
95.5741
-63.012
10.4085
7.02495
-68.8804
21.5932
5.0269
92.6784
123.329
63.8968
30.8859
85.2197
86.0398
-91.5826
34.2551
34.2547
4.31404
23.2433
-22.5028
-82.5025
-21.0233
-61.1902
4.07631
3.33395
80.1913
54.0248
-67.6248
-31.1264
79.6038
84.9766
36.342
-118.959
5.10628
58.1492
-32.4622
28.6591
10.421
67.6245
-29.3277
-72.4303
-14.4442
-46.4214
-25.1807
-48.9477
54.326
12.5963
70.7081
-73.3254
165.493
8.95381
27.5432
105.968
98.6958
-62.3033
-175.794
81.7079
-111.832
-181.849
46.5934
23.725
-88.1259
-127.47
-91.8594
-85.9713
5.08414
-1.94659
104.504
46.7718
7.2487
-119.098
-40.6854
-58.9689
58.7485
12.0803
90.837
-0.56596
-55.124
-6.15787
63.6843
-83.2188
69.6162
9.35255
-23.5707
-145.326
-41.6115
112.714
38.0844
1.81157
58.8206
35.2161
-59.571
144.996
-88.3293
-96.0888
119.907
-21.327
33.2252
23.3632
-33.1735
100.468
21.7198
5.07002
-44.9788
31.0234
105.411
66.5161
-146.935
23.008
-95.2852
31.6218
136.945
-67.4159
55.0978
-74.8009
-50.5259
99.058
-38.3667
49.6718
72.0529
6.90132
-70.6892
82.7765
-211.47
-73.1539
40.8002
-83.1974
-73.4967
107.167
188.726
12.8693
13.3724
-103.299
-128.237
-3.46278
92.751
-140.925
-179.109
-124.637
-113.269
61.581
89.4304
-87.5646
-7.25948
19.4025
-35.02
119.074
-89.6851
-17.4406
19.6213
-43.7486
-24.1419
-12.6666
-101.786
-31.6322
-115.016
-26.1918
105.647
-34.6424
36.7159
-50.9763
-60.963
58.2278
-58.1094
-3.72988
-95.617
-169.653
-21.9662
-153.882
57.9291
-55.892
53.2307
68.8913
-29.7955
-60.4789
24.3661
15.7509
23.7456
43.5955
64.8174
95.5392
-26.8918
-90.037
50.5254
-73.1913
10.1435
7.37495
62.1892
49.0856
-99.4114
103.333
67.3903
72.5481
49.3648
-85.0603
-99.9872
-55.3889
-16.3753
18.3798
12.4
64.2636
-8.16568
68.8841
35.5974
34.4141
-13.8629
40.9072
53.0721
71.5618
20.1697
11.0173
-31.632
21.9785
35.4799
-69.0784
-38.4065
-32.0909
56.3143
-15.8738
16.9021
-5.34128
-21.5895
-5.66375
25.3077
-16.2839
25.5616
10.6818
11.5537
28.9104
-0.0226061
18.5821
-38.5305
-34.8113
10.2086
-36.4713
-4.94196
7.05701
11.7552
67.0054
-51.8024
18.0884
11.5164
-88.5369
49.2737
-46.6956
29.6192
-38.906
59.0848
-36.3293
-38.5014
-21.895
72.6117
66.2364
-44.8082
23.5997
-33.3269
74.7833
-8.6756
41.2648
67.7306
19.3145
20.4563
33.8777
8.15914
3.24337
7.95157
-25.2454
-44.9389
1.25756
21.7178
-57.1227
-38.2302
-31.2324
-37.9567
34.1056
-3.33638
-61.7798
27.5156
-107.532
-15.209
50.984
-29.7788
69.3623
-91.749
-30.5838
115.782
-29.4405
-15.7824
-33.543
16.614
48.0217
-15.9927
-36.9624
-124.506
-61.1369
85.7539
-78.2093
-57.1516
139.061
-69.3085
42.6275
-48.1617
-31.581
-27.3708
42.4327
42.8648
105.899
66.6538
14.4788
-39.6681
-48.0933
-9.88173
27.9959
29.1839
24.3999
-24.3713
3.98308
70.9454
1.34354
119.327
59.8035
10.2489
-25.9381
-26.5946
-107.673
24.738
116.739
8.4598
-26.906
152.714
43.3313
-6.90403
10.032
-54.3882
-53.0212
108.525
5.00216
-106.844
-134.155
-109.788
4.64169
45.4805
-10.5706
129.039
139.072
69.9995
-54.0926
45.7616
130.238
-83.1059
-14.7151
-10.6507
-22.7905
99.2838
-78.6523
-5.18459
-26.0935
68.8784
-5.7377
-73.5861
-96.4846
-57.665
8.96185
-13.7179
-91.8587
151.198
-62.3228
63.3426
-50.4044
134.371
-35.2836
-3.84634
32.8662
-26.4086
-37.246
-86.9102
56.8889
-61.2313
63.0275
72.9843
72.4007
158.548
64.0714
-20.838
6.24383
48.05
-18.8942
23.3737
6.38906
64.8523
-203.069
59.0623
-103.531
-42.597
-55.4807
72.8829
95.1733
13.6468
-123.8
-307.156
-20.362
66.3446
-94.4363
-114.247
51.4033
-53.1822
35.5058
-96.8447
48.9551
58.7345
52.2797
-43.6777
84.8829
-21.2303
156.415
153.502
-135.111
153.864
-109.484
81.1331
-174.994
42.7187
-17.9787
38.1269
-198.715
78.4155
-111.118
50.575
15.808
131.893
-108.804
-97.7724
-112.395
-10.4674
175.847
91.509
78.8614
-74.3429
139.367
-9.3297
-19.8434
182.515
-28.4018
142.42
83.2719
-137.278
4.20827
-65.0147
-173.166
109.981
-38.9522
106.601
17.1354
-57.7933
57.232
9.95174
285.78
92.6977
167.349
23.9541
-39.191
80.9415
-21.3058
-123.902
-45.5402
12.8362
241.086
158.654
18.6331
-80.0548
146.488
24.7096
-59.1564
-31.913
188.941
-195.887
43.0791
162.445
73.059
-27.6575
-88.3233
-28.6929
141.077
40.7557
-20.1925
92.151
30.1955
-58.1873
-17.7844
137.894
-70.9265
56.789
166.033
-155.027
196.388
30.5083
96.4747
65.0226
-43.457
-75.7001
-236.32
72.6731
162.172
107.66
-292.781
56.6709
68.4381
-156.351
23.4147
85.4794
99.3881
-83.7616
-116.78
24.2999
-18.1059
-141.491
-75.1122
-83.2971
81.6637
-95.5357
88.9399
11.7337
-3.8656
17.0096
-19.4642
-39.9449
14.6878
211.67
39.7586
-94.6404
11.0371
95.9479
-11.7897
91.4802
83.8959
28.2389
-19.2951
47.1889
56.1596
-68.6201
-1.3981
-38.7547
-47.083
-30.9285
-12.0313
-120
43.3057
19.1728
2.3206
36.1409
33.844
-71.829
37.7601
39.9323
-61.4082
-4.62161
-7.05964
-54.7605
31.2198
23.0419
57.209
-97.5357
-29.6655
-14.1119
0.961938
8.99515
29.5392
26.9143
-49.535
-26.1111
-65.8214
35.7759
8.46187
-40.27
-37.4804
-48.45
81.8143
4.80508
32.8258
-48.5832
-6.69494
35.6389
49.2249
52.5534
24.8791
17.9365
25.5973
5.66171
66.7168
-22.993
-31.8372
19.7707
-9.3432
-16.025
52.5986
-1.90238
-37.7148
-4.72329
80.665
32.3789
-3.83351
65.9307
-1.41087
-34.7694
43.6994
91.8042
48.733
17.5595
-30.0179
1.48428
-80.7445
-52.4194
-31.22
11.6528
44.1382
-114.469
-17.3008
-9.99796
-102.801
-92.2971
-27.39
-48.9913
151.111
-61.3573
76.3169
75.0083
-77.4496
-127.474
-86.4335
6.07192
81.0483
25.3191
-263.9
10.0851
94.0057
-87.3837
24.1657
70.5508
167.514
-82.4523
-17.2185
41.2283
28.491
113.466
-26.8475
-139.043
66.6133
-63.283
-21.867
226.391
53.9002
-0.337381
101.968
-6.26747
-75.2721
128.031
-137.31
-60.918
16.1333
203.187
-94.4101
146.757
155.94
16.4655
15.7945
92.0789
282.447
-272.074
-85.3235
86.6553
-101.54
-7.83531
-180.127
11.0984
-102.621
-23.8865
-160.939
-111.866
21.8448
-24.5915
-182.134
-87.5105
64.7379
95.8165
104.877
-182.879
213.941
113.893
80.3908
101.897
-86.7103
58.991
59.5205
95.539
63.5343
115.073
-243.656
137.692
-328.917
205.786
76.0936
-110.73
-174.735
106.411
-119.784
105.89
-160.454
-81.6181
-175.199
101.189
-97.4552
42.7623
54.3606
74.3553
1.7233
-81.6856
18.2417
-10.5384
223.472
51.7008
117.408
7.92954
-49.8867
-117.52
113.056
89.8407
-163.677
38.4634
115.432
-98.4175
100.643
-65.7739
-121.44
-194.341
-123.478
14.9564
23.3477
26.7324
231.143
27.9279
134.146
-1.02228
-71.8515
144.474
-29.5037
144.913
29.1061
78.4173
98.5857
-41.3442
-119.839
179.318
-83.1236
-143.498
91.7826
117.606
-37.6277
125.279
-94.0631
23.4838
237.445
98.3192
-157.229
-6.48226
-66.4916
88.7918
-114.945
53.6609
11.8933
9.61296
8.87709
-193.423
-17.8474
113.3
-99.2798
96.7437
30.2823
-70.9253
-32.5645
16.8774
-165.15
60.7416
23.9708
22.4212
131.87
-98.8072
42.0706
-122.097
114.728
-112.609
-97.7784
30.0096
-41.6025
28.4126
-140.807
155.158
12.3605
-20.2527
80.571
90.3132
51.2785
-44.063
37.0196
96.0156
37.5582
50.3621
67.3194
-18.1188
-34.8842
102.347
-3.98125
-55.8241
3.93879
19.9895
-79.54
25.8235
24.4591
-42.9332
-8.83622
-39.566
-20.7329
-5.50683
5.46685
11.316
28.7793
-21.0594
101.343
-10.4909
13.5306
-3.70509
-37.494
7.61764
20.8527
25.2462
-53.5085
-49.7361
1.39103
-10.1851
45.65
-5.95769
19.334
-18.4285
75.0168
-33.6994
16.6485
33.415
79.9241
-45.1703
0.248174
-23.2146
56.5192
14.7833
28.406
-4.79204
-26.5277
-15.6635
33.5955
4.67405
-58.6762
4.07279
-0.758727
-23.9736
-83.1176
-45.6795
3.58108
-45.0582
-13.4363
47.6564
-20.7745
6.76337
-12.6048
-0.844337
3.92446
-23.2004
-42.2545
-4.07907
31.6933
57.8415
93.1099
44.524
-40.7469
52.6583
8.73845
25.8833
-31.0563
124.638
54.4926
3.3756
101.961
202.537
-40.0557
-97.3591
-50.929
28.0323
1.90935
-29.3791
-4.16354
95.074
14.1531
-115.042
-21.8189
78.5463
-49.7712
35.1668
-9.46938
22.5001
39.4528
78.1708
-153.897
102.495
-127.044
33.6114
112.19
-119.28
64.933
-44.6751
27.213
-83.4172
62.3963
-9.91875
6.84978
26.9651
-56.3281
23.5852
24.3496
82.1738
84.997
217.049
-54.7378
-23.0624
-91.3125
4.24026
24.5708
4.60718
155.862
-46.0459
-117.709
290.427
-72.2437
4.20846
9.804
-48.2893
-41.5621
116.206
21.3493
-36.145
-30.9457
-49.6382
56.4284
151.271
-16.4911
77.1058
98.9321
-88.7343
284.242
13.903
-97.4109
-246.308
-329.521
-72.1212
117.793
26.5731
151.524
-209.666
-97.7933
-96.9589
80.8481
78.6148
86.8796
67.6841
112.033
-118.742
-96.9696
-101.461
125.734
132.771
214.738
-233.735
-17.591
-202.561
135.607
-56.5802
-99.3129
-31.861
-102.851
-43.5837
148.941
-46.5571
-191.109
-192.29
136.723
85.226
124.635
159.712
-193.673
-103.865
141.126
-10.7817
-4.19847
282.579
-69.595
-64.2893
-175.925
72.4514
-41.5138
-185.852
-199.647
-19.2976
-74.2465
118.736
-315.23
169.521
-122.122
-88.7309
-235.734
10.3079
-46.2109
-217.547
121.074
-16.2523
-62.0189
-55.0108
23.8791
62.2675
-43.3541
-122.989
-16.3801
-173.702
44.2129
-186.623
-178.471
145.212
-186.368
-105.474
-140.472
-132.225
102.097
-109.637
280.791
-73.623
-80.5738
194.784
64.5169
-1.50814
153.089
-245.13
1.57415
156.549
-153.513
-7.31257
22.6841
-86.4016
-87.3067
-151.669
-44.9071
-12.3534
145.169
-114.111
-7.4537
86.2194
22.3221
182.733
-219.43
-53.8387
94.4041
-1.27402
167.488
-20.3055
-1.82371
-53.7936
93.2181
-185.288
-135.988
-25.8515
-112.653
58.0545
-38.6754
13.7271
4.1256
-34.2471
118.415
-149.97
-29.4549
-3.12513
-162.574
72.3784
102.364
-114.19
-213.824
46.6605
63.8201
-43.7976
114.906
74.7753
-258.662
-95.3398
54.5059
151.02
-123.272
-16.996
-148.313
134.041
-50.3924
-73.4034
48.4646
95.7693
-119.03
61.9071
-35.8275
-46.4463
-23.7257
130.426
-58.405
13.9118
142.439
-26.3293
-61.491
19.2234
-8.18442
55.1051
129.041
-49.3015
13.1374
-29.5355
114.538
-97.4413
42.3769
-32.079
-4.79132
76.2635
184.881
60.1591
-11.2493
-69.6865
-55.7883
2.08163
118.747
-38.7867
133.732
40.0096
-13.3092
-78.8837
-71.0545
9.63714
129.084
-129.553
-0.151087
37.5551
9.27101
52.1278
-74.3753
23.5617
23.0355
-142.034
-51.1699
-63.3719
1.47437
33.8621
80.2862
-111.479
32.4783
-22.8152
-35.0703
-52.3127
8.53121
-35.6692
102.314
-2.36248
-24.1356
9.7279
-33.4636
13.5966
-13.9598
5.06797
-41.5301
5.14843
2.21113
2.20931
-42.5829
20.95
-9.71831
-59.7155
-48.2791
-66.8818
110.854
-43.709
55.8632
-48.5991
18.0229
38.4514
-25.3082
4.58234
31.4958
1.80463
25.8819
-6.54418
-17.0158
-9.4937
-23.7966
-31.1506
-24.3477
-25.3028
1.87679
-11.0551
3.42085
4.03377
31.8708
2.09378
50.8471
-35.1317
-29.2142
49.0356
-28.5629
72.8926
-0.612735
10.5875
-28.048
-33.1971
-23.3324
-59.0737
-61.1231
28.3339
-34.7988
27.3599
48.9032
4.92257
-0.566756
-38.803
27.9571
68.5564
-9.41891
-36.63
-14.8842
-28.523
-21.4493
6.34239
-48.6986
8.95296
4.40772
49.199
-37.4231
10.3802
-19.2158
-30.1026
1.2167
-16.6191
-42.3986
64.8403
55.1397
23.0925
6.80407
25.882
61.0271
-38.5726
-1.98566
-21.2783
-17.6559
78.8076
44.138
70.6759
-29.6456
7.46811
-29.0955
20.9899
36.3016
25.5217
31.9275
0.310151
-25.5292
38.8956
27.1698
62.7922
121.178
-111.389
40.0807
-42.541
24.7511
-0.211978
-33.0232
8.70994
45.0757
-80.671
-0.613873
-55.8732
-21.167
-42.961
-30.9127
-54.5139
-40.3224
-31.5837
-16.4109
-132.462
9.89197
-79.7987
67.3785
-72.7699
-34.3963
51.261
-60.3781
49.1379
-88.5125
-33.3337
-12.8778
9.24188
31.7479
-65.7688
-35.6173
-176.099
-70.2262
-56.5387
-12.4625
51.8083
-5.16252
-7.23323
1.60743
-199.808
49.1116
-28.406
5.36056
47.1551
41.4729
37.3962
-0.620953
34.6258
-93.7548
-90.9688
81.7029
-85.0487
-63.7259
67.1715
105.223
-6.62034
198.361
-183.389
-1.99955
11.8544
60.6762
-58.2086
-20.3975
-136.647
-187.066
61.3399
-30.4806
64.21
-64.3818
25.8558
-100.497
15.1562
-50.4926
-106.207
35.1343
-83.0671
1.33247
-32.1216
35.3554
-51.1219
65.897
52.0206
-87.9516
52.6971
158.161
-75.397
19.9902
37.6731
84.6932
9.09941
7.8536
107.941
-147.387
-109.302
73.7056
-27.438
-97.5882
43.5203
-53.8552
-82.9612
-22.6777
-118.116
-54.1623
130.941
74.0171
139.387
128.046
35.1659
40.6029
-9.11195
-55.707
-42.971
41.1974
41.0932
-111.217
108.223
40.3348
83.1138
211.736
-18.808
-13.0106
77.9402
-42.4182
9.5031
-8.3874
106.136
-18.6766
-98.2409
-113.855
37.7838
45.9043
23.9174
41.281
-113.88
-61.1487
-12.8768
60.1504
29.2984
67.0271
38.8162
1.3795
-25.2854
-10.1982
-0.0398328
-4.46534
-30.8686
18.9354
-19.9192
-50.8971
-142.641
46.9815
-20.3048
179.287
-146.109
5.68326
52.9053
14.4614
2.9082
-7.43267
13.659
9.49814
-71.3484
-41.403
12.9538
98.3392
-66.2527
125.184
56.6921
-40.905
60.7682
27.1015
-41.0172
5.49493
-58.68
68.2171
43.2967
19.8956
-24.9992
-41.7118
-47.0708
164.031
-105.487
-17.4913
-94.5869
58.5434
-104.49
136.22
-11.2411
-107.743
-13.5708
-67.2911
-127.294
19.86
-41.3942
72.8405
-81.4443
-126.867
-17.8851
1.06269
41.8071
91.6901
35.5046
-88.1737
58.6035
17.7947
-63.0682
54.8257
-6.89326
-5.04906
-67.7491
3.73071
-11.8162
-31.3595
230.202
-54.8511
-67.2377
-38.0515
-67.6343
-50.8278
-26.5831
61.6259
5.66938
-22.8353
3.4068
-64.3529
-20.0359
52.7293
-35.5001
23.9397
-11.0531
-52.6358
-89.0825
7.01701
-96.9676
52.8905
61.0366
-54.1989
-25.2012
12.2324
-63.6267
24.4043
-17.045
45.1781
30.5151
-74.1387
-17.5634
-38.6165
4.30337
25.4415
-68.8177
-55.2736
-18.3473
121.783
15.5098
-136.288
128.429
108.19
-9.59746
-13.1268
7.67025
-10.9351
26.9718
-74.0232
-80.0307
-33.9852
-29.2055
13.3117
-84.3377
-28.0451
-32.1426
-24.111
51.4423
13.5846
69.6576
41.6837
-2.2049
13.1241
64.0969
52.1619
-58.6903
-120.977
-13.5786
-23.3779
14.1344
-27.4566
-7.58951
39.8916
30.8585
25.6493
-13.3012
-57.6166
-134.229
-10.7369
-1.15083
55.915
26.0941
57.9058
51.8708
-56.4333
-1.13491
32.245
-14.9588
-1.14005
-20.9803
69.4661
36.2364
-5.65031
-3.04068
15.0456
14.4152
39.7859
6.59646
9.98212
-10.4558
-31.4861
19.4208
26.4424
-18.2694
-39.7723
-4.66218
34.787
-24.1919
51.342
0.625143
24.2428
30.0476
34.7929
-11.0749
46.1762
36.3953
65.0258
10.3688
1.07762
2.68279
-62.1492
44.061
-37.7787
-22.5904
12.0209
-18.1093
-54.2219
-62.6737
83.1344
-14.9364
-38.3603
30.3624
-14.5043
41.206
14.3531
10.1696
-42.0365
-76.3667
-19.5466
-34.4733
-58.6283
-21.8788
29.8776
-15.3096
47.1295
-20.4818
-42.9854
-38.0184
-26.3845
63.7557
-104.371
23.5581
85.9619
68.8652
11.8707
37.5186
19.1773
-1.3974
-30.5303
4.1686
28.1742
-16.7619
-21.3838
-20.272
47.821
-21.6078
47.3008
-55.1358
-28.6511
82.9303
-27.2628
61.8518
-51.285
-59.4963
48.8333
-49.7036
-130.166
75.2651
-10.3039
-25.621
-65.1598
-12.5558
45.5719
97.4451
51.0357
50.8974
48.6281
-5.78645
22.029
7.05265
81.0904
21.3052
139.435
-56.0562
27.5452
-37.8276
29.6491
38.7482
-80.6883
114.297
15.0798
-47.1174
-54.8266
-18.6063
20.8473
-26.8583
-62.0488
33.135
77.5557
45.9739
31.0991
182.904
-52.0392
-5.20628
32.8788
-14.1688
30.292
-15.6368
-59.3311
86.3585
-88.0122
50.0463
-39.0379
20.7178
-47.6405
-45.6741
86.9744
91.4601
68.328
-7.87457
-23.56
52.8585
41.4556
31.4228
19.505
24.2033
-27.8678
-3.3419
12.4923
54.8246
7.85812
41.9483
103.346
45.8134
-5.47119
-14.4542
-72.9272
-77.4031
19.2323
-10.4954
-45.0908
4.28724
-10.1732
33.4785
34.5565
86.9713
-43.781
19.3294
36.12
-24.1412
-35.4133
-16.8782
1.59239
-45.9565
36.7953
53.1909
-6.11542
33.9629
49.622
26.4381
-12.2849
-21.7995
4.27903
-6.68323
13.8464
-7.91364
-0.565642
0.307335
20.7185
-2.42316
-2.99642
-19.5318
16.5624
-52.4265
1.28786
-11.3271
-15.7627
11.6982
-6.0851
12.222
-11.1682
-30.9997
-33.3853
10.5503
9.40085
12.5715
-28.9236
28.3529
10.8585
10.0573
2.46555
8.18979
-14.7082
-12.1452
-6.98303
-46.1271
-0.576808
0.77639
18.3686
-34.2874
-3.13722
-17.4357
-4.89696
11.5782
7.6816
19.2516
19.727
-3.10941
6.23479
8.28089
16.7464
-22.7446
5.82466
-1.3846
-9.26053
16.9529
-12.177
16.488
7.93666
7.8509
0.890707
-13.2566
-9.77831
-32.7013
4.60118
-12.3958
41.9425
14.1993
16.5257
54.5538
-24.0336
-6.00778
18.1086
-8.80963
8.87828
-5.562
-3.02411
29.2324
-27.1399
6.4965
7.25018
5.52342
-7.03919
-19.7706
34.2107
23.2951
24.7164
0.35424
0.518434
12.9549
10.8147
7.65422
20.1323
6.71905
-0.184307
3.47981
6.74873
30.3448
16.6048
11.806
60.8562
40.5294
-33.6949
-5.01525
-30.741
-43.8779
1.32362
2.79732
-27.702
-5.67841
-5.41383
11.2373
8.62845
33.5102
-16.343
6.52788
15.4179
-11.4272
-19.8758
6.99037
3.20818
-28.5389
10.5017
10.2606
-11.2993
10.2255
20.6207
10.5068
-0.222153
-25.3929
14.079
-17.7339
5.89158
-17.6766
10.4771
-6.00602
-2.33134
18.4558
13.7206
-6.77574
7.68343
-24.0716
2.36444
-1.63626
-15.6638
17.7073
-7.42144
-13.6012
-11.6587
-16.5249
-1.97718
3.35474
13.8684
14.0715
-28.737
32.342
1.97545
14.4969
3.40682
8.25275
-0.799354
-22.1997
-4.81307
-47.7887
-13.3783
24.2156
21.2344
-21.1967
4.13495
-10.246
-5.27036
0.508599
16.6293
6.1236
18.5685
-8.2981
6.81164
5.19305
14.4071
-7.05646
3.33095
-15.5338
11.9311
15.4354
-8.67927
-15.8126
-6.40622
16.323
3.56981
-5.31441
-20.2206
-21.4036
14.5651
-6.09877
48.8147
5.8378
8.30552
13.8311
-39.8429
-22.6828
-10.3765
-18.5288
43.2937
-28.0825
-0.396603
13.7684
-18.2213
3.56542
-4.90614
-32.3152
-0.376463
-30.051
61.5143
36.2916
10.7943
2.69386
0.39676
-2.63495
-0.859758
6.16453
20.1274
2.89978
-12.3994
-32.0292
-19.8843
3.56174
-35.5252
-28.9728
24.5953
-52.9775
382.042
-13.3876
-14.1394
-47.0078
19.1319
-15.2768
-7.80019
24.2734
10.7841
21.2939
32.4277
22.8078
17.1042
8.75931
-22.3672
25.9244
-45.5334
3.52507
12.2632
-25.2315
17.2429
18.6503
-2.40646
54.7022
25.7731
42.5393
-23.1123
4.50042
0.734135
33.3465
-7.3653
16.9597
-70.1352
47.9121
-7.52734
-72.3011
-10.1394
24.7038
53.9901
-63.7714
4.40713
-33.3916
-4.5456
9.55922
23.1629
58.9533
-10.2276
-43.8805
-65.4649
21.0963
-2.05469
-1.05817
-11.2592
-5.26578
20.7776
4.71847
-6.11662
-32.813
-24.914
0.7554
-39.6648
13.0405
59.9818
-88.9598
-0.167202
-20.7345
-45.5625
-36.0564
20.6009
32.734
-6.94085
70.9334
12.8379
10.0337
-10.8348
29.2881
-6.85332
-51.2726
41.1108
48.8793
-33.9653
32.0699
1.02295
53.4606
31.4439
-6.98535
-10.1662
-10.0587
20.4056
-7.39276
-31.5711
-60.5275
18.3509
74.0843
20.8911
69.6593
90.7569
15.9009
79.8854
-11.2453
-77.84
36.2834
17.1387
8.91091
-24.6633
-42.0747
48.5666
70.483
-18.2851
19.6745
-63.8201
-31.6222
59.3457
-30.6095
40.0317
20.0845
9.47683
-6.36339
-0.123013
-5.71147
12.3728
58.2157
41.1372
88.2691
114.623
82.4535
94.5979
236.359
-1401.29
123.28
3.82836
24.4735
33.4506
69.8952
-16.2892
-18.9019
-19.165
-22.2266
-43.0036
6.42194
-45.6738
5.89079
75.2951
-72.5611
54.9091
0.431677
-66.0083
3.02541
-27.406
19.7327
0.99151
-87.7986
-10.2941
-41.44
46.3472
-32.2672
-30.571
-86.4164
70.0892
-44.6375
195.926
-46.6051
-3.75859
185.341
35.1094
-69.6651
-84.2447
52.5055
28.3345
38.3605
-35.7748
20.4839
-16.0779
-67.6778
-5.76091
42.6996
61.2498
29.0165
61.3121
-0.283113
-60.3735
88.42
-37.8354
41.3541
13.7188
102.585
16.9923
-23.372
53.0718
-127.905
-134.49
140.009
24.7839
-113.19
119.986
73.1921
-59.1244
-14.243
18.5304
-95.9742
9.76026
-39.5218
41.8617
-52.3541
42.2118
25.1162
-42.617
-52.4686
-12.9106
-34.4599
-8.75475
-3.19642
-9.2235
26.6138
25.528
-34.6501
-53.4078
-74.8352
112.647
69.6118
38.1212
-169.527
-7.8453
19.2494
-243.298
-9.12191
-105.861
44.8974
118.942
-38.4182
-48.048
56.0908
12.7263
102.48
-28.0909
-86.3593
34.7266
-64.8887
159.588
63.9979
-75.7607
80.1682
-77.0074
-16.3238
40.8511
12.5872
82.5828
32.3982
-6.48701
-33.5658
-37.7916
-88.9775
-93.9367
-124.18
-15.6993
-249.785
2230.43
-264.95
-61.9232
-150.475
-89.7924
-104.88
-46.7562
-30.1929
-1.44716
35.5915
73.0832
23.2442
32.7593
-13.5119
-81.8836
80.9103
-107.835
65.2441
135.047
-69.0006
37.9697
-80.4363
-47.1631
119.168
38.0031
59.0944
-50.8715
-47.1116
116.678
47.4596
-109.465
-9.60486
-231.575
-0.388313
-28.5217
-177.026
14.283
91.5701
118.716
-81.4203
-37.3049
-34.6159
12.9059
37.7357
-11.0393
-10.5683
-15.1264
-63.3717
-16.1347
-44.576
-43.1069
51.9372
11.8561
-40.1294
41.3961
-20.4379
-0.517412
-115.232
8.26524
-39.3388
-72.0154
54.6578
125.899
-96.2341
25.5793
122.419
-141.998
-108.567
67.5806
-0.502379
32.3713
124.114
24.7965
21.352
-39.2557
78.0354
-33.9791
-24.5489
66.163
24.7423
72.7163
76.4067
3.97268
-68.0619
-14.4103
13.099
-24.818
41.4697
13.8083
67.497
-94.0184
-94.9216
62.0015
200.414
12.9481
-35.0514
195.46
-47.2112
73.4069
-94.381
-29.0823
-26.1086
51.6384
-48.7143
-36.0257
-112.272
20.9852
9.42903
-34.4348
9.26598
-44.0531
1.51895
92.5498
-77.0716
84.6847
1.25001
-36.3783
-10.8138
-32.5373
-29.1371
-29.2876
-23.0789
-7.29884
91.859
35.7923
53.5207
55.4979
150.095
-1545.58
242.669
55.7244
61.2683
134.866
79.4084
36.4055
69.5911
16.4847
-4.74931
-6.95985
-1.19853
5.59593
22.8286
39.8668
-33.0061
32.3667
-34.4041
-100.279
21.0185
-18.1512
83.0046
36.315
-33.2245
1.32966
9.03435
16.9326
32.9577
-93.5988
-10.365
84.9525
18.1253
124.618
50.2404
-1.9375
78.4825
-6.92817
-48.403
-33.2085
-6.13081
43.6609
-8.5315
-26.4864
4.12788
35.3365
49.5823
-0.490816
9.83827
-37.2868
70.684
51.4582
-29.3742
-44.9094
48.0605
-16.4569
31.5155
2.32964
66.8618
-16.3092
11.342
14.9302
-60.7448
-53.0189
-2.06572
-1.70325
-132.137
68.5782
47.3698
-32.4426
25.9678
-9.96695
-21.0917
3.7919
-19.1258
23.3891
-24.3458
16.5293
-25.2541
0.891849
22.6598
-62.5847
-14.5177
2.44766
70.0853
31.933
4.47502
8.90804
-37.0616
-10.4363
-54.8054
58.4339
9.35451
13.0595
-85.1222
3.68826
68.1671
-96.8593
21.856
-14.3227
38.8345
3.58635
15.6687
-26.116
45.2169
3.3157
44.6633
18.3288
2.72112
11.6983
-20.0393
44.598
8.31713
-18.1859
36.5925
-28.0053
2.81435
41.6725
-2.16609
58.6974
18.0937
0.880617
28.6799
5.21873
-3.32652
26.4506
-27.6403
43.8752
-1.76178
466.665
-88.0852
-25.6453
-72.5186
-31.5833
-18.5377
-35.4455
-32.6043
-14.2002
3.25035
21.3736
8.92263
-3.03495
-7.29762
-3.60202
5.72673
-26.0021
44.7089
43.1875
-35.7407
3.1547
-40.1012
-22.3229
16.8505
13.3622
10.495
-2.88159
-43.133
47.3209
-19.4986
-24.0559
-28.0366
-22.0583
-24.3589
-21.8066
-2.41484
29.7788
11.7797
22.5983
-16.6876
-1.79113
-1.60397
-12.4099
34.8625
-7.86471
-37.452
-6.46376
-7.07806
21.378
0.984362
13.6925
25.2616
-25.7954
21.1956
2.32246
7.94882
8.31263
-7.25491
16.3249
-28.6844
-13.9377
-28.1647
5.08019
-5.25802
24.1019
-3.4504
-18.847
-20.6359
8.97919
-2.82728
24.308
28.5567
16.34
-7.43784
-1.06652
19.9373
-7.23833
-6.61454
24.1972
7.19825
22.0986
24.7889
3.83846
-21.5383
-1.39107
19.753
-4.58389
2.94418
-11.2257
3.79947
2.33396
-25.1081
45.9797
25.5482
0.517947
1.03232
2.41862
-20.7655
-2.24522
-24.2998
19.9409
-20.6292
2.32333
5.57756
-8.72905
-14.4523
6.90167
-21.7385
-5.08924
-19.6497
37.0625
20.5669
17.5907
-2.65383
10.5936
-3.36369
13.096
-8.44067
34.7955
1.06213
-23.8128
-6.22154
-13.3324
20.934
9.40417
-20.9199
39.7833
10.7982
-42.8582
22.1757
10.0559
-36.1806
38.7743
8.96737
-6.71285
13.2355
2.16206
4.59079
27.5652
5.22461
12.6387
3.00551
1.16611
4.5373
-17.4712
24.4407
4.25
-21.3951
-0.117899
0.436848
0.939463
15.7278
13.1161
20.21
-2.98493
-16.1802
4.73649
-6.30426
4.36545
-8.76308
3.98962
7.78227
-19.4975
1.84866
21.0629
-2.50105
18.1847
-24.5907
13.4453
-10.6119
-17.3154
29.704
11.2768
-5.6397
-2.03498
-3.27802
-1.595
27.3012
27.3999
9.30863
-32.1224
26.1324
-1.10749
11.5512
7.86363
10.9073
10.8731
-17.2286
-11.0095
-31.8703
-2.39511
-25.2894
18.6196
-41.8058
-3.20396
-7.86226
1.67159
6.34772
16.2079
26.2767
14.4474
-9.00889
4.47128
14.8059
-9.99165
-13.9215
26.3003
23.0045
0.302189
18.5229
6.70464
4.36227
10.5675
19.6068
-4.62227
-5.5268
-8.57646
-4.378
13.1061
-22.7292
40.7364
5.04933
-1.55206
17.6617
-11.5317
-11.087
-2.89126
-13.0603
10.9545
-12.1004
-5.23181
17.1308
-4.27928
-5.03334
9.86573
-17.2541
-4.72299
-20.5311
40.0112
17.4201
12.6289
6.75618
2.48473
-0.991516
26.8808
-14.4534
52.4473
5.6035
-29.1106
6.44219
-10.6024
21.1177
23.4907
-27.155
49.2058
16.9508
8.55315
7.05903
9.75543
-49.8857
36.5944
9.28743
-13.9843
4.22517
1.13893
1.47962
33.1594
6.97459
12.4214
-0.245883
5.41054
2.98477
-20.0521
40.5351
15.7814
-29.6663
0.365073
-10.1991
1.14875
16.8389
13.2006
18.9559
-1.63317
-27.6288
18.8758
-12.9956
-2.06666
-17.6163
3.15799
-1.85672
-25.0314
3.92644
36.2963
-4.8823
22.0358
-27.3685
14.1802
-9.84663
-22.0534
38.7723
10.0243
-22.2902
0.825295
3.31329
10.1452
28.2302
35.0313
13.8367
-37.0409
31.0416
-2.85704
8.79299
12.1411
14.6317
23.3692
-24.2119
-11.8789
-37.484
-4.89942
-31.7222
26.5768
-43.2748
-6.82005
-12.9444
2.99152
1.38121
22.4251
31.0337
18.4262
-9.28392
6.90351
20.7299
-20.8976
-9.63441
31.7234
29.0003
9.47696
22.447
9.19353
-5.04019
7.89802
29.1924
-8.60592
-0.22098
-11.6665
6.46182
13.1809
-25.3027
51.0073
10.1903
-7.78083
8.21808
-9.56028
-18.8408
-10.5684
-22.9317
19.176
-21.3977
-7.97373
19.2337
-2.93364
-10.3344
1.58932
-33.6997
-10.2715
-27.661
57.0801
23.7074
15.3094
10.0754
0.425974
-1.59727
36.7338
-28.137
74.0142
5.93247
-53.9181
2.90431
-19.5023
24.3104
23.162
-45.2436
56.079
3.915
45.0189
18.7167
20.1361
-63.6772
65.6986
14.9186
-11.7564
14.9224
16.0635
-0.427799
49.7
14.9357
21.8776
0.0116006
8.49283
7.47536
-32.9827
62.2983
23.1019
-41.1703
5.10135
-6.36096
14.9964
34.0924
14.6071
27.9845
-5.00158
-31.3746
28.0986
-5.17024
-5.87352
-18.4502
-9.75517
7.39957
-33.2492
-15.5863
58.3052
-7.90739
40.1446
-52.1092
23.8446
-20.959
-33.3867
49.6756
22.8979
-22.3859
7.9648
10.758
3.52025
42.8214
51.3306
8.92458
-45.3375
33.6129
-1.96286
0.231018
18.1246
20.1213
38.8309
-30.133
-20.9863
-37.6354
0.944581
-83.3006
36.1401
-70.3781
-14.3918
-19.9508
5.60723
6.23943
22.0149
52.129
23.711
-3.26397
17.8409
29.2232
-52.5984
-16.8829
43.5942
62.9937
-4.74555
25.3856
13.4579
11.4677
16.3134
37.7927
-26.4088
9.97239
-10.8364
33.5413
11.3236
-36.1893
62.1513
18.8363
-23.7762
13.4912
16.4221
-13.9135
-9.34205
-29.4121
-1.35267
-7.18025
-25.5372
27.6636
-7.22227
-33.3488
-12.2642
-47.781
-33.5476
-35.611
79.2004
6.06797
31.1946
36.7629
-19.785
2.72807
106.537
-99.636
163.248
-9.99766
-146.332
40.5972
-3.74953
69.9504
80.8456
-68.0674
96.1557
54.3276
-203.714
51.4481
-6.04634
-104.397
168.96
51.373
-18.7504
42.8753
111.125
-27.9288
55.7693
94.083
-34.3926
3.48385
74.5474
-22.5348
-99.2982
203.387
77.7899
-112.203
5.41745
-15.1272
80.5535
104.241
-22.0539
49.0249
7.77702
-93.4895
100.62
-4.36617
-92.9379
-90.5589
-33.8965
-91.8945
-103.015
-116.695
286.561
11.2708
95.7156
-62.836
110.736
8.13752
-11.0862
108.004
6.57771
-148.241
-23.8451
170.505
65.3818
34.7589
204.295
-103.121
-46.2054
-59.1049
36.7116
58.2999
103.169
155.481
168.975
-33.3159
-108.797
-227.465
53.6535
-164.293
89.5559
-255.622
-127.639
-142.334
-96.0104
-99.0531
86.062
30.9869
130.524
42.9551
-128.64
212.869
-88.6381
-112.969
167.07
161.089
-101.875
31.6306
166.463
121.449
107.048
47.0669
111.474
-190.468
188.693
40.5343
-4.30432
-16.03
-88.8944
-4.34919
62.5834
171.036
-59.3601
-100.802
-73.4556
-168.666
-99.3754
102.568
113.316
163.594
160.077
28.6281
300.678
159.148
28.9346
-25.6131
124.33
68.8569
117.78
-121.985
74.4874
110.011
17.4282
88.6455
67.1866
180.745
43.7359
-76.8605
-80.1765
48.8944
-34.1753
-143.394
144.565
2.55839
380.476
-151.255
15.3351
-196.865
-261.155
-193.372
-117.119
89.3583
-393.779
127.631
49.5034
-238.573
283.083
-150.203
8.2501
184.401
353.213
-96.8723
223.907
-108.072
19.6803
36.0396
-6.4107
-264.699
114.889
153.455
-72.053
219.978
-297.825
-14.5038
126.665
108.124
97.5247
245.495
-53.5904
26.338
-137.514
-162.245
75.4464
67.3762
-130.227
-235.062
172.091
299.128
313.962
195.967
-126.606
-233.369
-212.13
95.1321
180.828
-232.386
-78.0734
204.175
52.7223
223.133
-123.348
-158.385
-270.031
58.7877
117.654
179.454
156.367
155.804
114.445
3.6464
182.278
246.83
0.658925
154.079
20.1235
79.8497
-146.071
-125.13
-182.761
175.304
67.2047
-246.165
316.683
67.1518
45.4995
-107.065
-110.915
-199.183
98.9718
-34.4866
72.7984
-69.7816
-229.554
-408.408
-10.1861
-0.715448
139.14
-24.0599
20.5261
100.476
96.0754
351.216
168.489
-261.094
-196.08
-29.2958
135.568
-373.47
-24.5543
-6.10973
226.583
87.8755
192.399
-178.473
-33.3569
114.173
114.743
-12.3335
9.80667
-292.064
39.3804
2.52988
-66.198
-70.4457
208.402
-139.057
-69.047
-85.9186
274.306
-116.911
-6.80514
-20.2151
