0
0.006228
0.00212996
0.0371747
1.95536e-34
0.0281948
-9.57743e-31
0.0470913
-2.11514e-33
0.0246171
1.16662e-30
-0.000912206
4.38934e-35
0.108656
5.09063e-31
0.00473389
9.20795e-36
-0.0452092
-1.01318e-30
0.072902
-4.3155e-34
-0.0370263
-6.81252e-31
0.0026553
-1.86867e-33
0.167406
2.95545e-30
0.013543
9.50694e-34
0.124473
-8.76483e-31
-0.172662
1.07393e-36
-0.0509326
1.40439e-30
0.0125753
-6.33175e-34
0.000385535
4.46561e-31
0.22689
-2.02346e-33
0.039964
9.55637e-31
0.0203591
-6.14384e-34
0.121203
-2.25422e-31
0.0671486
-1.54582e-34
-0.0434058
1.38882e-30
0.163979
1.70185e-34
-0.120338
2.06454e-30
0.0885094
-9.03808e-34
-0.0581963
-1.06892e-30
-0.1157
2.99174e-34
-0.190952
5.12121e-30
-0.00290606
-1.47651e-38
-0.12791
2.60533e-31
-0.151753
2.04677e-33
-0.0512038
-8.62199e-30
0.142081
1.65091e-33
-0.20614
-2.43323e-30
-0.194246
5.37448e-34
0.227659
4.679e-30
-0.095962
6.80088e-35
0.242374
-2.50889e-30
-0.209541
-1.9392e-33
-0.329276
-2.77336e-30
0.266364
1.66852e-33
-0.0785893
-4.52039e-30
0.19479
-1.33162e-33
-0.0325451
1.22174e-29
-0.312197
-1.1883e-35
-0.141503
-2.42774e-30
0.0195323
6.46004e-33
-0.304827
1.98307e-29
-0.218791
-1.49903e-33
0.388284
9.77253e-30
-0.0543875
2.85987e-33
0.167775
2.79791e-29
0.154697
7.27304e-35
-0.302891
-2.71214e-29
0.253755
3.98312e-33
0.414521
2.03378e-30
-0.228056
1.38551e-32
-0.164193
-2.58322e-29
0.365359
-7.37429e-33
0.382449
-2.866e-29
0.302113
1.50961e-42
-0.00525353
2.02265e-29
0.302703
-5.05194e-33
-0.1061
3.32414e-29
0.171438
1.72225e-32
-0.414371
-4.75275e-29
-0.208867
2.32293e-32
-0.26639
1.92884e-29
0.303545
5.9558e-35
-0.176066
-1.269e-29
0.0672939
2.58555e-32
-0.429607
-3.01841e-29
-0.0793955
-2.80411e-32
-0.466094
-2.82505e-29
-0.300189
3.38979e-33
0.507064
-5.05159e-29
0.311264
3.12214e-35
-0.54243
-2.12288e-29
0.0141655
1.18172e-32
0.0536168
-7.83155e-29
-0.139222
-5.02593e-32
0.67173
-1.0018e-28
-0.170432
1.78165e-32
-0.451508
1.33687e-28
-0.120723
6.53052e-34
-0.631143
-5.43064e-30
0.454338
2.68388e-34
-0.878736
1.66303e-29
-0.181996
1.14336e-31
-0.134741
3.10566e-29
0.442016
4.17093e-32
0.651776
1.72192e-29
1.20111
-5.32843e-37
0.792086
6.0295e-29
1.12514
8.3415e-32
0.169067
5.47968e-29
-0.809412
8.69488e-32
-0.31133
-2.48716e-28
0.323749
-1.83254e-31
0.579347
-1.25142e-28
-0.200279
-5.32738e-35
-1.00754
-2.58766e-28
0.898289
-8.66484e-32
-0.671103
1.72787e-28
-0.0518455
-1.06164e-31
0.410462
5.94113e-29
-0.0754811
-5.34379e-34
0.801172
-2.30892e-28
0.646737
1.36223e-34
0.653292
-3.49884e-29
0.032284
2.71669e-32
0.70849
3.52629e-28
-0.380754
1.63583e-31
-0.829653
4.65518e-29
0.123373
-3.1123e-31
0.937656
1.65869e-28
-1.74145
1.48857e-33
0.197681
-1.3782e-28
-0.0313088
-2.66545e-31
-0.866137
-1.09977e-28
0.263373
-5.05718e-32
-0.414134
4.44671e-28
-0.508226
-2.53342e-31
1.05772
2.86988e-28
-0.533811
1.87207e-42
-0.577228
3.78338e-28
0.740537
-3.97259e-31
-0.779206
-5.42946e-28
-0.463005
-3.11917e-33
0.116732
6.49831e-28
1.19091
-2.84335e-31
-0.0333785
1.98114e-27
-0.460406
4.62895e-32
-0.07778
-2.50924e-27
0.46717
-1.47272e-30
0.641484
1.03176e-28
0.458167
-2.16655e-30
-0.3889
1.98037e-28
0.103283
-1.09536e-30
0.432858
-2.15084e-27
0.209489
-4.54217e-34
-0.207805
3.89835e-28
-0.296791
-1.23285e-30
0.583258
-1.4853e-29
-0.552915
1.70528e-30
-0.168131
2.22275e-28
-0.651632
1.07154e-30
-0.202204
-1.46475e-27
-0.457709
-7.7166e-32
-1.16135
4.26086e-27
0.318236
1.26696e-30
-0.563171
5.02837e-27
0.0643046
-2.30421e-30
-1.04986
-4.07537e-27
-0.128448
-1.05981e-30
0.419803
-3.879e-27
1.51355
-1.33377e-35
1.83087
1.2994e-28
0.845331
3.6221e-31
0.691621
-3.42374e-28
-0.471901
-1.48679e-30
-0.00553582
-3.43872e-27
-0.822917
-3.17649e-30
-0.223216
1.86697e-27
-1.09411
-6.01106e-32
-0.280778
-6.57583e-27
0.596782
-1.04779e-29
-1.35258
1.3273e-27
0.582833
2.45666e-30
1.47984
-1.46517e-27
0.229316
-4.14305e-30
0.46155
7.39021e-27
-0.223731
7.66894e-33
0.569562
7.3638e-27
0.162945
4.67408e-30
1.00943
6.2625e-27
-0.919081
-1.04149e-30
-1.1429
1.0975e-26
0.217649
-8.0319e-31
1.43773
3.80365e-27
-2.22024
2.23691e-31
-0.271869
-5.28463e-27
-0.000430513
-2.72993e-29
-0.565566
7.98473e-27
0.016528
-9.44143e-30
-0.588187
1.16371e-26
-0.599896
-4.77386e-30
2.61201
-1.38762e-27
-0.783136
6.44166e-38
-0.167082
-8.85668e-27
1.96932
9.7448e-30
-1.07917
-1.33661e-26
-0.131477
-1.0027e-29
-0.273857
-1.64501e-27
1.32441
9.50003e-30
0.0766569
-3.53307e-27
-0.49299
5.64601e-31
-1.18259
-1.62441e-26
1.40658
1.08097e-29
1.7468
1.86095e-26
0.546005
1.76163e-29
-1.03572
-6.67176e-27
1.17433
-3.4889e-29
1.28254
1.04068e-26
1.0738
1.39361e-33
-0.477258
2.05868e-26
-0.602978
-4.00602e-29
1.52542
-9.50367e-27
-0.396878
-2.04974e-29
0.0138264
-4.53513e-26
-1.86059
3.88459e-29
0.32721
-3.30647e-26
-1.48426
-1.83545e-30
-1.95299
2.47335e-26
0.660756
-4.69915e-30
-1.44779
2.12775e-26
0.660243
-1.57004e-29
-2.24721
-2.1402e-26
-0.101832
-1.5972e-28
0.971605
-7.83563e-26
3.30673
1.44354e-34
2.4675
-2.63589e-26
2.96786
1.26641e-29
1.95121
1.84946e-26
-1.20011
-1.32959e-28
-0.733981
-4.4818e-27
-2.63687
-7.62538e-29
-1.19604
5.87758e-26
-2.48297
-1.91547e-30
-0.296505
-5.73298e-26
2.02943
-2.19441e-28
-3.59125
2.43576e-26
0.927784
-6.8089e-29
2.62313
-4.10184e-26
0.475964
1.20717e-28
-0.389317
2.05071e-25
0.187231
-4.33148e-32
1.80654
9.54996e-26
1.3552
1.54812e-28
2.92965
6.61395e-26
-2.04371
1.41727e-28
-1.84579
3.13876e-26
1.13657
7.63486e-29
3.36077
6.23674e-26
-4.66788
-5.73074e-30
-0.349369
-5.15941e-26
0.0292525
5.47947e-29
-0.843306
-5.71242e-26
-0.181812
-3.73348e-28
-0.527588
-5.5334e-26
-1.17842
-4.69973e-28
6.43138
-1.68664e-25
-0.924638
-1.32309e-44
-2.25573
-1.25722e-25
3.67108
-4.49765e-28
-2.90006
3.34916e-25
-0.898638
7.0966e-28
-0.793917
2.98535e-25
2.0798
-2.12744e-28
0.144898
-2.13899e-25
-1.00265
-1.3261e-30
-2.62515
2.96005e-25
3.14156
-4.14035e-28
2.68058
-1.08495e-25
0.793905
-9.39191e-28
-2.74309
-4.86571e-26
1.9669
5.15041e-28
2.15492
1.18036e-25
1.85679
1.8393e-30
-3.00209
-2.47298e-25
-0.871041
6.37607e-28
3.97903
8.52483e-26
0.777733
-6.47706e-30
0.996239
1.06947e-24
-3.58595
-1.11452e-27
-0.809451
-8.52373e-25
-3.48691
6.12468e-30
-4.3931
3.47865e-25
2.69677
6.80136e-28
-2.90917
-2.54047e-25
1.79536
2.38173e-27
-5.31092
-5.96216e-25
-1.3011
2.00575e-28
1.6342
-1.00824e-24
8.81117
4.43825e-33
5.4044
-1.0049e-24
6.90527
2.90411e-27
3.78445
1.33643e-24
-2.42887
6.0908e-28
-2.60746
-1.10154e-24
-5.97927
-3.58827e-27
-2.15877
-2.55153e-25
-6.4169
-1.65455e-29
0.780824
-1.53796e-24
1.36135
-1.09876e-27
-7.26558
-3.85574e-25
2.63006
3.30465e-27
6.17496
3.91256e-25
0.636281
2.12523e-27
-0.476453
1.50071e-24
-2.03179
-4.67443e-30
2.31746
8.16064e-25
1.68867
-4.93874e-27
4.38959
1.53999e-24
-5.55276
-1.54135e-27
-4.37608
1.43777e-24
-0.123083
-8.56922e-27
6.10383
1.39705e-24
-7.05988
-2.00445e-28
-1.32693
-1.16198e-24
-0.889837
1.15736e-26
-1.56589
3.05918e-24
-1.39278
2.30028e-27
-4.06437
-2.87313e-24
-2.7871
1.5005e-26
11.3808
2.22486e-24
-7.05914
1.80853e-35
-3.47839
-1.48662e-24
6.81889
4.60922e-27
-6.90409
-1.84608e-25
2.07599
1.05046e-26
-0.358549
-2.85868e-24
2.88249
-1.45369e-27
1.16198
4.69473e-25
0.927302
-1.55038e-28
-7.26867
1.44753e-24
7.02352
-8.34176e-27
7.85802
3.06079e-24
5.28296
-1.38196e-26
-2.06166
3.80191e-24
7.71009
9.70375e-27
9.18241
1.00099e-24
7.93317
-2.84261e-30
-0.398697
3.69679e-24
-9.97437
3.10772e-26
9.90852
-1.62163e-24
-1.51552
3.92294e-27
-1.18691
6.87034e-24
-8.04779
2.90145e-26
8.86782
2.7535e-24
-10.3133
1.30556e-27
-3.02606
5.62262e-24
2.80952
-7.97935e-27
-8.55565
4.29304e-25
3.2245
1.82945e-26
-12.5062
1.71555e-24
1.25072
4.01732e-26
9.22066
2.40585e-24
1.55715
-1.64131e-31
2.39649
9.5683e-24
12.9636
5.94917e-27
13.3324
-1.3879e-24
3.40492
4.38052e-26
-3.76673
-7.90614e-24
-10.1407
8.06744e-26
-12.2016
-7.24965e-24
-0.479972
-1.59672e-27
3.48381
2.4184e-23
18.6066
-9.06384e-26
-17.4814
5.33629e-25
0.811732
-9.05094e-26
8.5228
4.59941e-23
-6.0711
4.22999e-26
1.25586
-5.05111e-24
12.7821
8.65124e-29
14.8434
-2.11939e-23
10.4147
3.24809e-26
23.2416
1.62158e-23
-5.70459
2.80404e-25
-9.2387
-4.18899e-23
22.1761
-1.87545e-25
19.934
6.69007e-24
-25.1479
5.02269e-28
-3.24835
2.03678e-23
4.17408
-2.57085e-26
-5.14598
8.25288e-24
-1.89006
-7.18654e-26
19.1145
4.30215e-23
10.9561
7.08904e-26
43.2057
1.48308e-23
52.9
-2.73002e-37
1.06645
1.30079e-23
16.8631
1.13789e-25
2.04535
-1.01081e-23
-17.7709
-1.41663e-25
-11.2976
-6.94526e-23
1.36281
-8.97766e-26
-1.78407
-6.13563e-23
-23.3708
9.00886e-27
-5.35148
-7.90498e-24
12.989
-1.71242e-28
-1.77667
-4.56111e-23
-29.3732
-4.13933e-25
-29.9511
-1.20375e-22
-10.4528
-1.60629e-25
-26.0901
-1.02756e-23
-14.7863
1.75947e-28
-46.4376
8.30687e-23
58.387
-1.25425e-25
-6.4602
-7.53507e-24
38.1043
-1.67147e-25
25.9401
2.99398e-23
-3.15293
-1.08649e-24
-49.7038
-7.65108e-24
10.3628
9.24662e-27
-16.279
1.27678e-22
18.2586
-1.87034e-25
17.7131
2.56101e-23
14.0023
-4.54648e-25
15.5373
3.50103e-23
-19.2467
-1.62705e-24
-35.3225
-4.19651e-24
99.1238
-1.87893e-30
1.55883
8.82203e-24
46.1091
7.12016e-25
-8.65946
-2.22198e-22
-51.342
-1.52557e-24
-24.3382
-3.28472e-22
-37.3245
4.72877e-26
22.9396
1.84083e-22
-55.5045
4.32125e-26
-7.7676
-9.95004e-24
-39.3577
2.68252e-25
-3.2941
1.37943e-23
6.84409
1.86297e-25
4.94381
-2.73661e-22
39.2322
-1.69189e-24
-63.9357
1.02349e-22
-41.1336
-1.42069e-27
-14.9134
1.06825e-22
8.56996
3.70781e-25
-27.3816
1.69622e-22
-7.54161
2.65855e-25
27.8653
-3.70332e-22
-69.9391
-2.28834e-24
-17.7911
3.62298e-22
29.253
2.53649e-26
28.1894
-6.40705e-22
-19.5829
2.36212e-24
1.03258
-4.48892e-22
4.10919
6.32043e-26
-60.4649
-1.52332e-22
-69.2808
3.0534e-24
-53.6726
3.14943e-22
-213.439
3.00758e-33
-132.539
5.31571e-22
-47.4448
-2.48467e-24
-81.7432
2.51838e-22
20.6149
-4.64499e-24
26.1229
8.09526e-22
9.73049
-4.28403e-24
-1.12882
9.85282e-22
69.8451
8.70047e-26
-1.38129
4.36175e-23
-8.45492
3.8084e-24
-8.63244
4.44298e-22
103.124
1.08975e-25
44.8888
-1.07317e-21
24.1342
-2.64853e-24
87.5135
-2.2673e-23
43.9086
-2.75076e-28
32.6962
-1.3626e-22
-187.491
-6.00466e-24
89.0533
-3.38558e-23
-63.5003
-1.36191e-24
-39.1203
-2.36204e-21
-12.3898
-1.61979e-23
64.5437
-9.13216e-22
-72.6408
-2.95219e-25
-23.581
3.48659e-23
23.453
-1.74775e-23
-74.7269
-2.66746e-21
-20.4934
-5.29435e-24
-119.389
-1.5514e-21
0.484296
-2.3226e-23
104.879
-1.20421e-21
-118.502
3.85491e-29
93.3387
1.31211e-21
-53.1148
-3.00491e-24
38.299
1.87808e-21
112.387
-6.04246e-24
19.9678
4.79039e-21
39.2717
-4.36129e-24
-50.9087
-1.23992e-22
43.7607
-9.3228e-25
62.3048
-2.19369e-21
10.4051
-4.91663e-23
-37.2035
1.38431e-21
34.1718
3.46088e-23
80.475
-3.62967e-21
-90.613
-1.92096e-23
175.37
3.12946e-21
0.385084
-2.31603e-26
9.53436
-5.87736e-21
-47.1548
-4.53964e-23
46.8494
-1.13901e-20
-58.8125
2.89795e-23
-118.688
2.23824e-22
80.1659
-1.19702e-23
68.8109
-4.56503e-21
-65.1007
-1.60091e-24
-80.7721
2.35858e-21
13.4946
3.35873e-23
-23.2229
1.03592e-21
-35.5698
1.16648e-22
30.1819
-4.76951e-21
104.861
3.42287e-23
150.465
1.14408e-20
264.948
-4.96641e-42
249.783
1.59106e-21
124.171
6.7776e-23
88.9594
-6.63112e-21
33.5526
2.70333e-22
-32.3773
-6.69415e-21
-12.5751
-8.74731e-23
16.302
1.87635e-21
-80.0266
-4.40819e-24
-63.853
4.39084e-21
64.7055
-1.14622e-23
86.062
4.19566e-21
-102.058
9.77088e-23
-55.8178
-1.72062e-21
38.2004
-1.35017e-22
-44.604
8.24634e-21
9.05388
-9.34132e-26
-19.0868
-3.92282e-20
167.919
-2.82145e-23
-68.8744
1.43374e-20
73.9552
1.81056e-22
34.2002
-1.61159e-21
-26.2341
6.58383e-22
3.14652
5.77672e-21
33.8736
-2.64758e-24
51.4992
-3.85373e-22
-24.614
-2.30263e-22
51.2247
7.18372e-21
38.6045
2.2656e-22
93.5843
3.58128e-20
13.8634
-2.77258e-22
-71.1091
1.43026e-20
109.758
-3.11042e-28
-135.495
4.32823e-20
123.529
-1.30405e-22
22.5247
-7.17915e-21
-98.6525
-2.20486e-23
-39.6801
3.706e-20
-84.6466
3.32708e-23
0.270394
-2.33513e-20
-27.6461
5.64264e-25
-40.5823
-1.7048e-20
64.1589
2.391e-23
-19.3685
1.62676e-20
-36.1751
-7.92423e-24
-49.3795
4.7077e-20
65.3352
-1.68117e-22
-173.327
3.3181e-20
43.4575
-4.61658e-25
41.4993
8.69855e-20
80.0978
-3.56014e-22
29.8155
6.5957e-20
38.1706
2.14675e-22
80.6119
4.89574e-20
-18.0582
-1.32441e-22
-2.75944
3.09973e-20
-0.392388
2.51901e-23
65.7288
2.15826e-20
-5.31733
-1.27496e-21
-5.776
1.49788e-20
19.9181
-4.40884e-22
16.876
-9.28838e-20
-62.1686
-1.65716e-21
-21.6847
5.53442e-20
-108.807
-1.07907e-30
-207.786
-1.66847e-19
-72.1948
1.24516e-21
-76.9719
-4.61903e-20
-50.5549
-6.51939e-22
4.93905
-1.11521e-19
5.47936
-6.13511e-22
-17.2196
3.34897e-20
26.1281
-1.48943e-23
26.8726
-4.34398e-21
-16.644
-1.84786e-21
-59.3543
5.62599e-20
35.2674
5.64285e-22
-7.43417
-8.17485e-20
-30.1266
-5.90369e-22
9.29218
-1.64694e-20
-13.0751
1.6991e-25
-56.997
5.96671e-20
-60.3147
1.26009e-21
49.0282
1.49413e-20
5.95758
3.1531e-21
8.06396
-1.14934e-19
5.57072
-8.64418e-22
-42.4078
-1.25386e-19
-25.303
6.5388e-23
-38.3562
-2.02697e-19
40.0133
2.52358e-22
-22.7296
2.15243e-19
-7.74316
-1.78348e-21
-54.4296
-1.85101e-19
-24.9738
-4.80693e-21
27.3491
-1.26781e-20
15.6351
-4.89841e-27
66.6842
-4.011e-20
-9.7167
-1.52603e-21
-0.559458
1.41597e-19
24.1533
6.8441e-22
-3.4518
1.27683e-19
3.82819
1.53563e-21
0.764443
3.66032e-20
-15.1436
-5.94367e-23
31.2969
-9.39181e-20
-41.775
1.51322e-20
-6.72952
7.07668e-19
23.352
3.51903e-21
44.3008
-9.53729e-20
-17.0459
-1.34529e-21
49.5504
-4.52447e-19
-32.6111
-3.53437e-24
-11.4638
2.41811e-20
-22.3834
1.27866e-21
-2.99962
1.08978e-18
-28.1524
-1.55783e-21
-35.9429
3.19729e-19
-12.1661
5.34578e-21
16.3395
8.30136e-19
-2.26604
3.4808e-22
-16.5419
-8.20593e-20
-5.54748
-1.88528e-20
-14.3361
7.19529e-19
-13.2831
3.82961e-21
-15.026
-4.44148e-19
9.38404
-8.17463e-21
28.6511
9.2868e-19
8.09587
-1.55703e-33
31.7843
7.03998e-19
17.2443
-2.80399e-20
-2.10294
6.47439e-19
18.7582
1.49031e-20
-1.68448
-9.60334e-19
-3.55163
-1.26897e-20
1.50557
-9.86304e-19
-1.52643
5.21434e-22
-20.3918
1.8744e-18
16.7428
2.41087e-20
17.8513
-2.73266e-18
-1.95272
3.26428e-20
-7.47572
-1.6529e-18
15.1153
3.87408e-20
9.88587
-3.18255e-18
11.9956
1.67216e-24
-7.24961
-9.61388e-19
-3.03258
-1.45479e-21
3.13967
9.995e-19
10.9189
-2.81912e-20
2.68642
2.16508e-18
-8.17552
5.01569e-20
7.84675
4.14458e-18
-7.58837
-2.25409e-22
7.56532
9.94721e-19
3.40429
-5.4451e-20
-2.48157
6.11484e-19
3.92752
-4.9937e-21
-2.8705
-1.03635e-18
-0.236107
-1.49316e-20
4.71023
-6.10409e-19
9.64913
2.11931e-26
-10.9148
2.07007e-18
21.3266
1.84164e-20
9.80828
-1.71106e-19
-3.60967
-9.70576e-21
-6.27683
4.42846e-19
-13.8612
-1.17134e-20
-5.96919
3.38165e-18
-1.40847
2.50031e-21
6.86615
-3.52e-18
5.59262
5.63965e-20
-7.20482
2.1043e-18
0.658765
6.5504e-21
9.58878
-2.7873e-18
2.67036
-2.87769e-20
-7.19567
-3.67e-18
2.31646
7.93884e-23
6.74391
-9.12611e-18
6.69211
-3.43668e-19
9.47742
-1.35085e-17
-3.8783
1.09607e-19
-3.73266
-6.81772e-18
-3.70379
-3.48585e-21
10.1865
-1.34865e-17
-2.46701
-3.60575e-23
3.98722
-3.53723e-18
-2.25182
9.34783e-20
-11.4273
-1.14491e-17
-3.78796
3.0258e-20
1.892
-1.21012e-17
-0.921215
2.19699e-19
14.2811
-9.07314e-18
1.61316
2.4695e-28
-12.8825
1.67352e-17
-3.70808
-5.68157e-21
-9.41715
7.57753e-18
-1.06697
3.02056e-19
-2.03537
1.09868e-17
-2.29058
-8.84857e-20
-3.82966
-1.16638e-17
-0.103438
1.99817e-21
-6.71853
-2.7375e-18
5.6316
-1.46596e-19
-1.5538
-5.81139e-18
-1.80474
-1.74186e-19
-8.01902
-1.29724e-19
1.50654
2.98989e-19
2.356
-1.05661e-17
1.58625
-3.81642e-22
-14.22
-2.48092e-17
-3.65366
-2.96173e-20
3.14844
6.0714e-18
8.19821
3.94959e-19
3.28013
2.71044e-18
-1.91716
1.65702e-19
-3.97338
1.97816e-17
-4.03145
-1.47503e-20
0.324895
-4.56944e-18
5.26584
8.94572e-20
-1.89152
1.10429e-17
0.7007
3.5846e-19
-4.27969
2.62597e-17
-2.53892
-1.67234e-19
3.77127
3.09396e-17
7.31465
-1.85606e-24
-0.163352
-6.36824e-18
9.57099
3.66238e-19
2.48506
-2.98544e-17
-1.65237
1.0512e-18
-2.00076
1.61378e-18
-5.56109
-4.06083e-19
-2.43092
1.25154e-17
-2.01117
1.11401e-20
5.82518
3.96277e-17
-2.26379
-1.22107e-19
-2.13565
1.58005e-17
2.03806
2.46162e-19
9.29634
-2.09826e-17
3.41301
-7.46357e-19
0.417242
3.88877e-17
-0.0521433
1.50538e-21
1.32287
-1.1514e-17
1.10067
2.27116e-20
3.53686
-1.04788e-16
-4.22546
-1.81761e-18
-5.34683
2.9166e-17
-8.24802
1.2851e-18
7.01865
-1.01032e-17
2.53863
1.67597e-20
3.57579
3.91957e-17
-2.81931
-5.5743e-19
-12.4907
1.46608e-17
-4.73411
-8.51061e-20
-0.596873
-3.09627e-17
1.43849
2.15519e-18
10.4435
-9.67532e-17
1.9197
-7.84638e-34
-5.98905
1.16407e-16
-5.39733
7.22143e-19
-6.94242
-7.40593e-17
0.416461
-7.48599e-18
-2.96806
1.10011e-16
-3.7917
2.19685e-19
-6.27578
-2.91395e-17
0.919851
-7.13019e-20
-10.5107
1.00419e-16
5.16362
4.24087e-18
-2.30401
-1.08106e-16
-5.47448
3.68549e-18
-9.29134
-4.40117e-17
1.65462
-2.55492e-18
1.47446
1.2115e-16
0.532781
1.03047e-21
-18.4052
9.03528e-17
-4.54881
-2.40588e-18
-3.2234
8.95091e-17
2.56874
2.77099e-18
1.7494
-2.08859e-17
4.35486
-9.77776e-18
-10.3839
2.47163e-16
-3.46008
-1.602e-19
3.31989
-1.21699e-16
4.83496
-2.73558e-18
-1.80585
-1.41851e-16
-0.587421
-3.08286e-18
0.473568
1.81719e-16
-4.09272
6.52612e-18
-7.69833
-1.67459e-16
0.974481
1.17923e-23
1.9534
5.32124e-16
-5.63674
1.03911e-17
3.65624
2.12382e-16
4.29855
-3.8242e-18
-4.38878
2.21618e-16
-5.77878
3.00783e-18
3.77278
2.81141e-16
1.45183
-2.74498e-19
1.33737
-4.6663e-16
1.08569
-2.64828e-17
-0.265075
-9.10632e-17
0.0872312
-6.65059e-18
-2.29901
1.03824e-16
-4.142
-1.40127e-17
-1.39073
4.16939e-16
-3.69388
-1.00514e-20
2.1617
-3.8264e-16
1.14282
-1.04209e-17
0.838216
2.42938e-16
1.17536
-9.41281e-18
1.81702
-4.75163e-16
3.94897
-8.5419e-18
-0.515895
-7.43971e-16
-2.05052
4.50707e-19
-1.48205
5.14016e-16
0.715099
-1.33824e-17
2.94288
1.1587e-15
0.833934
1.15088e-17
1.02016
1.35252e-16
-1.95113
-2.90805e-17
-0.116487
-9.5929e-16
-0.441423
-4.04158e-26
-1.51907
7.50283e-17
0.453161
5.70734e-17
-1.20524
1.97258e-15
-0.0245794
-1.00345e-17
0.932311
5.29357e-16
0.176098
2.46734e-17
0.676291
1.58008e-15
-0.704523
-4.40044e-19
0.371686
6.74013e-16
-0.229772
8.43581e-17
-0.491979
9.09423e-17
0.101673
6.58393e-17
-1.18704
-5.08193e-16
0.673272
5.37374e-17
0.470226
-5.08599e-16
0.0349442
-1.85462e-20
-1.56428
1.05633e-16
-0.770698
-2.3395e-18
0.0332871
2.22582e-15
3.80197
5.70624e-18
0.368913
-2.01035e-15
-0.838011
8.15505e-18
0.201792
2.53441e-15
-0.367924
-2.59379e-18
0.346018
1.23908e-15
1.46401
-3.83055e-17
-1.56504
1.86432e-16
0.0526935
-6.40635e-17
-1.62927
-1.26908e-15
-1.17753
-5.41005e-17
0.720005
4.36203e-16
1.84863
1.70266e-22
0.626385
-1.31432e-15
1.6794
-6.73206e-17
-0.553735
-6.92995e-16
-0.154052
-1.28256e-16
0.188562
-1.29328e-15
-2.46818
-2.0048e-16
-0.291544
2.98672e-15
0.337311
-3.82817e-18
1.23735
4.16093e-15
-0.0756671
3.51816e-16
0.301985
1.04234e-14
-0.513032
2.95992e-17
0.28019
1.85662e-15
1.02257
3.06045e-16
0.395957
7.11972e-15
-0.937478
5.7663e-20
1.45585
-1.35706e-14
1.30729
-3.43256e-16
0.158537
-9.23757e-15
0.497636
-3.63699e-16
0.274475
4.11803e-15
-0.0456062
-3.34254e-16
-0.0741599
-8.33328e-15
0.339758
5.86869e-18
0.844568
-9.29301e-15
0.82027
5.89809e-16
-2.74348
5.5023e-16
0.13756
3.92782e-16
0.770399
1.20983e-14
0.0765608
-2.33888e-16
0.684124
8.97619e-16
-0.620817
-2.61439e-28
-0.367293
-5.38868e-15
-0.422319
-1.33479e-16
0.176407
8.32198e-15
0.78432
1.69613e-16
0.389183
1.37611e-14
1.16835
1.20602e-15
0.121591
-8.93021e-15
0.0983116
4.43784e-18
0.891955
1.10321e-14
0.78804
7.3313e-16
0.857701
1.28948e-14
0.373493
4.05374e-16
0.193563
-4.66798e-15
-0.327108
-9.69738e-17
0.432553
-8.81037e-15
0.294986
4.74622e-19
-0.426354
8.62039e-15
-0.388015
1.37473e-16
0.442319
1.42324e-14
-0.0843542
2.19714e-16
0.453154
-1.54074e-14
-0.0846069
4.82878e-16
-0.0175674
-2.44183e-14
-0.311641
-1.24525e-18
0.839224
3.54278e-14
0.113715
-1.47683e-15
0.778847
1.04914e-14
0.106033
8.50638e-16
0.160186
-1.11942e-14
0.000201493
-1.15807e-15
0.124673
7.83189e-15
-0.186539
-1.03923e-22
-0.137224
-1.73302e-14
0.0587759
1.37804e-15
0.50654
4.33945e-14
-0.103664
1.12578e-15
-0.159567
-6.46259e-14
0.404225
4.72058e-15
-0.425464
-4.47722e-14
-0.0371113
-3.86225e-17
-0.296495
6.87391e-14
0.0696926
-2.25923e-15
-0.29997
2.9542e-14
-0.380416
9.17792e-17
-0.140675
-2.89363e-14
0.143253
-1.03543e-15
0.0295796
-2.34681e-14
-0.111155
-3.07333e-19
-0.428972
4.707e-14
-0.392335
-1.73415e-15
0.344535
-4.93159e-14
0.23557
-9.03255e-16
-0.12029
-1.57542e-13
0.0738169
2.48147e-15
0.2862
3.24563e-14
-0.275069
1.42627e-17
-0.0225659
-6.24259e-14
-0.0909135
3.99223e-15
0.177045
1.71144e-13
-0.120398
5.0034e-16
-0.115634
1.29463e-14
0.110553
1.84108e-14
0.0675745
-1.32535e-13
0.169986
9.16801e-25
0.2114
1.02327e-13
-0.0293419
-6.07277e-16
-0.0486824
-2.10918e-13
-0.117573
2.93419e-15
-0.109222
-1.42366e-13
0.236594
-1.91457e-15
0.0979938
1.19966e-13
-0.0194031
1.21656e-17
0.291825
-1.03925e-14
0.0102414
-2.44697e-15
-0.10101
-5.34999e-14
0.124315
3.00408e-16
0.12924
-1.462e-13
-0.0478106
1.56456e-14
-0.0501818
3.41288e-14
-0.0614915
-6.20875e-18
0.0359946
-4.48027e-14
0.246011
1.04938e-14
0.00865287
-2.01527e-13
-0.0602127
-3.07387e-16
0.0638362
-2.42934e-13
0.193145
5.02627e-15
0.0700693
2.38038e-13
-0.00956358
1.76492e-16
0.0335019
8.82412e-14
-0.0479625
-1.28168e-14
-0.0485898
-1.56275e-13
0.0669815
3.40916e-15
0.071321
-1.58872e-13
0.114949
2.96764e-14
0.0266098
-2.78796e-13
0.0445886
6.59155e-21
0.0341116
-6.83015e-14
0.0430641
-2.95355e-15
0.0603513
1.92074e-13
-0.00632434
7.16545e-15
0.000149381
1.88194e-13
0.029093
2.29105e-14
0.0739216
-1.12315e-13
-0.0404352
-5.66299e-16
-0.0243025
9.79235e-14
-0.000188015
1.57338e-14
-0.0150097
1.01736e-13
-0.0119753
-1.10063e-15
-0.00413312
2.96037e-13
-0.0379403
1.39958e-14
-0.0410329
-1.30921e-13
0.0107451
-1.29923e-17
0.0188901
2.62186e-13
-0.0122915
-2.23109e-15
-0.0106343
5.61007e-14
-0.0289523
-1.20952e-14
0.00719481
3.66566e-13
0.0126346
4.2244e-14
-0.00422361
-6.24455e-13
-0.0194057
8.40423e-17
-0.00342301
4.51092e-13
-0.00235035
3.72938e-14
0.0102445
3.52095e-13
0.0127502
-1.01831e-15
-0.0231253
-7.59863e-13
0.0126834
4.69799e-14
-0.00155909
-1.32587e-13
-0.00839598
-2.19756e-37
-0.00842393
1.06962e-13
0.0170148
-1.70914e-14
0.00926258
-7.50352e-14
-0.00286153
-6.71616e-14
-0.0190823
3.48443e-13
-0.012433
-1.05504e-13
0.00862692
-1.44538e-13
-0.00049791
6.85471e-16
-0.000928901
5.89361e-13
0.00246508
-1.64856e-14
0.00546287
2.38546e-13
0.00651141
-7.28443e-14
0.00192121
-3.98413e-13
0.00128203
7.75792e-15
-0.00034222
4.75879e-13
-0.000841113
-5.73436e-17
-0.00683127
-5.48527e-13
0.00835628
6.97688e-14
0.00727319
8.56376e-13
0.0107697
-2.45e-14
0.0093046
2.73661e-13
-0.00315852
2.08671e-13
-0.000322267
-3.72146e-13
-0.000726557
-3.95782e-15
-0.000691889
4.64403e-13
-0.00179562
5.3378e-14
-0.00124267
4.99316e-13
0.000291898
-5.6622e-14
0.00426244
2.4023e-13
0.00604568
-7.67056e-14
0.00254981
-5.00293e-16
0.0120475
1.17029e-19
-0.00353844
-9.07544e-13
0.00640265
-6.16856e-14
0.0138737
2.55899e-13
-0.00222495
7.4076e-15
-0.0047585
-1.31829e-13
-0.00331381
-1.93135e-13
0.0110494
3.33677e-13
-0.000794408
1.56542e-15
0.00628435
-1.5646e-12
-0.00308027
2.56963e-13
0.00288557
3.70085e-13
-0.000149641
2.6651e-14
0.00484023
1.68462e-12
-0.00403704
1.88549e-13
-0.00494419
1.0773e-12
0.00200904
-8.86869e-17
0.00589488
2.28607e-12
0.00172588
1.68618e-13
0.00278251
-1.58458e-12
-0.00300367
-2.85306e-14
-0.00101192
3.17863e-12
0.00133839
-1.59676e-13
-0.000682859
-2.08622e-12
-0.0061814
2.62959e-15
0.00212531
-1.65022e-12
-0.00273485
-5.62034e-14
-0.00408427
-4.56836e-13
0.00302184
2.92672e-14
-0.00532643
3.79258e-12
0.000651866
-7.63839e-14
-0.00559026
1.21798e-12
0.00340591
-8.67235e-23
-0.00257781
5.16525e-13
0.00145697
3.40372e-15
-0.00149772
5.3519e-13
0.00353641
2.98298e-13
-0.00216256
-3.21558e-12
9.00798e-05
-3.07826e-14
0.00416999
1.65199e-12
0.000918546
-1.25938e-16
-0.000355121
-3.0912e-12
-0.00144852
-2.84519e-13
0.000622069
-3.26219e-12
0.0042997
-3.10911e-13
0.00120374
-3.04768e-13
0.000438128
-8.75454e-13
2.65047e-05
2.67129e-12
0.00107987
-1.67854e-16
-0.00353345
-1.56914e-12
-0.00160718
-2.1676e-13
0.00205039
-3.26484e-12
0.000213953
-4.54239e-13
0.00253178
-1.06887e-11
0.00139002
2.56463e-13
0.000113374
1.43318e-11
-0.00233888
7.30678e-15
0.00352895
-2.07562e-12
2.09196e-05
3.06872e-13
-0.00260315
2.32132e-12
0.000947913
2.48217e-13
0.00135985
-2.37379e-12
0.00157981
-8.91146e-13
0.00121385
-1.96311e-11
-0.00160962
9.02341e-20
0.00199233
1.43619e-11
0.00178586
3.47135e-13
0.00121767
-1.01664e-11
-0.000593636
2.00784e-13
0.00050498
-1.30941e-11
0.000143642
4.73289e-13
0.00185111
-9.66309e-12
-8.44379e-05
9.38169e-18
0.000699683
-5.83177e-12
-0.00128672
1.22099e-12
-0.000867458
9.69804e-12
0.00013569
-1.07033e-12
0.00125766
1.60123e-11
-0.000471813
4.95262e-13
0.000402866
-1.01178e-11
-0.00170386
1.39829e-16
6.25495e-05
-2.6759e-12
0.000579727
4.61031e-13
-0.000857604
8.38965e-12
-0.000440235
-6.2677e-13
0.000955446
-7.43733e-12
0.000222508
-7.81326e-13
0.000200341
2.29812e-11
0.000140851
9.9415e-15
0.000240545
4.1027e-11
0.000828116
-3.39016e-12
0.000918831
3.73995e-12
-0.000501837
-1.16591e-12
0.000368708
-1.02994e-11
0.000414845
6.51696e-14
-0.000227319
1.01668e-11
-0.000253802
-1.45968e-26
0.000300881
3.6894e-12
0.000625351
-3.286e-12
-7.61727e-05
7.06684e-11
0.00019868
-1.30878e-12
0.000652046
-3.38977e-12
-3.53664e-05
-1.90725e-12
0.000216884
-2.83314e-11
-0.000181072
1.35529e-13
-0.000341286
5.99735e-11
0.000107585
1.44513e-12
7.52546e-05
-6.26361e-11
-0.000232398
-1.67419e-13
9.27575e-05
-6.8272e-11
-7.76404e-06
2.74093e-12
-0.000514566
2.99986e-11
7.83444e-05
5.05397e-16
-7.52728e-06
9.02733e-11
-6.65203e-06
-5.04824e-13
3.47374e-05
5.19358e-11
-0.000313875
1.05243e-12
-0.00011408
3.60065e-11
-3.14318e-05
1.53262e-12
-3.4495e-05
-6.93414e-11
1.21789e-05
-1.45746e-13
9.83057e-05
-9.42302e-12
5.05281e-05
-4.79731e-12
0.000129465
9.31364e-11
-3.50075e-05
-1.91882e-12
-0.000102433
-5.15651e-12
-7.49584e-05
-3.32716e-13
-2.07e-05
7.26269e-11
-3.10385e-05
-3.67156e-18
-6.65044e-05
-8.22539e-11
9.3435e-05
4.63965e-12
-7.4066e-05
-6.8327e-11
2.19519e-05
-2.37056e-13
-2.00882e-05
-1.7229e-11
6.69084e-05
5.13771e-12
-0.000133476
2.01273e-10
-2.13314e-06
-3.64509e-14
-7.55194e-05
8.93664e-11
-1.50364e-05
2.7845e-12
-2.93277e-05
2.00907e-10
-2.3772e-05
6.61403e-12
-2.96037e-05
-6.09429e-12
2.00113e-06
-5.34995e-12
1.09091e-05
-4.43383e-11
3.80508e-07
6.39404e-15
-2.92104e-06
-1.5461e-10
-1.9724e-05
-1.50121e-11
1.78699e-05
-1.1541e-10
1.73586e-05
-9.109e-12
8.72862e-06
1.4574e-10
-1.42068e-06
-6.47101e-12
-1.56194e-06
3.35398e-10
5.01417e-06
3.14583e-13
1.46941e-06
-4.66961e-11
-4.34189e-06
8.42663e-12
6.5302e-06
1.14055e-10
1.21688e-05
-2.20411e-12
-8.62069e-06
5.87652e-11
8.32531e-06
3.6793e-11
4.35933e-06
1.72688e-10
1.34937e-06
-6.8296e-21
2.2086e-06
1.66557e-10
1.03251e-05
-4.60335e-12
-5.01718e-06
-1.2721e-10
-1.44911e-06
3.91954e-13
6.74635e-07
2.30479e-10
1.8283e-06
-7.6666e-12
3.51249e-06
4.56956e-11
-1.80623e-06
4.13621e-13
8.41129e-07
-1.08895e-09
5.78281e-06
-5.49576e-12
6.00397e-06
2.49023e-10
-3.45512e-06
1.28451e-11
-2.55873e-06
-4.5398e-10
6.83584e-06
3.27853e-11
-1.19886e-05
-2.2371e-10
2.03009e-06
-8.48229e-15
-5.39707e-06
-4.31218e-10
-9.84092e-06
8.26754e-12
4.31899e-06
2.76815e-10
-8.46538e-06
1.37453e-11
1.81525e-06
-2.17873e-10
-1.32973e-05
7.97358e-12
-2.32813e-06
-1.12078e-10
-2.3509e-06
-7.38908e-13
8.43336e-06
8.57582e-10
8.74099e-06
-3.23653e-11
6.76147e-06
9.09628e-10
-1.4665e-06
6.56571e-12
-3.79714e-06
5.07537e-10
-1.00831e-06
4.32319e-11
4.04932e-06
2.8275e-10
-5.27798e-06
9.25607e-18
-5.90629e-06
2.66994e-10
9.63388e-06
7.45047e-13
-4.57442e-07
5.80943e-10
-2.43946e-06
-7.62283e-12
-3.85603e-06
3.9637e-10
2.68904e-07
3.08697e-11
-3.8957e-06
1.09343e-09
-8.88722e-07
-1.93004e-13
-4.52794e-06
-8.57369e-10
-4.05925e-06
2.06574e-11
4.72968e-06
-9.70833e-11
-5.64357e-06
-3.82888e-11
1.24239e-06
8.97623e-10
-2.24981e-06
2.05318e-11
-3.9692e-06
-7.71204e-10
-3.77765e-06
2.96041e-14
2.55157e-08
-1.02346e-10
-6.65366e-07
1.2036e-11
-6.07874e-07
2.11713e-09
-3.24587e-07
-4.76989e-11
4.02504e-06
1.74678e-09
1.29997e-06
1.18764e-10
1.85609e-06
-1.78016e-09
-6.92142e-07
-1.08598e-12
-1.54246e-06
-8.91325e-10
1.92496e-06
5.22692e-11
-1.23907e-07
1.59397e-09
-7.70651e-07
-1.12834e-11
1.49839e-07
1.63319e-09
1.10778e-06
2.02917e-10
-9.61726e-07
-9.35914e-10
-5.2748e-07
7.67277e-29
-1.19031e-06
1.70339e-10
9.15508e-07
-2.83866e-11
-1.13255e-06
1.67693e-09
-1.08514e-06
-9.36993e-12
1.07655e-06
4.57965e-10
-1.90735e-06
-2.80675e-10
-1.21659e-06
1.63531e-09
-9.69161e-07
6.83136e-13
-7.66953e-07
-2.6452e-09
-4.51348e-07
2.02164e-11
-7.43016e-07
2.89559e-10
-7.91439e-07
-7.08232e-11
1.21099e-06
3.78138e-09
-6.04569e-07
-4.63509e-11
5.261e-07
-2.01584e-09
1.40854e-07
1.39307e-14
6.10425e-07
6.5732e-10
1.24168e-07
1.03569e-10
-5.49557e-08
-8.96801e-10
3.69553e-08
-1.22474e-11
-3.89276e-07
-5.81463e-09
1.16403e-06
3.48614e-10
-3.75168e-07
5.09315e-09
-6.38856e-08
-2.24514e-12
-5.42201e-07
-9.15857e-10
-7.1477e-07
7.66312e-11
2.04031e-07
-1.00345e-09
-4.08242e-07
1.55934e-10
1.9025e-08
1.5052e-09
9.74882e-10
-1.51324e-10
-6.2268e-07
3.59385e-09
1.65668e-07
-1.80176e-16
3.46433e-07
-2.39616e-09
-2.69048e-07
1.04391e-10
-9.30306e-08
5.99564e-09
1.7704e-07
-5.11299e-11
-1.4414e-07
2.60693e-09
1.69862e-07
-4.80467e-10
-1.86512e-08
-7.51309e-09
-4.45458e-08
-1.76786e-12
-1.01622e-08
1.56081e-09
2.02938e-07
1.94683e-10
-1.1358e-07
3.51148e-09
8.83654e-08
1.72316e-10
6.71016e-08
-4.31509e-09
1.20219e-07
2.18592e-10
1.23834e-08
4.37227e-09
1.34813e-07
1.25511e-13
-1.30486e-08
6.83601e-09
5.58072e-08
2.52979e-10
-1.50228e-09
3.79746e-09
-1.6895e-08
-7.17837e-11
-8.39633e-08
-1.10559e-08
3.0226e-08
-6.88419e-10
-5.44753e-08
6.37805e-09
-2.54259e-08
-1.79872e-11
3.5248e-09
-6.59442e-09
1.34907e-09
-5.41175e-10
1.07984e-08
2.01843e-09
-1.26584e-08
9.79616e-11
1.39868e-08
-1.23992e-08
-3.27198e-09
-6.07003e-10
-9.84726e-09
-7.7005e-09
-2.74074e-08
-3.57132e-20
-1.76543e-08
-9.31651e-09
2.28584e-08
-2.32007e-10
-2.14718e-09
1.20697e-09
2.05608e-08
4.22498e-10
1.62286e-08
1.84543e-09
-1.36904e-08
8.01748e-10
9.48747e-09
-4.5707e-09
-9.28501e-09
-1.11115e-11
-2.94614e-09
2.55429e-08
4.38782e-09
-3.30916e-10
2.87885e-08
-1.20435e-08
-6.45564e-09
-4.59151e-10
1.45622e-08
1.28751e-08
1.16644e-09
-1.32126e-09
-9.56488e-09
1.29435e-08
1.63272e-08
1.11757e-13
-7.79547e-09
4.21267e-09
-3.92406e-09
-1.00907e-10
2.33027e-08
7.42175e-09
5.69816e-09
5.26004e-10
6.77366e-09
-1.13775e-08
1.13775e-08
1.98065e-19
-7.42175e-09
-1.03756e-18
-4.21267e-09
5.84567e-21
-1.29435e-08
-7.8516e-19
-1.28751e-08
-1.38235e-19
1.20435e-08
-2.88772e-18
-2.55429e-08
1.14931e-20
4.5707e-09
4.37221e-19
-1.84543e-09
-1.52404e-19
-1.20697e-09
7.80762e-19
9.31651e-09
1.11638e-25
7.7005e-09
-1.46958e-18
1.23992e-08
2.80398e-20
-2.01843e-09
7.73489e-19
6.59442e-09
1.2053e-20
-6.37805e-09
-8.47279e-20
1.10559e-08
1.06451e-19
-3.79746e-09
-9.49882e-19
-6.83601e-09
-1.70325e-21
-4.37227e-09
3.78056e-19
4.31509e-09
2.21159e-19
-3.51148e-09
-1.51322e-18
-1.56081e-09
-6.43869e-20
7.51309e-09
-2.06962e-19
-2.60693e-09
8.94906e-20
-5.99564e-09
1.24665e-19
2.39616e-09
-4.07727e-23
-3.59385e-09
3.52386e-19
-1.5052e-09
4.59304e-20
1.00345e-09
-3.22867e-19
9.15857e-10
5.26837e-20
-5.09315e-09
4.17656e-19
5.81463e-09
-1.11246e-19
8.96801e-10
-4.43715e-19
-6.5732e-10
5.1819e-22
2.01584e-09
-5.03706e-19
-3.78138e-09
-2.15346e-19
-2.89559e-10
4.71207e-20
2.6452e-09
1.70286e-21
-1.63531e-09
-4.49251e-19
-4.57965e-10
9.7998e-20
-1.67693e-09
3.1066e-19
-1.70339e-10
3.09112e-33
9.35914e-10
4.31704e-19
-1.63319e-09
-7.6937e-20
-1.59397e-09
1.38807e-19
8.91325e-10
-2.72568e-20
1.78016e-09
4.12646e-20
-1.74678e-09
-3.3312e-20
-2.11713e-09
-1.57778e-19
1.02346e-10
1.27855e-21
7.71204e-10
1.27691e-19
-8.97623e-10
1.47925e-21
9.70833e-11
-9.73848e-20
8.57369e-10
-2.52475e-20
-1.09343e-09
-1.08744e-20
-3.9637e-10
1.59121e-20
-5.80943e-10
-2.53886e-20
-2.66994e-10
3.247e-24
-2.8275e-10
1.63609e-19
-5.07537e-10
-1.92393e-20
-9.09628e-10
3.13074e-19
-8.57582e-10
-1.68773e-20
1.12078e-10
-1.5511e-19
2.17873e-10
1.0729e-20
-2.76815e-10
3.84637e-19
4.31218e-10
1.6173e-22
2.2371e-10
6.9074e-20
4.5398e-10
-1.29743e-20
-2.49023e-10
5.4802e-21
1.08895e-09
3.57425e-21
-4.56956e-11
-1.81601e-19
-2.30479e-10
-2.53848e-20
1.2721e-10
3.78675e-20
-1.66557e-10
9.9481e-27
-1.72688e-10
-3.48819e-19
-5.87652e-11
2.23897e-20
-1.14055e-10
-2.85605e-20
4.66961e-11
-7.21631e-21
-3.35398e-10
-2.47087e-19
-1.4574e-10
-2.03332e-20
1.1541e-10
-1.22872e-19
1.5461e-10
3.61992e-22
4.43383e-11
-1.44126e-19
6.09429e-12
1.85827e-20
-2.00907e-10
1.64964e-19
-8.93664e-11
-8.41328e-21
-2.01273e-10
-2.62405e-19
1.7229e-11
-5.34944e-21
6.8327e-11
1.16953e-20
8.22539e-11
-4.41626e-25
-7.26269e-11
4.56181e-20
5.15651e-12
-1.90248e-20
-9.31364e-11
1.69917e-20
9.42302e-12
-5.86364e-21
6.93414e-11
-1.37632e-19
-3.60065e-11
-4.7807e-21
-5.19358e-11
1.03846e-19
-9.02733e-11
1.44768e-24
-2.99986e-11
-1.13386e-19
6.8272e-11
4.03042e-21
6.26361e-11
5.2952e-20
-5.99735e-11
4.70729e-21
2.83314e-11
1.36066e-19
3.38977e-12
8.39934e-21
-7.06684e-11
-1.5563e-19
-3.6894e-12
-6.59247e-31
-1.01668e-11
-6.60938e-20
1.02994e-11
-1.21007e-20
-3.73995e-12
2.2056e-19
-4.1027e-11
-4.63431e-22
-2.29812e-11
-3.06512e-22
7.43733e-12
-8.67207e-21
-8.38965e-12
-5.30818e-21
2.6759e-12
7.18394e-23
1.01178e-11
1.01055e-19
-1.60123e-11
-1.15161e-20
-9.69804e-12
-4.47968e-20
5.83177e-12
-4.45818e-22
9.66309e-12
1.39162e-19
1.30941e-11
4.9407e-21
1.01664e-11
9.35862e-20
-1.43619e-11
-3.78744e-26
1.96311e-11
9.77333e-21
2.37379e-12
1.11811e-21
-2.32132e-12
5.08567e-20
2.07562e-12
-8.44625e-22
-1.43318e-11
-1.39785e-19
1.06887e-11
-8.84474e-21
3.26484e-12
4.14019e-20
1.56914e-12
-6.00167e-23
-2.67129e-12
-3.48015e-21
3.04768e-13
-7.16933e-21
3.26219e-12
4.58128e-21
3.0912e-12
7.98228e-23
-1.65199e-12
-9.16066e-21
3.21558e-12
7.53709e-21
-5.3519e-13
-3.98462e-20
-5.16525e-13
-1.14971e-27
-1.21798e-12
-8.13305e-21
-3.79258e-12
4.86391e-22
4.56836e-13
-2.68643e-20
1.65022e-12
-3.49326e-22
2.08622e-12
2.7294e-20
-3.17863e-12
-4.13079e-22
1.58458e-12
-4.83248e-20
-2.28607e-12
-4.09445e-23
-1.0773e-12
2.79091e-20
-1.68462e-12
8.38005e-22
-3.70085e-13
2.31484e-20
1.5646e-12
8.73545e-22
-3.33677e-13
1.24199e-20
1.31829e-13
3.41377e-22
-2.55899e-13
1.86361e-20
9.07544e-13
4.32707e-25
5.00293e-16
2.07899e-20
-2.4023e-13
-3.26117e-21
-4.99316e-13
2.30336e-20
-4.64403e-13
-6.45372e-22
3.72146e-13
3.18643e-20
-2.73661e-13
3.13246e-22
-8.56376e-13
-1.58656e-20
5.48527e-13
-4.84687e-23
-4.75879e-13
1.41043e-20
3.98413e-13
-2.19809e-21
-2.38546e-13
1.29794e-20
-5.89361e-13
2.44983e-22
1.44538e-13
-9.24881e-21
-3.48443e-13
-3.46268e-21
7.50352e-14
1.05974e-20
-1.06962e-13
-3.16704e-42
1.32587e-13
4.13771e-21
7.59863e-13
-7.52886e-22
-3.52095e-13
6.64521e-21
-4.51092e-13
3.68059e-22
6.24455e-13
-6.74073e-21
-3.66566e-13
-2.27161e-21
-5.61007e-14
-8.02727e-22
-2.62186e-13
-2.14441e-23
1.30921e-13
3.63398e-21
-2.96037e-13
-6.33539e-22
-1.01736e-13
5.14157e-22
-9.79235e-14
-4.37005e-22
1.12315e-13
-7.0273e-21
-1.88194e-13
8.62743e-22
-1.92074e-13
4.9527e-21
6.83015e-14
-6.80919e-26
2.78796e-13
1.95422e-21
1.58872e-13
6.47823e-22
1.56275e-13
-4.60705e-21
-8.82412e-14
7.84091e-23
-2.38038e-13
-2.83592e-21
2.42934e-13
5.93154e-22
2.01527e-13
-7.71546e-21
4.48027e-14
-3.11699e-24
-3.41288e-14
5.46568e-22
1.462e-13
1.9448e-22
5.34999e-14
8.98966e-22
1.03925e-14
8.33388e-23
-1.19966e-13
8.63969e-22
1.42366e-13
4.90761e-22
2.10918e-13
-2.90835e-23
-1.02327e-13
3.2452e-29
1.32535e-13
3.77879e-21
-1.29463e-14
5.68226e-23
-1.71144e-13
3.48354e-21
6.24259e-14
2.07072e-23
-3.24563e-14
1.73197e-21
1.57542e-13
-3.45881e-22
4.93159e-14
-8.38737e-22
-4.707e-14
4.89402e-25
2.34681e-14
3.34029e-21
2.89363e-14
2.17138e-22
-2.9542e-14
-2.45368e-21
-6.87391e-14
1.67931e-23
4.47722e-14
1.84536e-21
6.46259e-14
5.402e-22
-4.33945e-14
1.80334e-21
1.73302e-14
-2.79591e-26
-7.83189e-15
3.1001e-22
1.11942e-14
3.55859e-22
-1.04914e-14
1.18993e-21
-3.54278e-14
6.84788e-24
2.44183e-14
-7.1904e-23
1.54074e-14
3.18503e-23
-1.42324e-14
9.02416e-22
-8.62039e-15
2.00998e-24
8.81037e-15
4.99536e-22
4.66798e-15
1.99398e-22
-1.28948e-14
8.19417e-23
-1.10321e-14
7.28976e-24
8.93021e-15
-1.50925e-21
-1.37611e-14
8.55724e-23
-8.32198e-15
8.09014e-22
5.38868e-15
-1.79444e-32
-8.97619e-16
6.31952e-22
-1.20983e-14
2.03726e-22
-5.5023e-16
-4.23706e-22
9.29301e-15
2.7544e-23
8.33328e-15
9.21802e-23
-4.11803e-15
-2.5874e-22
9.23757e-15
3.03216e-22
1.35706e-14
-6.05756e-26
-7.11972e-15
1.02264e-22
-1.85662e-15
7.43083e-23
-1.04234e-14
-4.11643e-22
-4.16093e-15
-1.68244e-23
-2.98672e-15
-4.64484e-22
1.29328e-15
-1.61024e-22
6.92995e-16
-3.91051e-22
1.31432e-15
3.83469e-27
-4.36203e-16
9.51007e-23
1.26908e-15
-7.06852e-23
-1.86432e-16
8.21416e-23
-1.23908e-15
2.38446e-25
-2.53441e-15
4.09092e-22
2.01035e-15
1.69425e-23
-2.22582e-15
-4.86842e-23
-1.05633e-16
2.556e-25
5.08599e-16
1.97871e-22
5.08193e-16
8.73699e-23
-9.09423e-17
-8.79628e-23
-6.74013e-16
5.92759e-24
-1.58008e-15
1.74591e-22
-5.29357e-16
-5.43076e-23
-1.97258e-15
8.33891e-23
-7.50283e-17
-3.91627e-30
9.5929e-16
-2.73101e-23
-1.35252e-16
2.17755e-23
-1.1587e-15
1.40386e-22
-5.14016e-16
5.23172e-24
7.43971e-16
-6.96611e-23
4.75163e-16
-9.09754e-25
-2.42938e-16
2.26859e-23
3.8264e-16
-6.81406e-26
-4.16939e-16
2.66454e-23
-1.03824e-16
-3.76596e-24
9.10632e-17
-4.02641e-23
4.6663e-16
-2.86186e-24
-2.81141e-16
-3.37156e-23
-2.21618e-16
2.80346e-24
-2.12382e-16
-4.26245e-24
-5.32124e-16
1.26783e-27
1.67459e-16
7.95364e-24
-1.81719e-16
-1.61754e-23
1.41851e-16
-1.34369e-23
1.21699e-16
-7.57884e-25
-2.47163e-16
-6.07454e-24
2.08859e-17
3.08561e-25
-8.95091e-17
-1.9463e-24
-9.03528e-17
1.14876e-25
-1.2115e-16
3.6292e-24
4.40117e-17
4.40806e-24
1.08106e-16
1.09051e-23
-1.00419e-16
-7.12275e-25
2.91395e-17
-1.94722e-23
-1.10011e-16
-2.48526e-23
7.40593e-17
-3.61314e-24
-1.16407e-16
-1.31644e-37
9.67532e-17
-1.91442e-24
3.09627e-17
-4.78114e-24
-1.46608e-17
-5.36239e-24
-3.91957e-17
4.25439e-25
1.01032e-17
-8.87691e-24
-2.9166e-17
-6.85358e-24
1.04788e-16
7.96562e-24
1.1514e-17
2.04802e-26
-3.88877e-17
-9.7417e-24
2.09826e-17
5.12234e-24
-1.58005e-17
-4.52808e-24
-3.96277e-17
6.76153e-26
-1.25154e-17
2.60712e-24
-1.61378e-18
9.12622e-24
2.98544e-17
-7.63855e-25
6.36824e-18
4.22685e-29
-3.09396e-17
-2.25604e-24
-2.62597e-17
1.06001e-24
-1.10429e-17
6.08111e-25
4.56944e-18
-6.08817e-26
-1.97816e-17
4.78497e-25
-2.71044e-18
2.53735e-24
-6.0714e-18
-2.54264e-24
2.48092e-17
4.00761e-27
1.05661e-17
-4.37224e-24
1.29724e-19
-3.63791e-24
5.81139e-18
-3.89092e-24
2.7375e-18
-3.96304e-25
1.16638e-17
3.7116e-24
-1.09868e-17
2.83665e-24
-7.57753e-18
4.74931e-25
-1.67352e-17
1.21283e-31
9.07314e-18
-5.34413e-26
1.21012e-17
1.5203e-24
1.14491e-17
-1.32317e-24
3.53723e-18
-1.12632e-25
1.34865e-17
-2.09559e-25
6.81772e-18
2.06754e-24
1.35085e-17
2.67593e-24
9.12611e-18
5.60171e-27
3.67e-18
1.85433e-24
2.7873e-18
-2.20105e-25
-2.1043e-18
1.9737e-24
3.52e-18
2.06544e-25
-3.38165e-18
8.72814e-25
-4.42846e-19
-2.57895e-25
1.71106e-19
3.78012e-24
-2.07007e-18
4.11439e-29
6.10409e-19
9.20505e-26
1.03635e-18
-1.54029e-25
-6.11484e-19
4.96437e-24
-9.94721e-19
-2.55565e-26
-4.14458e-18
-2.14431e-24
-2.16508e-18
-1.02349e-24
-9.995e-19
5.54607e-25
9.61388e-19
6.13851e-28
3.18255e-18
-5.21973e-25
1.6529e-18
1.01537e-24
2.73266e-18
1.51642e-24
-1.8744e-18
-9.62994e-27
9.86304e-19
-1.64674e-24
9.60334e-19
7.72823e-25
-6.47439e-19
1.00873e-24
-7.03998e-19
-3.78829e-38
-9.2868e-19
4.05068e-25
4.44148e-19
1.42614e-25
-7.19529e-19
2.32376e-25
8.20593e-20
5.1722e-26
-8.30136e-19
7.23651e-25
-3.19729e-19
-8.14309e-26
-1.08978e-18
8.50218e-25
-2.41811e-20
8.39535e-28
4.52447e-19
2.4976e-25
9.53729e-20
2.11855e-25
-7.07668e-19
-7.93742e-25
9.39181e-20
1.13131e-26
-3.66032e-20
-2.66143e-25
-1.27683e-19
4.18988e-26
-1.41597e-19
-4.44745e-25
4.011e-20
-1.06561e-30
1.26781e-20
-4.73134e-26
1.85101e-19
-1.59106e-25
-2.15243e-19
1.15045e-25
2.02697e-19
2.02672e-26
1.25386e-19
8.9972e-26
1.14934e-19
2.14077e-25
-1.49413e-20
2.80201e-25
-5.96671e-20
-3.60644e-28
1.64694e-20
6.61343e-25
8.17485e-20
4.79342e-26
-5.62599e-20
-6.27731e-26
4.34398e-21
5.68692e-27
-3.34897e-20
1.03069e-26
1.11521e-19
-6.17206e-26
4.61903e-20
9.99778e-27
1.66847e-19
3.33328e-33
-5.53442e-20
-8.91778e-26
9.28838e-20
-4.77994e-26
-1.49788e-20
5.01839e-25
-2.15826e-20
3.39097e-27
-3.09973e-20
6.48606e-27
-4.89574e-20
2.50608e-26
-6.5957e-20
-6.63597e-26
-8.69855e-20
7.31775e-29
-3.3181e-20
1.42345e-25
-4.7077e-20
-6.33613e-27
-1.62676e-20
-3.94538e-26
1.7048e-20
-3.36454e-27
2.33513e-20
-4.82667e-26
-3.706e-20
-4.53232e-27
7.17915e-21
1.30992e-25
-4.32823e-20
4.23709e-31
-1.43026e-20
5.94429e-26
-3.58128e-20
3.67695e-26
-7.18372e-21
-6.08828e-26
3.85373e-22
-3.88915e-27
-5.77672e-21
8.48725e-27
1.61159e-21
4.43166e-26
-1.43374e-20
-1.33739e-25
3.92282e-20
2.00061e-29
-8.24634e-21
-3.48199e-26
1.72062e-21
3.28635e-26
-4.19566e-21
1.14041e-26
-4.39084e-21
-1.91829e-27
-1.87635e-21
-7.99583e-26
6.69415e-21
7.46896e-26
6.63112e-21
-3.28479e-26
-1.59106e-21
-1.09673e-44
-1.14408e-20
2.36523e-26
4.76951e-21
3.08461e-26
-1.03592e-21
1.80789e-26
-2.35858e-21
-1.96083e-27
4.56503e-21
-2.81496e-26
-2.23824e-22
4.84238e-27
1.13901e-20
-2.13408e-26
5.87736e-21
-7.71121e-30
-3.12946e-21
2.47701e-26
3.62967e-21
1.0922e-26
-1.38431e-21
-3.86659e-26
2.19369e-21
-2.26827e-28
1.23992e-22
-2.97033e-26
-4.79039e-21
-2.32964e-27
-1.87808e-21
-7.35229e-27
-1.31211e-21
-1.02038e-31
1.20421e-21
-3.66769e-27
1.5514e-21
-2.15784e-27
2.66746e-21
-4.44324e-27
-3.48659e-23
1.12054e-28
9.13216e-22
-4.20212e-27
2.36204e-21
4.90471e-28
3.38558e-23
-1.53608e-26
1.3626e-22
-5.96527e-30
2.2673e-23
6.02375e-27
1.07317e-21
3.53473e-28
-4.44298e-22
9.98476e-27
-4.36175e-23
2.82332e-28
-9.85282e-22
-5.74166e-27
-8.09526e-22
-3.41633e-27
-2.51838e-22
-5.26854e-28
-5.31571e-22
-4.24538e-35
-3.14943e-22
1.22024e-26
1.52332e-22
1.59266e-29
4.48892e-22
-2.45252e-27
6.40705e-22
-5.86081e-29
-3.62298e-22
2.44092e-27
3.70332e-22
8.73563e-29
-1.69622e-22
-5.52808e-27
-1.06825e-22
-5.21805e-31
-1.02349e-22
-5.06611e-28
2.73661e-22
4.45326e-28
-1.37943e-23
2.75034e-27
9.95004e-24
5.80146e-29
-1.84083e-22
3.46357e-27
3.28472e-22
-1.54666e-27
2.22198e-22
-1.59859e-27
-8.82203e-24
1.1497e-32
4.19651e-24
1.63704e-28
-3.50103e-23
-5.69089e-28
-2.56101e-23
-3.04464e-27
-1.27678e-22
-3.26829e-29
7.65108e-24
-2.00381e-28
-2.99398e-23
-3.44995e-28
7.53507e-24
-5.97331e-28
-8.30687e-23
7.05319e-31
1.02756e-23
5.95278e-28
1.20375e-22
-7.18413e-28
4.56111e-23
-1.03486e-27
7.90498e-24
3.21884e-29
6.13563e-23
-1.286e-27
6.94526e-23
-2.88163e-28
1.01081e-23
-1.21532e-27
-1.30079e-23
-3.97819e-40
-1.48308e-23
8.31535e-28
-4.30215e-23
-2.3333e-28
-8.25288e-24
-5.30938e-28
-2.03678e-23
1.53662e-29
-6.69007e-24
-5.8492e-28
4.18899e-23
7.18695e-28
-1.62158e-23
-4.2608e-28
2.11939e-23
-2.92085e-31
5.05111e-24
-2.51285e-28
-4.59941e-23
-2.08957e-28
-5.33629e-25
5.83697e-28
-2.4184e-23
2.13431e-30
7.24965e-24
-3.96667e-30
7.90614e-24
1.21662e-28
1.3879e-24
-5.65712e-28
-9.5683e-24
1.06376e-33
-2.40585e-24
3.16904e-28
-1.71555e-24
6.85769e-29
-4.29304e-25
-1.29805e-29
-5.62262e-24
5.62805e-30
-2.7535e-24
-1.34449e-28
-6.87034e-24
2.82154e-29
1.62163e-24
-2.06828e-28
-3.69679e-24
-1.40761e-31
-1.00099e-24
-1.47584e-29
-3.80191e-24
-7.17353e-29
-3.06079e-24
-1.19397e-28
-1.44753e-24
-9.25865e-31
-4.69473e-25
7.89848e-29
2.85868e-24
3.47826e-29
1.84608e-25
1.4652e-28
1.48662e-24
2.01728e-37
-2.22486e-24
-3.77729e-29
2.87313e-24
1.81414e-29
-3.05918e-24
-7.81871e-31
1.16198e-24
-4.25785e-31
-1.39705e-24
-1.0897e-29
-1.43777e-24
-1.35678e-31
-1.53999e-24
-2.52365e-29
-8.16064e-25
-3.45505e-32
-1.50071e-24
-7.59651e-29
-3.91256e-25
3.24385e-29
3.85574e-25
-9.25949e-30
1.53796e-24
-1.2766e-30
2.55153e-25
1.8161e-29
1.10154e-24
1.15992e-29
-1.33643e-24
3.74928e-30
1.0049e-24
2.28901e-34
1.00824e-24
-8.1644e-30
5.96216e-25
2.19697e-29
2.54047e-25
-3.11963e-29
-3.47865e-25
1.62923e-31
8.52373e-25
-5.67064e-31
-1.06947e-24
-3.81684e-30
-8.52483e-26
1.14525e-29
2.47298e-25
1.89846e-33
-1.18036e-25
-1.57513e-29
4.86571e-26
-1.59075e-29
1.08495e-25
5.60916e-30
-2.96005e-25
3.25669e-31
2.13899e-25
-4.58696e-30
-2.98535e-25
1.32437e-29
-3.34916e-25
6.82065e-30
1.25722e-25
7.96061e-45
1.68664e-25
-7.57183e-30
5.5334e-26
-8.13281e-30
5.71242e-26
1.04396e-29
5.15941e-26
-1.16218e-31
-6.23674e-26
-1.02232e-30
-3.13876e-26
3.98942e-30
-6.61395e-26
7.0135e-30
-9.54996e-26
3.6316e-33
-2.05071e-25
-3.3399e-30
4.10184e-26
-5.88162e-31
-2.43576e-26
3.78817e-30
5.73298e-26
-7.74176e-32
-5.87758e-26
2.12812e-30
4.4818e-27
-2.99872e-30
-1.84946e-26
-1.38716e-30
2.63589e-26
-9.44122e-36
7.83563e-26
3.38317e-30
2.1402e-26
-9.33123e-31
-2.12775e-26
3.13323e-31
-2.47335e-26
-4.03492e-32
3.30647e-26
-5.14712e-31
4.53513e-26
-9.32849e-31
9.50367e-27
3.26089e-31
-2.05868e-26
8.33146e-35
-1.04068e-26
8.10859e-31
6.67176e-27
3.37294e-31
-1.86095e-26
-6.2911e-31
1.62441e-26
3.19654e-32
3.53307e-27
-3.26731e-31
1.64501e-27
-5.30378e-31
1.33661e-26
-9.34184e-31
8.85668e-27
5.62461e-39
1.38762e-27
-2.66454e-31
-1.16371e-26
-2.61858e-31
-7.98473e-27
5.48648e-31
5.28463e-27
-5.22809e-33
-3.80365e-27
3.74732e-31
-1.0975e-26
-1.82355e-32
-6.2625e-27
-3.75729e-31
-7.3638e-27
-9.21096e-34
-7.39021e-27
9.71189e-33
1.46517e-27
1.13841e-31
-1.3273e-27
-1.56539e-31
6.57583e-27
-9.92392e-33
-1.86697e-27
1.3964e-31
3.43872e-27
-1.10988e-31
3.42374e-28
-2.38013e-31
-1.2994e-28
5.35403e-37
3.879e-27
2.51305e-32
4.07537e-27
-1.79262e-31
-5.02837e-27
-2.91877e-31
-4.26086e-27
-6.50461e-33
1.46475e-27
7.30785e-32
-2.22275e-28
1.24541e-31
1.4853e-29
8.7584e-32
-3.89835e-28
-2.73938e-35
2.15084e-27
3.41713e-32
-1.98037e-28
-2.26231e-31
-1.03176e-28
-1.77751e-31
2.50924e-27
3.02411e-33
-1.98114e-27
-6.84146e-32
-6.49831e-28
1.91359e-32
5.42946e-28
3.15255e-32
-3.78338e-28
1.34426e-43
-2.86988e-28
-8.94753e-32
-4.44671e-28
-6.74646e-33
1.09977e-28
-1.5782e-32
1.3782e-28
6.39298e-34
-1.65869e-28
-3.11774e-32
-4.65518e-29
2.46719e-32
-3.52629e-28
-1.83098e-32
3.49884e-29
3.22821e-35
2.30892e-28
-1.0442e-33
-5.94113e-29
-1.56656e-32
-1.72787e-28
3.70108e-33
2.58766e-28
-5.08715e-35
1.25142e-28
4.45139e-33
2.48716e-28
1.69499e-32
-5.47968e-29
1.42732e-33
-6.0295e-29
-1.28648e-37
-1.72192e-29
1.24696e-33
-3.10566e-29
2.29201e-32
-1.66303e-29
4.6003e-34
5.43064e-30
-3.99978e-34
-1.33687e-28
3.74917e-33
1.0018e-28
-1.42765e-32
7.83155e-29
-9.18175e-33
2.12288e-29
1.58056e-35
5.05159e-29
-8.83279e-33
2.82505e-29
-7.91873e-33
3.01841e-29
-4.95652e-33
1.269e-29
8.32024e-35
-1.92884e-29
-4.7306e-33
4.75275e-29
5.75785e-33
-3.32414e-29
3.21181e-33
-2.02265e-29
3.18242e-41
2.866e-29
3.28353e-34
2.58322e-29
5.3106e-33
-2.03378e-30
1.10898e-34
2.71214e-29
5.1055e-35
-2.79791e-29
-3.44773e-34
-9.77253e-30
-7.95139e-34
-1.98307e-29
-4.28673e-34
2.42774e-30
-4.27917e-36
-1.22174e-29
-1.20513e-33
4.52039e-30
4.50268e-34
2.77336e-30
-8.38456e-34
2.50889e-30
8.88581e-35
-4.679e-30
-3.13677e-34
2.43323e-30
8.49998e-34
8.62199e-30
9.79735e-35
-2.60533e-31
1.72838e-40
-5.12121e-30
4.35179e-35
1.06892e-30
-6.45036e-34
-2.06454e-30
-6.2466e-34
-1.38882e-30
-6.0348e-35
2.25422e-31
7.45638e-34
-9.55637e-31
-1.25081e-33
-4.46561e-31
9.47629e-34
-1.40439e-30
9.30435e-37
8.76483e-31
1.17639e-34
-2.95545e-30
-1.27535e-33
6.81252e-31
-3.15157e-34
1.01318e-30
1.97917e-35
-5.09063e-31
-4.79024e-34
-1.16662e-30
-1.87173e-33
9.57743e-31
1.96186e-34
-17.3912
-2.89177e-32
17.3912
0.00839598
-39.2186
-0.0826003
43.4495
0.00155909
17.2451
0.000297501
-31.2213
-0.0126834
-19.097
-0.0499627
75.3702
0.0231253
-20.3361
2.37674e-05
29.6472
-0.0127502
8.57784
-0.037077
16.704
-0.0102445
-3.58571
-0.00234573
20.1052
0.00235035
27.2016
-0.0113608
-12.819
0.00342301
55.9039
-1.53779e-07
2.58893
0.0194057
-77.9976
0.0142499
-20.04
0.00422361
35.0863
0.000486625
-17.1302
-0.0126346
-17.2429
0.00989935
-25.5935
-0.00719481
62.9956
-5.84731e-05
-11.4009
0.0289523
84.8212
-0.0061193
38.0742
0.0106343
99.2981
0.000246363
-87.6861
0.0122915
5.9905
0.0389535
-69.324
-0.0188901
-70.0795
3.52357e-12
45.0663
-0.0107451
67.4927
0.0333817
-87.9415
0.0410329
32.527
9.58848e-05
-19.5046
0.0379403
-42.2868
-0.0375067
-36.0773
0.00413312
-58.8086
3.4704e-05
-22.5307
0.0119753
-75.7799
-0.0464369
-88.3845
0.0150097
107.547
0.000501676
-3.98383
0.000188015
11.1255
0.0730455
18.9481
0.0243025
9.58175
-2.83172e-07
30.6029
0.0404352
25.3694
0.0384472
-105.041
-0.0739216
-48.2156
-1.96054e-05
-90.9597
-0.029093
55.4161
-0.0325236
17.3861
-0.000149381
-61.6563
3.47492e-05
-8.5262
0.00632434
78.422
0.0347547
9.44877
-0.0603513
30.7288
0.000263471
-23.3058
-0.0430641
-16.9765
-0.00745872
62.6629
-0.0341116
36.9221
2.30134e-13
44.4408
-0.0445886
-58.232
-0.000319673
63.6409
-0.0266098
177.178
0.0039561
-204.938
-0.114949
7.69606
-0.154446
13.492
-0.071321
-133.846
-2.70148e-05
22.1601
-0.0669815
-0.771303
0.0846397
10.545
0.0485898
-63.488
-0.00319705
168.743
0.0479625
181.962
-0.0797077
-134.765
-0.0335019
-117.222
-3.85317e-07
3.58871
0.00956358
-8.64235
-0.0358802
-79.3388
-0.0700693
39.3744
-0.00121208
-126.777
-0.193145
23.394
0.0414011
-23.6097
-0.0638362
108.882
0.000108041
99.2026
0.0602127
77.1465
-0.012269
123.637
-0.00865287
39.1876
0.00220397
-49.7958
-0.246011
68.8163
-0.0778232
91.7406
-0.0359946
-10.0069
4.44312e-10
-58.4297
0.0614915
-80.6739
-0.0578882
-9.08421
0.0501818
-17.852
0.00272895
-75.106
0.0478106
78.7382
0.0713032
-25.8338
-0.12924
36.8799
4.72482e-06
66.7748
-0.124315
-28.2159
-0.0582238
-123.253
0.10101
-82.2631
-0.00436926
56.3358
-0.0102414
44.3715
-0.0313291
-40.8652
-0.291825
-136.997
2.41517e-07
-42.2017
0.0194031
27.117
-0.186561
-6.01822
-0.0979938
72.2873
-0.00225461
-64.5831
-0.236594
25.1347
-0.0672474
-38.7743
0.109222
177.592
-3.59041e-05
75.7708
0.117573
48.0806
0.0986228
20.9075
0.0486824
38.0683
-0.00334855
-28.8599
0.0293419
-29.284
-0.183227
-25.9983
-0.2114
-72.6345
-5.45513e-18
-49.6282
-0.169986
121.192
0.245874
99.0342
-0.0675745
-65.0543
-0.000386183
82.541
-0.110553
-27.7403
-0.229948
-11.4078
0.115634
25.3778
0.0003787
-48.7609
0.120398
15.4161
-0.00112175
177.387
-0.177045
-129.68
0.00089245
48.5483
0.0909135
-32.5254
0.292068
-70.03
0.0225659
-108.654
4.58141e-07
-99.3636
0.275069
121.256
0.0529379
-91.7139
-0.2862
-19.4959
-0.00121111
-107.85
-0.0738169
-24.8166
0.203775
23.1143
0.12029
81.3826
-0.000242873
40.6255
-0.23557
70.382
-0.0674975
60.329
-0.344535
53.8233
-0.00739985
-41.1059
0.392335
99.3766
0.0716076
-85.7108
0.428972
60.9555
4.74853e-10
-37.4081
0.111155
-4.26675
0.23269
-60.6906
-0.0295796
9.15592
-0.00289805
25.9348
-0.143253
50.3821
-0.218044
57.4989
0.140675
13.9101
-3.78661e-05
47.206
0.380416
-19.0292
0.0441305
74.0918
0.29997
27.2914
0.0124058
51.2222
-0.0696926
3.59492
0.146878
13.2057
0.296495
17.0247
-1.11363e-06
62.2489
0.0371113
-8.30169
0.251247
-43.4822
0.425464
-36.6632
-0.00774347
112.469
-0.404225
2.28225
-0.371225
180.914
0.159567
-18.2738
0.00030017
-70.5267
0.103664
49.6372
0.823235
-117.959
-0.50654
17.3313
0.00124807
48.5459
-0.0587759
18.0987
-0.151178
86.8135
0.137224
27.5394
-4.86306e-13
22.2285
0.186539
-15.897
-0.213738
-100.531
-0.124673
-81.746
0.0115156
-9.69459
-0.000201493
-51.4931
-0.448375
-125.109
-0.160186
-9.83243
0.000161547
73.185
-0.106033
-6.11262
-0.130115
22.3652
-0.778847
-5.26327
0.00610424
80.8881
-0.113715
14.9432
-0.254595
18.8156
-0.839224
-2.07744
-8.92727e-07
4.02301
0.311641
-93.3457
-0.615152
-127.13
0.0175674
65.643
0.0147914
-3.26928
0.0846069
4.17641
0.0541453
-76.3523
-0.453154
26.3164
-0.000350686
25.3148
0.0843542
37.0484
0.0557486
-74.5573
-0.442319
67.2364
0.00451961
-109.613
0.388015
-70.8009
0.00957193
-22.1517
0.426354
42.2274
3.87226e-10
65.72
-0.294986
28.7116
-0.508548
85.1128
-0.432553
95.5384
0.00810209
3.90085
0.327108
36.6505
0.00863369
-81.6599
-0.193563
-1.59151
-1.85458e-05
-8.82388
-0.373493
-2.02273
-0.0781578
-130.207
-0.857701
-46.4504
-0.0144246
1.63648
-0.78804
-115.54
-0.220302
-62.0164
-0.891955
-44.4287
1.36638e-06
44.6821
-0.0983116
59.0346
-0.182487
139.001
-0.121591
-3.32143
-0.0239955
-54.2522
-1.16835
31.6092
0.759357
-76.5263
-0.389183
60.9262
-0.000433296
-105.666
-0.78432
-189.114
0.462403
3.43222
-0.176407
-64.6563
-0.0217918
30.8562
0.422319
12.519
1.3549
-53.2471
0.367293
118.001
-4.92361e-20
15.1617
0.620817
-58.3859
2.28802
-54.4631
-0.684124
14.107
-0.0318601
30.5075
-0.0765608
26.9418
0.603189
-10.2118
-0.770399
45.2377
-0.000492685
-198.924
-0.13756
67.21
0.816059
-6.98421
2.74348
23.1458
-0.0102003
-1.42767
-0.82027
24.608
0.746298
113.442
-0.844568
41.8972
-8.76229e-07
117.258
-0.339758
-17.9885
-0.0531323
85.89
0.0741599
-50.06
0.00116344
-33.8083
0.0456062
29.8449
-0.0139834
79.9057
-0.274475
52.1087
-0.000697389
126.399
-0.497636
88.6875
0.277679
60.9184
-0.158537
35.6955
0.0279067
23.0026
-1.30729
14.7761
-0.418431
-84.8129
-1.45585
46.7799
-8.77566e-10
-130.556
0.937478
-33.4617
-0.454436
-74.7997
-0.395957
20.7982
-0.00890087
-2.49805
-1.02257
29.9598
0.289175
-40.3156
-0.28019
-7.52228
7.46864e-05
25.2414
0.513032
5.85464
1.18912
-41.7176
-0.301985
-42.1608
0.0211622
-63.1423
0.0756671
62.1216
-0.495464
-49.4983
-1.23735
-3.14144
-1.16839e-06
-9.20977
-0.337311
30.1299
0.140199
25.1798
0.291544
6.69024
-0.0104589
-15.9111
2.46818
111.131
0.532069
-13.884
-0.188562
-61.0613
-0.000459276
3.02559
0.154052
126.426
-0.174023
34.3929
0.553735
82.8041
0.0334349
-7.59056
-1.6794
61.7256
0.316385
-35.3379
-0.626385
68.5337
-1.10664e-13
48.1905
-1.84863
41.1116
0.911468
-56.5708
-0.720005
-53.9031
0.027449
95.0436
1.17753
-128.568
1.4794
-72.1615
1.62927
-128.935
6.52611e-05
-36.146
-0.0526935
34.8769
-0.947708
70.121
1.56504
124.595
-0.00652865
27.7584
-1.46401
15.8408
-0.124645
-24.9245
-0.346018
-13.6299
4.55989e-07
42.9179
0.367924
-3.29402
-0.180055
7.91677
-0.201792
56.1415
0.0400028
-54.2732
0.838011
30.1345
0.0904052
-37.0752
-0.368913
-45.3455
0.000945409
-104.749
-3.80197
-144.043
1.12654
-67.5418
-0.0332871
-124.139
-0.000319929
-30.2535
0.770698
-90.9945
0.231823
-89.3771
1.56428
-62.2787
1.63415e-09
106.764
-0.0349442
44.932
1.72681
60.5567
-0.470226
-59.7614
0.00987122
-13.0393
-0.673272
-25.735
-0.743771
-0.534116
1.18704
-40.4508
-0.0014089
-88.318
-0.101673
20.0991
1.26089
8.34464
0.491979
56.6413
-0.040732
-12.1694
0.229772
27.3556
0.856435
60.5118
-0.371686
66.3252
-3.8377e-06
-12.7005
0.704523
-55.3958
1.88146
2.78617
-0.676291
20.1061
0.017264
59.2418
-0.176098
21.9824
0.330386
-27.1684
-0.932311
46.8645
0.00175025
-12.9155
0.0245794
-109.415
-1.83113
28.3499
1.20524
-9.14258
0.0146336
33.0225
-0.453161
11.5005
-0.0644207
-22.616
1.51907
-65.8086
-5.15013e-16
73.7337
0.441423
-43.688
-4.26177
60.4425
0.116487
-14.9121
-0.0352161
47.8682
1.95113
-48.0048
1.57958
-18.2067
-1.02016
46.6923
0.000383352
32.445
-0.833934
29.9492
0.89499
-6.51192
-2.94288
71.813
-0.0449339
-32.9531
-0.715099
-35.7981
-0.751107
42.7439
1.48205
-36.7158
2.49626e-06
108.757
2.05052
40.4658
-0.703531
39.3667
0.515895
46.5612
-0.0438975
-72.0576
-3.94897
-13.1124
-0.924757
13.9412
-1.81702
52.2106
-0.00121553
-44.6879
-1.17536
26.4628
-0.99024
-48.2781
-0.838216
-70.5112
0.0412576
45.4463
-1.14282
95.5741
0.916929
10.4085
-2.1617
-68.8804
-2.80323e-09
5.0269
3.69388
123.329
-0.606058
30.8859
1.39073
86.0398
-0.0231489
34.2551
4.142
4.31404
3.01749
-22.5028
2.29901
-21.0233
-0.000740709
4.07631
-0.0872312
80.1913
0.198647
-67.6248
0.265075
79.6038
-0.0787253
36.342
-1.08569
5.10628
-1.69568
-32.4622
-1.33737
10.421
3.93119e-06
-29.3277
-1.45183
-14.4442
-2.58371
-25.1807
-3.77278
54.326
-0.0673029
70.7081
5.77878
165.493
0.454262
27.5432
4.38878
98.6958
0.000772707
-175.794
-4.29855
-111.832
-4.25656
46.5934
-3.65624
-88.1259
0.060002
-91.8594
5.63674
5.08414
3.50904
104.504
-1.9534
7.2487
-2.0414e-12
-40.6854
-0.974481
58.7485
1.15783
90.837
7.69833
-55.124
0.0264908
63.6843
4.09272
69.6162
2.11652
-23.5707
-0.473568
-41.6115
0.00216803
38.0844
0.587421
58.8206
0.878279
-59.571
1.80585
-88.3293
-0.00435709
119.907
-4.83496
33.2252
2.60591
-33.1735
-3.31989
21.7198
-2.78808e-07
-44.9788
3.46008
105.411
2.64566
-146.935
10.3839
-95.2852
-0.0795275
136.945
-4.35486
55.0978
0.165624
-50.5259
-1.7494
-38.3667
-0.000486181
72.0529
-2.56874
-70.6892
-1.2529
-211.47
3.2234
40.8002
0.0173514
-73.4967
4.54881
188.726
0.533985
13.3724
18.4052
-128.237
8.58572e-10
92.751
-0.532781
-179.109
2.41177
-113.269
-1.47446
89.4304
0.00877884
-7.25948
-1.65462
-35.02
0.19036
-89.6851
9.29134
19.6213
-0.00345572
-24.1419
5.47448
-101.786
-0.150313
-115.016
2.30401
105.647
0.0758433
36.7159
-5.16362
-60.963
1.28775
-58.1094
10.5107
-95.617
2.18912e-06
-21.9662
-0.919851
57.9291
2.09283
53.2307
6.27578
-29.7955
-0.145495
24.3661
3.7917
23.7456
-0.248808
64.8174
2.96806
-26.8918
-0.00258486
50.5254
-0.416461
10.1435
-2.11836
62.1892
6.94242
-99.4114
0.0129607
67.3903
5.39733
49.3648
-0.138311
-99.9872
5.98905
-16.3753
-2.62953e-23
12.4
-1.9197
-8.16568
-7.08148
35.5974
-10.4435
-13.8629
0.0637038
53.0721
-1.43849
20.1697
-5.9683
-31.632
0.596873
35.4799
-0.00414312
-38.4065
4.73411
56.3143
-1.56136
16.9021
12.4907
-21.5895
-0.222534
25.3077
2.81931
25.5616
-2.80954
11.5537
-3.57579
-0.0226061
5.12576e-06
-38.5305
-2.53863
10.2086
0.286463
-4.94196
-7.01865
11.7552
0.0534628
-51.8024
8.24802
11.5164
0.804033
49.2737
5.34683
29.6192
-0.00236411
59.0848
4.22546
-38.5014
-0.672159
72.6117
-3.53686
-44.8082
0.0547659
-33.3269
-1.10067
-8.6756
0.538979
67.7306
-1.32287
20.4563
-1.41255e-09
8.15914
0.0521433
7.95157
4.29834
-44.9389
-0.417242
21.7178
-0.00160582
-38.2302
-3.41301
-37.9567
-3.50894
-3.33638
-9.29634
27.5156
-0.00167716
-15.209
-2.03806
-29.7788
-4.01923
-91.749
2.13565
115.782
0.057267
-15.7824
2.26379
16.614
1.7236
-15.9927
-5.82518
-124.506
5.5528e-07
85.7539
2.01117
-57.1516
1.09525
-69.3085
2.43092
-48.1617
4.53748e-05
-27.3708
5.56109
42.8648
-4.59099
66.6538
2.00076
-39.6681
0.000532049
-9.88173
1.65237
29.1839
-2.1161
-24.3713
-2.48506
70.9454
0.0297893
119.327
-9.57099
10.2489
-3.10141
-26.5946
0.163352
24.738
-3.44783e-14
8.4598
-7.31465
152.714
-2.74573
-6.90403
-3.77127
-54.3882
0.2526
108.525
2.53892
-106.844
-0.277281
-109.788
4.27969
45.4805
0.000744
129.039
-0.7007
69.9995
1.37742
45.7616
1.89152
-83.1059
-0.169631
-10.6507
-5.26584
99.2838
-1.9865
-5.18459
-0.324895
68.8784
-3.38189e-06
-73.5861
4.03145
-57.665
-0.194322
-13.7179
3.97338
151.198
-0.0265979
63.3426
1.91716
134.371
4.29714
-3.84634
-3.28013
-26.4086
0.00369975
-86.9102
-8.19821
-61.2313
-4.69524
72.9843
-3.14844
158.548
0.144484
-20.838
3.65366
48.05
-0.902244
23.3737
14.22
64.8523
-2.49228e-09
59.0623
-1.58625
-42.597
0.127543
72.8829
-2.356
13.6468
0.120047
-307.156
-1.50654
66.3446
3.326
-114.247
8.01902
-53.1822
-0.00195993
-96.8447
1.80474
58.7345
2.83486
-43.6777
1.5538
-21.2303
-0.136058
153.502
-5.6316
153.864
1.07964
81.1331
6.71853
42.7187
1.35955e-06
38.1269
0.103438
78.4155
-1.00038
50.575
3.82966
131.893
-0.0226361
-97.7724
2.29058
-10.4674
-4.01421
91.509
2.03537
-74.3429
0.00277512
-9.3297
1.06697
182.515
-3.99896
142.42
9.41715
-137.278
-0.0814473
-65.0147
3.70808
109.981
-0.757211
106.601
12.8825
-57.7933
4.60852e-18
9.95174
-1.61316
92.6977
-0.50383
23.9541
-14.2811
80.9415
0.0328928
-123.902
0.921215
12.8362
-3.05437
158.654
-1.892
-80.0548
0.000538245
24.7096
3.78796
-31.913
-0.424051
-195.887
11.4273
162.445
-0.0696775
-27.6575
2.25182
-28.6929
4.33885
40.7557
-3.98722
92.151
-4.49594e-06
-58.1873
2.46701
137.894
-1.14444
56.789
-10.1865
-155.027
-0.0355036
30.5083
3.70379
65.0226
3.10571
-75.7001
3.73266
72.6731
0.00203067
107.66
3.8783
56.6709
-1.04282
-156.351
-9.47742
85.4794
-0.234683
-83.7616
-6.69211
24.2999
1.1482
-141.491
-6.74391
-83.2971
-3.7613e-10
-95.5357
-2.31646
11.7337
3.99936
17.0096
7.19567
-39.9449
-0.0945584
211.67
-2.67036
-94.6404
-3.51363
95.9479
-9.58878
91.4802
0.000769223
28.2389
-0.658765
47.1889
3.25728
-68.6201
7.20482
-38.7547
0.224219
-30.9285
-5.59262
-120
0.4906
19.1728
-6.86615
36.1409
5.30991e-06
-71.829
1.40847
39.9323
0.63958
-4.62161
5.96919
-54.7605
-0.100958
23.0419
13.8612
-97.5357
-4.26835
-14.1119
6.27683
8.99515
-0.00302668
26.9143
3.60967
-26.1111
4.38476
35.7759
-9.80828
-40.27
0.0484137
-48.45
-21.3266
4.80508
0.178816
-48.5832
10.9148
35.6389
3.65279e-13
52.5534
-9.64913
17.9365
-3.62915
5.66171
-4.71023
-22.993
0.192047
19.7707
0.236107
-16.025
-4.28353
-1.90238
2.8705
-4.72329
0.000623011
32.3789
-3.92752
65.9307
-3.66678
-34.7694
2.48157
91.8042
0.0398363
17.5595
-3.40429
1.48428
0.999342
-52.4194
-7.56532
11.6528
3.16118e-06
-114.469
7.58837
-9.99796
-2.6094
-92.2971
-7.84675
-48.9913
0.149134
-61.3573
8.17552
75.0083
-3.95398
-127.474
-2.68642
6.07192
-0.000237056
25.3191
-10.9189
10.0851
-3.59937
-87.3837
-3.13967
70.5508
0.0010175
-82.4523
3.03258
41.2283
3.79288
113.466
7.24961
-139.043
-6.09708e-10
-63.283
-11.9956
226.391
-0.492574
-0.337381
-9.88587
-6.26747
0.0878614
128.031
-15.1153
-60.918
-0.628171
203.187
7.47572
146.757
-6.15587e-05
16.4655
1.95272
92.0789
-1.5855
-272.074
-17.8513
86.6553
-0.130278
-7.83531
-16.7428
11.0984
0.200614
-23.8865
20.3918
-111.866
-3.3496e-06
-24.5915
1.52643
-87.5105
-1.18125
95.8165
-1.50557
-182.879
-0.160899
113.893
3.55163
101.897
3.99414
58.991
1.68448
95.539
0.00230489
115.073
-18.7582
137.692
-4.00979
205.786
2.10294
-110.73
-0.351694
106.411
-17.2443
105.89
2.0786
-81.6181
-31.7843
101.189
-3.14596e-20
42.7623
-8.09587
74.3553
4.28569
-81.6856
-28.6511
-10.5384
-0.293057
51.7008
-9.38404
7.92954
-7.01794
-117.52
15.026
89.8407
-0.00128656
38.4634
13.2831
-98.4175
1.74523
-65.7739
14.3361
-194.341
-0.0818296
14.9564
5.54748
26.7324
2.58373
27.9279
16.5419
-1.02228
1.18961e-06
144.474
2.26604
144.913
0.898634
78.4173
-16.3395
-41.3442
0.0251747
179.318
12.1661
-143.498
1.02518
117.606
35.9429
125.279
-0.00202817
23.4838
28.1524
98.3192
0.590994
-6.48226
2.99962
88.7918
0.206635
53.6609
22.3834
9.61296
0.893811
-193.423
11.4638
113.3
-2.62737e-09
96.7437
32.6111
-70.9253
4.82184
16.8774
-49.5504
60.7416
-0.0126945
22.4212
17.0459
-98.8072
-4.22598
-122.097
-44.3008
-112.609
0.0011559
30.0096
-23.352
28.4126
0.0863624
155.158
6.72952
-20.2527
0.111372
90.3132
41.775
-44.063
3.11106
96.0156
-31.2969
50.3621
-2.47889e-06
-18.1188
15.1436
102.347
3.99871
-55.8241
-0.764443
19.9895
-0.0629663
25.8235
-3.82819
-42.9332
-3.20122
-39.566
3.4518
-5.50683
0.00171882
11.316
-24.1533
-21.0594
-1.24684
-10.4909
0.559458
-3.70509
0.22962
7.61764
9.7167
25.2462
-1.73198
-49.7361
-66.6842
-10.1851
-3.89893e-13
-5.95769
-15.6351
-18.4285
1.53662
-33.6994
-27.3491
33.415
0.0903206
-45.1703
24.9738
-23.2146
0.364552
14.7833
54.4296
-4.79204
0.000278951
-15.6635
7.74316
4.67405
-0.492415
4.07279
22.7296
-23.9736
0.0397741
-45.6795
-40.0133
-45.0582
-4.83228
47.6564
38.3562
6.76337
1.81914e-06
-0.844337
25.303
-23.2004
-2.08071
-4.07907
42.4078
57.8415
0.127612
44.524
-5.57072
52.6583
5.8095
25.8833
-8.06396
124.638
0.00143061
3.3756
-5.95758
202.537
-1.09989
-97.3591
-49.0282
28.0323
0.0327399
-29.3791
60.3147
95.074
-0.637297
-115.042
56.997
78.5463
-3.1146e-12
35.1668
13.0751
22.5001
5.28948
78.1708
-9.29218
102.495
0.106928
33.6114
30.1266
-119.28
1.79674
-44.6751
7.43417
-83.4172
-0.000211296
-9.91875
-35.2674
26.9651
5.02356
23.5852
59.3543
82.1738
-0.111882
217.049
16.644
-23.0624
2.21084
4.24026
-26.8726
4.60718
1.62588e-06
-46.0459
-26.1281
290.427
2.07785
4.20846
17.2196
-48.2893
0.0563998
116.206
-5.47936
-36.145
-3.26568
-49.6382
-4.93905
151.271
0.000518561
77.1058
50.5549
-88.7343
-6.00907
13.903
76.9719
-246.308
0.0390728
-72.1212
72.1948
26.5731
-4.74156
-209.666
207.786
-96.9589
-3.43508e-17
78.6148
108.807
67.6841
-7.79197
-118.742
21.6847
-101.461
-0.0389257
132.771
62.1686
-233.735
-1.4563
-202.561
-16.876
-56.5802
-0.000834257
-31.861
-19.9181
-43.5837
1.1681
-46.5571
5.776
-192.29
-0.079385
85.226
5.31733
159.712
4.80241
-103.865
-65.7288
-10.7817
-9.24154e-07
282.579
0.392388
-64.2893
-1.63475
72.4514
2.75944
-185.852
-0.0186725
-19.2976
18.0582
118.736
2.66668
169.521
-80.6119
-88.7309
0.000679661
10.3079
-38.1706
-217.547
-2.48795
-16.2523
-29.8155
-55.0108
0.069224
62.2675
-80.0978
-122.989
4.0781
-173.702
-41.4993
-186.623
-6.51429e-11
145.212
-43.4575
-105.474
3.25617
-132.225
173.327
-109.637
-0.0801954
-73.623
-65.3352
194.784
0.760206
-1.50814
49.3795
-245.13
0.00049214
156.549
36.1751
-7.31257
3.38619
-86.4016
19.3685
-151.669
-0.110276
-12.3534
-64.1589
-114.111
-0.945647
86.2194
40.5823
182.733
2.68947e-07
-53.8387
27.6461
-1.27402
-0.741903
-20.3055
-0.270394
-53.7936
-0.078778
-185.288
84.6466
-25.8515
-3.81362
58.0545
39.6801
13.7271
0.000897005
-34.2471
98.6525
-149.97
0.838563
-3.12513
-22.5247
72.3784
0.0128497
-114.19
-123.529
46.6605
2.90234
-43.7976
135.495
74.7753
9.3526e-14
-95.3398
-109.758
151.02
-1.80223
-16.996
71.1091
134.041
0.0744262
-73.4034
-13.8634
95.7693
-2.09939
61.9071
-93.5843
-46.4463
-0.000339191
130.426
-38.6045
13.9118
-1.92287
-26.3293
-51.2247
19.2234
0.0052732
55.1051
24.614
-49.3015
2.69034
-29.5355
-51.4992
-97.4413
6.30273e-07
-32.079
-33.8736
76.2635
-0.78096
60.1591
-3.14652
-69.6865
-0.183643
2.08163
26.2341
-38.7867
-2.64407
40.0096
-34.2002
-78.8837
0.000190867
9.63714
-73.9552
-129.553
-3.10647
37.5551
68.8744
52.1278
-0.0175481
23.5617
-167.919
-142.034
2.60163
-63.3719
19.0868
33.8621
1.55502e-10
-111.479
-9.05388
-22.8152
0.995639
-52.3127
44.604
-35.6692
0.0677703
-2.36248
-38.2004
9.7279
-0.144136
13.5966
55.8178
5.06797
-0.000492554
5.14843
102.058
2.20931
-2.07195
20.95
-86.062
-59.7155
0.110913
-66.8818
-64.7055
-43.709
0.791904
-48.5991
63.853
38.4514
4.11335e-07
4.58234
80.0266
1.80463
0.897254
-6.54418
-16.302
-9.4937
-0.102379
-31.1506
12.5751
-25.3028
2.89776
-11.0551
32.3773
4.03377
7.69228e-06
2.09378
-33.5526
-35.1317
-3.67001
49.0356
-88.9594
72.8926
0.077413
10.5875
-124.171
-33.1971
2.25565
-59.0737
-249.783
28.3339
-9.57366e-29
27.3599
-264.948
4.92257
0.924612
-38.803
-150.465
68.5564
0.0693614
-36.63
-104.861
-28.523
-6.42966
6.34239
-30.1819
8.95296
-0.000395991
49.199
35.5698
10.3802
1.17753
-30.1026
23.2229
-16.6191
-0.132993
64.8403
-13.4946
23.0925
0.526804
25.882
80.7721
-38.5726
7.08542e-09
-21.2783
65.1007
78.8076
0.181363
70.6759
-68.8109
7.46811
0.0617595
20.9899
-80.1659
25.5217
0.840193
0.310151
118.688
38.8956
-0.000446422
62.7922
58.8125
-111.389
-0.0291016
-42.541
-46.8494
-0.211978
0.0485781
8.70994
47.1548
-80.671
0.346968
-55.8732
-9.53436
-42.961
2.85565e-10
-54.5139
-0.385084
-31.5837
4.62667
-132.462
-175.37
-79.7987
-0.0297842
-72.7699
90.613
51.261
-3.32372
49.1379
-80.475
-33.3337
-0.000377826
9.24188
-34.1718
-65.7688
-1.12127
-176.099
37.2035
-56.5387
0.0943151
51.8083
-10.4051
-7.23323
1.81601
-199.808
-62.3048
-28.406
3.45643e-07
47.1551
-43.7607
37.3962
2.0048
34.6258
50.9087
-90.9688
0.00327871
-85.0487
-39.2717
67.1715
-2.86467
-6.62034
-19.9678
-183.389
0.000149648
11.8544
-112.387
-58.2086
-1.32057
-136.647
-38.299
61.3399
-0.0198841
64.21
53.1148
25.8558
-1.75387
15.1562
-93.3387
-106.207
-2.70292e-15
-83.0671
118.502
-32.1216
-0.181057
-51.1219
-104.879
52.0206
0.168043
52.6971
-0.484296
-75.397
0.374902
37.6731
119.389
9.09941
0.000182242
107.941
20.4934
-109.302
-0.456308
-27.438
74.7269
43.5203
-0.0866931
-82.9612
-23.453
-118.116
-2.50303
130.941
23.581
139.387
1.52247e-07
35.1659
72.6408
-9.11195
-0.880946
-42.971
-64.5437
41.0932
-0.0109158
108.223
12.3898
83.1138
3.39232
-18.808
39.1203
77.9402
-0.000288928
9.5031
63.5003
106.136
-1.90663
-98.2409
-89.0533
37.7838
0.0701598
23.9174
187.491
-113.88
0.276985
-12.8768
-32.6962
29.2984
-1.02502e-10
38.8162
-43.9086
-25.2854
2.3058
-0.0398328
-87.5135
-30.8686
0.0307366
-19.9192
-24.1342
-142.641
1.10386
-20.3048
-44.8888
-146.109
-0.000153475
52.9053
-103.124
2.9082
2.41807
13.659
8.63244
-71.3484
-0.0545292
12.9538
8.45492
-66.2527
0.668604
56.6921
1.38129
60.7682
5.45126e-08
-41.0172
-69.8451
-58.68
1.08568
43.2967
1.12882
-24.9992
-0.00236608
-47.0708
-9.73049
-105.487
-1.75256
-94.5869
-26.1229
-104.49
0.000158138
-11.2411
-20.6149
-13.5708
-2.64603
-127.294
81.7432
-41.3942
-0.0455364
-81.4443
47.4448
-17.8851
-2.18314
41.8071
132.539
35.5046
-4.70323e-18
58.6035
213.439
-63.0682
-2.90263
-6.89326
53.6726
-67.7491
-0.0428205
-11.8162
69.2808
230.202
-0.845943
-67.2377
60.4649
-67.6343
-6.93583e-05
-26.5831
-4.10919
5.66938
0.0879197
3.4068
-1.03258
-20.0359
-0.0503251
-35.5001
19.5829
-11.0531
1.9235
-89.0825
-28.1894
-96.9676
-5.77892e-08
61.0366
-29.253
-25.2012
-0.560131
-63.6267
17.7911
-17.045
0.00449258
30.5151
69.9391
-17.5634
1.21708
4.30337
-27.8653
-68.8177
-6.42629e-05
-18.3473
7.54161
15.5098
-0.550274
128.429
27.3816
-9.59746
-0.0231202
7.67025
-8.56996
26.9718
1.61084
-80.0307
14.9134
-29.2055
-5.10389e-12
-84.3377
41.1336
-32.1426
1.21219
51.4423
63.9357
69.6576
0.00276029
-2.2049
-39.2322
64.0969
-0.264537
-58.6903
-4.94381
-13.5786
1.77047e-05
14.1344
-6.84409
-7.58951
1.48869
30.8585
3.2941
-13.3012
0.0337303
-134.229
39.3577
-1.15083
-0.0109458
26.0941
7.7676
51.8708
5.36274e-08
-1.13491
55.5045
-14.9588
0.310795
-20.9803
-22.9396
36.2364
-0.0425694
-3.04068
37.3245
14.4152
-1.18135
6.59646
24.3382
-10.4558
-0.000106867
19.4208
51.342
-18.2694
0.461692
-4.66218
8.65946
-24.1919
0.044963
0.625143
-46.1091
30.0476
0.36121
-11.0749
-1.55883
36.3953
-1.22176e-14
10.3688
-99.1238
2.68279
-0.803113
44.061
35.3225
-22.5904
0.00840635
-18.1093
19.2467
-62.6737
-0.947691
-14.9364
-15.5373
30.3624
5.06491e-05
41.206
-14.0023
10.1696
-0.857076
-76.3667
-17.7131
-34.4733
-0.0228428
-21.8788
-18.2586
-15.3096
0.746447
-20.4818
16.279
-38.0184
-4.88398e-08
63.7557
-10.3628
23.5581
-0.388483
68.8652
49.7038
37.5186
-0.0119763
-1.3974
3.15293
4.1686
-1.22668
-16.7619
-25.9401
-20.272
5.90458e-05
-21.6078
-38.1043
-55.1358
-0.974665
82.9303
6.4602
61.8518
0.0107919
-59.4963
-58.387
-49.7036
0.808391
75.2651
46.4376
-25.621
-2.65377e-11
-12.5558
14.7863
97.4451
0.332364
50.8974
26.0901
-5.78645
0.026259
7.05265
10.4528
21.3052
-0.0509577
-56.0562
29.9511
-37.8276
-3.14939e-06
38.7482
29.3732
114.297
-0.86787
-47.1174
1.77667
-18.6063
-0.00512693
-26.8583
-12.989
33.135
0.176858
45.9739
5.35148
182.904
8.46066e-09
-5.20628
23.3708
-14.1688
0.0836583
-15.6368
1.78407
86.3585
-0.0318539
50.0463
-1.36281
20.7178
0.676396
-45.6741
11.2976
91.4601
1.88939e-05
-7.87457
17.7709
52.8585
-1.21556
31.4228
-2.04535
24.2033
-0.0209095
-3.3419
-16.8631
54.8246
0.101537
41.9483
-1.06645
45.8134
-1.99559e-22
-14.4542
-52.9
-77.4031
0.46845
-10.4954
-43.2057
4.28724
-0.0295282
33.4785
-10.9561
86.9713
-1.53753
19.3294
-19.1145
-24.1412
3.43409e-05
-16.8782
1.89006
-45.9565
0.347408
53.1909
5.14598
33.9629
-0.0149037
26.4381
-4.17408
-21.7995
0.335033
-6.68323
3.24835
-7.91364
-8.38757e-09
0.307335
25.1479
-2.42316
-0.00925747
-19.5318
-19.934
-52.4265
-0.00938949
-11.3271
-22.1761
11.6982
0.311422
12.222
9.2387
-30.9997
2.93387e-06
10.5503
5.70459
12.5715
0.00023299
28.3529
-23.2416
10.0573
0.00265567
8.18979
-10.4147
-12.1452
0.144574
-46.1271
-14.8434
0.77639
-1.62739e-13
-34.2874
-12.7821
-17.4357
1.15985
11.5782
-1.25586
19.2516
0.00332407
-3.10941
6.0711
8.28089
-0.737633
-22.7446
-8.5228
-1.3846
-1.43166e-05
16.9529
-0.811732
16.488
-0.109642
7.8509
17.4814
-13.2566
0.0148546
-32.7013
-18.6066
-12.3958
0.565166
14.1993
-3.48381
54.5538
-9.5001e-09
-6.00778
0.479972
-8.80963
0.446031
-5.562
12.2016
29.2324
-0.00709972
6.4965
10.1407
5.52342
-0.480641
-19.7706
3.76673
23.2951
4.68487e-06
0.35424
-3.40492
12.9549
-0.0761052
7.65422
-13.3324
6.71905
0.00910567
3.47981
-12.9636
30.3448
-0.260875
11.806
-2.39649
40.5294
1.44129e-17
-5.01525
-1.55715
-43.8779
0.100469
2.79732
-9.22066
-5.67841
0.00160605
11.2373
-1.25072
33.5102
-0.203154
6.52788
12.5062
-11.4272
-1.2812e-05
6.99037
-3.2245
-28.5389
-0.0989097
10.2606
8.55565
10.2255
0.00553201
10.5068
-2.80952
-25.3929
-0.625332
-17.7339
3.02606
-17.6766
-9.80525e-10
-6.00602
10.3133
18.4558
-0.241224
-6.77574
-8.86782
-24.0716
0.00192079
-1.63626
8.04779
17.7073
0.548171
-13.6012
1.18691
-16.5249
1.27131e-05
3.35474
1.51552
14.0715
-0.236775
32.342
-9.90852
14.4969
-0.00695501
8.25275
9.97437
-22.1997
0.109029
-47.7887
0.398697
24.2156
8.06402e-13
-21.1967
-7.93317
-10.246
0.415712
0.508599
-9.18241
6.1236
0.00132266
-8.2981
-7.71009
5.19305
0.0829667
-7.05646
2.06166
-15.5338
6.46035e-06
15.4354
-5.28296
-15.8126
0.299138
16.323
-7.85802
-5.31441
-0.000466811
-21.4036
-7.02352
-6.09877
0.00196756
5.8378
7.26867
13.8311
-1.15805e-09
-22.6828
-0.927302
-18.5288
0.163954
-28.0825
-1.16198
13.7684
-0.000112885
3.56542
-2.88249
-32.3152
-0.23483
-30.051
0.358549
36.2916
-5.93627e-06
2.69386
-2.07599
-2.63495
-0.280428
6.16453
6.90409
2.89978
0.00395161
-32.0292
-6.81889
3.56174
-0.593269
-28.9728
3.47839
-52.9775
-5.22287e-20
-13.3876
7.05914
-47.0078
-0.478945
-15.2768
-11.3808
24.2734
-0.00207037
21.2939
2.7871
22.8078
-0.129694
8.75931
4.06437
25.9244
1.85743e-06
3.52507
1.39278
-25.2315
0.0387328
18.6503
1.56589
54.7022
-0.00307563
42.5393
0.889837
4.50042
0.308927
33.3465
1.32693
16.9597
-3.87348e-09
47.9121
7.05988
-72.3011
-0.01846
24.7038
-6.10383
-63.7714
0.00165837
-33.3916
0.123083
9.55922
0.157683
58.9533
4.37608
-43.8805
-3.4644e-06
21.0963
5.55276
-1.05817
-0.0868849
-5.26578
-4.38959
4.71847
0.00234228
-32.813
-1.68867
0.7554
0.3091
13.0405
-2.31746
-88.9598
-5.18589e-13
-20.7345
2.03179
-36.0564
0.11873
32.734
0.476453
70.9334
0.000362497
10.0337
-0.636281
29.2881
0.0511078
-51.2726
-6.17496
48.8793
2.31191e-06
32.0699
-2.63006
53.4606
0.160443
-6.98535
7.26558
-10.0587
0.00177985
-7.39276
-1.36135
-60.5275
0.0403162
74.0843
-0.780824
69.6593
-3.79709e-12
15.9009
6.4169
-11.2453
0.12909
36.2834
2.15877
8.91091
-0.000252671
-42.0747
5.97927
70.483
-0.132554
19.6745
2.60746
-31.6222
1.90897e-06
-30.6095
2.42887
20.0845
0.0656408
-6.36339
-3.78445
-5.71147
0.000598394
58.2157
-6.90527
88.2691
0.0447158
82.4535
-5.4044
236.359
-3.89968e-17
123.28
-8.81117
24.4735
-0.0438473
69.8952
-1.6342
-18.9019
-0.000932669
-22.2266
1.3011
6.42194
-0.0881038
5.89079
5.31092
-72.5611
-1.01844e-06
0.431677
-1.79536
3.02541
-0.0204379
19.7327
2.90917
-87.7986
0.000739058
-41.44
-2.69677
-32.2672
0.0747998
-86.4164
4.3931
-44.6375
-6.99644e-11
-46.6051
3.48691
185.341
-0.0856312
-69.6651
0.809451
52.5055
0.000522579
38.3605
3.58595
20.4839
-0.116475
-67.6778
-0.996239
42.6996
2.82627e-07
29.0165
-0.777733
-0.283113
-0.0823859
88.42
-3.97903
41.3541
0.000933798
102.585
0.871041
-23.372
0.0133189
-127.905
3.00209
140.009
9.65456e-14
-113.19
-1.85679
73.1921
0.0765346
-14.243
-2.15492
-95.9742
-0.000347549
-39.5218
-1.9669
-52.3541
0.00538509
25.1162
2.74309
-52.4686
6.41655e-07
-34.4599
-0.793905
-3.19642
-0.186427
26.6138
-2.68058
-34.6501
0.000193257
-74.8352
-3.14156
69.6118
-0.017726
-169.527
2.62515
19.2494
1.56747e-10
-9.12191
1.00265
44.8974
0.0681858
-38.4182
-0.144898
56.0908
-0.000494774
102.48
-2.0798
-86.3593
0.11126
-64.8887
0.793917
63.9979
4.12162e-07
80.1682
0.898638
-16.3238
-0.102496
12.5872
2.90006
32.3982
7.69621e-06
-33.5658
-3.67108
-88.9775
0.0774232
-124.18
2.25573
-249.785
-9.57367e-29
-264.95
0.924638
-150.475
0.0693695
-104.88
-6.43138
-30.1929
-0.000396181
35.5915
1.17842
23.2442
-0.133138
-13.5119
0.527588
80.9103
7.09923e-09
65.2441
0.181812
-69.0006
0.0619483
-80.4363
0.843306
119.168
-0.000448393
59.0944
-0.0292525
-47.1116
0.0488707
47.4596
0.349369
-9.60486
2.87816e-10
-0.388313
4.66788
-177.026
-0.0300819
91.5701
-3.36077
-81.4203
-0.000382497
-34.6159
-1.13657
37.7357
0.0957286
-10.5683
1.84579
-63.3717
3.5182e-07
-44.576
2.04371
51.9372
0.0033476
-40.1294
-2.92965
-20.4379
0.000153303
-115.232
-1.3552
-39.3388
-0.0204427
54.6578
-1.80654
-96.2341
-2.7895e-15
122.419
-0.187231
-108.567
0.174133
-0.502379
0.389317
124.114
0.000189665
21.352
-0.475964
78.0354
-0.0906369
-24.5489
-2.62313
24.7423
1.59941e-07
76.4067
-0.927784
-68.0619
-0.0115256
13.099
3.59125
41.4697
-0.000306694
67.497
-2.02943
-94.9216
0.0748888
200.414
0.296505
-35.0514
-1.10048e-10
-47.2112
2.48297
-94.381
0.0331996
-26.1086
1.19604
-48.7143
-0.00016682
-112.272
2.63687
9.42903
-0.05966
9.26598
0.733981
1.51895
6.00483e-08
-77.0716
1.20011
1.25001
-0.00262476
-10.8138
-1.95121
-29.1371
0.00017671
-23.0789
-2.96786
91.859
-0.0512692
53.5207
-2.4675
150.095
-5.33672e-18
242.669
-3.30673
61.2683
-0.0489797
79.4084
-0.971605
69.5911
-7.9994e-05
-4.74931
0.101832
-1.19853
-0.058539
22.8286
2.24721
-33.0061
-6.78136e-08
-34.4041
-0.660243
21.0185
0.00531964
83.0046
1.44779
-33.2245
-7.68016e-05
9.03435
-0.660756
32.9577
-0.0278954
-10.365
1.95299
18.1253
-6.21844e-12
50.2404
1.48426
78.4825
0.00339688
-48.403
-0.32721
-6.13081
2.20125e-05
-8.5315
1.86059
4.12788
0.0423799
49.5823
-0.0138264
9.83827
6.81076e-08
70.684
0.396878
-29.3742
-0.0546615
48.0605
-1.52542
31.5155
-0.000138775
66.8618
0.602978
11.342
0.0590627
-60.7448
0.477258
-2.06572
-1.62384e-14
-132.137
-1.0738
47.3698
0.0113075
25.9678
-1.28254
-21.0917
6.89676e-05
-19.1258
-1.17433
-24.3458
-0.0314951
-25.2541
1.03572
22.6598
-6.82016e-08
-14.5177
-0.546005
70.0853
-0.0169425
4.47502
-1.7468
-37.0616
8.46421e-05
-54.8054
-1.40658
9.35451
0.01568
-85.1222
1.18259
68.1671
-3.90901e-11
21.856
0.49299
38.8345
0.0392235
15.6687
-0.0766569
45.2169
-4.77164e-06
44.6633
-1.32441
2.72112
-0.00788093
-20.0393
0.273857
8.31713
1.31981e-08
36.5925
0.131477
2.81435
-0.0504385
-2.16609
1.07917
18.0937
3.03755e-05
28.6799
-1.96932
-3.32652
-0.0341393
-27.6403
0.167082
-1.76178
-3.30977e-22
-88.0852
0.783136
-72.5186
-0.0497607
-18.5377
-2.61201
-32.6043
5.88156e-05
3.25035
0.599896
8.92263
-0.0259486
-7.29762
0.588187
5.72673
-1.48491e-08
44.7089
-0.016528
-35.7407
-0.0169067
-40.1012
0.565566
16.8505
5.37427e-06
10.495
0.000430513
-43.133
0.00495017
-19.4986
0.271869
-28.0366
-3.08754e-13
-24.3589
2.22024
-2.41484
0.00642057
11.7797
-1.43773
-16.6876
-2.816e-05
-1.60397
-0.217649
34.8625
0.0297614
-37.452
1.1429
-7.07806
-1.93921e-08
0.984362
0.919081
25.2616
-0.0147689
21.1956
-1.00943
7.94882
9.93402e-06
-7.25491
-0.162945
-28.6844
0.0196864
-28.1647
-0.569562
-5.25802
3.1779e-17
-3.4504
0.223731
-20.6359
0.00361235
-2.82728
-0.46155
28.5567
-2.94034e-05
-7.43784
-0.229316
19.9373
0.0129575
-6.61454
-1.47984
7.19825
-2.34455e-09
24.7889
-0.582833
-21.5383
0.00468978
19.753
1.35258
2.94418
3.17031e-05
3.79947
-0.596782
-25.1081
-0.0177188
25.5482
0.280778
1.03232
2.09934e-12
-20.7655
1.09411
-24.2998
0.00351948
-20.6292
0.223216
5.57756
1.7575e-05
-14.4523
0.822917
-21.7385
-0.00129866
-19.6497
0.00553582
20.5669
-3.29538e-09
-2.65383
0.471901
-3.36369
-0.00032866
-8.44067
-0.691621
1.06213
-1.76873e-05
-6.22154
-0.845331
20.934
0.0120522
-20.9199
-1.83087
10.7982
-1.631e-19
22.1757
-1.51355
-36.1806
-0.00662146
8.96737
-0.419803
13.2355
6.08534e-06
4.59079
0.128448
5.22461
-0.0103248
3.00551
1.04986
4.5373
-1.3327e-08
24.4407
-0.0643046
-21.3951
0.00584927
0.436848
0.563171
15.7278
-1.25298e-05
20.21
-0.318236
-16.1802
0.00868881
-6.30426
1.16135
-8.76308
-1.97359e-12
7.78227
0.457709
1.84866
0.00141565
-2.50105
0.202204
-24.5907
9.26722e-06
-10.6119
0.651632
29.704
0.00732482
-5.6397
0.168131
-3.27802
-1.60474e-11
27.3012
0.552915
9.30863
-0.00109688
26.1324
-0.583258
11.5512
8.51449e-06
10.9073
0.296791
-17.2286
0.0027429
-31.8703
0.207805
-25.2894
-1.83748e-16
-41.8058
-0.209489
-7.86226
-0.00451855
6.34772
-0.432858
26.2767
-5.07451e-06
-9.00889
-0.103283
14.8059
0.00378817
-13.9215
0.3889
23.0045
-3.69001e-10
18.5229
-0.458167
4.36227
0.00283668
19.6068
-0.641484
-5.5268
1.57938e-06
-4.378
-0.46717
-22.7292
0.00537341
5.04933
0.07778
17.6617
5.72216e-13
-11.087
0.460406
-13.0603
-0.00212217
-12.1004
0.0333785
17.1308
4.03749e-06
-5.03334
-1.19091
-17.2541
0.00125342
-20.5311
-0.116732
17.4201
1.04815e-09
6.75618
0.463005
-0.991516
-0.00341189
-14.4534
0.779206
5.6035
2.93178e-06
6.44219
-0.740537
21.1177
5.64835e-05
-27.155
0.577228
16.9508
-7.25124e-28
7.05903
0.533811
-49.8857
-0.00309759
9.28743
-1.05772
4.22517
5.73121e-08
1.47962
0.508226
6.97459
-0.00373856
-0.245883
0.414134
2.98477
2.47902e-09
40.5351
-0.263373
-29.6663
-0.00340423
-10.1991
0.866137
16.8389
3.23627e-06
18.9559
0.0313088
-27.6288
0.00145786
-12.9956
-0.197681
-17.6163
-2.74309e-14
-1.85672
1.74145
3.92644
0.00192911
-4.8823
-0.937656
-27.3685
1.68304e-06
-9.84663
-0.123373
38.7723
-0.00333971
-22.2902
0.829653
3.31329
-1.24041e-09
28.2302
0.380754
13.8367
-0.00194678
31.0416
-0.70849
8.79299
7.25706e-07
14.6317
-0.032284
-24.2119
0.00221218
-37.484
-0.653292
-31.7222
-6.92216e-17
-43.2748
-0.646737
-12.9444
-0.00107533
1.38121
-0.801172
31.0337
-9.44978e-07
-9.28392
0.0754811
20.7299
-0.0011097
-9.63441
-0.410462
29.0003
-9.31866e-11
22.447
0.0518455
-5.04019
0.000342204
29.1924
0.671103
-0.22098
1.09866e-06
6.46182
-0.898289
-25.3027
-0.00232348
10.1903
1.00754
8.21808
-2.82251e-13
-18.8408
0.200279
-22.9317
0.00124484
-21.3977
-0.579347
19.2337
-1.27863e-06
-10.3344
-0.323749
-33.6997
0.00164864
-27.661
0.31133
23.7074
-7.91228e-10
10.0754
0.809412
-1.59727
-0.000100394
-28.137
-0.169067
5.93247
2.88709e-07
2.90431
-1.12514
24.3104
0.000691021
-45.2436
-0.792086
3.915
-7.83234e-21
18.7167
-1.20111
-63.6772
0.00144817
14.9186
-0.651776
14.9224
-3.80512e-07
-0.427799
-0.442016
14.9357
0.000143362
0.0116006
0.134741
7.47536
-8.57598e-12
62.2983
0.181996
-41.1703
-0.000814641
-6.36096
0.878736
34.0924
-5.84425e-07
27.9845
-0.454338
-31.3746
0.000311966
-5.17024
0.631143
-18.4502
1.04018e-15
7.39957
0.120723
-15.5863
-0.00100336
-7.90739
0.451508
-52.1092
-8.34293e-08
-20.959
0.170432
49.6756
0.00117671
-22.3859
-0.67173
10.758
8.12948e-11
42.8214
0.139222
8.92458
0.000710229
33.6129
-0.0536168
0.231018
-1.39007e-07
20.1213
-0.0141655
-30.133
-0.000778985
-37.6354
0.54243
-83.3006
-7.50182e-18
-70.3781
-0.311264
-19.9508
0.000292381
6.23943
-0.507064
52.129
-6.69043e-07
-3.26397
0.300189
29.2232
-0.000657406
-16.8829
0.466094
62.9937
-1.08248e-10
25.3856
0.0793955
11.4677
0.000531488
37.7927
0.429607
9.97239
-9.62582e-10
33.5413
-0.0672939
-36.1893
0.000534302
18.8363
0.176066
13.4912
-1.20657e-14
-13.9135
-0.303545
-29.4121
-0.000348768
-7.18025
0.26639
27.6636
-2.65515e-08
-33.3488
0.208867
-47.781
0.000119007
-35.611
0.414371
6.06797
4.51626e-11
36.7629
-0.171438
2.72807
0.000333864
-99.636
0.1061
-9.99766
9.08298e-08
40.5972
-0.302703
69.9504
0.000266314
-68.0674
0.00525353
54.3276
-6.90616e-26
51.4481
-0.302113
-104.397
5.72453e-06
51.373
-0.382449
42.8753
2.59748e-07
-27.9288
-0.365359
94.083
0.000355796
3.48385
0.164193
-22.5348
-3.16511e-12
203.387
0.228056
-112.203
0.000203864
-15.1272
-0.414521
104.241
-1.57768e-07
49.0249
-0.253755
-93.4895
9.69457e-05
-4.36617
0.302891
-90.5589
-9.71474e-15
-91.8945
-0.154697
-116.695
-0.000139361
11.2708
-0.167775
-62.836
-1.44447e-08
8.13752
0.0543875
108.004
0.000179045
-148.241
-0.388284
170.505
-4.83711e-11
34.7589
0.218791
-103.121
-0.00023049
-59.1049
0.304827
58.2999
-1.50064e-07
155.481
-0.0195323
-33.3159
5.76245e-05
-227.465
0.141503
-164.293
-1.64558e-18
-255.622
0.312197
-142.334
-8.41753e-05
-99.0531
0.0325451
30.9869
-1.998e-09
42.9551
-0.19479
212.869
-0.000143431
-112.969
0.0785893
161.089
2.68987e-13
31.6306
-0.266364
121.449
-2.27385e-05
47.0669
0.329276
-190.468
2.33577e-08
40.5343
0.209541
-16.03
-4.2115e-05
-4.34919
-0.242374
171.036
-2.39721e-15
-100.802
0.095962
-168.666
-0.000225549
102.568
-0.227659
163.594
-3.85089e-08
28.6281
0.194246
159.148
-3.61444e-07
-25.6131
0.20614
68.8569
-4.7833e-12
-121.985
-0.142081
110.011
-1.11157e-05
88.6455
0.0512038
180.745
1.99716e-08
-76.8605
0.151753
48.8944
4.24379e-05
-143.394
0.12791
2.55839
-3.41005e-23
-151.255
0.00290606
-196.865
0.000135576
-193.372
0.190952
89.3583
-1.74676e-09
127.631
0.1157
-238.573
-9.2084e-05
-150.203
0.0581963
184.401
-5.99827e-12
-96.8723
-0.0885094
-108.072
-9.43711e-06
36.0396
0.120338
-264.699
-3.34472e-08
153.455
-0.163979
219.978
-0.00010985
-14.5038
0.0434058
108.124
-1.27557e-15
245.495
-0.0671486
26.338
-1.64038e-06
-162.245
-0.121203
67.3762
2.33966e-10
-235.062
-0.0203591
299.128
2.15294e-05
195.967
-0.039964
-233.369
-2.34205e-12
95.1321
-0.22689
-232.386
-3.98883e-05
204.175
-0.000385535
223.133
-5.25429e-09
-158.385
-0.0125753
58.7877
2.32707e-05
179.454
0.0509326
155.804
-4.21575e-20
3.6464
0.172662
246.83
-2.29177e-06
154.079
-0.124473
79.8497
-8.35404e-09
-125.13
-0.013543
175.304
-4.94618e-05
-246.165
-0.167406
67.1518
-2.00336e-12
-107.065
-0.0026553
-199.183
3.90359e-07
-34.4866
0.0370263
-69.7816
-4.15211e-09
-408.408
-0.072902
-0.715448
-9.90048e-06
-24.0599
0.0452092
100.476
-8.44488e-17
351.216
-0.00473389
-261.094
-1.7795e-05
-29.2958
-0.108656
-373.47
-4.53893e-09
-6.10973
0.000912206
87.8755
-1.00083e-05
-178.473
-0.0246171
114.173
-2.16616e-13
-12.3335
-0.0470913
-292.064
-1.23927e-05
2.52988
-0.0281948
-70.4457
-6.29685e-10
-139.057
-0.0371747
-85.9186
-1.94932e-06
-116.911
-0.006228
-20.2151
