4.95756
-443.408
-245.177
246.52
153.328
-169.957
-195.771
317.186
-498.06
91.5431
218.701
-57.6793
477.764
-111.856
41.7666
-69.1542
-479.958
277.42
107.789
-100.231
-77.8998
19.5803
-180.667
289.631
118.202
35.099
216.558
100.281
-9.97459
-11.1478
-117.507
181.752
-179.175
-109.545
142.74
61.7717
-96.3928
94.8598
-79.4969
118.76
238.763
-176.352
185.976
73.1125
191.781
-55.1719
-5.14374
163.015
-307.837
-28.9232
-76.1525
172.692
-144.432
-183.518
154.865
-14.6156
71.4303
-196.277
104.927
-242.41
-125.527
-408.706
149.147
50.4528
103.4
-90.8589
1.8898
201.375
-2.28799
83.9558
138.995
-13.0202
179.509
-105.066
-36.5259
199.198
19.1519
-125.553
65.7593
-124.846
-28.2169
-159.917
81.8156
-216.544
191.057
89.9583
139.619
86.7358
-231.765
-158.748
-56.4665
-2.07022
93.3085
11.4378
34.8279
122.673
83.6276
85.7477
109.324
83.638
190.922
3.76345
190.91
10.875
206.64
-178.059
-107.941
-52.0941
-92.8143
-89.1246
-76.6624
207.457
-336.093
-22.529
-147.013
-4.03894
33.3214
-57.3081
155.024
172.647
-1.20785
212.292
262.6
-165.785
-8.56307
-4.30037
116.307
-50.2088
-112.073
-236.634
62.0915
-79.2168
-254.502
32.7744
-147.402
-315.883
10.8143
-86.8049
59.9861
-78.0011
43.5798
89.1217
-84.0489
51.1041
-247.732
130.574
107.01
64.7931
110.954
-78.7071
-146.8
-247.646
-22.9782
196.982
37.1486
-31.1176
-162.799
-120.73
-245.398
16.9138
125.308
-219.052
-75.9967
110.599
219.734
71.2507
-143.731
65.5774
147.678
148.263
-202.122
-143.216
56.7707
-174.037
116.344
-207.279
19.3166
-32.028
-68.9169
-105.153
9.92764
80.4511
23.1752
58.7012
-79.2894
-45.4083
111.191
-11.1842
51.6061
-290.07
-26.4877
265.282
-77.8931
94.5822
86.2795
169.712
196.533
188.225
-22.0126
-32.3555
110.43
-73.635
0.220413
98.2177
224.181
26.8602
49.3416
67.3137
26.5168
94.2397
138.987
-100.279
-149.369
-72.2311
-192.909
104.4
28.8601
61.1644
23.2257
19.4957
10.0927
-83.4398
-34.2047
-64.8234
-226.528
-65.2712
-19.8406
94.6844
95.2612
1.57055
-173.035
-53.0078
-90.7642
-10.9226
-26.3989
47.9528
29.427
-2.03263
69.7593
-76.2516
121.101
54.0042
170.539
-127.926
-37.0824
49.6578
-67.0064
9.84393
6.37267
-18.2237
-125.432
108.481
-28.2878
-30.3018
-58.0894
-57.2903
113.354
62.0879
0.0375133
13.4931
4.63593
-51.9842
66.4376
65.4285
12.339
-6.22224
-27.8088
-45.9449
-27.4736
36.8229
-61.0756
3.21111
116.129
3.34269
11.0454
21.539
-38.8212
-22.1883
24.2005
65.0476
-27.0916
45.4947
-40.5072
29.484
-75.4835
-8.19798
16.5603
-18.8648
10.4123
37.8784
15.4163
-24.0761
10.157
-31.746
-13.839
-38.6471
45.5862
16.0411
21.5051
29.0179
48.5079
17.0544
-10.9129
-43.3483
8.94622
12.7399
-45.179
53.114
-53.699
-32.9202
0.603009
45.7723
-23.2382
-30.594
5.95302
-46.8968
-16.8953
-17.9989
-12.7328
-11.7849
-27.5995
-11.3384
-7.0345
57.1914
11.0548
56.6354
4.5707
29.7259
21.0661
-22.2867
-18.3269
22.6801
56.147
-38.1266
63.4243
38.6031
1.97553
16.6827
22.9096
4.64971
-24.9523
-36.4948
-52.8157
26.4096
-25.5978
9.8991
-9.79702
30.3141
-14.3857
-20.0627
8.98418
-22.003
-31.335
3.56545
21.7603
19.4615
28.0135
-3.70653
-31.0405
-27.4753
7.97842
-31.3191
3.65858
44.0205
12.6641
8.4007
3.29081
-35.3388
15.4205
3.3
57.9285
-18.3871
-0.226482
23.6446
-14.7044
-0.200935
7.79564
6.46398
-30.8175
43.8463
15.4326
11.5911
-4.80461
-3.3707
-115.085
33.1076
11.6425
3.94779
-5.41202
-21.2243
35.2816
16.6272
-9.63845
-12.7113
-2.30017
-35.5626
-10.0182
17.6811
-24.8248
-9.86038
44.3743
-5.67458
10.0325
14.2473
-17.7803
-19.1388
8.98554
21.8228
-13.7114
19.3987
-11.5995
9.51607
-43.8673
-23.8265
0.316768
-8.99301
30.81
-4.53131
3.09407
8.79371
9.01406
-23.7914
-12.5109
-0.799741
26.4474
9.63848
4.52198
6.29383
27.9606
-9.40983
-2.51292
-18.383
11.034
4.24172
-26.7749
29.7714
-36.2138
-16.6517
-2.66646
25.722
-21.2177
-5.7854
13.1191
-33.0242
-3.75591
-17.3033
-19.265
3.66079
-9.71099
-8.32489
6.29945
47.9353
6.3029
31.7004
9.9774
14.4616
11.8667
-16.0485
-10.8697
12.4625
37.3001
-17.5224
38.7003
19.419
4.00231
8.14662
16.1154
-4.39664
-19.8097
-22.6366
-33.6657
18.5925
-21.3211
9.87282
-3.28861
28.1558
-9.33535
-24.3176
5.30979
-21.6724
-26.1499
6.95904
8.09905
13.5591
25.348
-10.1534
-19.9578
-15.8636
13.7199
-21.9837
-2.67766
24.9309
9.00158
3.34018
8.61553
-19.2331
-3.47872
4.91417
34.5504
-10.6227
4.3475
15.8864
-0.872073
-0.25006
1.87649
2.28643
-20.1963
22.6352
8.74682
6.11524
-3.33412
-19.0479
4.36572
11.4112
10.5063
-0.017955
-6.93473
-22.3353
24.9731
10.4036
-11.5944
-9.1934
7.9601
-27.2344
-0.768618
12.3427
-21.1179
-3.76424
20.2591
-5.31694
14.7362
8.27548
-9.46591
-15.5922
6.60446
18.2114
-6.97243
16.964
-8.57171
5.001
-29.4464
-17.4253
-7.8426
-1.54715
15.9711
-8.06404
2.07479
-2.12272
6.87783
-14.5266
-5.22494
1.79823
17.2702
6.61233
2.96381
-0.361881
22.2273
-8.83328
-0.139014
-14.4181
5.74875
1.13402
-21.8115
22.4233
-24.838
-16.4308
-1.25152
15.5902
-20.2688
-4.55642
14.2272
-25.6646
-3.97091
-6.0326
-10.6411
-3.68182
-4.12269
-1.26027
0.393543
35.5185
7.67054
22.6838
10.973
15.9968
8.4581
-9.65214
-10.5553
12.6136
25.2542
-10.9922
32.4579
16.792
5.5516
7.82363
12.8943
-8.1245
-15.9862
-17.579
-28.0143
16.9519
-14.4442
13.9468
-7.8667
20.7057
-7.86471
-10.8784
4.3212
-22.0161
-5.95105
7.33131
10.2053
5.44265
14.9843
-11.4733
-12.2535
-13.9169
13.1506
-25.8498
-2.96429
21.8442
3.59607
5.29304
1.86107
-16.038
-2.88487
-1.15025
31.4315
-6.40417
2.44153
10.4262
-0.367206
-3.41411
-2.12732
1.24252
-13.0936
21.5777
12.1655
12.7023
0.655078
-4.51166
-139.328
28.0183
16.0398
10.3037
4.37089
-12.1124
24.4715
13.9211
-10.9922
-9.64532
7.3777
-23.5956
1.90942
11.9836
-11.1326
-7.50951
17.9698
-12.298
1.85694
11.0195
-8.64232
-1.39769
12.3683
6.37003
-6.23895
12.3625
-3.08804
9.86063
-38.1885
-16.6036
3.86681
5.61418
34.2642
-3.32591
4.94034
10.0796
3.45133
-21.4362
-13.9533
7.78526
19.2432
7.32568
-1.28474
-8.23804
24.7516
1.54692
2.5031
-6.29018
-2.85838
12.2085
-9.27866
8.15581
-23.2407
-8.04541
-6.40853
15.5361
-20.2234
16.6659
10.1864
-13.5098
5.32802
-11.0313
-25.8578
-1.06733
-6.26408
-32.4664
24.1644
48.792
-5.47251
23.3635
3.15664
-2.50474
3.27594
-10.4227
-1.14542
-2.9009
26.0414
-9.79944
19.382
18.8432
-21.4648
-8.56231
10.2756
20.7409
-2.36202
-18.197
-19.3861
-0.6919
-12.1262
-9.65878
19.0798
36.0463
-20.4937
-61.6709
3.02271
6.97448
-54.2834
26.9968
-2.217
34.4307
7.26639
3.2868
-27.4001
12.4586
22.0021
12.0679
0.0756456
27.4078
12.0301
2.26579
14.2859
-17.9766
-32.2913
28.3406
-3.33071
-0.990302
26.9634
9.89613
27.7502
10.3361
10.0157
26.9371
2.29778
-7.49762
22.9319
-3.23018
4.44215
-30.4106
442.903
-88.9176
-15.7212
-34.0613
-63.8824
-42.5214
-9.8735
-35.7429
-27.8556
-9.69537
11.3475
-16.1401
-8.71859
-3.66478
-17.9025
0.804162
-5.21886
24.0385
66.5824
-16.9832
0.82976
-64.0873
-19.4552
15.3609
-2.08972
1.15911
-5.73339
-40.1289
47.4115
-34.1699
-55.8212
-28.3483
-33.1437
-64.188
-5.09756
-16.851
32.2673
11.8963
9.40597
15.2547
-16.309
22.5017
5.58574
11.29
-17.7008
-81.6176
-2.65775
-10.3235
58.465
-51.0437
-34.7713
52.873
-5.50131
-21.4262
4.40003
-5.20015
-13.4614
-38.9447
45.1647
-53.6814
-11.9299
9.30756
12.9938
29.3041
25.8951
106.335
-54.349
-20.3903
31.5303
-20.5382
46.4767
32.8444
17.4923
1.92279
-25.8301
42.0833
1.99407
29.1418
33.2707
-24.7745
102.446
37.3756
5.46334
-127.826
-60.2735
8.59624
-32.4748
58.8184
-21.369
74.8637
-57.5942
-4.00909
37.7943
107.692
-3.19563
-122.261
89.1128
-57.3978
-1.25449
-83.5063
65.2424
-81.7619
26.6176
-66.2579
-3.01579
-95.9265
-36.8255
-47.0342
-19.0259
-5.71712
21.8855
25.2793
35.9449
-58.7065
77.6991
-20.1992
-56.4416
3.80742
-45.1144
-34.5131
-47.5868
-93.7081
-55.6519
32.5044
-72.6879
1.98346
-34.4506
-64.1485
-660.228
211.126
80.2406
79.1179
140.658
22.5591
89.3415
128.634
33.8223
8.73694
33.8748
-22.7594
55.421
37.6465
-25.1895
18.6909
5.6353
-82.9047
-86.6438
46.5079
-0.686327
120.897
73.7701
35.5438
3.07773
58.357
-21.5941
110.141
-163.407
66.213
75.2171
96.2737
37.874
133.508
23.1961
-52.1115
-59.822
-35.9067
2.36577
-43.637
56.2877
-41.2779
-3.97137
-53.9067
101.006
181.549
11.7248
-25.0844
-150.104
102.752
14.9398
-71.512
-15.066
-22.7492
-1.63839
20.5414
-37.9237
53.5888
-51.929
62.3751
-3.11132
27.0251
-2.92818
-136.102
-53.7941
-180.19
65.9344
87.3729
-27.5108
87.253
-62.9391
9.76041
-16.7321
2.03252
12.169
-29.7638
23.9996
-74.2734
26.086
108.19
-179.71
-44.384
13.432
212.038
84.656
-55.3066
-14.3543
-63.0429
34.1868
-77.8261
53.0595
30.6593
-92.9696
-146.904
17.5561
162.099
-69.5651
125.128
64.6055
128.751
-135.122
111.441
-56.0544
77.9892
34.6734
64.1001
61.2742
151.617
16.3028
42.9357
-75.1099
-89.4311
-49.8435
65.2072
-40.1764
33.4432
89.7912
2.3359
65.5555
32.1814
60.8951
160.921
87.7541
15.876
176.698
68.6158
76.0727
174.083
-18.8218
-183.297
-61.4663
-53.9284
-173.896
-25.1914
-74.7528
-152.319
-79.2168
-43.6837
-44.5694
-13.4155
-77.796
-27.5934
49.795
-64.8155
38.5677
68.0971
96.2828
-35.7026
-16.7674
-140.35
-55.3196
-75.3847
-22.4382
-71.9559
39.7798
-122.974
122.093
-136.647
-66.1308
-105.389
75.3457
-189.07
-8.9024
125.456
90.5058
-20.3846
-58.3914
94.6579
-35.1499
82.5148
-9.41585
29.4729
-77.1615
-221.711
-4.80151
37.7517
174.097
-94.1078
-14.3913
79.7975
-17.5187
23.8395
-21.9972
0.172759
-0.355569
6.94616
87.694
-86.3421
29.3915
-53.3625
-70.7592
163.702
56.36
124.234
-3.43691
0.591923
4.19112
-64.6173
74.9444
-38.6858
21.8159
-12.8927
-7.80522
18.0039
15.0892
81.4718
-4.924
-84.8638
141.861
15.1698
-5.3772
-188.076
-89.432
30.8519
-19.6674
56.6719
-50.9861
57.9489
-6.43866
46.2633
52.3403
33.6695
-15.4884
-153.198
-25.3389
-73.5415
-71.1867
-72.0619
137.047
-118.328
2.82469
-47.6569
10.322
-45.2341
-66.3471
-102.57
-3.76626
-33.4286
99.744
58.4082
-15.9477
-17.4235
30.4048
-27.1704
-39.523
8.67561
-9.95346
-20.0555
-49.3401
-108.944
-65.5539
-30.7878
-122.792
-56.2598
-59.6503
-198.513
561.497
47.5897
46.1655
11.1967
63.7341
-37.4656
59.6156
90.827
25.0863
20.1589
58.606
-12.3094
60.7628
21.7073
-56.8359
52.0754
-42.0198
-44.1684
3.72381
8.16087
20.184
50.487
41.4431
73.3101
11.4752
61.1794
-36.7191
61.499
-64.0793
63.5456
-2.53894
67.4803
-73.8247
76.8553
13.0322
-113.688
-29.5359
8.85705
42.163
-45.9742
13.0836
-27.5139
5.61585
-35.1324
56.4517
96.7803
4.44691
-34.7226
-89.5333
28.9874
-17.1758
-23.0182
9.0061
-42.1917
11.6019
-3.64616
-33.117
-8.61246
-12.3545
17.5282
-22.8724
49.8358
37.8813
-102.169
-16.8614
-27.5234
-15.177
13.2276
9.10318
38.5317
-15.7968
41.0138
0.339861
15.4522
-11.8845
16.5894
1.65332
-25.4092
37.1622
56.3576
-50.8471
-3.5103
4.05516
51.0854
20.8134
-24.896
-28.7562
-4.39659
18.567
1.68215
-8.38228
5.9551
-34.0012
2.82313
8.59908
27.3193
40.4694
38.3465
47.6176
18.0128
-59.075
13.4155
-15.6935
6.15064
16.0665
-26.454
15.5563
62.491
-8.81547
26.2684
-36.5291
-35.4212
-6.83699
-1.0127
20.4758
12.575
18.6992
0.714955
12.0394
-5.24334
3.49018
38.2698
28.5566
23.4771
59.4498
46.5707
25.4492
68.7694
-401.997
13.4335
12.4799
14.4119
-26.688
-1.54831
5.56303
-17.4789
-25.4245
-18.9558
-7.25182
-14.559
-13.5273
2.60269
19.5971
-23.774
17.2554
-9.12747
13.4282
-3.39523
-1.89272
-13.699
13.5599
-21.9215
-12.3815
-9.91329
10.4485
-11.4137
-9.29279
-38.6803
-1.60721
-4.74907
46.6254
-37.7731
10.3648
29.9628
24.3564
-28.3801
-25.3231
28.9128
0.162019
28.7586
-8.34794
-17.6132
3.91584
-29.8058
1.22879
7.27167
14.9876
-10.8567
-2.10966
3.77942
-3.25957
-4.08174
-10.721
2.40968
-22.2982
25.8572
26.1073
-15.7377
9.62898
-3.50813
-29.1953
12.172
11.5788
1.59539
19.3781
24.4439
-8.40377
0.986667
12.4235
-9.64162
7.90555
3.93005
-1.92155
7.26836
11.4042
21.1427
13.3669
4.16767
-3.66491
-13.0877
-5.96021
-20.8173
-12.2691
-4.70338
-25.8605
5.65553
-7.61171
5.16426
17.1494
36.5177
-13.8897
-14.6728
-1.13279
-22.1393
-8.8275
8.66574
0.325241
2.42049
1.50088
-35.5724
-25.631
-3.53746
20.4975
-23.151
-10.7086
10.8059
-6.2966
8.07963
17.8495
-3.37131
-26.2676
5.29885
14.2056
4.28115
12.0955
5.54392
17.296
-9.21023
-16.8274
-0.757012
10.3549
-4.89234
4.21633
19.2656
0.791981
-21.382
59.5935
-9.17915
17.8286
0.17477
-27.7796
-24.991
16.8607
-0.133565
-15.779
-7.96177
12.379
-10.8378
2.9787
4.27918
1.60832
-0.192723
-4.61846
-14.6349
25.3793
-14.6429
12.8414
-8.36755
25.2129
6.51481
-9.70838
8.86037
-0.467263
2.6175
-14.5954
-17.7153
-8.79351
12.6138
8.55156
-19.9423
13.3542
-10.0826
19.4283
-24.1632
-6.66625
15.2495
-2.29061
23.9615
-6.77643
-25.6844
10.0181
-4.98688
-0.89536
-2.78101
-9.13104
-12.8272
-8.07383
-4.11496
8.72132
-16.1343
-5.45824
-3.00647
-28.0216
17.6653
22.1564
-9.91406
0.532854
13.6962
-11.8641
-17.363
13.5858
6.19946
14.5551
13.0918
-6.05788
7.57585
7.98595
2.27852
13.9749
11.0066
-4.15399
20.4187
6.17389
29.12
21.8167
13.0035
-27.6209
-19.2474
-16.7306
-18.8154
-6.64814
-1.96712
-39.8917
0.673441
-6.71908
1.06434
33.8556
37.8895
-28.8372
2.84723
-3.23918
-18.2182
21.9752
10.7645
9.10184
9.34576
-31.7294
-61.4802
-49.9038
-20.4974
24.6326
-56.1304
3.04514
21.1081
-15.5205
25.7926
13.448
1.06714
-36.5113
5.85803
31.2953
16.4881
28.2408
14.964
27.4973
-23.8022
-59.7906
6.11589
40.7608
-10.0816
6.39845
73.6604
7.00253
-2.52262
-64.7554
1.58508
25.0372
-9.75783
-68.5977
-35.9718
31.1877
-23.3831
-23.7298
-10.636
8.66471
4.57225
-17.8786
-1.02018
45.2404
-0.291054
16.5537
1.44264
6.63812
-81.9283
50.0278
-30.9372
90.9289
4.38299
-35.3805
26.5915
38.0525
23.0904
-73.1429
-48.5628
10.9154
31.3045
100.402
-62.77
26.5698
49.6714
39.8432
-145.085
-18.8784
85.825
64.4985
106.246
-39.2644
-47.6685
-34.4397
39.1011
-11.0981
-27.2383
-0.825837
-9.95475
34.1956
-17.7657
30.0273
-21.5637
-104.866
10.4247
-46.4625
37.3504
-38.2921
-67.2267
21.3898
-96.4141
-42.7138
69.4624
-65.7855
33.8384
-102.49
36.9943
-24.9506
-24.24
-16.7723
-23.5177
-74.5338
16.696
-13.9909
-60.0111
42.4052
-87.8091
-13.3735
21.4466
116.985
13.4293
35.4731
31.655
1.20572
-75.2368
29.0148
28.4636
43.7912
52.729
-107.53
33.6425
37.0542
-17.8395
30.3564
-7.65932
-59.8712
20.5838
45.9562
-58.7848
59.3152
60.1972
44.348
53.3393
18.9889
52.5203
-57.7539
32.2092
-9.69426
-35.6823
23.4927
-36.3324
-8.13436
-26.8391
-9.86455
-3.37988
-8.18866
-18.2288
-5.81696
2.32586
91.375
-3.34278
-17.1474
29.082
34.6742
-29.7139
17.6525
-2.27857
13.4081
-36.7119
46.8344
19.2452
-19.0488
-48.2422
6.26725
30.0601
-16.0728
-6.51567
11.364
-58.1343
10.6872
2.67766
-37.133
-26.1542
-38.5058
-92.7372
77.135
47.1394
-1.53896
13.1509
-14.8143
22.7054
-2.69316
-9.6215
-46.6761
-11.8798
22.1156
-31.2752
-13.9476
-7.85344
-72.9168
-26.3594
14.3923
-29.3687
45.7607
-14.6585
-15.9862
31.2154
-103.249
41.2943
-4.30973
-22.5154
8.90494
-0.31243
-32.7197
39.7721
-47.1576
-113.529
-23.7832
-78.8926
89.4774
-18.3334
-13.5511
-44.3677
-60.8574
56.3735
24.574
-58.3454
29.7769
-16.4469
-40.4242
-14.7102
51.9416
18.7248
33.6267
18.0006
-94.2332
10.762
21.7607
-28.6062
-24.889
-2.84853
34.7675
-38.0125
9.24045
32.0206
-15.8373
15.5876
2.16322
-11.5225
46.3875
-6.02253
-8.40794
-85.5149
-24.5237
2.42471
63.0967
112.464
-154.487
92.6341
45.6391
6.74474
128.242
-3.54802
55.3383
7.85776
113.188
-19.7902
80.4259
78.8168
63.669
105.6
68.614
-36.8135
-34.3707
73.6511
-17.4081
24.3427
-26.2921
-70.5585
-46.3825
48.1069
-44.3271
-0.344876
7.76325
-118.442
68.9969
51.9158
95.7208
-11.9902
36.7519
-52.664
10.2817
-132.309
90.6236
91.907
-363.878
104.889
-2.86218
89.5541
-14.078
47.2555
-10.7646
-4.52494
-32.3321
-9.48315
-92.0842
40.2794
44.5405
181.815
-59.176
12.5743
-50.939
2.23376
-48.0128
116.58
-30.5079
61.308
-61.8583
-105.913
-54.6167
-108.043
26.6528
8.04069
-4.38338
-26.9184
52.8881
3.89879
153.09
-47.692
-85.8632
-95.5054
83.3307
-4.45188
-70.389
-68.3762
17.5336
96.4981
-42.0122
-218.862
97.3945
12.5465
-118.407
-145.227
47.6393
185.778
33.6737
-23.6429
16.263
3.18726
76.8331
-12.2261
-96.3476
-50.0505
78.3816
-0.154897
98.2927
77.6953
59.7553
18.9108
9.4779
-27.5712
-87.3549
79.7773
121.629
111.106
53.2467
-108.418
-154.501
-102.273
-24.8103
-62.49
-101.196
-34.4896
-231.674
36.9426
20.6789
6.71488
-63.2994
-54.5769
-165.977
221.112
38.3823
-99.5415
115.173
-187.013
-16.3357
-23.1331
95.0114
75.5684
-90.8874
-14.9729
-45.7277
86.2957
-39.2519
122.141
-11.8855
88.5979
-38.7809
6.40058
-3.95149
15.6489
-7.2823
59.7251
125.563
113.754
-86.6254
45.1984
-17.5099
-2.65031
-86.8511
23.9783
49.2565
79.4328
152.015
-142.797
24.5192
49.8992
-44.0895
-168.288
-33.08
-101.298
-65.0981
-66.1633
213.323
-64.2546
-145.998
59.9063
150.043
183.733
-115.328
-16.6773
36.2979
-16.4542
112.543
-5.4115
-34.2755
3.75297
53.0466
-112.408
38.8565
73.6856
74.1138
33.2301
-36.926
-160.263
18.9019
16.5443
39.6437
92.653
46.4668
34.3935
-37.5098
-29.6903
66.1431
55.0447
-216.149
11.6203
124.739
55.5666
-58.4781
1.34603
79.7848
6.73245
-31.8404
-5.46363
-60.1965
-6.12121
182.377
42.8123
-5.10036
223.118
30.9086
35.3538
23.4942
41.9684
-49.8415
33.7208
-107.604
75.3506
5.32877
-13.8264
56.5587
40.424
-9.64975
16.7941
1.45331
-7.85013
-71.7162
-85.3081
-2.77072
124.622
-24.54
-89.1925
57.2729
39.848
-63.1955
31.9998
-13.2835
6.69542
-11.593
-68.8688
84.2787
48.8436
59.571
58.5048
43.7312
-11.4063
-6.95707
13.322
-40.6682
53.4173
-51.8492
-63.8659
33.8777
-0.528444
2.66493
-42.0476
25.0393
-44.8647
1.43489
28.1562
-45.5175
24.7768
21.6201
-74.5967
15.6414
4.06854
27.0324
11.2532
26.7497
-67.7098
2.26092
-4.68429
-20.1625
-13.9263
-4.62445
55.0557
17.2272
-2.1262
-64.7154
8.29675
-28.1675
34.3258
-18.2481
39.86
60.102
8.0597
10.8322
-8.34341
-46.8298
-28.735
12.4395
69.4706
1.58291
-46.9266
22.0391
30.9225
-12.0929
29.0443
-28.9397
-41.1926
-18.0975
38.8481
5.88466
-25.5607
54.7732
32.6123
31.3507
-48.214
28.159
-18.1516
-20.2048
-32.3855
79.8978
20.1703
-2.3503
15.615
6.26258
9.65766
0.380319
4.52625
-47.5908
59.6316
-41.0517
13.6461
56.999
0.204073
36.0887
45.2423
33.4253
9.93911
-39.2543
32.5004
-25.2819
-42.3931
93.968
6.68848
10.4566
92.9854
-15.0818
-30.9913
79.2507
41.9916
4.19819
-84.6105
-13.6202
21.5357
-42.6992
68.7812
101.14
63.7876
-78.4284
69.9558
-75.4879
-71.578
-40.3883
14.3441
6.88841
77.4699
-13.3444
-88.622
64.7792
30.9255
-65.0312
126.906
-9.2777
-18.9049
-6.67603
-67.3927
67.0161
57.6977
79.3592
-31.5936
1.4238
-58.4038
-42.8971
-12.6767
-97.1973
40.0443
-87.6488
-131.759
94.4865
128.756
142.862
15.2573
130.626
-20.7617
-24.6071
106.957
-92.0223
-33.9567
11.4827
-264.548
-71.3203
-10.1947
30.9357
-34.769
31.7572
-28.4611
-13.5245
72.9995
28.4587
-25.1166
-9.64365
122.146
-61.0304
-37.5352
-151.468
171.177
-55.237
-41.9409
89.3486
2.62014
159.601
34.0086
-18.6673
-50.0053
-206.557
-121.067
73.5801
67.4912
-199.085
-113.418
-43.3969
-28.8779
-50.4905
162.058
-13.7733
57.8519
-4.09466
-167.058
30.9918
-23.3971
8.67749
218.415
-125.003
-181.921
198.961
-17.522
204.506
-52.8282
-65.4252
78.3844
-68.2409
-130.812
141.501
53.3108
-41.6212
143.321
20.9053
29.2514
-31.0159
-37.9976
-44.389
-191.049
60.368
-47.5888
10.4132
-109.965
-100.031
106.624
119.116
-218.328
246.057
31.0059
-128.19
109.455
-190.203
95.139
24.1571
-49.6097
13.3901
284.645
-241.823
35.2761
-118.498
77.6023
88.6457
-163.399
257.807
-105.741
21.5689
5.86138
-145.807
48.4126
-112.524
-120.69
-154.949
107.504
-270.501
-181.004
-104.676
-228.2
-138.546
55.4651
53.2194
120.93
46.611
-14.4095
196.823
-277.245
-186.592
-207.981
43.3267
126.018
56.8411
1.22013
221.452
-55.0521
-110.121
-36.2481
70.4269
-29.0909
-200.939
57.4755
-27.6141
145.006
-128.033
-37.0985
54.8711
225.376
-16.5367
-57.4156
208.525
92.8457
-289.252
-77.1531
57.5769
-121.286
144.535
234.663
-69.2796
-128.763
35.1695
71.2881
-234.624
0.510457
89.3638
53.0058
-8.63131
-155.791
-277.525
146.7
190.173
38.0231
29.1218
24.7131
112.535
-170.313
-243.036
-7.95501
-43.0079
-22.513
-124.861
-51.2755
-37.0751
304.953
194.046
-94.1172
190.777
-43.8638
-210.359
-280.586
3.59877
284.898
-93.9102
60.4108
28.2144
42.8768
27.6117
-129.573
118.557
80.1393
-50.2295
-59.4905
115.795
-96.7394
64.6988
-142.388
111.885
-65.1088
-30.4728
9.12337
-126.887
-85.0854
-4.14364
67.3622
57.9338
-145.229
56.9594
189.279
-140.688
-119.271
2.9732
-243.704
75.4261
40.8997
-13.1987
23.5783
-129.936
50.0556
-7.70567
-2.71015
67.0165
-146.442
-119.638
-116.532
87.4117
50.4143
36.7528
109.095
9.03878
-35.0173
3.69995
75.1575
28.8013
-31.3821
57.7571
64.9368
133.25
43.4748
42.622
-53.0591
40.0494
99.2846
3.15297
-49.7587
-28.3261
47.8542
61.8525
-56.565
-101.904
58.333
88.4926
-95.6374
-44.2725
65.0482
-105.302
60.9733
-73.2953
-65.5049
-31.449
-45.835
9.65071
22.0435
-5.45923
81.6273
57.0514
54.4667
39.9307
-44.7884
-68.7562
15.767
47.1205
36.7054
6.72491
-31.0172
-77.7852
-60.6996
48.353
-51.3968
-3.28032
-36.0641
51.6372
-37.6995
24.3197
23.4273
-19.2254
-17.3465
-71.7994
0.606307
66.9293
-2.66873
-14.5853
-16.7072
53.4636
-44.588
-38.0894
37.4725
-19.4147
17.8096
-20.994
-5.25335
16.1569
65.844
12.025
24.1444
108.154
-38.4192
21.3501
-89.1155
-3.64672
135.823
-10.1689
-24.9704
5.28658
-7.83055
-7.24927
-36.5151
11.2552
118.072
-38.3091
-36.8829
15.3726
28.209
18.9235
-65.2365
59.2564
-8.46703
27.0731
-8.66185
-81.3212
-150.309
58.8164
2.19876
12.1237
-63.2568
0.877216
36.6471
-77.3187
-53.3649
-53.9528
-110.33
68.866
75.5272
22.5724
-74.3255
31.5601
27.0674
-16.8039
32.5479
-47.7012
-102.56
-96.5008
-113.11
83.9154
37.6181
42.6802
127.373
119.351
44.4209
19.0919
133.149
-49.0593
-89.9637
80.2154
93.259
116.579
148.053
64.1041
-12.0011
63.8553
123.869
53.6451
-30.5706
-28.4554
45.0619
-37.4405
-225.614
-172.356
5.64519
60.272
-140.469
-35.8403
-35.4114
-182.128
165.548
-58.4971
-127.507
-57.2002
-9.17081
-110.864
66.1943
79.2157
91.1125
39.2243
-57.8348
24.472
28.8022
-37.0432
-0.708196
-59.6802
79.9377
-87.738
-6.87788
-164.383
-37.187
-29.5333
57.1902
-74.9871
-58.9614
16.1397
-148.663
78.0004
116.489
-151.247
-93.4117
-16.6014
20.6866
-143.172
-85.9956
149.419
-202.281
125.179
16.363
-145.981
20.3378
-205.121
-9.36056
-39.2381
-117.833
-122.458
-218.05
183.205
-42.0167
-10.977
16.783
-56.2421
-57.9522
6.08855
82.7106
20.2242
164.363
-117.862
-128.155
-144.018
-33.5494
148.534
-147.451
12.5595
13.0843
7.09516
-98.5602
-33.6862
126.097
-55.7237
-85.0456
-107.967
-51.7584
1.71984
274.521
-161.898
-53.2634
127.521
6.40539
-89.9138
-15.7391
8.06812
55.1406
74.0672
-115.492
1.89053
-92.8141
-98.1846
160.878
-140.414
-14.0717
145.515
-171.737
-118.559
-38.735
10.5972
-54.9504
-13.9953
27.5281
127.126
60.9806
-102.303
-130.455
31.2991
-106.065
37.0716
82.6323
-75.9932
-103.945
-14.2211
-143.524
-45.0706
-54.1335
-74.0607
-40.3045
-57.6483
11.459
-46.9426
119.866
95.1769
78.7811
177.321
25.8469
9.78102
82.0269
-59.1494
25.212
-26.521
-43.5106
4.49085
-27.989
37.196
0.84637
50.0519
13.8281
-43.0901
24.7619
-24.0144
30.4222
5.5979
-23.4785
68.4409
6.15868
-47.0606
-60.8776
-54.2261
-64.5411
54.5125
-6.71672
34.4451
-13.5163
14.921
1.20934
-23.7494
-22.994
-70.2759
58.8937
-0.514239
18.9555
-51.0776
-7.84222
14.4864
-29.8979
9.57526
-32.7038
55.2174
-12.4971
7.47068
34.3987
16.0106
-0.145522
3.7966
19.3001
1.54478
16.1404
75.8983
-7.3038
-0.215595
-21.3996
-28.4018
-95.3843
48.6971
61.4393
43.0397
29.5929
-81.8807
17.3847
-49.5538
-81.6808
85.2941
14.4016
17.0015
-55.4612
2.90532
-19.1827
-1.25339
15.4023
-24.3097
-18.0294
11.7286
-71.3316
48.6037
109.624
26.9966
-60.2531
55.0361
-71.3884
-74.5019
-58.0097
11.4649
35.3077
47.9395
-142.835
-11.015
51.9342
-70.9483
68.738
-110.906
-47.6739
39.5472
-68.1962
-239.784
16.0966
-21.7047
-197.045
78.8106
118.098
66.1413
153.7
-113.697
-19.5691
-99.756
-95.4435
82.1775
-18.446
-63.869
-173.931
104.314
70.9483
7.75883
-138.078
-124.575
-1.4923
145.722
-12.6147
-115.651
226.386
110.285
62.4995
65.7901
133.094
-153.809
81.3158
16.8247
1.51397
-46.5313
95.4075
-97.0998
-70.4896
32.8418
100.213
54.2018
63.2781
55.026
155.808
-11.4942
-37.601
-73.0229
98.7557
14.0172
-104.598
-143.83
-128.433
-115.351
43.7755
101.2
-96.8994
52.6682
42.8223
103.715
-74.1476
-64.6552
16.3831
40.933
7.60848
173.337
-118.288
7.21061
63.5926
86.2329
211.268
-35.3181
-126.591
64.4271
-164.101
-63.3417
-65.9738
248.725
-3.21488
-57.9366
10.839
-110.722
8.43993
79.2803
56.8763
91.9498
233.44
-121.754
250.778
-119.324
-124.146
-62.9249
190.666
21.5909
-182.464
-36.6997
131.552
124.436
-117.019
-55.672
32.52
-13.499
-53.1305
75.4968
-4.50648
-45.6846
-61.7115
-193.423
20.6911
-126.642
-19.6789
-168.073
-95.8133
0.262919
108.118
-54.8547
93.115
-53.5924
-179.74
138.654
-144.39
-39.4337
-92.9224
-2.67887
66.4192
-97.5412
123.596
-49.6505
-68.5552
154.06
60.8359
47.7495
150.285
79.1646
57.4341
-42.1674
-99.3203
58.9457
-181.441
108.259
87.6523
-132.786
-95.3148
-93.6756
64.4549
-30.1609
-115.024
-108.39
48.3071
61.7095
-39.9052
-63.4244
-25.7449
-7.59189
-80.0381
42.4721
160.561
-15.1154
-45.345
69.5442
8.28886
44.1334
-51.4151
-12.1344
-36.3895
42.8557
-93.1351
141.945
60.187
-4.03262
163.443
-11.5875
-4.34143
-3.80394
-11.2226
95.707
-68.5362
9.56941
-38.9903
-58.5145
-31.8433
24.4863
-72.5085
83.9926
-89.723
-82.9397
-36.5378
-68.2048
47.4366
40.3877
56.6406
54.3638
68.0001
-59.622
-46.188
-39.0365
74.8335
61.3342
-73.7234
-35.709
27.7262
14.6626
-74.9493
58.3638
-11.5615
71.4855
-68.8111
-16.9099
-71.2683
-112.801
23.0456
122.972
16.7141
-1.06514
34.2675
-52.6338
81.9761
-51.3238
-34.3203
-69.77
107.863
30.1687
65.7148
14.7266
120.448
-24.3092
21.5484
-93.3415
-23.6342
2.00753
7.54929
-5.68748
79.2994
-40.0511
6.93322
-23.7371
134.592
67.2427
-11.5138
-7.8394
79.3372
3.52408
-22.3093
68.4819
-2.88815
-6.86304
64.7951
-4.52894
97.1144
72.8981
12.6149
-18.8454
26.6685
-4.18267
41.31
38.9376
-57.0246
102.451
-31.5763
69.3796
17.2315
-71.0406
-29.7685
73.7809
-59.934
18.6023
77.7453
11.0593
-11.8083
46.5067
79.9618
30.8938
64.5048
-12.3114
-72.917
-42.7951
22.5153
59.1606
37.3081
-80.4343
84.6041
79.1299
59.2771
-12.6736
23.9855
-51.4384
-1.52992
46.0869
-33.4525
-27.9673
-50.4381
-13.4795
-62.5484
-82.5461
-103.877
25.1599
-64.9088
4.14905
34.8686
-74.9334
-105.974
-66.0996
56.9605
-4.20742
-44.6817
12.4634
55.9976
-12.6563
11.5433
9.57047
-50.6265
-20.1779
-43.1426
-48.5799
35.279
67.317
25.097
-7.57006
-16.5209
-32.5533
96.7888
-2.99342
2.01527
-11.0248
-29.6532
80.4728
72.2425
37.0775
35.5059
-58.9312
-110.358
5.27833
-33.213
13.894
29.9493
-40.4711
-44.7032
-51.7481
-58.887
64.8168
-75.2499
-26.3192
-24.2129
-15.6453
7.50207
-91.5058
77.2487
-40.5674
103.108
-48.829
-3.86803
40.6523
127.472
1.49792
49.5747
-115.911
-140.197
16.3421
-48.9717
22.3722
-73.9448
-99.8476
-19.8355
16.4176
162.233
65.1089
34.0734
-74.0309
52.8545
63.1461
-32.9799
19.9557
-60.3582
-51.8378
24.3917
163.231
-6.23875
-97.1489
-14.878
25.515
33.4904
25.5021
-13.4956
-5.10455
-158.945
126.728
35.9177
128.893
59.9927
33.2106
20.5678
6.1688
107.703
138.468
-109.669
14.0039
5.437
50.3848
31.5252
-10.4784
242.118
-8.08211
158.538
-80.9937
69.2703
26.7624
19.8079
-19.2195
4.24183
-119.017
-69.4189
118.338
-82.2401
18.1651
-47.4267
-50.3364
140.535
137.606
-35.2186
9.49436
71.675
-59.5174
63.6075
-164.362
-153.653
-37.7981
-95.5916
29.3787
-97.66
-174.753
-54.0329
-43.216
-85.8835
156.754
45.9582
-50.3611
-145.011
181.073
56.6665
-76.3444
24.7912
202.583
29.4691
-72.6079
30.3992
25.4976
20.8123
-42.0876
-36.0298
-145.473
-34.0468
-35.1684
107.505
-74.6999
36.7847
-45.1062
-14.9814
86.0566
1.34798
21.6888
-32.9959
61.2877
19.6613
81.6594
63.5331
23.4958
-12.0999
134.484
70.2285
24.8215
-10.3824
82.5697
70.2242
91.4493
-92.1186
-69.9792
-127.662
-47.5371
-139.779
-47.3822
9.59862
-3.27864
73.2191
149.746
-28.8969
-210.833
129.32
-71.8806
-11.2191
40.9883
-91.5663
-118.493
25.3872
-40.9804
44.5667
33.7954
89.8933
-54.2376
-11.9501
35.4619
169.337
16.3227
-33.4073
8.85354
5.55283
89.1335
13.2952
-100.455
18.1551
5.39409
125.287
1.4513
141.436
-21.3113
13.7753
-80.3237
20.5749
42.9588
-99.9405
14.1632
-128.394
-74.2157
-25.1726
0.169161
29.0278
-42.9444
-1.95944
-90.4805
19.9915
22.4981
-80.6289
54.1307
-41.2225
-49.9272
-60.5286
35.7217
93.6708
-9.39236
-8.28612
11.5967
61.087
60.8723
14.7762
-11.175
9.20019
-75.7871
106.664
-9.65815
-68.6558
17.0884
70.2391
6.57416
60.6379
60.082
-59.599
-1.20101
54.4965
55.4422
19.3568
11.1594
34.156
-7.49971
2.61784
-5.98859
-19.6049
-57.2617
-9.81265
36.9098
30.475
-18.3994
-0.381143
-16.6396
-43.9542
18.114
-63.68
26.4171
-58.4124
11.6388
74.8865
-0.692427
87.7854
26.8714
-21.6649
2.41034
-23.784
-23.6927
45.3687
18.3026
35.3225
33.6548
-30.589
-9.94535
2.87589
20.3981
-31.537
80.2869
-33.175
-34.6259
48.6995
-41.9884
-8.033
-11.5594
15.6626
-15.6933
58.9201
-42.8591
15.8547
38.7907
-46.7462
-13.7442
-12.8473
9.70325
-35.9558
25.4252
-37.9093
-85.7321
66.1109
-48.9296
-26.1233
-5.98506
66.1813
-5.34442
-52.8946
-18.6434
17.5214
-8.12085
-14.0985
-14.8806
39.7093
135.934
-21.8664
13.2858
-57.3036
94.9556
-37.0897
-12.5684
27.684
42.4579
84.5614
-26.4503
48.7515
-67.0685
-18.0194
-3.90073
47.6747
64.2683
3.25306
21.2676
-70.3187
-41.6365
-34.6013
46.1904
128.087
-9.41731
-60.2406
-33.0636
11.7161
125.561
-86.8846
-84.6674
46.317
-54.1502
59.6136
115.748
83.1734
84.5583
-14.5712
-46.2145
81.6096
-16.2893
9.17174
78.0086
75.2724
10.6358
-17.7968
-43.6733
-87.7679
-73.2906
48.8526
-37.4626
-2.08082
-17.0909
-151.096
8.654
122.73
-92.7207
106.072
75.1223
7.24903
58.8422
64.2668
42.1693
-57.4565
-97.3012
-90.2721
71.043
-20.8906
-12.0073
-26.5892
-30.7101
25.5574
47.1712
-92.9954
40.9288
-2.63484
-62.7601
-10.6504
-74.2288
29.9828
-61.2853
-103.332
36.2444
-70.3709
51.8414
32.9326
229.027
-61.7802
-3.75948
-102.781
19.099
88.0667
25.9643
7.3272
129.192
1.53048
132.547
66.9789
-25.5389
67.5636
107.085
-134.531
-86.5044
52.9597
121.144
-124.521
144.429
63.4685
210.411
-176.86
27.5108
5.61809
-28.1863
-28.9166
-167.723
-78.2646
61.234
-42.0017
-110.333
113.708
-48.1344
15.0532
58.6218
13.9164
70.5393
-46.3977
59.1645
-5.02631
17.2946
24.6011
-43.4139
-106.457
77.6335
35.0673
27.9068
80.2211
31.278
-1.66332
61.5276
86.1881
81.8442
30.8306
13.7278
31.5464
-68.1625
-73.7097
-71.0854
18.4993
-82.2926
-23.6927
-62.258
-34.9528
22.1573
67.751
-108.535
3.90449
-102.705
-10.0231
24.0455
-127.943
68.4099
91.7611
2.38299
-44.5288
26.5491
22.8587
6.43577
-53.3155
-124.454
-60.9493
44.2433
-117.115
14.2272
-17.9217
19.4812
-55.4826
-40.5334
1.66211
-22.3612
-31.2353
62.299
32.7912
-10.1447
-87.2379
51.3271
166.564
-42.3249
-55.1468
-97.297
47.1366
-102.319
-60.5966
38.619
-15.4947
-26.456
56.5953
-78.0051
31.554
-23.7082
-23.895
-50.1123
45.6998
1.15695
-17.3337
76.2804
-30.1299
-132.156
37.6977
12.0951
-127.491
16.5825
-32.4687
7.66256
-56.4968
5.53637
-164.503
-20.6886
-123.823
101.784
-31.1287
18.8101
101.135
67.8445
10.246
63.4428
-59.7806
-9.18266
-63.1897
41.4659
-44.6631
18.6422
16.8686
116.329
-36.2207
96.2317
-36.3715
91.4822
-98.8776
20.6236
55.3665
-165.665
153.195
-53.1755
-16.8864
83.122
-68.4326
-86.6789
-119.697
64.7131
132.232
-17.3136
21.4516
109.602
14.4007
42.2657
218.112
41.9392
44.1005
-12.0648
-185.863
-11.0537
36.1391
38.9656
64.7072
29.4436
-89.9718
-115.225
-43.9294
-51.6802
-36.2134
118.922
69.0391
99.1828
3.24339
6.70848
-2.17399
-59.3386
-99.7582
-48.7942
-131.985
38.8576
114.061
-26.5664
33.5793
67.1258
-107.308
-20.9549
14.0842
-9.13866
-95.0873
-24.6878
-101.233
23.5331
22.7593
121.019
-47.4169
75.7589
-2.44491
40.336
12.0522
0.968649
20.059
-42.0976
-121.069
75.4065
-24.8772
-76.4398
68.0891
25.3818
14.7943
7.5024
52.9195
2.48829
-116.834
-39.2592
15.2796
81.4549
-36.3615
-69.1331
30.6382
2.80484
-12.0373
-81.1464
123.862
9.64109
27.5915
21.7794
-38.09
52.3578
-92.7027
6.91513
-75.5957
-13.1413
-34.8674
10.1528
10.1776
-56.7652
0.598178
-46.2183
-1.88002
57.4884
-14.7536
78.7419
-21.6076
-16.984
-28.0499
-51.2141
39.9832
-74.8434
12.2547
84.8372
26.0694
51.4075
107.552
-41.5798
-2.65774
69.6565
-84.5681
-34.7469
29.649
3.86764
-25.5658
84.5029
16.9113
-114.889
-63.2195
-64.3748
57.9628
-42.8308
-8.15876
41.693
8.52749
149.8
-76.6993
29.9039
15.117
36.6417
-66.2062
47.2524
72.6316
-44.9949
18.5858
-7.78969
-70.9332
19.2385
42.2895
-46.662
-30.361
-2.56235
17.9654
25.4714
-137.992
54.6861
51.7514
-17.4714
-20.6307
8.06206
-82.2956
126.309
27.4503
95.3231
34.8207
71.3465
177.631
-20.3431
-76.9264
-33.4643
195.837
69.215
-121.13
-43.4125
-95.5847
-45.8296
-75.6942
52.7224
-6.40029
57.7249
42.7411
3.53515
-66.2935
60.5837
53.9501
99.531
12.6405
-93.2383
-55.9282
158.048
32.8377
97.7614
80.9234
-39.5351
-10.0734
-82.0621
90.5139
128.161
-64.9161
12.6894
25.763
-9.44872
129.858
35.8976
57.6259
53.3152
89.3
-104.619
49.8111
3.71621
-96.6605
47.9368
65.7947
31.8696
7.07914
55.1815
-19.3622
80.3172
22.3316
110.9
159.306
-11.5058
69.1081
-134.014
-68.4919
-99.1186
-57.8697
-19.102
110.683
-116.351
100.859
-22.4433
-230.983
81.6622
117.952
42.4469
-43.2581
20.9332
18.4155
-162.379
-189.247
-109.689
-128.223
-10.2727
-7.92704
-94.8959
-80.1557
-0.00116816
83.1372
-101.584
-11.5663
-46.6104
248.111
-34.9843
-80.0921
37.7196
14.2391
83.923
134.247
16.0024
-93.4095
-64.3763
86.2306
-143.876
-79.7439
-25.1268
46.7609
-9.01232
25.0811
-174.694
54.8404
-86.256
-46.835
107.216
-31.2588
122.01
-90.5599
47.6016
-141.764
-28.4822
-50.1702
-42.0925
-33.0553
-119.121
110.086
96.69
19.8646
-39.3636
-16.8055
84.1797
-91.6483
-85.0092
150.589
158.057
-37.9084
-82.7244
-12.8343
23.4214
-116.234
26.3778
125.681
-133.418
81.1591
-43.9119
-85.4917
-87.9589
-47.054
-11.9401
-39.8189
-18.2548
0.769691
-64.2756
161.811
39.3996
20.6852
113.478
-68.444
-4.31654
169.173
154.862
-243.597
91.8509
15.7092
116.033
56.2755
105.012
107.761
27.5061
-22.0693
-57.7668
84.9771
-70.6497
190.662
-96.5953
-56.459
14.1959
-41.4051
93.5639
240.722
196.978
35.9359
34.3231
77.8461
161.169
58.6008
-137.903
-8.32989
31.6585
-176.201
22.6311
19.7772
59.4583
25.282
100.719
-16.9044
178.552
116.744
25.9153
-92.9296
10.9199
-90.2015
-42.9929
165.551
-43.0483
48.2156
-22.2173
-106.575
-3.24638
-40.614
-47.5713
-61.2519
-60.5978
22.3128
-107.799
66.8732
54.2029
127.312
106.647
-27.9976
21.6299
-91.9117
-42.1575
70.8977
-62.8453
29.921
-100.885
-36.2771
113.091
106.139
18.5239
-56.3627
125.719
62.1418
-13.7707
-35.9951
18.9598
4.75631
10.957
25.3742
-94.1641
97.6256
21.9045
-49.8416
-109.854
25.8542
60.9524
123.864
115.295
8.9906
-39.9792
33.5295
-68.7094
-28.3562
19.5981
-70.7537
27.0522
25.1292
-63.4974
-45.4247
13.4801
-64.8349
-45.3993
-25.2636
-43.9363
-41.0123
-15.9062
-26.594
20.2702
41.557
-9.95759
14.0892
64.5276
-32.0871
61.7699
-5.86315
-79.9058
-14.3742
-58.176
-7.07275
98.9526
15.6179
116.316
-43.8639
-76.6688
-52.5517
-29.8
33.5418
-9.95956
89.0351
11.1412
-26.9708
11.2663
-1.70889
-39.5801
-6.37651
-36.3302
-72.7049
-10.9327
24.5286
9.01061
18.7875
-53.3846
-60.9565
-53.5691
78.9248
27.5588
-19.4884
-14.7423
-7.47207
35.9438
72.0712
38.8685
0.0750395
23.8422
32.358
39.9347
-3.83879
6.81773
32.2574
-8.08398
-3.94817
20.3325
17.432
23.1395
51.72
-19.3502
-57.2842
-23.3033
-57.2842
-19.3502
51.72
23.1395
17.432
20.3325
-3.94817
-8.08398
32.2574
6.81773
-3.83879
39.9347
32.358
23.8422
0.0750395
38.8685
72.0712
35.9438
-7.47207
-14.7423
-19.4884
27.5588
78.9248
-53.5691
-60.9565
-53.3846
18.7875
9.01061
24.5286
-10.9327
-72.7049
-36.3302
-6.37651
-39.5801
-1.70889
11.2663
-26.9708
11.1412
89.0351
-9.95956
33.5418
-29.8
-52.5517
-76.6688
-43.8639
116.316
15.6179
98.9526
-7.07275
-58.176
-14.3742
-79.9058
-5.86315
61.7699
-32.0871
64.5276
14.0892
-9.95759
41.557
20.2702
-26.594
-15.9062
-41.0123
-43.9363
-25.2636
-45.3993
-64.8349
13.4801
-45.4247
-63.4974
25.1292
27.0522
-70.7537
19.5981
-28.3562
-68.7094
33.5295
-39.9792
8.9906
115.295
123.864
60.9524
25.8542
-109.854
-49.8416
21.9045
97.6256
-94.1641
25.3742
10.957
4.75631
18.9598
-35.9951
-13.7707
62.1418
125.719
-56.3627
18.5239
106.139
113.091
-36.2771
-100.885
29.921
-62.8453
70.8977
-42.1575
-91.9117
21.6299
-27.9976
106.647
127.312
54.2029
66.8732
-107.799
22.3128
-60.5978
-61.2519
-47.5713
-40.614
-3.24638
-106.575
-22.2173
48.2156
-43.0483
165.551
-42.9929
-90.2015
10.9199
-92.9296
25.9153
116.744
178.552
-16.9044
100.719
25.282
59.4583
19.7772
22.6311
-176.201
31.6585
-8.32989
-137.903
58.6008
161.169
77.8461
34.3231
35.9359
196.978
240.722
93.5639
-41.4051
14.1959
-56.459
-96.5953
190.662
-70.6497
84.9771
-57.7668
-22.0693
27.5061
107.761
105.012
56.2755
116.033
15.7092
91.8509
-243.597
154.862
169.173
-4.31654
-68.444
113.478
20.6852
39.3996
161.811
-64.2756
0.769691
-18.2548
-39.8189
-11.9401
-47.054
-87.9589
-85.4917
-43.9119
81.1591
-133.418
125.681
26.3778
-116.234
23.4214
-12.8343
-82.7244
-37.9084
158.057
150.589
-85.0092
-91.6483
84.1797
-16.8055
-39.3636
19.8646
96.69
110.086
-119.121
-33.0553
-42.0925
-50.1702
-28.4822
-141.764
47.6016
-90.5599
122.01
-31.2588
107.216
-46.835
-86.256
54.8404
-174.694
25.0811
-9.01232
46.7609
-25.1268
-79.7439
-143.876
86.2306
-64.3763
-93.4095
16.0024
134.247
83.923
14.2391
37.7196
-80.0921
-34.9843
248.111
-46.6104
-11.5663
-101.584
83.1372
-0.00116816
-80.1557
-94.8959
-7.92704
-10.2727
-128.223
-109.689
-189.247
-162.379
18.4155
20.9332
-43.2581
42.4469
117.952
81.6622
-230.983
-22.4433
100.859
-116.351
110.683
-19.102
-57.8697
-99.1186
-68.4919
-134.014
69.1081
-11.5058
159.306
110.9
22.3316
80.3172
-19.3622
55.1815
7.07914
31.8696
65.7947
47.9368
-96.6605
3.71621
49.8111
-104.619
89.3
53.3152
57.6259
35.8976
129.858
-9.44872
25.763
12.6894
-64.9161
128.161
90.5139
-82.0621
-10.0734
-39.5351
80.9234
97.7614
32.8377
158.048
-55.9282
-93.2383
12.6405
99.531
53.9501
60.5837
-66.2935
3.53515
42.7411
57.7249
-6.40029
52.7224
-75.6942
-45.8296
-95.5847
-43.4125
-121.13
69.215
195.837
-33.4643
-76.9264
-20.3431
177.631
71.3465
34.8207
95.3231
27.4503
126.309
-82.2956
8.06206
-20.6307
-17.4714
51.7514
54.6861
-137.992
25.4714
17.9654
-2.56235
-30.361
-46.662
42.2895
19.2385
-70.9332
-7.78969
18.5858
-44.9949
72.6316
47.2524
-66.2062
36.6417
15.117
29.9039
-76.6993
149.8
8.52749
41.693
-8.15876
-42.8308
57.9628
-64.3748
-63.2195
-114.889
16.9113
84.5029
-25.5658
3.86764
29.649
-34.7469
-84.5681
69.6565
-2.65774
-41.5798
107.552
51.4075
26.0694
84.8372
12.2547
-74.8434
39.9832
-51.2141
-28.0499
-16.984
-21.6076
78.7419
-14.7536
57.4884
-1.88002
-46.2183
0.598178
-56.7652
10.1776
10.1528
-34.8674
-13.1413
-75.5957
6.91513
-92.7027
52.3578
-38.09
21.7794
27.5915
9.64109
123.862
-81.1464
-12.0373
2.80484
30.6382
-69.1331
-36.3615
81.4549
15.2796
-39.2592
-116.834
2.48829
52.9195
7.5024
14.7943
25.3818
68.0891
-76.4398
-24.8772
75.4065
-121.069
-42.0976
20.059
0.968649
12.0522
40.336
-2.44491
75.7589
-47.4169
121.019
22.7593
23.5331
-101.233
-24.6878
-95.0873
-9.13866
14.0842
-20.9549
-107.308
67.1258
33.5793
-26.5664
114.061
38.8576
-131.985
-48.7942
-99.7582
-59.3386
-2.17399
6.70848
3.24339
99.1828
69.0391
118.922
-36.2134
-51.6802
-43.9294
-115.225
-89.9718
29.4436
64.7072
38.9656
36.1391
-11.0537
-185.863
-12.0648
44.1005
41.9392
218.112
42.2657
14.4007
109.602
21.4516
-17.3136
132.232
64.7131
-119.697
-86.6789
-68.4326
83.122
-16.8864
-53.1755
153.195
-165.665
55.3665
20.6236
-98.8776
91.4822
-36.3715
96.2317
-36.2207
116.329
16.8686
18.6422
-44.6631
41.4659
-63.1897
-9.18266
-59.7806
63.4428
10.246
67.8445
101.135
18.8101
-31.1287
101.784
-123.823
-20.6886
-164.503
5.53637
-56.4968
7.66256
-32.4687
16.5825
-127.491
12.0951
37.6977
-132.156
-30.1299
76.2804
-17.3337
1.15695
45.6998
-50.1123
-23.895
-23.7082
31.554
-78.0051
56.5953
-26.456
-15.4947
38.619
-60.5966
-102.319
47.1366
-97.297
-55.1468
-42.3249
166.564
51.3271
-87.2379
-10.1447
32.7912
62.299
-31.2353
-22.3612
1.66211
-40.5334
-55.4826
19.4812
-17.9217
14.2272
-117.115
44.2433
-60.9493
-124.454
-53.3155
6.43577
22.8587
26.5491
-44.5288
2.38299
91.7611
68.4099
-127.943
24.0455
-10.0231
-102.705
3.90449
-108.535
67.751
22.1573
-34.9528
-62.258
-23.6927
-82.2926
18.4993
-71.0854
-73.7097
-68.1625
31.5464
13.7278
30.8306
81.8442
86.1881
61.5276
-1.66332
31.278
80.2211
27.9068
35.0673
77.6335
-106.457
-43.4139
24.6011
17.2946
-5.02631
59.1645
-46.3977
70.5393
13.9164
58.6218
15.0532
-48.1344
113.708
-110.333
-42.0017
61.234
-78.2646
-167.723
-28.9166
-28.1863
5.61809
27.5108
-176.86
210.411
63.4685
144.429
-124.521
121.144
52.9597
-86.5044
-134.531
107.085
67.5636
-25.5389
66.9789
132.547
1.53048
129.192
7.3272
25.9643
88.0667
19.099
-102.781
-3.75948
-61.7802
229.027
32.9326
51.8414
-70.3709
36.2444
-103.332
-61.2853
29.9828
-74.2288
-10.6504
-62.7601
-2.63484
40.9288
-92.9954
47.1712
25.5574
-30.7101
-26.5892
-12.0073
-20.8906
71.043
-90.2721
-97.3012
-57.4565
42.1693
64.2668
58.8422
7.24903
75.1223
106.072
-92.7207
122.73
8.654
-151.096
-17.0909
-2.08082
-37.4626
48.8526
-73.2906
-87.7679
-43.6733
-17.7968
10.6358
75.2724
78.0086
9.17174
-16.2893
81.6096
-46.2145
-14.5712
84.5583
83.1734
115.748
59.6136
-54.1502
46.317
-84.6674
-86.8846
125.561
11.7161
-33.0636
-60.2406
-9.41731
128.087
46.1904
-34.6013
-41.6365
-70.3187
21.2676
3.25306
64.2683
47.6747
-3.90073
-18.0194
-67.0685
48.7515
-26.4503
84.5614
42.4579
27.684
-12.5684
-37.0897
94.9556
-57.3036
13.2858
-21.8664
135.934
39.7093
-14.8806
-14.0985
-8.12085
17.5214
-18.6434
-52.8946
-5.34442
66.1813
-5.98506
-26.1233
-48.9296
66.1109
-85.7321
-37.9093
25.4252
-35.9558
9.70325
-12.8473
-13.7442
-46.7462
38.7907
15.8547
-42.8591
58.9201
-15.6933
15.6626
-11.5594
-8.033
-41.9884
48.6995
-34.6259
-33.175
80.2869
-31.537
20.3981
2.87589
-9.94535
-30.589
33.6548
35.3225
18.3026
45.3687
-23.6927
-23.784
2.41034
-21.6649
26.8714
87.7854
-0.692427
74.8865
11.6388
-58.4124
26.4171
-63.68
18.114
-43.9542
-16.6396
-0.381143
-18.3994
30.475
36.9098
-9.81265
-57.2617
-19.6049
-5.98859
2.61784
-7.49971
34.156
11.1594
19.3568
55.4422
54.4965
-1.20101
-59.599
60.082
60.6379
6.57416
70.2391
17.0884
-68.6558
-9.65815
106.664
-75.7871
9.20019
-11.175
14.7762
60.8723
61.087
11.5967
-8.28612
-9.39236
93.6708
35.7217
-60.5286
-49.9272
-41.2225
54.1307
-80.6289
22.4981
19.9915
-90.4805
-1.95944
-42.9444
29.0278
0.169161
-25.1726
-74.2157
-128.394
14.1632
-99.9405
42.9588
20.5749
-80.3237
13.7753
-21.3113
141.436
1.4513
125.287
5.39409
18.1551
-100.455
13.2952
89.1335
5.55283
8.85354
-33.4073
16.3227
169.337
35.4619
-11.9501
-54.2376
89.8933
33.7954
44.5667
-40.9804
25.3872
-118.493
-91.5663
40.9883
-11.2191
-71.8806
129.32
-210.833
-28.8969
149.746
73.2191
-3.27864
9.59862
-47.3822
-139.779
-47.5371
-127.662
-69.9792
-92.1186
91.4493
70.2242
82.5697
-10.3824
24.8215
70.2285
134.484
-12.0999
23.4958
63.5331
81.6594
19.6613
61.2877
-32.9959
21.6888
1.34798
86.0566
-14.9814
-45.1062
36.7847
-74.6999
107.505
-35.1684
-34.0468
-145.473
-36.0298
-42.0876
20.8123
25.4976
30.3992
-72.6079
29.4691
202.583
24.7912
-76.3444
56.6665
181.073
-145.011
-50.3611
45.9582
156.754
-85.8835
-43.216
-54.0329
-174.753
-97.66
29.3787
-95.5916
-37.7981
-153.653
-164.362
63.6075
-59.5174
71.675
9.49436
-35.2186
137.606
140.535
-50.3364
-47.4267
18.1651
-82.2401
118.338
-69.4189
-119.017
4.24183
-19.2195
19.8079
26.7624
69.2703
-80.9937
158.538
-8.08211
242.118
-10.4784
31.5252
50.3848
5.437
14.0039
-109.669
138.468
107.703
6.1688
20.5678
33.2106
59.9927
128.893
35.9177
126.728
-158.945
-5.10455
-13.4956
25.5021
33.4904
25.515
-14.878
-97.1489
-6.23875
163.231
24.3917
-51.8378
-60.3582
19.9557
-32.9799
63.1461
52.8545
-74.0309
34.0734
65.1089
162.233
16.4176
-19.8355
-99.8476
-73.9448
22.3722
-48.9717
16.3421
-140.197
-115.911
49.5747
1.49792
127.472
40.6523
-3.86803
-48.829
103.108
-40.5674
77.2487
-91.5058
7.50207
-15.6453
-24.2129
-26.3192
-75.2499
64.8168
-58.887
-51.7481
-44.7032
-40.4711
29.9493
13.894
-33.213
5.27833
-110.358
-58.9312
35.5059
37.0775
72.2425
80.4728
-29.6532
-11.0248
2.01527
-2.99342
96.7888
-32.5533
-16.5209
-7.57006
25.097
67.317
35.279
-48.5799
-43.1426
-20.1779
-50.6265
9.57047
11.5433
-12.6563
55.9976
12.4634
-44.6817
-4.20742
56.9605
-66.0996
-105.974
-74.9334
34.8686
4.14905
-64.9088
25.1599
-103.877
-82.5461
-62.5484
-13.4795
-50.4381
-27.9673
-33.4525
46.0869
-1.52992
-51.4384
23.9855
-12.6736
59.2771
79.1299
84.6041
-80.4343
37.3081
59.1606
22.5153
-42.7951
-72.917
-12.3114
64.5048
30.8938
79.9618
46.5067
-11.8083
11.0593
77.7453
18.6023
-59.934
73.7809
-29.7685
-71.0406
17.2315
69.3796
-31.5763
102.451
-57.0246
38.9376
41.31
-4.18267
26.6685
-18.8454
12.6149
72.8981
97.1144
-4.52894
64.7951
-6.86304
-2.88815
68.4819
-22.3093
3.52408
79.3372
-7.8394
-11.5138
67.2427
134.592
-23.7371
6.93322
-40.0511
79.2994
-5.68748
7.54929
2.00753
-23.6342
-93.3415
21.5484
-24.3092
120.448
14.7266
65.7148
30.1687
107.863
-69.77
-34.3203
-51.3238
81.9761
-52.6338
34.2675
-1.06514
16.7141
122.972
23.0456
-112.801
-71.2683
-16.9099
-68.8111
71.4855
-11.5615
58.3638
-74.9493
14.6626
27.7262
-35.709
-73.7234
61.3342
74.8335
-39.0365
-46.188
-59.622
68.0001
54.3638
56.6406
40.3877
47.4366
-68.2048
-36.5378
-82.9397
-89.723
83.9926
-72.5085
24.4863
-31.8433
-58.5145
-38.9903
9.56941
-68.5362
95.707
-11.2226
-3.80394
-4.34143
-11.5875
163.443
-4.03262
60.187
141.945
-93.1351
42.8557
-36.3895
-12.1344
-51.4151
44.1334
8.28886
69.5442
-45.345
-15.1154
160.561
42.4721
-80.0381
-7.59189
-25.7449
-63.4244
-39.9052
61.7095
48.3071
-108.39
-115.024
-30.1609
64.4549
-93.6756
-95.3148
-132.786
87.6523
108.259
-181.441
58.9457
-99.3203
-42.1674
57.4341
79.1646
150.285
47.7495
60.8359
154.06
-68.5552
-49.6505
123.596
-97.5412
66.4192
-2.67887
-92.9224
-39.4337
-144.39
138.654
-179.74
-53.5924
93.115
-54.8547
108.118
0.262919
-95.8133
-168.073
-19.6789
-126.642
20.6911
-193.423
-61.7115
-45.6846
-4.50648
75.4968
-53.1305
-13.499
32.52
-55.672
-117.019
124.436
131.552
-36.6997
-182.464
21.5909
190.666
-62.9249
-124.146
-119.324
250.778
-121.754
233.44
91.9498
56.8763
79.2803
8.43993
-110.722
10.839
-57.9366
-3.21488
248.725
-65.9738
-63.3417
-164.101
64.4271
-126.591
-35.3181
211.268
86.2329
63.5926
7.21061
-118.288
173.337
7.60848
40.933
16.3831
-64.6552
-74.1476
103.715
42.8223
52.6682
-96.8994
101.2
43.7755
-115.351
-128.433
-143.83
-104.598
14.0172
98.7557
-73.0229
-37.601
-11.4942
155.808
55.026
63.2781
54.2018
100.213
32.8418
-70.4896
-97.0998
95.4075
-46.5313
1.51397
16.8247
81.3158
-153.809
133.094
65.7901
62.4995
110.285
226.386
-115.651
-12.6147
145.722
-1.4923
-124.575
-138.078
7.75883
70.9483
104.314
-173.931
-63.869
-18.446
82.1775
-95.4435
-99.756
-19.5691
-113.697
153.7
66.1413
118.098
78.8106
-197.045
-21.7047
16.0966
-239.784
-68.1962
39.5472
-47.6739
-110.906
68.738
-70.9483
51.9342
-11.015
-142.835
47.9395
35.3077
11.4649
-58.0097
-74.5019
-71.3884
55.0361
-60.2531
26.9966
109.624
48.6037
-71.3316
11.7286
-18.0294
-24.3097
15.4023
-1.25339
-19.1827
2.90532
-55.4612
17.0015
14.4016
85.2941
-81.6808
-49.5538
17.3847
-81.8807
29.5929
43.0397
61.4393
48.6971
-95.3843
-28.4018
-21.3996
-0.215595
-7.3038
75.8983
16.1404
1.54478
19.3001
3.7966
-0.145522
16.0106
34.3987
7.47068
-12.4971
55.2174
-32.7038
9.57526
-29.8979
14.4864
-7.84222
-51.0776
18.9555
-0.514239
58.8937
-70.2759
-22.994
-23.7494
1.20934
14.921
-13.5163
34.4451
-6.71672
54.5125
-64.5411
-54.2261
-60.8776
-47.0606
6.15868
68.4409
-23.4785
5.5979
30.4222
-24.0144
24.7619
-43.0901
13.8281
50.0519
0.84637
37.196
-27.989
4.49085
-43.5106
-26.521
25.212
-59.1494
82.0269
9.78102
25.8469
177.321
78.7811
95.1769
119.866
-46.9426
11.459
-57.6483
-40.3045
-74.0607
-54.1335
-45.0706
-143.524
-14.2211
-103.945
-75.9932
82.6323
37.0716
-106.065
31.2991
-130.455
-102.303
60.9806
127.126
27.5281
-13.9953
-54.9504
10.5972
-38.735
-118.559
-171.737
145.515
-14.0717
-140.414
160.878
-98.1846
-92.8141
1.89053
-115.492
74.0672
55.1406
8.06812
-15.7391
-89.9138
6.40539
127.521
-53.2634
-161.898
274.521
1.71984
-51.7584
-107.967
-85.0456
-55.7237
126.097
-33.6862
-98.5602
7.09516
13.0843
12.5595
-147.451
148.534
-33.5494
-144.018
-128.155
-117.862
164.363
20.2242
82.7106
6.08855
-57.9522
-56.2421
16.783
-10.977
-42.0167
183.205
-218.05
-122.458
-117.833
-39.2381
-9.36056
-205.121
20.3378
-145.981
16.363
125.179
-202.281
149.419
-85.9956
-143.172
20.6866
-16.6014
-93.4117
-151.247
116.489
78.0004
-148.663
16.1397
-58.9614
-74.9871
57.1902
-29.5333
-37.187
-164.383
-6.87788
-87.738
79.9377
-59.6802
-0.708196
-37.0432
28.8022
24.472
-57.8348
39.2243
91.1125
79.2157
66.1943
-110.864
-9.17081
-57.2002
-127.507
-58.4971
165.548
-182.128
-35.4114
-35.8403
-140.469
60.272
5.64519
-172.356
-225.614
-37.4405
45.0619
-28.4554
-30.5706
53.6451
123.869
63.8553
-12.0011
64.1041
148.053
116.579
93.259
80.2154
-89.9637
-49.0593
133.149
19.0919
44.4209
119.351
127.373
42.6802
37.6181
83.9154
-113.11
-96.5008
-102.56
-47.7012
32.5479
-16.8039
27.0674
31.5601
-74.3255
22.5724
75.5272
68.866
-110.33
-53.9528
-53.3649
-77.3187
36.6471
0.877216
-63.2568
12.1237
2.19876
58.8164
-150.309
-81.3212
-8.66185
27.0731
-8.46703
59.2564
-65.2365
18.9235
28.209
15.3726
-36.8829
-38.3091
118.072
11.2552
-36.5151
-7.24927
-7.83055
5.28658
-24.9704
-10.1689
135.823
-3.64672
-89.1155
21.3501
-38.4192
108.154
24.1444
12.025
65.844
16.1569
-5.25335
-20.994
17.8096
-19.4147
37.4725
-38.0894
-44.588
53.4636
-16.7072
-14.5853
-2.66873
66.9293
0.606307
-71.7994
-17.3465
-19.2254
23.4273
24.3197
-37.6995
51.6372
-36.0641
-3.28032
-51.3968
48.353
-60.6996
-77.7852
-31.0172
6.72491
36.7054
47.1205
15.767
-68.7562
-44.7884
39.9307
54.4667
57.0514
81.6273
-5.45923
22.0435
9.65071
-45.835
-31.449
-65.5049
-73.2953
60.9733
-105.302
65.0482
-44.2725
-95.6374
88.4926
58.333
-101.904
-56.565
61.8525
47.8542
-28.3261
-49.7587
3.15297
99.2846
40.0494
-53.0591
42.622
43.4748
133.25
64.9368
57.7571
-31.3821
28.8013
75.1575
3.69995
-35.0173
9.03878
109.095
36.7528
50.4143
87.4117
-116.532
-119.638
-146.442
67.0165
-2.71015
-7.70567
50.0556
-129.936
23.5783
-13.1987
40.8997
75.4261
-243.704
2.9732
-119.271
-140.688
189.279
56.9594
-145.229
57.9338
67.3622
-4.14364
-85.0854
-126.887
9.12337
-30.4728
-65.1088
111.885
-142.388
64.6988
-96.7394
115.795
-59.4905
-50.2295
80.1393
118.557
-129.573
27.6117
42.8768
28.2144
60.4108
-93.9102
284.898
3.59877
-280.586
-210.359
-43.8638
190.777
-94.1172
194.046
304.953
-37.0751
-51.2755
-124.861
-22.513
-43.0079
-7.95501
-243.036
-170.313
112.535
24.7131
29.1218
38.0231
190.173
146.7
-277.525
-155.791
-8.63131
53.0058
89.3638
0.510457
-234.624
71.2881
35.1695
-128.763
-69.2796
234.663
144.535
-121.286
57.5769
-77.1531
-289.252
92.8457
208.525
-57.4156
-16.5367
225.376
54.8711
-37.0985
-128.033
145.006
-27.6141
57.4755
-200.939
-29.0909
70.4269
-36.2481
-110.121
-55.0521
221.452
1.22013
56.8411
126.018
43.3267
-207.981
-186.592
-277.245
196.823
-14.4095
46.611
120.93
53.2194
55.4651
-138.546
-228.2
-104.676
-181.004
-270.501
107.504
-154.949
-120.69
-112.524
48.4126
-145.807
5.86138
21.5689
-105.741
257.807
-163.399
88.6457
77.6023
-118.498
35.2761
-241.823
284.645
13.3901
-49.6097
24.1571
95.139
-190.203
109.455
-128.19
31.0059
246.057
-218.328
119.116
106.624
-100.031
-109.965
10.4132
-47.5888
60.368
-191.049
-44.389
-37.9976
-31.0159
29.2514
20.9053
143.321
-41.6212
53.3108
141.501
-130.812
-68.2409
78.3844
-65.4252
-52.8282
204.506
-17.522
198.961
-181.921
-125.003
218.415
8.67749
-23.3971
30.9918
-167.058
-4.09466
57.8519
-13.7733
162.058
-50.4905
-28.8779
-43.3969
-113.418
-199.085
67.4912
73.5801
-121.067
-206.557
-50.0053
-18.6673
34.0086
159.601
2.62014
89.3486
-41.9409
-55.237
171.177
-151.468
-37.5352
-61.0304
122.146
-9.64365
-25.1166
28.4587
72.9995
-13.5245
-28.4611
31.7572
-34.769
30.9357
-10.1947
-71.3203
-264.548
11.4827
-33.9567
-92.0223
106.957
-24.6071
-20.7617
130.626
15.2573
142.862
128.756
94.4865
-131.759
-87.6488
40.0443
-97.1973
-12.6767
-42.8971
-58.4038
1.4238
-31.5936
79.3592
57.6977
67.0161
-67.3927
-6.67603
-18.9049
-9.2777
126.906
-65.0312
30.9255
64.7792
-88.622
-13.3444
77.4699
6.88841
14.3441
-40.3883
-71.578
-75.4879
69.9558
-78.4284
63.7876
101.14
68.7812
-42.6992
21.5357
-13.6202
-84.6105
4.19819
41.9916
79.2507
-30.9913
-15.0818
92.9854
10.4566
6.68848
93.968
-42.3931
-25.2819
32.5004
-39.2543
9.93911
33.4253
45.2423
36.0887
0.204073
56.999
13.6461
-41.0517
59.6316
-47.5908
4.52625
0.380319
9.65766
6.26258
15.615
-2.3503
20.1703
79.8978
-32.3855
-20.2048
-18.1516
28.159
-48.214
31.3507
32.6123
54.7732
-25.5607
5.88466
38.8481
-18.0975
-41.1926
-28.9397
29.0443
-12.0929
30.9225
22.0391
-46.9266
1.58291
69.4706
12.4395
-28.735
-46.8298
-8.34341
10.8322
8.0597
60.102
39.86
-18.2481
34.3258
-28.1675
8.29675
-64.7154
-2.1262
17.2272
55.0557
-4.62445
-13.9263
-20.1625
-4.68429
2.26092
-67.7098
26.7497
11.2532
27.0324
4.06854
15.6414
-74.5967
21.6201
24.7768
-45.5175
28.1562
1.43489
-44.8647
25.0393
-42.0476
2.66493
-0.528444
33.8777
-63.8659
-51.8492
53.4173
-40.6682
13.322
-6.95707
-11.4063
43.7312
58.5048
59.571
48.8436
84.2787
-68.8688
-11.593
6.69542
-13.2835
31.9998
-63.1955
39.848
57.2729
-89.1925
-24.54
124.622
-2.77072
-85.3081
-71.7162
-7.85013
1.45331
16.7941
-9.64975
40.424
56.5587
-13.8264
5.32877
75.3506
-107.604
33.7208
-49.8415
41.9684
23.4942
35.3538
30.9086
223.118
-5.10036
42.8123
182.377
-6.12121
-60.1965
-5.46363
-31.8404
6.73245
79.7848
1.34603
-58.4781
55.5666
124.739
11.6203
-216.149
55.0447
66.1431
-29.6903
-37.5098
34.3935
46.4668
92.653
39.6437
16.5443
18.9019
-160.263
-36.926
33.2301
74.1138
73.6856
38.8565
-112.408
53.0466
3.75297
-34.2755
-5.4115
112.543
-16.4542
36.2979
-16.6773
-115.328
183.733
150.043
59.9063
-145.998
-64.2546
213.323
-66.1633
-65.0981
-101.298
-33.08
-168.288
-44.0895
49.8992
24.5192
-142.797
152.015
79.4328
49.2565
23.9783
-86.8511
-2.65031
-17.5099
45.1984
-86.6254
113.754
125.563
59.7251
-7.2823
15.6489
-3.95149
6.40058
-38.7809
88.5979
-11.8855
122.141
-39.2519
86.2957
-45.7277
-14.9729
-90.8874
75.5684
95.0114
-23.1331
-16.3357
-187.013
115.173
-99.5415
38.3823
221.112
-165.977
-54.5769
-63.2994
6.71488
20.6789
36.9426
-231.674
-34.4896
-101.196
-62.49
-24.8103
-102.273
-154.501
-108.418
53.2467
111.106
121.629
79.7773
-87.3549
-27.5712
9.4779
18.9108
59.7553
77.6953
98.2927
-0.154897
78.3816
-50.0505
-96.3476
-12.2261
76.8331
3.18726
16.263
-23.6429
33.6737
185.778
47.6393
-145.227
-118.407
12.5465
97.3945
-218.862
-42.0122
96.4981
17.5336
-68.3762
-70.389
-4.45188
83.3307
-95.5054
-85.8632
-47.692
153.09
3.89879
52.8881
-26.9184
-4.38338
8.04069
26.6528
-108.043
-54.6167
-105.913
-61.8583
61.308
-30.5079
116.58
-48.0128
2.23376
-50.939
12.5743
-59.176
181.815
44.5405
40.2794
-92.0842
-9.48315
-32.3321
-4.52494
-10.7646
47.2555
-14.078
89.5541
-2.86218
104.889
-363.878
91.907
90.6236
-132.309
10.2817
-52.664
36.7519
-11.9902
95.7208
51.9158
68.9969
-118.442
7.76325
-0.344876
-44.3271
48.1069
-46.3825
-70.5585
-26.2921
24.3427
-17.4081
73.6511
-34.3707
-36.8135
68.614
105.6
63.669
78.8168
80.4259
-19.7902
113.188
7.85776
55.3383
-3.54802
128.242
6.74474
45.6391
92.6341
-154.487
112.464
63.0967
2.42471
-24.5237
-85.5149
-8.40794
-6.02253
46.3875
-11.5225
2.16322
15.5876
-15.8373
32.0206
9.24045
-38.0125
34.7675
-2.84853
-24.889
-28.6062
21.7607
10.762
-94.2332
18.0006
33.6267
18.7248
51.9416
-14.7102
-40.4242
-16.4469
29.7769
-58.3454
24.574
56.3735
-60.8574
-44.3677
-13.5511
-18.3334
89.4774
-78.8926
-23.7832
-113.529
-47.1576
39.7721
-32.7197
-0.31243
8.90494
-22.5154
-4.30973
41.2943
-103.249
31.2154
-15.9862
-14.6585
45.7607
-29.3687
14.3923
-26.3594
-72.9168
-7.85344
-13.9476
-31.2752
22.1156
-11.8798
-46.6761
-9.6215
-2.69316
22.7054
-14.8143
13.1509
-1.53896
47.1394
77.135
-92.7372
-38.5058
-26.1542
-37.133
2.67766
10.6872
-58.1343
11.364
-6.51567
-16.0728
30.0601
6.26725
-48.2422
-19.0488
19.2452
46.8344
-36.7119
13.4081
-2.27857
17.6525
-29.7139
34.6742
29.082
-17.1474
-3.34278
91.375
2.32586
-5.81696
-18.2288
-8.18866
-3.37988
-9.86455
-26.8391
-8.13436
-36.3324
23.4927
-35.6823
-9.69426
32.2092
-57.7539
52.5203
18.9889
53.3393
44.348
60.1972
59.3152
-58.7848
45.9562
20.5838
-59.8712
-7.65932
30.3564
-17.8395
37.0542
33.6425
-107.53
52.729
43.7912
28.4636
29.0148
-75.2368
1.20572
31.655
35.4731
13.4293
116.985
21.4466
-13.3735
-87.8091
42.4052
-60.0111
-13.9909
16.696
-74.5338
-23.5177
-16.7723
-24.24
-24.9506
36.9943
-102.49
33.8384
-65.7855
69.4624
-42.7138
-96.4141
21.3898
-67.2267
-38.2921
37.3504
-46.4625
10.4247
-104.866
-21.5637
30.0273
-17.7657
34.1956
-9.95475
-0.825837
-27.2383
-11.0981
39.1011
-34.4397
-47.6685
-39.2644
106.246
64.4985
85.825
-18.8784
-145.085
39.8432
49.6714
26.5698
-62.77
100.402
31.3045
10.9154
-48.5628
-73.1429
23.0904
38.0525
26.5915
-35.3805
4.38299
90.9289
-30.9372
50.0278
-81.9283
6.63812
1.44264
16.5537
-0.291054
45.2404
-1.02018
-17.8786
4.57225
8.66471
-10.636
-23.7298
-23.3831
31.1877
-35.9718
-68.5977
-9.75783
25.0372
1.58508
-64.7554
-2.52262
7.00253
73.6604
6.39845
-10.0816
40.7608
6.11589
-59.7906
-23.8022
27.4973
14.964
28.2408
16.4881
31.2953
5.85803
-36.5113
1.06714
13.448
25.7926
-15.5205
21.1081
3.04514
-56.1304
24.6326
-20.4974
-49.9038
-61.4802
-31.7294
9.34576
9.10184
10.7645
21.9752
-18.2182
-3.23918
2.84723
-28.8372
37.8895
33.8556
1.06434
-6.71908
0.673441
-39.8917
-1.96712
-6.64814
-18.8154
-16.7306
-19.2474
-27.6209
13.0035
21.8167
29.12
6.17389
20.4187
-4.15399
11.0066
13.9749
2.27852
7.98595
7.57585
-6.05788
13.0918
14.5551
6.19946
13.5858
-17.363
-11.8641
13.6962
0.532854
-9.91406
22.1564
17.6653
-28.0216
-3.00647
-5.45824
-16.1343
8.72132
-4.11496
-8.07383
-12.8272
-9.13104
-2.78101
-0.89536
-4.98688
10.0181
-25.6844
-6.77643
23.9615
-2.29061
15.2495
-6.66625
-24.1632
19.4283
-10.0826
13.3542
-19.9423
8.55156
12.6138
-8.79351
-17.7153
-14.5954
2.6175
-0.467263
8.86037
-9.70838
6.51481
25.2129
-8.36755
12.8414
-14.6429
25.3793
-14.6349
-4.61846
-0.192723
1.60832
4.27918
2.9787
-10.8378
12.379
-7.96177
-15.779
-0.133565
16.8607
-24.991
-27.7796
0.17477
17.8286
-9.17915
59.5935
-21.382
0.791981
19.2656
4.21633
-4.89234
10.3549
-0.757012
-16.8274
-9.21023
17.296
5.54392
12.0955
4.28115
14.2056
5.29885
-26.2676
-3.37131
17.8495
8.07963
-6.2966
10.8059
-10.7086
-23.151
20.4975
-3.53746
-25.631
-35.5724
1.50088
2.42049
0.325241
8.66574
-8.8275
-22.1393
-1.13279
-14.6728
-13.8897
36.5177
17.1494
5.16426
-7.61171
5.65553
-25.8605
-4.70338
-12.2691
-20.8173
-5.96021
-13.0877
-3.66491
4.16767
13.3669
21.1427
11.4042
7.26836
-1.92155
3.93005
7.90555
-9.64162
12.4235
0.986667
-8.40377
24.4439
19.3781
1.59539
11.5788
12.172
-29.1953
-3.50813
9.62898
-15.7377
26.1073
25.8572
-22.2982
2.40968
-10.721
-4.08174
-3.25957
3.77942
-2.10966
-10.8567
14.9876
7.27167
1.22879
-29.8058
3.91584
-17.6132
-8.34794
28.7586
0.162019
28.9128
-25.3231
-28.3801
24.3564
29.9628
10.3648
-37.7731
46.6254
-4.74907
-1.60721
-38.6803
-9.29279
-11.4137
10.4485
-9.91329
-12.3815
-21.9215
13.5599
-13.699
-1.89272
-3.39523
13.4282
-9.12747
17.2554
-23.774
19.5971
2.60269
-13.5273
-14.559
-7.25182
-18.9558
-25.4245
-17.4789
5.56303
-1.54831
-26.688
14.4119
12.4799
13.4335
-401.997
68.7694
25.4492
46.5707
59.4498
23.4771
28.5566
38.2698
3.49018
-5.24334
12.0394
0.714955
18.6992
12.575
20.4758
-1.0127
-6.83699
-35.4212
-36.5291
26.2684
-8.81547
62.491
15.5563
-26.454
16.0665
6.15064
-15.6935
13.4155
-59.075
18.0128
47.6176
38.3465
40.4694
27.3193
8.59908
2.82313
-34.0012
5.9551
-8.38228
1.68215
18.567
-4.39659
-28.7562
-24.896
20.8134
51.0854
4.05516
-3.5103
-50.8471
56.3576
37.1622
-25.4092
1.65332
16.5894
-11.8845
15.4522
0.339861
41.0138
-15.7968
38.5317
9.10318
13.2276
-15.177
-27.5234
-16.8614
-102.169
37.8813
49.8358
-22.8724
17.5282
-12.3545
-8.61246
-33.117
-3.64616
11.6019
-42.1917
9.0061
-23.0182
-17.1758
28.9874
-89.5333
-34.7226
4.44691
96.7803
56.4517
-35.1324
5.61585
-27.5139
13.0836
-45.9742
42.163
8.85705
-29.5359
-113.688
13.0322
76.8553
-73.8247
67.4803
-2.53894
63.5456
-64.0793
61.499
-36.7191
61.1794
11.4752
73.3101
41.4431
50.487
20.184
8.16087
3.72381
-44.1684
-42.0198
52.0754
-56.8359
21.7073
60.7628
-12.3094
58.606
20.1589
25.0863
90.827
59.6156
-37.4656
63.7341
11.1967
46.1655
47.5897
561.497
-198.513
-59.6503
-56.2598
-122.792
-30.7878
-65.5539
-108.944
-49.3401
-20.0555
-9.95346
8.67561
-39.523
-27.1704
30.4048
-17.4235
-15.9477
58.4082
99.744
-33.4286
-3.76626
-102.57
-66.3471
-45.2341
10.322
-47.6569
2.82469
-118.328
137.047
-72.0619
-71.1867
-73.5415
-25.3389
-153.198
-15.4884
33.6695
52.3403
46.2633
-6.43866
57.9489
-50.9861
56.6719
-19.6674
30.8519
-89.432
-188.076
-5.3772
15.1698
141.861
-84.8638
-4.924
81.4718
15.0892
18.0039
-7.80522
-12.8927
21.8159
-38.6858
74.9444
-64.6173
4.19112
0.591923
-3.43691
124.234
56.36
163.702
-70.7592
-53.3625
29.3915
-86.3421
87.694
6.94616
-0.355569
0.172759
-21.9972
23.8395
-17.5187
79.7975
-14.3913
-94.1078
174.097
37.7517
-4.80151
-221.711
-77.1615
29.4729
-9.41585
82.5148
-35.1499
94.6579
-58.3914
-20.3846
90.5058
125.456
-8.9024
-189.07
75.3457
-105.389
-66.1308
-136.647
122.093
-122.974
39.7798
-71.9559
-22.4382
-75.3847
-55.3196
-140.35
-16.7674
-35.7026
96.2828
68.0971
38.5677
-64.8155
49.795
-27.5934
-77.796
-13.4155
-44.5694
-43.6837
-79.2168
-152.319
-74.7528
-25.1914
-173.896
-53.9284
-61.4663
-183.297
-18.8218
174.083
76.0727
68.6158
176.698
15.876
87.7541
160.921
60.8951
32.1814
65.5555
2.3359
89.7912
33.4432
-40.1764
65.2072
-49.8435
-89.4311
-75.1099
42.9357
16.3028
151.617
61.2742
64.1001
34.6734
77.9892
-56.0544
111.441
-135.122
128.751
64.6055
125.128
-69.5651
162.099
17.5561
-146.904
-92.9696
30.6593
53.0595
-77.8261
34.1868
-63.0429
-14.3543
-55.3066
84.656
212.038
13.432
-44.384
-179.71
108.19
26.086
-74.2734
23.9996
-29.7638
12.169
2.03252
-16.7321
9.76041
-62.9391
87.253
-27.5108
87.3729
65.9344
-180.19
-53.7941
-136.102
-2.92818
27.0251
-3.11132
62.3751
-51.929
53.5888
-37.9237
20.5414
-1.63839
-22.7492
-15.066
-71.512
14.9398
102.752
-150.104
-25.0844
11.7248
181.549
101.006
-53.9067
-3.97137
-41.2779
56.2877
-43.637
2.36577
-35.9067
-59.822
-52.1115
23.1961
133.508
37.874
96.2737
75.2171
66.213
-163.407
110.141
-21.5941
58.357
3.07773
35.5438
73.7701
120.897
-0.686327
46.5079
-86.6438
-82.9047
5.6353
18.6909
-25.1895
37.6465
55.421
-22.7594
33.8748
8.73694
33.8223
128.634
89.3415
22.5591
140.658
79.1179
80.2406
211.126
-660.228
-64.1485
-34.4506
1.98346
-72.6879
32.5044
-55.6519
-93.7081
-47.5868
-34.5131
-45.1144
3.80742
-56.4416
-20.1992
77.6991
-58.7065
35.9449
25.2793
21.8855
-5.71712
-19.0259
-47.0342
-36.8255
-95.9265
-3.01579
-66.2579
26.6176
-81.7619
65.2424
-83.5063
-1.25449
-57.3978
89.1128
-122.261
-3.19563
107.692
37.7943
-4.00909
-57.5942
74.8637
-21.369
58.8184
-32.4748
8.59624
-60.2735
-127.826
5.46334
37.3756
102.446
-24.7745
33.2707
29.1418
1.99407
42.0833
-25.8301
1.92279
17.4923
32.8444
46.4767
-20.5382
31.5303
-20.3903
-54.349
106.335
25.8951
29.3041
12.9938
9.30756
-11.9299
-53.6814
45.1647
-38.9447
-13.4614
-5.20015
4.40003
-21.4262
-5.50131
52.873
-34.7713
-51.0437
58.465
-10.3235
-2.65775
-81.6176
-17.7008
11.29
5.58574
22.5017
-16.309
15.2547
9.40597
11.8963
32.2673
-16.851
-5.09756
-64.188
-33.1437
-28.3483
-55.8212
-34.1699
47.4115
-40.1289
-5.73339
1.15911
-2.08972
15.3609
-19.4552
-64.0873
0.82976
-16.9832
66.5824
24.0385
-5.21886
0.804162
-17.9025
-3.66478
-8.71859
-16.1401
11.3475
-9.69537
-27.8556
-35.7429
-9.8735
-42.5214
-63.8824
-34.0613
-15.7212
-88.9176
442.903
-30.4106
4.44215
-3.23018
22.9319
-7.49762
2.29778
26.9371
10.0157
10.3361
27.7502
9.89613
26.9634
-0.990302
-3.33071
28.3406
-32.2913
-17.9766
14.2859
2.26579
12.0301
27.4078
0.0756456
12.0679
22.0021
12.4586
-27.4001
3.2868
7.26639
34.4307
-2.217
26.9968
-54.2834
6.97448
3.02271
-61.6709
-20.4937
36.0463
19.0798
-9.65878
-12.1262
-0.6919
-19.3861
-18.197
-2.36202
20.7409
10.2756
-8.56231
-21.4648
18.8432
19.382
-9.79944
26.0414
-2.9009
-1.14542
-10.4227
3.27594
-2.50474
3.15664
23.3635
-5.47251
48.792
24.1644
-32.4664
-6.26408
-1.06733
-25.8578
-11.0313
5.32802
-13.5098
10.1864
16.6659
-20.2234
15.5361
-6.40853
-8.04541
-23.2407
8.15581
-9.27866
12.2085
-2.85838
-6.29018
2.5031
1.54692
24.7516
-8.23804
-1.28474
7.32568
19.2432
7.78526
-13.9533
-21.4362
3.45133
10.0796
4.94034
-3.32591
34.2642
5.61418
3.86681
-16.6036
-38.1885
9.86063
-3.08804
12.3625
-6.23895
6.37003
12.3683
-1.39769
-8.64232
11.0195
1.85694
-12.298
17.9698
-7.50951
-11.1326
11.9836
1.90942
-23.5956
7.3777
-9.64532
-10.9922
13.9211
24.4715
-12.1124
4.37089
10.3037
16.0398
28.0183
-139.328
-4.51166
0.655078
12.7023
12.1655
21.5777
-13.0936
1.24252
-2.12732
-3.41411
-0.367206
10.4262
2.44153
-6.40417
31.4315
-1.15025
-2.88487
-16.038
1.86107
5.29304
3.59607
21.8442
-2.96429
-25.8498
13.1506
-13.9169
-12.2535
-11.4733
14.9843
5.44265
10.2053
7.33131
-5.95105
-22.0161
4.3212
-10.8784
-7.86471
20.7057
-7.8667
13.9468
-14.4442
16.9519
-28.0143
-17.579
-15.9862
-8.1245
12.8943
7.82363
5.5516
16.792
32.4579
-10.9922
25.2542
12.6136
-10.5553
-9.65214
8.4581
15.9968
10.973
22.6838
7.67054
35.5185
0.393543
-1.26027
-4.12269
-3.68182
-10.6411
-6.0326
-3.97091
-25.6646
14.2272
-4.55642
-20.2688
15.5902
-1.25152
-16.4308
-24.838
22.4233
-21.8115
1.13402
5.74875
-14.4181
-0.139014
-8.83328
22.2273
-0.361881
2.96381
6.61233
17.2702
1.79823
-5.22494
-14.5266
6.87783
-2.12272
2.07479
-8.06404
15.9711
-1.54715
-7.8426
-17.4253
-29.4464
5.001
-8.57171
16.964
-6.97243
18.2114
6.60446
-15.5922
-9.46591
8.27548
14.7362
-5.31694
20.2591
-3.76424
-21.1179
12.3427
-0.768618
-27.2344
7.9601
-9.1934
-11.5944
10.4036
24.9731
-22.3353
-6.93473
-0.017955
10.5063
11.4112
4.36572
-19.0479
-3.33412
6.11524
8.74682
22.6352
-20.1963
2.28643
1.87649
-0.25006
-0.872073
15.8864
4.3475
-10.6227
34.5504
4.91417
-3.47872
-19.2331
8.61553
3.34018
9.00158
24.9309
-2.67766
-21.9837
13.7199
-15.8636
-19.9578
-10.1534
25.348
13.5591
8.09905
6.95904
-26.1499
-21.6724
5.30979
-24.3176
-9.33535
28.1558
-3.28861
9.87282
-21.3211
18.5925
-33.6657
-22.6366
-19.8097
-4.39664
16.1154
8.14662
4.00231
19.419
38.7003
-17.5224
37.3001
12.4625
-10.8697
-16.0485
11.8667
14.4616
9.9774
31.7004
6.3029
47.9353
6.29945
-8.32489
-9.71099
3.66079
-19.265
-17.3033
-3.75591
-33.0242
13.1191
-5.7854
-21.2177
25.722
-2.66646
-16.6517
-36.2138
29.7714
-26.7749
4.24172
11.034
-18.383
-2.51292
-9.40983
27.9606
6.29383
4.52198
9.63848
26.4474
-0.799741
-12.5109
-23.7914
9.01406
8.79371
3.09407
-4.53131
30.81
-8.99301
0.316768
-23.8265
-43.8673
9.51607
-11.5995
19.3987
-13.7114
21.8228
8.98554
-19.1388
-17.7803
14.2473
10.0325
-5.67458
44.3743
-9.86038
-24.8248
17.6811
-10.0182
-35.5626
-2.30017
-12.7113
-9.63845
16.6272
35.2816
-21.2243
-5.41202
3.94779
11.6425
33.1076
-115.085
-3.3707
-4.80461
11.5911
15.4326
43.8463
-30.8175
6.46398
7.79564
-0.200935
-14.7044
23.6446
-0.226482
-18.3871
57.9285
3.3
15.4205
-35.3388
3.29081
8.4007
12.6641
44.0205
3.65858
-31.3191
7.97842
-27.4753
-31.0405
-3.70653
28.0135
19.4615
21.7603
3.56545
-31.335
-22.003
8.98418
-20.0627
-14.3857
30.3141
-9.79702
9.8991
-25.5978
26.4096
-52.8157
-36.4948
-24.9523
4.64971
22.9096
16.6827
1.97553
38.6031
63.4243
-38.1266
56.147
22.6801
-18.3269
-22.2867
21.0661
29.7259
4.5707
56.6354
11.0548
57.1914
-7.0345
-11.3384
-27.5995
-11.7849
-12.7328
-17.9989
-16.8953
-46.8968
5.95302
-30.594
-23.2382
45.7723
0.603009
-32.9202
-53.699
53.114
-45.179
12.7399
8.94622
-43.3483
-10.9129
17.0544
48.5079
29.0179
21.5051
16.0411
45.5862
-38.6471
-13.839
-31.746
10.157
-24.0761
15.4163
37.8784
10.4123
-18.8648
16.5603
-8.19798
-75.4835
29.484
-40.5072
45.4947
-27.0916
65.0476
24.2005
-22.1883
-38.8212
21.539
11.0454
3.34269
116.129
3.21111
-61.0756
36.8229
-27.4736
-45.9449
-27.8088
-6.22224
12.339
65.4285
66.4376
-51.9842
4.63593
13.4931
0.0375133
62.0879
113.354
-57.2903
-58.0894
-30.3018
-28.2878
108.481
-125.432
-18.2237
6.37267
9.84393
-67.0064
49.6578
-37.0824
-127.926
170.539
54.0042
121.101
-76.2516
69.7593
-2.03263
29.427
47.9528
-26.3989
-10.9226
-90.7642
-53.0078
-173.035
1.57055
95.2612
94.6844
-19.8406
-65.2712
-226.528
-64.8234
-34.2047
-83.4398
10.0927
19.4957
23.2257
61.1644
28.8601
104.4
-192.909
-72.2311
-149.369
-100.279
138.987
94.2397
26.5168
67.3137
49.3416
26.8602
224.181
98.2177
0.220413
-73.635
110.43
-32.3555
-22.0126
188.225
196.533
169.712
86.2795
94.5822
-77.8931
265.282
-26.4877
-290.07
51.6061
-11.1842
111.191
-45.4083
-79.2894
58.7012
23.1752
80.4511
9.92764
-105.153
-68.9169
-32.028
19.3166
-207.279
116.344
-174.037
56.7707
-143.216
-202.122
148.263
147.678
65.5774
-143.731
71.2507
219.734
110.599
-75.9967
-219.052
125.308
16.9138
-245.398
-120.73
-162.799
-31.1176
37.1486
196.982
-22.9782
-247.646
-146.8
-78.7071
110.954
64.7931
107.01
130.574
-247.732
51.1041
-84.0489
89.1217
43.5798
-78.0011
59.9861
-86.8049
10.8143
-315.883
-147.402
32.7744
-254.502
-79.2168
62.0915
-236.634
-112.073
-50.2088
116.307
-4.30037
-8.56307
-165.785
262.6
212.292
-1.20785
172.647
155.024
-57.3081
33.3214
-4.03894
-147.013
-22.529
-336.093
207.457
-76.6624
-89.1246
-92.8143
-52.0941
-107.941
-178.059
206.64
10.875
190.91
3.76345
190.922
83.638
109.324
85.7477
83.6276
122.673
34.8279
11.4378
93.3085
-2.07022
-56.4665
-158.748
-231.765
86.7358
139.619
89.9583
191.057
-216.544
81.8156
-159.917
-28.2169
-124.846
65.7593
-125.553
19.1519
199.198
-36.5259
-105.066
179.509
-13.0202
138.995
83.9558
-2.28799
201.375
1.8898
-90.8589
103.4
50.4528
149.147
-408.706
-125.527
-242.41
104.927
-196.277
71.4303
-14.6156
154.865
-183.518
-144.432
172.692
-76.1525
-28.9232
-307.837
163.015
-5.14374
-55.1719
191.781
73.1125
185.976
-176.352
238.763
118.76
-79.4969
94.8598
-96.3928
61.7717
142.74
-109.545
-179.175
181.752
-117.507
-11.1478
-9.97459
100.281
216.558
35.099
118.202
289.631
-180.667
19.5803
-77.8998
-100.231
107.789
277.42
-479.958
-69.1542
41.7666
-111.856
477.764
-57.6793
218.701
91.5431
-498.06
317.186
-195.771
-169.957
153.328
246.52
-245.177
-443.408
