0 0 0
0.1 0.0499207 0
0.2 0.0993962 -7.35666e-09
0.3 0.148059 -2.11993e-08
0.4 0.195616 -4.07562e-08
0.5 0.241837 -6.53439e-08
0.6 0.286545 -9.43573e-08
0.7 0.32961 -1.27261e-07
0.8 0.37094 -1.63581e-07
0.9 0.410474 -2.02898e-07
1 0.448181 -2.44843e-07
1.1 0.48405 -2.8909e-07
1.2 0.51809 -3.35348e-07
1.3 0.550323 -3.83365e-07
1.4 0.580786 -4.32916e-07
1.5 0.609523 -4.83804e-07
1.6 0.636587 -5.35855e-07
1.7 0.662036 -5.88917e-07
1.8 0.685933 -6.42854e-07
1.9 0.708342 -6.97549e-07
2 0.72933 -7.529e-07
2.1 0.748965 -8.08815e-07
2.2 0.767314 -8.65215e-07
2.3 0.784444 -9.22031e-07
2.4 0.800421 -9.79202e-07
2.5 0.81531 -1.03668e-06
2.6 0.829172 -1.09441e-06
2.7 0.842068 -1.15235e-06
2.8 0.854057 -1.21048e-06
2.9 0.865194 -1.26877e-06
3 0.875534 -1.32718e-06
3.1 0.885126 -1.38569e-06
3.2 0.89402 -1.44428e-06
3.3 0.902261 -1.50295e-06
3.4 0.909894 -1.56167e-06
3.5 0.916959 -1.62043e-06
3.6 0.923495 -1.67922e-06
3.7 0.92954 -1.73804e-06
3.8 0.935127 -1.79687e-06
3.9 0.940288 -1.85571e-06
4 0.945055 -1.91455e-06
4.1 0.949455 -1.97339e-06
4.2 0.953516 -2.03223e-06
4.3 0.957261 -2.09107e-06
4.4 0.960715 -2.14989e-06
4.5 0.963898 -2.20871e-06
4.6 0.966831 -2.26751e-06
4.7 0.969533 -2.32631e-06
4.8 0.972021 -2.38508e-06
4.9 0.974312 -2.44385e-06
5 0.97642 -2.5026e-06
5.1 0.978359 -2.56134e-06
5.2 0.980143 -2.62006e-06
5.3 0.981783 -2.67877e-06
5.4 0.983291 -2.73746e-06
5.5 0.984677 -2.79615e-06
5.6 0.985951 -2.85481e-06
5.7 0.987121 -2.91347e-06
5.8 0.988196 -2.97212e-06
5.9 0.989182 -3.03075e-06
6 0.990088 -3.08937e-06
6.1 0.99092 -3.14799e-06
6.2 0.991683 -3.20659e-06
6.3 0.992383 -3.26518e-06
6.4 0.993025 -3.32377e-06
6.5 0.993614 -3.38234e-06
6.6 0.994154 -3.44091e-06
6.7 0.994649 -3.49947e-06
6.8 0.995103 -3.55803e-06
6.9 0.995519 -3.61658e-06
7 0.9959 -3.67512e-06
7.1 0.99625 -3.73366e-06
7.2 0.996569 -3.79219e-06
7.3 0.996863 -3.85071e-06
7.4 0.997131 -3.90923e-06
7.5 0.997377 -3.96775e-06
7.6 0.997602 -4.02626e-06
7.7 0.997808 -4.08477e-06
7.8 0.997996 -4.14328e-06
7.9 0.998169 -4.20178e-06
8 0.998327 -4.26028e-06
8.1 0.998471 -4.31878e-06
8.2 0.998604 -4.37727e-06
8.3 0.998725 -4.43576e-06
8.4 0.998835 -4.49425e-06
8.5 0.998936 -4.55274e-06
8.6 0.999029 -4.61122e-06
8.7 0.999113 -4.66971e-06
8.8 0.999191 -4.72819e-06
8.9 0.999261 -4.78667e-06
9 0.999326 -4.84515e-06
9.1 0.999385 -4.90362e-06
9.2 0.999439 -4.9621e-06
9.3 0.999488 -5.02058e-06
9.4 0.999534 -5.07905e-06
9.5 0.999575 -5.13752e-06
9.6 0.999612 -5.196e-06
9.7 0.999647 -5.25447e-06
9.8 0.999678 -5.31294e-06
9.9 0.999707 -5.37141e-06
10 0.999733 -5.42988e-06
10.1 0.999757 -5.48835e-06
10.2 0.999779 -5.54682e-06
10.3 0.999799 -5.60529e-06
10.4 0.999817 -5.66375e-06
10.5 0.999834 -5.72222e-06
10.6 0.999849 -5.78069e-06
10.7 0.999863 -5.83916e-06
10.8 0.999875 -5.89762e-06
10.9 0.999887 -5.95609e-06
11 0.999897 -6.01455e-06
11.1 0.999907 -6.07302e-06
11.2 0.999916 -6.13149e-06
11.3 0.999924 -6.18995e-06
11.4 0.999931 -6.24842e-06
11.5 0.999938 -6.30688e-06
11.6 0.999944 -6.36534e-06
11.7 0.99995 -6.42381e-06
11.8 0.999955 -6.48227e-06
11.9 0.999959 -6.54074e-06
12 0.999964 -6.5992e-06
12.1 0.999967 -6.65767e-06
12.2 0.999971 -6.71613e-06
12.3 0.999974 -6.77459e-06
12.4 0.999977 -6.83306e-06
12.5 0.99998 -6.89152e-06
12.6 0.999982 -6.94998e-06
12.7 0.999985 -7.00845e-06
12.8 0.999987 -7.06691e-06
12.9 0.999989 -7.12538e-06
13 0.99999 -7.18384e-06
13.1 0.999992 -7.2423e-06
13.2 0.999993 -7.30077e-06
13.3 0.999995 -7.35923e-06
13.4 0.999996 -7.41769e-06
13.5 0.999997 -7.47616e-06
13.6 0.999998 -7.53462e-06
13.7 0.999999 -7.59308e-06
13.8 1 -7.65154e-06
13.9 1 -7.71001e-06
14 1 -7.76847e-06
14.1 1 -7.82693e-06
14.2 1 -7.8854e-06
14.3 1 -7.94386e-06
14.4 1 -8.00232e-06
14.5 1 -8.06079e-06
14.6 1 -8.11925e-06
14.7 1 -8.17771e-06
14.8 1.00001 -8.23618e-06
14.9 1.00001 -8.29464e-06
15 1.00001 -8.3531e-06
15.1 1.00001 -8.41156e-06
15.2 1.00001 -8.47003e-06
15.3 1.00001 -8.52849e-06
15.4 1.00001 -8.58695e-06
15.5 1.00001 -8.64542e-06
15.6 1.00001 -8.70388e-06
15.7 1.00001 -8.76234e-06
15.8 1.00001 -8.82081e-06
15.9 1.00001 -8.87927e-06
16 1.00001 -8.93773e-06
16.1 1.00001 -8.99619e-06
16.2 1.00001 -9.05466e-06
16.3 1.00001 -9.11312e-06
16.4 1.00001 -9.17158e-06
16.5 1.00001 -9.23005e-06
16.6 1.00001 -9.28851e-06
16.7 1.00001 -9.34697e-06
16.8 1.00001 -9.40543e-06
16.9 1.00001 -9.4639e-06
17 1.00001 -9.52236e-06
17.1 1.00001 -9.58082e-06
17.2 1.00001 -9.63929e-06
17.3 1.00001 -9.69775e-06
17.4 1.00001 -9.75621e-06
17.5 1.00001 -9.81468e-06
17.6 1.00001 -9.87314e-06
17.7 1.00001 -9.9316e-06
17.8 1.00001 -9.99006e-06
17.9 1.00001 -1.00485e-05
18 1.00001 -1.0107e-05
18.1 1.00001 -1.01655e-05
18.2 1.00001 -1.02239e-05
18.3 1.00001 -1.02824e-05
18.4 1.00001 -1.03408e-05
18.5 1.00001 -1.03993e-05
18.6 1.00001 -1.04578e-05
18.7 1.00001 -1.05162e-05
18.8 1.00001 -1.05747e-05
18.9 1.00001 -1.06332e-05
19 1.00001 -1.06916e-05
19.1 1.00001 -1.07501e-05
19.2 1.00001 -1.08085e-05
19.3 1.00001 -1.0867e-05
19.4 1.00001 -1.09255e-05
19.5 1.00001 -1.09839e-05
19.6 1.00001 -1.10424e-05
19.7 1.00001 -1.11009e-05
19.8 1.00001 -1.11593e-05
19.9 1.00001 -1.12178e-05
20 1.00001 -1.12762e-05
