0
-28.2953
-56.3185
-83.803
-110.492
-136.144
-160.538
-183.474
-204.779
-224.311
-241.956
-257.633
-271.29
-282.91
-292.502
-300.105
-305.781
-309.617
-311.718
-312.204
-311.208
-308.872
-305.344
-300.772
-295.305
-289.089
-282.263
-274.959
-267.3
-259.4
-251.359
-243.269
-235.208
-227.245
-219.435
-211.825
-204.452
-197.343
-190.519
-183.992
-177.769
-171.852
-166.239
-160.922
-155.894
-151.142
-146.656
-142.421
-138.422
-134.647
-131.08
-127.709
-124.518
-121.496
-118.631
-115.91
-113.324
-110.863
-108.517
-106.278
-104.139
-102.092
-100.131
-98.2498
-96.4436
-94.7072
-93.0363
-91.4267
-89.8748
-88.3771
-86.9305
-85.5321
-84.1794
-82.8698
-81.6012
-80.3715
-79.1786
-78.0209
-76.8967
-75.8044
-74.7426
-73.7099
-72.7051
-71.7269
-70.7742
-69.846
-68.9412
-68.059
-67.1985
-66.3588
-65.539
-64.7386
-63.9567
-63.1927
-62.4459
-61.7157
-61.0016
-60.303
-59.6193
-58.9501
-58.2948
-57.6531
-57.0244
-56.4084
-55.8047
-55.2128
-54.6325
-54.0633
-53.5049
-52.957
-52.4193
-51.8915
-51.3732
-50.8644
-50.3645
-49.8735
-49.391
-48.9169
-48.4508
-47.9927
-47.5422
-47.0991
-46.6634
-46.2347
-45.8129
-45.3979
-44.9893
-44.5872
-44.1913
-43.8015
-43.4176
-43.0395
-42.6671
-42.3001
-41.9386
-41.5822
-41.2311
-40.8849
-40.5436
-40.2071
-39.8753
-39.5481
-39.2254
-38.907
-38.5929
-38.283
-37.9772
-37.6754
-37.3775
-37.0835
-36.7932
-36.5066
-36.2236
-35.9442
-35.6682
-35.3956
-35.1263
-34.8603
-34.5975
-34.3378
-34.0812
-33.8276
-33.577
-33.3292
-33.0843
-32.8422
-32.6028
-32.3661
-32.132
-31.9005
-31.6716
-31.4451
-31.2211
-30.9995
-30.7802
-30.5633
-30.3486
-30.1362
-29.926
-29.7179
-29.512
-29.3081
-29.1063
-28.9066
-28.7088
-28.5129
-28.319
-28.1269
-27.9367
-27.7483
-27.5617
-27.3769
-27.1938
-27.0124
-26.8327
-26.6546
-26.4782
-26.3034
-26.1301
-25.9584
-25.7883
-25.6196
-25.4524
-25.2867
-25.1224
-24.9595
-24.798
-24.6378
-24.4791
-24.3216
-24.1655
-24.0107
-23.8571
-23.7048
-23.5537
-23.4038
-23.2552
-23.1077
-22.9614
-22.8162
-22.6722
-22.5293
-22.3875
-22.2467
-22.1071
-21.9685
-21.8309
-21.6944
-21.5589
-21.4243
-21.2908
-21.1583
-21.0266
-20.896
-20.7663
-20.6375
-20.5096
-20.3826
-20.2565
-20.1312
-20.0068
-19.8833
-19.7606
-19.6387
-19.5177
-19.3975
-19.278
-19.1594
-19.0415
-18.9244
-18.808
-18.6924
-18.5776
-18.4634
-18.35
-18.2373
-18.1253
-18.014
-17.9034
-17.7934
-17.6841
-17.5755
-17.4675
-17.3602
-17.2535
-17.1474
-17.042
-16.9372
-16.8329
-16.7293
-16.6263
-16.5238
-16.422
-16.3207
-16.2199
-16.1198
-16.0202
-15.9211
-15.8225
-15.7245
-15.627
-15.5301
-15.4336
-15.3377
-15.2422
-15.1473
-15.0529
-14.9589
-14.8654
-14.7724
-14.6798
-14.5878
-14.4961
-14.405
-14.3143
-14.224
-14.1341
-14.0447
-13.9558
-13.8672
-13.7791
-13.6914
-13.604
-13.5171
-13.4306
-13.3445
-13.2588
-13.1735
-13.0885
-13.004
-12.9198
-12.836
-12.7525
-12.6694
-12.5867
-12.5043
-12.4223
-12.3406
-12.2593
-12.1783
-12.0976
-12.0173
-11.9373
-11.8577
-11.7783
-11.6993
-11.6206
-11.5422
-11.4641
-11.3863
-11.3088
-11.2316
-11.1548
-11.0782
-11.0019
-10.9258
-10.8501
-10.7746
-10.6995
-10.6246
-10.5499
-10.4756
-10.4015
-10.3276
-10.254
-10.1807
-10.1077
-10.0348
-9.96228
-9.88997
-9.81789
-9.74606
-9.67447
-9.60311
-9.53199
-9.4611
-9.39043
-9.32
-9.24978
-9.17979
-9.11002
-9.04047
-8.97112
-8.902
-8.83308
-8.76436
-8.69586
-8.62756
-8.55945
-8.49155
-8.42384
-8.35633
-8.28901
-8.22188
-8.15494
-8.08819
-8.02161
-7.95523
-7.88902
-7.82299
-7.75713
-7.69145
-7.62594
-7.56061
-7.49544
-7.43043
-7.3656
-7.30092
-7.23641
-7.17205
-7.10785
-7.04381
-6.97992
-6.91619
-6.8526
-6.78916
-6.72587
-6.66273
-6.59973
-6.53687
-6.47415
-6.41157
-6.34912
-6.28681
-6.22464
-6.16259
-6.10068
-6.03889
-5.97724
-5.91571
-5.8543
-5.79301
-5.73185
-5.67081
-5.60988
-5.54907
-5.48837
-5.42779
-5.36732
-5.30697
-5.24672
-5.18658
-5.12654
-5.06661
-5.00678
-4.94706
-4.88744
-4.82791
-4.76849
-4.70916
-4.64992
-4.59078
-4.53174
-4.47278
-4.41391
-4.35513
-4.29644
-4.23784
-4.17932
-4.12088
-4.06253
-4.00426
-3.94606
-3.88795
-3.82991
-3.77194
-3.71406
-3.65624
-3.5985
-3.54083
-3.48322
-3.42569
-3.36822
-3.31082
-3.25349
-3.19622
-3.13901
-3.08186
-3.02477
-2.96774
-2.91077
-2.85385
-2.79699
-2.74019
-2.68344
-2.62673
-2.57008
-2.51348
-2.45693
-2.40043
-2.34397
-2.28756
-2.23119
-2.17486
-2.11858
-2.06234
-2.00613
-1.94997
-1.89384
-1.83775
-1.78169
-1.72567
-1.66968
-1.61372
-1.55779
-1.5019
-1.44603
-1.39019
-1.33437
-1.27858
-1.22282
-1.16708
-1.11136
-1.05566
-0.999983
-0.944324
-0.888683
-0.833058
-0.77745
-0.721856
-0.666276
-0.610709
-0.555153
-0.499608
-0.444072
-0.388545
-0.333025
-0.277511
-0.222002
-0.166498
-0.110997
-0.055498
0
0.055498
0.110997
0.166498
0.222002
0.277511
0.333025
0.388545
0.444072
0.499608
0.555153
0.610709
0.666276
0.721856
0.77745
0.833058
0.888683
0.944324
0.999983
1.05566
1.11136
1.16708
1.22282
1.27858
1.33437
1.39019
1.44603
1.5019
1.55779
1.61372
1.66968
1.72567
1.78169
1.83775
1.89384
1.94997
2.00613
2.06234
2.11858
2.17486
2.23119
2.28756
2.34397
2.40043
2.45693
2.51348
2.57008
2.62673
2.68344
2.74019
2.79699
2.85385
2.91077
2.96774
3.02477
3.08186
3.13901
3.19622
3.25349
3.31082
3.36822
3.42569
3.48322
3.54083
3.5985
3.65624
3.71406
3.77194
3.82991
3.88795
3.94606
4.00426
4.06253
4.12088
4.17932
4.23784
4.29644
4.35513
4.41391
4.47278
4.53174
4.59078
4.64992
4.70916
4.76849
4.82791
4.88744
4.94706
5.00678
5.06661
5.12654
5.18658
5.24672
5.30697
5.36732
5.42779
5.48837
5.54907
5.60988
5.67081
5.73185
5.79301
5.8543
5.91571
5.97724
6.03889
6.10068
6.16259
6.22464
6.28681
6.34912
6.41157
6.47415
6.53687
6.59973
6.66273
6.72587
6.78916
6.8526
6.91619
6.97992
7.04381
7.10785
7.17205
7.23641
7.30092
7.3656
7.43043
7.49544
7.56061
7.62594
7.69145
7.75713
7.82299
7.88902
7.95523
8.02161
8.08819
8.15494
8.22188
8.28901
8.35633
8.42384
8.49155
8.55945
8.62756
8.69586
8.76436
8.83308
8.902
8.97112
9.04047
9.11002
9.17979
9.24978
9.32
9.39043
9.4611
9.53199
9.60311
9.67447
9.74606
9.81789
9.88997
9.96228
10.0348
10.1077
10.1807
10.254
10.3276
10.4015
10.4756
10.5499
10.6246
10.6995
10.7746
10.8501
10.9258
11.0019
11.0782
11.1548
11.2316
11.3088
11.3863
11.4641
11.5422
11.6206
11.6993
11.7783
11.8577
11.9373
12.0173
12.0976
12.1783
12.2593
12.3406
12.4223
12.5043
12.5867
12.6694
12.7525
12.836
12.9198
13.004
13.0885
13.1735
13.2588
13.3445
13.4306
13.5171
13.604
13.6914
13.7791
13.8672
13.9558
14.0447
14.1341
14.224
14.3143
14.405
14.4961
14.5878
14.6798
14.7724
14.8654
14.9589
15.0529
15.1473
15.2422
15.3377
15.4336
15.5301
15.627
15.7245
15.8225
15.9211
16.0202
16.1198
16.2199
16.3207
16.422
16.5238
16.6263
16.7293
16.8329
16.9372
17.042
17.1474
17.2535
17.3602
17.4675
17.5755
17.6841
17.7934
17.9034
18.014
18.1253
18.2373
18.35
18.4634
18.5776
18.6924
18.808
18.9244
19.0415
19.1594
19.278
19.3975
19.5177
19.6387
19.7606
19.8833
20.0068
20.1312
20.2565
20.3826
20.5096
20.6375
20.7663
20.896
21.0266
21.1583
21.2908
21.4243
21.5589
21.6944
21.8309
21.9685
22.1071
22.2467
22.3875
22.5293
22.6722
22.8162
22.9614
23.1077
23.2552
23.4038
23.5537
23.7048
23.8571
24.0107
24.1655
24.3216
24.4791
24.6378
24.798
24.9595
25.1224
25.2867
25.4524
25.6196
25.7883
25.9584
26.1301
26.3034
26.4782
26.6546
26.8327
27.0124
27.1938
27.3769
27.5617
27.7483
27.9367
28.1269
28.319
28.5129
28.7088
28.9066
29.1063
29.3081
29.512
29.7179
29.926
30.1362
30.3486
30.5633
30.7802
30.9995
31.2211
31.4451
31.6716
31.9005
32.132
32.3661
32.6028
32.8422
33.0843
33.3292
33.577
33.8276
34.0812
34.3378
34.5975
34.8603
35.1263
35.3956
35.6682
35.9442
36.2236
36.5066
36.7932
37.0835
37.3775
37.6754
37.9772
38.283
38.5929
38.907
39.2254
39.5481
39.8753
40.2071
40.5436
40.8849
41.2311
41.5822
41.9386
42.3001
42.6671
43.0395
43.4176
43.8015
44.1913
44.5872
44.9893
45.3979
45.8129
46.2347
46.6634
47.0991
47.5422
47.9927
48.4508
48.9169
49.391
49.8735
50.3645
50.8644
51.3732
51.8915
52.4193
52.957
53.5049
54.0633
54.6325
55.2128
55.8047
56.4084
57.0244
57.6531
58.2948
58.9501
59.6193
60.303
61.0016
61.7157
62.4459
63.1927
63.9567
64.7386
65.539
66.3588
67.1985
68.059
68.9412
69.846
70.7742
71.7269
72.7051
73.7099
74.7426
75.8044
76.8967
78.0209
79.1786
80.3715
81.6012
82.8698
84.1794
85.5321
86.9305
88.3771
89.8748
91.4267
93.0363
94.7072
96.4436
98.2498
100.131
102.092
104.139
106.278
108.517
110.863
113.324
115.91
118.631
121.496
124.518
127.709
131.08
134.647
138.422
142.421
146.656
151.142
155.894
160.922
166.239
171.852
177.769
183.992
190.519
197.343
204.452
211.825
219.435
227.245
235.208
243.269
251.359
259.4
267.3
274.959
282.263
289.089
295.305
300.772
305.344
308.872
311.208
312.204
311.718
309.617
305.781
300.105
292.502
282.91
271.29
257.633
241.956
224.311
204.779
183.474
160.538
136.144
110.492
83.803
56.3185
28.2953
