530.054
528.822
525.143
519.07
510.691
500.122
487.513
473.035
456.884
439.272
420.422
400.569
379.946
358.79
337.328
315.779
294.351
273.231
252.593
232.588
213.346
194.975
177.562
161.171
145.847
131.615
118.483
106.443
95.4722
85.537
76.5941
68.5921
61.4742
55.1795
49.6447
44.8058
40.5992
36.9628
33.8366
31.164
28.8915
26.97
25.3538
24.0019
22.8771
21.9461
21.1798
20.5523
20.0412
19.627
19.2932
19.0255
18.812
18.6426
18.5088
18.4038
18.3217
18.2579
18.2086
18.1706
18.1416
18.1194
18.1027
18.09
18.0805
18.0735
18.0682
18.0643
18.0615
18.0594
18.0579
18.0568
18.056
18.0554
18.055
18.0547
18.0545
18.0544
18.0543
18.0542
18.0542
18.0541
18.0541
18.0541
18.0541
18.0541
18.0541
18.0541
18.0541
18.0541
18.0541
18.0541
18.0541
18.0541
18.0541
18.0541
18.0541
18.0541
18.0541
18.0541
18.0541
18.0541
18.0541
18.0541
18.0541
18.0541
18.0541
18.0541
18.0541
18.0541
18.0541
18.0541
18.0541
18.0541
18.0541
18.0541
18.0541
18.0541
18.0541
18.0541
18.0541
18.0541
18.0541
18.0541
18.0541
18.0541
18.0541
18.0541
18.0541
18.0541
18.0541
18.0541
18.0541
18.0541
18.0541
18.0541
18.0541
18.0541
18.0541
18.0541
18.0541
18.0541
18.0541
18.0541
18.0541
18.0541
18.0541
18.0541
18.0541
18.0541
18.0541
18.0541
18.0541
18.0541
18.0541
18.0541
18.0541
18.0541
18.0541
18.0541
18.0541
18.0541
18.0541
18.0541
18.0541
18.0541
18.0541
18.0541
18.0541
18.0541
18.0541
18.0541
18.0541
18.0541
18.0541
18.0541
18.0541
18.0541
18.0541
18.0541
18.0541
18.0541
18.0541
18.0541
18.0541
18.0541
18.0541
18.0541
18.0541
18.0541
18.0541
18.0541
18.0541
18.0541
18.0541
18.0541
18.0541
18.0541
18.0541
18.0541
18.0541
18.0541
18.0541
18.0541
18.0541
18.0541
18.0541
18.0541
18.0541
18.0541
18.0541
18.0541
18.0541
18.0541
18.0541
18.0541
18.0541
18.0541
18.0541
18.0541
18.0541
18.0541
18.0541
18.0541
18.0541
18.0541
18.0541
18.0541
18.0541
18.0541
18.0541
18.0541
18.0541
18.0541
18.0541
18.0541
18.0541
18.0541
18.0541
18.0541
18.0541
18.0541
18.0541
18.0541
18.0541
18.0541
18.0541
18.0541
18.0541
18.0541
18.0541
18.0541
18.0541
18.0541
18.0541
18.0541
18.0541
18.0541
18.0541
18.0541
18.0541
18.0541
18.0541
18.0541
18.0541
18.0541
18.0541
18.0541
18.0541
18.0541
18.0541
18.0541
18.0541
18.0541
18.0541
18.0541
18.0541
18.0541
18.0541
18.0541
18.0541
18.0541
18.0541
18.0541
18.0541
18.0541
18.0541
18.0541
18.0541
18.0541
18.0541
18.0541
18.0541
18.0541
18.0541
18.0541
18.0541
18.0541
18.0541
18.0541
18.0541
18.0541
18.0541
18.0541
18.0541
18.0541
18.0541
18.0541
18.0541
18.0541
18.0541
18.0541
18.0541
18.0541
18.0541
18.0541
18.0541
18.0541
18.0541
18.0541
18.0541
18.0541
18.0541
18.0541
18.0541
18.0541
18.0541
18.0541
18.0541
18.0541
18.0541
18.0541
18.0541
18.0541
18.0541
18.0541
18.0541
18.0541
18.0541
18.0541
18.0541
18.0541
18.0541
18.0541
18.0541
18.0541
18.0541
18.0541
18.0541
18.0541
18.0541
18.0541
18.0541
18.0541
18.0541
18.0541
18.0541
18.0541
18.0541
18.0541
18.0541
18.0541
18.0541
18.0541
18.0541
18.0541
18.0541
18.0541
18.0541
18.0541
18.0541
18.0541
18.0541
18.0541
18.0541
18.0541
18.0541
18.0541
18.0541
18.0541
18.0541
18.0541
18.0541
18.0541
18.0541
18.0541
18.0541
18.0541
18.0541
18.0541
18.0541
18.0541
18.0541
18.0541
18.0541
18.0541
18.0541
18.0541
18.0541
18.0541
18.0541
18.0541
18.0541
18.0541
18.0541
18.0541
18.0541
18.0541
18.0541
18.0541
18.0541
18.0541
18.0541
18.0541
18.0541
18.0541
18.0541
18.0541
18.0541
18.0541
18.0541
18.0541
18.0541
18.0541
18.0541
18.0541
18.0541
18.0541
18.0541
18.0541
18.0541
18.0541
18.0541
18.0541
18.0541
18.0541
18.0541
18.0541
18.0541
18.0541
18.0541
18.0541
18.0541
18.0541
18.0541
18.0541
18.0541
18.0541
18.0541
18.0541
18.0541
18.0541
18.0541
18.0541
18.0541
18.0541
18.0541
18.0541
18.0541
18.0541
18.0541
18.0541
18.0541
18.0541
18.0541
18.0541
18.0541
18.0541
18.0541
18.0541
18.0541
18.0541
18.0541
18.0541
18.0541
18.0541
18.0541
18.0541
18.0541
18.0541
18.0541
18.0541
18.0541
18.0541
18.0541
18.0541
18.0541
18.0541
18.0541
18.0541
18.0541
18.0541
18.0541
18.0541
18.0541
18.0541
18.0541
18.0541
18.0541
18.0541
18.0541
18.0541
18.0541
18.0541
18.0541
18.0541
18.0541
18.0541
18.0541
18.0541
18.0541
18.0541
18.0541
18.0541
18.0541
18.0541
18.0541
18.0541
18.0541
18.0541
18.0541
18.0541
18.0541
18.0541
18.0541
18.0541
18.0541
18.0541
18.0541
18.0541
18.0541
18.0541
18.0541
18.0541
18.0541
18.0541
18.0541
18.0541
18.0541
18.0541
18.0541
18.0541
18.0541
18.0541
18.0541
18.0541
18.0541
18.0541
18.0541
18.0541
18.0541
18.0541
18.0541
18.0541
18.0541
18.0541
18.0541
18.0541
18.0541
18.0541
18.0541
18.0541
18.0541
18.0541
18.0541
18.0541
18.0541
18.0541
18.0541
18.0541
18.0541
18.0541
18.0541
18.0541
18.0541
18.0541
18.0541
18.0541
18.0541
18.0541
18.0541
18.0541
18.0541
18.0541
18.0541
18.0541
18.0541
18.0541
18.0541
18.0541
18.0541
18.0541
18.0541
18.0541
18.0541
18.0541
18.0541
18.0541
18.0541
18.0541
18.0541
18.0541
18.0541
18.0541
18.0541
18.0541
18.0541
18.0541
18.0541
18.0541
18.0541
18.0541
18.0541
18.0541
18.0541
18.0541
18.0541
18.0541
18.0541
18.0541
18.0541
18.0541
18.0541
18.0541
18.0541
18.0541
18.0541
18.0541
18.0541
18.0541
18.0541
18.0541
18.0541
18.0541
18.0541
18.0541
18.0541
18.0541
18.0541
18.0541
18.0541
18.0541
18.0541
18.0541
18.0541
18.0541
18.0541
18.0541
18.0541
18.0541
18.0541
18.0541
18.0541
18.0541
18.0541
18.0541
18.0541
18.0541
18.0541
18.0541
18.0541
18.0541
18.0541
18.0541
18.0541
18.0541
18.0541
18.0541
18.0541
18.0541
18.0541
18.0541
18.0541
18.0541
18.0541
18.0541
18.0541
18.0541
18.0541
18.0541
18.0541
18.0541
18.0541
18.0541
18.0541
18.0541
18.0541
18.0541
18.0541
18.0541
18.0541
18.0541
18.0541
18.0541
18.0541
18.0541
18.0541
18.0541
18.0541
18.0541
18.0541
18.0541
18.0541
18.0541
18.0541
18.0541
18.0541
18.0541
18.0541
18.0541
18.0541
18.0541
18.0541
18.0541
18.0541
18.0541
18.0541
18.0541
18.0541
18.0541
18.0541
18.0541
18.0541
18.0541
18.0541
18.0541
18.0541
18.0541
18.0541
18.0541
18.0541
18.0541
18.0541
18.0541
18.0541
18.0541
18.0541
18.0541
18.0541
18.0541
18.0541
18.0541
18.0541
18.0541
18.0541
18.0541
18.0541
18.0541
18.0541
18.0541
18.0541
18.0541
18.0541
18.0541
18.0541
18.0541
18.0541
18.0541
18.0541
18.0541
18.0541
18.0541
18.0541
18.0541
18.0541
18.0541
18.0541
18.0541
18.0541
18.0541
18.0541
18.0541
18.0541
18.0541
18.0541
18.0541
18.0541
18.0541
18.0541
18.0541
18.0541
18.0541
18.0541
18.0541
18.0541
18.0541
18.0541
18.0541
18.0541
18.0541
18.0541
18.0541
18.0541
18.0541
18.0541
18.0541
18.0541
18.0541
18.0541
18.0541
18.0541
18.0541
18.0541
18.0541
18.0541
18.0541
18.0541
18.0541
18.0541
18.0541
18.0541
18.0541
18.0541
18.0541
18.0541
18.0541
18.0541
18.0541
18.0541
18.0541
18.0541
18.0541
18.0541
18.0541
18.0541
18.0541
18.0541
18.0541
18.0541
18.0541
18.0541
18.0541
18.0541
18.0541
18.0541
18.0541
18.0541
18.0541
18.0541
18.0541
18.0541
18.0541
18.0541
18.0541
18.0541
18.0541
18.0541
18.0541
18.0541
18.0541
18.0541
18.0541
18.0541
18.0541
18.0541
18.0541
18.0541
18.0541
18.0541
18.0541
18.0541
18.0541
18.0541
18.0541
18.0541
18.0541
18.0541
18.0541
18.0541
18.0541
18.0541
18.0541
18.0541
18.0541
18.0541
18.0541
18.0541
18.0541
18.0541
18.0541
18.0541
18.0541
18.0541
18.0541
18.0541
18.0541
18.0541
18.0541
18.0541
18.0541
18.0541
18.0541
18.0541
18.0541
18.0541
18.0541
18.0541
18.0541
18.0541
18.0541
18.0541
18.0541
18.0541
18.0541
18.0541
18.0541
18.0541
18.0541
18.0541
18.0541
18.0541
18.0541
18.0541
18.0541
18.0541
18.0541
18.0541
18.0541
18.0541
18.0541
18.0541
18.0541
18.0541
18.0541
18.0541
18.0541
18.0541
18.0541
18.0541
18.0541
18.0541
18.0541
18.0541
18.0541
18.0541
18.0541
18.0541
18.0541
18.0541
18.0541
18.0541
18.0541
18.0541
18.0541
18.0542
18.0542
18.0543
18.0544
18.0545
18.0547
18.055
18.0554
18.056
18.0568
18.0579
18.0594
18.0615
18.0643
18.0682
18.0735
18.0805
18.09
18.1027
18.1194
18.1416
18.1706
18.2086
18.2579
18.3217
18.4038
18.5088
18.6426
18.812
19.0255
19.2932
19.627
20.0412
20.5523
21.1798
21.9461
22.8771
24.0019
25.3538
26.97
28.8915
31.164
33.8366
36.9628
40.5992
44.8058
49.6447
55.1795
61.4742
68.5921
76.5941
85.537
95.4722
106.443
118.483
131.615
145.847
161.171
177.562
194.975
213.346
232.588
252.593
273.231
294.351
315.779
337.328
358.79
379.946
400.569
420.422
439.272
456.884
473.035
487.513
500.122
510.691
519.07
525.143
528.822
