0 0.999999 1.79835e-51 2.68111e-40
1e-06 0.999999 7.59101e-30 1.13887e-31
2e-06 0.999999 6.09681e-30 2.23436e-31
3e-06 0.999999 5.86973e-30 6.8511e-31
4e-06 0.999999 5.83053e-30 2.85056e-31
5e-06 0.999999 7.75665e-30 6.8854e-31
6e-06 0.999999 1.0122e-29 2.66295e-31
7e-06 0.999999 4.35714e-30 3.7561e-31
8e-06 0.999999 8.35066e-30 4.75619e-31
9e-06 0.999999 9.60499e-30 9.8188e-31
1e-05 0.999999 8.8028e-30 1.45274e-30
1.1e-05 0.999999 8.57281e-30 4.46114e-31
1.2e-05 0.999999 1.2563e-29 6.31474e-31
1.3e-05 0.999999 1.375e-29 6.73261e-31
1.4e-05 0.999999 1.13682e-29 7.4938e-31
1.5e-05 0.999999 1.14883e-29 1.65364e-30
1.6e-05 0.999999 1.55534e-29 9.88202e-31
1.7e-05 0.999999 1.65395e-29 9.55827e-31
1.8e-05 0.999999 1.45234e-29 1.12659e-30
1.9e-05 0.999999 1.58726e-29 2.26084e-30
2e-05 0.999999 1.96116e-29 1.23416e-30
2.1e-05 0.999999 1.81134e-29 2.80238e-30
2.2e-05 0.999999 1.59615e-29 1.41702e-30
2.3e-05 0.999999 2.45753e-29 1.43352e-30
2.4e-05 0.999999 2.25462e-29 1.82224e-30
2.5e-05 0.999999 2.24542e-29 1.88223e-30
2.6e-05 0.999999 2.38045e-29 1.82397e-30
2.7e-05 0.999999 2.67817e-29 2.51291e-30
2.8e-05 0.999999 3.02612e-29 1.92618e-30
2.9e-05 0.999999 2.517e-29 1.83837e-30
3e-05 0.999999 3.13342e-29 2.12867e-30
3.1e-05 0.999999 3.10904e-29 1.94508e-30
3.2e-05 0.999999 3.32045e-29 2.22079e-30
3.3e-05 0.999999 3.18875e-29 2.63962e-30
3.4e-05 0.999999 3.67302e-29 2.60916e-30
3.5e-05 0.999999 4.03618e-29 2.62581e-30
3.6e-05 0.999999 3.50215e-29 2.69924e-30
3.7e-05 0.999999 3.96806e-29 3.20557e-30
3.8e-05 0.999999 4.14265e-29 2.91196e-30
3.9e-05 0.999999 4.25035e-29 3.82261e-30
4e-05 0.999999 4.31412e-29 3.0948e-30
4.1e-05 0.999999 4.71323e-29 3.43161e-30
4.2e-05 0.999999 5.03391e-29 3.41492e-30
4.3e-05 0.999999 4.91843e-29 3.57344e-30
4.4e-05 0.999999 5.19327e-29 4.17136e-30
4.5e-05 0.999999 5.57885e-29 4.47213e-30
4.6e-05 0.999999 5.81024e-29 4.08604e-30
4.7e-05 0.999999 5.64495e-29 4.45632e-30
4.8e-05 0.999999 5.86733e-29 5.88462e-30
4.9e-05 0.999999 6.34551e-29 4.78538e-30
5e-05 0.999999 6.43592e-29 5.63833e-30
5.1e-05 0.999999 6.42647e-29 5.70929e-30
5.2e-05 0.999999 7.22641e-29 5.30812e-30
5.3e-05 0.999999 7.08498e-29 5.77478e-30
5.4e-05 0.999999 7.27382e-29 5.94529e-30
5.5e-05 0.999999 7.41005e-29 5.98714e-30
5.6e-05 0.999999 7.91747e-29 6.18311e-30
5.7e-05 0.999999 8.17616e-29 6.68574e-30
5.8e-05 0.999999 7.88769e-29 6.75812e-30
5.9e-05 0.999999 8.6156e-29 7.33073e-30
6e-05 0.999999 8.66113e-29 7.78312e-30
6.1e-05 0.999999 8.98026e-29 9.49978e-30
6.2e-05 0.999999 8.93734e-29 9.00685e-30
6.3e-05 0.999999 9.58913e-29 1.02145e-29
6.4e-05 0.999999 9.90275e-29 1.07727e-29
6.5e-05 0.999999 9.71567e-29 1.18843e-29
6.6e-05 0.999999 1.03366e-28 1.27258e-29
6.7e-05 0.999999 1.05548e-28 1.41322e-29
6.8e-05 0.999999 1.09781e-28 1.57643e-29
6.9e-05 0.999999 1.08133e-28 1.72871e-29
7e-05 0.999999 1.13002e-28 1.93997e-29
7.1e-05 0.999999 1.16574e-28 2.24325e-29
7.2e-05 0.999999 1.15956e-28 2.57439e-29
7.3e-05 0.999999 1.19548e-28 3.02783e-29
7.4e-05 0.999999 1.24604e-28 3.57001e-29
7.5e-05 0.999999 1.28242e-28 4.27619e-29
7.6e-05 0.999999 1.28118e-28 5.10763e-29
7.7e-05 0.999999 1.30954e-28 6.33152e-29
7.8e-05 0.999999 1.36529e-28 7.74052e-29
7.9e-05 0.999999 1.36965e-28 9.69493e-29
8e-05 0.999999 1.37665e-28 1.2339e-28
8.1e-05 0.999999 1.45002e-28 1.58731e-28
8.2e-05 0.999999 1.46049e-28 2.06269e-28
8.3e-05 0.999999 1.48569e-28 2.70807e-28
8.4e-05 0.999999 1.49464e-28 3.59517e-28
8.5e-05 0.999999 1.5701e-28 4.80522e-28
8.6e-05 0.999999 1.59027e-28 6.46955e-28
8.7e-05 0.999999 1.58009e-28 8.78922e-28
8.8e-05 0.999999 1.65301e-28 1.19897e-27
8.9e-05 0.999999 1.67035e-28 1.64585e-27
9e-05 0.999999 1.71683e-28 2.26759e-27
9.1e-05 0.999999 1.70044e-28 3.12963e-27
9.2e-05 0.999999 1.80531e-28 4.33154e-27
9.3e-05 0.999999 1.8148e-28 6.00773e-27
9.4e-05 0.999999 1.8168e-28 8.34251e-27
9.5e-05 0.999999 1.87036e-28 1.15995e-26
9.6e-05 0.999999 1.8994e-28 1.61304e-26
9.7e-05 0.999999 1.95793e-28 2.24406e-26
9.8e-05 0.999999 1.94857e-28 3.12215e-26
9.9e-05 0.999999 2.03085e-28 4.34291e-26
0.0001 0.999999 2.10749e-28 6.03919e-26
0.000101 0.999999 2.14695e-28 8.39492e-26
0.000102 0.999999 2.23448e-28 1.16645e-25
0.000103 0.999999 2.35502e-28 1.61999e-25
0.000104 0.999999 2.51494e-28 2.24861e-25
0.000105 0.999999 2.64622e-28 3.11914e-25
0.000106 0.999999 2.8925e-28 4.32366e-25
0.000107 0.999999 3.2153e-28 5.98918e-25
0.000108 0.999999 3.60066e-28 8.29011e-25
0.000109 0.999999 4.13256e-28 1.14661e-24
0.00011 0.999999 4.88433e-28 1.58461e-24
0.000111 0.999999 5.89901e-28 2.18813e-24
0.000112 0.999999 7.26387e-28 3.01898e-24
0.000113 0.999999 9.095e-28 4.16186e-24
0.000114 0.999999 1.17136e-27 5.73255e-24
0.000115 0.999999 1.52101e-27 7.88914e-24
0.000116 0.999999 1.99888e-27 1.08477e-23
0.000117 0.999999 2.65953e-27 1.49026e-23
0.000118 0.999999 3.56042e-27 2.04551e-23
0.000119 0.999999 4.79634e-27 2.8051e-23
0.00012 0.999999 6.47976e-27 3.84325e-23
0.000121 0.999999 8.79387e-27 5.26072e-23
0.000122 0.999999 1.19458e-26 7.19432e-23
0.000123 0.999999 1.62449e-26 9.82943e-23
0.000124 0.999999 2.21127e-26 1.3417e-22
0.000125 0.999999 3.01036e-26 1.82963e-22
0.000126 0.999999 4.09827e-26 2.49261e-22
0.000127 0.999999 5.57699e-26 3.39251e-22
0.000128 0.999999 7.587e-26 4.61276e-22
0.000129 0.999999 1.03149e-25 6.26568e-22
0.00013 0.999999 1.40137e-25 8.50242e-22
0.000131 0.999999 1.90245e-25 1.1526e-21
0.000132 0.999999 2.58059e-25 1.56089e-21
0.000133 0.999999 3.49747e-25 2.11165e-21
0.000134 0.999999 4.7357e-25 2.85378e-21
0.000135 0.999999 6.40638e-25 3.85272e-21
0.000136 0.999999 8.65832e-25 5.19587e-21
0.000137 0.999999 1.16902e-24 6.99987e-21
0.000138 0.999999 1.57682e-24 9.42019e-21
0.000139 0.999999 2.12476e-24 1.26638e-20
0.00014 0.999999 2.86021e-24 1.70059e-20
0.000141 0.999999 3.84621e-24 2.28119e-20
0.000142 0.999999 5.16678e-24 3.05668e-20
0.000143 0.999999 6.93353e-24 4.0913e-20
0.000144 0.999999 9.29457e-24 5.47005e-20
0.000145 0.999999 1.24464e-23 7.30532e-20
0.000146 0.999999 1.66492e-23 9.74542e-20
0.000147 0.999999 2.22471e-23 1.29859e-19
0.000148 0.999999 2.9695e-23 1.72844e-19
0.000149 0.999999 3.9593e-23 2.29797e-19
0.00015 0.999999 5.27325e-23 3.05166e-19
0.000151 0.999999 7.01549e-23 4.0479e-19
0.000152 0.999999 9.32301e-23 5.36319e-19
0.000153 0.999999 1.23757e-22 7.09764e-19
0.000154 0.999999 1.64096e-22 9.38209e-19
0.000155 0.999999 2.17338e-22 1.23874e-18
0.000156 0.999999 2.8753e-22 1.63361e-18
0.000157 0.999999 3.79959e-22 2.15183e-18
0.000158 0.999999 5.01528e-22 2.83109e-18
0.000159 0.999999 6.61237e-22 3.72037e-18
0.00016 0.999999 8.70801e-22 4.88317e-18
0.000161 0.999999 1.14546e-21 6.40177e-18
0.000162 0.999999 1.50501e-21 8.3826e-18
0.000163 0.999999 1.97511e-21 1.09632e-17
0.000164 0.999999 2.58904e-21 1.4321e-17
0.000165 0.999999 3.38983e-21 1.86846e-17
0.000166 0.999999 4.43309e-21 2.43484e-17
0.000167 0.999999 5.79063e-21 3.16906e-17
0.000168 0.999999 7.55496e-21 4.11969e-17
0.000169 0.999999 9.84522e-21 5.34895e-17
0.00017 0.999999 1.28145e-20 6.93655e-17
0.000171 0.999999 1.66596e-20 8.98437e-17
0.000172 0.999999 2.16327e-20 1.16225e-16
0.000173 0.999999 2.80567e-20 1.50169e-16
0.000174 0.999999 3.6345e-20 1.93788e-16
0.000175 0.999999 4.70254e-20 2.4977e-16
0.000176 0.999999 6.07714e-20 3.21528e-16
0.000177 0.999999 7.84411e-20 4.13392e-16
0.000178 0.999999 1.01127e-19 5.30846e-16
0.000179 0.999999 1.30216e-19 6.8083e-16
0.00018 0.999999 1.67471e-19 8.72112e-16
0.000181 0.999999 2.15125e-19 1.11575e-15
0.000182 0.999999 2.76005e-19 1.4257e-15
0.000183 0.999999 3.53685e-19 1.81948e-15
0.000184 0.999999 4.52679e-19 2.31915e-15
0.000185 0.999999 5.78681e-19 2.95238e-15
0.000186 0.999999 7.38858e-19 3.75386e-15
0.000187 0.999999 9.42228e-19 4.76699e-15
0.000188 0.999999 1.20012e-18 6.04604e-15
0.000189 0.999999 1.52674e-18 7.65878e-15
0.00019 0.999999 1.9399e-18 9.68968e-15
0.000191 0.999999 2.46188e-18 1.22439e-14
0.000192 0.999999 3.12053e-18 1.54523e-14
0.000193 0.999999 3.95058e-18 1.94772e-14
0.000194 0.999999 4.99537e-18 2.45201e-14
0.000195 0.999999 6.30882e-18 3.08305e-14
0.000196 0.999999 7.95797e-18 3.87169e-14
0.000197 0.999999 1.00261e-17 4.85606e-14
0.000198 0.999999 1.26163e-17 6.08318e-14
0.000199 0.999999 1.58566e-17 7.61098e-14
0.0002 0.999999 1.9905e-17 9.51076e-14
0.000201 0.999999 2.49569e-17 1.18701e-13
0.000202 0.999999 3.12533e-17 1.47965e-13
0.000203 0.999999 3.90911e-17 1.84217e-13
0.000204 0.999999 4.88357e-17 2.29068e-13
0.000205 0.999999 6.09361e-17 2.84491e-13
0.000206 0.999999 7.59437e-17 3.52891e-13
0.000207 0.999999 9.45342e-17 4.37202e-13
0.000208 0.999999 1.17535e-16 5.40993e-13
0.000209 0.999999 1.45957e-16 6.68609e-13
0.00021 0.999999 1.81037e-16 8.25323e-13
0.000211 0.999999 2.24282e-16 1.01753e-12
0.000212 0.999999 2.77526e-16 1.25298e-12
0.000213 0.999999 3.43005e-16 1.54105e-12
0.000214 0.999999 4.23432e-16 1.89305e-12
0.000215 0.999999 5.22102e-16 2.32265e-12
0.000216 0.999999 6.43008e-16 2.84632e-12
0.000217 0.999999 7.90984e-16 3.48386e-12
0.000218 0.999999 9.71877e-16 4.2591e-12
0.000219 0.999999 1.19275e-15 5.20063e-12
0.00022 0.999999 1.46211e-15 6.34271e-12
0.000221 0.999999 1.79023e-15 7.7264e-12
0.000222 0.999999 2.18945e-15 9.40078e-12
0.000223 0.999999 2.6746e-15 1.14245e-11
0.000224 0.999999 3.26352e-15 1.38674e-11
0.000225 0.999999 3.97754e-15 1.68129e-11
0.000226 0.999999 4.84226e-15 2.036e-11
0.000227 0.999999 5.88827e-15 2.46267e-11
0.000228 0.999999 7.15212e-15 2.97526e-11
0.000229 0.999999 8.67744e-15 3.59036e-11
0.00023 0.999999 1.05162e-14 4.3276e-11
0.000231 0.999999 1.27304e-14 5.21017e-11
0.000232 0.999999 1.53936e-14 6.26549e-11
0.000233 0.999999 1.85933e-14 7.52588e-11
0.000234 0.999999 2.24332e-14 9.02945e-11
0.000235 0.999999 2.70363e-14 1.0821e-10
0.000236 0.999999 3.25483e-14 1.29533e-10
0.000237 0.999999 3.91412e-14 1.5488e-10
0.000238 0.999999 4.70186e-14 1.84978e-10
0.000239 0.999999 5.64202e-14 2.20675e-10
0.00024 0.999999 6.76291e-14 2.62965e-10
0.000241 0.999999 8.09781e-14 3.13007e-10
0.000242 0.999999 9.68588e-14 3.72156e-10
0.000243 0.999999 1.15731e-13 4.41989e-10
0.000244 0.999999 1.38136e-13 5.24343e-10
0.000245 0.999999 1.64705e-13 6.21354e-10
0.000246 0.999999 1.9618e-13 7.35502e-10
0.000247 0.999999 2.33428e-13 8.69663e-10
0.000248 0.999999 2.77463e-13 1.02717e-09
0.000249 0.999999 3.29468e-13 1.21188e-09
0.00025 0.999999 3.90823e-13 1.42826e-09
0.000251 0.999999 4.63136e-13 1.68145e-09
0.000252 0.999999 5.48279e-13 1.97739e-09
0.000253 0.999999 6.48429e-13 2.32292e-09
0.000254 0.999999 7.66115e-13 2.72592e-09
0.000255 0.999999 9.0427e-13 3.19542e-09
0.000256 0.999999 1.0663e-12 3.74181e-09
0.000257 0.999999 1.25614e-12 4.37701e-09
0.000258 0.999999 1.47837e-12 5.11465e-09
0.000259 0.999999 1.73825e-12 5.97035e-09
0.00026 0.999999 2.04188e-12 6.96194e-09
0.000261 0.999999 2.39629e-12 8.10979e-09
0.000262 0.999999 2.8096e-12 9.43713e-09
0.000263 0.999999 3.29116e-12 1.09704e-08
0.000264 0.999999 3.85172e-12 1.27397e-08
0.000265 0.999999 4.50367e-12 1.47793e-08
0.000266 0.999999 5.26123e-12 1.7128e-08
0.000267 0.999999 6.14073e-12 1.98299e-08
0.000268 0.999999 7.1609e-12 2.29349e-08
0.000269 0.999999 8.34325e-12 2.64995e-08
0.00027 0.999999 9.71237e-12 3.05875e-08
0.000271 0.999999 1.12964e-11 3.52712e-08
0.000272 0.999999 1.31276e-11 4.06318e-08
0.000273 0.999999 1.52428e-11 4.67611e-08
0.000274 0.999999 1.7684e-11 5.37623e-08
0.000275 0.999999 2.04992e-11 6.17515e-08
0.000276 0.999999 2.3743e-11 7.08591e-08
0.000277 0.999999 2.74778e-11 8.12315e-08
0.000278 0.999999 3.17746e-11 9.30328e-08
0.000279 0.999999 3.6714e-11 1.06447e-07
0.00028 0.999999 4.23879e-11 1.21679e-07
0.000281 0.999999 4.89006e-11 1.38959e-07
0.000282 0.999999 5.63704e-11 1.58544e-07
0.000283 0.999999 6.49318e-11 1.80719e-07
0.000284 0.999999 7.4737e-11 2.05804e-07
0.000285 0.999999 8.59587e-11 2.34154e-07
0.000286 0.999999 9.87923e-11 2.66163e-07
0.000287 0.999999 1.13459e-10 3.0227e-07
0.000288 0.999999 1.30209e-10 3.42961e-07
0.000289 0.999999 1.49326e-10 3.88776e-07
0.00029 0.999999 1.71127e-10 4.40313e-07
0.000291 0.999999 1.95975e-10 4.98234e-07
0.000292 0.999998 2.24276e-10 5.63269e-07
0.000293 0.999998 2.56487e-10 6.36226e-07
0.000294 0.999998 2.93127e-10 7.17997e-07
0.000295 0.999998 3.34777e-10 8.09563e-07
0.000296 0.999998 3.82092e-10 9.12008e-07
0.000297 0.999998 4.35808e-10 1.02652e-06
0.000298 0.999998 4.96754e-10 1.15441e-06
0.000299 0.999998 5.65859e-10 1.29712e-06
0.0003 0.999998 6.44168e-10 1.45621e-06
0.000301 0.999997 7.32854e-10 1.63343e-06
0.000302 0.999997 8.33231e-10 1.83065e-06
0.000303 0.999997 9.46772e-10 2.04997e-06
0.000304 0.999997 1.07513e-09 2.29363e-06
0.000305 0.999996 1.22015e-09 2.56411e-06
0.000306 0.999996 1.3839e-09 2.86411e-06
0.000307 0.999996 1.56869e-09 3.19658e-06
0.000308 0.999995 1.77711e-09 3.56471e-06
0.000309 0.999995 2.01205e-09 3.972e-06
0.00031 0.999995 2.27673e-09 4.42223e-06
0.000311 0.999994 2.57475e-09 4.91953e-06
0.000312 0.999994 2.91011e-09 5.46837e-06
0.000313 0.999993 3.2873e-09 6.07359e-06
0.000314 0.999992 3.71128e-09 6.74045e-06
0.000315 0.999992 4.1876e-09 7.47463e-06
0.000316 0.999991 4.72244e-09 8.2823e-06
0.000317 0.99999 5.32264e-09 9.17008e-06
0.000318 0.999989 5.99583e-09 1.01452e-05
0.000319 0.999988 6.75048e-09 1.12153e-05
0.00032 0.999987 7.59598e-09 1.23888e-05
0.000321 0.999985 8.54276e-09 1.36747e-05
0.000322 0.999984 9.60237e-09 1.50827e-05
0.000323 0.999982 1.07876e-08 1.66232e-05
0.000324 0.999981 1.21127e-08 1.83072e-05
0.000325 0.999979 1.35933e-08 2.01469e-05
0.000326 0.999977 1.52467e-08 2.21551e-05
0.000327 0.999975 1.70922e-08 2.43457e-05
0.000328 0.999972 1.9151e-08 2.67332e-05
0.000329 0.99997 2.14465e-08 2.93337e-05
0.00033 0.999967 2.40044e-08 3.21639e-05
0.000331 0.999964 2.68533e-08 3.52419e-05
0.000332 0.99996 3.00245e-08 3.85869e-05
0.000333 0.999957 3.35526e-08 4.22196e-05
0.000334 0.999953 3.74756e-08 4.61617e-05
0.000335 0.999949 4.18353e-08 5.04367e-05
0.000336 0.999944 4.66778e-08 5.50693e-05
0.000337 0.999939 5.20536e-08 6.00859e-05
0.000338 0.999933 5.8018e-08 6.55145e-05
0.000339 0.999928 6.4632e-08 7.13849e-05
0.00034 0.999921 7.19623e-08 7.77285e-05
0.000341 0.999914 8.00819e-08 8.45789e-05
0.000342 0.999907 8.90709e-08 9.19714e-05
0.000343 0.999899 9.90169e-08 9.99436e-05
0.000344 0.99989 1.10016e-07 0.000108535
0.000345 0.999881 1.22172e-07 0.000117788
0.000346 0.999871 1.356e-07 0.000127745
0.000347 0.99986 1.50425e-07 0.000138455
0.000348 0.999849 1.66782e-07 0.000149966
0.000349 0.999836 1.84821e-07 0.000162331
0.00035 0.999823 2.04702e-07 0.000175602
0.000351 0.999809 2.26601e-07 0.000189839
0.000352 0.999794 2.50711e-07 0.000205101
0.000353 0.999777 2.77239e-07 0.000221452
0.000354 0.99976 3.06411e-07 0.000238958
0.000355 0.999741 3.38473e-07 0.000257689
0.000356 0.999721 3.7369e-07 0.000277718
0.000357 0.999699 4.12353e-07 0.000299122
0.000358 0.999677 4.54772e-07 0.000321981
0.000359 0.999652 5.01288e-07 0.000346379
0.00036 0.999626 5.52266e-07 0.000372403
0.000361 0.999598 6.08104e-07 0.000400145
0.000362 0.999569 6.69229e-07 0.0004297
0.000363 0.999537 7.36104e-07 0.000461169
0.000364 0.999504 8.09228e-07 0.000494655
0.000365 0.999468 8.89139e-07 0.000530266
0.000366 0.99943 9.76419e-07 0.000568115
0.000367 0.99939 1.07169e-06 0.000608318
0.000368 0.999347 1.17563e-06 0.000650998
0.000369 0.999301 1.28896e-06 0.000696281
0.00037 0.999253 1.41245e-06 0.000744297
0.000371 0.999202 1.54695e-06 0.000795184
0.000372 0.999148 1.69334e-06 0.000849081
0.000373 0.999091 1.8526e-06 0.000906135
0.000374 0.99903 2.02575e-06 0.000966497
0.000375 0.998966 2.21389e-06 0.00103032
0.000376 0.998899 2.41822e-06 0.00109777
0.000377 0.998827 2.63999e-06 0.00116902
0.000378 0.998752 2.88056e-06 0.00124423
0.000379 0.998672 3.14138e-06 0.00132358
0.00038 0.998588 3.42399e-06 0.00140725
0.000381 0.9985 3.73004e-06 0.00149544
0.000382 0.998407 4.06129e-06 0.00158834
0.000383 0.998308 4.4196e-06 0.00168614
0.000384 0.998205 4.80698e-06 0.00178906
0.000385 0.998096 5.22554e-06 0.0018973
0.000386 0.997982 5.67755e-06 0.00201108
0.000387 0.997862 6.16541e-06 0.00213061
0.000388 0.997736 6.69167e-06 0.00225614
0.000389 0.997604 7.25904e-06 0.00238789
0.00039 0.997465 7.87038e-06 0.0025261
0.000391 0.997319 8.52875e-06 0.00267101
0.000392 0.997167 9.23737e-06 0.00282287
0.000393 0.997007 9.99966e-06 0.00298194
0.000394 0.99684 1.08192e-05 0.00314848
0.000395 0.996665 1.16999e-05 0.00332275
0.000396 0.996481 1.26458e-05 0.00350503
0.000397 0.99629 1.36611e-05 0.00369558
0.000398 0.99609 1.47503e-05 0.00389469
0.000399 0.99588 1.59182e-05 0.00410264
0.0004 0.995662 1.71699e-05 0.00431972
0.000401 0.995434 1.85105e-05 0.00454623
0.000402 0.995197 1.99457e-05 0.00478247
0.000403 0.994949 2.14813e-05 0.00502874
0.000404 0.994691 2.31235e-05 0.00528534
0.000405 0.994422 2.48787e-05 0.00555258
0.000406 0.994141 2.67538e-05 0.00583079
0.000407 0.99385 2.87559e-05 0.00612027
0.000408 0.993547 3.08925e-05 0.00642135
0.000409 0.993231 3.31714e-05 0.00673436
0.00041 0.992904 3.56008e-05 0.00705961
0.000411 0.992563 3.81895e-05 0.00739745
0.000412 0.99221 4.09463e-05 0.0077482
0.000413 0.991843 4.38808e-05 0.00811219
0.000414 0.991462 4.70028e-05 0.00848977
0.000415 0.991067 5.03226e-05 0.00888126
0.000416 0.990658 5.3851e-05 0.00928701
0.000417 0.990234 5.75992e-05 0.00970736
0.000418 0.989795 6.15789e-05 0.0101426
0.000419 0.98934 6.58024e-05 0.0105932
0.00042 0.988869 7.02823e-05 0.0110594
0.000421 0.988382 7.50319e-05 0.0115415
0.000422 0.987879 8.0065e-05 0.0120399
0.000423 0.987359 8.53959e-05 0.012555
0.000424 0.986821 9.10395e-05 0.013087
0.000425 0.986266 9.70113e-05 0.0136364
0.000426 0.985692 0.000103327 0.0142033
0.000427 0.985101 0.000110004 0.0147883
0.000428 0.98449 0.000117059 0.0153915
0.000429 0.983861 0.00012451 0.0160133
0.00043 0.983212 0.000132376 0.0166541
0.000431 0.982544 0.000140676 0.0173142
0.000432 0.981856 0.000149429 0.0179938
0.000433 0.981147 0.000158656 0.0186933
0.000434 0.980418 0.000168379 0.0194129
0.000435 0.979667 0.000178619 0.020153
0.000436 0.978896 0.0001894 0.0209139
0.000437 0.978102 0.000200743 0.0216958
0.000438 0.977287 0.000212674 0.0224991
0.000439 0.97645 0.000225217 0.0233239
0.00044 0.97559 0.000238398 0.0241706
0.000441 0.974707 0.000252243 0.0250393
0.000442 0.973802 0.000266779 0.0259304
0.000443 0.972873 0.000282034 0.0268441
0.000444 0.97192 0.000298037 0.0277806
0.000445 0.970944 0.000314816 0.0287401
0.000446 0.969944 0.000332402 0.0297229
0.000447 0.968919 0.000350827 0.030729
0.000448 0.96787 0.000370121 0.0317588
0.000449 0.966796 0.000390317 0.0328123
0.00045 0.965698 0.000411448 0.0338898
0.000451 0.964574 0.000433549 0.0349914
0.000452 0.963425 0.000456654 0.0361172
0.000453 0.962251 0.000480799 0.0372674
0.000454 0.961051 0.000506021 0.038442
0.000455 0.959825 0.000532356 0.0396412
0.000456 0.958574 0.000559843 0.0408651
0.000457 0.957297 0.00058852 0.0421137
0.000458 0.955994 0.000618427 0.043387
0.000459 0.954664 0.000649604 0.0446852
0.00046 0.953309 0.000682092 0.0460082
0.000461 0.951927 0.000715932 0.0473561
0.000462 0.950519 0.000751169 0.0487289
0.000463 0.949085 0.000787843 0.0501265
0.000464 0.947624 0.000826 0.0515489
0.000465 0.946137 0.000865684 0.0529961
0.000466 0.944624 0.00090694 0.054468
0.000467 0.943085 0.000949814 0.0559644
0.000468 0.941519 0.000994353 0.0574855
0.000469 0.939928 0.0010406 0.0590309
0.00047 0.93831 0.00108861 0.0606006
0.000471 0.936666 0.00113843 0.0621944
0.000472 0.934997 0.00119011 0.0638122
0.000473 0.933302 0.00124369 0.0654538
0.000474 0.931581 0.00129922 0.067119
0.000475 0.929835 0.00135677 0.0688076
0.000476 0.928063 0.00141637 0.0705193
0.000477 0.926267 0.00147808 0.0722539
0.000478 0.924446 0.00154195 0.0740112
0.000479 0.9226 0.00160803 0.0757909
0.00048 0.92073 0.00167638 0.0775926
0.000481 0.918836 0.00174704 0.0794161
0.000482 0.916918 0.00182008 0.0812611
0.000483 0.914976 0.00189554 0.0831271
0.000484 0.913012 0.00197348 0.0850139
0.000485 0.911024 0.00205395 0.0869211
0.000486 0.909014 0.002137 0.0888482
0.000487 0.906981 0.00222269 0.0907949
0.000488 0.904927 0.00231108 0.0927608
0.000489 0.902851 0.00240221 0.0947454
0.00049 0.900755 0.00249614 0.0967483
0.000491 0.898637 0.00259293 0.098769
0.000492 0.896499 0.00269263 0.100807
0.000493 0.894342 0.00279528 0.102862
0.000494 0.892165 0.00290096 0.104933
0.000495 0.889969 0.0030097 0.10702
0.000496 0.887755 0.00312157 0.109123
0.000497 0.885522 0.00323661 0.11124
0.000498 0.883273 0.00335487 0.113372
0.000499 0.881006 0.00347642 0.115517
0.0005 0.878723 0.0036013 0.117675
0.000501 0.876424 0.00372956 0.119846
0.000502 0.874109 0.00386125 0.122029
0.000503 0.87178 0.00399642 0.124223
0.000504 0.869436 0.00413513 0.126428
0.000505 0.867079 0.00427742 0.128643
0.000506 0.864708 0.00442333 0.130867
0.000507 0.862325 0.00457292 0.133101
0.000508 0.85993 0.00472624 0.135342
0.000509 0.857524 0.00488332 0.137592
0.00051 0.855107 0.00504421 0.139848
0.000511 0.852679 0.00520896 0.142111
0.000512 0.850242 0.00537761 0.144379
0.000513 0.847796 0.0055502 0.146653
0.000514 0.845342 0.00572678 0.14893
0.000515 0.84288 0.00590737 0.151212
0.000516 0.84041 0.00609202 0.153497
0.000517 0.837935 0.00628078 0.155784
0.000518 0.835453 0.00647366 0.158072
0.000519 0.832966 0.00667071 0.160362
0.00052 0.830475 0.00687197 0.162652
0.000521 0.827979 0.00707746 0.164942
0.000522 0.825481 0.00728721 0.167231
0.000523 0.822979 0.00750126 0.169518
0.000524 0.820476 0.00771962 0.171804
0.000525 0.817971 0.00794234 0.174086
0.000526 0.815465 0.00816943 0.176365
0.000527 0.812959 0.00840092 0.178639
0.000528 0.810453 0.00863682 0.180909
0.000529 0.807949 0.00887717 0.183173
0.00053 0.805446 0.00912197 0.185431
0.000531 0.802945 0.00937124 0.187682
0.000532 0.800448 0.009625 0.189926
0.000533 0.797953 0.00988326 0.192162
0.000534 0.795463 0.010146 0.19439
0.000535 0.792978 0.0104133 0.196608
0.000536 0.790497 0.0106852 0.198816
0.000537 0.788023 0.0109615 0.201014
0.000538 0.785555 0.0112425 0.203201
0.000539 0.783094 0.0115279 0.205377
0.00054 0.780641 0.0118179 0.20754
0.000541 0.778195 0.0121125 0.209691
0.000542 0.775759 0.0124115 0.211829
0.000543 0.773331 0.0127152 0.213952
0.000544 0.770914 0.0130233 0.216062
0.000545 0.768506 0.013336 0.218157
0.000546 0.76611 0.0136531 0.220236
0.000547 0.763725 0.0139748 0.2223
0.000548 0.761351 0.014301 0.224347
0.000549 0.75899 0.0146316 0.226377
0.00055 0.756642 0.0149666 0.22839
0.000551 0.754307 0.0153061 0.230386
0.000552 0.751986 0.01565 0.232363
0.000553 0.74968 0.0159983 0.234321
0.000554 0.747388 0.0163509 0.23626
0.000555 0.745111 0.0167078 0.23818
0.000556 0.74285 0.0170691 0.24008
0.000557 0.740605 0.0174346 0.24196
0.000558 0.738377 0.0178043 0.243818
0.000559 0.736165 0.0181782 0.245656
0.00056 0.733971 0.0185562 0.247472
0.000561 0.731795 0.0189384 0.249265
0.000562 0.729637 0.0193247 0.251037
0.000563 0.727498 0.019715 0.252786
0.000564 0.725378 0.0201092 0.254512
0.000565 0.723278 0.0205074 0.256214
0.000566 0.721197 0.0209095 0.257892
0.000567 0.719137 0.0213155 0.259547
0.000568 0.717097 0.0217252 0.261177
0.000569 0.715078 0.0221387 0.262782
0.00057 0.713081 0.0225558 0.264362
0.000571 0.711106 0.0229766 0.265917
0.000572 0.709152 0.0234009 0.267446
0.000573 0.707222 0.0238287 0.268949
0.000574 0.705314 0.02426 0.270425
0.000575 0.703429 0.0246947 0.271875
0.000576 0.701569 0.0251327 0.273298
0.000577 0.699732 0.025574 0.274693
0.000578 0.697919 0.0260184 0.276062
0.000579 0.696131 0.026466 0.277402
0.00058 0.694368 0.0269166 0.278714
0.000581 0.692631 0.0273702 0.279998
0.000582 0.69092 0.0278267 0.281253
0.000583 0.689234 0.0282861 0.282479
0.000584 0.687575 0.0287482 0.283676
0.000585 0.685943 0.029213 0.284843
0.000586 0.684338 0.0296804 0.285981
0.000587 0.682761 0.0301504 0.287088
0.000588 0.681211 0.0306229 0.288165
0.000589 0.67969 0.0310977 0.289212
0.00059 0.678197 0.0315749 0.290227
0.000591 0.676733 0.0320542 0.291212
0.000592 0.675298 0.0325358 0.292165
0.000593 0.673894 0.0330194 0.293086
0.000594 0.672519 0.033505 0.293975
0.000595 0.671174 0.0339925 0.294832
0.000596 0.66986 0.0344818 0.295657
0.000597 0.668578 0.0349729 0.296448
0.000598 0.667326 0.0354657 0.297207
0.000599 0.666107 0.03596 0.297932
0.0006 0.66492 0.0364558 0.298624
0.000601 0.663765 0.0369531 0.299281
0.000602 0.662643 0.0374517 0.299905
0.000603 0.661554 0.0379515 0.300493
0.000604 0.660499 0.0384525 0.301047
0.000605 0.659478 0.0389545 0.301567
0.000606 0.658491 0.0394576 0.30205
0.000607 0.657539 0.0399616 0.302498
0.000608 0.656622 0.0404664 0.30291
0.000609 0.655741 0.0409719 0.303287
0.00061 0.654895 0.0414782 0.303626
0.000611 0.654085 0.041985 0.303929
0.000612 0.653312 0.0424923 0.304195
0.000613 0.652576 0.043 0.304423
0.000614 0.651876 0.043508 0.304615
0.000615 0.651215 0.0440163 0.304768
0.000616 0.650591 0.0445248 0.304883
0.000617 0.650006 0.0450333 0.30496
0.000618 0.649459 0.0455419 0.304998
0.000619 0.648951 0.0460504 0.304998
0.00062 0.648482 0.0465587 0.304958
0.000621 0.648052 0.0470669 0.30488
0.000622 0.647663 0.0475747 0.304761
0.000623 0.647314 0.0480821 0.304603
0.000624 0.647005 0.0485891 0.304405
0.000625 0.646737 0.0490955 0.304167
0.000626 0.64651 0.0496013 0.303888
0.000627 0.646324 0.0501065 0.303569
0.000628 0.64618 0.0506109 0.303209
0.000629 0.646077 0.0511144 0.302808
0.00063 0.646017 0.0516171 0.302365
0.000631 0.645998 0.0521188 0.301882
0.000632 0.646023 0.0526194 0.301357
0.000633 0.64609 0.053119 0.30079
0.000634 0.646199 0.0536173 0.300182
0.000635 0.646352 0.0541144 0.299532
0.000636 0.646548 0.0546102 0.298841
0.000637 0.646788 0.0551047 0.298107
0.000638 0.64707 0.0555976 0.297331
0.000639 0.647397 0.0560891 0.296513
0.00064 0.647767 0.0565791 0.295653
0.000641 0.648181 0.0570674 0.294751
0.000642 0.648638 0.057554 0.293807
0.000643 0.64914 0.0580388 0.29282
0.000644 0.649685 0.0585219 0.291792
0.000645 0.650274 0.0590031 0.290722
0.000646 0.650907 0.0594825 0.289609
0.000647 0.651584 0.0599598 0.288455
0.000648 0.652304 0.0604351 0.287259
0.000649 0.653068 0.0609084 0.286022
0.00065 0.653876 0.0613796 0.284743
0.000651 0.654727 0.0618485 0.283423
0.000652 0.655622 0.0623153 0.282062
0.000653 0.656559 0.0627798 0.28066
0.000654 0.657539 0.063242 0.279218
0.000655 0.658562 0.0637019 0.277735
0.000656 0.659627 0.0641593 0.276212
0.000657 0.660735 0.0646144 0.27465
0.000658 0.661884 0.0650669 0.273048
0.000659 0.663075 0.0655169 0.271407
0.00066 0.664307 0.0659644 0.269728
0.000661 0.665579 0.0664093 0.26801
0.000662 0.666892 0.0668516 0.266255
0.000663 0.668245 0.0672912 0.264462
0.000664 0.669638 0.0677281 0.262633
0.000665 0.67107 0.0681623 0.260767
0.000666 0.67254 0.0685937 0.258866
0.000667 0.674048 0.0690223 0.256929
0.000668 0.675593 0.0694482 0.254957
0.000669 0.677176 0.0698711 0.252952
0.00067 0.678795 0.0702912 0.250913
0.000671 0.680449 0.0707084 0.248841
0.000672 0.682139 0.0711227 0.246738
0.000673 0.683862 0.0715341 0.244602
0.000674 0.68562 0.0719425 0.242437
0.000675 0.68741 0.0723479 0.240241
0.000676 0.689233 0.0727502 0.238016
0.000677 0.691087 0.0731496 0.235762
0.000678 0.692972 0.0735459 0.233481
0.000679 0.694886 0.0739392 0.231174
0.00068 0.69683 0.0743294 0.22884
0.000681 0.698801 0.0747165 0.226481
0.000682 0.7008 0.0751005 0.224098
0.000683 0.702826 0.0754814 0.221692
0.000684 0.704877 0.0758592 0.219263
0.000685 0.706952 0.0762338 0.216813
0.000686 0.709051 0.0766053 0.214343
0.000687 0.711173 0.0769736 0.211853
0.000688 0.713316 0.0773388 0.209344
0.000689 0.71548 0.0777008 0.206818
0.00069 0.717664 0.0780597 0.204275
0.000691 0.719866 0.0784153 0.201717
0.000692 0.722086 0.0787678 0.199145
0.000693 0.724323 0.0791172 0.196559
0.000694 0.726575 0.0794633 0.19396
0.000695 0.728842 0.0798062 0.191351
0.000696 0.731122 0.080146 0.188731
0.000697 0.733414 0.0804826 0.186102
0.000698 0.735718 0.080816 0.183465
0.000699 0.738031 0.0811462 0.180821
0.0007 0.740354 0.0814733 0.178172
0.000701 0.742684 0.0817972 0.175517
0.000702 0.745022 0.0821179 0.172859
0.000703 0.747365 0.0824355 0.170199
0.000704 0.749712 0.0827499 0.167537
0.000705 0.752063 0.0830612 0.164875
0.000706 0.754416 0.0833693 0.162213
0.000707 0.756771 0.0836744 0.159554
0.000708 0.759125 0.0839763 0.156898
0.000709 0.761478 0.0842751 0.154245
0.00071 0.76383 0.0845708 0.151599
0.000711 0.766178 0.0848634 0.148958
0.000712 0.768521 0.085153 0.146325
0.000713 0.770859 0.0854395 0.1437
0.000714 0.773191 0.085723 0.141085
0.000715 0.775515 0.0860034 0.13848
0.000716 0.777831 0.0862809 0.135888
0.000717 0.780136 0.0865553 0.133308
0.000718 0.782431 0.0868268 0.130741
0.000719 0.784714 0.0870953 0.12819
0.00072 0.786984 0.0873609 0.125654
0.000721 0.789241 0.0876235 0.123135
0.000722 0.791482 0.0878832 0.120634
0.000723 0.793708 0.0881401 0.118151
0.000724 0.795917 0.0883941 0.115688
0.000725 0.798108 0.0886452 0.113246
0.000726 0.800281 0.0888935 0.110824
0.000727 0.802434 0.089139 0.108426
0.000728 0.804567 0.0893817 0.10605
0.000729 0.806679 0.0896217 0.103699
0.00073 0.808768 0.0898589 0.101372
0.000731 0.810835 0.0900934 0.0990708
0.000732 0.812878 0.0903252 0.0967961
0.000733 0.814896 0.0905543 0.0945485
0.000734 0.816889 0.0907808 0.0923288
0.000735 0.818857 0.0910047 0.0901377
0.000736 0.820797 0.091226 0.0879758
0.000737 0.822711 0.0914447 0.0858438
0.000738 0.824596 0.0916608 0.0837423
0.000739 0.826453 0.0918745 0.0816719
0.00074 0.82828 0.0920856 0.0796332
0.000741 0.830078 0.0922943 0.0776267
0.000742 0.831846 0.0925005 0.0756529
0.000743 0.833582 0.0927043 0.0737124
0.000744 0.835288 0.0929057 0.0718056
0.000745 0.836961 0.0931048 0.0699328
0.000746 0.838603 0.0933015 0.0680946
0.000747 0.840212 0.0934959 0.0662913
0.000748 0.841788 0.093688 0.0645232
0.000749 0.84333 0.0938779 0.0627907
0.00075 0.844839 0.0940656 0.0610939
0.000751 0.846315 0.094251 0.0594333
0.000752 0.847756 0.0944343 0.057809
0.000753 0.849162 0.0946154 0.0562213
0.000754 0.850534 0.0947944 0.0546702
0.000755 0.851872 0.0949714 0.0531559
0.000756 0.853174 0.0951462 0.0516786
0.000757 0.854442 0.095319 0.0502383
0.000758 0.855674 0.0954899 0.0488351
0.000759 0.856871 0.0956587 0.047469
0.00076 0.858033 0.0958256 0.04614
0.000761 0.85916 0.0959905 0.044848
0.000762 0.860252 0.0961536 0.0435931
0.000763 0.861309 0.0963148 0.0423751
0.000764 0.862331 0.0964741 0.0411939
0.000765 0.863318 0.0966317 0.0400494
0.000766 0.86427 0.0967874 0.0389414
0.000767 0.865188 0.0969414 0.0378698
0.000768 0.866071 0.0970936 0.0368342
0.000769 0.86692 0.0972442 0.0358345
0.00077 0.867736 0.097393 0.0348703
0.000771 0.868517 0.0975402 0.0339415
0.000772 0.869266 0.0976858 0.0330476
0.000773 0.869981 0.0978297 0.0321884
0.000774 0.870663 0.0979721 0.0313635
0.000775 0.871314 0.0981129 0.0305725
0.000776 0.871932 0.0982522 0.029815
0.000777 0.872519 0.09839 0.0290905
0.000778 0.873074 0.0985263 0.0283987
0.000779 0.873599 0.0986611 0.027739
0.00078 0.874093 0.0987945 0.027111
0.000781 0.874558 0.0989265 0.0265142
0.000782 0.874994 0.0990571 0.025948
0.000783 0.875401 0.0991863 0.025412
0.000784 0.875779 0.0993142 0.0249055
0.000785 0.87613 0.0994407 0.0244281
0.000786 0.876454 0.099566 0.023979
0.000787 0.876751 0.09969 0.0235578
0.000788 0.877023 0.0998127 0.0231638
0.000789 0.877268 0.0999341 0.0227964
0.00079 0.87749 0.100054 0.0224549
0.000791 0.877687 0.100173 0.0221388
0.000792 0.87786 0.100291 0.0218473
0.000793 0.878011 0.100408 0.0215798
0.000794 0.87814 0.100524 0.0213357
0.000795 0.878247 0.100638 0.0211142
0.000796 0.878333 0.100751 0.0209146
0.000797 0.878399 0.100864 0.0207363
0.000798 0.878445 0.100975 0.0205786
0.000799 0.878473 0.101085 0.0204407
0.0008 0.878483 0.101194 0.0203219
0.000801 0.878475 0.101302 0.0202216
0.000802 0.878451 0.101409 0.0201391
0.000803 0.87841 0.101515 0.0200735
0.000804 0.878354 0.101621 0.0200242
0.000805 0.878284 0.101725 0.0199905
0.000806 0.878199 0.101828 0.0199717
0.000807 0.878102 0.10193 0.019967
0.000808 0.877992 0.102032 0.0199757
0.000809 0.87787 0.102132 0.0199972
0.00081 0.877737 0.102232 0.0200306
0.000811 0.877593 0.10233 0.0200754
0.000812 0.87744 0.102428 0.0201307
0.000813 0.877278 0.102525 0.020196
0.000814 0.877107 0.102621 0.0202705
0.000815 0.876929 0.102716 0.0203535
0.000816 0.876744 0.102811 0.0204445
0.000817 0.876552 0.102905 0.0205426
0.000818 0.876354 0.102997 0.0206472
0.000819 0.876152 0.103089 0.0207578
0.00082 0.875945 0.103181 0.0208736
0.000821 0.875734 0.103271 0.020994
0.000822 0.87552 0.103361 0.0211184
0.000823 0.875303 0.10345 0.0212463
0.000824 0.875084 0.103538 0.0213769
0.000825 0.874864 0.103625 0.0215098
0.000826 0.874643 0.103712 0.0216443
0.000827 0.874421 0.103798 0.0217798
0.000828 0.8742 0.103883 0.021916
0.000829 0.873979 0.103968 0.0220521
0.00083 0.87376 0.104051 0.0221877
0.000831 0.873542 0.104134 0.0223223
0.000832 0.873327 0.104217 0.0224554
0.000833 0.873114 0.104298 0.0225865
0.000834 0.872904 0.104379 0.0227152
0.000835 0.872698 0.10446 0.0228409
0.000836 0.872496 0.104539 0.0229634
0.000837 0.872299 0.104618 0.0230822
0.000838 0.872106 0.104696 0.0231968
0.000839 0.871918 0.104774 0.0233069
0.00084 0.871736 0.104851 0.0234122
0.000841 0.87156 0.104927 0.0235122
0.000842 0.87139 0.105002 0.0236067
0.000843 0.871226 0.105077 0.0236954
0.000844 0.871069 0.105152 0.0237779
0.000845 0.87092 0.105225 0.023854
0.000846 0.870777 0.105298 0.0239234
0.000847 0.870643 0.10537 0.0239859
0.000848 0.870516 0.105442 0.0240412
0.000849 0.870397 0.105513 0.0240891
0.00085 0.870286 0.105583 0.0241295
0.000851 0.870184 0.105653 0.0241621
0.000852 0.87009 0.105722 0.0241868
0.000853 0.870005 0.10579 0.0242035
0.000854 0.869929 0.105858 0.024212
0.000855 0.869861 0.105925 0.0242122
0.000856 0.869803 0.105992 0.024204
0.000857 0.869754 0.106058 0.0241874
0.000858 0.869714 0.106123 0.0241622
0.000859 0.869683 0.106188 0.0241285
0.00086 0.869661 0.106252 0.0240862
0.000861 0.869649 0.106315 0.0240352
0.000862 0.869645 0.106378 0.0239756
0.000863 0.869651 0.10644 0.0239074
0.000864 0.869667 0.106502 0.0238307
0.000865 0.869691 0.106563 0.0237453
0.000866 0.869724 0.106623 0.0236515
0.000867 0.869767 0.106683 0.0235493
0.000868 0.869818 0.106742 0.0234387
0.000869 0.869879 0.1068 0.0233199
0.00087 0.869948 0.106858 0.023193
0.000871 0.870025 0.106916 0.023058
0.000872 0.870112 0.106972 0.0229151
0.000873 0.870206 0.107029 0.0227644
0.000874 0.870309 0.107084 0.0226062
0.000875 0.87042 0.107139 0.0224405
0.000876 0.870538 0.107193 0.0222675
0.000877 0.870664 0.107247 0.0220874
0.000878 0.870798 0.1073 0.0219004
0.000879 0.870939 0.107353 0.0217067
0.00088 0.871087 0.107405 0.0215065
0.000881 0.871242 0.107457 0.0213
0.000882 0.871404 0.107507 0.0210874
0.000883 0.871572 0.107558 0.020869
0.000884 0.871747 0.107608 0.0206449
0.000885 0.871927 0.107657 0.0204155
0.000886 0.872113 0.107705 0.0201809
0.000887 0.872304 0.107754 0.0199415
0.000888 0.8725 0.107801 0.0196974
0.000889 0.872702 0.107848 0.0194489
0.00089 0.872908 0.107895 0.0191963
0.000891 0.873118 0.107941 0.0189399
0.000892 0.873333 0.107986 0.0186798
0.000893 0.873551 0.108031 0.0184165
0.000894 0.873773 0.108075 0.0181501
0.000895 0.873999 0.108119 0.0178809
0.000896 0.874227 0.108163 0.0176092
0.000897 0.874458 0.108206 0.0173353
0.000898 0.874692 0.108248 0.0170594
0.000899 0.874927 0.10829 0.0167818
0.0009 0.875165 0.108331 0.0165028
0.000901 0.875404 0.108372 0.0162226
0.000902 0.875645 0.108413 0.0159416
0.000903 0.875887 0.108452 0.0156599
0.000904 0.876129 0.108492 0.0153779
0.000905 0.876372 0.108531 0.0150958
0.000906 0.876616 0.10857 0.0148138
0.000907 0.876859 0.108608 0.0145323
0.000908 0.877102 0.108645 0.0142514
0.000909 0.877345 0.108683 0.0139714
0.00091 0.877587 0.108719 0.0136926
0.000911 0.877828 0.108756 0.0134152
0.000912 0.878068 0.108792 0.0131394
0.000913 0.878306 0.108827 0.0128654
0.000914 0.878543 0.108862 0.0125935
0.000915 0.878778 0.108897 0.0123239
0.000916 0.879011 0.108932 0.0120567
0.000917 0.879241 0.108965 0.0117923
0.000918 0.879469 0.108999 0.0115308
0.000919 0.879694 0.109032 0.0112723
0.00092 0.879917 0.109065 0.0110171
0.000921 0.880136 0.109098 0.0107653
0.000922 0.880352 0.10913 0.0105171
0.000923 0.880565 0.109162 0.0102727
0.000924 0.880774 0.109193 0.0100322
0.000925 0.880979 0.109224 0.00979579
0.000926 0.88118 0.109255 0.00956356
0.000927 0.881378 0.109286 0.00933566
0.000928 0.881571 0.109316 0.00911221
0.000929 0.88176 0.109346 0.00889333
0.00093 0.881945 0.109375 0.00867912
0.000931 0.882125 0.109405 0.00846969
0.000932 0.8823 0.109434 0.00826512
0.000933 0.882471 0.109462 0.00806549
0.000934 0.882637 0.109491 0.00787088
0.000935 0.882799 0.109519 0.00768136
0.000936 0.882955 0.109547 0.00749698
0.000937 0.883107 0.109575 0.0073178
0.000938 0.883253 0.109602 0.00714385
0.000939 0.883394 0.109629 0.00697517
0.00094 0.883531 0.109656 0.0068118
0.000941 0.883662 0.109683 0.00665374
0.000942 0.883788 0.10971 0.006501
0.000943 0.883909 0.109736 0.00635361
0.000944 0.884025 0.109762 0.00621154
0.000945 0.884136 0.109788 0.00607479
0.000946 0.884242 0.109814 0.00594334
0.000947 0.884342 0.10984 0.00581718
0.000948 0.884438 0.109865 0.00569625
0.000949 0.884528 0.10989 0.00558054
0.00095 0.884614 0.109915 0.00547
0.000951 0.884694 0.10994 0.00536456
0.000952 0.88477 0.109965 0.00526419
0.000953 0.884841 0.109989 0.00516881
0.000954 0.884907 0.110014 0.00507836
0.000955 0.884968 0.110038 0.00499276
0.000956 0.885025 0.110062 0.00491194
0.000957 0.885077 0.110086 0.00483581
0.000958 0.885124 0.11011 0.00476428
0.000959 0.885168 0.110134 0.00469726
0.00096 0.885207 0.110158 0.00463466
0.000961 0.885241 0.110181 0.00457636
0.000962 0.885272 0.110205 0.00452226
0.000963 0.885299 0.110228 0.00447226
0.000964 0.885322 0.110251 0.00442625
0.000965 0.885341 0.110274 0.00438409
0.000966 0.885356 0.110297 0.00434568
0.000967 0.885368 0.11032 0.0043109
0.000968 0.885377 0.110343 0.00427962
0.000969 0.885382 0.110366 0.00425171
0.00097 0.885384 0.110388 0.00422704
0.000971 0.885383 0.110411 0.00420549
0.000972 0.885379 0.110433 0.00418692
0.000973 0.885372 0.110455 0.0041712
0.000974 0.885363 0.110478 0.0041582
0.000975 0.885351 0.1105 0.00414778
0.000976 0.885337 0.110522 0.0041398
0.000977 0.885321 0.110544 0.00413413
0.000978 0.885302 0.110566 0.00413063
0.000979 0.885282 0.110588 0.00412917
0.00098 0.88526 0.11061 0.00412961
0.000981 0.885236 0.110631 0.00413182
0.000982 0.88521 0.110653 0.00413566
0.000983 0.885183 0.110675 0.00414099
0.000984 0.885155 0.110696 0.0041477
0.000985 0.885126 0.110718 0.00415563
0.000986 0.885095 0.110739 0.00416468
0.000987 0.885064 0.11076 0.0041747
0.000988 0.885032 0.110781 0.00418557
0.000989 0.884999 0.110803 0.00419717
0.00099 0.884966 0.110824 0.00420938
0.000991 0.884932 0.110845 0.00422208
0.000992 0.884898 0.110865 0.00423514
0.000993 0.884864 0.110886 0.00424847
0.000994 0.88483 0.110907 0.00426193
0.000995 0.884796 0.110928 0.00427544
0.000996 0.884762 0.110948 0.00428888
0.000997 0.884728 0.110969 0.00430214
0.000998 0.884695 0.110989 0.00431514
0.000999 0.884662 0.111009 0.00432778
0.001 0.884629 0.11103 0.00433995
0.001001 0.884598 0.11105 0.00435158
0.001002 0.884567 0.11107 0.00436259
0.001003 0.884536 0.11109 0.00437288
0.001004 0.884507 0.11111 0.00438238
0.001005 0.884479 0.111129 0.00439102
0.001006 0.884451 0.111149 0.00439874
0.001007 0.884425 0.111168 0.00440545
0.001008 0.8844 0.111188 0.00441111
0.001009 0.884376 0.111207 0.00441564
0.00101 0.884354 0.111226 0.00441901
0.001011 0.884332 0.111246 0.00442116
0.001012 0.884312 0.111265 0.00442204
0.001013 0.884294 0.111283 0.00442162
0.001014 0.884277 0.111302 0.00441985
0.001015 0.884261 0.111321 0.00441669
0.001016 0.884247 0.111339 0.00441213
0.001017 0.884235 0.111358 0.00440613
0.001018 0.884224 0.111376 0.00439868
0.001019 0.884215 0.111394 0.00438975
0.00102 0.884208 0.111412 0.00437932
0.001021 0.884202 0.11143 0.0043674
0.001022 0.884197 0.111448 0.00435396
0.001023 0.884195 0.111465 0.00433901
0.001024 0.884194 0.111483 0.00432255
0.001025 0.884194 0.1115 0.00430458
0.001026 0.884197 0.111517 0.00428511
0.001027 0.884201 0.111534 0.00426414
0.001028 0.884206 0.111551 0.00424169
0.001029 0.884213 0.111568 0.00421778
0.00103 0.884222 0.111584 0.00419242
0.001031 0.884233 0.111601 0.00416565
0.001032 0.884245 0.111617 0.00413747
0.001033 0.884258 0.111633 0.00410793
0.001034 0.884273 0.111649 0.00407704
0.001035 0.88429 0.111665 0.00404485
0.001036 0.884307 0.11168 0.00401139
0.001037 0.884327 0.111696 0.00397669
0.001038 0.884347 0.111711 0.0039408
0.001039 0.884369 0.111726 0.00390376
0.00104 0.884393 0.111741 0.00386561
0.001041 0.884417 0.111755 0.00382639
0.001042 0.884443 0.11177 0.00378615
0.001043 0.88447 0.111784 0.00374494
0.001044 0.884498 0.111798 0.00370282
0.001045 0.884527 0.111812 0.00365982
0.001046 0.884557 0.111826 0.00361601
0.001047 0.884588 0.11184 0.00357143
0.001048 0.88462 0.111853 0.00352614
0.001049 0.884652 0.111866 0.0034802
0.00105 0.884686 0.111879 0.00343365
0.001051 0.88472 0.111892 0.00338656
0.001052 0.884755 0.111905 0.00333898
0.001053 0.884791 0.111917 0.00329097
0.001054 0.884827 0.11193 0.00324258
0.001055 0.884863 0.111942 0.00319387
0.001056 0.8849 0.111954 0.0031449
0.001057 0.884938 0.111966 0.00309572
0.001058 0.884976 0.111977 0.00304639
0.001059 0.885014 0.111988 0.00299696
0.00106 0.885052 0.112 0.0029475
0.001061 0.88509 0.112011 0.00289805
0.001062 0.885129 0.112021 0.00284866
0.001063 0.885168 0.112032 0.0027994
0.001064 0.885206 0.112042 0.00275031
0.001065 0.885245 0.112052 0.00270145
0.001066 0.885284 0.112062 0.00265285
0.001067 0.885322 0.112072 0.00260458
0.001068 0.88536 0.112082 0.00255669
0.001069 0.885398 0.112091 0.0025092
0.00107 0.885436 0.112101 0.00246218
0.001071 0.885474 0.11211 0.00241567
0.001072 0.885511 0.112119 0.0023697
0.001073 0.885547 0.112127 0.00232432
0.001074 0.885584 0.112136 0.00227957
0.001075 0.885619 0.112144 0.00223548
0.001076 0.885655 0.112152 0.00219209
0.001077 0.885689 0.11216 0.00214943
0.001078 0.885723 0.112168 0.00210754
0.001079 0.885757 0.112176 0.00206644
0.00108 0.88579 0.112183 0.00202617
0.001081 0.885822 0.11219 0.00198674
0.001082 0.885853 0.112197 0.0019482
0.001083 0.885884 0.112204 0.00191055
0.001084 0.885914 0.112211 0.00187381
0.001085 0.885943 0.112218 0.00183802
0.001086 0.885972 0.112224 0.00180318
0.001087 0.885999 0.11223 0.00176931
0.001088 0.886026 0.112237 0.00173642
0.001089 0.886052 0.112243 0.00170453
0.00109 0.886077 0.112248 0.00167364
0.001091 0.886101 0.112254 0.00164376
0.001092 0.886125 0.11226 0.0016149
0.001093 0.886147 0.112265 0.00158706
0.001094 0.886169 0.11227 0.00156024
0.001095 0.886189 0.112275 0.00153444
0.001096 0.886209 0.11228 0.00150966
0.001097 0.886228 0.112285 0.0014859
0.001098 0.886246 0.11229 0.00146315
0.001099 0.886263 0.112294 0.00144141
0.0011 0.88628 0.112299 0.00142066
