# x psi_r psi_i psi2 
 0.000000e+00 -1.452505e-01  9.291471e-02 2.973085e-02
 1.001001e-03 -1.359900e-01  4.318810e-02 2.035849e-02
 2.002002e-03 -1.159707e-01 -8.147648e-03 1.351559e-02
 3.003003e-03 -8.720530e-02 -5.746408e-02 1.090689e-02
 4.004004e-03 -5.235440e-02 -1.013790e-01 1.301868e-02
 5.005005e-03 -1.449625e-02 -1.369862e-01 1.897536e-02
 6.006006e-03  2.313180e-02 -1.620453e-01 2.679377e-02
 7.007007e-03  5.739930e-02 -1.751187e-01 3.396123e-02
 8.008008e-03  8.553467e-02 -1.756475e-01 3.816823e-02
 9.009009e-03  1.053433e-01 -1.639642e-01 3.798148e-02
 1.001001e-02  1.153751e-01 -1.412411e-01 3.326046e-02
 1.101101e-02  1.150282e-01 -1.093817e-01 2.519584e-02
 1.201201e-02  1.045827e-01 -7.086418e-02 1.595927e-02
 1.301301e-02  8.516133e-02 -2.854969e-02 8.067537e-03
 1.401401e-02  5.862251e-02  1.452999e-02 3.647720e-03
 1.501502e-02  2.739434e-02  5.538918e-02 3.818410e-03
 1.601602e-02 -5.735447e-03  9.129413e-02 8.367514e-03
 1.701702e-02 -3.785647e-02  1.199438e-01 1.581963e-02
 1.801802e-02 -6.617996e-02  1.396135e-01 2.387172e-02
 1.901902e-02 -8.827035e-02  1.492528e-01 3.006805e-02
 2.002002e-02 -1.022454e-01  1.485325e-01 3.251602e-02
 2.102102e-02 -1.069289e-01  1.378398e-01 3.043359e-02
 2.202202e-02 -1.019442e-01  1.182231e-01 2.436933e-02
 2.302302e-02 -8.774080e-02  9.129446e-02 1.603313e-02
 2.402402e-02 -6.555268e-02  5.909611e-02 7.789504e-03
 2.502503e-02 -3.729260e-02  2.394409e-02 1.964057e-03
 2.602603e-02 -5.390472e-03 -1.174001e-02 1.668850e-04
 2.702703e-02  2.740994e-02 -4.559650e-02 2.830345e-03
 2.802803e-02  5.827971e-02 -7.548259e-02 9.094147e-03
 2.902903e-02  8.453994e-02 -9.960481e-02 1.706812e-02
 3.003003e-02  1.038843e-01 -1.166208e-01 2.439235e-02
 3.103103e-02  1.145708e-01 -1.257052e-01 2.892828e-02
 3.203203e-02  1.155681e-01 -1.265776e-01 2.937786e-02
 3.303303e-02  1.066428e-01 -1.194916e-01 2.565093e-02
 3.403403e-02  8.838304e-02 -1.051907e-01 1.887665e-02
 3.503504e-02  6.215496e-02 -8.483335e-02 1.105994e-02
 3.603604e-02  2.999598e-02 -5.989666e-02 4.487369e-03
 3.703704e-02 -5.546151e-03 -3.206573e-02 1.058971e-03
 3.803804e-02 -4.161588e-02 -3.117345e-03 1.741599e-03
 3.903904e-02 -7.527780e-02  2.519372e-02 6.301470e-03
 4.004004e-02 -1.037517e-01  5.123847e-02 1.338979e-02
 4.104104e-02 -1.246359e-01  7.360172e-02 2.095133e-02
 4.204204e-02 -1.361020e-01  9.115003e-02 2.683209e-02
 4.304304e-02 -1.370440e-01  1.030772e-01 2.940597e-02
 4.404404e-02 -1.271716e-01  1.089270e-01 2.803771e-02
 4.504505e-02 -1.070402e-01  1.085931e-01 2.325008e-02
 4.604605e-02 -7.801378e-02  1.023012e-01 1.655168e-02
 4.704705e-02 -4.216557e-02  9.057330e-02 9.981458e-03
 4.804805e-02 -2.123161e-03  7.418153e-02 5.507407e-03
 4.904905e-02  3.912984e-02  5.409359e-02 4.457261e-03
 5.005005e-02  7.847982e-02  3.141479e-02 7.145972e-03
 5.105105e-02  1.129197e-01  7.329920e-03 1.280458e-02
 5.205205e-02  1.397775e-01 -1.695228e-02 1.982513e-02
 5.305305e-02  1.569203e-01 -4.025005e-02 2.624405e-02
 5.405405e-02  1.629169e-01 -6.145384e-02 3.031851e-02
 5.505506e-02  1.571483e-01 -7.956556e-02 3.102626e-02
 5.605606e-02  1.398566e-01 -9.373176e-02 2.834551e-02
 5.705706e-02  1.121308e-01 -1.032714e-01 2.323830e-02
 5.805806e-02  7.582874e-02 -1.076985e-01 1.734896e-02
 5.905906e-02  3.344300e-02 -1.067402e-01 1.251191e-02
 6.006006e-02 -1.207926e-02 -1.003503e-01 1.021609e-02
 6.106106e-02 -5.754918e-02 -8.871718e-02 1.118265e-02
 6.206206e-02 -9.976536e-02 -7.226628e-02 1.517554e-02
 6.306306e-02 -1.357428e-01 -5.165516e-02 2.109435e-02
 6.406406e-02 -1.629243e-01 -2.775994e-02 2.731495e-02
 6.506507e-02 -1.793605e-01 -1.651894e-03 3.217290e-02
 6.606607e-02 -1.838438e-01  2.543706e-02 3.444557e-02
 6.706707e-02 -1.759898e-01  5.216022e-02 3.369309e-02
 6.806807e-02 -1.562592e-01  7.711304e-02 3.036336e-02
 6.906907e-02 -1.259206e-01  9.889975e-02 2.563717e-02
 7.007007e-02 -8.695758e-02  1.162071e-01 2.106570e-02
 7.107107e-02 -4.192748e-02  1.278815e-01 1.811159e-02
 7.207207e-02  6.216720e-03  1.330056e-01 1.772914e-02
 7.307307e-02  5.432892e-02  1.309685e-01 2.010437e-02
 7.407407e-02  9.928201e-02  1.215240e-01 2.462499e-02
 7.507508e-02  1.381747e-01  1.048327e-01 3.008215e-02
 7.607608e-02  1.685193e-01  8.148218e-02 3.503808e-02
 7.707708e-02  1.883980e-01  5.248149e-02 3.824810e-02
 7.807808e-02  1.965786e-01  1.922921e-02 3.901291e-02
 7.907908e-02  1.925823e-01 -1.654660e-02 3.736173e-02
 8.008008e-02  1.767012e-01 -5.287390e-02 3.401896e-02
 8.108108e-02  1.499658e-01 -8.764405e-02 3.017123e-02
 8.208208e-02  1.140665e-01 -1.187353e-01 2.710923e-02
 8.308308e-02  7.123487e-02 -1.441447e-01 2.585211e-02
 8.408408e-02  2.409541e-02 -1.621205e-01 2.686365e-02
 8.508509e-02 -2.450342e-02 -1.712850e-01 2.993896e-02
 8.608609e-02 -7.166635e-02 -1.707395e-01 3.428804e-02
 8.708709e-02 -1.146258e-01 -1.601434e-01 3.878497e-02
 8.808809e-02 -1.509029e-01 -1.397596e-01 4.230442e-02
 8.908909e-02 -1.784463e-01 -1.104627e-01 4.404510e-02
 9.009009e-02 -1.957408e-01 -7.370727e-02 4.374723e-02
 9.109109e-02 -2.018812e-01 -3.145635e-02 4.174551e-02
 9.209209e-02 -1.966086e-01  1.392528e-02 3.884884e-02
 9.309309e-02 -1.803090e-01  5.980826e-02 3.608836e-02
 9.409409e-02 -1.539757e-01  1.034570e-01 3.441188e-02
 9.509510e-02 -1.191397e-01  1.421997e-01 3.441505e-02
 9.609610e-02 -7.777327e-02  1.735982e-01 3.618502e-02
 9.709710e-02 -3.217311e-02  1.956069e-01 3.929715e-02
 9.809810e-02  1.516918e-02  2.067093e-01 4.295883e-02
 9.909910e-02  6.170293e-02  2.060233e-01 4.625286e-02
 1.001001e-01  1.049526e-01  1.933669e-01 4.840580e-02
 1.011011e-01  1.426443e-01  1.692797e-01 4.900303e-02
 1.021021e-01  1.728181e-01  1.349993e-01 4.809091e-02
 1.031031e-01  1.939219e-01  9.239198e-02 4.614199e-02
 1.041041e-01  2.048835e-01  4.384354e-02 4.389949e-02
 1.051051e-01  2.051566e-01 -7.883432e-03 4.215139e-02
 1.061061e-01  1.947423e-01 -5.981648e-02 4.150258e-02
 1.071071e-01  1.741824e-01 -1.089535e-01 4.221036e-02
 1.081081e-01  1.445284e-01 -1.524444e-01 4.412776e-02
 1.091091e-01  1.072865e-01 -1.877632e-01 4.676542e-02
 1.101101e-01  6.434147e-02 -2.128584e-01 4.944852e-02
 1.111111e-01  1.786319e-02 -2.262736e-01 5.151886e-02
 1.121121e-01 -2.979974e-02 -2.272308e-01 5.252185e-02
 1.131131e-01 -7.623513e-02 -2.156704e-01 5.232553e-02
 1.141141e-01 -1.190855e-01 -1.922489e-01 5.114100e-02
 1.151151e-01 -1.561644e-01 -1.582921e-01 4.944371e-02
 1.161161e-01 -1.855654e-01 -1.157103e-01 4.782337e-02
 1.171171e-01 -2.057581e-01 -6.687975e-02 4.680930e-02
 1.181181e-01 -2.156675e-01 -1.449994e-02 4.672273e-02
 1.191191e-01 -2.147309e-01  3.856540e-02 4.759665e-02
 1.201201e-01 -2.029306e-01  8.945243e-02 4.918258e-02
 1.211211e-01 -1.807996e-01  1.354572e-01 5.103713e-02
 1.221221e-01 -1.493989e-01  1.741820e-01 5.265940e-02
 1.231231e-01 -1.102684e-01  2.036602e-01 5.363660e-02
 1.241241e-01 -6.535157e-02  2.224529e-01 5.375613e-02
 1.251251e-01 -1.689834e-02  2.297136e-01 5.305387e-02
 1.261261e-01  3.264887e-02  2.252174e-01 5.178885e-02
 1.271271e-01  8.078105e-02  2.093569e-01 5.035588e-02
 1.281281e-01  1.250531e-01  1.831031e-01 4.916501e-02
 1.291291e-01  1.632121e-01  1.479388e-01 4.852409e-02
 1.301301e-01  1.933164e-01  1.057669e-01 4.855788e-02
 1.311311e-01  2.138383e-01  5.880033e-02 4.918428e-02
 1.321321e-01  2.237450e-01  9.440480e-03 5.015096e-02
 1.331331e-01  2.225532e-01 -3.984863e-02 5.111782e-02
 1.341341e-01  2.103526e-01 -8.666484e-02 5.175903e-02
 1.351351e-01  1.878000e-01 -1.287840e-01 5.185416e-02
 1.361361e-01  1.560804e-01 -1.642626e-01 5.134331e-02
 1.371371e-01  1.168408e-01 -1.915234e-01 5.033300e-02
 1.381381e-01  7.209898e-02 -2.094190e-01 4.905459e-02
 1.391391e-01  2.413238e-02 -2.172737e-01 4.779023e-02
 1.401401e-01 -2.464505e-02 -2.149009e-01 4.678978e-02
 1.411411e-01 -7.181213e-02 -2.025977e-01 4.620279e-02
 1.421421e-01 -1.150676e-01 -1.811166e-01 4.604376e-02
 1.431431e-01 -1.523483e-01 -1.516182e-01 4.619808e-02
 1.441441e-01 -1.819316e-01 -1.156062e-01 4.646392e-02
 1.451451e-01 -2.025173e-01 -7.484928e-02 4.661566e-02
 1.461461e-01 -2.132834e-01 -3.129287e-02 4.646906e-02
 1.471471e-01 -2.139159e-01  1.303373e-02 4.592991e-02
 1.481481e-01 -2.046093e-01  5.611216e-02 4.501353e-02
 1.491491e-01 -1.860401e-01  9.602651e-02 4.383201e-02
 1.501502e-01 -1.593164e-01  1.310480e-01 4.255529e-02
 1.511512e-01 -1.259059e-01  1.597091e-01 4.135928e-02
 1.521522e-01 -8.754856e-02  1.808639e-01 4.037652e-02
 1.531532e-01 -4.615900e-02  1.937330e-01 3.966313e-02
 1.541542e-01 -3.724174e-03  1.979294e-01 3.918993e-02
 1.551552e-01  3.779721e-02  1.934670e-01 3.885810e-02
 1.561562e-01  7.656876e-02  1.807491e-01 3.853300e-02
 1.571572e-01  1.109591e-01  1.605397e-01 3.808489e-02
 1.581582e-01  1.396094e-01  1.339181e-01 3.742485e-02
 1.591592e-01  1.614837e-01  1.022201e-01 3.652593e-02
 1.601602e-01  1.758999e-01  6.696744e-02 3.542540e-02
 1.611612e-01  1.825414e-01  2.979183e-02 3.420891e-02
 1.621622e-01  1.814508e-01 -7.645377e-03 3.298284e-02
 1.631632e-01  1.730061e-01 -4.373168e-02 3.184358e-02
 1.641642e-01  1.578834e-01 -7.697703e-02 3.085264e-02
 1.651652e-01  1.370073e-01 -1.060786e-01 3.002368e-02
 1.661662e-01  1.114943e-01 -1.299738e-01 2.932415e-02
 1.671672e-01  8.259050e-02 -1.478786e-01 2.868926e-02
 1.681682e-01  5.160927e-02 -1.593108e-01 2.804346e-02
 1.691692e-01  1.986939e-02 -1.640965e-01 2.732245e-02
 1.701702e-01 -1.136144e-02 -1.623604e-01 2.648997e-02
 1.711712e-01 -4.091669e-02 -1.545020e-01 2.554504e-02
 1.721722e-01 -6.777253e-02 -1.411590e-01 2.451898e-02
 1.731732e-01 -9.107979e-02 -1.231609e-01 2.346414e-02
 1.741742e-01 -1.101856e-01 -1.014760e-01 2.243823e-02
 1.751752e-01 -1.246445e-01 -7.715508e-02 2.148915e-02
 1.761762e-01 -1.342199e-01 -5.127582e-02 2.064418e-02
 1.771772e-01 -1.388758e-01 -2.489007e-02 1.990601e-02
 1.781782e-01 -1.387608e-01  1.022306e-03 1.925561e-02
 1.791792e-01 -1.341850e-01  2.559134e-02 1.866052e-02
 1.801802e-01 -1.255919e-01  4.808493e-02 1.808549e-02
 1.811812e-01 -1.135276e-01  6.792624e-02 1.750248e-02
 1.821822e-01 -9.860704e-02  8.470036e-02 1.689750e-02
 1.831832e-01 -8.148207e-02  9.815123e-02 1.627299e-02
 1.841842e-01 -6.281016e-02  1.081698e-01 1.564581e-02
 1.851852e-01 -4.322710e-02  1.147752e-01 1.504192e-02
 1.861862e-01 -2.332405e-02  1.180916e-01 1.448964e-02
 1.871872e-01 -3.630128e-03  1.183222e-01 1.401331e-02
 1.881882e-01  1.539906e-02  1.157223e-01 1.362879e-02
 1.891892e-01  3.338664e-02  1.105754e-01 1.334158e-02
 1.901902e-01  5.003384e-02  1.031707e-01 1.314759e-02
 1.911912e-01  6.511401e-02  9.378716e-02 1.303587e-02
 1.921922e-01  7.846239e-02  8.268115e-02 1.299252e-02
 1.931932e-01  8.996270e-02  7.008132e-02 1.300468e-02
 1.941942e-01  9.953220e-02  5.618822e-02 1.306377e-02
 1.951952e-01  1.071066e-01  4.117930e-02 1.316755e-02
 1.961962e-01  1.126262e-01  2.521809e-02 1.332061e-02
 1.971972e-01  1.160253e-01  8.466186e-03 1.353355e-02
 1.981982e-01  1.172251e-01 -8.902977e-03 1.382099e-02
 1.991992e-01  1.161315e-01 -2.669036e-02 1.419889e-02
 2.002002e-01  1.126381e-01 -4.465875e-02 1.468175e-02
 2.012012e-01  1.066348e-01 -6.252275e-02 1.528008e-02
 2.022022e-01  9.802037e-02 -7.994256e-02 1.599881e-02
 2.032032e-01  8.671953e-02 -9.652222e-02 1.683682e-02
 2.042042e-01  7.270233e-02 -1.118132e-01 1.778781e-02
 2.052052e-01  5.600470e-02 -1.253230e-01 1.884237e-02
 2.062062e-01  3.674828e-02 -1.365297e-01 1.999081e-02
 2.072072e-01  1.515783e-02 -1.449011e-01 2.122608e-02
 2.082082e-01 -8.425510e-03 -1.499174e-01 2.254622e-02
 2.092092e-01 -3.353667e-02 -1.510986e-01 2.395549e-02
 2.102102e-01 -5.958593e-02 -1.480320e-01 2.546397e-02
 2.112112e-01 -8.586598e-02 -1.404018e-01 2.708564e-02
 2.122122e-01 -1.115670e-01 -1.280161e-01 2.883532e-02
 2.132132e-01 -1.357996e-01 -1.108323e-01 3.072533e-02
 2.142142e-01 -1.576252e-01 -8.897746e-02 3.276270e-02
 2.152152e-01 -1.760923e-01 -6.276335e-02 3.494774e-02
 2.162162e-01 -1.902773e-01 -3.269379e-02 3.727435e-02
 2.172172e-01 -1.993285e-01  5.357141e-04 3.973212e-02
 2.182182e-01 -2.025097e-01  3.604748e-02 4.230959e-02
 2.192192e-01 -1.992432e-01  7.280022e-02 4.499771e-02
 2.202202e-01 -1.891480e-01  1.096167e-01 4.779279e-02
 2.212212e-01 -1.720724e-01  1.452200e-01 5.069775e-02
 2.222222e-01 -1.481182e-01  1.782768e-01 5.372162e-02
 2.232232e-01 -1.176558e-01  2.074472e-01 5.687723e-02
 2.242242e-01 -8.132797e-02  2.314380e-01 6.017777e-02
 2.252252e-01 -4.004281e-02  2.490581e-01 6.363336e-02
 2.262262e-01  5.045780e-03  2.592737e-01 6.724829e-02
 2.272272e-01  5.256844e-02  2.612597e-01 7.102005e-02
 2.282282e-01  1.009815e-01  2.544462e-01 7.494014e-02
 2.292292e-01  1.486175e-01  2.385569e-01 7.899659e-02
 2.302302e-01  1.937432e-01  2.136373e-01 8.317733e-02
 2.312312e-01  2.346230e-01  1.800709e-01 8.747350e-02
 2.322322e-01  2.695855e-01  1.385833e-01 9.188168e-02
 2.332332e-01  2.970907e-01  9.023125e-02 9.640455e-02
 2.342342e-01  3.157946e-01  3.637864e-02 1.010496e-01
 2.352352e-01  3.246095e-01 -2.134122e-02 1.058268e-01
 2.362362e-01  3.227562e-01 -8.107576e-02 1.107448e-01
 2.372372e-01  3.098067e-01 -1.408140e-01 1.158087e-01
 2.382382e-01  2.857151e-01 -1.984557e-01 1.210178e-01
 2.392392e-01  2.508352e-01 -2.518872e-01 1.263654e-01
 2.402402e-01  2.059226e-01 -2.990596e-01 1.318408e-01
 2.412412e-01  1.521230e-01 -3.380676e-01 1.374311e-01
 2.422422e-01  9.094415e-02 -3.672251e-01 1.431251e-01
 2.432432e-01  2.421382e-02 -3.851347e-01 1.489151e-01
 2.442442e-01 -4.597585e-02 -3.907488e-01 1.547984e-01
 2.452452e-01 -1.173355e-01 -3.834183e-01 1.607772e-01
 2.462462e-01 -1.874553e-01 -3.629290e-01 1.668570e-01
 2.472472e-01 -2.538877e-01 -3.295218e-01 1.730436e-01
 2.482482e-01 -3.142350e-01 -2.838972e-01 1.793413e-01
 2.492492e-01 -3.662362e-01 -2.272031e-01 1.857502e-01
 2.502503e-01 -4.078517e-01 -1.610057e-01 1.922659e-01
 2.512513e-01 -4.373420e-01 -8.724531e-02 1.988798e-01
 2.522523e-01 -4.533364e-01 -8.177112e-03 2.055808e-01
 2.532533e-01 -4.548913e-01  7.370022e-02 2.123578e-01
 2.542543e-01 -4.415325e-01  1.557260e-01 2.192015e-01
 2.552553e-01 -4.132834e-01  2.351664e-01 2.261064e-01
 2.562563e-01 -3.706742e-01  3.093074e-01 2.330704e-01
 2.572573e-01 -3.147347e-01  3.755488e-01 2.400948e-01
 2.582583e-01 -2.469684e-01  4.314959e-01 2.471821e-01
 2.592593e-01 -1.693098e-01  4.750453e-01 2.543338e-01
 2.602603e-01 -8.406645e-02  5.044622e-01 2.615493e-01
 2.612613e-01  6.153244e-03  5.184459e-01 2.688240e-01
 2.622623e-01  9.852337e-02  5.161814e-01 2.761500e-01
 2.632633e-01  1.900923e-01  4.973746e-01 2.835166e-01
 2.642643e-01  2.778798e-01  4.622711e-01 2.909117e-01
 2.652653e-01  3.589761e-01  4.116555e-01 2.983241e-01
 2.662663e-01  4.306402e-01  3.468335e-01 3.057444e-01
 2.672673e-01  4.903918e-01  2.695955e-01 3.131659e-01
 2.682683e-01  5.360976e-01  1.821640e-01 3.205843e-01
 2.692693e-01  5.660443e-01  8.712536e-02 3.279969e-01
 2.702703e-01  5.790003e-01 -1.265043e-02 3.354013e-01
 2.712713e-01  5.742603e-01 -1.141005e-01 3.427939e-01
 2.722723e-01  5.516742e-01 -2.140666e-01 3.501689e-01
 2.732733e-01  5.116565e-01 -3.093967e-01 3.575187e-01
 2.742743e-01  4.551786e-01 -3.970463e-01 3.648333e-01
 2.752753e-01  3.837423e-01 -4.741774e-01 3.721023e-01
 2.762763e-01  2.993361e-01 -5.382504e-01 3.793157e-01
 2.772773e-01  2.043756e-01 -5.871077e-01 3.864648e-01
 2.782783e-01  1.016296e-01 -6.190436e-01 3.935436e-01
 2.792793e-01 -5.864195e-03 -6.328618e-01 4.005484e-01
 2.802803e-01 -1.148939e-01 -6.279148e-01 4.074776e-01
 2.812813e-01 -2.221726e-01 -6.041274e-01 4.143305e-01
 2.822823e-01 -3.244404e-01 -5.620012e-01 4.211069e-01
 2.832833e-01 -4.185659e-01 -5.026013e-01 4.278055e-01
 2.842843e-01 -5.016432e-01 -4.275253e-01 4.344239e-01
 2.852853e-01 -5.710825e-01 -3.388556e-01 4.409583e-01
 2.862863e-01 -6.246896e-01 -2.390965e-01 4.474042e-01
 2.872873e-01 -6.607342e-01 -1.310990e-01 4.537567e-01
 2.882883e-01 -6.780029e-01 -1.797452e-02 4.600110e-01
 2.892893e-01 -6.758362e-01  9.699905e-02 4.661634e-01
 2.902903e-01 -6.541490e-01  2.104759e-01 4.722110e-01
 2.912913e-01 -6.134326e-01  3.191427e-01 4.781516e-01
 2.922923e-01 -5.547398e-01  4.198173e-01 4.839828e-01
 2.932933e-01 -4.796527e-01  5.095439e-01 4.897017e-01
 2.942943e-01 -3.902352e-01  5.856794e-01 4.953039e-01
 2.952953e-01 -2.889708e-01  6.459714e-01 5.007832e-01
 2.962963e-01 -1.786884e-01  6.886232e-01 5.061315e-01
 2.972973e-01 -6.247894e-02  7.123452e-01 5.113393e-01
 2.982983e-01  5.639617e-02  7.163904e-01 5.163957e-01
 2.992993e-01  1.745999e-01  7.005744e-01 5.212896e-01
 3.003003e-01  2.888167e-01  6.652781e-01 5.260100e-01
 3.013013e-01  3.958472e-01  6.114341e-01 5.305466e-01
 3.023023e-01  4.926998e-01  5.404969e-01 5.348900e-01
 3.033033e-01  5.766746e-01  4.543986e-01 5.390317e-01
 3.043043e-01  6.454382e-01  3.554909e-01 5.429642e-01
 3.053053e-01  6.970871e-01  2.464760e-01 5.466808e-01
 3.063063e-01  7.301987e-01  1.303276e-01 5.501753e-01
 3.073073e-01  7.438673e-01  1.020552e-02 5.534427e-01
 3.083083e-01  7.377255e-01 -1.106337e-01 5.564787e-01
 3.093093e-01  7.119499e-01 -2.289286e-01 5.592810e-01
 3.103103e-01  6.672515e-01 -3.415031e-01 5.618489e-01
 3.113113e-01  6.048511e-01 -4.453530e-01 5.641842e-01
 3.123123e-01  5.264411e-01 -5.377274e-01 5.662911e-01
 3.133133e-01  4.341345e-01 -6.162008e-01 5.681761e-01
 3.143143e-01  3.304028e-01 -6.787357e-01 5.698482e-01
 3.153153e-01  2.180052e-01 -7.237343e-01 5.713176e-01
 3.163163e-01  9.991126e-02 -7.500758e-01 5.725960e-01
 3.173173e-01 -2.078204e-02 -7.571416e-01 5.736952e-01
 3.183183e-01 -1.409342e-01 -7.448253e-01 5.746271e-01
 3.193193e-01 -2.574457e-01 -7.135296e-01 5.754028e-01
 3.203203e-01 -3.673397e-01 -6.641490e-01 5.760324e-01
 3.213213e-01 -4.678388e-01 -5.980395e-01 5.765244e-01
 3.223223e-01 -5.564359e-01 -5.169767e-01 5.768858e-01
 3.233233e-01 -6.309554e-01 -4.231036e-01 5.771213e-01
 3.243243e-01 -6.896056e-01 -3.188694e-01 5.772335e-01
 3.253253e-01 -7.310194e-01 -2.069615e-01 5.772224e-01
 3.263263e-01 -7.542831e-01 -9.023202e-02 5.770849e-01
 3.273273e-01 -7.589530e-01  2.837746e-02 5.768150e-01
 3.283283e-01 -7.450589e-01  1.459132e-01 5.764034e-01
 3.293293e-01 -7.130959e-01  2.594848e-01 5.758382e-01
 3.303303e-01 -6.640042e-01  3.663372e-01 5.751045e-01
 3.313313e-01 -5.991371e-01  4.639182e-01 5.741855e-01
 3.323323e-01 -5.202206e-01  5.499394e-01 5.730628e-01
 3.333333e-01 -4.293026e-01  6.224284e-01 5.717178e-01
 3.343343e-01 -3.286967e-01  6.797725e-01 5.701321e-01
 3.353353e-01 -2.209194e-01  7.207517e-01 5.682884e-01
 3.363363e-01 -1.086244e-01  7.445620e-01 5.661719e-01
 3.373373e-01  5.465904e-03  7.508267e-01 5.637705e-01
 3.383383e-01  1.186278e-01  7.395969e-01 5.610761e-01
 3.393393e-01  2.282033e-01  7.113424e-01 5.580848e-01
 3.403403e-01  3.316630e-01  6.669311e-01 5.547974e-01
 3.413413e-01  4.266645e-01  6.075999e-01 5.512202e-01
 3.423423e-01  5.111051e-01  5.349171e-01 5.473647e-01
 3.433433e-01  5.831668e-01  4.507378e-01 5.432481e-01
 3.443443e-01  6.413536e-01  3.571531e-01 5.388928e-01
 3.453453e-01  6.845193e-01  2.564356e-01 5.343259e-01
 3.463463e-01  7.118876e-01  1.509811e-01 5.295793e-01
 3.473473e-01  7.230610e-01  4.324984e-02 5.246878e-01
 3.483483e-01  7.180217e-01 -6.429290e-02 5.196887e-01
 3.493493e-01  6.971229e-01 -1.692342e-01 5.146205e-01
 3.503504e-01  6.610717e-01 -2.692684e-01 5.095213e-01
 3.513514e-01  6.109042e-01 -3.622476e-01 5.044272e-01
 3.523524e-01  5.479533e-01 -4.462270e-01 4.993714e-01
 3.533534e-01  4.738112e-01 -5.195049e-01 4.943824e-01
 3.543544e-01  3.902860e-01 -5.806546e-01 4.894830e-01
 3.553554e-01  2.993557e-01 -6.285499e-01 4.846889e-01
 3.563564e-01  2.031188e-01 -6.623830e-01 4.800084e-01
 3.573574e-01  1.037439e-01 -6.816735e-01 4.754416e-01
 3.583584e-01  3.419904e-03 -6.862713e-01 4.709799e-01
 3.593594e-01 -9.569384e-02 -6.763499e-01 4.666065e-01
 3.603604e-01 -1.915141e-01 -6.523946e-01 4.622963e-01
 3.613614e-01 -2.820776e-01 -6.151826e-01 4.580173e-01
 3.623624e-01 -3.655808e-01 -5.657577e-01 4.537311e-01
 3.633634e-01 -4.404146e-01 -5.054004e-01 4.493945e-01
 3.643644e-01 -5.051935e-01 -4.355924e-01 4.449612e-01
 3.653654e-01 -5.587795e-01 -3.579795e-01 4.403838e-01
 3.663664e-01 -6.002984e-01 -2.743308e-01 4.356156e-01
 3.673674e-01 -6.291515e-01 -1.864976e-01 4.306130e-01
 3.683684e-01 -6.450193e-01 -9.637065e-02 4.253372e-01
 3.693694e-01 -6.478601e-01 -5.839790e-03 4.197568e-01
 3.703704e-01 -6.379021e-01  8.324660e-02 4.138490e-01
 3.713714e-01 -6.156301e-01  1.691189e-01 4.076016e-01
 3.723724e-01 -5.817673e-01  2.501207e-01 4.010136e-01
 3.733734e-01 -5.372527e-01  3.247400e-01 3.940965e-01
 3.743744e-01 -4.832143e-01  3.916353e-01 3.868742e-01
 3.753754e-01 -4.209399e-01  4.496585e-01 3.793831e-01
 3.763764e-01 -3.518456e-01  4.978712e-01 3.716711e-01
 3.773774e-01 -2.774421e-01  5.355577e-01 3.637962e-01
 3.783784e-01 -1.993011e-01  5.622318e-01 3.558255e-01
 3.793794e-01 -1.190216e-01  5.776384e-01 3.478323e-01
 3.803804e-01 -3.819637e-02  5.817518e-01 3.398942e-01
 3.813814e-01  4.161947e-02  5.747674e-01 3.320898e-01
 3.823824e-01  1.189382e-01  5.570905e-01 3.244962e-01
 3.833834e-01  1.923666e-01  5.293211e-01 3.171857e-01
 3.843844e-01  2.606301e-01  4.922348e-01 3.102231e-01
 3.853854e-01  3.225937e-01  4.467618e-01 3.036628e-01
 3.863864e-01  3.772788e-01  3.939629e-01 2.975460e-01
 3.873874e-01  4.238768e-01  3.350044e-01 2.918995e-01
 3.883884e-01  4.617584e-01  2.711316e-01 2.867332e-01
 3.893894e-01  4.904791e-01  2.036420e-01 2.820398e-01
 3.903904e-01  5.097805e-01  1.338588e-01 2.777943e-01
 3.913914e-01  5.195887e-01  6.310450e-02 2.739546e-01
 3.923924e-01  5.200083e-01 -7.323674e-03 2.704623e-01
 3.933934e-01  5.113136e-01 -7.617748e-02 2.672446e-01
 3.943944e-01  4.939372e-01 -1.422789e-01 2.642172e-01
 3.953954e-01  4.684551e-01 -2.045394e-01 2.612866e-01
 3.963964e-01  4.355711e-01 -2.619765e-01 2.583539e-01
 3.973974e-01  3.960981e-01 -3.137275e-01 2.553187e-01
 3.983984e-01  3.509391e-01 -3.590607e-01 2.520828e-01
 3.993994e-01  3.010666e-01 -3.973834e-01 2.485547e-01
 4.004004e-01  2.475028e-01 -4.282467e-01 2.446528e-01
 4.014014e-01  1.912981e-01 -4.513479e-01 2.403098e-01
 4.024024e-01  1.335115e-01 -4.665299e-01 2.354755e-01
 4.034034e-01  7.519123e-02 -4.737780e-01 2.301193e-01
 4.044044e-01  1.735599e-02 -4.732137e-01 2.242324e-01
 4.054054e-01 -3.902165e-02 -4.650873e-01 2.178289e-01
 4.064064e-01 -9.303056e-02 -4.497678e-01 2.109457e-01
 4.074074e-01 -1.438347e-01 -4.277312e-01 2.036424e-01
 4.084084e-01 -1.906846e-01 -3.995479e-01 1.959991e-01
 4.094094e-01 -2.329266e-01 -3.658682e-01 1.881144e-01
 4.104104e-01 -2.700103e-01 -3.274083e-01 1.801017e-01
 4.114114e-01 -3.014936e-01 -2.849344e-01 1.720860e-01
 4.124124e-01 -3.270457e-01 -2.392479e-01 1.641984e-01
 4.134134e-01 -3.464477e-01 -1.911701e-01 1.565721e-01
 4.144144e-01 -3.595920e-01 -1.415276e-01 1.493364e-01
 4.154154e-01 -3.664785e-01 -9.113781e-02 1.426126e-01
 4.164164e-01 -3.672108e-01 -4.079640e-02 1.365081e-01
 4.174174e-01 -3.619892e-01  8.735306e-03 1.311125e-01
 4.184184e-01 -3.511034e-01  5.674111e-02 1.264931e-01
 4.194194e-01 -3.349238e-01  1.025595e-01 1.226924e-01
 4.204204e-01 -3.138920e-01  1.455918e-01 1.197252e-01
 4.214214e-01 -2.885099e-01  1.853089e-01 1.175774e-01
 4.224224e-01 -2.593295e-01  2.212563e-01 1.162061e-01
 4.234234e-01 -2.269412e-01  2.530576e-01 1.155405e-01
 4.244244e-01 -1.919632e-01  2.804170e-01 1.154835e-01
 4.254254e-01 -1.550298e-01  3.031194e-01 1.159156e-01
 4.264264e-01 -1.167810e-01  3.210303e-01 1.166983e-01
 4.274274e-01 -7.785233e-02  3.340931e-01 1.176792e-01
 4.284284e-01 -3.886455e-02  3.423266e-01 1.186979e-01
 4.294294e-01 -4.153054e-04  3.458201e-01 1.195917e-01
 4.304304e-01  3.692949e-02  3.447287e-01 1.202017e-01
 4.314314e-01  7.264251e-02  3.392675e-01 1.203794e-01
 4.324324e-01  1.062416e-01  3.297043e-01 1.199922e-01
 4.334334e-01  1.372948e-01  3.163534e-01 1.189293e-01
 4.344344e-01  1.654246e-01  2.995676e-01 1.171060e-01
 4.354354e-01  1.903109e-01  2.797310e-01 1.144677e-01
 4.364364e-01  2.116935e-01  2.572513e-01 1.109923e-01
 4.374374e-01  2.293727e-01  2.325518e-01 1.066922e-01
 4.384384e-01  2.432097e-01  2.060649e-01 1.016137e-01
 4.394394e-01  2.531259e-01  1.782241e-01 9.583658e-02
 4.404404e-01  2.591012e-01  1.494579e-01 8.947111e-02
 4.414414e-01  2.611712e-01  1.201835e-01 8.265449e-02
 4.424424e-01  2.594250e-01  9.080105e-02 7.554617e-02
 4.434434e-01  2.540007e-01  6.168865e-02 6.832185e-02
 4.444444e-01  2.450819e-01  3.319809e-02 6.116724e-02
 4.454454e-01  2.328925e-01  5.651069e-03 5.427086e-02
 4.464464e-01  2.176927e-01 -2.066376e-02 4.781709e-02
 4.474474e-01  1.997728e-01 -4.549309e-02 4.197879e-02
 4.484484e-01  1.794491e-01 -6.862050e-02 3.691077e-02
 4.494494e-01  1.570578e-01 -8.986740e-02 3.274330e-02
 4.504505e-01  1.329501e-01 -1.090932e-01 2.957705e-02
 4.514515e-01  1.074868e-01 -1.261950e-01 2.747860e-02
 4.524525e-01  8.103387e-02 -1.411066e-01 2.647756e-02
 4.534535e-01  5.395673e-02 -1.537971e-01 2.656487e-02
 4.544545e-01  2.661674e-02 -1.642687e-01 2.769265e-02
 4.554555e-01 -6.338925e-04 -1.725547e-01 2.977552e-02
 4.564565e-01 -2.745515e-02 -1.787165e-01 3.269338e-02
 4.574575e-01 -5.352358e-02 -1.828409e-01 3.629556e-02
 4.584585e-01 -7.853441e-02 -1.850365e-01 4.040615e-02
 4.594595e-01 -1.022053e-01 -1.854306e-01 4.483044e-02
 4.604605e-01 -1.242776e-01 -1.841658e-01 4.936197e-02
 4.614615e-01 -1.445193e-01 -1.813963e-01 5.379043e-02
 4.624625e-01 -1.627252e-01 -1.772844e-01 5.790927e-02
 4.634635e-01 -1.787199e-01 -1.719975e-01 6.152393e-02
 4.644645e-01 -1.923562e-01 -1.657042e-01 6.445880e-02
 4.654655e-01 -2.035180e-01 -1.585719e-01 6.656459e-02
 4.664665e-01 -2.121178e-01 -1.507632e-01 6.772352e-02
 4.674675e-01 -2.180991e-01 -1.424341e-01 6.785470e-02
 4.684685e-01 -2.214334e-01 -1.337308e-01 6.691668e-02
 4.694695e-01 -2.221217e-01 -1.247882e-01 6.491014e-02
 4.704705e-01 -2.201912e-01 -1.157281e-01 6.187717e-02
 4.714715e-01 -2.156968e-01 -1.066576e-01 5.790097e-02
 4.724725e-01 -2.087170e-01 -9.766809e-02 5.310183e-02
 4.734735e-01 -1.993550e-01 -8.883486e-02 4.763403e-02
 4.744745e-01 -1.877344e-01 -8.021641e-02 4.167886e-02
 4.754755e-01 -1.740009e-01 -7.185447e-02 3.543938e-02
 4.764765e-01 -1.583164e-01 -6.377452e-02 2.913128e-02
 4.774775e-01 -1.408622e-01 -5.598605e-02 2.297659e-02
 4.784785e-01 -1.218307e-01 -4.848397e-02 1.719342e-02
 4.794795e-01 -1.014319e-01 -4.124907e-02 1.198993e-02
 4.804805e-01 -7.988094e-02 -3.425047e-02 7.554060e-03
 4.814815e-01 -5.740993e-02 -2.744574e-02 4.049169e-03
 4.824825e-01 -3.424624e-02 -2.078501e-02 1.604821e-03
 4.834835e-01 -1.064328e-02 -1.420926e-02 3.151826e-04
 4.844845e-01  1.318758e-02 -7.659174e-03 2.325752e-04
 4.854855e-01  3.678562e-02 -1.058167e-03 1.354301e-03
 4.864865e-01  5.835337e-02  5.662118e-03 3.437175e-03
 4.874875e-01  7.648784e-02  1.226710e-02 6.000871e-03
 4.884885e-01  9.010904e-02  1.846680e-02 8.460661e-03
 4.894895e-01  9.837107e-02  2.398359e-02 1.025208e-02
 4.904905e-01  1.007611e-01  2.855152e-02 1.096799e-02
 4.914915e-01  9.710435e-02  3.193330e-02 1.044899e-02
 4.924925e-01  8.759387e-02  3.392941e-02 8.823891e-03
 4.934935e-01  7.276717e-02  3.439129e-02 6.477822e-03
 4.944945e-01  5.348669e-02  3.323101e-02 3.965126e-03
 4.954955e-01  3.088075e-02  3.043053e-02 1.879638e-03
 4.964965e-01  6.286159e-03  2.604793e-02 7.180103e-04
 4.974975e-01 -1.883800e-02  2.022042e-02 7.637360e-04
 4.984985e-01 -4.298888e-02  1.316416e-02 2.021339e-03
 4.994995e-01 -6.471646e-02  5.168801e-03 4.214937e-03
 5.005005e-01 -8.270242e-02 -3.410790e-03 6.851324e-03
 5.015015e-01 -9.584731e-02 -1.216915e-02 9.334795e-03
 5.025025e-01 -1.033288e-01 -2.066645e-02 1.110393e-02
 5.035035e-01 -1.046615e-01 -2.845097e-02 1.176349e-02
 5.045045e-01 -9.971831e-02 -3.508063e-02 1.117439e-02
 5.055055e-01 -8.875158e-02 -4.014985e-02 9.488853e-03
 5.065065e-01 -7.236791e-02 -4.331157e-02 7.113007e-03
 5.075075e-01 -5.151028e-02 -4.430355e-02 4.616113e-03
 5.085085e-01 -2.738591e-02 -4.296447e-02 2.595933e-03
 5.095095e-01 -1.419479e-03 -3.925447e-02 1.542929e-03
 5.105105e-01  2.485865e-02 -3.325860e-02 1.724087e-03
 5.115115e-01  4.986490e-02 -2.519827e-02 3.121461e-03
 5.125125e-01  7.210792e-02 -1.541498e-02 5.437173e-03
 5.135135e-01  9.020236e-02 -4.375748e-03 8.155614e-03
 5.145145e-01  1.030757e-01  7.375821e-03 1.067900e-02
 5.155155e-01  1.097919e-01  1.918692e-02 1.242239e-02
 5.165165e-01  1.105867e-01  3.058158e-02 1.316465e-02
 5.175175e-01  1.096295e-01  4.214463e-02 1.379480e-02
 5.185185e-01  1.075583e-01  5.389480e-02 1.447344e-02
 5.195195e-01  1.042088e-01  6.568854e-02 1.517445e-02
 5.205205e-01  9.959407e-02  7.740746e-02 1.591089e-02
 5.215215e-01  9.366212e-02  8.890940e-02 1.667747e-02
 5.225225e-01  8.642042e-02  1.000554e-01 1.747957e-02
 5.235235e-01  7.786140e-02  1.106950e-01 1.831578e-02
 5.245245e-01  6.801496e-02  1.206788e-01 1.918941e-02
 5.255255e-01  5.691192e-02  1.298520e-01 2.010050e-02
 5.265265e-01  4.461321e-02  1.380623e-01 2.105153e-02
 5.275275e-01  3.118802e-02  1.451572e-01 2.204330e-02
 5.285285e-01  1.673225e-02  1.509898e-01 2.307790e-02
 5.295295e-01  1.353622e-03  1.554180e-01 2.415659e-02
 5.305305e-01 -1.481581e-02  1.583091e-01 2.528129e-02
 5.315315e-01 -3.163084e-02  1.595402e-01 2.645358e-02
 5.325325e-01 -4.892449e-02  1.590022e-01 2.767531e-02
 5.335335e-01 -6.651705e-02  1.566008e-01 2.894833e-02
 5.345345e-01 -8.421025e-02  1.522599e-01 3.027446e-02
 5.355355e-01 -1.017951e-01  1.459230e-01 3.165577e-02
 5.365365e-01 -1.190483e-01  1.375559e-01 3.309412e-02
 5.375375e-01 -1.357391e-01  1.271482e-01 3.459177e-02
 5.385385e-01 -1.516276e-01  1.147158e-01 3.615065e-02
 5.395395e-01 -1.664717e-01  1.003013e-01 3.777317e-02
 5.405405e-01 -1.800258e-01  8.397655e-02 3.946136e-02
 5.415415e-01 -1.920483e-01  6.584269e-02 4.121780e-02
 5.425425e-01 -2.023011e-01  4.603127e-02 4.304461e-02
 5.435435e-01 -2.105570e-01  2.470400e-02 4.494452e-02
 5.445445e-01 -2.166001e-01  2.053023e-03 4.691981e-02
 5.455455e-01 -2.202326e-01 -2.170024e-02 4.897331e-02
 5.465465e-01 -2.212764e-01 -4.630580e-02 5.110745e-02
 5.475475e-01 -2.195787e-01 -7.148722e-02 5.332522e-02
 5.485485e-01 -2.150144e-01 -9.694335e-02 5.562919e-02
 5.495495e-01 -2.074912e-01 -1.223514e-01 5.802246e-02
 5.505506e-01 -1.969515e-01 -1.473700e-01 6.050781e-02
 5.515516e-01 -1.833772e-01 -1.716428e-01 6.308844e-02
 5.525526e-01 -1.667907e-01 -1.948029e-01 6.576731e-02
 5.535536e-01 -1.472591e-01 -2.164775e-01 6.854776e-02
 5.545546e-01 -1.248942e-01 -2.362929e-01 7.143291e-02
 5.555556e-01 -9.985569e-02 -2.538801e-01 7.442625e-02
 5.565566e-01 -7.234997e-02 -2.688802e-01 7.753109e-02
 5.575576e-01 -4.263168e-02 -2.809512e-01 8.075102e-02
 5.585586e-01 -1.100160e-02 -2.897733e-01 8.408958e-02
 5.595596e-01  2.219373e-02 -2.950558e-01 8.755046e-02
 5.605606e-01  5.656553e-02 -2.965430e-01 9.113741e-02
 5.615616e-01  9.168493e-02 -2.940206e-01 9.485426e-02
 5.625626e-01  1.270881e-01 -2.873213e-01 9.870494e-02
 5.635636e-01  1.622801e-01 -2.763306e-01 1.026934e-01
 5.645646e-01  1.967417e-01 -2.609914e-01 1.068238e-01
 5.655656e-01  2.299351e-01 -2.413091e-01 1.111002e-01
 5.665666e-01  2.613117e-01 -2.173550e-01 1.155270e-01
 5.675676e-01  2.903195e-01 -1.892694e-01 1.201084e-01
 5.685686e-01  3.164127e-01 -1.572635e-01 1.248488e-01
 5.695696e-01  3.390593e-01 -1.216204e-01 1.297527e-01
 5.705706e-01  3.577518e-01 -8.269512e-02 1.348248e-01
 5.715716e-01  3.720158e-01 -4.091321e-02 1.400696e-01
 5.725726e-01  3.814204e-01  3.231909e-03 1.454920e-01
 5.735736e-01  3.855874e-01  4.918276e-02 1.510966e-01
 5.745746e-01  3.842009e-01  9.632311e-02 1.568885e-01
 5.755756e-01  3.770158e-01  1.439845e-01 1.628724e-01
 5.765766e-01  3.638667e-01  1.914542e-01 1.690537e-01
 5.775776e-01  3.446747e-01  2.379842e-01 1.754372e-01
 5.785786e-01  3.194546e-01  2.828020e-01 1.820282e-01
 5.795796e-01  2.883193e-01  3.251215e-01 1.888320e-01
 5.805806e-01  2.514845e-01  3.641558e-01 1.958539e-01
 5.815816e-01  2.092703e-01  3.991305e-01 2.030993e-01
 5.825826e-01  1.621028e-01  4.292974e-01 2.105736e-01
 5.835836e-01  1.105119e-01  4.539487e-01 2.182823e-01
 5.845846e-01  5.512914e-02  4.724319e-01 2.262312e-01
 5.855856e-01 -3.318018e-03  4.841638e-01 2.344256e-01
 5.865866e-01 -6.401277e-02  4.886449e-01 2.428715e-01
 5.875876e-01 -1.260586e-01  4.854726e-01 2.515744e-01
 5.885886e-01 -1.884899e-01  4.743541e-01 2.605402e-01
 5.895896e-01 -2.502856e-01  4.551175e-01 2.697748e-01
 5.905906e-01 -3.103836e-01  4.277217e-01 2.792839e-01
 5.915916e-01 -3.676980e-01  3.922648e-01 2.890735e-01
 5.925926e-01 -4.211363e-01  3.489895e-01 2.991495e-01
 5.935936e-01 -4.696195e-01  2.982875e-01 3.095179e-01
 5.945946e-01 -5.121016e-01  2.407001e-01 3.201846e-01
 5.955956e-01 -5.475912e-01  1.769170e-01 3.311557e-01
 5.965966e-01 -5.751717e-01  1.077717e-01 3.424372e-01
 5.975976e-01 -5.940228e-01  3.423441e-02 3.540351e-01
 5.985986e-01 -6.034408e-01 -4.259900e-02 3.659555e-01
 5.995996e-01 -6.028576e-01 -1.215199e-01 3.782043e-01
 6.006006e-01 -5.918587e-01 -2.012234e-01 3.907876e-01
 6.016016e-01 -5.701996e-01 -2.803280e-01 4.037114e-01
 6.026026e-01 -5.378190e-01 -3.573966e-01 4.169816e-01
 6.036036e-01 -4.948498e-01 -4.309617e-01 4.306043e-01
 6.046046e-01 -4.416269e-01 -4.995507e-01 4.445853e-01
 6.056056e-01 -3.786917e-01 -5.617144e-01 4.589305e-01
 6.066066e-01 -3.067922e-01 -6.160554e-01 4.736458e-01
 6.076076e-01 -2.268796e-01 -6.612583e-01 4.887369e-01
 6.086086e-01 -1.401001e-01 -6.961189e-01 5.042096e-01
 6.096096e-01 -4.778342e-02 -7.195737e-01 5.200695e-01
 6.106106e-01  4.857453e-02 -7.307275e-01 5.363222e-01
 6.116116e-01  1.473320e-01 -7.288803e-01 5.529732e-01
 6.126126e-01  2.467265e-01 -7.135502e-01 5.700279e-01
 6.136136e-01  3.449039e-01 -6.844947e-01 5.874916e-01
 6.146146e-01  4.399501e-01 -6.417269e-01 6.053695e-01
 6.156156e-01  5.299269e-01 -5.855289e-01 6.236666e-01
 6.166166e-01  6.129097e-01 -5.164587e-01 6.423880e-01
 6.176176e-01  6.870268e-01 -4.353534e-01 6.615383e-01
 6.186186e-01  7.505000e-01 -3.433251e-01 6.811225e-01
 6.196196e-01  8.016860e-01 -2.417527e-01 7.011448e-01
 6.206206e-01  8.391160e-01 -1.322657e-01 7.216099e-01
 6.216216e-01  8.615347e-01 -1.672370e-02 7.425217e-01
 6.226226e-01  8.679368e-01  1.028117e-01 7.638845e-01
 6.236236e-01  8.575995e-01  2.241096e-01 7.857019e-01
 6.246246e-01  8.301114e-01  3.448084e-01 8.079778e-01
 6.256256e-01  7.853958e-01  4.624594e-01 8.307154e-01
 6.266266e-01  7.237284e-01  5.745739e-01 8.539180e-01
 6.276276e-01  6.457473e-01  6.786744e-01 8.775886e-01
 6.286286e-01  5.524574e-01  7.723476e-01 9.017300e-01
 6.296296e-01  4.452249e-01  8.532992e-01 9.263448e-01
 6.306306e-01  3.257655e-01  9.194085e-01 9.514352e-01
 6.316316e-01  1.961229e-01  9.687823e-01 9.770033e-01
 6.326326e-01  5.863972e-02  9.998061e-01 1.003051e+00
 6.336336e-01 -8.408028e-02  1.011192e+00 1.029579e+00
 6.346346e-01 -2.292169e-01  1.002023e+00 1.056590e+00
 6.356356e-01 -3.737863e-01  9.717859e-01 1.084084e+00
 6.366366e-01 -5.146991e-01  9.204055e-01 1.112061e+00
 6.376376e-01 -6.488247e-01  8.482625e-01 1.140523e+00
 6.386386e-01 -7.730589e-01  7.562062e-01 1.169468e+00
 6.396396e-01 -8.843950e-01  6.455557e-01 1.198897e+00
 6.406406e-01 -9.799949e-01  5.180910e-01 1.228808e+00
 6.416416e-01 -1.057261e+00  3.760323e-01 1.259202e+00
 6.426426e-01 -1.113907e+00  2.220089e-01 1.290076e+00
 6.436436e-01 -1.148018e+00  5.901657e-02 1.321429e+00
 6.446446e-01 -1.158119e+00 -1.096355e-01 1.353259e+00
 6.456456e-01 -1.143217e+00 -2.803877e-01 1.385563e+00
 6.466466e-01 -1.102854e+00 -4.495013e-01 1.418339e+00
 6.476476e-01 -1.037133e+00 -6.131385e-01 1.451583e+00
 6.486486e-01 -9.467398e-01 -7.674471e-01 1.485291e+00
 6.496496e-01 -8.329553e-01 -9.086506e-01 1.519461e+00
 6.506507e-01 -6.976446e-01 -1.033140e+00 1.554086e+00
 6.516517e-01 -5.432391e-01 -1.137565e+00 1.589163e+00
 6.526527e-01 -3.727009e-01 -1.218926e+00 1.624686e+00
 6.536537e-01 -1.894741e-01 -1.274656e+00 1.660649e+00
 6.546547e-01  2.579419e-03 -1.302705e+00 1.697048e+00
 6.556557e-01  1.992554e-01 -1.301604e+00 1.733875e+00
 6.566567e-01  3.960961e-01 -1.270524e+00 1.771123e+00
 6.576577e-01  5.884877e-01 -1.209326e+00 1.808786e+00
 6.586587e-01  7.717677e-01 -1.118584e+00 1.846856e+00
 6.596597e-01  9.413359e-01 -9.996049e-01 1.885323e+00
 6.606607e-01  1.092771e+00 -8.544194e-01 1.924180e+00
 6.616617e-01  1.221945e+00 -6.857618e-01 1.963418e+00
 6.626627e-01  1.325138e+00 -4.970279e-01 2.003027e+00
 6.636637e-01  1.399145e+00 -2.922157e-01 2.042998e+00
 6.646647e-01  1.441377e+00 -7.584721e-02 2.083320e+00
 6.656657e-01  1.449944e+00  1.471255e-01 2.123982e+00
 6.666667e-01  1.423733e+00  3.714292e-01 2.164975e+00
 6.676677e-01  1.362463e+00  5.915918e-01 2.206285e+00
 6.686687e-01  1.266720e+00  8.020738e-01 2.247903e+00
 6.696697e-01  1.137977e+00  9.974077e-01 2.289814e+00
 6.706707e-01  9.785830e-01  1.172340e+00 2.332007e+00
 6.716717e-01  7.917363e-01  1.321976e+00 2.374467e+00
 6.726727e-01  5.814309e-01  1.441915e+00 2.417181e+00
 6.736737e-01  3.523804e-01  1.528386e+00 2.460136e+00
 6.746747e-01  1.099196e-01  1.578364e+00 2.503316e+00
 6.756757e-01 -1.401138e-01  1.589678e+00 2.546707e+00
 6.766767e-01 -3.915155e-01  1.561093e+00 2.590295e+00
 6.776777e-01 -6.378664e-01  1.492378e+00 2.634065e+00
 6.786787e-01 -8.726949e-01  1.384342e+00 2.678000e+00
 6.796797e-01 -1.089648e+00  1.238851e+00 2.722085e+00
 6.806807e-01 -1.282665e+00  1.058808e+00 2.766303e+00
 6.816817e-01 -1.446148e+00  8.481119e-01 2.810637e+00
 6.826827e-01 -1.575130e+00  6.115842e-01 2.855070e+00
 6.836837e-01 -1.665429e+00  3.548675e-01 2.899584e+00
 6.846847e-01 -1.713784e+00  8.429843e-02 2.944161e+00
 6.856857e-01 -1.717975e+00 -1.932430e-01 2.988782e+00
 6.866867e-01 -1.676918e+00 -4.705052e-01 3.033431e+00
 6.876877e-01 -1.590726e+00 -7.400524e-01 3.078088e+00
 6.886887e-01 -1.460745e+00 -9.944645e-01 3.122736e+00
 6.896897e-01 -1.289553e+00 -1.226543e+00 3.167355e+00
 6.906907e-01 -1.080927e+00 -1.429519e+00 3.211928e+00
 6.916917e-01 -8.397714e-01 -1.597254e+00 3.256435e+00
 6.926927e-01 -5.720163e-01 -1.724428e+00 3.300855e+00
 6.936937e-01 -2.844781e-01 -1.806721e+00 3.345169e+00
 6.946947e-01  1.530616e-02 -1.840957e+00 3.389356e+00
 6.956957e-01  3.192720e-01 -1.825229e+00 3.433395e+00
 6.966967e-01  6.190424e-01 -1.758992e+00 3.477266e+00
 6.976977e-01  9.061583e-01 -1.643114e+00 3.520948e+00
 6.986987e-01  1.172320e+00 -1.479894e+00 3.564421e+00
 6.996997e-01  1.409629e+00 -1.273033e+00 3.607667e+00
 7.007007e-01  1.610830e+00 -1.027565e+00 3.650664e+00
 7.017017e-01  1.769539e+00 -7.497499e-01 3.693395e+00
 7.027027e-01  1.880452e+00 -4.469220e-01 3.735837e+00
 7.037037e-01  1.939527e+00 -1.273046e-01 3.777972e+00
 7.047047e-01  1.944143e+00  2.002083e-01 3.819776e+00
 7.057057e-01  1.893209e+00  5.262970e-01 3.861229e+00
 7.067067e-01  1.787237e+00  8.414811e-01 3.902308e+00
 7.077077e-01  1.628371e+00  1.136397e+00 3.942992e+00
 7.087087e-01  1.420362e+00  1.402082e+00 3.983261e+00
 7.097097e-01  1.168495e+00  1.630249e+00 4.023094e+00
 7.107107e-01  8.794731e-01  1.813560e+00 4.062472e+00
 7.117117e-01  5.612458e-01  1.945863e+00 4.101378e+00
 7.127127e-01  2.228004e-01  2.022413e+00 4.139793e+00
 7.137137e-01 -1.260868e-01  2.040049e+00 4.177699e+00
 7.147147e-01 -4.751299e-01  1.997330e+00 4.215075e+00
 7.157157e-01 -8.138373e-01  1.894616e+00 4.251902e+00
 7.167167e-01 -1.131829e+00  1.734105e+00 4.288160e+00
 7.177177e-01 -1.419162e+00  1.519804e+00 4.323826e+00
 7.187187e-01 -1.666646e+00  1.257446e+00 4.358880e+00
 7.197197e-01 -1.866149e+00  9.543533e-01 4.393303e+00
 7.207207e-01 -2.010874e+00  6.192443e-01 4.427076e+00
 7.217217e-01 -2.095601e+00  2.619891e-01 4.460183e+00
 7.227227e-01 -2.116892e+00 -1.066742e-01 4.492610e+00
 7.237237e-01 -2.073229e+00 -4.754609e-01 4.524341e+00
 7.247247e-01 -1.965112e+00 -8.328851e-01 4.555363e+00
 7.257257e-01 -1.795082e+00 -1.167622e+00 4.585662e+00
 7.267267e-01 -1.567684e+00 -1.468872e+00 4.615219e+00
 7.277277e-01 -1.289361e+00 -1.726721e+00 4.644018e+00
 7.287287e-01 -9.682885e-01 -1.932474e+00 4.672040e+00
 7.297297e-01 -6.141441e-01 -2.078965e+00 4.699266e+00
 7.307307e-01 -2.378236e-01 -2.160815e+00 4.725679e+00
 7.317317e-01  1.488893e-01 -2.174648e+00 4.751264e+00
 7.327327e-01  5.336904e-01 -2.119241e+00 4.776007e+00
 7.337337e-01  9.041487e-01 -1.995599e+00 4.799900e+00
 7.347347e-01  1.248113e+00 -1.806972e+00 4.822935e+00
 7.357357e-01  1.554120e+00 -1.558787e+00 4.845104e+00
 7.367367e-01  1.811784e+00 -1.258507e+00 4.866399e+00
 7.377377e-01  2.012165e+00 -9.154250e-01 4.886812e+00
 7.387387e-01  2.148096e+00 -5.403820e-01 4.906329e+00
 7.397397e-01  2.214449e+00 -1.454338e-01 4.924935e+00
 7.407407e-01  2.208349e+00  2.565337e-01 4.942615e+00
 7.417417e-01  2.129309e+00  6.522249e-01 4.959355e+00
 7.427427e-01  1.979287e+00  1.028379e+00 4.975141e+00
 7.437437e-01  1.762663e+00  1.372219e+00 4.989965e+00
 7.447447e-01  1.486127e+00  1.671900e+00 5.003823e+00
 7.457457e-01  1.158493e+00  1.916927e+00 5.016716e+00
 7.467467e-01  7.904261e-01  2.098541e+00 5.028646e+00
 7.477477e-01  3.941064e-01  2.210044e+00 5.039614e+00
 7.487487e-01 -1.716869e-02  2.247070e+00 5.049620e+00
 7.497497e-01 -4.294295e-01  2.207770e+00 5.058659e+00
 7.507508e-01 -8.285112e-01  2.092915e+00 5.066723e+00
 7.517518e-01 -1.200547e+00  1.905909e+00 5.073800e+00
 7.527528e-01 -1.532457e+00  1.652710e+00 5.079876e+00
 7.537538e-01 -1.812428e+00  1.341658e+00 5.084941e+00
 7.547548e-01 -2.030340e+00  9.832139e-01 5.088989e+00
 7.557558e-01 -2.178158e+00  5.896164e-01 5.092022e+00
 7.567568e-01 -2.250245e+00  1.744749e-01 5.094045e+00
 7.577578e-01 -2.243595e+00 -2.477006e-01 5.095072e+00
 7.587588e-01 -2.157977e+00 -6.620070e-01 5.095117e+00
 7.597598e-01 -1.995984e+00 -1.053680e+00 5.094192e+00
 7.607608e-01 -1.762972e+00 -1.408628e+00 5.092302e+00
 7.617618e-01 -1.466905e+00 -1.713954e+00 5.089448e+00
 7.627628e-01 -1.118095e+00 -1.958439e+00 5.085621e+00
 7.637638e-01 -7.288592e-01 -2.132973e+00 5.080810e+00
 7.647648e-01 -3.130880e-01 -2.230915e+00 5.075004e+00
 7.657658e-01  1.142423e-01 -2.248365e+00 5.068195e+00
 7.667668e-01  5.376111e-01 -2.184345e+00 5.060387e+00
 7.677678e-01  9.415217e-01 -2.040864e+00 5.051591e+00
 7.687688e-01  1.311077e+00 -1.822884e+00 5.041829e+00
 7.697698e-01  1.632542e+00 -1.538160e+00 5.031129e+00
 7.707708e-01  1.893868e+00 -1.196987e+00 5.019516e+00
 7.717718e-01  2.085169e+00 -8.118380e-01 5.007012e+00
 7.727728e-01  2.199110e+00 -3.969170e-01 4.993627e+00
 7.737738e-01  2.231213e+00  3.235952e-02 4.979360e+00
 7.747748e-01  2.180060e+00  4.599354e-01 4.964201e+00
 7.757758e-01  2.047370e+00  8.697198e-01 4.948135e+00
 7.767768e-01  1.837969e+00  1.246202e+00 4.931150e+00
 7.777778e-01  1.559635e+00  1.575050e+00 4.913244e+00
 7.787788e-01  1.222823e+00  1.843674e+00 4.894428e+00
 7.797798e-01  8.402861e-01  2.041727e+00 4.874729e+00
 7.807808e-01  4.266068e-01  2.161526e+00 4.854187e+00
 7.817818e-01 -2.359009e-03  2.198372e+00 4.832845e+00
 7.827828e-01 -4.300870e-01  2.150759e+00 4.810741e+00
 7.837838e-01 -8.400255e-01  2.020460e+00 4.787902e+00
 7.847848e-01 -1.216245e+00  1.812480e+00 4.764338e+00
 7.857858e-01 -1.544072e+00  1.534889e+00 4.740042e+00
 7.867868e-01 -1.810674e+00  1.198521e+00 4.714993e+00
 7.877878e-01 -2.005589e+00  8.165678e-01 4.689171e+00
 7.887888e-01 -2.121152e+00  4.040726e-01 4.662560e+00
 7.897898e-01 -2.152824e+00 -2.266097e-02 4.635163e+00
 7.907908e-01 -2.099394e+00 -4.467112e-01 4.607005e+00
 7.917918e-01 -1.963050e+00 -8.512141e-01 4.578131e+00
 7.927928e-01 -1.749312e+00 -1.220044e+00 4.548600e+00
 7.937938e-01 -1.466828e+00 -1.538469e+00 4.518472e+00
 7.947948e-01 -1.127043e+00 -1.793759e+00 4.487797e+00
 7.957958e-01 -7.437463e-01 -1.975713e+00 4.456602e+00
 7.967968e-01 -3.325230e-01 -2.077093e+00 4.424889e+00
 7.977978e-01  8.987666e-02 -2.093933e+00 4.392635e+00
 7.987988e-01  5.062202e-01 -2.025721e+00 4.359805e+00
 7.997998e-01  8.995021e-01 -1.875436e+00 4.326364e+00
 8.008008e-01  1.253649e+00 -1.649442e+00 4.292294e+00
 8.018018e-01  1.554190e+00 -1.357240e+00 4.257606e+00
 8.028028e-01  1.788869e+00 -1.011083e+00 4.222341e+00
 8.038038e-01  1.948165e+00 -6.254771e-01 4.186570e+00
 8.048048e-01  2.025701e+00 -2.165813e-01 4.150373e+00
 8.058058e-01  2.018524e+00  1.984671e-01 4.113830e+00
 8.068068e-01  1.927242e+00  6.022724e-01 4.076995e+00
 8.078078e-01  1.756009e+00  9.779169e-01 4.039890e+00
 8.088088e-01  1.512359e+00  1.309682e+00 4.002497e+00
 8.098098e-01  1.206894e+00  1.583722e+00 3.964768e+00
 8.108108e-01  8.528395e-01  1.788661e+00 3.926644e+00
 8.118118e-01  4.654831e-01  1.916090e+00 3.888074e+00
 8.128128e-01  6.152029e-02  1.960932e+00 3.849039e+00
 8.138138e-01 -3.416633e-01  1.921673e+00 3.809561e+00
 8.148148e-01 -7.267435e-01  1.800431e+00 3.769707e+00
 8.158158e-01 -1.077211e+00  1.602870e+00 3.729577e+00
 8.168168e-01 -1.378093e+00  1.337961e+00 3.689281e+00
 8.178178e-01 -1.616609e+00  1.017590e+00 3.648913e+00
 8.188188e-01 -1.782734e+00  6.560389e-01 3.608529e+00
 8.198198e-01 -1.869646e+00  2.693612e-01 3.568131e+00
 8.208208e-01 -1.874023e+00 -1.253297e-01 3.527671e+00
 8.218218e-01 -1.796200e+00 -5.106179e-01 3.487065e+00
 8.228228e-01 -1.640148e+00 -8.695600e-01 3.446220e+00
 8.238238e-01 -1.413303e+00 -1.186441e+00 3.405069e+00
 8.248248e-01 -1.126232e+00 -1.447479e+00 3.363594e+00
 8.258258e-01 -7.921544e-01 -1.641441e+00 3.321838e+00
 8.268268e-01 -4.263509e-01 -1.760151e+00 3.279905e+00
 8.278278e-01 -4.546815e-02 -1.798851e+00 3.237933e+00
 8.288288e-01  3.332356e-01 -1.756422e+00 3.196066e+00
 8.298298e-01  6.926766e-01 -1.635423e+00 3.154409e+00
 8.308308e-01  1.016725e+00 -1.441971e+00 3.113011e+00
 8.318318e-01  1.290941e+00 -1.185459e+00 3.071840e+00
 8.328328e-01  1.503237e+00 -8.781117e-01 3.030800e+00
 8.338338e-01  1.644430e+00 -5.344251e-01 2.989759e+00
 8.348348e-01  1.708660e+00 -1.704862e-01 2.948586e+00
 8.358358e-01  1.693658e+00  1.967738e-01 2.907196e+00
 8.368368e-01  1.600836e+00  5.503692e-01 2.865581e+00
 8.378378e-01  1.435220e+00  8.740511e-01 2.823822e+00
 8.388388e-01  1.205201e+00  1.153066e+00 2.782070e+00
 8.398398e-01  9.221300e-01  1.374843e+00 2.740517e+00
 8.408408e-01  5.997773e-01  1.529577e+00 2.699338e+00
 8.418418e-01  2.536701e-01  1.610684e+00 2.658652e+00
 8.428428e-01 -9.964840e-02  1.615100e+00 2.618479e+00
 8.438438e-01 -4.434101e-01  1.543414e+00 2.578738e+00
 8.448448e-01 -7.614233e-01  1.399822e+00 2.539267e+00
 8.458458e-01 -1.038846e+00  1.191919e+00 2.499870e+00
 8.468468e-01 -1.262891e+00  9.303119e-01 2.460373e+00
 8.478478e-01 -1.423435e+00  6.281026e-01 2.420681e+00
 8.488488e-01 -1.513495e+00  3.002407e-01 2.380812e+00
 8.498498e-01 -1.529548e+00 -3.720717e-02 2.340902e+00
 8.508509e-01 -1.471688e+00 -3.678431e-01 2.301173e+00
 8.518519e-01 -1.343599e+00 -6.757377e-01 2.261879e+00
 8.528529e-01 -1.152357e+00 -9.462064e-01 2.223233e+00
 8.538539e-01 -9.080622e-01 -1.166521e+00 2.185349e+00
 8.548549e-01 -6.233231e-01 -1.326526e+00 2.148203e+00
 8.558559e-01 -3.126188e-01 -1.419123e+00 2.111639e+00
 8.568569e-01  8.429665e-03 -1.440603e+00 2.075407e+00
 8.578579e-01  3.238429e-01 -1.390812e+00 2.039232e+00
 8.588589e-01  6.180814e-01 -1.273135e+00 2.002898e+00
 8.598599e-01  8.768187e-01 -1.094305e+00 1.966315e+00
 8.608609e-01  1.087650e+00 -8.640413e-01 1.929551e+00
 8.618619e-01  1.240703e+00 -5.945425e-01 1.892826e+00
 8.628629e-01  1.329114e+00 -2.998547e-01 1.856456e+00
 8.638639e-01  1.349350e+00  4.853423e-03 1.820768e+00
 8.648649e-01  1.301365e+00  3.040674e-01 1.786009e+00
 8.658659e-01  1.188573e+00  5.827199e-01 1.752269e+00
 8.668669e-01  1.017641e+00  8.269560e-01 1.719450e+00
 8.678679e-01  7.981246e-01  1.024834e+00 1.687287e+00
 8.688689e-01  5.419499e-01  1.166922e+00 1.655417e+00
 8.698699e-01  2.627809e-01  1.246766e+00 1.623480e+00
 8.708709e-01 -2.470237e-02  1.261196e+00 1.591225e+00
 8.718719e-01 -3.055719e-01  1.210462e+00 1.558593e+00
 8.728729e-01 -5.654289e-01  1.098194e+00 1.525739e+00
 8.738739e-01 -7.911475e-01  9.311761e-01 1.493003e+00
 8.748749e-01 -9.715472e-01  7.189688e-01 1.460820e+00
 8.758759e-01 -1.097959e+00  4.733756e-01 1.429598e+00
 8.768769e-01 -1.164654e+00  2.078013e-01 1.399600e+00
 8.778779e-01 -1.169116e+00 -6.347224e-02 1.370861e+00
 8.788789e-01 -1.112140e+00 -3.260525e-01 1.343166e+00
 8.798799e-01 -9.977559e-01 -5.662026e-01 1.316102e+00
 8.808809e-01 -8.329794e-01 -7.715671e-01 1.289171e+00
 8.818819e-01 -6.274065e-01 -9.318186e-01 1.261925e+00
 8.828829e-01 -3.926728e-01 -1.039189e+00 1.234106e+00
 8.838839e-01 -1.418073e-01 -1.088860e+00 1.205726e+00
 8.848849e-01  1.114823e-01 -1.079190e+00 1.177079e+00
 8.858859e-01  3.535564e-01 -1.011762e+00 1.148664e+00
 8.868869e-01  5.715795e-01 -8.912659e-01 1.121058e+00
 8.878879e-01  7.542059e-01 -7.252005e-01 1.094742e+00
 8.888889e-01  8.921795e-01 -5.234309e-01 1.069964e+00
 8.898899e-01  9.788130e-01 -2.976180e-01 1.046651e+00
 8.908909e-01  1.010322e+00 -6.055491e-02 1.024418e+00
 8.918919e-01  9.860001e-01  1.745531e-01 1.002665e+00
 8.928929e-01  9.082148e-01  3.948240e-01 9.807401e-01
 8.938939e-01  7.822438e-01  5.884083e-01 9.581297e-01
 8.948949e-01  6.159437e-01  7.451341e-01 9.346115e-01
 8.958959e-01  4.192820e-01  8.570505e-01 9.103329e-01
 8.968969e-01  2.037550e-01  9.188402e-01 8.857834e-01
 8.978979e-01 -1.827386e-02  9.280801e-01 8.616667e-01
 8.988989e-01 -2.342778e-01  8.853350e-01 8.387041e-01
 8.998999e-01 -4.322732e-01  7.940807e-01 8.174243e-01
 9.009009e-01 -6.014872e-01  6.604646e-01 7.980003e-01
 9.019019e-01 -7.329511e-01  4.929152e-01 7.801827e-01
 9.029029e-01 -8.199845e-01  3.016284e-01 7.633542e-01
 9.039039e-01 -8.585436e-01  9.795836e-02 7.466929e-01
 9.049049e-01 -8.474161e-01 -1.062497e-01 7.294031e-01
 9.059059e-01 -7.882509e-01 -2.993459e-01 7.109474e-01
 9.069069e-01 -6.854226e-01 -4.705416e-01 6.912136e-01
 9.079079e-01 -5.457414e-01 -6.105161e-01 6.705637e-01
 9.089089e-01 -3.780236e-01 -7.119302e-01 6.497465e-01
 9.099099e-01 -1.925518e-01 -7.698166e-01 6.296937e-01
 9.109109e-01 -4.548809e-04 -7.818272e-01 6.112540e-01
 9.119119e-01  1.869538e-01 -7.483241e-01 5.949407e-01
 9.129129e-01  3.588415e-01 -6.723099e-01 5.807678e-01
 9.139139e-01  5.054849e-01 -5.592052e-01 5.682255e-01
 9.149149e-01  6.188264e-01 -4.164866e-01 5.564072e-01
 9.159159e-01  6.929238e-01 -2.532101e-01 5.442588e-01
 9.169169e-01  7.242704e-01 -7.944818e-02 5.308796e-01
 9.179179e-01  7.119642e-01  9.432408e-02 5.157900e-01
 9.189189e-01  6.577207e-01  2.578566e-01 4.990866e-01
 9.199199e-01  5.657278e-01  4.017282e-01 4.814335e-01
 9.209209e-01  4.423533e-01  5.178914e-01 4.638879e-01
 9.219219e-01  2.957257e-01  6.001253e-01 4.476040e-01
 9.229229e-01  1.352132e-01  6.443718e-01 4.334977e-01
 9.239239e-01 -2.916513e-02  6.489364e-01 4.219690e-01
 9.249249e-01 -1.873604e-01  6.145422e-01 4.127660e-01
 9.259259e-01 -3.299074e-01  5.442385e-01 4.050344e-01
 9.269269e-01 -4.484935e-01  4.431696e-01 3.975457e-01
 9.279279e-01 -5.364495e-01  3.182207e-01 3.890424e-01
 9.289289e-01 -5.891303e-01  1.775646e-01 3.786037e-01
 9.299299e-01 -6.041658e-01  3.013876e-02 3.659247e-01
 9.309309e-01 -5.815658e-01 -1.149159e-01 3.514244e-01
 9.319319e-01 -5.236749e-01 -2.488173e-01 3.361454e-01
 9.329329e-01 -4.349830e-01 -3.636721e-01 3.214676e-01
 9.339339e-01 -3.218027e-01 -4.529421e-01 3.087135e-01
 9.349349e-01 -1.918382e-01 -5.118168e-01 2.987583e-01
 9.359359e-01 -5.367276e-02 -5.374739e-01 2.917590e-01
 9.369369e-01  8.379083e-02 -5.292106e-01 2.870847e-01
 9.379379e-01  2.119012e-01 -4.884413e-01 2.834770e-01
 9.389389e-01  3.228031e-01 -4.185642e-01 2.793978e-01
 9.399399e-01  4.099226e-01 -3.247060e-01 2.734705e-01
 9.409409e-01  4.683605e-01 -2.133646e-01 2.648860e-01
 9.419419e-01  4.951725e-01 -9.197204e-02 2.536546e-01
 9.429429e-01  4.895167e-01  3.159210e-02 2.406246e-01
 9.439439e-01  4.526634e-01  1.495057e-01 2.272561e-01
 9.449449e-01  3.878666e-01  2.544957e-01 2.152086e-01
 9.459459e-01  3.001097e-01  3.402855e-01 2.058601e-01
 9.469469e-01  1.957414e-01  4.019696e-01 1.998942e-01
 9.479479e-01  8.203079e-02  4.362941e-01 1.970816e-01
 9.489489e-01 -3.333077e-02  4.418269e-01 1.963220e-01
 9.499499e-01 -1.427452e-01  4.190071e-01 1.959432e-01
 9.509510e-01 -2.392071e-01  3.700751e-01 1.941756e-01
 9.519520e-01 -3.167532e-01  2.988876e-01 1.896664e-01
 9.529530e-01 -3.708343e-01  2.106334e-01 1.818845e-01
 9.539540e-01 -3.985838e-01  1.114688e-01 1.712943e-01
 9.549550e-01 -3.989686e-01  8.098163e-03 1.592416e-01
 9.559560e-01 -3.728137e-01 -9.267240e-02 1.475782e-01
 9.569570e-01 -3.227004e-01 -1.843784e-01 1.381309e-01
 9.579580e-01 -2.527484e-01 -2.613091e-01 1.321642e-01
 9.589590e-01 -1.682983e-01 -3.188622e-01 1.299974e-01
 9.599600e-01 -7.551797e-02 -3.538186e-01 1.308906e-01
 9.609610e-01  1.903864e-02 -3.645205e-01 1.332377e-01
 9.619620e-01  1.088892e-01 -3.509440e-01 1.350185e-01
 9.629630e-01  1.880652e-01 -3.146622e-01 1.343808e-01
 9.639640e-01  2.515085e-01 -2.587044e-01 1.301845e-01
 9.649650e-01  2.953954e-01 -1.873216e-01 1.223478e-01
 9.659660e-01  3.173683e-01 -1.056764e-01 1.118901e-01
 9.669670e-01  3.166588e-01 -1.947907e-02 1.006522e-01
 9.679680e-01  2.940978e-01  6.540523e-02 9.077136e-02
 9.689690e-01  2.520130e-01  1.433508e-01 8.405999e-02
 9.699700e-01  1.940239e-01  2.093415e-01 8.146912e-02
 9.709710e-01  1.247510e-01  2.592918e-01 8.279505e-02
 9.719720e-01  4.946163e-02  2.902987e-01 8.671977e-02
 9.729730e-01 -2.632169e-02  3.008083e-01 9.117848e-02
 9.739740e-01 -9.722046e-02  2.906884e-01 9.395159e-02
 9.749750e-01 -1.583794e-01  2.612028e-01 9.331094e-02
 9.759760e-01 -2.057980e-01  2.148922e-01 8.853150e-02
 9.769770e-01 -2.365931e-01  1.553712e-01 8.011648e-02
 9.779780e-01 -2.491723e-01  8.705664e-02 6.966571e-02
 9.789790e-01 -2.433119e-01  1.484766e-02 5.942112e-02
 9.799800e-01 -2.201311e-01 -5.622008e-02 5.161839e-02
 9.809810e-01 -1.819709e-01 -1.213216e-01 4.783232e-02
 9.819820e-01 -1.321860e-01 -1.761674e-01 4.850809e-02
 9.829830e-01 -7.486838e-02 -2.172843e-01 5.281774e-02
 9.839840e-01 -1.452359e-02 -2.422335e-01 5.888801e-02
 9.849850e-01  4.427442e-02 -2.497525e-01 6.433654e-02
 9.859860e-01  9.722451e-02 -2.398126e-01 6.696270e-02
 9.869870e-01  1.406101e-01 -2.135898e-01 6.539183e-02
 9.879880e-01  1.715591e-01 -1.733532e-01 5.948387e-02
 9.889890e-01  1.882332e-01 -1.222801e-01 5.038417e-02
 9.899900e-01  1.899350e-01 -6.421275e-02 4.019858e-02
 9.909910e-01  1.771258e-01 -3.374722e-03 3.138493e-02
 9.919920e-01  1.513553e-01  5.593232e-02 2.603684e-02
 9.929930e-01  1.151106e-01  1.096298e-01 2.526916e-02
 9.939940e-01  7.159769e-02  1.541405e-01 2.888551e-02
 9.949950e-01  2.447319e-02  1.866242e-01 3.542754e-02
 9.959960e-01 -2.245088e-02  2.051570e-01 4.259345e-02
 9.969970e-01 -6.550718e-02  2.088405e-01 4.790553e-02
 9.979980e-01 -1.014541e-01  1.978370e-01 4.943244e-02
 9.989990e-01 -1.277168e-01  1.733299e-01 4.635485e-02
 1.000000e+00 -1.425701e-01  1.374121e-01 3.920833e-02
