# x psi_r psi_i psi2 
 0.000000e+00 -1.504498e-04 -6.325556e-06 2.267516e-08
 1.001001e-03 -1.092614e-04 -8.629357e-05 1.938462e-08
 2.002002e-03 -5.883881e-05 -1.538037e-04 2.711759e-08
 3.003003e-03 -6.308812e-06 -2.035655e-04 4.147870e-08
 4.004004e-03  4.137122e-05 -2.321625e-04 5.561100e-08
 5.005005e-03  7.834344e-05 -2.383051e-04 6.292702e-08
 6.006006e-03  1.003838e-04 -2.226632e-04 5.965581e-08
 7.007007e-03  1.054495e-04 -1.877623e-04 4.637427e-08
 8.008008e-03  9.372407e-05 -1.375224e-04 2.769662e-08
 9.009009e-03  6.762749e-05 -7.694152e-05 1.049347e-08
 1.001001e-02  3.133575e-05 -1.151067e-05 1.114425e-09
 1.101101e-02 -9.665447e-06  5.313837e-05 2.917107e-09
 1.201201e-02 -4.939962e-05  1.117758e-04 1.493416e-08
 1.301301e-02 -8.203336e-05  1.598218e-04 3.227248e-08
 1.401401e-02 -1.027143e-04  1.937408e-04 4.808572e-08
 1.501502e-02 -1.080572e-04  2.111166e-04 5.624656e-08
 1.601602e-02 -9.668611e-05  2.108669e-04 5.381305e-08
 1.701702e-02 -6.931167e-05  1.931449e-04 4.210904e-08
 1.801802e-02 -2.879652e-05  1.593961e-04 2.623634e-08
 1.901902e-02  2.025945e-05  1.121235e-04 1.298213e-08
 2.002002e-02  7.190775e-05  5.483008e-05 8.177062e-09
 2.102102e-02  1.196340e-04 -8.311022e-06 1.438136e-08
 2.202202e-02  1.569885e-04 -7.259068e-05 2.991480e-08
 2.302302e-02  1.784595e-04 -1.331552e-04 4.957812e-08
 2.402402e-02  1.800319e-04 -1.851885e-04 6.670629e-08
 2.502503e-02  1.598326e-04 -2.243351e-04 7.587268e-08
 2.602603e-02  1.183277e-04 -2.468936e-04 7.495791e-08
 2.702703e-02  5.850877e-05 -2.502253e-04 6.603598e-08
 2.802803e-02 -1.442257e-05 -2.328985e-04 5.444971e-08
 2.902903e-02 -9.338147e-05 -1.950072e-04 4.674792e-08
 3.003003e-02 -1.701769e-04 -1.381810e-04 4.805414e-08
 3.103103e-02 -2.362022e-04 -6.572244e-05 6.011094e-08
 3.203203e-02 -2.834390e-04  1.760446e-05 8.064756e-08
 3.303303e-02 -3.052100e-04  1.056879e-04 1.043231e-07
 3.403403e-02 -2.970721e-04  1.915442e-04 1.249410e-07
 3.503504e-02 -2.572905e-04  2.676839e-04 1.378531e-07
 3.603604e-02 -1.873045e-04  3.268052e-04 1.418846e-07
 3.703704e-02 -9.166533e-05  3.623134e-04 1.396735e-07
 3.803804e-02  2.209778e-05  3.690798e-04 1.367082e-07
 3.903904e-02  1.441490e-04  3.439191e-04 1.390593e-07
 4.004004e-02  2.630397e-04  2.861867e-04 1.510927e-07
 4.104104e-02  3.668372e-04  1.979763e-04 1.737642e-07
 4.204204e-02  4.441258e-04  8.432980e-05 2.043592e-07
 4.304304e-02  4.852581e-04 -4.703588e-05 2.376878e-07
 4.404404e-02  4.832744e-04 -1.860358e-04 2.681635e-07
 4.504505e-02  4.348659e-04 -3.210107e-04 2.921562e-07
 4.604605e-02  3.408158e-04 -4.395061e-04 3.093210e-07
 4.704705e-02  2.063282e-04 -5.294411e-04 3.228793e-07
 4.804805e-02  4.072955e-05 -5.801180e-04 3.381958e-07
 4.904905e-02 -1.429885e-04 -5.834407e-04 3.608488e-07
 5.005005e-02 -3.292314e-04 -5.347720e-04 3.943744e-07
 5.105105e-02 -5.009288e-04 -4.337909e-04 4.391042e-07
 5.205205e-02 -6.411122e-04 -2.847958e-04 4.921335e-07
 5.305305e-02 -7.343444e-04 -9.685049e-05 5.486418e-07
 5.405405e-02 -7.683501e-04  1.167306e-04 6.039879e-07
 5.505506e-02 -7.352288e-04  3.390916e-04 6.555445e-07
 5.605606e-02 -6.326023e-04  5.511666e-04 7.039704e-07
 5.705706e-02 -4.641048e-04  7.330873e-04 7.528103e-07
 5.805806e-02 -2.396157e-04  8.660211e-04 8.074083e-07
 5.905906e-02  2.528767e-05  9.338302e-04 8.726783e-07
 6.006006e-02  3.101752e-04  9.248636e-04 9.515813e-07
 6.106106e-02  5.913387e-04  8.332530e-04 1.043992e-06
 6.206206e-02  8.435208e-04  6.600331e-04 1.147171e-06
 6.306306e-02  1.042145e-03  4.134955e-04 1.257044e-06
 6.406406e-02  1.165396e-03  1.091613e-04 1.370065e-06
 6.506507e-02  1.196458e-03 -2.311308e-04 1.484933e-06
 6.606607e-02  1.125218e-03 -5.805273e-04 1.603128e-06
 6.706707e-02  9.497705e-04 -9.092479e-04 1.728796e-06
 6.806807e-02  6.770555e-04 -1.186850e-03 1.867016e-06
 6.906907e-02  3.230370e-04 -1.384963e-03 2.022475e-06
 7.007007e-02 -8.813607e-05 -1.479807e-03 2.197596e-06
 7.107107e-02 -5.254846e-04 -1.454737e-03 2.392395e-06
 7.207207e-02 -9.534810e-04 -1.302116e-03 2.604632e-06
 7.307307e-02 -1.334637e-03 -1.024777e-03 2.831424e-06
 7.407407e-02 -1.632685e-03 -6.364545e-04 3.070735e-06
 7.507508e-02 -1.815639e-03 -1.615370e-04 3.322640e-06
 7.607608e-02 -1.858949e-03  3.663491e-04 3.589902e-06
 7.707708e-02 -1.747999e-03  9.064111e-04 3.877081e-06
 7.807808e-02 -1.480193e-03  1.413763e-03 4.189696e-06
 7.907908e-02 -1.065917e-03  1.842820e-03 4.532165e-06
 8.008008e-02 -5.287290e-04  2.151238e-03 4.907378e-06
 8.108108e-02  9.580035e-05  2.303601e-03 5.315757e-06
 8.208208e-02  7.620790e-04  2.275035e-03 5.756546e-06
 8.308308e-02  1.417714e-03  2.053923e-03 6.228511e-06
 8.408408e-02  2.007271e-03  1.643954e-03 6.731721e-06
 8.508509e-02  2.476791e-03  1.064776e-03 7.268243e-06
 8.608609e-02  2.778251e-03  3.516056e-04 7.842307e-06
 8.708709e-02  2.874075e-03 -4.467242e-04 8.459872e-06
 8.808809e-02  2.740845e-03 -1.270731e-03 9.126988e-06
 8.908909e-02  2.372340e-03 -2.054578e-03 9.849287e-06
 9.009009e-02  1.781118e-03 -2.730928e-03 1.063035e-05
 9.109109e-02  9.989100e-04 -3.236491e-03 1.147270e-05
 9.209209e-02  7.522503e-05 -3.517350e-03 1.237741e-05
 9.309309e-02 -9.253410e-04 -3.534126e-03 1.334630e-05
 9.409409e-02 -1.927448e-03 -3.266037e-03 1.438205e-05
 9.509510e-02 -2.850259e-03 -2.713961e-03 1.548957e-05
 9.609610e-02 -3.613728e-03 -1.901695e-03 1.667547e-05
 9.709710e-02 -4.144968e-03 -8.756878e-04 1.794759e-05
 9.809810e-02 -4.384718e-03  2.973148e-04 1.931415e-05
 9.909910e-02 -4.292862e-03  1.534150e-03 2.078228e-05
 1.001001e-01 -3.853027e-03  2.740933e-03 2.235853e-05
 1.011011e-01 -3.075316e-03  3.819703e-03 2.404770e-05
 1.021021e-01 -1.997367e-03  4.676071e-03 2.585512e-05
 1.031031e-01 -6.830288e-04  5.226792e-03 2.778588e-05
 1.041041e-01  7.808619e-04  5.407182e-03 2.984737e-05
 1.051051e-01  2.289967e-03  5.177270e-03 3.204807e-05
 1.061061e-01  3.729392e-03  4.526631e-03 3.439875e-05
 1.071071e-01  4.982144e-03  3.476942e-03 3.691089e-05
 1.081081e-01  5.937995e-03  2.082440e-03 3.959634e-05
 1.091091e-01  6.502612e-03  4.276086e-04 4.246681e-05
 1.101101e-01  6.605740e-03 -1.377366e-03 4.553294e-05
 1.111111e-01  6.208256e-03 -3.203654e-03 4.880584e-05
 1.121121e-01  5.306968e-03 -4.912436e-03 5.229593e-05
 1.131131e-01  3.937191e-03 -6.365093e-03 5.601588e-05
 1.141141e-01  2.172248e-03 -7.433712e-03 5.997874e-05
 1.151151e-01  1.202964e-04 -8.011628e-03 6.420066e-05
 1.161161e-01 -2.081959e-03 -8.022696e-03 6.869821e-05
 1.171171e-01 -4.277810e-03 -7.429018e-03 7.348997e-05
 1.181181e-01 -6.301362e-03 -6.235948e-03 7.859421e-05
 1.191191e-01 -7.989384e-03 -4.494360e-03 8.402952e-05
 1.201201e-01 -9.193876e-03 -2.299354e-03 8.981439e-05
 1.211211e-01 -9.793931e-03  2.141788e-04 9.596696e-05
 1.221221e-01 -9.706468e-03  2.879480e-03 1.025069e-04
 1.231231e-01 -8.894459e-03  5.508397e-03 1.094538e-04
 1.241241e-01 -7.372440e-03  7.904277e-03 1.168305e-04
 1.251251e-01 -5.208209e-03  9.875923e-03 1.246593e-04
 1.261261e-01 -2.520942e-03  1.125216e-02 1.329662e-04
 1.271271e-01  5.248537e-04  1.189540e-02 1.417760e-04
 1.281281e-01  3.728769e-03  1.171376e-02 1.511158e-04
 1.291291e-01  6.867323e-03  1.067014e-02 1.610120e-04
 1.301301e-01  9.708862e-03  8.788057e-03 1.714919e-04
 1.311311e-01  1.203010e-02  6.153093e-03 1.825838e-04
 1.321321e-01  1.363261e-02  2.910148e-03 1.943169e-04
 1.331331e-01  1.435861e-02 -7.439844e-04 2.067232e-04
 1.341341e-01  1.410437e-02 -4.571910e-03 2.198356e-04
 1.351351e-01  1.283059e-02 -8.310672e-03 2.336914e-04
 1.361361e-01  1.056847e-02 -1.168910e-02 2.483275e-04
 1.371371e-01  7.421233e-03 -1.444684e-02 2.637858e-04
 1.381381e-01  3.560384e-03 -1.635331e-02 2.801070e-04
 1.391391e-01 -7.828542e-04 -1.722566e-02 2.973363e-04
 1.401401e-01 -5.330980e-03 -1.694399e-02 3.155182e-04
 1.411411e-01 -9.777293e-03 -1.546305e-02 3.347013e-04
 1.421421e-01 -1.380610e-02 -1.281899e-02 3.549347e-04
 1.431431e-01 -1.711419e-02 -9.130993e-03 3.762705e-04
 1.441441e-01 -1.943275e-02 -4.596897e-03 3.987632e-04
 1.451451e-01 -2.054753e-02  5.166310e-04 4.224679e-04
 1.461461e-01 -2.031645e-02  5.889371e-03 4.474429e-04
 1.471471e-01 -1.868271e-02  1.116696e-02 4.737446e-04
 1.481481e-01 -1.568282e-02  1.598380e-02 5.014328e-04
 1.491491e-01 -1.144838e-02  1.998744e-02 5.305631e-04
 1.501502e-01 -6.201580e-03  2.286340e-02 5.611948e-04
 1.511512e-01 -2.441183e-04  2.435822e-02 5.933826e-04
 1.521522e-01  6.059512e-03  2.429953e-02 6.271846e-04
 1.531532e-01  1.230399e-02  2.261121e-02 6.626552e-04
 1.541542e-01  1.806851e-02  1.932304e-02 6.998509e-04
 1.551552e-01  2.294453e-02  1.457311e-02 7.388268e-04
 1.561562e-01  2.656345e-02  8.603583e-03 7.796385e-04
 1.571572e-01  2.862315e-02  1.748824e-03 8.223430e-04
 1.581582e-01  2.891072e-02 -5.582690e-03 8.669961e-04
 1.591592e-01  2.732053e-02 -1.293244e-02 9.136593e-04
 1.601602e-01  2.386555e-02 -1.981988e-02 9.623923e-04
 1.611612e-01  1.868159e-02 -2.577329e-02 1.013264e-03
 1.621622e-01  1.202329e-02 -3.036090e-02 1.066344e-03
 1.631632e-01  4.252457e-03 -3.322089e-02 1.121711e-03
 1.641642e-01 -4.181278e-03 -3.408760e-02 1.179448e-03
 1.651652e-01 -1.276603e-02 -3.281274e-02 1.239647e-03
 1.661662e-01 -2.095841e-02 -2.937946e-02 1.302407e-03
 1.671672e-01 -2.821720e-02 -2.390866e-02 1.367834e-03
 1.681682e-01 -3.403825e-02 -1.665645e-02 1.436040e-03
 1.691692e-01 -3.798805e-02 -8.002976e-03 1.507140e-03
 1.701702e-01 -3.973412e-02  1.567227e-03 1.581257e-03
 1.711712e-01 -3.906974e-02  1.149202e-02 1.658511e-03
 1.721722e-01 -3.593175e-02  2.116452e-02 1.739027e-03
 1.731732e-01 -3.040962e-02  2.996958e-02 1.822921e-03
 1.741742e-01 -2.274542e-02  3.732230e-02 1.910308e-03
 1.751752e-01 -1.332386e-02  4.270554e-02 2.001289e-03
 1.761762e-01 -2.653490e-03  4.570466e-02 2.095957e-03
 1.771772e-01  8.660885e-03  4.603666e-02 2.194385e-03
 1.781782e-01  1.995217e-02  4.357231e-02 2.296635e-03
 1.791792e-01  3.053020e-02  3.834909e-02 2.402746e-03
 1.801802e-01  3.972326e-02  3.057452e-02 2.512739e-03
 1.811812e-01  4.691994e-02  2.061882e-02 2.626617e-03
 1.821822e-01  5.160820e-02  8.997688e-03 2.744364e-03
 1.831832e-01  5.340973e-02 -3.654628e-03 2.865955e-03
 1.841842e-01  5.210688e-02 -1.661987e-02 2.991347e-03
 1.851852e-01  4.766082e-02 -2.913669e-02 3.120501e-03
 1.861862e-01  4.021907e-02 -4.044494e-02 3.253367e-03
 1.871872e-01  3.011234e-02 -4.983135e-02 3.389917e-03
 1.881882e-01  1.783996e-02 -5.667325e-02 3.530122e-03
 1.891892e-01  4.045210e-03 -6.047830e-02 3.673988e-03
 1.901902e-01 -1.051889e-02 -6.091708e-02 3.821538e-03
 1.911912e-01 -2.503076e-02 -5.784720e-02 3.972837e-03
 1.921922e-01 -3.864677e-02 -5.132647e-02 4.127979e-03
 1.931932e-01 -5.054990e-02 -4.161506e-02 4.287105e-03
 1.941942e-01 -5.999808e-02 -2.916538e-02 4.450389e-03
 1.951952e-01 -6.636906e-02 -1.460093e-02 4.618040e-03
 1.961962e-01 -6.919951e-02  1.315628e-03 4.790303e-03
 1.971972e-01 -6.821534e-02  1.772284e-02 4.967431e-03
 1.981982e-01 -6.335217e-02  3.370762e-02 5.149701e-03
 1.991992e-01 -5.476371e-02  4.835598e-02 5.337365e-03
 2.002002e-01 -4.281814e-02  6.080524e-02 5.530670e-03
 2.012012e-01 -2.808190e-02  7.029376e-02 5.729806e-03
 2.022022e-01 -1.129221e-02  7.620633e-02 5.934919e-03
 2.032032e-01  6.680907e-03  7.811165e-02 6.146065e-03
 2.042042e-01  2.488039e-02  7.579041e-02 6.363221e-03
 2.052052e-01  4.231385e-02  6.925161e-02 6.586248e-03
 2.062062e-01  5.800781e-02  5.873668e-02 6.814903e-03
 2.072072e-01  7.106199e-02  4.471037e-02 7.048824e-03
 2.082082e-01  8.070002e-02  2.783949e-02 7.287531e-03
 2.092092e-01  8.631438e-02  8.959767e-03 7.530449e-03
 2.102102e-01  8.750222e-02 -1.096662e-02 7.776905e-03
 2.112112e-01  8.409089e-02 -3.090140e-02 8.026174e-03
 2.122122e-01  7.615076e-02 -4.978495e-02 8.277480e-03
 2.132132e-01  6.399539e-02 -6.659319e-02 8.530063e-03
 2.142142e-01  4.816817e-02 -8.039285e-02 8.783183e-03
 2.152152e-01  2.941672e-02 -9.039277e-02 9.036196e-03
 2.162162e-01  8.655866e-03 -9.598766e-02 9.288555e-03
 2.172172e-01 -1.307847e-02 -9.679278e-02 9.539889e-03
 2.182182e-01 -3.468247e-02 -9.266672e-02 9.789995e-03
 2.192192e-01 -5.504128e-02 -8.372187e-02 1.003889e-02
 2.202202e-01 -7.308728e-02 -7.032121e-02 1.028682e-02
 2.212212e-01 -8.785584e-02 -5.306228e-02 1.053425e-02
 2.222222e-01 -9.853635e-02 -3.274840e-02 1.078187e-02
 2.232232e-01 -1.045152e-01 -1.034940e-02 1.103054e-02
 2.242242e-01 -1.054091e-01  1.304675e-02 1.128130e-02
 2.252252e-01 -1.010862e-01  3.628836e-02 1.153526e-02
 2.262262e-01 -9.167455e-02  5.821810e-02 1.179357e-02
 2.272272e-01 -7.755761e-02  7.773121e-02 1.205732e-02
 2.282282e-01 -5.935625e-02  9.383147e-02 1.232751e-02
 2.292292e-01 -3.789888e-02  1.056813e-01 1.260487e-02
 2.302302e-01 -1.418136e-02  1.126445e-01 1.288989e-02
 2.312312e-01  1.068187e-02  1.143178e-01 1.318265e-02
 2.322322e-01  3.551207e-02  1.105520e-01 1.348285e-02
 2.332332e-01  5.912396e-02  1.014596e-01 1.378968e-02
 2.342342e-01  8.038324e-02  8.740949e-02 1.410188e-02
 2.352352e-01  9.826173e-02  6.900958e-02 1.441769e-02
 2.362362e-01  1.118867e-01  4.707729e-02 1.473490e-02
 2.372372e-01  1.205826e-01  2.260018e-02 1.505093e-02
 2.382382e-01  1.239029e-01 -3.311201e-03 1.536290e-02
 2.392392e-01  1.216508e-01 -2.947639e-02 1.566777e-02
 2.402402e-01  1.138872e-01 -5.470061e-02 1.596244e-02
 2.412412e-01  1.009272e-01 -7.783096e-02 1.624395e-02
 2.422422e-01  8.332401e-02 -9.780954e-02 1.650960e-02
 2.432432e-01  6.184211e-02 -1.137220e-01 1.675715e-02
 2.442442e-01  3.742044e-02 -1.248385e-01 1.698495e-02
 2.452452e-01  1.112847e-02 -1.306456e-01 1.719210e-02
 2.462462e-01 -1.588355e-02 -1.308672e-01 1.737852e-02
 2.472472e-01 -4.243694e-02 -1.254758e-01 1.754508e-02
 2.482482e-01 -6.737784e-02 -1.146900e-01 1.769357e-02
 2.492492e-01 -8.962784e-02 -9.896253e-02 1.782673e-02
 2.502503e-01 -1.082309e-01 -7.895740e-02 1.794819e-02
 2.512513e-01 -1.223931e-01 -5.551797e-02 1.806231e-02
 2.522523e-01 -1.315153e-01 -2.962770e-02 1.817407e-02
 2.532533e-01 -1.352154e-01 -2.365844e-03 1.828880e-02
 2.542543e-01 -1.333416e-01  2.514043e-02 1.841203e-02
 2.552553e-01 -1.259745e-01  5.176436e-02 1.854913e-02
 2.562563e-01 -1.134196e-01  7.642715e-02 1.870511e-02
 2.572573e-01 -9.619007e-02  9.814164e-02 1.888431e-02
 2.582583e-01 -7.498160e-02  1.160514e-01 1.909016e-02
 2.592593e-01 -5.063980e-02  1.294625e-01 1.932492e-02
 2.602603e-01 -2.412292e-02  1.378683e-01 1.958958e-02
 2.612613e-01  3.539382e-03  1.409649e-01 1.988364e-02
 2.622623e-01  3.128822e-02  1.386585e-01 2.020514e-02
 2.632633e-01  5.807789e-02  1.310632e-01 2.055061e-02
 2.642643e-01  8.291558e-02  1.184915e-01 2.091524e-02
 2.652653e-01  1.048980e-01  1.014366e-01 2.129297e-02
 2.662663e-01  1.232426e-01  8.054848e-02 2.167679e-02
 2.672673e-01  1.373129e-01  5.660563e-02 2.205903e-02
 2.682683e-01  1.466375e-01  3.048227e-02 2.243172e-02
 2.692693e-01  1.509215e-01  3.113917e-03 2.278698e-02
 2.702703e-01  1.500512e-01 -2.453751e-02 2.311745e-02
 2.712713e-01  1.440924e-01 -5.151823e-02 2.341674e-02
 2.722723e-01  1.332814e-01 -7.691458e-02 2.367977e-02
 2.732733e-01  1.180116e-01 -9.988248e-02 2.390324e-02
 2.742743e-01  9.881497e-02 -1.196724e-01 2.408587e-02
 2.752753e-01  7.634022e-02 -1.356501e-01 2.422878e-02
 2.762763e-01  5.132800e-02 -1.473126e-01 2.433555e-02
 2.772773e-01  2.458534e-02 -1.542986e-01 2.441249e-02
 2.782783e-01 -3.041062e-03 -1.563945e-01 2.446848e-02
 2.792793e-01 -3.069050e-02 -1.535355e-01 2.451506e-02
 2.802803e-01 -5.751334e-02 -1.458024e-01 2.456613e-02
 2.812813e-01 -8.269371e-02 -1.334148e-01 2.463776e-02
 2.822823e-01 -1.054705e-01 -1.167209e-01 2.474781e-02
 2.832833e-01 -1.251554e-01 -9.618526e-02 2.491548e-02
 2.842843e-01 -1.411484e-01 -7.237362e-02 2.516082e-02
 2.852853e-01 -1.529505e-01 -4.593749e-02 2.550411e-02
 2.862863e-01 -1.601738e-01 -1.759664e-02 2.596528e-02
 2.872873e-01 -1.625487e-01  1.187813e-02 2.656318e-02
 2.882883e-01 -1.599295e-01  4.168321e-02 2.731492e-02
 2.892893e-01 -1.522962e-01  7.099985e-02 2.823512e-02
 2.902903e-01 -1.397563e-01  9.901228e-02 2.933526e-02
 2.912913e-01 -1.225424e-01  1.249251e-01 3.062293e-02
 2.922923e-01 -1.010095e-01  1.479811e-01 3.210133e-02
 2.932933e-01 -7.562941e-02  1.674778e-01 3.376861e-02
 2.942943e-01 -4.698368e-02  1.827845e-01 3.561765e-02
 2.952953e-01 -1.575405e-02  1.933584e-01 3.763566e-02
 2.962963e-01  1.728884e-02  1.987596e-01 3.980427e-02
 2.972973e-01  5.129958e-02  1.986656e-01 4.209966e-02
 2.982983e-01  8.537386e-02  1.928844e-01 4.449311e-02
 2.992993e-01  1.185673e-01  1.813656e-01 4.695170e-02
 3.003003e-01  1.499162e-01  1.642092e-01 4.943953e-02
 3.013013e-01  1.784606e-01  1.416717e-01 5.191905e-02
 3.023023e-01  2.032690e-01  1.141692e-01 5.435290e-02
 3.033033e-01  2.234649e-01  8.227627e-02 5.670595e-02
 3.043043e-01  2.382536e-01  4.672041e-02 5.894757e-02
 3.053053e-01  2.469494e-01  8.372152e-03 6.105411e-02
 3.063063e-01  2.490021e-01 -3.176976e-02 6.301137e-02
 3.073073e-01  2.440216e-01 -7.259874e-02 6.481713e-02
 3.083083e-01  2.317999e-01 -1.129249e-01 6.648321e-02
 3.093093e-01  2.123292e-01 -1.515051e-01 6.803747e-02
 3.103103e-01  1.858157e-01 -1.870760e-01 6.952490e-02
 3.113113e-01  1.526873e-01 -2.183918e-01 7.100838e-02
 3.123123e-01  1.135947e-01 -2.442628e-01 7.256810e-02
 3.133133e-01  6.940623e-02 -2.635966e-01 7.430042e-02
 3.143143e-01  2.119386e-02 -2.754380e-01 7.631525e-02
 3.153153e-01 -2.978716e-02 -2.790078e-01 7.873262e-02
 3.163163e-01 -8.212718e-02 -2.737389e-01 8.167783e-02
 3.173173e-01 -1.342974e-01 -2.593069e-01 8.527587e-02
 3.183183e-01 -1.846922e-01 -2.356556e-01 8.964474e-02
 3.193193e-01 -2.316758e-01 -2.030142e-01 9.488844e-02
 3.203203e-01 -2.736342e-01 -1.619068e-01 1.010895e-01
 3.213213e-01 -3.090281e-01 -1.131524e-01 1.083018e-01
 3.223223e-01 -3.364476e-01 -5.785418e-02 1.165441e-01
 3.233233e-01 -3.546649e-01  2.620316e-03 1.257940e-01
 3.243243e-01 -3.626843e-01  6.666988e-02 1.359848e-01
 3.253253e-01 -3.597867e-01  1.324993e-01 1.470026e-01
 3.263263e-01 -3.455675e-01  1.981684e-01 1.586876e-01
 3.273273e-01 -3.199648e-01  2.616475e-01 1.708369e-01
 3.283283e-01 -2.832791e-01  3.208797e-01 1.832109e-01
 3.293293e-01 -2.361798e-01  3.738461e-01 1.955418e-01
 3.303303e-01 -1.797012e-01  4.186335e-01 2.075465e-01
 3.313313e-01 -1.152246e-01  4.535012e-01 2.189400e-01
 3.323323e-01 -4.444965e-02  4.769450e-01 2.294523e-01
 3.333333e-01  3.064837e-02  4.877561e-01 2.388453e-01
 3.343343e-01  1.078701e-01  4.850725e-01 2.469313e-01
 3.353353e-01  1.848550e-01  4.684208e-01 2.535894e-01
 3.363363e-01  2.591505e-01  4.377466e-01 2.587811e-01
 3.373373e-01  3.282882e-01  3.934325e-01 2.625623e-01
 3.383383e-01  3.898627e-01  3.363021e-01 2.650920e-01
 3.393393e-01  4.416110e-01  2.676091e-01 2.666349e-01
 3.403403e-01  4.814906e-01  1.890127e-01 2.675590e-01
 3.413413e-01  5.077522e-01  1.025383e-01 2.683264e-01
 3.423423e-01  5.190060e-01  1.052537e-02 2.694780e-01
 3.433433e-01  5.142776e-01 -8.443720e-02 2.716111e-01
 3.443443e-01  4.930528e-01 -1.795849e-01 2.753518e-01
 3.453453e-01  4.553083e-01 -2.720599e-01 2.813222e-01
 3.463463e-01  4.015276e-01 -3.589985e-01 2.901043e-01
 3.473473e-01  3.327015e-01 -4.376210e-01 3.022025e-01
 3.483483e-01  2.503117e-01 -5.053212e-01 3.180055e-01
 3.493493e-01  1.562990e-01 -5.597529e-01 3.377527e-01
 3.503504e-01  5.301553e-02 -5.989099e-01 3.615038e-01
 3.513514e-01 -5.683624e-02 -6.211975e-01 3.891166e-01
 3.523524e-01 -1.702780e-01 -6.254917e-01 4.202344e-01
 3.533534e-01 -2.841393e-01 -6.111865e-01 4.542840e-01
 3.543544e-01 -3.951499e-01 -5.782240e-01 4.904864e-01
 3.553554e-01 -5.000359e-01 -5.271099e-01 5.278808e-01
 3.563564e-01 -5.956195e-01 -4.589099e-01 5.653609e-01
 3.573574e-01 -6.789156e-01 -3.752303e-01 6.017242e-01
 3.583584e-01 -7.472259e-01 -2.781807e-01 6.357310e-01
 3.593594e-01 -7.982244e-01 -1.703205e-01 6.661713e-01
 3.603604e-01 -8.300343e-01 -5.459148e-02 6.919372e-01
 3.613614e-01 -8.412907e-01  6.576311e-02 7.120949e-01
 3.623624e-01 -8.311905e-01  1.872895e-01 7.259550e-01
 3.633634e-01 -7.995243e-01  3.064218e-01 7.331334e-01
 3.643644e-01 -7.466924e-01  4.195857e-01 7.336017e-01
 3.653654e-01 -6.737019e-01  5.233027e-01 7.277200e-01
 3.663664e-01 -5.821460e-01  6.142948e-01 7.162520e-01
 3.673674e-01 -4.741652e-01  6.895814e-01 7.003552e-01
 3.683684e-01 -3.523933e-01  7.465720e-01 6.815509e-01
 3.693694e-01 -2.198866e-01  7.831454e-01 6.616668e-01
 3.703704e-01 -8.004192e-02  7.977177e-01 6.427602e-01
 3.713714e-01  6.349769e-02  7.892947e-01 6.270180e-01
 3.723724e-01  2.069432e-01  7.575079e-01 6.166437e-01
 3.733734e-01  3.464662e-01  7.026323e-01 6.137309e-01
 3.743744e-01  4.783065e-01  6.255865e-01 6.201356e-01
 3.753754e-01  5.988785e-01  5.279140e-01 6.373486e-01
 3.763764e-01  7.048727e-01  4.117471e-01 6.663812e-01
 3.773774e-01  7.933506e-01  2.797531e-01 7.076670e-01
 3.783784e-01  8.618283e-01  1.350667e-01 7.609911e-01
 3.793794e-01  9.083484e-01 -1.879219e-02 8.254499e-01
 3.803804e-01  9.315361e-01 -1.780107e-01 8.994474e-01
 3.813814e-01  9.306410e-01 -3.385845e-01 9.807322e-01
 3.823824e-01  9.055592e-01 -4.964233e-01 1.066474e+00
 3.833834e-01  8.568392e-01 -6.474602e-01 1.153378e+00
 3.843844e-01  7.856689e-01 -7.877595e-01 1.237841e+00
 3.853854e-01  6.938456e-01 -9.136211e-01 1.316125e+00
 3.863864e-01  5.837283e-01 -1.021679e+00 1.384566e+00
 3.873874e-01  4.581764e-01 -1.108988e+00 1.439780e+00
 3.883884e-01  3.204728e-01 -1.173105e+00 1.478878e+00
 3.893894e-01  1.742380e-01 -1.212148e+00 1.499662e+00
 3.903904e-01  2.333297e-02 -1.224848e+00 1.500797e+00
 3.913914e-01 -1.282415e-01 -1.210579e+00 1.481947e+00
 3.923924e-01 -2.764512e-01 -1.169374e+00 1.443861e+00
 3.933934e-01 -4.173339e-01 -1.101924e+00 1.388405e+00
 3.943944e-01 -5.471028e-01 -1.009556e+00 1.318526e+00
 3.953954e-01 -6.622448e-01 -8.942003e-01 1.238162e+00
 3.963964e-01 -7.596115e-01 -7.583364e-01 1.152084e+00
 3.973974e-01 -8.364990e-01 -6.049324e-01 1.065674e+00
 3.983984e-01 -8.907178e-01 -4.373661e-01 9.846674e-01
 3.993994e-01 -9.206463e-01 -2.593406e-01 9.148473e-01
 4.004004e-01 -9.252723e-01 -7.479014e-02 8.617223e-01
 4.014014e-01 -9.042157e-01  1.122166e-01 8.301985e-01
 4.024024e-01 -8.577381e-01  2.975772e-01 8.242668e-01
 4.034034e-01 -7.867336e-01  4.772544e-01 8.467214e-01
 4.044044e-01 -6.927054e-01  6.473729e-01 8.989325e-01
 4.054054e-01 -5.777270e-01  8.043099e-01 9.806829e-01
 4.064064e-01 -4.443896e-01  9.447792e-01 1.090090e+00
 4.074074e-01 -2.957373e-01  1.065904e+00 1.223612e+00
 4.084084e-01 -1.351927e-01  1.165280e+00 1.376155e+00
 4.094094e-01  3.352747e-02  1.241026e+00 1.541268e+00
 4.104104e-01  2.065007e-01  1.291817e+00 1.711435e+00
 4.114114e-01  3.796932e-01  1.316913e+00 1.878426e+00
 4.124124e-01  5.490539e-01  1.316157e+00 2.033730e+00
 4.134134e-01  7.106091e-01  1.289979e+00 2.169011e+00
 4.144144e-01  8.605528e-01  1.239366e+00 2.276579e+00
 4.154154e-01  9.953334e-01  1.165835e+00 2.349859e+00
 4.164164e-01  1.111731e+00  1.071384e+00 2.383810e+00
 4.174174e-01  1.206930e+00  9.584381e-01 2.375285e+00
 4.184184e-01  1.278576e+00  8.297842e-01 2.323297e+00
 4.194194e-01  1.324823e+00  6.884980e-01 2.229185e+00
 4.204204e-01  1.344374e+00  5.378688e-01 2.096645e+00
 4.214214e-01  1.336501e+00  3.813175e-01 1.931639e+00
 4.224224e-01  1.301055e+00  2.223171e-01 1.742169e+00
 4.234234e-01  1.238464e+00  6.430991e-02 1.537929e+00
 4.244244e-01  1.149717e+00 -8.936816e-02 1.329835e+00
 4.254254e-01  1.036337e+00 -2.355633e-01 1.129484e+00
 4.264264e-01  9.003440e-01 -3.713690e-01 9.485342e-01
 4.274274e-01  7.442056e-01 -4.941882e-01 7.980639e-01
 4.284284e-01  5.707804e-01 -6.017826e-01 6.879326e-01
 4.294294e-01  3.832560e-01 -6.923159e-01 6.261865e-01
 4.304304e-01  1.850786e-01 -7.643835e-01 6.185362e-01
 4.314314e-01 -2.011823e-02 -8.170348e-01 6.679507e-01
 4.324324e-01 -2.285893e-01 -8.497809e-01 7.743806e-01
 4.334334e-01 -4.365519e-01 -8.625954e-01 9.346484e-01
 4.344344e-01 -6.402609e-01 -8.559006e-01 1.142500e+00
 4.354354e-01 -8.360786e-01 -8.305482e-01 1.388838e+00
 4.364364e-01 -1.020543e+00 -7.877861e-01 1.662116e+00
 4.374374e-01 -1.190430e+00 -7.292221e-01 1.948889e+00
 4.384384e-01 -1.342807e+00 -6.567755e-01 2.234484e+00
 4.394394e-01 -1.475082e+00 -5.726277e-01 2.503770e+00
 4.404404e-01 -1.585046e+00 -4.791639e-01 2.741969e+00
 4.414414e-01 -1.670901e+00 -3.789163e-01 2.935487e+00
 4.424424e-01 -1.731284e+00 -2.745002e-01 3.072695e+00
 4.434434e-01 -1.765283e+00 -1.685563e-01 3.144637e+00
 4.444444e-01 -1.772441e+00 -6.368729e-02 3.145604e+00
 4.454454e-01 -1.752751e+00  3.759663e-02 3.073550e+00
 4.464464e-01 -1.706647e+00  1.329351e-01 2.930317e+00
 4.474474e-01 -1.634984e+00  2.201635e-01 2.721645e+00
 4.484484e-01 -1.539013e+00  2.973606e-01 2.456984e+00
 4.494494e-01 -1.420347e+00  3.628818e-01 2.149070e+00
 4.504505e-01 -1.280930e+00  4.153941e-01 1.813333e+00
 4.514515e-01 -1.122987e+00  4.538947e-01 1.467119e+00
 4.524525e-01 -9.489884e-01  4.777305e-01 1.128805e+00
 4.534535e-01 -7.615999e-01  4.866010e-01 8.168149e-01
 4.544545e-01 -5.636346e-01  4.805628e-01 5.486245e-01
 4.554555e-01 -3.580053e-01  4.600163e-01 3.397828e-01
 4.564565e-01 -1.476784e-01  4.256964e-01 2.030263e-01
 4.574575e-01  6.437431e-02  3.786442e-01 1.475155e-01
 4.584585e-01  2.752173e-01  3.201854e-01 1.782632e-01
 4.594595e-01  4.819949e-01  2.518904e-01 2.957678e-01
 4.604605e-01  6.819670e-01  1.755432e-01 4.958944e-01
 4.614615e-01  8.725457e-01  9.309250e-02 7.700022e-01
 4.624625e-01  1.051324e+00  6.614792e-03 1.105325e+00
 4.634635e-01  1.216101e+00 -8.174005e-02 1.485584e+00
 4.644645e-01  1.364909e+00 -1.697869e-01 1.891803e+00
 4.654655e-01  1.496022e+00 -2.553623e-01 2.303291e+00
 4.664665e-01  1.607977e+00 -3.363597e-01 2.698727e+00
 4.674675e-01  1.699578e+00 -4.107854e-01 3.057309e+00
 4.684685e-01  1.769902e+00 -4.767872e-01 3.359880e+00
 4.694695e-01  1.818302e+00 -5.327063e-01 3.590000e+00
 4.704705e-01  1.844402e+00 -5.770961e-01 3.734859e+00
 4.714715e-01  1.848091e+00 -6.087680e-01 3.786040e+00
 4.724725e-01  1.829520e+00 -6.267966e-01 3.740018e+00
 4.734735e-01  1.789085e+00 -6.305595e-01 3.598429e+00
 4.744745e-01  1.727419e+00 -6.197258e-01 3.368037e+00
 4.754755e-01  1.645377e+00 -5.942903e-01 3.060446e+00
 4.764765e-01  1.544021e+00 -5.545414e-01 2.691516e+00
 4.774775e-01  1.424600e+00 -5.010952e-01 2.280581e+00
 4.784785e-01  1.288543e+00 -4.348358e-01 1.849425e+00
 4.794795e-01  1.137425e+00 -3.569586e-01 1.421156e+00
 4.804805e-01  9.729760e-01 -2.688703e-01 1.018973e+00
 4.814815e-01  7.970218e-01 -1.722678e-01 6.649200e-01
 4.824825e-01  6.115286e-01 -6.895214e-02 3.787217e-01
 4.834835e-01  4.184896e-01  3.895465e-02 1.766511e-01
 4.844845e-01  2.200800e-01  1.495510e-01 7.080071e-02
 4.854855e-01  1.818561e-02  2.590505e-01 6.743785e-02
 4.864865e-01 -1.845798e-01  3.545647e-01 1.597858e-01
 4.874875e-01 -3.771058e-01  4.281638e-01 3.255330e-01
 4.884885e-01 -5.474510e-01  4.744789e-01 5.248328e-01
 4.894895e-01 -6.851945e-01  4.896090e-01 7.092085e-01
 4.904905e-01 -7.817474e-01  4.718405e-01 8.337625e-01
 4.914915e-01 -8.310237e-01  4.215873e-01 8.683363e-01
 4.924925e-01 -8.297464e-01  3.415523e-01 8.051370e-01
 4.934935e-01 -7.777020e-01  2.364870e-01 6.607466e-01
 4.944945e-01 -6.777519e-01  1.129902e-01 4.721144e-01
 4.954955e-01 -5.356854e-01 -2.097059e-02 2.873987e-01
 4.964965e-01 -3.598928e-01 -1.565177e-01 1.540206e-01
 4.974975e-01 -1.608649e-01 -2.845008e-01 1.068182e-01
 4.984985e-01  4.940813e-02 -3.960679e-01 1.593109e-01
 4.994995e-01  2.581755e-01 -4.833189e-01 3.002518e-01
 5.005005e-01  4.526612e-01 -5.398184e-01 4.963060e-01
 5.015015e-01  6.208755e-01 -5.611073e-01 7.003279e-01
 5.025025e-01  7.523039e-01 -5.449991e-01 8.629851e-01
 5.035035e-01  8.386120e-01 -4.918224e-01 9.451594e-01
 5.045045e-01  8.741077e-01 -4.043957e-01 9.276001e-01
 5.055055e-01  8.561892e-01 -2.879440e-01 8.159716e-01
 5.065065e-01  7.854416e-01 -1.497248e-01 6.393361e-01
 5.075075e-01  6.657459e-01  1.346206e-03 4.432194e-01
 5.085085e-01  5.039394e-01  1.553585e-01 2.780912e-01
 5.095095e-01  3.096033e-01  3.019475e-01 1.870265e-01
 5.105105e-01  9.428774e-02  4.311256e-01 1.947595e-01
 5.115115e-01 -1.288789e-01  5.337858e-01 3.015371e-01
 5.125125e-01 -3.463792e-01  6.025783e-01 4.830791e-01
 5.135135e-01 -5.445294e-01  6.320858e-01 6.960447e-01
 5.145145e-01 -7.112996e-01  6.197996e-01 8.900987e-01
 5.155155e-01 -8.351175e-01  5.652273e-01 1.016903e+00
 5.165165e-01 -9.135584e-01  4.743166e-01 1.059565e+00
 5.175175e-01 -9.769576e-01  3.702393e-01 1.091523e+00
 5.185185e-01 -1.029273e+00  2.576248e-01 1.125774e+00
 5.195195e-01 -1.068323e+00  1.372076e-01 1.160141e+00
 5.205205e-01 -1.093361e+00  1.072149e-02 1.195553e+00
 5.215215e-01 -1.103196e+00 -1.203091e-01 1.231515e+00
 5.225225e-01 -1.097187e+00 -2.539857e-01 1.268327e+00
 5.235235e-01 -1.074674e+00 -3.884249e-01 1.305798e+00
 5.245245e-01 -1.035402e+00 -5.215343e-01 1.344054e+00
 5.255255e-01 -9.792451e-01 -6.512220e-01 1.383011e+00
 5.265265e-01 -9.064471e-01 -7.752909e-01 1.422722e+00
 5.275275e-01 -8.174553e-01 -8.915813e-01 1.463150e+00
 5.285285e-01 -7.130694e-01 -9.979202e-01 1.504313e+00
 5.295295e-01 -5.943277e-01 -1.092232e+00 1.546196e+00
 5.305305e-01 -4.626013e-01 -1.172517e+00 1.588797e+00
 5.315315e-01 -3.195027e-01 -1.236945e+00 1.632116e+00
 5.325325e-01 -1.669436e-01 -1.283848e+00 1.676135e+00
 5.335335e-01 -7.053124e-03 -1.311798e+00 1.720863e+00
 5.345345e-01  1.577933e-01 -1.319611e+00 1.766273e+00
 5.355355e-01  3.250524e-01 -1.306414e+00 1.812377e+00
 5.365365e-01  4.920066e-01 -1.271642e+00 1.859143e+00
 5.375375e-01  6.558432e-01 -1.215094e+00 1.906583e+00
 5.385385e-01  8.136656e-01 -1.136931e+00 1.954664e+00
 5.395395e-01  9.625736e-01 -1.037712e+00 2.003394e+00
 5.405405e-01  1.099687e+00 -9.183824e-01 2.052739e+00
 5.415415e-01  1.222228e+00 -7.802960e-01 2.102704e+00
 5.425425e-01  1.327551e+00 -6.251912e-01 2.153256e+00
 5.435435e-01  1.413221e+00 -4.551932e-01 2.204395e+00
 5.445445e-01  1.477051e+00 -2.727785e-01 2.256089e+00
 5.455455e-01  1.517172e+00 -8.075788e-02 2.308332e+00
 5.465465e-01  1.532065e+00  1.177734e-01 2.361094e+00
 5.475475e-01  1.520626e+00  3.194701e-01 2.414365e+00
 5.485485e-01  1.482189e+00  5.207996e-01 2.468115e+00
 5.495495e-01  1.416571e+00  7.180925e-01 2.522329e+00
 5.505506e-01  1.324089e+00  9.076159e-01 2.576978e+00
 5.515516e-01  1.205586e+00  1.085635e+00 2.632042e+00
 5.525526e-01  1.062428e+00  1.248496e+00 2.687494e+00
 5.535536e-01  8.965071e-01  1.392689e+00 2.743308e+00
 5.545546e-01  7.102234e-01  1.514940e+00 2.799459e+00
 5.555556e-01  5.064638e-01  1.612269e+00 2.855917e+00
 5.565566e-01  2.885581e-01  1.682079e+00 2.912655e+00
 5.575576e-01  6.023970e-02  1.722212e+00 2.969642e+00
 5.585586e-01 -1.744220e-01  1.731019e+00 3.026851e+00
 5.595596e-01 -4.110819e-01  1.707412e+00 3.084245e+00
 5.605606e-01 -6.452045e-01  1.650912e+00 3.141799e+00
 5.615616e-01 -8.721422e-01  1.561679e+00 3.199474e+00
 5.625626e-01 -1.087234e+00  1.440543e+00 3.257242e+00
 5.635636e-01 -1.285896e+00  1.289006e+00 3.315063e+00
 5.645646e-01 -1.463724e+00  1.109243e+00 3.372908e+00
 5.655656e-01 -1.616594e+00  9.040796e-01 3.430737e+00
 5.665666e-01 -1.740759e+00  6.769622e-01 3.488518e+00
 5.675676e-01 -1.832940e+00  4.319031e-01 3.546209e+00
 5.685686e-01 -1.890424e+00  1.734219e-01 3.603779e+00
 5.695696e-01 -1.911135e+00 -9.353640e-02 3.661185e+00
 5.705706e-01 -1.893706e+00 -3.636885e-01 3.718393e+00
 5.715716e-01 -1.837538e+00 -6.315186e-01 3.775360e+00
 5.725726e-01 -1.742837e+00 -8.913869e-01 3.832052e+00
 5.735736e-01 -1.610644e+00 -1.137652e+00 3.888425e+00
 5.745746e-01 -1.442838e+00 -1.364794e+00 3.944443e+00
 5.755756e-01 -1.242128e+00 -1.567540e+00 4.000065e+00
 5.765766e-01 -1.012022e+00 -1.740994e+00 4.055250e+00
 5.775776e-01 -7.567717e-01 -1.880759e+00 4.109960e+00
 5.785786e-01 -4.813099e-01 -1.983051e+00 4.164152e+00
 5.795796e-01 -1.911559e-01 -2.044810e+00 4.217789e+00
 5.805806e-01  1.076856e-01 -2.063791e+00 4.270828e+00
 5.815816e-01  4.088496e-01 -2.038645e+00 4.323231e+00
 5.825826e-01  7.057420e-01 -1.968981e+00 4.374956e+00
 5.835836e-01  9.916876e-01 -1.855403e+00 4.425966e+00
 5.845846e-01  1.260080e+00 -1.699534e+00 4.476218e+00
 5.855856e-01  1.504541e+00 -1.504006e+00 4.525676e+00
 5.865866e-01  1.719075e+00 -1.272431e+00 4.574298e+00
 5.875876e-01  1.898226e+00 -1.009350e+00 4.622049e+00
 5.885886e-01  2.037221e+00 -7.201503e-01 4.668886e+00
 5.895896e-01  2.132108e+00 -4.109660e-01 4.714777e+00
 5.905906e-01  2.179871e+00 -8.855056e-02 4.759680e+00
 5.915916e-01  2.178538e+00  2.398646e-01 4.803561e+00
 5.925926e-01  2.127251e+00  5.667334e-01 4.846384e+00
 5.935936e-01  2.026329e+00  8.843677e-01 4.888114e+00
 5.945946e-01  1.877285e+00  1.185123e+00 4.928715e+00
 5.955956e-01  1.682830e+00  1.461587e+00 4.968156e+00
 5.965966e-01  1.446838e+00  1.706770e+00 5.006403e+00
 5.975976e-01  1.174277e+00  1.914287e+00 5.043423e+00
 5.985986e-01  8.711238e-01  2.078541e+00 5.079187e+00
 5.995996e-01  5.442338e-01  2.194875e+00 5.113665e+00
 6.006006e-01  2.011952e-01  2.259723e+00 5.146827e+00
 6.016016e-01 -1.498439e-01  2.270725e+00 5.178645e+00
 6.026026e-01 -5.003704e-01  2.226819e+00 5.209095e+00
 6.036036e-01 -8.417122e-01  2.128302e+00 5.238148e+00
 6.046046e-01 -1.165259e+00  1.976854e+00 5.265782e+00
 6.056056e-01 -1.462687e+00  1.775534e+00 5.291972e+00
 6.066066e-01 -1.726177e+00  1.528729e+00 5.316699e+00
 6.076076e-01 -1.948637e+00  1.242076e+00 5.339939e+00
 6.086086e-01 -2.123903e+00  9.223397e-01 5.361676e+00
 6.096096e-01 -2.246921e+00  5.772653e-01 5.381889e+00
 6.106106e-01 -2.313908e+00  2.153925e-01 5.400564e+00
 6.116116e-01 -2.322482e+00 -1.541522e-01 5.417684e+00
 6.126126e-01 -2.271755e+00 -5.218860e-01 5.433236e+00
 6.136136e-01 -2.162393e+00 -8.782174e-01 5.447208e+00
 6.146146e-01 -1.996626e+00 -1.213701e+00 5.459589e+00
 6.156156e-01 -1.778228e+00 -1.519300e+00 5.470368e+00
 6.166166e-01 -1.512440e+00 -1.786635e+00 5.479539e+00
 6.176176e-01 -1.205859e+00 -2.008233e+00 5.487095e+00
 6.186186e-01 -8.662849e-01 -2.177747e+00 5.493031e+00
 6.196196e-01 -5.025288e-01 -2.290154e+00 5.497343e+00
 6.206206e-01 -1.241870e-01 -2.341923e+00 5.500028e+00
 6.216216e-01  2.586112e-01 -2.331139e+00 5.501088e+00
 6.226226e-01  6.354765e-01 -2.257585e+00 5.500521e+00
 6.236236e-01  9.960480e-01 -2.122786e+00 5.498332e+00
 6.246246e-01  1.330286e+00 -1.929990e+00 5.494522e+00
 6.256256e-01  1.628762e+00 -1.684112e+00 5.489100e+00
 6.266266e-01  1.882942e+00 -1.391617e+00 5.482069e+00
 6.276276e-01  2.085440e+00 -1.060368e+00 5.473439e+00
 6.286286e-01  2.230256e+00 -6.994140e-01 5.463220e+00
 6.296296e-01  2.312967e+00 -3.187567e-01 5.451423e+00
 6.306306e-01  2.330886e+00  7.093157e-02 5.438059e+00
 6.316316e-01  2.283161e+00  4.586060e-01 5.423143e+00
 6.326326e-01  2.170834e+00  8.331685e-01 5.406689e+00
 6.336336e-01  1.996835e+00  1.183793e+00 5.388714e+00
 6.346346e-01  1.765923e+00  1.500251e+00 5.369236e+00
 6.356356e-01  1.484571e+00  1.773224e+00 5.348274e+00
 6.366366e-01  1.160799e+00  1.994591e+00 5.325848e+00
 6.376376e-01  8.039494e-01  2.157694e+00 5.301978e+00
 6.386386e-01  4.244252e-01  2.257554e+00 5.276688e+00
 6.396396e-01  3.339010e-02  2.291045e+00 5.250001e+00
 6.406406e-01 -3.575631e-01  2.257009e+00 5.221942e+00
 6.416416e-01 -7.367608e-01  2.156321e+00 5.192535e+00
 6.426426e-01 -1.092806e+00  1.991880e+00 5.161810e+00
 6.436436e-01 -1.414932e+00  1.768547e+00 5.129791e+00
 6.446446e-01 -1.693343e+00  1.493017e+00 5.096510e+00
 6.456456e-01 -1.919531e+00  1.173625e+00 5.061993e+00
 6.466466e-01 -2.086551e+00  8.201093e-01 5.026273e+00
 6.476476e-01 -2.189257e+00  4.433182e-01 4.989379e+00
 6.486486e-01 -2.224485e+00  5.487755e-02 4.951345e+00
 6.496496e-01 -2.191164e+00 -3.331683e-01 4.912201e+00
 6.506507e-01 -2.090377e+00 -7.087356e-01 4.871982e+00
 6.516517e-01 -1.925341e+00 -1.060087e+00 4.830721e+00
 6.526527e-01 -1.701323e+00 -1.376210e+00 4.788452e+00
 6.536537e-01 -1.425488e+00 -1.647178e+00 4.745211e+00
 6.546547e-01 -1.106682e+00 -1.864480e+00 4.701032e+00
 6.556557e-01 -7.551547e-01 -2.021309e+00 4.655951e+00
 6.566567e-01 -3.822396e-01 -2.112793e+00 4.610003e+00
 6.576577e-01  1.348761e-05 -2.136171e+00 4.563227e+00
 6.586587e-01  3.792287e-01 -2.090895e+00 4.515657e+00
 6.596597e-01  7.431117e-01 -1.978665e+00 4.467331e+00
 6.606607e-01  1.079858e+00 -1.803384e+00 4.418286e+00
 6.616617e-01  1.378548e+00 -1.571039e+00 4.368559e+00
 6.626627e-01  1.629521e+00 -1.289515e+00 4.318187e+00
 6.636637e-01  1.824701e+00 -9.683355e-01 4.267208e+00
 6.646647e-01  1.957882e+00 -6.183505e-01 4.215659e+00
 6.656657e-01  2.024941e+00 -2.513745e-01 4.163577e+00
 6.666667e-01  2.023993e+00  1.202133e-01 4.110999e+00
 6.676677e-01  1.955457e+00  4.838894e-01 4.057962e+00
 6.686687e-01  1.822055e+00  8.274159e-01 4.004503e+00
 6.696697e-01  1.628723e+00  1.139264e+00 3.950659e+00
 6.706707e-01  1.382443e+00  1.409013e+00 3.896466e+00
 6.716717e-01  1.092011e+00  1.627720e+00 3.841961e+00
 6.726727e-01  7.677292e-01  1.788231e+00 3.787178e+00
 6.736737e-01  4.210485e-01  1.885437e+00 3.732154e+00
 6.746747e-01  6.416687e-02  1.916457e+00 3.676924e+00
 6.756757e-01 -2.904010e-01  1.880742e+00 3.621522e+00
 6.766767e-01 -6.302686e-01  1.780097e+00 3.565982e+00
 6.776777e-01 -9.436192e-01  1.618617e+00 3.510339e+00
 6.786787e-01 -1.219629e+00  1.402544e+00 3.454624e+00
 6.796797e-01 -1.448858e+00  1.140037e+00 3.398872e+00
 6.806807e-01 -1.623586e+00  8.408808e-01 3.343113e+00
 6.816817e-01 -1.738100e+00  5.161292e-01 3.287380e+00
 6.826827e-01 -1.788890e+00  1.777001e-01 3.231703e+00
 6.836837e-01 -1.774781e+00 -1.620607e-01 3.176113e+00
 6.846847e-01 -1.696974e+00 -4.908339e-01 3.120639e+00
 6.856857e-01 -1.558990e+00 -7.967805e-01 3.065309e+00
 6.866867e-01 -1.366541e+00 -1.068980e+00 3.010153e+00
 6.876877e-01 -1.127311e+00 -1.297832e+00 2.955197e+00
 6.886887e-01 -8.506598e-01 -1.475414e+00 2.900468e+00
 6.896897e-01 -5.472725e-01 -1.595771e+00 2.845992e+00
 6.906907e-01 -2.287490e-01 -1.655134e+00 2.791795e+00
 6.916917e-01  9.283625e-02 -1.652054e+00 2.737900e+00
 6.926927e-01  4.053947e-01 -1.587447e+00 2.684332e+00
 6.936937e-01  6.972844e-01 -1.464551e+00 2.631114e+00
 6.946947e-01  9.577529e-01 -1.288789e+00 2.578267e+00
 6.956957e-01  1.177347e+00 -1.067552e+00 2.525812e+00
 6.966967e-01  1.348268e+00 -8.099041e-01 2.473771e+00
 6.976977e-01  1.464669e+00 -5.262202e-01 2.422162e+00
 6.986987e-01  1.522867e+00 -2.277765e-01 2.371005e+00
 6.996997e-01  1.521475e+00  7.369459e-02 2.320318e+00
 7.007007e-01  1.461444e+00  3.664685e-01 2.270118e+00
 7.017017e-01  1.346006e+00  6.392888e-01 2.220421e+00
 7.027027e-01  1.180532e+00  8.818090e-01 2.171243e+00
 7.037037e-01  9.723068e-01  1.084997e+00 2.122598e+00
 7.047047e-01  7.302201e-01  1.241483e+00 2.074501e+00
 7.057057e-01  4.644009e-01  1.345844e+00 2.026965e+00
 7.067067e-01  1.858003e-01  1.394805e+00 1.980002e+00
 7.077077e-01 -9.425673e-02  1.387350e+00 1.933624e+00
 7.087087e-01 -3.645327e-01  1.324748e+00 1.887842e+00
 7.097097e-01 -6.143333e-01  1.210479e+00 1.842665e+00
 7.107107e-01 -8.339387e-01  1.050071e+00 1.798103e+00
 7.117117e-01 -1.014992e+00  8.508554e-01 1.754164e+00
 7.127127e-01 -1.150831e+00  6.216478e-01 1.710857e+00
 7.137137e-01 -1.236742e+00  3.723687e-01 1.668188e+00
 7.147147e-01 -1.270140e+00  1.136215e-01 1.626164e+00
 7.157157e-01 -1.250650e+00 -1.437561e-01 1.584791e+00
 7.167167e-01 -1.180101e+00 -3.891468e-01 1.544073e+00
 7.177177e-01 -1.062421e+00 -6.125967e-01 1.504014e+00
 7.187187e-01 -9.034540e-01 -8.052266e-01 1.464619e+00
 7.197197e-01 -7.106824e-01 -9.595942e-01 1.425890e+00
 7.207207e-01 -4.928964e-01 -1.069992e+00 1.387831e+00
 7.217217e-01 -2.598004e-01 -1.132672e+00 1.350441e+00
 7.227227e-01 -2.158819e-02 -1.145975e+00 1.313724e+00
 7.237237e-01  2.115019e-01 -1.110381e+00 1.277679e+00
 7.247247e-01  4.296278e-01 -1.028458e+00 1.242306e+00
 7.257257e-01  6.237645e-01 -9.047230e-01 1.207606e+00
 7.267267e-01  7.860841e-01 -7.454178e-01 1.173576e+00
 7.277277e-01  9.102807e-01 -5.582156e-01 1.140216e+00
 7.287287e-01  9.918242e-01 -3.518629e-01 1.107523e+00
 7.297297e-01  1.028133e+00 -1.357805e-01 1.075495e+00
 7.307307e-01  1.018661e+00  8.036174e-02 1.044128e+00
 7.317317e-01  9.648875e-01  2.870766e-01 1.013421e+00
 7.327327e-01  8.702232e-01  4.754782e-01 9.833679e-01
 7.337337e-01  7.398272e-01  6.376686e-01 9.539655e-01
 7.347347e-01  5.803478e-01  7.670759e-01 9.252090e-01
 7.357357e-01  3.996002e-01  8.587276e-01 8.970935e-01
 7.367367e-01  2.061945e-01  9.094489e-01 8.696136e-01
 7.377377e-01  9.132952e-03  9.179761e-01 8.427636e-01
 7.387387e-01 -1.826062e-01  8.849817e-01 8.165376e-01
 7.397397e-01 -3.604775e-01  8.130100e-01 7.909293e-01
 7.407407e-01 -5.167519e-01  7.063284e-01 7.659323e-01
 7.417417e-01 -6.448578e-01  5.706995e-01 7.415395e-01
 7.427427e-01 -7.396629e-01  4.130896e-01 7.177441e-01
 7.437437e-01 -7.976854e-01  2.413226e-01 6.945386e-01
 7.447447e-01 -8.172257e-01  6.370156e-02 6.719157e-01
 7.457457e-01 -7.984110e-01 -1.113884e-01 6.498674e-01
 7.467467e-01 -7.431552e-01 -2.758739e-01 6.283861e-01
 7.477477e-01 -6.550338e-01 -4.223673e-01 6.074634e-01
 7.487487e-01 -5.390828e-01 -5.445008e-01 5.870913e-01
 7.497497e-01 -4.015304e-01 -6.372085e-01 5.672613e-01
 7.507508e-01 -2.494778e-01 -6.969403e-01 5.479650e-01
 7.517518e-01 -9.054186e-02 -7.218004e-01 5.291937e-01
 7.527528e-01  6.752015e-02 -7.116035e-01 5.109386e-01
 7.537538e-01  2.171863e-01 -6.678481e-01 4.931910e-01
 7.547548e-01  3.515275e-01 -5.936079e-01 4.759419e-01
 7.557558e-01  4.645309e-01 -4.933493e-01 4.591825e-01
 7.567568e-01  5.513713e-01 -3.726839e-01 4.429036e-01
 7.577578e-01  6.086207e-01 -2.380696e-01 4.270963e-01
 7.587588e-01  6.343846e-01 -9.647541e-02 4.117514e-01
 7.597598e-01  6.283608e-01  4.497249e-02 3.968598e-01
 7.607608e-01  5.918172e-01  1.793457e-01 3.824125e-01
 7.617618e-01  5.274933e-01  3.002516e-01 3.684003e-01
 7.627628e-01  4.394294e-01  4.021391e-01 3.548140e-01
 7.637638e-01  3.327343e-01  4.805545e-01 3.416447e-01
 7.647648e-01  2.133042e-01  5.323388e-01 3.288833e-01
 7.657658e-01  8.750795e-02  5.557544e-01 3.165206e-01
 7.667668e-01 -3.814630e-02  5.505385e-01 3.045478e-01
 7.677678e-01 -1.573429e-01  5.178794e-01 2.929559e-01
 7.687688e-01 -2.642752e-01  4.603202e-01 2.817361e-01
 7.697698e-01 -3.539276e-01  3.815949e-01 2.708794e-01
 7.707708e-01 -4.223130e-01  2.864071e-01 2.603773e-01
 7.717718e-01 -4.666497e-01  1.801639e-01 2.502209e-01
 7.727728e-01 -4.854741e-01  6.867874e-02 2.404019e-01
 7.737738e-01 -4.786813e-01 -4.213939e-02 2.309115e-01
 7.747748e-01 -4.474946e-01 -1.465951e-01 2.217415e-01
 7.757758e-01 -3.943661e-01 -2.394974e-01 2.128836e-01
 7.767768e-01 -3.228154e-01 -3.164171e-01 2.043296e-01
 7.777778e-01 -2.372160e-01 -3.738982e-01 1.960713e-01
 7.787788e-01 -1.425414e-01 -4.096129e-01 1.881008e-01
 7.797798e-01 -4.408612e-02 -4.224531e-01 1.804102e-01
 7.807808e-01  5.282412e-02 -4.125548e-01 1.729919e-01
 7.817818e-01  1.431164e-01 -3.812555e-01 1.658380e-01
 7.827828e-01  2.222338e-01 -3.309885e-01 1.589413e-01
 7.837838e-01  2.863651e-01 -2.651211e-01 1.522942e-01
 7.847848e-01  3.326273e-01 -1.877460e-01 1.458895e-01
 7.857858e-01  3.591939e-01 -1.034399e-01 1.397201e-01
 7.867868e-01  3.653627e-01 -1.700075e-02 1.337789e-01
 7.877878e-01  3.515601e-01  6.681873e-02 1.280592e-01
 7.887888e-01  3.192837e-01  1.435693e-01 1.225542e-01
 7.897898e-01  2.709881e-01  2.093389e-01 1.172573e-01
 7.907908e-01  2.099205e-01  2.609509e-01 1.121620e-01
 7.917918e-01  1.399178e-01  2.961166e-01 1.072621e-01
 7.927928e-01  6.517547e-02  3.135337e-01 1.025512e-01
 7.937938e-01 -9.995656e-03  3.129273e-01 9.802339e-02
 7.947948e-01 -8.141339e-02  2.950332e-01 9.367272e-02
 7.957958e-01 -1.452534e-01  2.615240e-01 8.949337e-02
 7.967968e-01 -1.982521e-01  2.148857e-01 8.547973e-02
 7.977978e-01 -2.378718e-01  1.582506e-01 8.162624e-02
 7.987988e-01 -2.624202e-01  9.520070e-02 7.792755e-02
 7.997998e-01 -2.711185e-01  2.954882e-02 7.437837e-02
 8.008008e-01 -2.641149e-01 -3.488481e-02 7.097361e-02
 8.018018e-01 -2.424453e-01 -9.449104e-02 6.770826e-02
 8.028028e-01 -2.079441e-01 -1.460709e-01 6.457746e-02
 8.038038e-01 -1.631119e-01 -1.870053e-01 6.157647e-02
 8.048048e-01 -1.109484e-01 -2.153860e-01 5.870069e-02
 8.058058e-01 -5.476174e-02 -2.301017e-01 5.594565e-02
 8.068068e-01  2.033579e-03 -2.308740e-01 5.330696e-02
 8.078078e-01  5.611957e-02 -2.182453e-01 5.078041e-02
 8.088088e-01  1.044648e-01 -1.935174e-01 4.836187e-02
 8.098098e-01  1.444918e-01 -1.586489e-01 4.604736e-02
 8.108108e-01  1.742125e-01 -1.161162e-01 4.383297e-02
 8.118118e-01  1.923240e-01 -6.874894e-02 4.171496e-02
 8.128128e-01  1.982611e-01 -1.954961e-02 3.968965e-02
 8.138138e-01  1.922025e-01  2.849086e-02 3.775353e-02
 8.148148e-01  1.750331e-01  7.257103e-02 3.590314e-02
 8.158158e-01  1.482649e-01  1.102392e-01 3.413516e-02
 8.168168e-01  1.139227e-01  1.395277e-01 3.244638e-02
 8.178178e-01  7.440352e-02  1.590528e-01 3.083367e-02
 8.188188e-01  3.231704e-02  1.680763e-01 2.929402e-02
 8.198198e-01 -9.679914e-03  1.665257e-01 2.782449e-02
 8.208208e-01 -4.904702e-02  1.549731e-01 2.642229e-02
 8.218218e-01 -8.351072e-02  1.345757e-01 2.508465e-02
 8.228228e-01 -1.111931e-01  1.069816e-01 2.380897e-02
 8.238238e-01 -1.307116e-01  7.421022e-02 2.259268e-02
 8.248248e-01 -1.412448e-01  3.851285e-02 2.143334e-02
 8.258258e-01 -1.425609e-01  2.224497e-03 2.032855e-02
 8.268268e-01 -1.350085e-01 -3.238418e-02 1.927604e-02
 8.278278e-01 -1.194721e-01 -6.324564e-02 1.827358e-02
 8.288288e-01 -9.729461e-02 -8.861617e-02 1.731907e-02
 8.298298e-01 -7.017530e-02 -1.071721e-01 1.641043e-02
 8.308308e-01 -4.004815e-02 -1.180755e-01 1.554569e-02
 8.318318e-01 -8.950360e-03 -1.210076e-01 1.472295e-02
 8.328328e-01  2.111060e-02 -1.161667e-01 1.394037e-02
 8.338338e-01  4.828328e-02 -1.042349e-01 1.319619e-02
 8.348348e-01  7.098336e-02 -8.631373e-02 1.248870e-02
 8.358358e-01  8.798378e-02 -6.383678e-02 1.181628e-02
 8.368368e-01  9.847802e-02 -3.846337e-02 1.117735e-02
 8.378378e-01  1.021142e-01 -1.196254e-02 1.057041e-02
 8.388388e-01  9.899811e-02  1.390586e-02 9.993998e-03
 8.398398e-01  8.966686e-02  3.750444e-02 9.446729e-03
 8.408408e-01  7.503512e-02  5.741942e-02 8.927259e-03
 8.418418e-01  5.631932e-02  7.254270e-02 8.434308e-03
 8.428428e-01  3.494476e-02  8.213104e-02 7.966645e-03
 8.438438e-01  1.244324e-02  8.583851e-02 7.523085e-03
 8.448448e-01 -9.652531e-03  8.372173e-02 7.102500e-03
 8.458458e-01 -2.990992e-02  7.621808e-02 6.703799e-03
 8.468468e-01 -4.708675e-02  6.409981e-02 6.325948e-03
 8.478478e-01 -6.020505e-02  4.840757e-02 5.967941e-03
 8.488488e-01 -6.860430e-02  3.036909e-02 5.628831e-03
 8.498498e-01 -7.197093e-02  1.130853e-02 5.307697e-03
 8.508509e-01 -7.034359e-02 -7.446532e-03 5.003672e-03
 8.518519e-01 -6.409417e-02 -2.465462e-02 4.715912e-03
 8.528529e-01 -5.388740e-02 -3.923994e-02 4.443624e-03
 8.538539e-01 -4.062214e-02 -5.035754e-02 4.186040e-03
 8.548549e-01 -2.535958e-02 -5.743973e-02 3.942431e-03
 8.558559e-01 -9.243165e-03 -6.022178e-02 3.712099e-03
 8.568569e-01  6.583161e-03 -5.874551e-02 3.494373e-03
 8.578579e-01  2.105351e-02 -5.334201e-02 3.288621e-03
 8.588589e-01  3.324942e-02 -4.459489e-02 3.094228e-03
 8.598599e-01  4.245615e-02 -3.328807e-02 2.910620e-03
 8.608609e-01  4.820220e-02 -2.034173e-02 2.737238e-03
 8.618619e-01  5.028026e-02 -6.742068e-03 2.573560e-03
 8.628629e-01  4.874863e-02  6.530720e-03 2.419079e-03
 8.638639e-01  4.391425e-02  1.857039e-02 2.273321e-03
 8.648649e-01  3.629882e-02  2.860458e-02 2.135826e-03
 8.658659e-01  2.659162e-02  3.604229e-02 2.006161e-03
 8.668669e-01  1.559254e-02  4.050659e-02 1.883911e-03
 8.678679e-01  4.150091e-03  4.185040e-02 1.768679e-03
 8.688689e-01 -6.901266e-03  4.015550e-02 1.660091e-03
 8.698699e-01 -1.679962e-02  3.571500e-02 1.557788e-03
 8.708709e-01 -2.490637e-02  2.900184e-02 1.461434e-03
 8.718719e-01 -3.074551e-02  2.062563e-02 1.370703e-03
 8.728729e-01 -3.402954e-02  1.128206e-02 1.285295e-03
 8.738739e-01 -3.467031e-02  1.698238e-03 1.204915e-03
 8.748749e-01 -3.277521e-02 -7.421291e-03 1.129290e-03
 8.758759e-01 -2.862904e-02 -1.544450e-02 1.058155e-03
 8.768769e-01 -2.266423e-02 -2.185389e-02 9.912601e-04
 8.778779e-01 -1.542143e-02 -2.627827e-02 9.283679e-04
 8.788789e-01 -7.504403e-03 -2.851204e-02 8.692522e-04
 8.798799e-01  4.676889e-04 -2.852161e-02 8.137010e-04
 8.808809e-01  7.906487e-03 -2.643859e-02 7.615115e-04
 8.818819e-01  1.429631e-02 -2.254133e-02 7.124961e-04
 8.828829e-01  1.922825e-02 -1.722635e-02 6.664728e-04
 8.838839e-01  2.242486e-02 -1.097266e-02 6.232737e-04
 8.848849e-01  2.375356e-02 -4.301494e-03 5.827343e-04
 8.858859e-01  2.322871e-02  2.264736e-03 5.447019e-04
 8.868869e-01  2.100241e-02  8.241750e-03 5.090277e-04
 8.878879e-01  1.734561e-02  1.321753e-02 4.755734e-04
 8.888889e-01  1.262101e-02  1.687949e-02 4.442069e-04
 8.898899e-01  7.250690e-03  1.903240e-02 4.148049e-04
 8.908909e-01  1.680733e-03  1.960683e-02 3.872527e-04
 8.918919e-01 -3.653910e-03  1.865717e-02 3.614412e-04
 8.928929e-01 -8.362056e-03  1.635072e-02 3.372699e-04
 8.938939e-01 -1.212358e-02  1.294833e-02 3.146404e-04
 8.948949e-01 -1.471006e-02  8.779286e-03 2.934619e-04
 8.958959e-01 -1.599698e-02  4.211934e-03 2.736438e-04
 8.968969e-01 -1.596750e-02 -3.768303e-04 2.551031e-04
 8.978979e-01 -1.470746e-02 -4.631320e-03 2.377584e-04
 8.988989e-01 -1.239290e-02 -8.243297e-03 2.215359e-04
 8.998999e-01 -9.271045e-03 -1.097332e-02 2.063661e-04
 9.009009e-01 -5.636973e-03 -1.266531e-02 1.921855e-04
 9.019019e-01 -1.807612e-03 -1.325398e-02 1.789355e-04
 9.029029e-01  1.904284e-03 -1.276456e-02 1.665602e-04
 9.039039e-01  5.214631e-03 -1.130552e-02 1.550072e-04
 9.049049e-01  7.888609e-03 -9.055038e-03 1.442239e-04
 9.059059e-01  9.756457e-03 -6.242814e-03 1.341612e-04
 9.069069e-01  1.072293e-02 -3.128661e-03 1.247698e-04
 9.079079e-01  1.077056e-02  1.987108e-05 1.160054e-04
 9.089089e-01  9.956223e-03  2.949445e-03 1.078256e-04
 9.099099e-01  8.402243e-03  5.440247e-03 1.001940e-04
 9.109109e-01  6.282456e-03  7.321726e-03 9.307693e-05
 9.119119e-01  3.805209e-03  8.483207e-03 8.644442e-05
 9.129129e-01  1.194290e-03  8.879290e-03 8.026811e-05
 9.139139e-01 -1.330021e-03  8.529394e-03 7.451952e-05
 9.149149e-01 -3.568756e-03  7.512307e-03 6.917078e-05
 9.159159e-01 -5.359027e-03  5.955966e-03 6.419271e-05
 9.169169e-01 -6.585219e-03  4.024071e-03 5.955825e-05
 9.179179e-01 -7.185389e-03  1.900318e-03 5.524102e-05
 9.189189e-01 -7.153127e-03 -2.278273e-04 5.121913e-05
 9.199199e-01 -6.534467e-03 -2.184932e-03 4.747319e-05
 9.209209e-01 -5.420903e-03 -3.821216e-03 4.398789e-05
 9.219219e-01 -3.938801e-03 -5.023455e-03 4.074926e-05
 9.229229e-01 -2.236807e-03 -5.721945e-03 3.774397e-05
 9.239239e-01 -4.719111e-04 -5.893646e-03 3.495777e-05
 9.249249e-01  1.204086e-03 -5.560999e-03 3.237453e-05
 9.259259e-01  2.657086e-03 -4.787231e-03 2.997769e-05
 9.269269e-01  3.780702e-03 -3.668293e-03 2.775008e-05
 9.279279e-01  4.503556e-03 -2.322762e-03 2.567724e-05
 9.289289e-01  4.792912e-03 -8.802367e-04 2.374683e-05
 9.299299e-01  4.655061e-03  5.302536e-04 2.195076e-05
 9.309309e-01  4.132101e-03  1.791288e-03 2.028297e-05
 9.319319e-01  3.296122e-03  2.806181e-03 1.873907e-05
 9.329329e-01  2.240943e-03  3.505985e-03 1.731376e-05
 9.339339e-01  1.072749e-03  3.853444e-03 1.599982e-05
 9.349349e-01 -9.997892e-05  3.844195e-03 1.478783e-05
 9.359359e-01 -1.175852e-03  3.504836e-03 1.366650e-05
 9.369369e-01 -2.068986e-03  2.888659e-03 1.262505e-05
 9.379379e-01 -2.715285e-03  2.069125e-03 1.165405e-05
 9.389389e-01 -3.076671e-03  1.132239e-03 1.074787e-05
 9.399399e-01 -3.142523e-03  1.680910e-04 9.903703e-06
 9.409409e-01 -2.928861e-03 -7.371722e-04 9.121648e-06
 9.419419e-01 -2.475010e-03 -1.508732e-03 8.401949e-06
 9.429429e-01 -1.838669e-03 -2.088776e-03 7.743692e-06
 9.439439e-01 -1.089440e-03 -2.440531e-03 7.143070e-06
 9.449449e-01 -3.019731e-04 -2.549938e-03 6.593374e-06
 9.459459e-01  4.511194e-04 -2.425442e-03 6.086277e-06
 9.469469e-01  1.105464e-03 -2.095558e-03 5.613415e-06
 9.479479e-01  1.610213e-03 -1.605055e-03 5.168985e-06
 9.489489e-01  1.931528e-03 -1.009708e-03 4.750311e-06
 9.499499e-01  2.054548e-03 -3.706545e-04 4.358550e-06
 9.509510e-01  1.983267e-03  2.515751e-04 3.996637e-06
 9.519520e-01  1.738968e-03  8.023435e-04 3.667765e-06
 9.529530e-01  1.356954e-03  1.237521e-03 3.372782e-06
 9.539540e-01  8.824657e-04  1.526610e-03 3.109284e-06
 9.549550e-01  3.657395e-04  1.654648e-03 2.871625e-06
 9.559560e-01 -1.428171e-04  1.622337e-03 2.652374e-06
 9.569570e-01 -5.973685e-04  1.444968e-03 2.444782e-06
 9.579580e-01 -9.604134e-04  1.149864e-03 2.244581e-06
 9.589590e-01 -1.205751e-03  7.731205e-04 2.051552e-06
 9.599600e-01 -1.319966e-03  3.555532e-04 1.868730e-06
 9.609610e-01 -1.302856e-03 -6.128518e-05 1.701189e-06
 9.619620e-01 -1.166367e-03 -4.390943e-04 1.553216e-06
 9.629630e-01 -9.327115e-04 -7.460126e-04 1.426486e-06
 9.639640e-01 -6.314158e-04 -9.592011e-04 1.318753e-06
 9.649650e-01 -2.961309e-04 -1.066186e-03 1.224447e-06
 9.659660e-01  3.895413e-05 -1.065364e-03 1.136517e-06
 9.669670e-01  3.422626e-04 -9.652326e-04 1.048818e-06
 9.679680e-01  5.877387e-04 -7.829622e-04 9.584665e-07
 9.689690e-01  7.567938e-04 -5.420324e-04 8.665360e-07
 9.699700e-01  8.396311e-04 -2.696728e-04 7.777038e-07
 9.709710e-01  8.354044e-04  6.082490e-06 6.979375e-07
 9.719720e-01  7.517369e-04  2.589815e-04 6.321799e-07
 9.729730e-01  6.032306e-04  4.670019e-04 5.819779e-07
 9.739740e-01  4.096377e-04  6.140005e-04 5.447996e-07
 9.749750e-01  1.934391e-04  6.909030e-04 5.147656e-07
 9.759760e-01 -2.243875e-05  6.959183e-04 4.848057e-07
 9.769770e-01 -2.170109e-04  6.342635e-04 4.493839e-07
 9.779780e-01 -3.730280e-04  5.170265e-04 4.064663e-07
 9.789790e-01 -4.784983e-04  3.597734e-04 3.583975e-07
 9.799800e-01 -5.273516e-04  1.806163e-04 3.107220e-07
 9.809810e-01 -5.196935e-04 -1.596879e-06 2.700839e-07
 9.819820e-01 -4.611997e-04 -1.692435e-04 2.413485e-07
 9.829830e-01 -3.622240e-04 -3.074032e-04 2.257029e-07
 9.839840e-01 -2.362763e-04 -4.051801e-04 2.199974e-07
 9.849850e-01 -9.852098e-05 -4.563233e-04 2.179373e-07
 9.859860e-01  3.600814e-05 -4.595704e-04 2.125015e-07
 9.869870e-01  1.538212e-04 -4.182729e-04 1.986132e-07
 9.879880e-01  2.443497e-04 -3.398251e-04 1.751879e-07
 9.889890e-01  3.006962e-04 -2.345370e-04 1.454258e-07
 9.899900e-01  3.201747e-04 -1.145329e-04 1.156297e-07
 9.909910e-01  3.041485e-04  7.649897e-06 9.256482e-08
 9.919920e-01  2.576804e-04  1.201748e-04 8.084120e-08
 9.929930e-01  1.885951e-04  2.130781e-04 8.097037e-08
 9.939940e-01  1.065390e-04  2.789536e-04 8.916564e-08
 9.949950e-01  2.168950e-05  3.135544e-04 9.878678e-08
 9.959960e-01 -5.627934e-05  3.158329e-04 1.029178e-07
 9.969970e-01 -1.193296e-04  2.878917e-04 9.712117e-08
 9.979980e-01 -1.617136e-04  2.344295e-04 8.110851e-08
 9.989990e-01 -1.805584e-04  1.622081e-04 5.891280e-08
 1.000000e+00 -1.758712e-04  7.915883e-05 3.719681e-08
