# x psi_r psi_i psi2 
 0.000000e+00 -7.999678e-01  3.459321e-01 7.596175e-01
 1.001001e-03 -7.362887e-01  4.485969e-01 7.433602e-01
 2.002002e-03 -6.289494e-01  5.357294e-01 6.825833e-01
 3.003003e-03 -4.824830e-01  5.968197e-01 5.889836e-01
 4.004004e-03 -3.041951e-01  6.220082e-01 4.794289e-01
 5.005005e-03 -1.038670e-01  6.031980e-01 3.746362e-01
 6.006006e-03  1.067583e-01  5.351311e-01 2.977626e-01
 7.007007e-03  3.146795e-01  4.163071e-01 2.723348e-01
 8.008008e-03  5.064859e-01  2.496313e-01 3.188438e-01
 9.009009e-03  6.692916e-01  4.269274e-02 4.497739e-01
 1.001001e-02  7.916812e-01 -1.923924e-01 6.637740e-01
 1.101101e-02  8.645944e-01 -4.395992e-01 9.407710e-01
 1.201201e-02  8.820731e-01 -6.800543e-01 1.240527e+00
 1.301301e-02  8.418070e-01 -8.934736e-01 1.506934e+00
 1.401401e-02  7.454270e-01 -1.059865e+00 1.678974e+00
 1.501502e-02  5.985149e-01 -1.161351e+00 1.706957e+00
 1.601602e-02  4.103179e-01 -1.183954e+00 1.570108e+00
 1.701702e-02  1.931843e-01 -1.119146e+00 1.289809e+00
 1.801802e-02 -3.824807e-02 -9.650329e-01 9.327514e-01
 1.901902e-02 -2.680516e-01 -7.270031e-01 6.003851e-01
 2.002002e-02 -4.801294e-01 -4.177737e-01 4.050591e-01
 2.102102e-02 -6.593737e-01 -5.677562e-02 4.379971e-01
 2.202202e-02 -7.927770e-01  3.310932e-01 7.381181e-01
 2.302302e-02 -8.704144e-01  7.172689e-01 1.272096e+00
 2.402402e-02 -8.862204e-01  1.071739e+00 1.934011e+00
 2.502503e-02 -8.385005e-01  1.365495e+00 2.567660e+00
 2.602603e-02 -7.301333e-01  1.573011e+00 3.007458e+00
 2.702703e-02 -5.684438e-01  1.674522e+00 3.127152e+00
 2.802803e-02 -3.647477e-01  1.657899e+00 2.881671e+00
 2.902903e-02 -1.335948e-01  1.519935e+00 2.328049e+00
 3.003003e-02  1.082423e-01  1.266910e+00 1.616777e+00
 3.103103e-02  3.429649e-01  9.143701e-01 9.536975e-01
 3.203203e-02  5.530482e-01  4.861141e-01 5.421692e-01
 3.303303e-02  7.225505e-01  1.245903e-02 5.222345e-01
 3.403403e-02  8.383366e-01 -4.720765e-01 9.256644e-01
 3.503504e-02  8.911199e-01 -9.314837e-01 1.661756e+00
 3.603604e-02  8.762415e-01 -1.331140e+00 2.539734e+00
 3.703704e-02  7.941186e-01 -1.640609e+00 3.322224e+00
 3.803804e-02  6.503180e-01 -1.836116e+00 3.794235e+00
 3.903904e-02  4.552372e-01 -1.902491e+00 3.826714e+00
 4.004004e-02  2.234042e-01 -1.834418e+00 3.414997e+00
 4.104104e-02 -2.756116e-02 -1.636861e+00 2.680072e+00
 4.204204e-02 -2.782560e-01 -1.324662e+00 1.832155e+00
 4.304304e-02 -5.089785e-01 -9.213211e-01 1.107892e+00
 4.404404e-02 -7.012752e-01 -4.570831e-01 7.007118e-01
 4.504505e-02 -8.394321e-01  3.351094e-02 7.057692e-01
 4.604605e-02 -9.117855e-01  5.143899e-01 1.095950e+00
 4.704705e-02 -9.117425e-01  9.508039e-01 1.735302e+00
 4.804805e-02 -8.384178e-01  1.312019e+00 2.424339e+00
 4.904905e-02 -6.968240e-01  1.573635e+00 2.961889e+00
 5.005005e-02 -4.975838e-01  1.719333e+00 3.203695e+00
 5.105105e-02 -2.561768e-01  1.741938e+00 3.099973e+00
 5.205205e-02  8.233677e-03  1.643703e+00 2.701826e+00
 5.305305e-02  2.743038e-01  1.435835e+00 2.136863e+00
 5.405405e-02  5.202284e-01  1.137311e+00 1.564114e+00
 5.505506e-02  7.255355e-01  7.731195e-01 1.124116e+00
 5.605606e-02  8.728070e-01  3.720808e-01 9.002362e-01
 5.705706e-02  9.491778e-01 -3.554223e-02 9.022017e-01
 5.805806e-02  9.474820e-01 -4.204457e-01 1.074497e+00
 5.905906e-02  8.669408e-01 -7.564948e-01 1.323871e+00
 6.006006e-02  7.133232e-01 -1.022569e+00 1.554478e+00
 6.106106e-02  4.985585e-01 -1.203910e+00 1.697960e+00
 6.206206e-02  2.398212e-01 -1.292883e+00 1.729062e+00
 6.306306e-02 -4.183918e-02 -1.289128e+00 1.663603e+00
 6.406406e-02 -3.232152e-01 -1.199118e+00 1.542352e+00
 6.506507e-02 -5.808618e-01 -1.035201e+00 1.409042e+00
 6.606607e-02 -7.930575e-01 -8.142443e-01 1.291934e+00
 6.706707e-02 -9.416414e-01 -5.560069e-01 1.195832e+00
 6.806807e-02 -1.013565e+00 -2.814097e-01 1.106504e+00
 6.906907e-02 -1.002023e+00 -1.084517e-02 1.004168e+00
 7.007007e-02 -9.070732e-01  2.373332e-01 8.791088e-01
 7.107107e-02 -7.356706e-01  4.480302e-01 7.419423e-01
 7.207207e-02 -5.011326e-01  6.102614e-01 6.235529e-01
 7.307307e-02 -2.220630e-01  7.175995e-01 5.642610e-01
 7.407407e-02  7.916727e-02  7.682138e-01 5.964198e-01
 7.507508e-02  3.782554e-01  7.645393e-01 7.275975e-01
 7.607608e-02  6.509632e-01  7.126391e-01 9.316076e-01
 7.707708e-02  8.751052e-01  6.213433e-01 1.151877e+00
 7.807808e-02  1.032361e+00  5.012627e-01 1.317035e+00
 7.907908e-02  1.109763e+00  3.637722e-01 1.363905e+00
 8.008008e-02  1.100732e+00  2.200530e-01 1.260033e+00
 8.108108e-02  1.005581e+00  8.026888e-02 1.017637e+00
 8.208208e-02  8.314607e-01 -4.707127e-02 6.935426e-01
 8.308308e-02  5.917303e-01 -1.555323e-01 3.743350e-01
 8.408408e-02  3.048454e-01 -2.409457e-01 1.509856e-01
 8.508509e-02 -7.161196e-03 -3.013901e-01 9.088729e-02
 8.608609e-02 -3.204653e-01 -3.369882e-01 2.162591e-01
 8.708709e-02 -6.113532e-01 -3.495650e-01 4.959485e-01
 8.808809e-02 -8.580832e-01 -3.422148e-01 8.534178e-01
 8.908909e-02 -1.042554e+00 -3.188300e-01 1.188572e+00
 9.009009e-02 -1.151650e+00 -2.836374e-01 1.406748e+00
 9.109109e-02 -1.178158e+00 -2.407840e-01 1.446033e+00
 9.209209e-02 -1.121196e+00 -1.940015e-01 1.294718e+00
 9.309309e-02 -9.861326e-01 -1.463694e-01 9.938815e-01
 9.409409e-02 -7.840066e-01 -1.001841e-01 6.247032e-01
 9.509510e-02 -5.305292e-01 -5.693118e-02 2.847024e-01
 9.609610e-02 -2.447436e-01 -1.734867e-02 6.020043e-02
 9.709710e-02  5.252746e-02  1.843613e-02 3.099025e-03
 9.809810e-02  3.403179e-01  5.072066e-02 1.183888e-01
 9.909910e-02  5.991001e-01  8.001582e-02 3.653235e-01
 1.001001e-01  8.121899e-01  1.068352e-01 6.710661e-01
 1.011011e-01  9.668656e-01  1.315068e-01 9.521232e-01
 1.021021e-01  1.055126e+00  1.540283e-01 1.137016e+00
 1.031031e-01  1.074042e+00  1.739791e-01 1.183836e+00
 1.041041e-01  1.025691e+00  1.904998e-01 1.088332e+00
 1.051051e-01  9.167040e-01  2.023412e-01 8.812881e-01
 1.061061e-01  7.574865e-01  2.079814e-01 6.170421e-01
 1.071071e-01  5.611887e-01  2.057991e-01 3.572861e-01
 1.081081e-01  3.425326e-01  1.942904e-01 1.550774e-01
 1.091091e-01  1.166007e-01  1.723059e-01 4.328504e-02
 1.101101e-01 -1.023086e-01  1.392860e-01 2.986764e-02
 1.111111e-01 -3.016664e-01  9.546643e-02 1.001165e-01
 1.121121e-01 -4.714658e-01  4.202833e-02 2.240464e-01
 1.131131e-01 -6.046951e-01 -1.883123e-02 3.660108e-01
 1.141141e-01 -6.975123e-01 -8.392611e-02 4.935670e-01
 1.151151e-01 -7.491311e-01 -1.492166e-01 5.834629e-01
 1.161161e-01 -7.614559e-01 -2.100532e-01 6.239374e-01
 1.171171e-01 -7.385242e-01 -2.615194e-01 6.138104e-01
 1.181181e-01 -6.858294e-01 -2.988484e-01 5.596724e-01
 1.191191e-01 -6.096053e-01 -3.178836e-01 4.726686e-01
 1.201201e-01 -5.161499e-01 -3.155373e-01 3.659746e-01
 1.211211e-01 -4.112598e-01 -2.902031e-01 2.533524e-01
 1.221221e-01 -2.998244e-01 -2.420725e-01 1.484937e-01
 1.231231e-01 -1.856155e-01 -1.733123e-01 6.449028e-02
 1.241241e-01 -7.127617e-02 -8.806938e-02 1.283651e-02
 1.251251e-01  4.150637e-02  7.717511e-03 1.782339e-03
 1.261261e-01  1.516821e-01  1.066994e-01 3.439221e-02
 1.271271e-01  2.584294e-01  2.006734e-01 1.070556e-01
 1.281281e-01  3.607216e-01  2.812750e-01 2.092358e-01
 1.291291e-01  4.569367e-01  3.407487e-01 3.249009e-01
 1.301301e-01  5.445737e-01  3.727259e-01 4.354852e-01
 1.311311e-01  6.201262e-01  3.729330e-01 5.236356e-01
 1.321321e-01  6.791455e-01  3.397517e-01 5.766698e-01
 1.331331e-01  7.165021e-01  2.745633e-01 5.887603e-01
 1.341341e-01  7.268321e-01  1.818258e-01 5.613455e-01
 1.351351e-01  7.051280e-01  6.885474e-02 5.019465e-01
 1.361361e-01  6.474176e-01 -5.469015e-02 4.221405e-01
 1.371371e-01  5.514551e-01 -1.775823e-01 3.356382e-01
 1.381381e-01  4.173458e-01 -2.880100e-01 2.571273e-01
 1.391391e-01  2.480225e-01 -3.746767e-01 2.018978e-01
 1.401401e-01  4.950447e-02 -4.279189e-01 1.855653e-01
 1.411411e-01 -1.691156e-01 -4.407303e-01 2.228433e-01
 1.421421e-01 -3.959849e-01 -4.095867e-01 3.245653e-01
 1.431431e-01 -6.171071e-01 -3.349781e-01 4.930315e-01
 1.441441e-01 -8.172323e-01 -2.215812e-01 7.169669e-01
 1.451451e-01 -9.809632e-01 -7.803649e-02 9.683786e-01
 1.461461e-01 -1.093995e+00  8.366731e-02 1.203825e+00
 1.471471e-01 -1.144386e+00  2.491588e-01 1.371700e+00
 1.481481e-01 -1.123748e+00  4.029223e-01 1.425157e+00
 1.491491e-01 -1.028243e+00  5.297006e-01 1.337867e+00
 1.501502e-01 -8.592788e-01  6.159329e-01 1.117733e+00
 1.511512e-01 -6.238286e-01  6.510934e-01 8.130847e-01
 1.521522e-01 -3.343098e-01  6.287984e-01 5.071505e-01
 1.531532e-01 -8.005100e-03  5.475705e-01 2.998976e-01
 1.541542e-01  3.339547e-01  4.111761e-01 2.805915e-01
 1.551552e-01  6.679917e-01  2.284934e-01 4.984222e-01
 1.561562e-01  9.697702e-01  1.291086e-02 9.406208e-01
 1.571572e-01  1.216050e+00 -2.187020e-01 1.526608e+00
 1.581582e-01  1.386561e+00 -4.473640e-01 2.122686e+00
 1.591592e-01  1.465740e+00 -6.535757e-01 2.575556e+00
 1.601602e-01  1.444184e+00 -8.189967e-01 2.756422e+00
 1.611612e-01  1.319674e+00 -9.280566e-01 2.602830e+00
 1.621622e-01  1.097684e+00 -9.693559e-01 2.144560e+00
 1.631632e-01  7.912751e-01 -9.367309e-01 1.503581e+00
 1.641642e-01  4.203943e-01 -8.298856e-01 8.654415e-01
 1.651652e-01  1.057425e-02 -6.545327e-01 4.285248e-01
 1.661662e-01 -4.088616e-01 -4.220304e-01 3.452775e-01
 1.671672e-01 -8.069704e-01 -1.485448e-01 6.732668e-01
 1.681682e-01 -1.153570e+00  1.461910e-01 1.352096e+00
 1.691692e-01 -1.421641e+00  4.404150e-01 2.215028e+00
 1.701702e-01 -1.589547e+00  7.120420e-01 3.033662e+00
 1.711712e-01 -1.642891e+00  9.403938e-01 3.583432e+00
 1.721722e-01 -1.575837e+00  1.107814e+00 3.710512e+00
 1.731732e-01 -1.391763e+00  1.201033e+00 3.379485e+00
 1.741742e-01 -1.103193e+00  1.212188e+00 2.686436e+00
 1.751752e-01 -7.309695e-01  1.139406e+00 1.832561e+00
 1.761762e-01 -3.027326e-01  9.869245e-01 1.065667e+00
 1.771772e-01  1.491876e-01  7.647545e-01 6.071063e-01
 1.781782e-01  5.903025e-01  4.879027e-01 5.865061e-01
 1.791792e-01  9.867137e-01  1.752436e-01 1.004314e+00
 1.801802e-01  1.307852e+00 -1.518752e-01 1.733543e+00
 1.811812e-01  1.528975e+00 -4.711807e-01 2.559776e+00
 1.821822e-01  1.633207e+00 -7.610551e-01 3.246570e+00
 1.831832e-01  1.612945e+00 -1.002036e+00 3.605667e+00
 1.841842e-01  1.470501e+00 -1.178129e+00 3.550363e+00
 1.851852e-01  1.217923e+00 -1.277851e+00 3.116240e+00
 1.861862e-01  8.759972e-01 -1.294929e+00 2.444213e+00
 1.871872e-01  4.725216e-01 -1.228639e+00 1.732829e+00
 1.881882e-01  3.998940e-02 -1.083751e+00 1.176115e+00
 1.891892e-01 -3.871174e-01 -8.701228e-01 9.069735e-01
 1.901902e-01 -7.751909e-01 -6.019609e-01 9.632779e-01
 1.911912e-01 -1.094269e+00 -2.968242e-01 1.285530e+00
 1.921922e-01 -1.320479e+00  2.556316e-02 1.744319e+00
 1.931932e-01 -1.437937e+00  3.446063e-01 2.186415e+00
 1.941942e-01 -1.439949e+00  6.401572e-01 2.483255e+00
 1.951952e-01 -1.329416e+00  8.937730e-01 2.566178e+00
 1.961962e-01 -1.118405e+00  1.089842e+00 2.438585e+00
 1.971972e-01 -8.269458e-01  1.216511e+00 2.163738e+00
 1.981982e-01 -4.811691e-01  1.266368e+00 1.835211e+00
 1.991992e-01 -1.109500e-01  1.236842e+00 1.542088e+00
 2.002002e-01  2.527165e-01  1.130308e+00 1.341461e+00
 2.012012e-01  5.803783e-01  9.538891e-01 1.246743e+00
 2.022022e-01  8.465889e-01  7.189830e-01 1.233649e+00
 2.032032e-01  1.031958e+00  4.405311e-01 1.259005e+00
 2.042042e-01  1.124616e+00  1.360855e-01 1.283281e+00
 2.052052e-01  1.120985e+00 -1.752772e-01 1.287329e+00
 2.062062e-01  1.025790e+00 -4.741287e-01 1.277042e+00
 2.072072e-01  8.513531e-01 -7.418814e-01 1.275190e+00
 2.082082e-01  6.162387e-01 -9.619296e-01 1.305059e+00
 2.092092e-01  3.433933e-01 -1.120673e+00 1.373827e+00
 2.102102e-01  5.796988e-02 -1.208358e+00 1.463489e+00
 2.112112e-01 -2.149644e-01 -1.219687e+00 1.533847e+00
 2.122122e-01 -4.526241e-01 -1.154157e+00 1.536947e+00
 2.132132e-01 -6.364122e-01 -1.016096e+00 1.437472e+00
 2.142142e-01 -7.533760e-01 -8.144055e-01 1.230832e+00
 2.152152e-01 -7.970990e-01 -5.620014e-01 9.512124e-01
 2.162162e-01 -7.679693e-01 -2.750052e-01 6.654047e-01
 2.172172e-01 -6.728263e-01  2.828212e-02 4.534951e-01
 2.182182e-01 -5.240425e-01  3.285518e-01 3.825668e-01
 2.192192e-01 -3.381469e-01  6.067325e-01 4.824677e-01
 2.202202e-01 -1.341354e-01  8.452275e-01 7.324018e-01
 2.212212e-01  6.836659e-02  1.029060e+00 1.063639e+00
 2.222222e-01  2.509142e-01  1.146852e+00 1.378228e+00
 2.232232e-01  3.978640e-01  1.191560e+00 1.578111e+00
 2.242242e-01  4.976650e-01  1.160928e+00 1.595424e+00
 2.252252e-01  5.437183e-01  1.057609e+00 1.414166e+00
 2.262262e-01  5.347446e-01  8.889601e-01 1.076202e+00
 2.272272e-01  4.746490e-01  6.665101e-01 6.695274e-01
 2.282282e-01  3.719166e-01  4.051460e-01 3.024652e-01
 2.292292e-01  2.386152e-01  1.220724e-01 7.183891e-02
 2.302302e-01  8.911311e-02 -1.643798e-01 3.496187e-02
 2.312312e-01 -6.136027e-02 -4.360108e-01 1.938705e-01
 2.322322e-01 -1.981708e-01 -6.759802e-01 4.962209e-01
 2.332332e-01 -3.086221e-01 -8.699205e-01 8.520093e-01
 2.342342e-01 -3.830638e-01 -1.006852e+00 1.160488e+00
 2.352352e-01 -4.156771e-01 -1.079835e+00 1.338830e+00
 2.362362e-01 -4.048750e-01 -1.086319e+00 1.344013e+00
 2.372372e-01 -3.532978e-01 -1.028165e+00 1.181942e+00
 2.382382e-01 -2.674172e-01 -9.113450e-01 9.020617e-01
 2.392392e-01 -1.567998e-01 -7.453634e-01 5.801528e-01
 2.402402e-01 -3.310601e-02 -5.424366e-01 2.953334e-01
 2.412412e-01  9.107360e-02 -3.165168e-01 1.084773e-01
 2.422422e-01  2.034365e-01 -8.223641e-02 4.814925e-02
 2.432432e-01  2.931271e-01  1.461398e-01 1.072803e-01
 2.442442e-01  3.517323e-01  3.556704e-01 2.502171e-01
 2.452452e-01  3.740286e-01  5.355296e-01 4.266894e-01
 2.462462e-01  3.584153e-01  6.775819e-01 5.875788e-01
 2.472472e-01  3.070023e-01  7.767048e-01 6.975207e-01
 2.482482e-01  2.253498e-01  8.308508e-01 7.410956e-01
 2.492492e-01  1.218880e-01  8.408638e-01 7.219085e-01
 2.502503e-01  7.075380e-03  8.100845e-01 6.562870e-01
 2.512513e-01 -1.076259e-01  7.438009e-01 5.648231e-01
 2.522523e-01 -2.108599e-01  6.486061e-01 4.651517e-01
 2.532533e-01 -2.924711e-01  5.317351e-01 3.682815e-01
 2.542543e-01 -3.444791e-01  4.004467e-01 2.790234e-01
 2.552553e-01 -3.618458e-01  2.615069e-01 1.993183e-01
 2.562563e-01 -3.429612e-01  1.208173e-01 1.322192e-01
 2.572573e-01 -2.898025e-01 -1.678941e-02 8.426738e-02
 2.582583e-01 -2.077505e-01 -1.475835e-01 6.494114e-02
 2.592593e-01 -1.050766e-01 -2.688204e-01 8.330551e-02
 2.602603e-01  7.851896e-03 -3.785058e-01 1.433283e-01
 2.612613e-01  1.195773e-01 -4.750919e-01 2.400111e-01
 2.622623e-01  2.186734e-01 -5.571594e-01 3.582446e-01
 2.632633e-01  2.948779e-01 -6.231416e-01 4.752584e-01
 2.642643e-01  3.401277e-01 -6.711382e-01 5.661134e-01
 2.652653e-01  3.493951e-01 -6.988560e-01 6.104766e-01
 2.662663e-01  3.212393e-01 -7.036951e-01 5.983815e-01
 2.672673e-01  2.580174e-01 -6.829814e-01 5.330366e-01
 2.682683e-01  1.657240e-01 -6.343244e-01 4.298319e-01
 2.692693e-01  5.346926e-02 -5.560627e-01 3.120646e-01
 2.702703e-01 -6.736163e-02 -4.477429e-01 2.050113e-01
 2.712713e-01 -1.841946e-01 -3.105728e-01 1.303831e-01
 2.722723e-01 -2.844960e-01 -1.477817e-01 1.027774e-01
 2.732733e-01 -3.570298e-01  3.516749e-02 1.287070e-01
 2.742743e-01 -3.930195e-01  2.305644e-01 2.076243e-01
 2.752753e-01 -3.871001e-01  4.286627e-01 3.335982e-01
 2.762763e-01 -3.379601e-01  6.181274e-01 4.962985e-01
 2.772773e-01 -2.486045e-01  7.866986e-01 6.806990e-01
 2.782783e-01 -1.262033e-01  9.220361e-01 8.660779e-01
 2.792793e-01  1.847057e-02  1.012679e+00 1.025860e+00
 2.802803e-01  1.719692e-01  1.049048e+00 1.130075e+00
 2.812813e-01  3.193828e-01  1.024398e+00 1.151396e+00
 2.822823e-01  4.457282e-01  9.356351e-01 1.074087e+00
 2.832833e-01  5.373830e-01  7.839104e-01 9.032960e-01
 2.842843e-01  5.834300e-01  5.749217e-01 6.709255e-01
 2.852853e-01  5.767821e-01  3.188719e-01 4.343569e-01
 2.862863e-01  5.149760e-01  3.006250e-02 2.661040e-01
 2.872873e-01  4.005543e-01 -2.738740e-01 2.354508e-01
 2.882883e-01  2.409930e-01 -5.730630e-01 3.864788e-01
 2.892893e-01  4.817255e-02 -8.467323e-01 7.192762e-01
 2.902903e-01 -1.625640e-01 -1.074719e+00 1.181449e+00
 2.912913e-01 -3.736860e-01 -1.239029e+00 1.674835e+00
 2.922923e-01 -5.669707e-01 -1.325320e+00 2.077930e+00
 2.932933e-01 -7.250847e-01 -1.324195e+00 2.279241e+00
 2.942943e-01 -8.331122e-01 -1.232178e+00 2.212339e+00
 2.952953e-01 -8.798903e-01 -1.052288e+00 1.881518e+00
 2.962963e-01 -8.590355e-01 -7.941340e-01 1.368591e+00
 2.972973e-01 -7.695676e-01 -4.734998e-01 8.164364e-01
 2.982983e-01 -6.160792e-01 -1.114287e-01 3.919700e-01
 2.992993e-01 -4.084360e-01  2.671502e-01 2.381891e-01
 3.003003e-01 -1.610356e-01  6.351640e-01 4.293657e-01
 3.013013e-01  1.083073e-01  9.653839e-01 9.436966e-01
 3.023023e-01  3.797556e-01  1.232513e+00 1.663304e+00
 3.033033e-01  6.330018e-01  1.415210e+00 2.403511e+00
 3.043043e-01  8.488497e-01  1.497879e+00 2.964186e+00
 3.053053e-01  1.010696e+00  1.472076e+00 3.188515e+00
 3.063063e-01  1.105794e+00  1.337404e+00 3.011430e+00
 3.073073e-01  1.126208e+00  1.101784e+00 2.482273e+00
 3.083083e-01  1.069383e+00  7.810893e-01 1.753680e+00
 3.093093e-01  9.383025e-01  3.981132e-01 1.038906e+00
 3.103103e-01  7.412357e-01 -1.904255e-02 5.497930e-01
 3.113113e-01  4.910971e-01 -4.390604e-01 4.339504e-01
 3.123123e-01  2.044873e-01 -8.298172e-01 7.304117e-01
 3.133133e-01 -9.950803e-02 -1.160924e+00 1.357647e+00
 3.143143e-01 -4.006653e-01 -1.406190e+00 2.137902e+00
 3.153153e-01 -6.790156e-01 -1.545794e+00 2.850541e+00
 3.163163e-01 -9.161846e-01 -1.567992e+00 3.297992e+00
 3.173173e-01 -1.096592e+00 -1.470183e+00 3.363952e+00
 3.183183e-01 -1.208433e+00 -1.259251e+00 3.046025e+00
 3.193193e-01 -1.244396e+00 -9.511206e-01 2.453152e+00
 3.203203e-01 -1.202066e+00 -5.695604e-01 1.769361e+00
 3.213213e-01 -1.084016e+00 -1.443230e-01 1.195920e+00
 3.223223e-01 -8.975895e-01  2.912405e-01 8.904880e-01
 3.233233e-01 -6.543872e-01  7.028845e-01 9.222691e-01
 3.243243e-01 -3.695150e-01  1.058270e+00 1.256476e+00
 3.253253e-01 -6.063174e-02  1.329619e+00 1.771564e+00
 3.263263e-01  2.531399e-01  1.496005e+00 2.302110e+00
 3.273273e-01  5.523757e-01  1.545055e+00 2.692315e+00
 3.283283e-01  8.185210e-01  1.473952e+00 2.842512e+00
 3.293293e-01  1.035006e+00  1.289609e+00 2.734328e+00
 3.303303e-01  1.188245e+00  1.008029e+00 2.428047e+00
 3.313313e-01  1.268465e+00  6.528977e-01 2.035278e+00
 3.323323e-01  1.270319e+00  2.535333e-01 1.677990e+00
 3.333333e-01  1.193246e+00 -1.576266e-01 1.448682e+00
 3.343343e-01  1.041551e+00 -5.477696e-01 1.384881e+00
 3.353353e-01  8.242049e-01 -8.864509e-01 1.465109e+00
 3.363363e-01  5.543511e-01 -1.148089e+00 1.625414e+00
 3.373373e-01  2.485591e-01 -1.314004e+00 1.788387e+00
 3.383383e-01 -7.415380e-02 -1.373815e+00 1.892867e+00
 3.393393e-01 -3.934746e-01 -1.326108e+00 1.913384e+00
 3.403403e-01 -6.890562e-01 -1.178300e+00 1.863189e+00
 3.413413e-01 -9.418145e-01 -9.457553e-01 1.781468e+00
 3.423423e-01 -1.135178e+00 -6.502346e-01 1.711435e+00
 3.433433e-01 -1.256211e+00 -3.178364e-01 1.679085e+00
 3.443443e-01 -1.296519e+00  2.337228e-02 1.681508e+00
 3.453453e-01 -1.252894e+00  3.458148e-01 1.689330e+00
 3.463463e-01 -1.127610e+00  6.247342e-01 1.661797e+00
 3.473473e-01 -9.283730e-01  8.401844e-01 1.567786e+00
 3.483483e-01 -6.678890e-01  9.785202e-01 1.403577e+00
 3.493493e-01 -3.630850e-01  1.033268e+00 1.199473e+00
 3.503504e-01 -3.401904e-02  1.005323e+00 1.011832e+00
 3.513514e-01  2.974486e-01  9.024863e-01 9.029571e-01
 3.523524e-01  6.091369e-01  7.384006e-01 9.162831e-01
 3.533534e-01  8.800736e-01  5.310238e-01 1.056516e+00
 3.543544e-01  1.091965e+00  3.007876e-01 1.282860e+00
 3.553554e-01  1.230492e+00  6.863023e-02 1.518822e+00
 3.563564e-01  1.286350e+00 -1.459075e-01 1.675985e+00
 3.573574e-01  1.255921e+00 -3.263541e-01 1.683845e+00
 3.583584e-01  1.141563e+00 -4.605983e-01 1.515317e+00
 3.593594e-01  9.514526e-01 -5.417028e-01 1.198704e+00
 3.603604e-01  6.990107e-01 -5.681839e-01 8.114489e-01
 3.613614e-01  4.019410e-01 -5.437635e-01 4.572353e-01
 3.623624e-01  8.095239e-02 -4.766399e-01 2.337389e-01
 3.633634e-01 -2.417408e-01 -3.783768e-01 2.016076e-01
 3.643644e-01 -5.440276e-01 -2.625321e-01 3.648891e-01
 3.653654e-01 -8.054959e-01 -1.431773e-01 6.693233e-01
 3.663664e-01 -1.008894e+00 -3.344970e-02 1.018986e+00
 3.673674e-01 -1.141345e+00  5.571737e-02 1.305773e+00
 3.683684e-01 -1.195223e+00  1.165779e-01 1.442149e+00
 3.693694e-01 -1.168624e+00  1.451829e-01 1.386760e+00
 3.703704e-01 -1.065397e+00  1.415788e-01 1.155115e+00
 3.713714e-01 -8.947397e-01  1.095898e-01 8.125691e-01
 3.723724e-01 -6.703941e-01  5.622829e-02 4.525899e-01
 3.733734e-01 -4.095073e-01 -9.199327e-03 1.677809e-01
 3.743744e-01 -1.312575e-01 -7.618536e-02 2.303273e-02
 3.753754e-01  1.446438e-01 -1.342038e-01 3.893251e-02
 3.763764e-01  3.994511e-01 -1.738597e-01 1.897884e-01
 3.773774e-01  6.167634e-01 -1.878983e-01 4.157028e-01
 3.783784e-01  7.836742e-01 -1.719758e-01 6.437209e-01
 3.793794e-01  8.916023e-01 -1.251282e-01 8.106118e-01
 3.803804e-01  9.367455e-01 -4.989480e-02 8.799816e-01
 3.813814e-01  9.201274e-01  4.790282e-02 8.489291e-01
 3.823824e-01  8.472496e-01  1.597050e-01 7.433376e-01
 3.833834e-01  7.273879e-01  2.750190e-01 6.047286e-01
 3.843844e-01  5.726086e-01  3.824137e-01 4.741208e-01
 3.853854e-01  3.965988e-01  4.706018e-01 3.787567e-01
 3.863864e-01  2.134229e-01  5.295195e-01 3.259403e-01
 3.873874e-01  3.631728e-02  5.512965e-01 3.052468e-01
 3.883884e-01 -1.233657e-01  5.310387e-01 2.972212e-01
 3.893894e-01 -2.569770e-01  4.673477e-01 2.844510e-01
 3.903904e-01 -3.590826e-01  3.625399e-01 2.603755e-01
 3.913914e-01 -4.276371e-01  2.225391e-01 2.323972e-01
 3.923924e-01 -4.638119e-01  5.645977e-02 2.183092e-01
 3.933934e-01 -4.715151e-01 -1.240891e-01 2.377246e-01
 3.943944e-01 -4.566614e-01 -3.059151e-01 3.021237e-01
 3.953954e-01 -4.262804e-01 -4.752969e-01 4.076222e-01
 3.963964e-01 -3.875616e-01 -6.190887e-01 5.334748e-01
 3.973974e-01 -3.469435e-01 -7.257887e-01 6.471390e-01
 3.983984e-01 -3.093439e-01 -7.864772e-01 7.142400e-01
 3.993994e-01 -2.776162e-01 -7.955548e-01 7.099781e-01
 4.004004e-01 -2.522867e-01 -7.512128e-01 6.279692e-01
 4.014014e-01 -2.316037e-01 -6.556073e-01 4.834612e-01
 4.024024e-01 -2.118871e-01 -5.147149e-01 3.098275e-01
 4.034034e-01 -1.881423e-01 -3.378919e-01 1.495684e-01
 4.044044e-01 -1.548647e-01 -1.371665e-01 4.279772e-02
 4.054054e-01 -1.069480e-01  7.366985e-02 1.686512e-02
 4.064064e-01 -4.058486e-02  2.801051e-01 8.010597e-02
 4.074074e-01  4.594035e-02  4.679902e-01 2.211254e-01
 4.084084e-01  1.516703e-01  6.245874e-01 4.131133e-01
 4.094094e-01  2.726773e-01  7.394889e-01 6.211968e-01
 4.104104e-01  4.021048e-01  8.053497e-01 8.102764e-01
 4.114114e-01  5.305565e-01  8.183674e-01 9.512154e-01
 4.124124e-01  6.468180e-01  7.784909e-01 1.024422e+00
 4.134134e-01  7.388461e-01  6.893377e-01 1.021080e+00
 4.144144e-01  7.949446e-01  5.578466e-01 9.431297e-01
 4.154154e-01  8.050070e-01  3.936916e-01 8.030294e-01
 4.164164e-01  7.617110e-01  2.085220e-01 6.236850e-01
 4.174174e-01  6.615315e-01  1.508247e-02 4.378514e-01
 4.184184e-01  5.054696e-01 -1.737023e-01 2.856720e-01
 4.194194e-01  2.993986e-01 -3.456209e-01 2.090933e-01
 4.204204e-01  5.398138e-02 -4.899700e-01 2.429846e-01
 4.214214e-01 -2.158670e-01 -5.982109e-01 4.044548e-01
 4.224224e-01 -4.919372e-01 -6.644382e-01 6.834803e-01
 4.234234e-01 -7.540461e-01 -6.856543e-01 1.038707e+00
 4.244244e-01 -9.816085e-01 -6.618330e-01 1.401578e+00
 4.254254e-01 -1.155340e+00 -5.957990e-01 1.689787e+00
 4.264264e-01 -1.258935e+00 -4.929322e-01 1.827899e+00
 4.274274e-01 -1.280579e+00 -3.607465e-01 1.770022e+00
 4.284284e-01 -1.214153e+00 -2.083637e-01 1.517582e+00
 4.294294e-01 -1.060009e+00 -4.593591e-02 1.125728e+00
 4.304304e-01 -8.252445e-01  1.159643e-01 6.944762e-01
 4.314314e-01 -5.234317e-01  2.669403e-01 3.452379e-01
 4.324324e-01 -1.737970e-01  3.973457e-01 1.880890e-01
 4.334334e-01  2.000763e-01  4.988014e-01 2.888333e-01
 4.344344e-01  5.719477e-01  5.646571e-01 6.459618e-01
 4.354354e-01  9.148736e-01  5.903671e-01 1.185527e+00
 4.364364e-01  1.203278e+00  5.737867e-01 1.777109e+00
 4.374374e-01  1.414954e+00  5.153564e-01 2.267688e+00
 4.384384e-01  1.532856e+00  4.181812e-01 2.524522e+00
 4.394394e-01  1.546503e+00  2.879665e-01 2.474598e+00
 4.404404e-01  1.452916e+00  1.328227e-01 2.128606e+00
 4.414414e-01  1.256956e+00 -3.709994e-02 1.581315e+00
 4.424424e-01  9.710878e-01 -2.101190e-01 9.871615e-01
 4.434434e-01  6.145274e-01 -3.736921e-01 5.172897e-01
 4.444444e-01  2.118794e-01 -5.152012e-01 3.103252e-01
 4.454454e-01 -2.086645e-01 -6.228427e-01 4.314739e-01
 4.464464e-01 -6.173977e-01 -6.865372e-01 8.525132e-01
 4.474474e-01 -9.853102e-01 -6.988257e-01 1.459193e+00
 4.484484e-01 -1.286236e+00 -6.556419e-01 2.084270e+00
 4.494494e-01 -1.498804e+00 -5.569165e-01 2.556568e+00
 4.504505e-01 -1.608003e+00 -4.069033e-01 2.751243e+00
 4.514515e-01 -1.606288e+00 -2.142050e-01 2.626044e+00
 4.524525e-01 -1.494094e+00  8.579357e-03 2.232390e+00
 4.534535e-01 -1.279775e+00  2.455531e-01 1.698119e+00
 4.544545e-01 -9.789243e-01  4.785844e-01 1.187336e+00
 4.554555e-01 -6.131930e-01  6.886278e-01 8.502139e-01
 4.564565e-01 -2.086385e-01  8.572579e-01 7.784212e-01
 4.574575e-01  2.062005e-01  9.682451e-01 9.800172e-01
 4.584585e-01  6.024142e-01  1.009087e+00 1.381160e+00
 4.594595e-01  9.527950e-01  9.722975e-01 1.853181e+00
 4.604605e-01  1.233782e+00  8.563732e-01 2.255593e+00
 4.614615e-01  1.427065e+00  6.662685e-01 2.480428e+00
 4.624625e-01  1.520810e+00  4.133659e-01 2.483735e+00
 4.634635e-01  1.510346e+00  1.148382e-01 2.294333e+00
 4.644645e-01  1.398356e+00 -2.074918e-01 1.998453e+00
 4.654655e-01  1.194490e+00 -5.288108e-01 1.706448e+00
 4.664665e-01  9.145353e-01 -8.232697e-01 1.514148e+00
 4.674675e-01  5.791113e-01 -1.066179e+00 1.472107e+00
 4.684685e-01  2.121328e-01 -1.236132e+00 1.573023e+00
 4.694695e-01 -1.609942e-01 -1.317003e+00 1.760416e+00
 4.704705e-01 -5.151293e-01 -1.299465e+00 1.953967e+00
 4.714715e-01 -8.271737e-01 -1.182058e+00 2.081479e+00
 4.724725e-01 -1.077522e+00 -9.714982e-01 2.104863e+00
 4.734735e-01 -1.251348e+00 -6.823783e-01 2.031512e+00
 4.744745e-01 -1.339348e+00 -3.360517e-01 1.906783e+00
 4.754755e-01 -1.338262e+00  4.096840e-02 1.792622e+00
 4.764765e-01 -1.250737e+00  4.192643e-01 1.740126e+00
 4.774775e-01 -1.085063e+00  7.688630e-01 1.768513e+00
 4.784785e-01 -8.542133e-01  1.061919e+00 1.857353e+00
 4.794795e-01 -5.750321e-01  1.274936e+00 1.956125e+00
 4.804805e-01 -2.666681e-01  1.391027e+00 2.006067e+00
 4.814815e-01  5.032511e-02  1.401077e+00 1.965550e+00
 4.824825e-01  3.560074e-01  1.304988e+00 1.829736e+00
 4.834835e-01  6.312202e-01  1.110972e+00 1.632699e+00
 4.844845e-01  8.608830e-01  8.361831e-01 1.440322e+00
 4.854855e-01  1.025907e+00  5.002409e-01 1.302726e+00
 4.864865e-01  1.077961e+00  1.136754e-01 1.174922e+00
 4.874875e-01  1.008037e+00 -2.784454e-01 1.093671e+00
 4.884885e-01  8.273177e-01 -6.255003e-01 1.075705e+00
 4.894895e-01  5.577151e-01 -8.848616e-01 1.094026e+00
 4.904905e-01  2.311617e-01 -1.025734e+00 1.105566e+00
 4.914915e-01 -1.151637e-01 -1.033737e+00 1.081874e+00
 4.924925e-01 -4.424514e-01 -9.119239e-01 1.027368e+00
 4.934935e-01 -7.149840e-01 -6.802708e-01 9.739704e-01
 4.944945e-01 -9.037029e-01 -3.723338e-01 9.553113e-01
 4.954955e-01 -9.894652e-01 -3.060362e-02 9.799780e-01
 4.964965e-01 -9.647637e-01  2.995552e-01 1.020502e+00
 4.974975e-01 -8.344237e-01  5.759086e-01 1.027934e+00
 4.984985e-01 -6.147217e-01  7.649903e-01 9.630929e-01
 4.994995e-01 -3.314432e-01  8.461806e-01 8.258761e-01
 5.005005e-01 -1.682151e-02  8.140910e-01 6.630271e-01
 5.015015e-01  2.940740e-01  6.786361e-01 5.470265e-01
 5.025025e-01  5.672460e-01  4.631661e-01 5.362909e-01
 5.035035e-01  7.734591e-01  2.006794e-01 6.385111e-01
 5.045045e-01  8.913433e-01 -7.101122e-02 7.995354e-01
 5.055055e-01  9.096162e-01 -3.147432e-01 9.264649e-01
 5.065065e-01  8.281030e-01 -4.990242e-01 9.347798e-01
 5.075075e-01  6.576224e-01 -6.022321e-01 7.951507e-01
 5.085085e-01  4.185255e-01 -6.150993e-01 5.535107e-01
 5.095095e-01  1.384058e-01 -5.415657e-01 3.124496e-01
 5.105105e-01 -1.512256e-01 -3.975018e-01 1.808769e-01
 5.115115e-01 -4.182776e-01 -2.080794e-01 2.182532e-01
 5.125125e-01 -6.339567e-01 -3.544212e-03 4.019136e-01
 5.135135e-01 -7.754446e-01  1.850570e-01 6.355605e-01
 5.145145e-01 -8.291086e-01  3.309001e-01 7.969160e-01
 5.155155e-01 -7.903208e-01  4.141721e-01 7.961456e-01
 5.165165e-01 -6.698894e-01  4.284953e-01 6.323599e-01
 5.175175e-01 -5.082601e-01  3.918120e-01 4.118450e-01
 5.185185e-01 -3.223226e-01  3.141889e-01 2.026065e-01
 5.195195e-01 -1.245056e-01  2.063363e-01 5.807631e-02
 5.205205e-01  7.127559e-02  8.216699e-02 1.183162e-02
 5.215215e-01  2.522735e-01 -4.362210e-02 6.554481e-02
 5.225225e-01  4.069855e-01 -1.565478e-01 1.901444e-01
 5.235235e-01  5.264561e-01 -2.440627e-01 3.367226e-01
 5.245245e-01  6.045442e-01 -2.965361e-01 4.534074e-01
 5.255255e-01  6.385411e-01 -3.082802e-01 5.027714e-01
 5.265265e-01  6.290938e-01 -2.779052e-01 4.729903e-01
 5.275275e-01  5.801775e-01 -2.084598e-01 3.800614e-01
 5.285285e-01  4.985474e-01 -1.069774e-01 2.599936e-01
 5.295295e-01  3.931657e-01  1.620892e-02 1.548420e-01
 5.305305e-01  2.742873e-01  1.485674e-01 9.730577e-02
 5.315315e-01  1.525831e-01  2.765544e-01 9.976394e-02
 5.325325e-01  3.812761e-02  3.869622e-01 1.511934e-01
 5.335335e-01 -6.044477e-02  4.681345e-01 2.228035e-01
 5.345345e-01 -1.367194e-01  5.110870e-01 2.799021e-01
 5.355355e-01 -1.869856e-01  5.103011e-01 2.953708e-01
 5.365365e-01 -2.105161e-01  4.642434e-01 2.598390e-01
 5.375375e-01 -2.094927e-01  3.754640e-01 1.848604e-01
 5.385385e-01 -1.886894e-01  2.503685e-01 9.828809e-02
 5.395395e-01 -1.548492e-01  9.860762e-02 3.370174e-02
 5.405405e-01 -1.158966e-01 -6.777625e-02 1.802565e-02
 5.415415e-01 -7.999053e-02 -2.354333e-01 6.182734e-02
 5.425425e-01 -5.457856e-02 -3.908540e-01 1.557457e-01
 5.435435e-01 -4.549059e-02 -5.215376e-01 2.740708e-01
 5.445445e-01 -5.622178e-02 -6.170214e-01 3.838763e-01
 5.455455e-01 -8.743385e-02 -6.697371e-01 4.561925e-01
 5.465465e-01 -1.367791e-01 -6.755740e-01 4.751088e-01
 5.475475e-01 -1.990323e-01 -6.341566e-01 4.417684e-01
 5.485485e-01 -2.665651e-01 -5.487778e-01 3.722140e-01
 5.495495e-01 -3.300883e-01 -4.260480e-01 2.904752e-01
 5.505506e-01 -3.796286e-01 -2.752607e-01 2.198863e-01
 5.515516e-01 -4.056131e-01 -1.075802e-01 1.760955e-01
 5.525526e-01 -3.999851e-01  6.490689e-02 1.642010e-01
 5.535536e-01 -3.572092e-01  2.301553e-01 1.805698e-01
 5.545546e-01 -2.750825e-01  3.770875e-01 2.178653e-01
 5.555556e-01 -1.552406e-01  4.963765e-01 2.704892e-01
 5.565566e-01 -3.313602e-03  5.810558e-01 3.376369e-01
 5.575576e-01  1.713170e-01  6.268893e-01 4.223397e-01
 5.585586e-01  3.561356e-01  6.325132e-01 5.269055e-01
 5.595596e-01  5.364574e-01  5.993319e-01 6.469853e-01
 5.605606e-01  6.966444e-01  5.312227e-01 7.675110e-01
 5.615616e-01  8.214852e-01  4.340684e-01 8.632533e-01
 5.625626e-01  8.975977e-01  3.151987e-01 9.050318e-01
 5.635636e-01  9.147403e-01  1.827768e-01 8.701571e-01
 5.645646e-01  8.668943e-01  4.520869e-02 7.535495e-01
 5.655656e-01  7.530239e-01 -8.939654e-02 5.750368e-01
 5.665666e-01  5.774228e-01 -2.136620e-01 3.790685e-01
 5.675676e-01  3.496157e-01 -3.212725e-01 2.254472e-01
 5.685686e-01  8.380094e-02 -4.071783e-01 1.728168e-01
 5.695696e-01 -2.021195e-01 -4.676996e-01 2.595952e-01
 5.705706e-01 -4.878567e-01 -5.005387e-01 4.885431e-01
 5.715716e-01 -7.522849e-01 -5.047417e-01 8.206967e-01
 5.725726e-01 -9.751047e-01 -4.806235e-01 1.181828e+00
 5.735736e-01 -1.138475e+00 -4.296926e-01 1.480762e+00
 5.745746e-01 -1.228484e+00 -3.545787e-01 1.634900e+00
 5.755756e-01 -1.236328e+00 -2.589779e-01 1.595576e+00
 5.765766e-01 -1.159103e+00 -1.475955e-01 1.365304e+00
 5.775776e-01 -1.000145e+00 -2.608141e-02 1.000970e+00
 5.785786e-01 -7.688800e-01  9.908165e-02 6.009937e-01
 5.795796e-01 -4.802012e-01  2.207478e-01 2.793228e-01
 5.805806e-01 -1.534192e-01  3.313734e-01 1.333458e-01
 5.815816e-01  1.891328e-01  4.233762e-01 2.150186e-01
 5.825826e-01  5.237267e-01  4.896002e-01 5.139981e-01
 5.835836e-01  8.269776e-01  5.238538e-01 9.583148e-01
 5.845846e-01  1.077553e+00  5.214951e-01 1.433078e+00
 5.855856e-01  1.257729e+00  4.800009e-01 1.812284e+00
 5.865866e-01  1.354671e+00  3.994641e-01 1.994706e+00
 5.875876e-01  1.361351e+00  2.829404e-01 1.933333e+00
 5.885886e-01  1.277035e+00  1.365898e-01 1.649476e+00
 5.895896e-01  1.107312e+00 -3.044893e-02 1.227067e+00
 5.905906e-01  8.636651e-01 -2.064710e-01 7.885477e-01
 5.915916e-01  5.626328e-01 -3.779156e-01 4.593759e-01
 5.925926e-01  2.246145e-01 -5.303342e-01 3.317060e-01
 5.935936e-01 -1.275752e-01 -6.495611e-01 4.382051e-01
 5.945946e-01 -4.703037e-01 -7.229860e-01 7.438943e-01
 5.955956e-01 -7.807493e-01 -7.408204e-01 1.158384e+00
 5.965966e-01 -1.038451e+00 -6.972249e-01 1.564503e+00
 5.975976e-01 -1.226668e+00 -5.911799e-01 1.854209e+00
 5.985986e-01 -1.333469e+00 -4.269811e-01 1.960451e+00
 5.995996e-01 -1.352466e+00 -2.142878e-01 1.875084e+00
 6.006006e-01 -1.283176e+00  3.232781e-02 1.647587e+00
 6.016016e-01 -1.130969e+00  2.943180e-01 1.365715e+00
 6.026026e-01 -9.066315e-01  5.505364e-01 1.125071e+00
 6.036036e-01 -6.255777e-01  7.789464e-01 9.981050e-01
 6.046046e-01 -3.067713e-01  9.585269e-01 1.012882e+00
 6.056056e-01  2.857132e-02  1.071198e+00 1.148282e+00
 6.066066e-01  3.584006e-01  1.103594e+00 1.346370e+00
 6.076076e-01  6.612862e-01  1.048497e+00 1.536644e+00
 6.086086e-01  9.178061e-01  9.057894e-01 1.662823e+00
 6.096096e-01  1.111785e+00  6.828067e-01 1.702292e+00
 6.106106e-01  1.231308e+00  3.940283e-01 1.671378e+00
 6.116116e-01  1.269443e+00  6.011404e-02 1.615099e+00
 6.126126e-01  1.224635e+00 -2.936519e-01 1.585963e+00
 6.136136e-01  1.100758e+00 -6.393897e-01 1.620487e+00
 6.146146e-01  9.068018e-01 -9.489467e-01 1.722789e+00
 6.156156e-01  6.562510e-01 -1.196317e+00 1.861839e+00
 6.166166e-01  3.661662e-01 -1.359929e+00 1.983485e+00
 6.176176e-01  5.604761e-02 -1.424602e+00 2.032633e+00
 6.186186e-01 -2.534551e-01 -1.382969e+00 1.976843e+00
 6.196196e-01 -5.419012e-01 -1.236244e+00 1.821957e+00
 6.206206e-01 -7.904011e-01 -9.942442e-01 1.613255e+00
 6.216216e-01 -9.828534e-01 -6.746577e-01 1.421164e+00
 6.226226e-01 -1.107001e+00 -3.016198e-01 1.316425e+00
 6.236236e-01 -1.155231e+00  9.628209e-02 1.343829e+00
 6.246246e-01 -1.125076e+00  4.883986e-01 1.504328e+00
 6.256256e-01 -1.019364e+00  8.445847e-01 1.752426e+00
 6.266266e-01 -8.460258e-01  1.137718e+00 2.010162e+00
 6.276276e-01 -6.175508e-01  1.345938e+00 2.192919e+00
 6.286286e-01 -3.501344e-01  1.454416e+00 2.237920e+00
 6.296296e-01 -6.256863e-02  1.456491e+00 2.125282e+00
 6.306306e-01  2.250523e-01  1.354094e+00 1.884218e+00
 6.316316e-01  4.927246e-01  1.157413e+00 1.582383e+00
 6.326326e-01  7.219299e-01  8.838690e-01 1.302407e+00
 6.336336e-01  8.969365e-01  5.564751e-01 1.114160e+00
 6.346346e-01  1.005913e+00  2.017711e-01 1.052572e+00
 6.356356e-01  1.041772e+00 -1.524954e-01 1.108543e+00
 6.366366e-01  1.002684e+00 -4.797143e-01 1.235501e+00
 6.376376e-01  8.922126e-01 -7.565826e-01 1.368460e+00
 6.386386e-01  7.190626e-01 -9.649047e-01 1.448092e+00
 6.396396e-01  4.964499e-01 -1.092881e+00 1.440852e+00
 6.406406e-01  2.411358e-01 -1.135786e+00 1.348155e+00
 6.416416e-01 -2.780617e-02 -1.095996e+00 1.201979e+00
 6.426426e-01 -2.904045e-01 -9.824035e-01 1.049451e+00
 6.436436e-01 -5.272794e-01 -8.092862e-01 9.329677e-01
 6.446446e-01 -7.210957e-01 -5.947612e-01 8.737198e-01
 6.456456e-01 -8.578692e-01 -3.589909e-01 8.648140e-01
 6.466466e-01 -9.280234e-01 -1.223088e-01 8.761869e-01
 6.476476e-01 -9.271120e-01  9.655571e-02 8.688596e-01
 6.486486e-01 -8.561486e-01  2.819992e-01 8.125140e-01
 6.496496e-01 -7.215138e-01  4.226856e-01 6.992453e-01
 6.506507e-01 -5.344414e-01  5.122268e-01 5.480040e-01
 6.516517e-01 -3.101242e-01  5.493642e-01 3.979780e-01
 6.526527e-01 -6.650346e-02  5.376686e-01 2.935102e-01
 6.536537e-01  1.771597e-01  4.848134e-01 2.664296e-01
 6.546547e-01  4.018200e-01  4.015185e-01 3.226764e-01
 6.556557e-01  5.901655e-01  3.002827e-01 4.384650e-01
 6.566567e-01  7.279938e-01  1.940409e-01 5.676269e-01
 6.576577e-01  8.053342e-01  9.487397e-02 6.575643e-01
 6.586587e-01  8.172208e-01  1.289229e-02 6.680161e-01
 6.596597e-01  7.640533e-01 -4.461423e-02 5.857679e-01
 6.606607e-01  6.515128e-01 -7.369548e-02 4.298999e-01
 6.616617e-01  4.900396e-01 -7.390439e-02 2.456007e-01
 6.626627e-01  2.939165e-01 -4.810950e-02 8.870142e-02
 6.636637e-01  8.003426e-02 -1.999937e-03 6.409482e-03
 6.646647e-01 -1.335550e-01  5.665326e-02 2.104654e-02
 6.656657e-01 -3.291733e-01  1.188920e-01 1.224904e-01
 6.666667e-01 -4.910083e-01  1.755315e-01 2.719004e-01
 6.676677e-01 -6.064322e-01  2.180909e-01 4.153237e-01
 6.686687e-01 -6.670352e-01  2.396121e-01 5.023499e-01
 6.696697e-01 -6.692818e-01  2.352984e-01 5.033035e-01
 6.706707e-01 -6.147367e-01  2.029278e-01 4.190809e-01
 6.716717e-01 -5.098406e-01  1.430161e-01 2.803910e-01
 6.726727e-01 -3.652596e-01  5.873349e-02 1.368642e-01
 6.736737e-01 -1.948686e-01 -4.440592e-02 3.994564e-02
 6.746747e-01 -1.446247e-02 -1.590394e-01 2.550269e-02
 6.756757e-01  1.596865e-01 -2.765855e-01 1.019993e-01
 6.766767e-01  3.122933e-01 -3.879473e-01 2.480302e-01
 6.776777e-01  4.304136e-01 -4.842314e-01 4.197360e-01
 6.786787e-01  5.045628e-01 -5.574240e-01 5.653052e-01
 6.796797e-01  5.295015e-01 -6.009784e-01 6.415468e-01
 6.806807e-01  5.046188e-01 -6.102750e-01 6.270757e-01
 6.816817e-01  4.338830e-01 -5.829329e-01 5.280653e-01
 6.826827e-01  3.253701e-01 -5.189573e-01 3.751823e-01
 6.836837e-01  1.904207e-01 -4.207284e-01 2.132724e-01
 6.846847e-01  4.251011e-02 -2.928399e-01 8.756233e-02
 6.856857e-01 -1.040575e-01 -1.418084e-01 3.093758e-02
 6.866867e-01 -2.355044e-01  2.432267e-02 5.605394e-02
 6.876877e-01 -3.398555e-01  1.964542e-01 1.540960e-01
 6.886887e-01 -4.080137e-01  3.649508e-01 2.996643e-01
 6.896897e-01 -4.345391e-01  5.201770e-01 4.594084e-01
 6.906907e-01 -4.180618e-01  6.530266e-01 6.012194e-01
 6.916917e-01 -3.612985e-01  7.554184e-01 7.011935e-01
 6.926927e-01 -2.706816e-01  8.207402e-01 7.468829e-01
 6.936937e-01 -1.556455e-01  8.442209e-01 7.369344e-01
 6.946947e-01 -2.765027e-02  8.232181e-01 6.784526e-01
 6.956957e-01  1.009565e-01  7.574077e-01 5.838587e-01
 6.966967e-01  2.181240e-01  6.488669e-01 4.686063e-01
 6.976977e-01  3.132116e-01  5.020440e-01 3.501497e-01
 6.986987e-01  3.779283e-01  3.236126e-01 2.475549e-01
 6.996997e-01  4.070117e-01  1.222080e-01 1.805934e-01
 7.007007e-01  3.985933e-01 -9.194613e-02 1.673307e-01
 7.017017e-01  3.542281e-01 -3.075141e-01 2.200425e-01
 7.027027e-01  2.786026e-01 -5.126098e-01 3.403882e-01
 7.037037e-01  1.789666e-01 -6.954241e-01 5.156437e-01
 7.047047e-01  6.435866e-02 -8.448884e-01 7.179785e-01
 7.057057e-01 -5.528493e-02 -9.513426e-01 9.081093e-01
 7.067067e-01 -1.700452e-01 -1.007169e+00 1.043304e+00
 7.077077e-01 -2.708673e-01 -1.007351e+00 1.088125e+00
 7.087087e-01 -3.502626e-01 -9.499182e-01 1.025029e+00
 7.097097e-01 -4.028103e-01 -8.362383e-01 8.615507e-01
 7.107107e-01 -4.254272e-01 -6.711199e-01 6.313902e-01
 7.117117e-01 -4.174047e-01 -4.627099e-01 3.883271e-01
 7.127127e-01 -3.802352e-01 -2.221676e-01 1.939372e-01
 7.137137e-01 -3.172726e-01  3.687837e-02 1.020219e-01
 7.147147e-01 -2.332844e-01  2.990730e-01 1.438663e-01
 7.157157e-01 -1.339592e-01  5.482413e-01 3.185136e-01
 7.167167e-01 -2.543079e-02  7.684084e-01 5.910982e-01
 7.177177e-01  8.613394e-02  9.448682e-01 9.001950e-01
 7.187187e-01  1.948482e-01  1.065229e+00 1.172680e+00
 7.197197e-01  2.953084e-01  1.120359e+00 1.342411e+00
 7.207207e-01  3.826942e-01  1.105148e+00 1.367806e+00
 7.217217e-01  4.527905e-01  1.019034e+00 1.243449e+00
 7.227227e-01  5.019672e-01  8.662225e-01 1.002313e+00
 7.237237e-01  5.271611e-01  6.555753e-01 7.076777e-01
 7.247247e-01  5.258956e-01  4.001545e-01 4.366898e-01
 7.257257e-01  4.963707e-01  1.164412e-01 2.599424e-01
 7.267267e-01  4.376327e-01 -1.767308e-01 2.227562e-01
 7.277277e-01  3.498187e-01 -4.594563e-01 3.334732e-01
 7.287287e-01  2.344459e-01 -7.121653e-01 5.621443e-01
 7.297297e-01  9.470235e-02 -9.170522e-01 8.499533e-01
 7.307307e-01 -6.432121e-02 -1.059416e+00 1.126500e+00
 7.317317e-01 -2.355194e-01 -1.128808e+00 1.329677e+00
 7.327327e-01 -4.098381e-01 -1.119881e+00 1.422101e+00
 7.337337e-01 -5.765617e-01 -1.032879e+00 1.399263e+00
 7.347347e-01 -7.238406e-01 -8.737081e-01 1.287311e+00
 7.357357e-01 -8.394520e-01 -6.535746e-01 1.131839e+00
 7.367367e-01 -9.117511e-01 -3.882143e-01 9.820005e-01
 7.377377e-01 -9.307436e-01 -9.676130e-02 8.756465e-01
 7.387387e-01 -8.891809e-01  1.996589e-01 8.305063e-01
 7.397397e-01 -7.835652e-01  4.795034e-01 8.438979e-01
 7.407407e-01 -6.149463e-01  7.224329e-01 9.000682e-01
 7.417417e-01 -3.893992e-01  9.108485e-01 9.812767e-01
 7.427427e-01 -1.180946e-01  1.031226e+00 1.077373e+00
 7.437437e-01  1.830924e-01  1.075136e+00 1.189441e+00
 7.447447e-01  4.944459e-01  1.039879e+00 1.325825e+00
 7.457457e-01  7.937090e-01  9.286659e-01 1.492394e+00
 7.467467e-01  1.057735e+00  7.503549e-01 1.681836e+00
 7.477477e-01  1.264363e+00  5.187475e-01 1.867714e+00
 7.487487e-01  1.394357e+00  2.515113e-01 2.007489e+00
 7.497497e-01  1.433228e+00 -3.118552e-02 2.055116e+00
 7.507508e-01  1.372772e+00 -3.082189e-01 1.979502e+00
 7.517518e-01  1.212142e+00 -5.591098e-01 1.781892e+00
 7.527528e-01  9.583487e-01 -7.655565e-01 1.504509e+00
 7.537538e-01  6.260935e-01 -9.127814e-01 1.225163e+00
 7.547548e-01  2.369269e-01 -9.905901e-01 1.037403e+00
 7.557558e-01 -1.822298e-01 -9.940692e-01 1.021381e+00
 7.567568e-01 -6.010914e-01 -9.238737e-01 1.214853e+00
 7.577578e-01 -9.883829e-01 -7.860928e-01 1.594843e+00
 7.587588e-01 -1.314383e+00 -5.917125e-01 2.077727e+00
 7.597598e-01 -1.553412e+00 -3.557245e-01 2.539630e+00
 7.607608e-01 -1.686042e+00 -9.595653e-02 2.851944e+00
 7.617618e-01 -1.700820e+00  1.682819e-01 2.921108e+00
 7.627628e-01 -1.595354e+00  4.176342e-01 2.719573e+00
 7.637638e-01 -1.376632e+00  6.341049e-01 2.297204e+00
 7.647648e-01 -1.060552e+00  8.023388e-01 1.768518e+00
 7.657658e-01 -6.706906e-01  9.106821e-01 1.279168e+00
 7.667668e-01 -2.364012e-01  9.519571e-01 9.621079e-01
 7.677678e-01  2.095796e-01  9.238994e-01 8.975137e-01
 7.687688e-01  6.338194e-01  8.292385e-01 1.089363e+00
 7.697698e-01  1.004929e+00  6.754238e-01 1.466081e+00
 7.707708e-01  1.296118e+00  4.740245e-01 1.904621e+00
 7.717718e-01  1.487330e+00  2.398522e-01 2.269679e+00
 7.727728e-01  1.566793e+00 -1.012595e-02 2.454943e+00
 7.737738e-01  1.531834e+00 -2.580066e-01 2.413082e+00
 7.747748e-01  1.388906e+00 -4.862135e-01 2.165463e+00
 7.757758e-01  1.152837e+00 -6.787213e-01 1.789696e+00
 7.767768e-01  8.453777e-01 -8.221553e-01 1.390603e+00
 7.777778e-01  4.931856e-01 -9.066978e-01 1.065333e+00
 7.787788e-01  1.254485e-01 -9.267394e-01 8.745833e-01
 7.797798e-01 -2.286463e-01 -8.812380e-01 8.288595e-01
 7.807808e-01 -5.423614e-01 -7.737599e-01 8.928603e-01
 7.817818e-01 -7.935647e-01 -6.122067e-01 1.004542e+00
 7.827828e-01 -9.664077e-01 -4.082435e-01 1.100607e+00
 7.837838e-01 -1.052391e+00 -1.764704e-01 1.138670e+00
 7.847848e-01 -1.050748e+00  6.660801e-02 1.108508e+00
 7.857858e-01 -9.681254e-01  3.037447e-01 1.029528e+00
 7.867868e-01 -8.176336e-01  5.181665e-01 9.370213e-01
 7.877878e-01 -6.173596e-01  6.947585e-01 8.638223e-01
 7.887888e-01 -3.885093e-01  8.211379e-01 8.252069e-01
 7.897898e-01 -1.533592e-01  8.885369e-01 8.130169e-01
 7.907908e-01  6.678848e-02  8.924352e-01 8.009012e-01
 7.917918e-01  2.534616e-01  8.328900e-01 7.579485e-01
 7.927928e-01  3.925246e-01  7.145395e-01 6.646422e-01
 7.937938e-01  4.752148e-01  5.462729e-01 5.242432e-01
 7.947948e-01  4.986365e-01  3.405882e-01 3.646387e-01
 7.957958e-01  4.656939e-01  1.126793e-01 2.295674e-01
 7.967968e-01  3.844961e-01 -1.206831e-01 1.624016e-01
 7.977978e-01  2.673156e-01 -3.423953e-01 1.886921e-01
 7.987988e-01  1.292167e-01 -5.362984e-01 3.043129e-01
 7.997998e-01 -1.350334e-02 -6.883920e-01 4.740658e-01
 8.008008e-01 -1.449090e-01 -7.878894e-01 6.417684e-01
 8.018018e-01 -2.509100e-01 -8.280329e-01 7.485942e-01
 8.028028e-01 -3.205041e-01 -8.065988e-01 7.533245e-01
 8.038038e-01 -3.466795e-01 -7.260538e-01 6.473408e-01
 8.048048e-01 -3.269122e-01 -5.933425e-01 4.589269e-01
 8.058058e-01 -2.632349e-01 -4.193237e-01 2.451250e-01
 8.068068e-01 -1.618929e-01 -2.178954e-01 7.368772e-02
 8.078078e-01 -3.263924e-02 -4.879718e-03 1.089131e-03
 8.088088e-01  1.122503e-01  2.032435e-01 5.390804e-02
 8.098098e-01  2.591424e-01  3.906496e-01 2.197619e-01
 8.108108e-01  3.942802e-01  5.434218e-01 4.507641e-01
 8.118118e-01  5.049777e-01  6.506369e-01 6.783309e-01
 8.128128e-01  5.806749e-01  7.051958e-01 8.344844e-01
 8.138138e-01  6.137718e-01  7.043285e-01 8.727944e-01
 8.148148e-01  6.001864e-01  6.497337e-01 7.823776e-01
 8.158158e-01  5.396034e-01  5.473431e-01 5.907563e-01
 8.168168e-01  4.354131e-01  4.067357e-01 3.550184e-01
 8.178178e-01  2.943608e-01  2.402569e-01 1.443717e-01
 8.188188e-01  1.259536e-01  6.192279e-02 1.969874e-02
 8.198198e-01 -5.831850e-02 -1.137910e-01 1.634944e-02
 8.208208e-01 -2.458739e-01 -2.731660e-01 1.350736e-01
 8.218218e-01 -4.239719e-01 -4.043575e-01 3.432572e-01
 8.228228e-01 -5.806132e-01 -4.983130e-01 5.854276e-01
 8.238238e-01 -7.053470e-01 -5.494172e-01 7.993736e-01
 8.248248e-01 -7.899328e-01 -5.558124e-01 9.329212e-01
 8.258258e-01 -8.288196e-01 -5.193794e-01 9.566969e-01
 8.268268e-01 -8.194238e-01 -4.453895e-01 8.698273e-01
 8.278278e-01 -7.621992e-01 -3.418765e-01 6.978271e-01
 8.288288e-01 -6.605102e-01 -2.187948e-01 4.841449e-01
 8.298298e-01 -5.203304e-01 -8.705620e-02 2.783226e-01
 8.308308e-01 -3.497975e-01  4.246351e-02 1.241615e-01
 8.318318e-01 -1.586629e-01  1.598489e-01 5.072560e-02
 8.328328e-01  4.232288e-02  2.569205e-01 6.779936e-02
 8.338338e-01  2.420487e-01  3.277948e-01 1.660370e-01
 8.348348e-01  4.296669e-01  3.691922e-01 3.209165e-01
 8.358358e-01  5.951690e-01  3.804798e-01 4.989910e-01
 8.368368e-01  7.298879e-01  3.634680e-01 6.648453e-01
 8.378378e-01  8.269037e-01  3.220018e-01 7.874549e-01
 8.388388e-01  8.813429e-01  2.614078e-01 8.450993e-01
 8.398398e-01  8.905630e-01  1.878664e-01 8.283963e-01
 8.408408e-01  8.542246e-01  1.077858e-01 7.413174e-01
 8.418418e-01  7.742536e-01  2.724082e-02 6.002106e-01
 8.428428e-01  6.547054e-01 -4.846834e-02 4.309884e-01
 8.438438e-01  5.015412e-01 -1.151059e-01 2.647929e-01
 8.448448e-01  3.223296e-01 -1.696274e-01 1.326698e-01
 8.458458e-01  1.258895e-01 -2.101561e-01 6.001373e-02
 8.468468e-01 -7.811290e-02 -2.358386e-01 6.172145e-02
 8.478478e-01 -2.795980e-01 -2.466259e-01 1.389994e-01
 8.488488e-01 -4.685231e-01 -2.430289e-01 2.785769e-01
 8.498498e-01 -6.353346e-01 -2.258988e-01 4.546803e-01
 8.508509e-01 -7.714090e-01 -1.962732e-01 6.335950e-01
 8.518519e-01 -8.694660e-01 -1.553134e-01 7.800933e-01
 8.528529e-01 -9.239388e-01 -1.043386e-01 8.645494e-01
 8.538539e-01 -9.312863e-01 -4.494489e-02 8.693143e-01
 8.548549e-01 -8.902294e-01  2.082423e-02 7.929421e-01
 8.558559e-01 -8.018970e-01  9.029949e-02 6.511928e-01
 8.568569e-01 -6.698668e-01  1.600531e-01 4.743385e-01
 8.578579e-01 -5.000902e-01  2.258606e-01 3.011032e-01
 8.588589e-01 -3.006941e-01  2.827987e-01 1.703920e-01
 8.598599e-01 -8.165723e-02  3.255009e-01 1.126188e-01
 8.608609e-01  1.456317e-01  3.485721e-01 1.427111e-01
 8.618619e-01  3.689221e-01  3.471340e-01 2.566055e-01
 8.628629e-01  5.757344e-01  3.174548e-01 4.322476e-01
 8.638639e-01  7.540478e-01  2.575883e-01 6.349399e-01
 8.648649e-01  8.930072e-01  1.679431e-01 8.256667e-01
 8.658659e-01  9.836074e-01  5.169227e-02 9.701557e-01
 8.668669e-01  1.019312e+00 -8.505120e-02 1.046231e+00
 8.678679e-01  9.965600e-01 -2.333548e-01 1.047586e+00
 8.688689e-01  9.151230e-01 -3.819101e-01 9.833053e-01
 8.698699e-01  7.782752e-01 -5.177962e-01 8.738253e-01
 8.708709e-01  5.927556e-01 -6.275179e-01 7.451379e-01
 8.718719e-01  3.685064e-01 -6.982391e-01 6.233349e-01
 8.728729e-01  1.181947e-01 -7.191005e-01 5.310755e-01
 8.738739e-01 -1.434693e-01 -6.824896e-01 4.863754e-01
 8.748749e-01 -4.005805e-01 -5.851256e-01 5.028366e-01
 8.758759e-01 -6.370094e-01 -4.288268e-01 5.896734e-01
 8.768769e-01 -8.374348e-01 -2.208528e-01 7.500730e-01
 8.778779e-01 -9.883716e-01  2.625043e-02 9.775674e-01
 8.788789e-01 -1.079125e+00  2.953288e-01 1.251730e+00
 8.798799e-01 -1.102599e+00  5.657952e-01 1.535849e+00
 8.808809e-01 -1.055901e+00  8.152214e-01 1.779512e+00
 8.818819e-01 -9.406774e-01  1.021222e+00 1.927768e+00
 8.828829e-01 -7.631668e-01  1.163464e+00 1.936071e+00
 8.838839e-01 -5.339255e-01  1.225618e+00 1.787216e+00
 8.848849e-01 -2.672509e-01  1.197066e+00 1.504389e+00
 8.858859e-01  1.968102e-02  1.074174e+00 1.154237e+00
 8.868869e-01  3.079127e-01  8.610135e-01 8.361544e-01
 8.878879e-01  5.779691e-01  5.694119e-01 6.582782e-01
 8.888889e-01  8.112049e-01  2.183148e-01 7.057148e-01
 8.898899e-01  9.911404e-01 -1.675155e-01 1.010421e+00
 8.908909e-01  1.104688e+00 -5.593698e-01 1.533231e+00
 8.918919e-01  1.143179e+00 -9.268784e-01 2.165962e+00
 8.928929e-01  1.103094e+00 -1.240519e+00 2.755706e+00
 8.938939e-01  9.864528e-01 -1.474129e+00 3.146145e+00
 8.948949e-01  8.007948e-01 -1.607185e+00 3.224315e+00
 8.958959e-01  5.587590e-01 -1.626661e+00 2.958238e+00
 8.968969e-01  2.772658e-01 -1.528271e+00 2.412489e+00
 8.978979e-01 -2.364629e-02 -1.316985e+00 1.735009e+00
 8.988989e-01 -3.222509e-01 -1.006767e+00 1.117425e+00
 8.998999e-01 -5.967324e-01 -6.195419e-01 7.399217e-01
 9.009009e-01 -8.268328e-01 -1.834832e-01 7.173186e-01
 9.019019e-01 -9.954189e-01  2.692373e-01 1.063348e+00
 9.029029e-01 -1.089845e+00  7.050395e-01 1.684843e+00
 9.039039e-01 -1.102997e+00  1.091642e+00 2.408285e+00
 9.049049e-01 -1.033924e+00  1.400650e+00 3.030818e+00
 9.059059e-01 -8.879969e-01  1.609803e+00 3.380004e+00
 9.069069e-01 -6.765671e-01  1.704695e+00 3.363728e+00
 9.079079e-01 -4.161426e-01  1.679820e+00 2.994969e+00
 9.089089e-01 -1.271337e-01  1.538869e+00 2.384281e+00
 9.099099e-01  1.677364e-01  1.294269e+00 1.703269e+00
 9.109109e-01  4.452334e-01  9.660114e-01 1.131411e+00
 9.119119e-01  6.834815e-01  5.798888e-01 8.034180e-01
 9.129129e-01  8.637473e-01  1.653124e-01 7.733876e-01
 9.139139e-01  9.719860e-01 -2.471054e-01 1.005818e+00
 9.149149e-01  1.000019e+00 -6.279826e-01 1.394400e+00
 9.159159e-01  9.462360e-01 -9.514130e-01 1.800549e+00
 9.169169e-01  8.157553e-01 -1.196841e+00 2.097885e+00
 9.179179e-01  6.200240e-01 -1.350425e+00 2.208078e+00
 9.189189e-01  3.758825e-01 -1.405798e+00 2.117556e+00
 9.199199e-01  1.041682e-01 -1.364186e+00 1.871855e+00
 9.209209e-01 -1.720271e-01 -1.233914e+00 1.552136e+00
 9.219219e-01 -4.293002e-01 -1.029360e+00 1.243881e+00
 9.229229e-01 -6.459142e-01 -7.694948e-01 1.009327e+00
 9.239239e-01 -8.036427e-01 -4.761295e-01 8.725409e-01
 9.249249e-01 -8.893195e-01 -1.720560e-01 8.204924e-01
 9.259259e-01 -8.959592e-01  1.207698e-01 8.173281e-01
 9.269269e-01 -8.233518e-01  3.828503e-01 8.244826e-01
 9.279279e-01 -6.780768e-01  5.984526e-01 8.179337e-01
 9.289289e-01 -4.729353e-01  7.565142e-01 7.959815e-01
 9.299299e-01 -2.258490e-01  8.511045e-01 7.753867e-01
 9.309309e-01  4.167900e-02  8.814392e-01 7.786723e-01
 9.319319e-01  3.064082e-01  8.514836e-01 8.189104e-01
 9.329329e-01  5.453495e-01  7.692145e-01 8.890971e-01
 9.339339e-01  7.377268e-01  6.456318e-01 9.610814e-01
 9.349349e-01  8.667426e-01  4.936256e-01 9.949090e-01
 9.359359e-01  9.209965e-01  3.268051e-01 9.550361e-01
 9.369369e-01  8.954366e-01  1.583914e-01 8.268946e-01
 9.379379e-01  7.917658e-01  2.560203e-04 6.268932e-01
 9.389389e-01  6.182723e-01 -1.378304e-01 4.012579e-01
 9.399399e-01  3.891035e-01 -2.487015e-01 2.132540e-01
 9.409409e-01  1.230520e-01 -3.280381e-01 1.227508e-01
 9.419419e-01 -1.580387e-01 -3.743619e-01 1.651230e-01
 9.429429e-01 -4.311085e-01 -3.888086e-01 3.370267e-01
 9.439439e-01 -6.737959e-01 -3.747281e-01 5.944221e-01
 9.449449e-01 -8.662725e-01 -3.371617e-01 8.641061e-01
 9.459459e-01 -9.928425e-01 -2.822548e-01 1.065404e+00
 9.469469e-01 -1.043177e+00 -2.166580e-01 1.135160e+00
 9.479479e-01 -1.013091e+00 -1.469636e-01 1.047951e+00
 9.489489e-01 -9.047932e-01 -7.921443e-02 8.249257e-01
 9.499499e-01 -7.266257e-01 -1.851389e-02 5.283277e-01
 9.509510e-01 -4.922950e-01  3.125052e-02 2.433309e-01
 9.519520e-01 -2.196952e-01  6.756227e-02 5.283066e-02
 9.529530e-01  7.058046e-02  8.931504e-02 1.295878e-02
 9.539540e-01  3.569071e-01  9.674621e-02 1.367425e-01
 9.549550e-01  6.183305e-01  9.128102e-02 3.906649e-01
 9.559560e-01  8.361667e-01  7.530604e-02 7.048457e-01
 9.569570e-01  9.953698e-01  5.189367e-02 9.934539e-01
 9.579580e-01  1.085567e+00  2.449830e-02 1.179057e+00
 9.589590e-01  1.101690e+00 -3.353720e-03 1.213733e+00
 9.599600e-01  1.044165e+00 -2.836066e-02 1.091085e+00
 9.609610e-01  9.186690e-01 -4.770906e-02 8.462290e-01
 9.619620e-01  7.354932e-01 -5.928825e-02 5.444653e-01
 9.629630e-01  5.085782e-01 -6.184120e-02 2.624762e-01
 9.639640e-01  2.543226e-01 -5.504219e-02 6.770964e-02
 9.649650e-01 -9.731184e-03 -3.949501e-02 1.654551e-03
 9.659660e-01 -2.662187e-01 -1.665239e-02 7.114967e-02
 9.669670e-01 -4.991773e-01  1.133785e-02 2.493066e-01
 9.679680e-01 -6.950817e-01  4.184691e-02 4.848897e-01
 9.689690e-01 -8.436191e-01  7.202153e-02 7.168804e-01
 9.699700e-01 -9.381662e-01  9.905917e-02 8.899686e-01
 9.709710e-01 -9.759504e-01  1.204762e-01 9.669937e-01
 9.719720e-01 -9.579136e-01  1.343419e-01 9.356462e-01
 9.729730e-01 -8.883167e-01  1.394540e-01 8.085539e-01
 9.739740e-01 -7.741436e-01  1.354367e-01 6.176414e-01
 9.749750e-01 -6.243764e-01  1.227491e-01 4.049132e-01
 9.759760e-01 -4.492151e-01  1.026016e-01 2.123213e-01
 9.769770e-01 -2.593153e-01  7.679101e-02 7.314128e-02
 9.779780e-01 -6.510304e-02  4.747046e-02 6.491850e-03
 9.789790e-01  1.237856e-01  1.688350e-02 1.560792e-02
 9.799800e-01  2.989141e-01 -1.290518e-02 8.951620e-02
 9.809810e-01  4.532968e-01 -4.024682e-02 2.070978e-01
 9.819820e-01  5.815008e-01 -6.408159e-02 3.422496e-01
 9.829830e-01  6.796267e-01 -8.402108e-02 4.689520e-01
 9.839840e-01  7.452007e-01 -1.003263e-01 5.653895e-01
 9.849850e-01  7.770204e-01 -1.137794e-01 6.167064e-01
 9.859860e-01  7.749914e-01 -1.254631e-01 6.163526e-01
 9.869870e-01  7.399873e-01 -1.364753e-01 5.662067e-01
 9.879880e-01  6.737541e-01 -1.476181e-01 4.757357e-01
 9.889890e-01  5.788669e-01 -1.591079e-01 3.604023e-01
 9.899900e-01  4.587329e-01 -1.703538e-01 2.394563e-01
 9.909910e-01  3.176234e-01 -1.798469e-01 1.332295e-01
 9.919920e-01  1.607067e-01 -1.851935e-01 6.012331e-02
 9.929930e-01 -5.949192e-03 -1.833061e-01 3.363653e-02
 9.939940e-01 -1.754373e-01 -1.707475e-01 5.993294e-02
 9.949950e-01 -3.401598e-01 -1.442014e-01 1.365027e-01
 9.959960e-01 -4.920812e-01 -1.010233e-01 2.523497e-01
 9.969970e-01 -6.230889e-01 -3.980677e-02 3.898244e-01
 9.979980e-01 -7.254469e-01  3.910697e-02 5.278026e-01
 9.989990e-01 -7.923163e-01  1.332518e-01 6.455211e-01
 1.000000e+00 -8.183009e-01  2.378591e-01 7.261933e-01
