# x psi_r psi_i psi2 
 0.000000e+00 -9.379603e-01 -7.319160e-01 1.415470e+00
 1.001001e-03 -8.463422e-01 -7.486677e-01 1.276798e+00
 2.002002e-03 -7.056605e-01 -7.361711e-01 1.039905e+00
 3.003003e-03 -5.226731e-01 -6.979562e-01 7.603301e-01
 4.004004e-03 -3.066302e-01 -6.384919e-01 5.016940e-01
 5.005005e-03 -6.886127e-02 -5.628280e-01 3.215172e-01
 6.006006e-03  1.777694e-01 -4.762249e-01 2.583921e-01
 7.007007e-03  4.195174e-01 -3.837957e-01 3.232940e-01
 8.008008e-03  6.424917e-01 -2.901860e-01 4.970035e-01
 9.009009e-03  8.334304e-01 -1.993139e-01 7.343323e-01
 1.001001e-02  9.804754e-01 -1.141855e-01 9.743703e-01
 1.101101e-02  1.073902e+00 -3.679806e-02 1.154619e+00
 1.201201e-02  1.106755e+00  3.186612e-02 1.225923e+00
 1.301301e-02  1.075359e+00  9.175796e-02 1.164816e+00
 1.401401e-02  9.796416e-01  1.436027e-01 9.803193e-01
 1.501502e-02  8.232766e-01  1.886796e-01 7.133844e-01
 1.601602e-02  6.135939e-01  2.285625e-01 4.287382e-01
 1.701702e-02  3.612737e-01  2.648438e-01 2.006609e-01
 1.801802e-02  7.982545e-02  2.988700e-01 9.569535e-02
 1.901902e-02 -2.151251e-01  3.315107e-01 1.561781e-01
 2.002002e-02 -5.067031e-01  3.629855e-01 3.885065e-01
 2.102102e-02 -7.777589e-01  3.927634e-01 7.591720e-01
 2.202202e-02 -1.011891e+00  4.195472e-01 1.199944e+00
 2.302302e-02 -1.194458e+00  4.413460e-01 1.621516e+00
 2.402402e-02 -1.313505e+00  4.556308e-01 1.932896e+00
 2.502503e-02 -1.360564e+00  4.595630e-01 2.062332e+00
 2.602603e-02 -1.331241e+00  4.502768e-01 1.974951e+00
 2.702703e-02 -1.225580e+00  4.251921e-01 1.682834e+00
 2.802803e-02 -1.048149e+00  3.823312e-01 1.244794e+00
 2.902903e-02 -8.078524e-01  3.206109e-01 7.554168e-01
 3.003003e-02 -5.174589e-01  2.400829e-01 3.254035e-01
 3.103103e-02 -1.928898e-01  1.420985e-01 5.739846e-02
 3.203203e-02  1.477082e-01  2.937817e-02 2.268078e-02
 3.303303e-02  4.850395e-01 -9.402432e-02 2.441039e-01
 3.403403e-02  7.998212e-01 -2.228687e-01 6.893845e-01
 3.503504e-02  1.073954e+00 -3.509795e-01 1.276564e+00
 3.603604e-02  1.291627e+00 -4.715899e-01 1.890698e+00
 3.703704e-02  1.440286e+00 -5.777550e-01 2.408225e+00
 3.803804e-02  1.511396e+00 -6.628087e-01 2.723633e+00
 3.903904e-02  1.500954e+00 -7.208318e-01 2.772462e+00
 4.004004e-02  1.409719e+00 -7.470961e-01 2.545461e+00
 4.104104e-02  1.243138e+00 -7.384527e-01 2.090704e+00
 4.204204e-02  1.010977e+00 -6.936318e-01 1.503200e+00
 4.304304e-02  7.266953e-01 -6.134298e-01 9.043821e-01
 4.404404e-02  4.065819e-01 -5.007651e-01 4.160745e-01
 4.504505e-02  6.873846e-02 -3.605930e-01 1.347523e-01
 4.604605e-02 -2.680392e-01 -1.996801e-01 1.117172e-01
 4.704705e-02 -5.853994e-01 -2.624987e-02 3.433815e-01
 4.804805e-02 -8.665196e-01  1.504830e-01 7.735013e-01
 4.904905e-02 -1.097068e+00  3.208590e-01 1.306509e+00
 5.005005e-02 -1.265986e+00  4.753670e-01 1.828694e+00
 5.105105e-02 -1.366035e+00  6.052458e-01 2.232375e+00
 5.205205e-02 -1.394098e+00  7.030529e-01 2.437793e+00
 5.305305e-02 -1.351203e+00  7.631609e-01 2.408163e+00
 5.405405e-02 -1.242292e+00  7.821472e-01 2.155044e+00
 5.505506e-02 -1.075761e+00  7.590476e-01 1.733415e+00
 5.605606e-02 -8.627990e-01  6.954538e-01 1.228078e+00
 5.705706e-02 -6.165911e-01  5.954457e-01 7.347402e-01
 5.805806e-02 -3.514405e-01  4.653590e-01 3.400694e-01
 5.905906e-02 -8.186909e-02  3.134011e-01 1.049228e-01
 6.006006e-02  1.782399e-01  1.491387e-01 5.401181e-02
 6.106106e-02  4.164047e-01 -1.711171e-02 1.736857e-01
 6.206206e-02  6.221689e-01 -1.749495e-01 4.177014e-01
 6.306306e-02  7.875537e-01 -3.145698e-01 7.191950e-01
 6.406406e-02  9.073230e-01 -4.274103e-01 1.005915e+00
 6.506507e-02  9.790546e-01 -5.067227e-01 1.215316e+00
 6.606607e-02  1.003031e+00 -5.480288e-01 1.306407e+00
 6.706707e-02  9.819728e-01 -5.494286e-01 1.266142e+00
 6.806807e-02  9.206409e-01 -5.117391e-01 1.109457e+00
 6.906907e-02  8.253569e-01 -4.384519e-01 8.734541e-01
 7.007007e-02  7.034726e-01 -3.355102e-01 6.074408e-01
 7.107107e-02  5.628373e-01 -2.109188e-01 3.612725e-01
 7.207207e-02  4.112963e-01 -7.421121e-02 1.746719e-01
 7.307307e-02  2.562554e-01  6.419138e-02 6.978735e-02
 7.407407e-02  1.043320e-01  1.936876e-01 4.840005e-02
 7.507508e-02 -3.889062e-02  3.042227e-01 9.406392e-02
 7.607608e-02 -1.690038e-01  3.869862e-01 1.783206e-01
 7.707708e-02 -2.828104e-01  4.350330e-01 2.692354e-01
 7.807808e-02 -3.782734e-01  4.437859e-01 3.400367e-01
 7.907908e-02 -4.543918e-01  4.113850e-01 3.757095e-01
 8.008008e-02 -5.110285e-01  3.388582e-01 3.759750e-01
 8.108108e-02 -5.487107e-01  2.301019e-01 3.540304e-01
 8.208208e-02 -5.684293e-01  9.166954e-02 3.315152e-01
 8.308308e-02 -5.714538e-01 -6.761870e-02 3.311318e-01
 8.408408e-02 -5.591811e-01 -2.372204e-01 3.689571e-01
 8.508509e-02 -5.330269e-01 -4.055360e-01 4.485772e-01
 8.608609e-02 -4.943648e-01 -5.606508e-01 5.587258e-01
 8.708709e-02 -4.445114e-01 -6.911074e-01 6.752198e-01
 8.808809e-02 -3.847512e-01 -7.866581e-01 7.668644e-01
 8.908909e-02 -3.163904e-01 -8.389487e-01 8.039377e-01
 9.009009e-02 -2.408268e-01 -8.420903e-01 7.671136e-01
 9.109109e-02 -1.596213e-01 -7.930824e-01 6.544587e-01
 9.209209e-02 -7.455704e-02 -6.920598e-01 4.845055e-01
 9.309309e-02  1.232442e-02 -5.423474e-01 2.942926e-01
 9.409409e-02  9.872040e-02 -3.503204e-01 1.324701e-01
 9.509510e-02  1.821012e-01 -1.250773e-01 4.880516e-02
 9.609610e-02  2.597820e-01  1.220541e-01 8.238389e-02
 9.709710e-02  3.290295e-01  3.781459e-01 2.512547e-01
 9.809810e-02  3.871946e-01  6.293984e-01 5.460620e-01
 9.909910e-02  4.318620e-01  8.619220e-01 9.294143e-01
 1.001001e-01  4.610036e-01  1.062527e+00 1.341487e+00
 1.011011e-01  4.731232e-01  1.219473e+00 1.710960e+00
 1.021021e-01  4.673789e-01  1.323142e+00 1.969149e+00
 1.031031e-01  4.436741e-01  1.366586e+00 2.064403e+00
 1.041041e-01  4.027068e-01  1.345923e+00 1.973681e+00
 1.051051e-01  3.459735e-01  1.260575e+00 1.708747e+00
 1.061061e-01  2.757249e-01  1.113310e+00 1.315483e+00
 1.071071e-01  1.948767e-01  9.101123e-01 8.662813e-01
 1.081081e-01  1.068803e-01  6.598766e-01 4.468605e-01
 1.091091e-01  1.556126e-02  3.739518e-01 1.400821e-01
 1.101101e-01 -7.506387e-02  6.555878e-02 9.932538e-03
 1.111111e-01 -1.609806e-01 -2.508856e-01 8.885838e-02
 1.121121e-01 -2.383694e-01 -5.604992e-01 3.709793e-01
 1.131131e-01 -3.037854e-01 -8.486823e-01 8.125472e-01
 1.141141e-01 -3.543188e-01 -1.101845e+00 1.339603e+00
 1.151151e-01 -3.877247e-01 -1.308073e+00 1.861385e+00
 1.161161e-01 -4.025209e-01 -1.457709e+00 2.286938e+00
 1.171171e-01 -3.980482e-01 -1.543808e+00 2.541787e+00
 1.181181e-01 -3.744952e-01 -1.562463e+00 2.581536e+00
 1.191191e-01 -3.328869e-01 -1.512967e+00 2.399883e+00
 1.201201e-01 -2.750416e-01 -1.397833e+00 2.029586e+00
 1.211211e-01 -2.034984e-01 -1.222644e+00 1.536270e+00
 1.221221e-01 -1.214218e-01 -9.957617e-01 1.006285e+00
 1.231231e-01 -3.248425e-02 -7.279065e-01 5.309031e-01
 1.241241e-01  5.926663e-02 -4.316247e-01 1.898124e-01
 1.251251e-01  1.495548e-01 -1.206739e-01 3.692884e-02
 1.261261e-01  2.340334e-01  1.906443e-01 9.111687e-02
 1.271271e-01  3.084499e-01  4.881731e-01 3.334543e-01
 1.281281e-01  3.688185e-01  7.585766e-01 7.114655e-01
 1.291291e-01  4.115932e-01  9.899725e-01 1.149454e+00
 1.301301e-01  4.338414e-01  1.172490e+00 1.562950e+00
 1.311311e-01  4.334099e-01  1.298725e+00 1.874531e+00
 1.321321e-01  4.090768e-01  1.364077e+00 2.028049e+00
 1.331331e-01  3.606825e-01  1.366938e+00 1.998610e+00
 1.341341e-01  2.892282e-01  1.308740e+00 1.796453e+00
 1.351351e-01  1.969327e-01  1.193847e+00 1.464053e+00
 1.361361e-01  8.723637e-02  1.029297e+00 1.067063e+00
 1.371371e-01 -3.525542e-02  8.244166e-01 6.809057e-01
 1.381381e-01 -1.648980e-01  5.903111e-01 3.756586e-01
 1.391391e-01 -2.952044e-01  3.392737e-01 2.022523e-01
 1.401401e-01 -4.191129e-01  8.413090e-02 1.827337e-01
 1.411411e-01 -5.293196e-01 -1.624347e-01 3.065642e-01
 1.421421e-01 -6.186627e-01 -3.885487e-01 5.337136e-01
 1.431431e-01 -6.805427e-01 -5.837613e-01 8.039156e-01
 1.441441e-01 -7.093540e-01 -7.395805e-01 1.050162e+00
 1.451451e-01 -7.009026e-01 -8.498922e-01 1.213581e+00
 1.461461e-01 -6.527798e-01 -9.112435e-01 1.256486e+00
 1.471471e-01 -5.646625e-01 -9.229720e-01 1.170721e+00
 1.481481e-01 -4.385127e-01 -8.871749e-01 9.793727e-01
 1.491491e-01 -2.786512e-01 -8.085174e-01 7.313469e-01
 1.501502e-01 -9.168963e-02 -6.938939e-01 4.898958e-01
 1.511512e-01  1.136890e-01 -5.519614e-01 3.175865e-01
 1.521522e-01  3.270993e-01 -3.925736e-01 2.611080e-01
 1.531532e-01  5.369612e-01 -2.261518e-01 3.394720e-01
 1.541542e-01  7.311220e-01 -6.303056e-02 5.385122e-01
 1.551552e-01  8.975609e-01  8.718016e-02 8.132159e-01
 1.561562e-01  1.025135e+00  2.161750e-01 1.097634e+00
 1.571572e-01  1.104319e+00  3.174400e-01 1.320288e+00
 1.581582e-01  1.127886e+00  3.866135e-01 1.421596e+00
 1.591592e-01  1.091488e+00  4.216995e-01 1.369177e+00
 1.601602e-01  9.940809e-01  4.231197e-01 1.167227e+00
 1.611612e-01  8.381614e-01  3.936013e-01 8.574365e-01
 1.621622e-01  6.297927e-01  3.379111e-01 5.108227e-01
 1.631632e-01  3.784011e-01  2.624529e-01 2.120689e-01
 1.641642e-01  9.634857e-02  1.747595e-01 3.982395e-02
 1.651652e-01 -2.017000e-01  8.291369e-02 4.755756e-02
 1.661662e-01 -4.995833e-01 -5.059608e-03 2.496091e-01
 1.671672e-01 -7.805758e-01 -8.178612e-02 6.159876e-01
 1.681682e-01 -1.028390e+00 -1.410785e-01 1.077488e+00
 1.691692e-01 -1.228181e+00 -1.783772e-01 1.540246e+00
 1.701702e-01 -1.367497e+00 -1.910635e-01 1.906553e+00
 1.711712e-01 -1.437099e+00 -1.786250e-01 2.097160e+00
 1.721722e-01 -1.431599e+00 -1.426581e-01 2.069827e+00
 1.731732e-01 -1.349875e+00 -8.671304e-02 1.829681e+00
 1.741742e-01 -1.195220e+00 -1.598902e-02 1.428806e+00
 1.751752e-01 -9.752190e-01  6.309324e-02 9.550329e-01
 1.761762e-01 -7.013554e-01  1.434108e-01 5.124660e-01
 1.771772e-01 -3.883637e-01  2.177088e-01 1.982235e-01
 1.781782e-01 -5.337477e-02  2.791789e-01 8.078970e-02
 1.791792e-01  2.850981e-01  3.219996e-01 1.849647e-01
 1.801802e-01  6.082670e-01  3.417997e-01 4.868158e-01
 1.811812e-01  8.981994e-01  3.360059e-01 9.196621e-01
 1.821822e-01  1.138898e+00  3.040506e-01 1.389535e+00
 1.831832e-01  1.317261e+00  2.474220e-01 1.796395e+00
 1.841842e-01  1.423864e+00  1.695539e-01 2.056136e+00
 1.851852e-01  1.453503e+00  7.556365e-02 2.118382e+00
 1.861862e-01  1.405488e+00 -2.814093e-02 1.976187e+00
 1.871872e-01  1.283636e+00 -1.343550e-01 1.665772e+00
 1.881882e-01  1.096003e+00 -2.356306e-01 1.256744e+00
 1.891892e-01  8.543452e-01 -3.248486e-01 8.354324e-01
 1.901902e-01  5.733643e-01 -3.957621e-01 4.853743e-01
 1.911912e-01  2.697776e-01 -4.434700e-01 2.694456e-01
 1.921922e-01 -3.871924e-02 -4.647828e-01 2.175222e-01
 1.931932e-01 -3.345331e-01 -4.584517e-01 3.220904e-01
 1.941942e-01 -6.012291e-01 -4.252454e-01 5.423101e-01
 1.951952e-01 -8.244943e-01 -3.678669e-01 8.151170e-01
 1.961962e-01 -9.929511e-01 -2.907205e-01 1.070470e+00
 1.971972e-01 -1.098773e+00 -1.995466e-01 1.247122e+00
 1.981982e-01 -1.138070e+00 -1.009565e-01 1.305397e+00
 1.991992e-01 -1.111022e+00 -1.904114e-03 1.234373e+00
 2.002002e-01 -1.021759e+00  9.086213e-02 1.052246e+00
 2.012012e-01 -8.780076e-01  1.713218e-01 8.002484e-01
 2.022022e-01 -6.905245e-01  2.346386e-01 5.318794e-01
 2.032032e-01 -4.723583e-01  2.775128e-01 3.001357e-01
 2.042042e-01 -2.379951e-01  2.984028e-01 1.456859e-01
 2.052052e-01 -2.439260e-03  2.975995e-01 8.857142e-02
 2.062062e-01  2.197123e-01  2.771485e-01 1.250848e-01
 2.072072e-01  4.151449e-01  2.406283e-01 2.302473e-01
 2.082082e-01  5.725990e-01  1.928053e-01 3.650435e-01
 2.092092e-01  6.834978e-01  1.391944e-01 4.865444e-01
 2.102102e-01  7.423959e-01  8.556367e-02 5.584728e-01
 2.112112e-01  7.472276e-01  3.742438e-02 5.597496e-01
 2.122122e-01  6.993465e-01 -4.505361e-04 4.890857e-01
 2.132132e-01  6.033599e-01 -2.443993e-02 3.646404e-01
 2.142142e-01  4.667737e-01 -3.238553e-02 2.189266e-01
 2.152152e-01  2.994754e-01 -2.377539e-02 9.025081e-02
 2.162162e-01  1.130880e-01  2.147000e-04 1.278895e-02
 2.172172e-01 -7.976163e-02  3.682477e-02 7.717982e-03
 2.182182e-01 -2.662170e-01  8.194969e-02 7.758724e-02
 2.192192e-01 -4.339621e-01  1.304934e-01 2.053516e-01
 2.202202e-01 -5.719443e-01  1.768090e-01 3.583817e-01
 2.212212e-01 -6.710102e-01  2.151871e-01 4.965602e-01
 2.222222e-01 -7.244198e-01  2.403545e-01 5.825544e-01
 2.232232e-01 -7.282146e-01  2.479395e-01 5.917705e-01
 2.242242e-01 -6.814216e-01  2.348693e-01 5.194990e-01
 2.252252e-01 -5.860866e-01  1.996651e-01 3.833637e-01
 2.262262e-01 -4.471375e-01  1.426129e-01 2.202704e-01
 2.272272e-01 -2.720899e-01  6.579572e-02 7.836197e-02
 2.282282e-01 -7.061354e-02 -2.701442e-02 5.716051e-03
 2.292292e-01  1.460140e-01 -1.305963e-01 3.837548e-02
 2.302302e-01  3.655356e-01 -2.386326e-01 1.905618e-01
 2.312312e-01  5.753896e-01 -3.441484e-01 4.495113e-01
 2.322322e-01  7.633951e-01 -4.400020e-01 7.763739e-01
 2.332332e-01  9.184118e-01 -5.193907e-01 1.113247e+00
 2.342342e-01  1.030940e+00 -5.763344e-01 1.394998e+00
 2.352352e-01  1.093630e+00 -6.061021e-01 1.563387e+00
 2.362362e-01  1.101680e+00 -6.055508e-01 1.580391e+00
 2.372372e-01  1.053096e+00 -5.733542e-01 1.437745e+00
 2.382382e-01  9.488051e-01 -5.101067e-01 1.160440e+00
 2.392392e-01  7.926294e-01 -4.182990e-01 8.032353e-01
 2.402402e-01  5.910993e-01 -3.021676e-01 4.407036e-01
 2.412412e-01  3.531403e-01 -1.674342e-01 1.527423e-01
 2.422422e-01  8.963650e-02 -2.095344e-02 8.473748e-03
 2.432432e-01 -1.871023e-01  1.297036e-01 5.183030e-02
 2.442442e-01 -4.639439e-01  2.767012e-01 2.918074e-01
 2.452452e-01 -7.275771e-01  4.123954e-01 6.994384e-01
 2.462462e-01 -9.651647e-01  5.297668e-01 1.212196e+00
 2.472472e-01 -1.164973e+00  6.228025e-01 1.745046e+00
 2.482482e-01 -1.316950e+00  6.868073e-01 2.206063e+00
 2.492492e-01 -1.413220e+00  7.186290e-01 2.513620e+00
 2.502503e-01 -1.448477e+00  7.167894e-01 2.611873e+00
 2.512513e-01 -1.420253e+00  6.815191e-01 2.481586e+00
 2.522523e-01 -1.329051e+00  6.147006e-01 2.144235e+00
 2.532533e-01 -1.178340e+00  5.197296e-01 1.658605e+00
 2.542543e-01 -9.743994e-01  4.013070e-01 1.110502e+00
 2.552553e-01 -7.260341e-01  2.651782e-01 5.974451e-01
 2.562563e-01 -4.441694e-01  1.178369e-01 2.111720e-01
 2.572573e-01 -1.413377e-01 -3.379018e-02 2.111812e-02
 2.582583e-01  1.689096e-01 -1.826621e-01 6.189591e-02
 2.592593e-01  4.726432e-01 -3.219321e-01 3.270319e-01
 2.602603e-01  7.562164e-01 -4.452350e-01 7.700974e-01
 2.612613e-01  1.006915e+00 -5.469448e-01 1.313026e+00
 2.622623e-01  1.213562e+00 -6.223976e-01 1.860112e+00
 2.632633e-01  1.367056e+00 -6.680736e-01 2.315164e+00
 2.642643e-01  1.460799e+00 -6.817388e-01 2.598702e+00
 2.652653e-01  1.491016e+00 -6.625409e-01 2.662089e+00
 2.662663e-01  1.456924e+00 -6.110609e-01 2.496024e+00
 2.672673e-01  1.360766e+00 -5.293172e-01 2.131860e+00
 2.682683e-01  1.207681e+00 -4.207205e-01 1.635499e+00
 2.692693e-01  1.005446e+00 -2.899777e-01 1.095008e+00
 2.702703e-01  7.640688e-01 -1.429435e-01 6.042339e-01
 2.712713e-01  4.952832e-01  1.358174e-02 2.454899e-01
 2.722723e-01  2.119482e-01  1.721060e-01 7.454249e-02
 2.732733e-01 -7.260376e-02  3.247482e-01 1.107327e-01
 2.742743e-01 -3.452410e-01  4.635829e-01 3.341004e-01
 2.752753e-01 -5.936926e-01  5.810159e-01 6.900504e-01
 2.762763e-01 -8.071587e-01  6.701770e-01 1.100642e+00
 2.772773e-01 -9.768378e-01  7.253104e-01 1.480287e+00
 2.782783e-01 -1.096343e+00  7.421430e-01 1.752744e+00
 2.792793e-01 -1.161984e+00  7.182058e-01 1.866025e+00
 2.802803e-01 -1.172897e+00  6.530850e-01 1.802208e+00
 2.812813e-01 -1.131025e+00  5.485802e-01 1.580159e+00
 2.822823e-01 -1.040935e+00  4.087504e-01 1.250622e+00
 2.832833e-01 -9.094933e-01  2.398325e-01 8.846977e-01
 2.842843e-01 -7.454260e-01  5.002612e-02 5.581626e-01
 2.852853e-01 -5.587690e-01 -1.508541e-01 3.349798e-01
 2.862863e-01 -3.602633e-01 -3.518502e-01 2.535881e-01
 2.872873e-01 -1.607193e-01 -5.414342e-01 3.189817e-01
 2.882883e-01  2.960576e-02 -7.081572e-01 5.023631e-01
 2.892893e-01  2.015830e-01 -8.413352e-01 7.484806e-01
 2.902903e-01  3.477011e-01 -9.317321e-01 9.890208e-01
 2.912913e-01  4.624427e-01 -9.721938e-01 1.159014e+00
 2.922923e-01  5.425249e-01 -9.581886e-01 1.212459e+00
 2.932933e-01  5.869904e-01 -8.882134e-01 1.133481e+00
 2.942943e-01  5.971453e-01 -7.640306e-01 9.403252e-01
 2.952953e-01  5.763513e-01 -5.907097e-01 6.811189e-01
 2.962963e-01  5.296869e-01 -3.764626e-01 4.222923e-01
 2.972973e-01  4.635038e-01 -1.322704e-01 2.323312e-01
 2.982983e-01  3.849099e-01  1.286813e-01 1.647145e-01
 2.992993e-01  3.012166e-01  3.917307e-01 2.441844e-01
 3.003003e-01  2.193892e-01  6.415915e-01 4.597712e-01
 3.013013e-01  1.455403e-01  8.632744e-01 7.664247e-01
 3.023023e-01  8.450211e-02  1.043023e+00 1.095038e+00
 3.033033e-01  3.950742e-02  1.169200e+00 1.368589e+00
 3.043043e-01  1.200321e-02  1.233065e+00 1.520594e+00
 3.053053e-01  1.608495e-03  1.229394e+00 1.511412e+00
 3.063063e-01  6.218868e-03  1.156881e+00 1.338413e+00
 3.073073e-01  2.224939e-02  1.018312e+00 1.037455e+00
 3.083083e-01  4.499569e-02  8.204750e-01 6.752039e-01
 3.093093e-01  6.908574e-02  5.738126e-01 3.340337e-01
 3.103103e-01  8.898575e-02  2.918432e-01 9.309089e-02
 3.113113e-01  9.952107e-02 -9.628339e-03 9.997147e-03
 3.123123e-01  9.636941e-02 -3.134536e-01 1.075402e-01
 3.133133e-01  7.648743e-02 -6.021810e-01 3.684723e-01
 3.143143e-01  3.843432e-02 -8.591254e-01 7.395737e-01
 3.153153e-01 -1.743416e-02 -1.069399e+00 1.143919e+00
 3.163163e-01 -8.892021e-02 -1.220838e+00 1.498351e+00
 3.173173e-01 -1.720923e-01 -1.304753e+00 1.731997e+00
 3.183183e-01 -2.615430e-01 -1.316479e+00 1.801523e+00
 3.193193e-01 -3.507769e-01 -1.255657e+00 1.699720e+00
 3.203203e-01 -4.327022e-01 -1.126253e+00 1.455676e+00
 3.213213e-01 -5.001879e-01 -9.362999e-01 1.126845e+00
 3.223223e-01 -5.466432e-01 -6.973929e-01 7.851757e-01
 3.233233e-01 -5.665749e-01 -4.239519e-01 5.007423e-01
 3.243243e-01 -5.560768e-01 -1.323174e-01 3.267293e-01
 3.253253e-01 -5.132114e-01  1.602698e-01 2.890724e-01
 3.263263e-01 -4.382517e-01  4.367374e-01 3.828041e-01
 3.273273e-01 -3.337599e-01  6.812303e-01 5.754705e-01
 3.283283e-01 -2.044947e-01  8.800724e-01 8.163454e-01
 3.293293e-01 -5.714921e-02  1.022580e+00 1.048936e+00
 3.303303e-01  1.000621e-01  1.101680e+00 1.223711e+00
 3.313313e-01  2.579409e-01  1.114291e+00 1.308178e+00
 3.323323e-01  4.069257e-01  1.061452e+00 1.292269e+00
 3.333333e-01  5.377524e-01  9.481903e-01 1.188243e+00
 3.343343e-01  6.421041e-01  7.831406e-01 1.025607e+00
 3.353353e-01  7.132017e-01  5.779472e-01 8.426796e-01
 3.363363e-01  7.462909e-01  3.464853e-01 6.770022e-01
 3.373373e-01  7.389892e-01  1.039575e-01 5.569122e-01
 3.383383e-01  6.914651e-01 -1.340784e-01 4.961010e-01
 3.393393e-01  6.064381e-01 -3.526870e-01 4.921553e-01
 3.403403e-01  4.889977e-01 -5.384768e-01 5.290760e-01
 3.413413e-01  3.462561e-01 -6.804109e-01 5.828522e-01
 3.423423e-01  1.868617e-01 -7.704563e-01 6.285201e-01
 3.433433e-01  2.040860e-02 -8.040365e-01 6.468912e-01
 3.443443e-01 -1.432126e-01 -7.802619e-01 6.293184e-01
 3.453453e-01 -2.944742e-01 -7.019276e-01 5.794175e-01
 3.463463e-01 -4.248344e-01 -5.752848e-01 5.114369e-01
 3.473473e-01 -5.272771e-01 -4.096010e-01 4.457941e-01
 3.483483e-01 -5.967330e-01 -2.165427e-01 4.029811e-01
 3.493493e-01 -6.303529e-01 -9.419349e-03 3.974335e-01
 3.503504e-01 -6.276186e-01  1.976630e-01 4.329758e-01
 3.513514e-01 -5.902873e-01  3.906845e-01 5.010735e-01
 3.523524e-01 -5.221807e-01  5.565786e-01 5.824524e-01
 3.533534e-01 -4.288380e-01  6.840299e-01 6.517989e-01
 3.543544e-01 -3.170660e-01  7.641587e-01 6.844694e-01
 3.553554e-01 -1.944224e-01  7.910506e-01 6.635610e-01
 3.563564e-01 -6.867404e-02  7.621041e-01 5.855188e-01
 3.573574e-01  5.272855e-02  6.781783e-01 4.627061e-01
 3.583584e-01  1.631220e-01  5.435342e-01 3.220382e-01
 3.593594e-01  2.570148e-01  3.655763e-01 1.997027e-01
 3.603604e-01  3.303608e-01  1.544130e-01 1.329817e-01
 3.613614e-01  3.807101e-01 -7.773724e-02 1.509832e-01
 3.623624e-01  4.072316e-01 -3.172575e-01 2.664899e-01
 3.633634e-01  4.106176e-01 -5.499192e-01 4.710179e-01
 3.643644e-01  3.928836e-01 -7.616991e-01 7.345431e-01
 3.653654e-01  3.570906e-01 -9.395798e-01 1.010324e+00
 3.663664e-01  3.070156e-01 -1.072288e+00 1.244061e+00
 3.673674e-01  2.468042e-01 -1.150934e+00 1.385563e+00
 3.683684e-01  1.806330e-01 -1.169512e+00 1.400387e+00
 3.693694e-01  1.124117e-01 -1.125240e+00 1.278801e+00
 3.703704e-01  4.554393e-02 -1.018725e+00 1.039875e+00
 3.713714e-01 -1.723590e-02 -8.539419e-01 7.295139e-01
 3.723724e-01 -7.394487e-02 -6.380291e-01 4.125490e-01
 3.733734e-01 -1.233524e-01 -3.809221e-01 1.603175e-01
 3.743744e-01 -1.649104e-01 -9.483859e-02 3.618980e-02
 3.753754e-01 -1.986253e-01  2.063515e-01 8.203297e-02
 3.763764e-01 -2.248940e-01  5.078377e-01 3.084764e-01
 3.773774e-01 -2.443224e-01  7.946233e-01 6.911195e-01
 3.783784e-01 -2.575514e-01  1.052285e+00 1.173636e+00
 3.793794e-01 -2.651079e-01  1.267696e+00 1.677335e+00
 3.803804e-01 -2.672976e-01  1.429681e+00 2.115435e+00
 3.813814e-01 -2.641493e-01  1.529567e+00 2.409351e+00
 3.823824e-01 -2.554170e-01  1.561610e+00 2.503865e+00
 3.833834e-01 -2.406345e-01  1.523272e+00 2.378262e+00
 3.843844e-01 -2.192177e-01  1.415342e+00 2.051251e+00
 3.853854e-01 -1.905986e-01  1.241903e+00 1.578651e+00
 3.863864e-01 -1.543772e-01  1.010134e+00 1.044203e+00
 3.873874e-01 -1.104701e-01  7.299742e-01 5.450660e-01
 3.883884e-01 -5.923982e-02  4.136625e-01 1.746260e-01
 3.893894e-01 -1.586429e-03  7.516810e-02 5.652760e-03
 3.903904e-01  6.100834e-02 -2.704493e-01 7.686483e-02
 3.913914e-01  1.264958e-01 -6.077289e-01 3.853356e-01
 3.923924e-01  1.923321e-01 -9.215120e-01 8.861760e-01
 3.933934e-01  2.556067e-01 -1.197631e+00 1.499654e+00
 3.943944e-01  3.132151e-01 -1.423549e+00 2.124596e+00
 3.953954e-01  3.620644e-01 -1.588936e+00 2.655809e+00
 3.963964e-01  3.992916e-01 -1.686136e+00 3.002488e+00
 3.973974e-01  4.224789e-01 -1.710523e+00 3.104379e+00
 3.983984e-01  4.298423e-01 -1.660730e+00 2.942787e+00
 3.993994e-01  4.203828e-01 -1.538720e+00 2.544382e+00
 4.004004e-01  3.939792e-01 -1.349730e+00 1.976991e+00
 4.014014e-01  3.514204e-01 -1.102049e+00 1.338008e+00
 4.024024e-01  2.943685e-01 -8.066711e-01 7.373711e-01
 4.034034e-01  2.252597e-01 -4.768180e-01 2.780974e-01
 4.044044e-01  1.471468e-01 -1.273532e-01 3.787103e-02
 4.054054e-01  6.350068e-02  2.258853e-01 5.505652e-02
 4.064064e-01 -2.201705e-02  5.668098e-01 3.217580e-01
 4.074074e-01 -1.057863e-01  8.798299e-01 7.852914e-01
 4.084084e-01 -1.844522e-01  1.150593e+00 1.357887e+00
 4.094094e-01 -2.551158e-01  1.366677e+00 1.932890e+00
 4.104104e-01 -3.154842e-01  1.518208e+00 2.404486e+00
 4.114114e-01 -3.639608e-01  1.598365e+00 2.687238e+00
 4.124124e-01 -3.996788e-01  1.603746e+00 2.731743e+00
 4.134134e-01 -4.224703e-01  1.534572e+00 2.533392e+00
 4.144144e-01 -4.327822e-01  1.394717e+00 2.132537e+00
 4.154154e-01 -4.315455e-01  1.191549e+00 1.606021e+00
 4.164164e-01 -4.200158e-01  9.355900e-01 1.051742e+00
 4.174174e-01 -3.995987e-01  6.400067e-01 5.692877e-01
 4.184184e-01 -3.716820e-01  3.199529e-01 2.405174e-01
 4.194194e-01 -3.374873e-01 -8.208173e-03 1.139651e-01
 4.204204e-01 -2.979615e-01 -3.277572e-01 1.962058e-01
 4.214214e-01 -2.537134e-01 -6.225090e-01 4.518880e-01
 4.224224e-01 -2.050088e-01 -8.776840e-01 8.123578e-01
 4.234234e-01 -1.518162e-01 -1.080718e+00 1.191000e+00
 4.244244e-01 -9.390919e-02 -1.221958e+00 1.501999e+00
 4.254254e-01 -3.100433e-02 -1.295198e+00 1.678499e+00
 4.264264e-01  3.706914e-02 -1.298034e+00 1.686265e+00
 4.274274e-01  1.101946e-01 -1.231990e+00 1.529942e+00
 4.284284e-01  1.877990e-01 -1.102429e+00 1.250619e+00
 4.294294e-01  2.687164e-01 -9.182301e-01 9.153549e-01
 4.304304e-01  3.510941e-01 -6.912534e-01 6.010984e-01
 4.314314e-01  4.323632e-01 -4.356322e-01 3.767133e-01
 4.324324e-01  5.092738e-01 -1.669149e-01 2.872204e-01
 4.334334e-01  5.780094e-01  9.887387e-02 3.438709e-01
 4.344344e-01  6.343668e-01  3.462100e-01 5.222827e-01
 4.354354e-01  6.740047e-01  5.610097e-01 7.690142e-01
 4.364364e-01  6.927339e-01  7.314851e-01 1.014951e+00
 4.374374e-01  6.868432e-01  8.488479e-01 1.192296e+00
 4.384384e-01  6.534254e-01  9.078271e-01 1.251115e+00
 4.394394e-01  5.906902e-01  9.069523e-01 1.171477e+00
 4.404404e-01  4.982274e-01  8.485986e-01 9.683501e-01
 4.414414e-01  3.772091e-01  7.387721e-01 6.880710e-01
 4.424424e-01  2.304975e-01  5.866681e-01 3.973086e-01
 4.434434e-01  6.265774e-02  4.040117e-01 1.671514e-01
 4.444444e-01 -1.201482e-01  2.042450e-01 5.615161e-02
 4.454454e-01 -3.103724e-01  1.595397e-03 9.633358e-02
 4.464464e-01 -4.994066e-01 -1.898908e-01 2.854655e-01
 4.474474e-01 -6.779923e-01 -3.573051e-01 5.873405e-01
 4.484484e-01 -8.367119e-01 -4.897354e-01 9.399275e-01
 4.494494e-01 -9.665154e-01 -5.789917e-01 1.269383e+00
 4.504505e-01 -1.059272e+00 -6.201238e-01 1.506611e+00
 4.514515e-01 -1.108292e+00 -6.117224e-01 1.602515e+00
 4.524525e-01 -1.108803e+00 -5.559556e-01 1.538531e+00
 4.534535e-01 -1.058332e+00 -4.583696e-01 1.330170e+00
 4.544545e-01 -9.569827e-01 -3.274366e-01 1.023031e+00
 4.554555e-01 -8.075582e-01 -1.739183e-01 6.823979e-01
 4.564565e-01 -6.155501e-01 -1.005299e-02 3.790030e-01
 4.574575e-01 -3.889472e-01  1.513331e-01 1.741816e-01
 4.584585e-01 -1.379069e-01  2.977719e-01 1.076864e-01
 4.594595e-01  1.257349e-01  4.180405e-01 1.905671e-01
 4.604605e-01  3.890542e-01  5.029788e-01 4.043509e-01
 4.614615e-01  6.387385e-01  5.461233e-01 7.062376e-01
 4.624625e-01  8.618120e-01  5.441751e-01 1.038846e+00
 4.634635e-01  1.046393e+00  4.972012e-01 1.342147e+00
 4.644645e-01  1.182381e+00  4.086350e-01 1.565009e+00
 4.654655e-01  1.262098e+00  2.849893e-01 1.674110e+00
 4.664665e-01  1.280757e+00  1.354034e-01 1.658673e+00
 4.674675e-01  1.236824e+00 -2.905095e-02 1.530577e+00
 4.684685e-01  1.132140e+00 -1.961332e-01 1.320210e+00
 4.694695e-01  9.719021e-01 -3.533465e-01 1.069447e+00
 4.704705e-01  7.643794e-01 -4.887829e-01 8.231846e-01
 4.714715e-01  5.205082e-01 -5.920134e-01 6.214087e-01
 4.724725e-01  2.532487e-01 -6.547651e-01 4.928522e-01
 4.734735e-01 -2.311281e-02 -6.715662e-01 4.515354e-01
 4.744745e-01 -2.938343e-01 -6.400526e-01 4.960059e-01
 4.754755e-01 -5.445244e-01 -5.612275e-01 6.114831e-01
 4.764765e-01 -7.620494e-01 -4.392899e-01 7.736949e-01
 4.774775e-01 -9.352245e-01 -2.814945e-01 9.538841e-01
 4.784785e-01 -1.055560e+00 -9.750339e-02 1.123713e+00
 4.794795e-01 -1.117621e+00  1.010282e-01 1.259284e+00
 4.804805e-01 -1.119480e+00  3.015026e-01 1.344140e+00
 4.814815e-01 -1.062569e+00  4.907857e-01 1.369924e+00
 4.824825e-01 -9.518581e-01  6.566521e-01 1.337226e+00
 4.834835e-01 -7.949819e-01  7.875611e-01 1.252249e+00
 4.844845e-01 -6.027147e-01  8.753619e-01 1.129523e+00
 4.854855e-01 -3.845230e-01  9.077615e-01 9.718889e-01
 4.864865e-01 -1.399349e-01  8.465812e-01 7.362815e-01
 4.874875e-01  1.089152e-01  6.915556e-01 4.901117e-01
 4.884885e-01  3.362667e-01  4.591401e-01 3.238849e-01
 4.894895e-01  5.204028e-01  1.729842e-01 3.007426e-01
 4.904905e-01  6.446259e-01 -1.366409e-01 4.342133e-01
 4.914915e-01  6.993522e-01 -4.370384e-01 6.800961e-01
 4.924925e-01  6.824573e-01 -6.959882e-01 9.501475e-01
 4.934935e-01  5.993711e-01 -8.855709e-01 1.143482e+00
 4.944945e-01  4.619699e-01 -9.848750e-01 1.183395e+00
 4.954955e-01  2.871117e-01 -9.824269e-01 1.047596e+00
 4.964965e-01  9.449648e-02 -8.772829e-01 7.785549e-01
 4.974975e-01 -9.549628e-02 -6.792646e-01 4.705199e-01
 4.984985e-01 -2.640560e-01 -4.078855e-01 2.360961e-01
 4.994995e-01 -3.957761e-01 -9.040090e-02 1.648111e-01
 5.005005e-01 -4.800961e-01  2.410251e-01 2.885854e-01
 5.015015e-01 -5.120487e-01  5.526045e-01 5.675656e-01
 5.025025e-01 -4.924082e-01  8.123801e-01 9.024272e-01
 5.035035e-01 -4.271525e-01  9.935036e-01 1.169509e+00
 5.045045e-01 -3.264356e-01  1.076928e+00 1.266334e+00
 5.055055e-01 -2.031527e-01  1.053394e+00 1.150911e+00
 5.065065e-01 -7.134443e-02  9.242884e-01 8.593992e-01
 5.075075e-01  5.540077e-02  7.016127e-01 4.953297e-01
 5.085085e-01  1.653449e-01  4.066530e-01 1.927056e-01
 5.095095e-01  2.496528e-01  6.804973e-02 6.695729e-02
 5.105105e-01  3.030341e-01 -2.812753e-01 1.709455e-01
 5.115115e-01  3.238835e-01 -6.070280e-01 4.733836e-01
 5.125125e-01  3.140482e-01 -8.773688e-01 8.684023e-01
 5.135135e-01  2.781349e-01 -1.065320e+00 1.212265e+00
 5.145145e-01  2.227481e-01 -1.152535e+00 1.377954e+00
 5.155155e-01  1.552902e-01 -1.128794e+00 1.298291e+00
 5.165165e-01  8.384166e-02 -1.002040e+00 1.011114e+00
 5.175175e-01  1.801360e-02 -8.213972e-01 6.750178e-01
 5.185185e-01 -3.911074e-02 -6.015117e-01 3.633460e-01
 5.195195e-01 -8.649144e-02 -3.505638e-01 1.303757e-01
 5.205205e-01 -1.237888e-01 -7.973017e-02 2.168056e-02
 5.215215e-01 -1.514897e-01  1.997396e-01 6.284505e-02
 5.225225e-01 -1.705706e-01  4.758184e-01 2.554975e-01
 5.235235e-01 -1.823516e-01  7.369548e-01 5.763544e-01
 5.245245e-01 -1.882219e-01  9.720631e-01 9.803341e-01
 5.255255e-01 -1.894768e-01  1.171329e+00 1.407912e+00
 5.265265e-01 -1.871356e-01  1.326324e+00 1.794156e+00
 5.275275e-01 -1.818616e-01  1.430539e+00 2.079516e+00
 5.285285e-01 -1.739098e-01  1.479445e+00 2.219002e+00
 5.295295e-01 -1.631644e-01  1.470788e+00 2.189839e+00
 5.305305e-01 -1.492108e-01  1.404537e+00 1.994988e+00
 5.315315e-01 -1.314681e-01  1.282964e+00 1.663280e+00
 5.325325e-01 -1.093353e-01  1.110457e+00 1.245069e+00
 5.335335e-01 -8.235581e-02  8.934159e-01 8.049745e-01
 5.345345e-01 -5.036296e-02  6.399456e-01 4.120668e-01
 5.355355e-01 -1.360253e-02  3.596078e-01 1.295028e-01
 5.365365e-01  2.719348e-02  6.302174e-02 4.711225e-03
 5.375375e-01  7.078212e-02 -2.384811e-01 6.188335e-02
 5.385385e-01  1.154462e-01 -5.333088e-01 2.977461e-01
 5.395395e-01  1.590839e-01 -8.100013e-01 6.814098e-01
 5.405405e-01  1.993492e-01 -1.057688e+00 1.158445e+00
 5.415415e-01  2.338264e-01 -1.266476e+00 1.658637e+00
 5.425425e-01  2.602253e-01 -1.427862e+00 2.106507e+00
 5.435435e-01  2.765773e-01 -1.535058e+00 2.432897e+00
 5.445445e-01  2.814140e-01 -1.583311e+00 2.586067e+00
 5.455455e-01  2.739105e-01 -1.570114e+00 2.540286e+00
 5.465465e-01  2.539803e-01 -1.495378e+00 2.300662e+00
 5.475475e-01  2.223108e-01 -1.361481e+00 1.903053e+00
 5.485485e-01  1.803352e-01 -1.173256e+00 1.409051e+00
 5.495495e-01  1.301435e-01 -9.378483e-01 8.964968e-01
 5.505506e-01  7.433729e-02 -6.644973e-01 4.470827e-01
 5.515516e-01  1.584288e-02 -3.641973e-01 1.328907e-01
 5.525526e-01 -4.230341e-02 -4.928883e-02 4.218967e-03
 5.535536e-01 -9.717746e-02  2.670496e-01 8.075893e-02
 5.545546e-01 -1.461796e-01  5.713486e-01 3.478077e-01
 5.555556e-01 -1.872168e-01  8.504536e-01 7.583215e-01
 5.565566e-01 -2.188415e-01  1.092123e+00 1.240625e+00
 5.575576e-01 -2.403322e-01  1.285628e+00 1.710598e+00
 5.585586e-01 -2.517130e-01  1.422284e+00 2.086252e+00
 5.595596e-01 -2.537067e-01  1.495928e+00 2.302168e+00
 5.605606e-01 -2.476303e-01  1.503264e+00 2.321123e+00
 5.615616e-01 -2.352393e-01  1.444098e+00 2.140756e+00
 5.625626e-01 -2.185367e-01  1.321410e+00 1.793884e+00
 5.635636e-01 -1.995639e-01  1.141276e+00 1.342336e+00
 5.645646e-01 -1.801914e-01  9.126078e-01 8.653219e-01
 5.655656e-01 -1.619298e-01  6.467592e-01 4.445187e-01
 5.665666e-01 -1.457769e-01  3.569666e-01 1.486761e-01
 5.675676e-01 -1.321157e-01  5.769092e-02 2.078281e-02
 5.685686e-01 -1.206735e-01 -2.361368e-01 7.032266e-02
 5.695696e-01 -1.105460e-01 -5.099018e-01 2.722203e-01
 5.705706e-01 -1.002873e-01 -7.501008e-01 5.727088e-01
 5.715716e-01 -8.805683e-02 -9.450803e-01 9.009308e-01
 5.725726e-01 -7.181556e-02 -1.085691e+00 1.183881e+00
 5.735736e-01 -4.955217e-02 -1.165798e+00 1.361541e+00
 5.745746e-01 -1.952423e-02 -1.182638e+00 1.399014e+00
 5.755756e-01  1.950833e-02 -1.136967e+00 1.293074e+00
 5.765766e-01  6.807546e-02 -1.033014e+00 1.071752e+00
 5.775776e-01  1.258354e-01 -8.782263e-01 7.871160e-01
 5.785786e-01  1.914735e-01 -6.828170e-01 5.029011e-01
 5.795796e-01  2.626743e-01 -4.591460e-01 2.798128e-01
 5.805806e-01  3.361732e-01 -2.209712e-01 1.618407e-01
 5.815816e-01  4.078891e-01  1.739180e-02 1.666760e-01
 5.825826e-01  4.731330e-01  2.419389e-01 2.823892e-01
 5.835836e-01  5.268828e-01  4.398300e-01 4.710559e-01
 5.845846e-01  5.641088e-01  6.001623e-01 6.784135e-01
 5.855856e-01  5.801302e-01  7.146207e-01 8.472339e-01
 5.865866e-01  5.709796e-01  7.779567e-01 9.312343e-01
 5.875876e-01  5.337512e-01  7.882709e-01 9.062614e-01
 5.885886e-01  4.669081e-01  7.470734e-01 7.761218e-01
 5.895896e-01  3.705246e-01  6.591255e-01 5.717349e-01
 5.905906e-01  2.464435e-01  5.320670e-01 3.438297e-01
 5.915916e-01  9.833126e-02  3.758614e-01 1.509408e-01
 5.925926e-01 -6.837907e-02  2.020902e-01 4.551615e-02
 5.935936e-01 -2.466614e-01  2.315176e-02 6.137784e-02
 5.945946e-01 -4.281846e-01 -1.485873e-01 2.054202e-01
 5.955956e-01 -6.037033e-01 -3.016231e-01 4.554341e-01
 5.965966e-01 -7.635352e-01 -4.260775e-01 7.645281e-01
 5.975976e-01 -8.980998e-01 -5.143355e-01 1.071124e+00
 5.985986e-01 -9.984894e-01 -5.615193e-01 1.312285e+00
 5.995996e-01 -1.057038e+00 -5.657628e-01 1.437418e+00
 6.006006e-01 -1.067857e+00 -5.282750e-01 1.419393e+00
 6.016016e-01 -1.027290e+00 -4.531835e-01 1.260699e+00
 6.026026e-01 -9.342715e-01 -3.471800e-01 9.933971e-01
 6.036036e-01 -7.905479e-01 -2.189863e-01 6.729210e-01
 6.046046e-01 -6.007400e-01 -7.868904e-02 3.670805e-01
 6.056056e-01 -3.722406e-01  6.301429e-02 1.425339e-01
 6.066066e-01 -1.149398e-01  1.955983e-01 5.146987e-02
 6.076076e-01  1.592141e-01  3.094696e-01 1.211205e-01
 6.086086e-01  4.367976e-01  3.966445e-01 3.481190e-01
 6.096096e-01  7.036110e-01  4.513030e-01 6.987429e-01
 6.106106e-01  9.454548e-01  4.701739e-01 1.114948e+00
 6.116116e-01  1.148938e+00  4.527325e-01 1.525026e+00
 6.126126e-01  1.302273e+00  4.011927e-01 1.856872e+00
 6.136136e-01  1.396000e+00  3.203022e-01 2.051409e+00
 6.146146e-01  1.423598e+00  2.169536e-01 2.073701e+00
 6.156156e-01  1.381948e+00  9.964513e-02 1.919710e+00
 6.166166e-01  1.271593e+00 -2.217008e-02 1.617440e+00
 6.176176e-01  1.096799e+00 -1.387965e-01 1.222231e+00
 6.186186e-01  8.653876e-01 -2.410198e-01 8.069862e-01
 6.196196e-01  5.883623e-01 -3.207872e-01 4.490746e-01
 6.206206e-01  2.793293e-01 -3.717983e-01 2.162589e-01
 6.216216e-01 -4.623600e-02 -3.899624e-01 1.542084e-01
 6.226226e-01 -3.718461e-01 -3.736936e-01 2.779164e-01
 6.236236e-01 -6.809226e-01 -3.240217e-01 5.686456e-01
 6.246246e-01 -9.577287e-01 -2.445152e-01 9.770318e-01
 6.256256e-01 -1.188252e+00 -1.410214e-01 1.431829e+00
 6.266266e-01 -1.360984e+00 -2.124599e-02 1.852728e+00
 6.276276e-01 -1.467547e+00  1.057984e-01 2.164889e+00
 6.286286e-01 -1.503135e+00  2.304334e-01 2.312513e+00
 6.296296e-01 -1.466728e+00  3.430020e-01 2.268941e+00
 6.306306e-01 -1.361096e+00  4.345503e-01 2.041415e+00
 6.316316e-01 -1.192565e+00  4.974609e-01 1.669679e+00
 6.326326e-01 -9.705936e-01  5.259909e-01 1.218718e+00
 6.336336e-01 -7.071649e-01  5.166816e-01 7.670421e-01
 6.346346e-01 -4.160603e-01  4.686112e-01 3.927026e-01
 6.356356e-01 -1.120482e-01  3.834766e-01 1.596091e-01
 6.366366e-01  1.899509e-01  2.654996e-01 1.065714e-01
 6.376376e-01  4.756733e-01  1.211661e-01 2.409463e-01
 6.386386e-01  7.322427e-01 -4.118309e-02 5.378754e-01
 6.396396e-01  9.487844e-01 -2.118793e-01 9.450846e-01
 6.406406e-01  1.116888e+00 -3.805383e-01 1.392248e+00
 6.416416e-01  1.230902e+00 -5.367133e-01 1.803181e+00
 6.426426e-01  1.288050e+00 -6.705483e-01 2.108708e+00
 6.436436e-01  1.288377e+00 -7.733895e-01 2.258046e+00
 6.446446e-01  1.234540e+00 -8.383154e-01 2.226862e+00
 6.456456e-01  1.131473e+00 -8.605553e-01 2.020786e+00
 6.466466e-01  9.859520e-01 -8.377701e-01 1.673960e+00
 6.476476e-01  8.061089e-01 -7.701820e-01 1.242992e+00
 6.486486e-01  6.009181e-01 -6.605479e-01 7.974260e-01
 6.496496e-01  3.797024e-01 -5.139806e-01 4.083499e-01
 6.506507e-01  1.516819e-01 -3.376346e-01 1.370045e-01
 6.516517e-01 -7.440800e-02 -1.402770e-01 2.521420e-02
 6.526527e-01 -2.906154e-01  6.822528e-02 8.911200e-02
 6.536537e-01 -4.899804e-01  2.774710e-01 3.170710e-01
 6.546547e-01 -6.666564e-01  4.771040e-01 6.720589e-01
 6.556557e-01 -8.159517e-01  6.573747e-01 1.097919e+00
 6.566567e-01 -9.343093e-01  8.096487e-01 1.528465e+00
 6.576577e-01 -1.019240e+00  9.268363e-01 1.897876e+00
 6.586587e-01 -1.069233e+00  1.003719e+00 2.150711e+00
 6.596597e-01 -1.083657e+00  1.037162e+00 2.250017e+00
 6.606607e-01 -1.062677e+00  1.026202e+00 2.182372e+00
 6.616617e-01 -1.007190e+00  9.720116e-01 1.959238e+00
 6.626627e-01 -9.187876e-01  8.777588e-01 1.614631e+00
 6.636637e-01 -7.997500e-01  7.483593e-01 1.199642e+00
 6.646647e-01 -6.530612e-01  5.901568e-01 7.747741e-01
 6.656657e-01 -4.824366e-01  4.105485e-01 4.012952e-01
 6.666667e-01 -2.923479e-01  2.175810e-01 1.328088e-01
 6.676677e-01 -8.803145e-02  1.954240e-02 8.131441e-03
 6.686687e-01  1.245382e-01 -1.754261e-01 4.628406e-02
 6.696697e-01  3.387209e-01 -3.596806e-01 2.441020e-01
 6.706707e-01  5.473416e-01 -5.263712e-01 5.766495e-01
 6.716717e-01  7.428821e-01 -6.696741e-01 1.000337e+00
 6.726727e-01  9.177338e-01 -7.849552e-01 1.458390e+00
 6.736737e-01  1.064503e+00 -8.688648e-01 1.888094e+00
 6.746747e-01  1.176357e+00 -9.193682e-01 2.229054e+00
 6.756757e-01  1.247385e+00 -9.357198e-01 2.431540e+00
 6.766767e-01  1.272959e+00 -9.183925e-01 2.463871e+00
 6.776777e-01  1.250071e+00 -8.689725e-01 2.317791e+00
 6.786787e-01  1.177600e+00 -7.900319e-01 2.010893e+00
 6.796797e-01  1.056520e+00 -6.849892e-01 1.585444e+00
 6.806807e-01  8.899921e-01 -5.579666e-01 1.103413e+00
 6.816817e-01  6.833573e-01 -4.136486e-01 6.380823e-01
 6.826827e-01  4.439994e-01 -2.571462e-01 2.632596e-01
 6.836837e-01  1.810927e-01 -9.386554e-02 4.160532e-02
 6.846847e-01 -9.476421e-02  7.061944e-02 1.396736e-02
 6.856857e-01 -3.720109e-01  2.306959e-01 1.916127e-01
 6.866867e-01 -6.386602e-01  3.808443e-01 5.529292e-01
 6.876877e-01 -8.828790e-01  5.157788e-01 1.045503e+00
 6.886887e-01 -1.093582e+00  6.305984e-01 1.593575e+00
 6.896897e-01 -1.261003e+00  7.209468e-01 2.109892e+00
 6.906907e-01 -1.377217e+00  7.831804e-01 2.510098e+00
 6.916917e-01 -1.436571e+00  8.145376e-01 2.727209e+00
 6.926927e-01 -1.436009e+00  8.133003e-01 2.723579e+00
 6.936937e-01 -1.375259e+00  7.789373e-01 2.498079e+00
 6.946947e-01 -1.256884e+00  7.122165e-01 2.087009e+00
 6.956957e-01 -1.086178e+00  6.152738e-01 1.558345e+00
 6.966967e-01 -8.709201e-01  4.916238e-01 1.000196e+00
 6.976977e-01 -6.209930e-01  3.461065e-01 5.054220e-01
 6.986987e-01 -3.478930e-01  1.847587e-01 1.551653e-01
 6.996997e-01 -6.415100e-02  1.461165e-02 4.328851e-03
 7.007007e-01  2.172999e-01 -1.565852e-01 7.173817e-02
 7.017017e-01  4.837780e-01 -3.207028e-01 3.368915e-01
 7.027027e-01  7.234906e-01 -4.696221e-01 7.439836e-01
 7.037037e-01  9.261220e-01 -5.956532e-01 1.212505e+00
 7.047047e-01  1.083338e+00 -6.919632e-01 1.652435e+00
 7.057057e-01  1.189184e+00 -7.529853e-01 1.981146e+00
 7.067067e-01  1.240347e+00 -7.747844e-01 2.138752e+00
 7.077077e-01  1.236278e+00 -7.553515e-01 2.098939e+00
 7.087087e-01  1.179160e+00 -6.948067e-01 1.873174e+00
 7.097097e-01  1.073732e+00 -5.954906e-01 1.507509e+00
 7.107107e-01  9.269728e-01 -4.619322e-01 1.072660e+00
 7.117117e-01  7.476701e-01 -3.006898e-01 6.494250e-01
 7.127127e-01  5.458959e-01 -1.200658e-01 3.124181e-01
 7.137137e-01  3.324223e-01  7.029189e-02 1.154456e-01
 7.147147e-01  1.181114e-01  2.598843e-01 8.149016e-02
 7.157157e-01 -8.668592e-02  4.379259e-01 1.992935e-01
 7.167167e-01 -2.726846e-01  5.939479e-01 4.271310e-01
 7.177177e-01 -4.321424e-01  7.184075e-01 7.028564e-01
 7.187187e-01 -5.592315e-01  8.032647e-01 9.579741e-01
 7.197197e-01 -6.502816e-01  8.424940e-01 1.132662e+00
 7.207207e-01 -7.038847e-01  8.324962e-01 1.188504e+00
 7.217217e-01 -7.208537e-01  7.723846e-01 1.116208e+00
 7.227227e-01 -7.040431e-01  6.641225e-01 9.367354e-01
 7.237237e-01 -6.580446e-01  5.125016e-01 6.956806e-01
 7.247247e-01 -5.887802e-01  3.249548e-01 4.522578e-01
 7.257257e-01 -5.030229e-01  1.112123e-01 2.654002e-01
 7.267267e-01 -4.078794e-01 -1.171877e-01 1.800986e-01
 7.277277e-01 -3.102707e-01 -3.475055e-01 2.170280e-01
 7.287287e-01 -2.164494e-01 -5.664952e-01 3.677672e-01
 7.297297e-01 -1.315859e-01 -7.611495e-01 5.966634e-01
 7.307307e-01 -5.945471e-02 -9.194532e-01 8.489290e-01
 7.317317e-01 -2.241319e-03 -1.031101e+00 1.063174e+00
 7.327327e-01  3.951718e-02 -1.088139e+00 1.185608e+00
 7.337337e-01  6.685495e-02 -1.085488e+00 1.182754e+00
 7.347347e-01  8.217162e-02 -1.021318e+00 1.049842e+00
 7.357357e-01  8.891595e-02 -8.972409e-01 8.129474e-01
 7.367367e-01  9.118510e-02 -7.183214e-01 5.243003e-01
 7.377377e-01  9.327344e-02 -4.928753e-01 2.516260e-01
 7.387387e-01  9.920807e-02 -2.320847e-01 6.370553e-02
 7.397397e-01  1.123107e-01  5.056711e-02 1.517072e-02
 7.407407e-01  1.348228e-01  3.400069e-01 1.337819e-01
 7.417417e-01  1.676273e-01  6.203941e-01 4.129878e-01
 7.427427e-01  2.100919e-01  8.760067e-01 8.115264e-01
 7.437437e-01  2.600492e-01  1.092143e+00 1.260402e+00
 7.447447e-01  3.139201e-01  1.255983e+00 1.676039e+00
 7.457457e-01  3.669711e-01  1.357361e+00 1.977097e+00
 7.467467e-01  4.136904e-01  1.389399e+00 2.101569e+00
 7.477477e-01  4.482519e-01  1.348958e+00 2.020617e+00
 7.487487e-01  4.650325e-01  1.236884e+00 1.746138e+00
 7.497497e-01  4.591414e-01  1.058023e+00 1.330223e+00
 7.507508e-01  4.269175e-01  8.209961e-01 8.562931e-01
 7.517518e-01  3.663527e-01  5.377596e-01 4.233996e-01
 7.527528e-01  2.774051e-01  2.229555e-01 1.266628e-01
 7.537538e-01  1.621714e-01 -1.068995e-01 3.772707e-02
 7.547548e-01  2.490008e-02 -4.343448e-01 1.892754e-01
 7.557558e-01 -1.281618e-01 -7.419673e-01 5.669409e-01
 7.567568e-01 -2.890828e-01 -1.013397e+00 1.110541e+00
 7.577578e-01 -4.487042e-01 -1.234241e+00 1.724686e+00
 7.587588e-01 -5.972104e-01 -1.392906e+00 2.296847e+00
 7.597598e-01 -7.247739e-01 -1.481248e+00 2.719393e+00
 7.607608e-01 -8.222304e-01 -1.495020e+00 2.911146e+00
 7.617618e-01 -8.817345e-01 -1.434078e+00 2.834036e+00
 7.627628e-01 -8.973504e-01 -1.302352e+00 2.501359e+00
 7.637638e-01 -8.655317e-01 -1.107563e+00 1.975842e+00
 7.647648e-01 -7.854553e-01 -8.607257e-01 1.357789e+00
 7.657658e-01 -6.591825e-01 -5.754595e-01 7.656752e-01
 7.667668e-01 -4.916336e-01 -2.671602e-01 3.130782e-01
 7.677678e-01 -2.903730e-01  4.791747e-02 8.661256e-02
 7.687688e-01 -6.521842e-02  3.536040e-01 1.292892e-01
 7.697698e-01  1.723028e-01  6.347263e-01 4.325657e-01
 7.707708e-01  4.096153e-01  8.779288e-01 9.385436e-01
 7.717718e-01  6.338335e-01  1.072357e+00 1.551693e+00
 7.727728e-01  8.325259e-01  1.210160e+00 2.157586e+00
 7.737738e-01  9.944585e-01  1.286796e+00 2.644792e+00
 7.747748e-01  1.110269e+00  1.301119e+00 2.925608e+00
 7.757758e-01  1.173027e+00  1.255260e+00 2.951669e+00
 7.767768e-01  1.178652e+00  1.154311e+00 2.721654e+00
 7.777778e-01  1.126151e+00  1.005863e+00 2.279977e+00
 7.787788e-01  1.017683e+00  8.194074e-01 1.707106e+00
 7.797798e-01  8.584187e-01  6.056796e-01 1.103730e+00
 7.807808e-01  6.562457e-01  3.759706e-01 5.720124e-01
 7.817818e-01  4.213000e-01  1.414667e-01 1.975065e-01
 7.827828e-01  1.653843e-01 -8.734500e-02 3.498111e-02
 7.837838e-01 -9.870341e-02 -3.011677e-01 1.004444e-01
 7.847848e-01 -3.578843e-01 -4.922599e-01 3.704010e-01
 7.857858e-01 -5.995140e-01 -6.546599e-01 7.879966e-01
 7.867868e-01 -8.120555e-01 -7.842691e-01 1.274512e+00
 7.877878e-01 -9.856715e-01 -8.788047e-01 1.743846e+00
 7.887888e-01 -1.112705e+00 -9.376403e-01 2.117281e+00
 7.897898e-01 -1.188021e+00 -9.615631e-01 2.335997e+00
 7.907908e-01 -1.209200e+00 -9.524789e-01 2.369381e+00
 7.917918e-01 -1.176575e+00 -9.130972e-01 2.218074e+00
 7.927928e-01 -1.093108e+00 -8.466306e-01 1.911669e+00
 7.937938e-01 -9.641434e-01 -7.565321e-01 1.501913e+00
 7.947948e-01 -7.970274e-01 -6.462945e-01 1.052949e+00
 7.957958e-01 -6.006485e-01 -5.193216e-01 6.304736e-01
 7.967968e-01 -3.849125e-01 -3.788756e-01 2.917043e-01
 7.977978e-01 -1.601929e-01 -2.280948e-01 7.768902e-02
 7.987988e-01  6.321299e-02 -7.006875e-02 8.905512e-03
 7.997998e-01  2.755922e-01  9.205043e-02 8.442432e-02
 8.008008e-01  4.682609e-01  2.549222e-01 2.842536e-01
 8.018018e-01  6.339267e-01  4.149043e-01 5.740087e-01
 8.028028e-01  7.669519e-01  5.679750e-01 9.108108e-01
 8.038038e-01  8.635121e-01  7.097110e-01 1.249343e+00
 8.048048e-01  9.216481e-01  8.353366e-01 1.547222e+00
 8.058058e-01  9.412172e-01  9.398496e-01 1.769207e+00
 8.068068e-01  9.237551e-01  1.018224e+00 1.890103e+00
 8.078078e-01  8.722652e-01  1.065678e+00 1.896516e+00
 8.088088e-01  7.909524e-01  1.077993e+00 1.787675e+00
 8.098098e-01  6.849238e-01  1.051857e+00 1.575523e+00
 8.108108e-01  5.598755e-01  9.852011e-01 1.284082e+00
 8.118118e-01  4.217862e-01  8.775126e-01 9.479319e-01
 8.128128e-01  2.766323e-01  7.300734e-01 6.095326e-01
 8.138138e-01  1.301407e-01  5.461175e-01 3.151810e-01
 8.148148e-01 -1.241454e-02  3.308742e-01 1.096318e-01
 8.158158e-01 -1.463638e-01  9.148781e-02 2.979237e-02
 8.168168e-01 -2.677434e-01 -1.631910e-01 9.831784e-02
 8.178178e-01 -3.733492e-01 -4.229393e-01 3.182673e-01
 8.188188e-01 -4.607473e-01 -6.766066e-01 6.700845e-01
 8.198198e-01 -5.282530e-01 -9.126467e-01 1.111975e+00
 8.208208e-01 -5.748846e-01 -1.119710e+00 1.584242e+00
 8.218218e-01 -6.003041e-01 -1.287256e+00 2.017392e+00
 8.228228e-01 -6.047528e-01 -1.406157e+00 2.343002e+00
 8.238238e-01 -5.889885e-01 -1.469244e+00 2.505586e+00
 8.248248e-01 -5.542313e-01 -1.471771e+00 2.473282e+00
 8.258258e-01 -5.021184e-01 -1.411754e+00 2.245172e+00
 8.268268e-01 -4.346696e-01 -1.290173e+00 1.853485e+00
 8.278278e-01 -3.542594e-01 -1.111016e+00 1.359856e+00
 8.288288e-01 -2.635923e-01 -8.811523e-01 8.459104e-01
 8.298298e-01 -1.656758e-01 -6.100554e-01 3.996161e-01
 8.308308e-01 -6.378351e-02 -3.093703e-01 9.977829e-02
 8.318318e-01  3.859631e-02  7.639519e-03 1.548037e-03
 8.328328e-01  1.378317e-01  3.267404e-01 1.257569e-01
 8.338338e-01  2.302406e-01  6.334378e-01 4.542542e-01
 8.348348e-01  3.122073e-01  9.137055e-01 9.323311e-01
 8.358358e-01  3.803195e-01  1.154696e+00 1.477966e+00
 8.368368e-01  4.315206e-01  1.345394e+00 1.996295e+00
 8.378378e-01  4.632705e-01  1.477174e+00 2.396663e+00
 8.388388e-01  4.737039e-01  1.544238e+00 2.609068e+00
 8.398398e-01  4.617762e-01  1.543904e+00 2.596878e+00
 8.408408e-01  4.273851e-01  1.476732e+00 2.363396e+00
 8.418418e-01  3.714560e-01  1.346484e+00 1.950998e+00
 8.428428e-01  2.959816e-01  1.159917e+00 1.433012e+00
 8.438438e-01  2.040082e-01  9.264223e-01 8.998776e-01
 8.448448e-01  9.956253e-02  6.575342e-01 4.422640e-01
 8.458458e-01 -1.248116e-02  3.663259e-01 1.343504e-01
 8.468468e-01 -1.265926e-01  6.673590e-02 2.047937e-02
 8.478478e-01 -2.368288e-01 -2.271455e-01 1.076829e-01
 8.488488e-01 -3.371195e-01 -5.017900e-01 3.654427e-01
 8.498498e-01 -4.215819e-01 -7.449072e-01 7.326181e-01
 8.508509e-01 -4.848483e-01 -9.460476e-01 1.130084e+00
 8.518519e-01 -5.223890e-01 -1.097100e+00 1.476518e+00
 8.528529e-01 -5.308122e-01 -1.192659e+00 1.704196e+00
 8.538539e-01 -5.081216e-01 -1.230242e+00 1.771683e+00
 8.548549e-01 -4.539142e-01 -1.210351e+00 1.670988e+00
 8.558559e-01 -3.695039e-01 -1.136367e+00 1.427862e+00
 8.568569e-01 -2.579575e-01 -1.014293e+00 1.095332e+00
 8.578579e-01 -1.240360e-01 -8.523646e-01 7.419103e-01
 8.588589e-01  2.596203e-02 -6.605381e-01 4.369845e-01
 8.598599e-01  1.844542e-01 -4.499002e-01 2.364335e-01
 8.608609e-01  3.429155e-01 -2.320267e-01 1.714274e-01
 8.618619e-01  4.922965e-01 -1.832954e-02 2.426918e-01
 8.628629e-01  6.234977e-01  1.805696e-01 4.213548e-01
 8.638639e-01  7.278791e-01  3.554038e-01 6.561199e-01
 8.648649e-01  7.977779e-01  4.987294e-01 8.851805e-01
 8.658659e-01  8.270041e-01  6.052746e-01 1.050293e+00
 8.668669e-01  8.112868e-01  6.721470e-01 1.109968e+00
 8.678679e-01  7.486380e-01  6.988917e-01 1.048909e+00
 8.688689e-01  6.396114e-01  6.873989e-01 8.816200e-01
 8.698699e-01  4.874289e-01  6.416698e-01 6.493270e-01
 8.708709e-01  2.979626e-01  5.674590e-01 4.107914e-01
 8.718719e-01  7.955963e-02  4.718201e-01 2.289440e-01
 8.728729e-01 -1.572881e-01  3.625844e-01 1.562070e-01
 8.738739e-01 -4.004218e-01  2.478102e-01 2.217475e-01
 8.748749e-01 -6.366209e-01  1.352398e-01 4.235759e-01
 8.758759e-01 -8.523085e-01  3.179955e-02 7.274410e-01
 8.768769e-01 -1.034321e+00 -5.682222e-02 1.073048e+00
 8.778779e-01 -1.170694e+00 -1.264946e-01 1.386526e+00
 8.788789e-01 -1.251431e+00 -1.748397e-01 1.596650e+00
 8.798799e-01 -1.269185e+00 -2.012940e-01 1.651350e+00
 8.808809e-01 -1.219824e+00 -2.070363e-01 1.530835e+00
 8.818819e-01 -1.102836e+00 -1.947882e-01 1.254189e+00
 8.828829e-01 -9.215278e-01 -1.685083e-01 8.776084e-01
 8.838839e-01 -6.830097e-01 -1.330023e-01 4.841919e-01
 8.848849e-01 -3.979454e-01 -9.348273e-02 1.670995e-01
 8.858859e-01 -8.007650e-02 -5.511155e-02 9.449530e-03
 8.868869e-01  2.544591e-01 -2.256090e-02 6.525841e-02
 8.878879e-01  5.879828e-01  3.737942e-04 3.457239e-01
 8.888889e-01  9.022566e-01  1.107950e-02 8.141898e-01
 8.898899e-01  1.179534e+00  8.327483e-03 1.391369e+00
 8.908909e-01  1.403613e+00 -7.643476e-03 1.970188e+00
 8.918919e-01  1.560835e+00 -3.516756e-02 2.437442e+00
 8.928929e-01  1.640947e+00 -7.131205e-02 2.697793e+00
 8.938939e-01  1.637791e+00 -1.121434e-01 2.694934e+00
 8.948949e-01  1.549747e+00 -1.530775e-01 2.425147e+00
 8.958959e-01  1.379923e+00 -1.892863e-01 1.940017e+00
 8.968969e-01  1.136053e+00 -2.161278e-01 1.337328e+00
 8.978979e-01  8.301131e-01 -2.295644e-01 7.417876e-01
 8.988989e-01  4.776784e-01 -2.265379e-01 2.794961e-01
 8.998999e-01  9.705290e-02 -2.052683e-01 5.155434e-02
 9.009009e-01 -2.917720e-01 -1.654536e-01 1.125058e-01
 9.019019e-01 -6.682659e-01 -1.083533e-01 4.583198e-01
 9.029029e-01 -1.012543e+00 -3.674673e-02 1.026593e+00
 9.039039e-01 -1.306504e+00  4.523155e-02 1.709000e+00
 9.049049e-01 -1.534873e+00  1.323682e-01 2.373356e+00
 9.059059e-01 -1.686045e+00  2.187402e-01 2.890596e+00
 9.069069e-01 -1.752721e+00  2.981487e-01 3.160925e+00
 9.079079e-01 -1.732263e+00  3.645863e-01 3.133660e+00
 9.089089e-01 -1.626775e+00  4.127011e-01 2.816719e+00
 9.099099e-01 -1.442893e+00  4.382229e-01 2.273979e+00
 9.109109e-01 -1.191313e+00  4.383187e-01 1.611351e+00
 9.119119e-01 -8.860939e-01  4.118477e-01 9.547810e-01
 9.129129e-01 -5.437690e-01  3.594972e-01 4.249229e-01
 9.139139e-01 -1.823534e-01  2.837842e-01 1.137862e-01
 9.149149e-01  1.797088e-01  1.889226e-01 6.798701e-02
 9.159159e-01  5.245794e-01  8.056229e-02 2.816738e-01
 9.169169e-01  8.359807e-01 -3.458267e-02 7.000597e-01
 9.179179e-01  1.100016e+00 -1.491908e-01 1.232293e+00
 9.189189e-01  1.305807e+00 -2.558429e-01 1.770588e+00
 9.199199e-01  1.445928e+00 -3.475479e-01 2.211497e+00
 9.209209e-01  1.516603e+00 -4.182467e-01 2.475016e+00
 9.219219e-01  1.517696e+00 -4.632562e-01 2.518006e+00
 9.229229e-01  1.452474e+00 -4.796218e-01 2.339719e+00
 9.239239e-01  1.327213e+00 -4.663489e-01 1.978976e+00
 9.249249e-01  1.150644e+00 -4.244967e-01 1.504178e+00
 9.259259e-01  9.333167e-01 -3.571254e-01 9.986186e-01
 9.269269e-01  6.869155e-01 -2.690978e-01 5.442665e-01
 9.279279e-01  4.235717e-01 -1.667486e-01 2.072181e-01
 9.289289e-01  1.552240e-01 -5.744328e-02 2.739421e-02
 9.299299e-01 -1.069437e-01  5.094234e-02 1.403207e-02
 9.309309e-01 -3.529569e-01  1.505859e-01 1.472547e-01
 9.319319e-01 -5.743839e-01  2.342848e-01 3.848062e-01
 9.329329e-01 -7.645404e-01  2.959844e-01 6.721289e-01
 9.339339e-01 -9.185711e-01  3.312294e-01 9.534858e-01
 9.349349e-01 -1.033420e+00  3.375057e-01 1.181868e+00
 9.359359e-01 -1.107712e+00  3.144454e-01 1.325903e+00
 9.369369e-01 -1.141567e+00  2.638810e-01 1.372807e+00
 9.379379e-01 -1.136368e+00  1.897407e-01 1.327335e+00
 9.389389e-01 -1.094530e+00  9.779301e-02 1.207559e+00
 9.399399e-01 -1.019252e+00 -4.745141e-03 1.038897e+00
 9.409409e-01 -9.143159e-01 -1.097080e-01 8.480095e-01
 9.419419e-01 -7.839084e-01 -2.085556e-01 6.580078e-01
 9.429429e-01 -6.324898e-01 -2.929834e-01 4.858826e-01
 9.439439e-01 -4.647048e-01 -3.555231e-01 3.423472e-01
 9.449449e-01 -2.853287e-01 -3.900944e-01 2.335861e-01
 9.459459e-01 -9.923908e-02 -3.924674e-01 1.638791e-01
 9.469469e-01  8.859884e-02 -3.606026e-01 1.378840e-01
 9.479479e-01  2.731486e-01 -2.948454e-01 1.615440e-01
 9.489489e-01  4.493327e-01 -1.979592e-01 2.410877e-01
 9.499499e-01  6.120887e-01 -7.499421e-02 3.802767e-01
 9.509510e-01  7.564570e-01  6.700011e-02 5.767163e-01
 9.519520e-01  8.777055e-01  2.194004e-01 8.185035e-01
 9.529530e-01  9.714863e-01  3.725455e-01 1.082576e+00
 9.539540e-01  1.034021e+00  5.163469e-01 1.335813e+00
 9.549550e-01  1.062300e+00  6.409348e-01 1.539278e+00
 9.559560e-01  1.054284e+00  7.372968e-01 1.655122e+00
 9.569570e-01  1.009092e+00  7.978676e-01 1.654860e+00
 9.579580e-01  9.271533e-01  8.170322e-01 1.527155e+00
 9.589590e-01  8.103122e-01  7.915108e-01 1.283095e+00
 9.599600e-01  6.618732e-01  7.206000e-01 9.573405e-01
 9.609610e-01  4.865695e-01  6.062569e-01 6.042973e-01
 9.619620e-01  2.904545e-01  4.530213e-01 2.895921e-01
 9.629630e-01  8.071499e-02  2.677813e-01 7.822172e-02
 9.639640e-01 -1.345905e-01  5.939845e-02 2.164277e-02
 9.649650e-01 -3.468559e-01 -1.617842e-01 1.464832e-01
 9.659660e-01 -5.473007e-01 -3.845205e-01 4.473941e-01
 9.669670e-01 -7.273722e-01 -5.972900e-01 8.858256e-01
 9.679680e-01 -8.791557e-01 -7.889403e-01 1.395342e+00
 9.689690e-01 -9.957710e-01 -9.493051e-01 1.892740e+00
 9.699700e-01 -1.071730e+00 -1.069762e+00 2.292997e+00
 9.709710e-01 -1.103241e+00 -1.143700e+00 2.525190e+00
 9.719720e-01 -1.088428e+00 -1.166872e+00 2.546265e+00
 9.729730e-01 -1.027474e+00 -1.137609e+00 2.349857e+00
 9.739740e-01 -9.226542e-01 -1.056901e+00 1.968331e+00
 9.749750e-01 -7.782737e-01 -9.283210e-01 1.467490e+00
 9.759760e-01 -6.005011e-01 -7.578211e-01 9.348943e-01
 9.769770e-01 -3.971106e-01 -5.534001e-01 4.639485e-01
 9.779780e-01 -1.771419e-01 -3.246693e-01 1.367894e-01
 9.789790e-01  4.950585e-02 -8.234047e-02 9.230782e-03
 9.799800e-01  2.725271e-01  1.623342e-01 1.006234e-01
 9.809810e-01  4.816876e-01  3.981403e-01 3.905386e-01
 9.819820e-01  6.673050e-01  6.144651e-01 8.228633e-01
 9.829830e-01  8.207104e-01  8.018195e-01 1.316480e+00
 9.839840e-01  9.346671e-01  9.522896e-01 1.780458e+00
 9.849850e-01  1.003729e+00  1.059897e+00 2.130855e+00
 9.859860e-01  1.024523e+00  1.120852e+00 2.305956e+00
 9.869870e-01  9.959318e-01  1.133682e+00 2.277116e+00
 9.879880e-01  9.191863e-01  1.099246e+00 2.053245e+00
 9.889890e-01  7.978409e-01  1.020617e+00 1.678209e+00
 9.899900e-01  6.376448e-01  9.028594e-01 1.221746e+00
 9.909910e-01  4.463075e-01  7.527063e-01 7.657571e-01
 9.919920e-01  2.331659e-01  5.781575e-01 3.886325e-01
 9.929930e-01  8.767344e-03  3.880248e-01 1.506401e-01
 9.939940e-01 -2.156168e-01  1.914481e-01 8.314301e-02
 9.949950e-01 -4.285267e-01 -2.588262e-03 1.836419e-01
 9.959960e-01 -6.188754e-01 -1.857133e-01 4.174961e-01
 9.969970e-01 -7.765109e-01 -3.505743e-01 7.258715e-01
 9.979980e-01 -8.927530e-01 -4.911690e-01 1.038255e+00
 9.989990e-01 -9.608763e-01 -6.030859e-01 1.286996e+00
 1.000000e+00 -9.765145e-01 -6.836426e-01 1.420948e+00
