# x psi_r psi_i psi2 
 0.000000e+00  8.518297e-03 -3.230581e-03 8.299804e-05
 1.001001e-03  1.004788e-02  9.842687e-04 1.019286e-04
 2.002002e-03  1.035536e-02  4.830974e-03 1.305718e-04
 3.003003e-03  9.510110e-03  7.833961e-03 1.518131e-04
 4.004004e-03  7.704438e-03  9.647775e-03 1.524379e-04
 5.005005e-03  5.220324e-03  1.009462e-02 1.291532e-04
 6.006006e-03  2.388780e-03  9.179384e-03 8.996736e-05
 7.007007e-03 -4.526578e-04  7.081179e-03 5.034799e-05
 8.008008e-03 -2.998961e-03  4.123519e-03 2.599718e-05
 9.009009e-03 -5.008832e-03  7.276094e-04 2.561782e-05
 1.001001e-02 -6.325082e-03 -2.644728e-03 4.700125e-05
 1.101101e-02 -6.882849e-03 -5.551056e-03 7.818784e-05
 1.201201e-02 -6.705936e-03 -7.623681e-03 1.030901e-04
 1.301301e-02 -5.893092e-03 -8.613708e-03 1.089245e-04
 1.401401e-02 -4.597118e-03 -8.418741e-03 9.200869e-05
 1.501502e-02 -3.000322e-03 -7.091410e-03 5.929004e-05
 1.601602e-02 -1.289918e-03 -4.828313e-03 2.497650e-05
 1.701702e-02  3.634335e-04 -1.941412e-03 3.901166e-06
 1.801802e-02  1.821568e-03  1.184036e-03 4.720051e-06
 1.901902e-02  2.987921e-03  4.139422e-03 2.606248e-05
 2.002002e-02  3.809630e-03  6.544265e-03 5.734068e-05
 2.102102e-02  4.273487e-03  8.092907e-03 8.375784e-05
 2.202202e-02  4.397461e-03  8.590917e-03 9.314152e-05
 2.302302e-02  4.219921e-03  7.977084e-03 8.144161e-05
 2.402402e-02  3.788844e-03  6.328791e-03 5.440893e-05
 2.502503e-02  3.152936e-03  3.850548e-03 2.476773e-05
 2.602603e-02  2.356074e-03  8.475533e-04 6.269432e-06
 2.702703e-02  1.435641e-03 -2.312247e-03 7.407554e-06
 2.802803e-02  4.245375e-04 -5.242789e-03 2.766707e-05
 2.902903e-02 -6.441392e-04 -7.585862e-03 5.796022e-05
 3.003003e-02 -1.731245e-03 -9.053018e-03 8.495434e-05
 3.103103e-02 -2.786384e-03 -9.458722e-03 9.723136e-05
 3.203203e-02 -3.745000e-03 -8.741129e-03 9.043237e-05
 3.303303e-02 -4.529114e-03 -6.968456e-03 6.907225e-05
 3.403403e-02 -5.052296e-03 -4.330542e-03 4.427929e-05
 3.503504e-02 -5.228779e-03 -1.116918e-03 2.858764e-05
 3.603604e-02 -4.985688e-03  2.315924e-03 3.022059e-05
 3.703704e-02 -4.276748e-03  5.584197e-03 4.947383e-05
 3.803804e-02 -3.095279e-03  8.318995e-03 7.878643e-05
 3.903904e-02 -1.484203e-03  1.020638e-02 1.063730e-04
 4.004004e-02  4.591098e-04  1.102119e-02 1.216775e-04
 4.104104e-02  2.584663e-03  1.065116e-02 1.201277e-04
 4.204204e-02  4.699126e-03  9.108980e-03 1.050553e-04
 4.304304e-02  6.582287e-03  6.531400e-03 8.598569e-05
 4.404404e-02  8.009376e-03  3.165631e-03 7.417132e-05
 4.504505e-02  8.776965e-03 -6.553610e-04 7.746461e-05
 4.604605e-02  8.729496e-03 -4.546019e-03 9.687038e-05
 4.704705e-02  7.783063e-03 -8.106489e-03 1.262912e-04
 4.804805e-02  5.943199e-03 -1.096226e-02 1.554929e-04
 4.904905e-02  3.313850e-03 -1.280142e-02 1.748578e-04
 5.005005e-02  9.565577e-05 -1.340591e-02 1.797277e-04
 5.105105e-02 -3.427217e-03 -1.267421e-02 1.723814e-04
 5.205205e-02 -6.911051e-03 -1.063301e-02 1.608235e-04
 5.305305e-02 -9.985426e-03 -7.437243e-03 1.550213e-04
 5.405405e-02 -1.229176e-02 -3.358126e-03 1.623645e-04
 5.505506e-02 -1.352358e-02  1.239565e-03 1.844238e-04
 5.605606e-02 -1.346396e-02  5.929209e-03 2.164337e-04
 5.705706e-02 -1.201583e-02  1.026030e-02 2.496539e-04
 5.805806e-02 -9.221300e-03  1.379948e-02 2.754581e-04
 5.905906e-02 -5.267052e-03  1.617120e-02 2.892497e-04
 6.006006e-02 -4.745976e-04  1.709437e-02 2.924429e-04
 6.106106e-02  4.724567e-03  1.641183e-02 2.916697e-04
 6.206206e-02  9.827015e-03  1.410981e-02 2.956569e-04
 6.306306e-02  1.430527e-02  1.032536e-02 3.112539e-04
 6.406406e-02  1.766101e-02  5.340619e-03 3.404334e-04
 6.506507e-02  1.947817e-02 -4.362268e-04 3.795894e-04
 6.606607e-02  1.947056e-02 -6.502138e-03 4.213804e-04
 6.706707e-02  1.751859e-02 -1.230055e-02 4.582045e-04
 6.806807e-02  1.369104e-02 -1.726964e-02 4.856852e-04
 6.906907e-02  8.248775e-03 -2.089376e-02 5.045915e-04
 7.007007e-02  1.629325e-03 -2.275343e-02 5.203733e-04
 7.107107e-02 -5.586992e-03 -2.256955e-02 5.405990e-04
 7.207207e-02 -1.272687e-02 -2.023729e-02 5.715211e-04
 7.307307e-02 -1.908544e-02 -1.584608e-02 6.153524e-04
 7.407407e-02 -2.399383e-02 -9.682909e-03 6.694625e-04
 7.507508e-02 -2.688639e-02 -2.217612e-03 7.277956e-04
 7.607608e-02 -2.736116e-02  5.929653e-03 7.837940e-04
 7.707708e-02 -2.522736e-02  1.403691e-02 8.334548e-04
 7.807808e-02 -2.053475e-02  2.134137e-02 8.771301e-04
 7.907908e-02 -1.358137e-02  2.710801e-02 9.192980e-04
 8.008008e-02 -4.897906e-03  3.069996e-02 9.664773e-04
 8.108108e-02  4.790752e-03  3.164402e-02 1.024295e-03
 8.208208e-02  1.462421e-02  2.968499e-02 1.095066e-03
 8.308308e-02  2.368079e-02  2.482306e-02 1.176964e-03
 8.408408e-02  3.106115e-02  1.732946e-02 1.265105e-03
 8.508509e-02  3.597374e-02  7.737762e-03 1.353983e-03
 8.608609e-02  3.781441e-02 -3.189875e-03 1.440105e-03
 8.708709e-02  3.623247e-02 -1.452001e-02 1.523623e-03
 8.808809e-02  3.117646e-02 -2.522463e-02 1.608254e-03
 8.908909e-02  2.291456e-02 -3.427123e-02 1.699594e-03
 9.009009e-02  1.202653e-02 -4.071871e-02 1.802651e-03
 9.109109e-02 -6.333635e-04 -4.381025e-02 1.919739e-03
 9.209209e-02 -1.400047e-02 -4.305439e-02 2.049694e-03
 9.309309e-02 -2.688635e-02 -3.828606e-02 2.188698e-03
 9.409409e-02 -3.808098e-02 -2.970067e-02 2.332291e-03
 9.509510e-02 -4.646220e-02 -1.785678e-02 2.477600e-03
 9.609610e-02 -5.110260e-02 -3.645089e-03 2.624762e-03
 9.709710e-02 -5.136425e-02  1.177474e-02 2.776931e-03
 9.809810e-02 -4.697197e-02  2.706569e-02 2.938918e-03
 9.909910e-02 -3.805751e-02  4.082612e-02 3.115146e-03
 1.001001e-01 -2.516918e-02  5.171446e-02 3.307873e-03
 1.011011e-01 -9.244403e-03  5.857494e-02 3.516483e-03
 1.021021e-01  8.454240e-03  6.055293e-02 3.738132e-03
 1.031031e-01  2.643551e-02  5.718869e-02 3.969383e-03
 1.041041e-01  4.310146e-02  4.848004e-02 4.208050e-03
 1.051051e-01  5.688522e-02  3.490662e-02 4.454400e-03
 1.061061e-01  6.639294e-02  1.741184e-02 4.711195e-03
 1.071071e-01  7.053744e-02 -2.658050e-03 4.982596e-03
 1.081081e-01  6.865119e-02 -2.365410e-02 5.272503e-03
 1.091091e-01  6.056746e-02 -4.375695e-02 5.583088e-03
 1.101101e-01  4.666090e-02 -6.113072e-02 5.914205e-03
 1.111111e-01  2.784196e-02 -7.408585e-02 6.263889e-03
 1.121121e-01  5.503414e-03 -8.123659e-02 6.629671e-03
 1.131131e-01 -1.857850e-02 -8.163894e-02 7.010077e-03
 1.141141e-01 -4.238167e-02 -7.489585e-02 7.405595e-03
 1.151151e-01 -6.380408e-02 -6.121893e-02 7.818718e-03
 1.161161e-01 -8.084473e-02 -4.143924e-02 8.253081e-03
 1.171171e-01 -9.178422e-02 -1.696405e-02 8.712123e-03
 1.181181e-01 -9.534904e-02  1.031899e-02 9.197921e-03
 1.191191e-01 -9.084438e-02  3.818405e-02 9.710722e-03
 1.201201e-01 -7.824237e-02  6.424534e-02 1.024933e-02
 1.211211e-01 -5.821614e-02  8.615710e-02 1.081216e-02
 1.221221e-01 -3.211422e-02  1.018189e-01 1.139841e-02
 1.231231e-01 -1.875120e-03  1.095686e-01 1.200880e-02
 1.241241e-01  3.011305e-02  1.083459e-01 1.264564e-02
 1.251251e-01  6.119800e-02  9.781056e-02 1.331210e-02
 1.261261e-01  8.867955e-02  7.840383e-02 1.401122e-02
 1.271271e-01  1.100392e-01  5.134533e-02 1.474496e-02
 1.281281e-01  1.231636e-01  1.856293e-02 1.551386e-02
 1.291291e-01  1.265432e-01 -1.744083e-02 1.631736e-02
 1.301301e-01  1.194263e-01 -5.377687e-02 1.715459e-02
 1.311311e-01  1.019160e-01 -8.739814e-02 1.802531e-02
 1.321321e-01  7.499738e-02 -1.153509e-01 1.893043e-02
 1.331331e-01  4.049113e-02 -1.350279e-01 1.987207e-02
 1.341341e-01  9.348271e-04 -1.444025e-01 2.085297e-02
 1.351351e-01 -4.060115e-02 -1.422227e-01 2.187574e-02
 1.361361e-01 -8.074953e-02 -1.281471e-01 2.294216e-02
 1.371371e-01 -1.161159e-01 -1.028106e-01 2.405294e-02
 1.381381e-01 -1.435609e-01 -6.781004e-02 2.520793e-02
 1.391391e-01 -1.604712e-01 -2.560878e-02 2.640681e-02
 1.401401e-01 -1.649967e-01  2.063345e-02 2.764966e-02
 1.411411e-01 -1.562331e-01  6.729549e-02 2.893745e-02
 1.421421e-01 -1.343315e-01  1.105760e-01 3.027201e-02
 1.431431e-01 -1.005263e-01  1.467994e-01 3.165560e-02
 1.441441e-01 -5.707259e-02  1.727225e-01 3.309033e-02
 1.451451e-01 -7.099738e-03  1.858151e-01 3.457767e-02
 1.461461e-01  4.561334e-02  1.844931e-01 3.611828e-02
 1.471471e-01  9.692248e-02  1.682802e-01 3.771219e-02
 1.481481e-01  1.426419e-01  1.378860e-01 3.935927e-02
 1.491491e-01  1.788818e-01  9.518934e-02 4.105970e-02
 1.501502e-01  2.023718e-01  4.312659e-02 4.281426e-02
 1.511512e-01  2.107458e-01 -1.450926e-02 4.462432e-02
 1.521522e-01  2.027611e-01 -7.334467e-02 4.649150e-02
 1.531532e-01  1.784347e-01 -1.287568e-01 4.841726e-02
 1.541542e-01  1.390828e-01 -1.762343e-01 5.040257e-02
 1.551552e-01  8.725667e-02 -2.117405e-01 5.244776e-02
 1.561562e-01  2.657898e-02 -2.320480e-01 5.455269e-02
 1.571572e-01 -3.850991e-02 -2.350193e-01 5.671710e-02
 1.581582e-01 -1.030776e-01 -2.198088e-01 5.894091e-02
 1.591592e-01 -1.620733e-01 -1.869670e-01 6.122441e-02
 1.601602e-01 -2.107200e-01 -1.384389e-01 6.356826e-02
 1.611612e-01 -2.448969e-01 -7.745142e-02 6.597323e-02
 1.621622e-01 -2.614786e-01 -8.298524e-03 6.843994e-02
 1.631632e-01 -2.586063e-01  6.396356e-02 7.096856e-02
 1.641642e-01 -2.358664e-01  1.338874e-01 7.355880e-02
 1.651652e-01 -1.943616e-01  1.960449e-01 7.621000e-02
 1.661662e-01 -1.366654e-01  2.454464e-01 7.892137e-02
 1.671672e-01 -6.666284e-02  2.779357e-01 8.169219e-02
 1.681682e-01  1.071393e-02  2.905291e-01 8.452197e-02
 1.691692e-01  8.983659e-02  2.816732e-01 8.741038e-02
 1.701702e-01  1.647922e-01  2.513974e-01 9.035712e-02
 1.711712e-01  2.298255e-01  2.013502e-01 9.336169e-02
 1.721722e-01  2.797784e-01  1.347120e-01 9.642325e-02
 1.731732e-01  3.104927e-01  5.598985e-02 9.954057e-02
 1.741742e-01  3.191460e-01 -2.929127e-02 1.027121e-01
 1.751752e-01  3.044923e-01 -1.149812e-01 1.059363e-01
 1.761762e-01  2.669896e-01 -1.947509e-01 1.092113e-01
 1.771772e-01  2.088006e-01 -2.625606e-01 1.125357e-01
 1.781782e-01  1.336676e-01 -3.131149e-01 1.159080e-01
 1.791792e-01  4.666647e-02 -3.422699e-01 1.193265e-01
 1.801802e-01 -4.614270e-02 -3.473619e-01 1.227895e-01
 1.811812e-01 -1.381430e-01 -3.274315e-01 1.262949e-01
 1.821822e-01 -2.226363e-01 -2.833256e-01 1.298403e-01
 1.831832e-01 -2.933323e-01 -2.176681e-01 1.334232e-01
 1.841842e-01 -3.448144e-01 -1.346993e-01 1.370409e-01
 1.851852e-01 -3.729488e-01 -3.999478e-02 1.406904e-01
 1.861862e-01 -3.752054e-01  5.991668e-02 1.443691e-01
 1.871872e-01 -3.508660e-01  1.580100e-01 1.480741e-01
 1.881882e-01 -3.011044e-01  2.472622e-01 1.518025e-01
 1.891892e-01 -2.289306e-01  3.211574e-01 1.555513e-01
 1.901902e-01 -1.390011e-01  3.741602e-01 1.593172e-01
 1.911912e-01 -3.730998e-02  4.021250e-01 1.630966e-01
 1.921922e-01  6.921961e-02  4.026095e-01 1.668857e-01
 1.931932e-01  1.732148e-01  3.750700e-01 1.706809e-01
 1.941942e-01  2.673687e-01  3.209238e-01 1.744781e-01
 1.951952e-01  3.449562e-01  2.434722e-01 1.782735e-01
 1.961962e-01  4.003132e-01  1.476905e-01 1.820631e-01
 1.971972e-01  4.292448e-01  3.989738e-02 1.858429e-01
 1.981982e-01  4.293336e-01 -7.267187e-02 1.896086e-01
 1.991992e-01  4.001259e-01 -1.823602e-01 1.933560e-01
 2.002002e-01  3.431807e-01 -2.816158e-01 1.970805e-01
 2.012012e-01  2.619807e-01 -3.635157e-01 2.007776e-01
 2.022022e-01  1.617078e-01 -4.222478e-01 2.044426e-01
 2.032032e-01  4.890031e-02 -4.535191e-01 2.080708e-01
 2.042042e-01 -6.898469e-02 -4.548611e-01 2.116575e-01
 2.052052e-01 -1.840744e-01 -4.258106e-01 2.151980e-01
 2.062062e-01 -2.886134e-01 -3.679536e-01 2.186876e-01
 2.072072e-01 -3.754905e-01 -2.848301e-01 2.221213e-01
 2.082082e-01 -4.387231e-01 -1.817044e-01 2.254944e-01
 2.092092e-01 -4.738654e-01 -6.521870e-02 2.288019e-01
 2.102102e-01 -4.783142e-01  5.704737e-02 2.320389e-01
 2.112112e-01 -4.514893e-01  1.770810e-01 2.352003e-01
 2.122122e-01 -3.948793e-01  2.869698e-01 2.382813e-01
 2.132132e-01 -3.119473e-01  3.794283e-01 2.412770e-01
 2.142142e-01 -2.079061e-01  4.482830e-01 2.441826e-01
 2.152152e-01 -8.937546e-02  4.888816e-01 2.469932e-01
 2.162162e-01  3.605196e-02  4.984019e-01 2.497042e-01
 2.172172e-01  1.603093e-01  4.760375e-01 2.523108e-01
 2.182182e-01  2.753838e-01  4.230510e-01 2.548084e-01
 2.192192e-01  3.738394e-01  3.426901e-01 2.571924e-01
 2.202202e-01  4.493002e-01  2.399742e-01 2.594582e-01
 2.212212e-01  4.968621e-01  1.213661e-01 2.616016e-01
 2.222222e-01  5.134067e-01 -5.649184e-03 2.636183e-01
 2.232232e-01  4.977972e-01 -1.330493e-01 2.655042e-01
 2.242242e-01  4.509452e-01 -2.527919e-01 2.672553e-01
 2.252252e-01  3.757440e-01 -3.573294e-01 2.688678e-01
 2.262262e-01  2.768758e-01 -4.400885e-01 2.703381e-01
 2.272272e-01  1.605046e-01 -4.958838e-01 2.716625e-01
 2.282282e-01  3.387764e-02 -5.212390e-01 2.728378e-01
 2.292292e-01 -9.513995e-02 -5.145961e-01 2.738607e-01
 2.302302e-01 -2.185643e-01 -4.764011e-01 2.747284e-01
 2.312312e-01 -3.287954e-01 -4.090619e-01 2.754380e-01
 2.322322e-01 -4.190901e-01 -3.167817e-01 2.759871e-01
 2.332332e-01 -4.839758e-01 -2.052824e-01 2.763734e-01
 2.342342e-01 -5.195798e-01 -8.143477e-02 2.765947e-01
 2.352352e-01 -5.238545e-01  4.717857e-02 2.766493e-01
 2.362362e-01 -4.966857e-01  1.727392e-01 2.765355e-01
 2.372372e-01 -4.398793e-01  2.876771e-01 2.762519e-01
 2.382382e-01 -3.570287e-01  3.851337e-01 2.757975e-01
 2.392392e-01 -2.532739e-01  4.593732e-01 2.751714e-01
 2.402402e-01 -1.349682e-01  5.061192e-01 2.743731e-01
 2.412412e-01 -9.275817e-03  5.227965e-01 2.734022e-01
 2.422422e-01  1.162739e-01  5.086641e-01 2.722588e-01
 2.432432e-01  2.342477e-01  4.648346e-01 2.709432e-01
 2.442442e-01  3.377551e-01  3.941794e-01 2.694559e-01
 2.452452e-01  4.208550e-01  3.011293e-01 2.677978e-01
 2.462462e-01  4.788969e-01  1.913837e-01 2.659699e-01
 2.472472e-01  5.087776e-01  7.154900e-02 2.639739e-01
 2.482482e-01  5.090998e-01 -5.127101e-02 2.618113e-01
 2.492492e-01  4.802250e-01 -1.699065e-01 2.594843e-01
 2.502503e-01  4.242197e-01 -2.775478e-01 2.569951e-01
 2.512513e-01  3.447007e-01 -3.681411e-01 2.543465e-01
 2.522523e-01  2.465918e-01 -4.367307e-01 2.515412e-01
 2.532533e-01  1.358073e-01 -4.797281e-01 2.485826e-01
 2.542543e-01  1.888512e-02 -4.950934e-01 2.454741e-01
 2.552553e-01 -9.740920e-02 -4.824219e-01 2.422195e-01
 2.562563e-01 -2.064820e-01 -4.429310e-01 2.388227e-01
 2.572573e-01 -3.022911e-01 -3.793523e-01 2.352881e-01
 2.582583e-01 -3.796832e-01 -2.957379e-01 2.316202e-01
 2.592593e-01 -4.346705e-01 -1.971936e-01 2.278238e-01
 2.602603e-01 -4.646321e-01 -8.955881e-02 2.239038e-01
 2.612613e-01 -4.684301e-01  2.094905e-02 2.198656e-01
 2.622623e-01 -4.464355e-01  1.281009e-01 2.157145e-01
 2.632633e-01 -4.004675e-01  2.260136e-01 2.114563e-01
 2.642643e-01 -3.336486e-01  3.094762e-01 2.070969e-01
 2.652653e-01 -2.501904e-01  3.742284e-01 2.026422e-01
 2.662663e-01 -1.551225e-01  4.171756e-01 1.980985e-01
 2.672673e-01 -5.398237e-02  4.365296e-01 1.934722e-01
 2.682683e-01  4.751359e-02  4.318709e-01 1.887700e-01
 2.692693e-01  1.437987e-01  4.041293e-01 1.839986e-01
 2.702703e-01  2.297657e-01  3.554891e-01 1.791648e-01
 2.712713e-01  3.010389e-01  2.892253e-01 1.742757e-01
 2.722723e-01  3.541969e-01  2.094828e-01 1.693385e-01
 2.732733e-01  3.869312e-01  1.210148e-01 1.643603e-01
 2.742743e-01  3.981378e-01  2.889504e-02 1.593486e-01
 2.752753e-01  3.879360e-01 -6.177741e-02 1.543108e-01
 2.762763e-01  3.576176e-01 -1.461640e-01 1.492542e-01
 2.772773e-01  3.095316e-01 -2.199472e-01 1.441866e-01
 2.782783e-01  2.469135e-01 -2.795513e-01 1.391152e-01
 2.792793e-01  1.736710e-01 -3.223137e-01 1.340477e-01
 2.802803e-01  9.414040e-02 -3.465966e-01 1.289916e-01
 2.812813e-01  1.282845e-02 -3.518376e-01 1.239542e-01
 2.822823e-01 -6.584511e-02 -3.385372e-01 1.189430e-01
 2.832833e-01 -1.377893e-01 -3.081871e-01 1.139652e-01
 2.842843e-01 -1.994552e-01 -2.631455e-01 1.090279e-01
 2.852853e-01 -2.480097e-01 -2.064691e-01 1.041383e-01
 2.862863e-01 -2.814617e-01 -1.417129e-01 9.930323e-02
 2.872873e-01 -2.987351e-01 -7.271096e-02 9.452953e-02
 2.882883e-01 -2.996875e-01 -3.350427e-03 8.982385e-02
 2.892893e-01 -2.850756e-01  6.264667e-02 8.519269e-02
 2.902903e-01 -2.564707e-01  1.219229e-01 8.064241e-02
 2.912913e-01 -2.161333e-01  1.716554e-01 7.617919e-02
 2.922923e-01 -1.668541e-01  2.096874e-01 7.180910e-02
 2.932933e-01 -1.117718e-01  2.346168e-01 6.753799e-02
 2.942943e-01 -5.418126e-02  2.458372e-01 6.337156e-02
 2.952953e-01  2.659870e-03  2.435329e-01 5.931534e-02
 2.962963e-01  5.571185e-02  2.286281e-01 5.537463e-02
 2.972973e-01  1.023133e-01  2.026981e-01 5.155455e-02
 2.982983e-01  1.403124e-01  1.678464e-01 4.785996e-02
 2.992993e-01  1.681622e-01  1.265581e-01 4.429549e-02
 3.003003e-01  1.849780e-01  8.153918e-02 4.086549e-02
 3.013013e-01  1.905523e-01  3.554994e-02 3.757400e-02
 3.023023e-01  1.853324e-01 -8.755992e-03 3.442475e-02
 3.033033e-01  1.703591e-01 -4.897896e-02 3.142115e-02
 3.043043e-01  1.471762e-01 -8.309877e-02 2.856624e-02
 3.053053e-01  1.177140e-01 -1.095724e-01 2.586269e-02
 3.063063e-01  8.415633e-02 -1.273991e-01 2.331282e-02
 3.073073e-01  4.879916e-02 -1.361514e-01 2.091857e-02
 3.083083e-01  1.390920e-02 -1.359707e-01 1.868151e-02
 3.093093e-01 -1.840927e-02 -1.275303e-01 1.660288e-02
 3.103103e-01 -4.633201e-02 -1.119684e-01 1.468358e-02
 3.113113e-01 -6.841077e-02 -9.079730e-02 1.292418e-02
 3.123123e-01 -8.364285e-02 -6.579416e-02 1.132500e-02
 3.133133e-01 -9.151139e-02 -3.888080e-02 9.886050e-03
 3.143143e-01 -9.199526e-02 -1.199990e-02 8.607125e-03
 3.153153e-01 -8.554910e-02  1.300501e-02 7.487778e-03
 3.163163e-01 -7.305581e-02  3.449914e-02 6.527342e-03
 3.173173e-01 -5.575539e-02  5.114949e-02 5.724934e-03
 3.183183e-01 -3.515492e-02  6.199660e-02 5.079447e-03
 3.193193e-01 -1.292578e-02  6.650159e-02 4.589537e-03
 3.203203e-01  9.205798e-03  6.456670e-02 4.253606e-03
 3.213213e-01  2.956795e-02  5.652880e-02 4.069769e-03
 3.223223e-01  4.664623e-02  4.312729e-02 4.035834e-03
 3.233233e-01  5.917450e-02  2.544889e-02 4.149267e-03
 3.243243e-01  6.620891e-02  4.853158e-03 4.407173e-03
 3.253253e-01  6.718111e-02 -1.711638e-02 4.806272e-03
 3.263263e-01  6.192831e-02 -3.883021e-02 5.342900e-03
 3.273273e-01  5.069890e-02 -5.867396e-02 6.013012e-03
 3.283283e-01  3.413406e-02 -7.514698e-02 6.812203e-03
 3.293293e-01  1.322672e-02 -8.695288e-02 7.735749e-03
 3.303303e-01 -1.073918e-02 -9.307700e-02 8.778658e-03
 3.313313e-01 -3.626546e-02 -9.284695e-02 9.935739e-03
 3.323323e-01 -6.172788e-02 -8.597290e-02 1.120167e-02
 3.333333e-01 -8.547080e-02 -7.256609e-02 1.257110e-02
 3.343343e-01 -1.059028e-01 -5.313453e-02 1.403868e-02
 3.353353e-01 -1.215883e-01 -2.855679e-02 1.559920e-02
 3.363363e-01 -1.313300e-01 -3.538846e-05 1.724758e-02
 3.373373e-01 -1.342385e-01  3.096725e-02 1.897895e-02
 3.383383e-01 -1.297842e-01  6.280688e-02 2.078865e-02
 3.393393e-01 -1.178306e-01  9.374496e-02 2.267218e-02
 3.403403e-01 -9.864645e-02  1.220413e-01 2.462519e-02
 3.413413e-01 -7.289630e-02  1.460464e-01 2.664341e-02
 3.423423e-01 -4.161092e-02  1.642895e-01 2.872250e-02
 3.433433e-01 -6.138485e-03  1.755571e-01 3.085798e-02
 3.443443e-01  3.192032e-02  1.789586e-01 3.304510e-02
 3.453453e-01  7.079000e-02  1.739755e-01 3.527871e-02
 3.463463e-01  1.086068e-01  1.604922e-01 3.755320e-02
 3.473473e-01  1.435097e-01  1.388068e-01 3.986237e-02
 3.483483e-01  1.737313e-01  1.096215e-01 4.219943e-02
 3.493493e-01  1.976841e-01  7.401393e-02 4.455706e-02
 3.503504e-01  2.140387e-01  3.338951e-02 4.692742e-02
 3.513514e-01  2.217890e-01 -1.058093e-02 4.930232e-02
 3.523524e-01  2.203027e-01 -5.603653e-02 5.167338e-02
 3.533534e-01  2.093542e-01 -1.010105e-01 5.403229e-02
 3.543544e-01  1.891383e-01 -1.435192e-01 5.637107e-02
 3.553554e-01  1.602654e-01 -1.816515e-01 5.868230e-02
 3.563564e-01  1.237371e-01 -2.136552e-01 6.095943e-02
 3.573574e-01  8.090429e-02 -2.380158e-01 6.319701e-02
 3.583584e-01  3.341028e-02 -2.535244e-01 6.539086e-02
 3.593594e-01 -1.687932e-02 -2.593324e-01 6.753821e-02
 3.603604e-01 -6.795603e-02 -2.549895e-01 6.963765e-02
 3.613614e-01 -1.177539e-01 -2.404645e-01 7.168915e-02
 3.623624e-01 -1.642367e-01 -2.161483e-01 7.369377e-02
 3.633634e-01 -2.054841e-01 -1.828379e-01 7.565339e-02
 3.643644e-01 -2.397712e-01 -1.417043e-01 7.757036e-02
 3.653654e-01 -2.656408e-01 -9.424433e-02 7.944701e-02
 3.663664e-01 -2.819622e-01 -4.221892e-02 8.128515e-02
 3.673674e-01 -2.879781e-01  1.241843e-02 8.308559e-02
 3.683684e-01 -2.833334e-01  6.760094e-02 8.484771e-02
 3.693694e-01 -2.680894e-01  1.212316e-01 8.656905e-02
 3.703704e-01 -2.427195e-01  1.712667e-01 8.824506e-02
 3.713714e-01 -2.080891e-01  2.157961e-01 8.986905e-02
 3.723724e-01 -1.654197e-01  2.531177e-01 9.143223e-02
 3.733734e-01 -1.162394e-01  2.818021e-01 9.292402e-02
 3.743744e-01 -6.232205e-02  3.007465e-01 9.433249e-02
 3.753754e-01 -5.617417e-03  3.092143e-01 9.564502e-02
 3.763764e-01  5.182463e-02  3.068604e-01 9.684910e-02
 3.773774e-01  1.079324e-01  2.937409e-01 9.793311e-02
 3.783784e-01  1.606907e-01  2.703069e-01 9.888735e-02
 3.793794e-01  2.082152e-01  2.373841e-01 9.970477e-02
 3.803804e-01  2.488211e-01  1.961374e-01 1.003818e-01
 3.813814e-01  2.810831e-01  1.480244e-01 1.009189e-01
 3.823824e-01  3.038841e-01  9.473801e-02 1.013208e-01
 3.833834e-01  3.164521e-01  3.814203e-02 1.015967e-01
 3.843844e-01  3.183830e-01 -1.979907e-02 1.017597e-01
 3.853854e-01  3.096503e-01 -7.709217e-02 1.018265e-01
 3.863864e-01  2.905999e-01 -1.317872e-01 1.018162e-01
 3.873874e-01  2.619317e-01 -1.820460e-01 1.017490e-01
 3.883884e-01  2.246696e-01 -2.262052e-01 1.016452e-01
 3.893894e-01  1.801193e-01 -2.628316e-01 1.015234e-01
 3.903904e-01  1.298179e-01 -2.907684e-01 1.013989e-01
 3.913914e-01  7.547625e-02 -3.091699e-01 1.012827e-01
 3.923924e-01  1.891659e-02 -3.175247e-01 1.011798e-01
 3.933934e-01 -3.799240e-02 -3.156667e-01 1.010889e-01
 3.943944e-01 -9.340010e-02 -3.037733e-01 1.010018e-01
 3.953954e-01 -1.455364e-01 -2.823523e-01 1.009036e-01
 3.963964e-01 -1.927694e-01 -2.522172e-01 1.007736e-01
 3.973974e-01 -2.336572e-01 -2.144532e-01 1.005859e-01
 3.983984e-01 -2.669915e-01 -1.703742e-01 1.003118e-01
 3.993994e-01 -2.918315e-01 -1.214739e-01 9.992151e-02
 4.004004e-01 -3.075288e-01 -6.937194e-02 9.938643e-02
 4.014014e-01 -3.137410e-01 -1.575753e-02 9.868171e-02
 4.024024e-01 -3.104346e-01  3.766768e-02 9.778848e-02
 4.034034e-01 -2.978779e-01  8.924519e-02 9.669595e-02
 4.044044e-01 -2.766241e-01  1.374122e-01 9.540298e-02
 4.054054e-01 -2.474851e-01  1.807490e-01 9.391907e-02
 4.064064e-01 -2.114984e-01  2.180208e-01 9.226465e-02
 4.074074e-01 -1.698874e-01  2.482111e-01 9.047049e-02
 4.084084e-01 -1.240166e-01  2.705481e-01 8.857640e-02
 4.094094e-01 -7.534498e-02  2.845210e-01 8.662907e-02
 4.104104e-01 -2.537687e-02  2.898883e-01 8.467923e-02
 4.114114e-01  2.438624e-02  2.866770e-01 8.277842e-02
 4.124124e-01  7.249218e-02  2.751731e-01 8.097534e-02
 4.134134e-01  1.175812e-01  2.559042e-01 7.931228e-02
 4.144144e-01  1.584247e-01  2.296157e-01 7.782173e-02
 4.154154e-01  1.939578e-01  1.972406e-01 7.652349e-02
 4.164164e-01  2.233066e-01  1.598648e-01 7.542261e-02
 4.174174e-01  2.458071e-01  1.186891e-01 7.450825e-02
 4.184184e-01  2.610177e-01  7.498920e-02 7.375363e-02
 4.194194e-01  2.687243e-01  3.007469e-02 7.311724e-02
 4.204204e-01  2.689379e-01 -1.475068e-02 7.254516e-02
 4.214214e-01  2.618855e-01 -5.822741e-02 7.197445e-02
 4.224224e-01  2.479953e-01 -9.917548e-02 7.133744e-02
 4.234234e-01  2.278756e-01 -1.365257e-01 7.056656e-02
 4.244244e-01  2.022900e-01 -1.693466e-01 6.959953e-02
 4.254254e-01  1.721289e-01 -1.968654e-01 6.838434e-02
 4.264264e-01  1.383777e-01 -2.184844e-01 6.688383e-02
 4.274274e-01  1.020851e-01 -2.337905e-01 6.507938e-02
 4.284284e-01  6.432956e-02 -2.425594e-01 6.297338e-02
 4.294294e-01  2.618733e-02 -2.447542e-01 6.059037e-02
 4.304304e-01 -1.129832e-02 -2.405179e-01 5.797652e-02
 4.314314e-01 -4.714535e-02 -2.301626e-01 5.519749e-02
 4.324324e-01 -8.045806e-02 -2.141525e-01 5.233477e-02
 4.334334e-01 -1.104485e-01 -1.930850e-01 4.948067e-02
 4.344344e-01 -1.364537e-01 -1.676681e-01 4.673219e-02
 4.354354e-01 -1.579485e-01 -1.386962e-01 4.418435e-02
 4.364364e-01 -1.745538e-01 -1.070244e-01 4.192326e-02
 4.374374e-01 -1.860404e-01 -7.354292e-02 4.001959e-02
 4.384384e-01 -1.923277e-01 -3.915158e-02 3.852280e-02
 4.394394e-01 -1.934795e-01 -4.735339e-03 3.745675e-02
 4.404404e-01 -1.896948e-01  2.885818e-02 3.681692e-02
 4.414414e-01 -1.812960e-01  6.083907e-02 3.656962e-02
 4.424424e-01 -1.687137e-01  9.049278e-02 3.665324e-02
 4.434434e-01 -1.524701e-01  1.171947e-01 3.698174e-02
 4.444444e-01 -1.331602e-01  1.404215e-01 3.744983e-02
 4.454454e-01 -1.114316e-01  1.597590e-01 3.793996e-02
 4.464464e-01 -8.796514e-02  1.749071e-01 3.833036e-02
 4.474474e-01 -6.345438e-02  1.856805e-01 3.850369e-02
 4.484484e-01 -3.858669e-02  1.920073e-01 3.835574e-02
 4.494494e-01 -1.402519e-02  1.939244e-01 3.780337e-02
 4.504505e-01  9.607691e-03  1.915699e-01 3.679132e-02
 4.514515e-01  3.174454e-02  1.851740e-01 3.529713e-02
 4.524525e-01  5.188524e-02  1.750479e-01 3.333385e-02
 4.534535e-01  6.960657e-02  1.615711e-01 3.095031e-02
 4.544545e-01  8.456953e-02  1.451783e-01 2.822874e-02
 4.554555e-01  9.652382e-02  1.263451e-01 2.527994e-02
 4.564565e-01  1.053099e-01  1.055748e-01 2.223621e-02
 4.574575e-01  1.108587e-01  8.338382e-02 1.924252e-02
 4.584585e-01  1.131888e-01  6.028971e-02 1.644655e-02
 4.594595e-01  1.124014e-01  3.679852e-02 1.398819e-02
 4.604605e-01  1.086740e-01  1.339417e-02 1.198945e-02
 4.614615e-01  1.022522e-01 -9.470833e-03 1.054522e-02
 4.624625e-01  9.343998e-02 -3.138345e-02 9.715951e-03
 4.634635e-01  8.258918e-02 -5.197615e-02 9.522493e-03
 4.644645e-01  7.008870e-02 -7.093166e-02 9.943726e-03
 4.654655e-01  5.635290e-02 -8.798571e-02 1.091713e-02
 4.664665e-01  4.181010e-02 -1.029286e-01 1.234238e-02
 4.674675e-01  2.689147e-02 -1.156048e-01 1.408763e-02
 4.684685e-01  1.202008e-02 -1.259119e-01 1.599830e-02
 4.694695e-01 -2.398934e-03 -1.337975e-01 1.790753e-02
 4.704705e-01 -1.598775e-02 -1.392560e-01 1.964785e-02
 4.714715e-01 -2.840366e-02 -1.423238e-01 2.106283e-02
 4.724725e-01 -3.934640e-02 -1.430748e-01 2.201854e-02
 4.734735e-01 -4.856330e-02 -1.416144e-01 2.241305e-02
 4.744745e-01 -5.585424e-02 -1.380750e-01 2.218440e-02
 4.754755e-01 -6.107387e-02 -1.326088e-01 2.131510e-02
 4.764765e-01 -6.413429e-02 -1.253845e-01 1.983448e-02
 4.774775e-01 -6.500407e-02 -1.165802e-01 1.781646e-02
 4.784785e-01 -6.370918e-02 -1.063812e-01 1.537582e-02
 4.794795e-01 -6.032850e-02 -9.497292e-02 1.265938e-02
 4.804805e-01 -5.499403e-02 -8.254204e-02 9.837531e-03
 4.814815e-01 -4.788209e-02 -6.926701e-02 7.090613e-03
 4.824825e-01 -3.921544e-02 -5.532677e-02 4.598902e-03
 4.834835e-01 -2.924604e-02 -4.088181e-02 2.526653e-03
 4.844845e-01 -1.827104e-02 -2.610764e-02 1.015440e-03
 4.854855e-01 -6.550362e-03 -1.107489e-02 1.655605e-04
 4.864865e-01  5.772898e-03  4.417523e-03 5.284085e-05
 4.874875e-01  1.784042e-02  1.961138e-02 7.028868e-04
 4.884885e-01  2.868222e-02  3.359733e-02 1.951450e-03
 4.894895e-01  3.743408e-02  4.557183e-02 3.478102e-03
 4.904905e-01  4.337330e-02  5.483545e-02 4.888169e-03
 4.914915e-01  4.598952e-02  6.085187e-02 5.817987e-03
 4.924925e-01  4.501796e-02  6.326464e-02 6.029031e-03
 4.934935e-01  4.046726e-02  6.192379e-02 5.472155e-03
 4.944945e-01  3.261969e-02  5.688963e-02 4.300473e-03
 4.954955e-01  2.201538e-02  4.843297e-02 2.830430e-03
 4.964965e-01  9.414917e-03  3.701996e-02 1.459118e-03
 4.974975e-01 -4.254448e-03  2.328875e-02 5.604664e-04
 4.984985e-01 -1.796490e-02  8.016424e-03 3.870007e-04
 4.994995e-01 -3.066463e-02 -7.922895e-03 1.003092e-03
 5.005005e-01 -4.135445e-02 -2.360332e-02 2.267307e-03
 5.015015e-01 -4.916587e-02 -3.809989e-02 3.868884e-03
 5.025025e-01 -5.342584e-02 -5.053729e-02 5.408338e-03
 5.035035e-01 -5.371465e-02 -6.014361e-02 6.502518e-03
 5.045045e-01 -4.989861e-02 -6.629185e-02 6.884480e-03
 5.055055e-01 -4.215169e-02 -6.854471e-02 6.475143e-03
 5.065065e-01 -3.094374e-02 -6.667810e-02 5.403483e-03
 5.075075e-01 -1.702045e-02 -6.070861e-02 3.975231e-03
 5.085085e-01 -1.345747e-03 -5.088978e-02 2.591581e-03
 5.095095e-01  1.495208e-02 -3.771824e-02 1.646230e-03
 5.105105e-01  3.067449e-02 -2.189605e-02 1.420361e-03
 5.115115e-01  4.461915e-02 -4.319328e-03 2.009525e-03
 5.125125e-01  5.569619e-02  1.399932e-02 3.298047e-03
 5.135135e-01  6.297064e-02  3.193988e-02 4.985458e-03
 5.145145e-01  6.580256e-02  4.841538e-02 6.674026e-03
 5.155155e-01  6.377118e-02  6.228489e-02 7.946171e-03
 5.165165e-01  5.723168e-02  7.305415e-02 8.612374e-03
 5.175175e-01  4.867119e-02  8.282080e-02 9.228169e-03
 5.185185e-01  3.852844e-02  9.172735e-02 9.898347e-03
 5.195195e-01  2.681598e-02  9.944172e-02 1.060775e-02
 5.205205e-01  1.368139e-02  1.057327e-01 1.136657e-02
 5.215215e-01 -7.288011e-04  1.103309e-01 1.217344e-02
 5.225225e-01 -1.619973e-02  1.130099e-01 1.303366e-02
 5.235235e-01 -3.249112e-02  1.135474e-01 1.394868e-02
 5.245245e-01 -4.931062e-02  1.117636e-01 1.492264e-02
 5.255255e-01 -6.633747e-02  1.075058e-01 1.595815e-02
 5.265265e-01 -8.321120e-02  1.006725e-01 1.705905e-02
 5.275275e-01 -9.954936e-02  9.120649e-02 1.822870e-02
 5.285285e-01 -1.149445e-01  7.911174e-02 1.947090e-02
 5.295295e-01 -1.289800e-01  6.444947e-02 2.078958e-02
 5.305305e-01 -1.412328e-01  4.734972e-02 2.218870e-02
 5.315315e-01 -1.512885e-01  2.800778e-02 2.367265e-02
 5.325325e-01 -1.587478e-01  6.690893e-03 2.524563e-02
 5.335335e-01 -1.632417e-01 -1.626677e-02 2.691247e-02
 5.345345e-01 -1.644399e-01 -4.046222e-02 2.867767e-02
 5.355355e-01 -1.620654e-01 -6.543142e-02 3.054646e-02
 5.365365e-01 -1.559035e-01 -9.065217e-02 3.252370e-02
 5.375375e-01 -1.458150e-01 -1.155552e-01 3.461502e-02
 5.385385e-01 -1.317443e-01 -1.395318e-01 3.682568e-02
 5.395395e-01 -1.137295e-01 -1.619484e-01 3.916167e-02
 5.405405e-01 -9.190807e-02 -1.821582e-01 4.162870e-02
 5.415415e-01 -6.652333e-02 -1.995189e-01 4.423313e-02
 5.425425e-01 -3.792537e-02 -2.134076e-01 4.698113e-02
 5.435435e-01 -6.572600e-03 -2.232404e-01 4.987945e-02
 5.445445e-01  2.697263e-02 -2.284889e-01 5.293472e-02
 5.455455e-01  6.204875e-02 -2.287008e-01 5.615408e-02
 5.465465e-01  9.790545e-02 -2.235155e-01 5.954465e-02
 5.475475e-01  1.337150e-01 -2.126835e-01 6.311395e-02
 5.485485e-01  1.685890e-01 -1.960800e-01 6.686961e-02
 5.495495e-01  2.015960e-01 -1.737199e-01 7.081954e-02
 5.505506e-01  2.317839e-01 -1.457672e-01 7.497186e-02
 5.515516e-01  2.582031e-01 -1.125436e-01 7.933488e-02
 5.525526e-01  2.799327e-01 -7.453110e-02 8.391723e-02
 5.535536e-01  2.961074e-01 -3.237288e-02 8.872762e-02
 5.545546e-01  3.059455e-01  1.313288e-02 9.377515e-02
 5.555556e-01  3.087764e-01  6.104182e-02 9.906897e-02
 5.565566e-01  3.040678e-01  1.102788e-01 1.046186e-01
 5.575576e-01  2.914506e-01  1.596566e-01 1.104337e-01
 5.585586e-01  2.707418e-01  2.079015e-01 1.165242e-01
 5.595596e-01  2.419632e-01  2.536806e-01 1.229000e-01
 5.605606e-01  2.053564e-01  2.956357e-01 1.295717e-01
 5.615616e-01  1.613920e-01  3.324189e-01 1.365497e-01
 5.625626e-01  1.107736e-01  3.627311e-01 1.438447e-01
 5.635636e-01  5.443472e-02  3.853627e-01 1.514675e-01
 5.645646e-01 -6.470695e-03  3.992338e-01 1.594295e-01
 5.655656e-01 -7.058549e-02  4.034345e-01 1.677417e-01
 5.665666e-01 -1.363732e-01  3.972632e-01 1.764157e-01
 5.675676e-01 -2.021495e-01  3.802614e-01 1.854631e-01
 5.685686e-01 -2.661204e-01  3.522439e-01 1.948958e-01
 5.695696e-01 -3.264261e-01  3.133234e-01 2.047256e-01
 5.705706e-01 -3.811908e-01  2.639284e-01 2.149646e-01
 5.715716e-01 -4.285759e-01  2.048117e-01 2.256252e-01
 5.725726e-01 -4.668367e-01  1.370515e-01 2.367196e-01
 5.735736e-01 -4.943796e-01  6.204094e-02 2.482603e-01
 5.745746e-01 -5.098201e-01 -1.853073e-02 2.602599e-01
 5.755756e-01 -5.120370e-01 -1.027091e-01 2.727311e-01
 5.765766e-01 -5.002240e-01 -1.883146e-01 2.856865e-01
 5.775776e-01 -4.739344e-01 -2.729931e-01 2.991391e-01
 5.785786e-01 -4.331178e-01 -3.542747e-01 3.131016e-01
 5.795796e-01 -3.781481e-01 -4.296406e-01 3.275870e-01
 5.805806e-01 -3.098390e-01 -4.965964e-01 3.426081e-01
 5.815816e-01 -2.294481e-01 -5.527491e-01 3.581780e-01
 5.825826e-01 -1.386666e-01 -5.958868e-01 3.743095e-01
 5.835836e-01 -3.959512e-02 -6.240574e-01 3.910155e-01
 5.845846e-01  6.529519e-02 -6.356456e-01 4.083088e-01
 5.855856e-01  1.732157e-01 -6.294431e-01 4.262023e-01
 5.865866e-01  2.811272e-01 -6.047116e-01 4.447086e-01
 5.875876e-01  3.858185e-01 -5.612348e-01 4.638404e-01
 5.885886e-01  4.839971e-01 -4.993565e-01 4.836101e-01
 5.895896e-01  5.723866e-01 -4.200044e-01 5.040302e-01
 5.905906e-01  6.478314e-01 -3.246955e-01 5.251127e-01
 5.915916e-01  7.074032e-01 -2.155237e-01 5.468698e-01
 5.925926e-01  7.485079e-01 -9.512719e-02 5.693132e-01
 5.935936e-01  7.689873e-01  3.336331e-02 5.924546e-01
 5.945946e-01  7.672142e-01  1.663961e-01 6.163053e-01
 5.955956e-01  7.421749e-01  3.000881e-01 6.408765e-01
 5.965966e-01  6.935374e-01  4.303309e-01 6.661789e-01
 5.975976e-01  6.217010e-01  5.529113e-01 6.922231e-01
 5.985986e-01  5.278246e-01  6.636418e-01 7.190192e-01
 5.995996e-01  4.138316e-01  7.584989e-01 7.465771e-01
 6.006006e-01  2.823900e-01  8.337639e-01 7.749064e-01
 6.016016e-01  1.368648e-01  8.861624e-01 8.040159e-01
 6.026026e-01 -1.875356e-02  9.129965e-01 8.339144e-01
 6.036036e-01 -1.799485e-01  9.122656e-01 8.646100e-01
 6.046046e-01 -3.417985e-01  8.827708e-01 8.961105e-01
 6.056056e-01 -4.991201e-01  8.241980e-01 9.284232e-01
 6.066066e-01 -6.466275e-01  7.371754e-01 9.615548e-01
 6.076076e-01 -7.791058e-01  6.233022e-01 9.955114e-01
 6.086086e-01 -8.915900e-01  4.851453e-01 1.030299e+00
 6.096096e-01 -9.795477e-01  3.262025e-01 1.065922e+00
 6.106106e-01 -1.039055e+00  1.508317e-01 1.102385e+00
 6.116116e-01 -1.066962e+00 -3.585481e-02 1.139692e+00
 6.126126e-01 -1.061040e+00 -2.281273e-01 1.177847e+00
 6.136136e-01 -1.020106e+00 -4.198048e-01 1.216851e+00
 6.146146e-01 -9.441139e-01 -6.044471e-01 1.256707e+00
 6.156156e-01 -8.342151e-01 -7.755651e-01 1.297416e+00
 6.166166e-01 -6.927742e-01 -9.268450e-01 1.338978e+00
 6.176176e-01 -5.233473e-01 -1.052378e+00 1.381392e+00
 6.186186e-01 -3.306140e-01 -1.146888e+00 1.424658e+00
 6.196196e-01 -1.202663e-01 -1.205948e+00 1.468774e+00
 6.206206e-01  1.011451e-01 -1.226176e+00 1.513737e+00
 6.216216e-01  3.264032e-01 -1.205406e+00 1.559544e+00
 6.226226e-01  5.478512e-01 -1.142825e+00 1.606189e+00
 6.236236e-01  7.576467e-01 -1.039057e+00 1.653669e+00
 6.246246e-01  9.480354e-01 -8.962173e-01 1.701976e+00
 6.256256e-01  1.111635e+00 -7.178942e-01 1.751105e+00
 6.266266e-01  1.241721e+00 -5.090923e-01 1.801047e+00
 6.276276e-01  1.332500e+00 -2.761109e-01 1.851793e+00
 6.286286e-01  1.379362e+00 -2.637213e-02 1.903334e+00
 6.296296e-01  1.379104e+00  2.318020e-01 1.955659e+00
 6.306306e-01  1.330109e+00  4.894570e-01 2.008757e+00
 6.316316e-01  1.232473e+00  7.373093e-01 2.062616e+00
 6.326326e-01  1.088079e+00  9.660770e-01 2.117221e+00
 6.336336e-01  9.005980e-01  1.166826e+00 2.172559e+00
 6.346346e-01  6.754302e-01  1.331319e+00 2.228615e+00
 6.356356e-01  4.195748e-01  1.452353e+00 2.285373e+00
 6.366366e-01  1.414318e-01  1.524077e+00 2.342814e+00
 6.376376e-01 -1.494584e-01  1.542266e+00 2.400922e+00
 6.386386e-01 -4.427305e-01  1.504549e+00 2.459677e+00
 6.396396e-01 -7.275570e-01  1.410574e+00 2.519059e+00
 6.406406e-01 -9.930437e-01  1.262106e+00 2.579047e+00
 6.416416e-01 -1.228646e+00  1.063037e+00 2.639620e+00
 6.426426e-01 -1.424591e+00  8.193264e-01 2.700754e+00
 6.436436e-01 -1.572283e+00  5.388444e-01 2.762427e+00
 6.446446e-01 -1.664688e+00  2.311450e-01 2.824613e+00
 6.456456e-01 -1.696663e+00 -9.284518e-02 2.887286e+00
 6.466466e-01 -1.665236e+00 -4.212023e-01 2.950422e+00
 6.476476e-01 -1.569797e+00 -7.414370e-01 3.013991e+00
 6.486486e-01 -1.412216e+00 -1.040967e+00 3.077967e+00
 6.496496e-01 -1.196859e+00 -1.307611e+00 3.142319e+00
 6.506507e-01 -9.305047e-01 -1.530092e+00 3.207019e+00
 6.516517e-01 -6.221604e-01 -1.698515e+00 3.272036e+00
 6.526527e-01 -2.827834e-01 -1.804819e+00 3.337339e+00
 6.536537e-01  7.509291e-02 -1.843165e+00 3.402894e+00
 6.546547e-01  4.378096e-01 -1.810247e+00 3.468671e+00
 6.556557e-01  7.910971e-01 -1.705520e+00 3.534634e+00
 6.566567e-01  1.120635e+00 -1.531315e+00 3.600749e+00
 6.576577e-01  1.412638e+00 -1.292841e+00 3.666983e+00
 6.586587e-01  1.654435e+00 -9.980697e-01 3.733299e+00
 6.596597e-01  1.835035e+00 -6.575010e-01 3.799660e+00
 6.606607e-01  1.945632e+00 -2.838106e-01 3.866031e+00
 6.616617e-01  1.980045e+00  1.086037e-01 3.932375e+00
 6.626627e-01  1.935063e+00  5.041661e-01 3.998652e+00
 6.636637e-01  1.810669e+00  8.867367e-01 4.064826e+00
 6.646647e-01  1.610150e+00  1.240272e+00 4.130856e+00
 6.656657e-01  1.340056e+00  1.549502e+00 4.196706e+00
 6.666667e-01  1.010029e+00  1.800604e+00 4.262334e+00
 6.676677e-01  6.324886e-01  1.981832e+00 4.327701e+00
 6.686687e-01  2.221840e-01  2.084083e+00 4.392768e+00
 6.696697e-01 -2.043630e-01  2.101364e+00 4.457493e+00
 6.706707e-01 -6.295172e-01  2.031144e+00 4.521837e+00
 6.716717e-01 -1.035257e+00  1.874567e+00 4.585758e+00
 6.726727e-01 -1.403943e+00  1.636508e+00 4.649216e+00
 6.736737e-01 -1.719098e+00  1.325471e+00 4.712170e+00
 6.746747e-01 -1.966154e+00  9.533190e-01 4.774580e+00
 6.756757e-01 -2.133152e+00  5.348523e-01 4.836403e+00
 6.766767e-01 -2.211332e+00  8.723909e-02 4.897600e+00
 6.776777e-01 -2.195616e+00 -3.706765e-01 4.958129e+00
 6.786787e-01 -2.084927e+00 -8.191636e-01 5.017951e+00
 6.796797e-01 -1.882351e+00 -1.238457e+00 5.077024e+00
 6.806807e-01 -1.595107e+00 -1.609641e+00 5.135308e+00
 6.816817e-01 -1.234330e+00 -1.915513e+00 5.192763e+00
 6.826827e-01 -8.146810e-01 -2.141412e+00 5.249350e+00
 6.836837e-01 -3.537671e-01 -2.275935e+00 5.305029e+00
 6.846847e-01  1.285758e-01 -2.311543e+00 5.359762e+00
 6.856857e-01  6.111313e-01 -2.245001e+00 5.413510e+00
 6.866867e-01  1.072236e+00 -2.077629e+00 5.466234e+00
 6.876877e-01  1.490762e+00 -1.815358e+00 5.517899e+00
 6.886887e-01  1.847101e+00 -1.468565e+00 5.568466e+00
 6.896897e-01  2.124106e+00 -1.051700e+00 5.617899e+00
 6.906907e-01  2.307944e+00 -5.827154e-01 5.666163e+00
 6.916917e-01  2.388817e+00 -8.231162e-02 5.713223e+00
 6.926927e-01  2.361513e+00  4.269682e-01 5.759046e+00
 6.936937e-01  2.225752e+00  9.217516e-01 5.803596e+00
 6.946947e-01  1.986310e+00  1.378918e+00 5.846842e+00
 6.956957e-01  1.652909e+00  1.776695e+00 5.888753e+00
 6.966967e-01  1.239858e+00  2.095722e+00 5.929297e+00
 6.976977e-01  7.654728e-01  2.320021e+00 5.968445e+00
 6.986987e-01  2.512882e-01  2.437831e+00 6.006167e+00
 6.996997e-01 -2.789098e-01  2.442262e+00 6.042436e+00
 7.007007e-01 -8.001809e-01  2.331724e+00 6.077225e+00
 7.017017e-01 -1.287612e+00  2.110110e+00 6.110508e+00
 7.027027e-01 -1.717524e+00  1.786720e+00 6.142260e+00
 7.037037e-01 -2.068651e+00  1.375914e+00 6.172458e+00
 7.047047e-01 -2.323221e+00  8.965061e-01 6.201080e+00
 7.057057e-01 -2.467897e+00  3.709279e-01 6.228103e+00
 7.067067e-01 -2.494514e+00 -1.758053e-01 6.253509e+00
 7.077077e-01 -2.400580e+00 -7.172838e-01 6.277278e+00
 7.087087e-01 -2.189497e+00 -1.226987e+00 6.299393e+00
 7.097097e-01 -1.870504e+00 -1.679599e+00 6.319838e+00
 7.107107e-01 -1.458313e+00 -2.052297e+00 6.338597e+00
 7.117117e-01 -9.724653e-01 -2.325934e+00 6.355657e+00
 7.127127e-01 -4.364355e-01 -2.486067e+00 6.371005e+00
 7.137137e-01  1.234931e-01 -2.523763e+00 6.384631e+00
 7.147147e-01  6.795126e-01 -2.436142e+00 6.396525e+00
 7.157157e-01  1.203680e+00 -2.226619e+00 6.406678e+00
 7.167167e-01  1.669341e+00 -1.904832e+00 6.415084e+00
 7.177177e-01  2.052517e+00 -1.486240e+00 6.421737e+00
 7.187187e-01  2.333178e+00 -9.914211e-01 6.426633e+00
 7.197197e-01  2.496332e+00 -4.450812e-01 6.429770e+00
 7.207207e-01  2.532880e+00  1.251614e-01 6.431145e+00
 7.217217e-01  2.440168e+00  6.901721e-01 6.430760e+00
 7.227227e-01  2.222221e+00  1.220799e+00 6.428615e+00
 7.237237e-01  1.889615e+00  1.689399e+00 6.424713e+00
 7.247247e-01  1.459018e+00  2.071310e+00 6.419058e+00
 7.257257e-01  9.523844e-01  2.346193e+00 6.411657e+00
 7.267267e-01  3.958620e-01  2.499162e+00 6.402515e+00
 7.277277e-01 -1.815450e-01  2.521643e+00 6.391642e+00
 7.287287e-01 -7.494883e-01  2.411911e+00 6.379047e+00
 7.297297e-01 -1.277884e+00  2.175260e+00 6.364741e+00
 7.307307e-01 -1.738529e+00  1.823801e+00 6.348736e+00
 7.317317e-01 -2.106650e+00  1.375890e+00 6.331046e+00
 7.327327e-01 -2.362271e+00  8.551966e-01 6.311686e+00
 7.337337e-01 -2.491360e+00  2.894817e-01 6.290672e+00
 7.347347e-01 -2.486647e+00 -2.908758e-01 6.268022e+00
 7.357357e-01 -2.348097e+00 -8.545135e-01 6.243754e+00
 7.367367e-01 -2.082979e+00 -1.370797e+00 6.217888e+00
 7.377377e-01 -1.705537e+00 -1.811516e+00 6.190445e+00
 7.387387e-01 -1.236264e+00 -2.152464e+00 6.161447e+00
 7.397397e-01 -7.008261e-01 -2.374818e+00 6.130918e+00
 7.407407e-01 -1.286741e-01 -2.466237e+00 6.098882e+00
 7.417417e-01  4.485700e-01 -2.421601e+00 6.065365e+00
 7.427427e-01  9.988684e-01 -2.243358e+00 6.030392e+00
 7.437437e-01  1.491568e+00 -1.941447e+00 5.993992e+00
 7.447447e-01  1.899143e+00 -1.532791e+00 5.956192e+00
 7.457457e-01  2.198775e+00 -1.040390e+00 5.917023e+00
 7.467467e-01  2.373690e+00 -4.920486e-01 5.876514e+00
 7.477477e-01  2.414147e+00  8.117092e-02 5.834696e+00
 7.487487e-01  2.318051e+00  6.467147e-01 5.791602e+00
 7.497497e-01  2.091112e+00  1.172397e+00 5.747264e+00
 7.507508e-01  1.746561e+00  1.628262e+00 5.701715e+00
 7.517518e-01  1.304431e+00  1.988328e+00 5.654990e+00
 7.527528e-01  7.904200e-01  2.232120e+00 5.607124e+00
 7.537538e-01  2.344245e-01  2.345889e+00 5.558151e+00
 7.547548e-01 -3.311920e-01  2.323450e+00 5.508108e+00
 7.557558e-01 -8.734898e-01  2.166575e+00 5.457031e+00
 7.567568e-01 -1.360892e+00  1.884922e+00 5.404957e+00
 7.577578e-01 -1.765057e+00  1.495492e+00 5.351923e+00
 7.587588e-01 -2.062572e+00  1.021648e+00 5.297968e+00
 7.597598e-01 -2.236364e+00  4.917362e-01 5.243130e+00
 7.607608e-01 -2.276737e+00 -6.258540e-02 5.187446e+00
 7.617618e-01 -2.181971e+00 -6.082443e-01 5.130957e+00
 7.627628e-01 -1.958447e+00 -1.112738e+00 5.073700e+00
 7.637638e-01 -1.620275e+00 -1.546099e+00 5.015715e+00
 7.647648e-01 -1.188454e+00 -1.882716e+00 4.957041e+00
 7.657658e-01 -6.895984e-01 -2.102896e+00 4.897718e+00
 7.667668e-01 -1.543271e-01 -2.194076e+00 4.837785e+00
 7.677678e-01  3.846136e-01 -2.151593e+00 4.777281e+00
 7.687688e-01  8.943600e-01 -1.978981e+00 4.716247e+00
 7.697698e-01  1.343958e+00 -1.687750e+00 4.654722e+00
 7.707708e-01  1.706278e+00 -1.296672e+00 4.592744e+00
 7.717718e-01  1.959701e+00 -8.306178e-01 4.530353e+00
 7.727728e-01  2.089456e+00 -3.189991e-01 4.467588e+00
 7.737738e-01  2.088545e+00  2.060741e-01 4.404488e+00
 7.747748e-01  1.958166e+00  7.118116e-01 4.341092e+00
 7.757758e-01  1.707628e+00  1.166808e+00 4.277436e+00
 7.767768e-01  1.353747e+00  1.543026e+00 4.213560e+00
 7.777778e-01  9.197648e-01  1.817563e+00 4.149501e+00
 7.787788e-01  4.338530e-01  1.974099e+00 4.085296e+00
 7.797798e-01 -7.269538e-02  2.003920e+00 4.020982e+00
 7.807808e-01 -5.674818e-01  1.906452e+00 3.956594e+00
 7.817818e-01 -1.019087e+00  1.689269e+00 3.892169e+00
 7.827828e-01 -1.399094e+00  1.367581e+00 3.827741e+00
 7.837838e-01 -1.683913e+00  9.632157e-01 3.763346e+00
 7.847848e-01 -1.856295e+00  5.031744e-01 3.699017e+00
 7.857858e-01 -1.906429e+00  1.785176e-02 3.634789e+00
 7.867868e-01 -1.832539e+00 -4.609682e-01 3.570692e+00
 7.877878e-01 -1.640972e+00 -9.022034e-01 3.506761e+00
 7.887888e-01 -1.345727e+00 -1.277515e+00 3.443025e+00
 7.897898e-01 -9.674930e-01 -1.563162e+00 3.379517e+00
 7.907908e-01 -5.322363e-01 -1.741548e+00 3.316265e+00
 7.917918e-01 -6.944316e-02 -1.802353e+00 3.253300e+00
 7.927928e-01  3.898700e-01 -1.743173e+00 3.190649e+00
 7.937938e-01  8.152427e-01 -1.569624e+00 3.128341e+00
 7.947948e-01  1.178811e+00 -1.294916e+00 3.066403e+00
 7.957958e-01  1.457165e+00 -9.388984e-01 3.004860e+00
 7.967968e-01  1.632897e+00 -5.266722e-01 2.943738e+00
 7.977978e-01  1.695735e+00 -8.684501e-02 2.883061e+00
 7.987988e-01  1.643180e+00  3.504444e-01 2.822853e+00
 7.997998e-01  1.480612e+00  7.555963e-01 2.763137e+00
 8.008008e-01  1.220849e+00  1.101573e+00 2.703935e+00
 8.018018e-01  8.832029e-01  1.365731e+00 2.645267e+00
 8.028028e-01  4.920821e-01  1.531343e+00 2.587155e+00
 8.038038e-01  7.525575e-02  1.588696e+00 2.529618e+00
 8.048048e-01 -3.381069e-01  1.535694e+00 2.472673e+00
 8.058058e-01 -7.194822e-01  1.377927e+00 2.416338e+00
 8.068068e-01 -1.042977e+00  1.128197e+00 2.360631e+00
 8.078078e-01 -1.287115e+00  8.055434e-01 2.305566e+00
 8.088088e-01 -1.436297e+00  4.338330e-01 2.251159e+00
 8.098098e-01 -1.481831e+00  4.002277e-02 2.197424e+00
 8.108108e-01 -1.422470e+00 -3.477850e-01 2.144375e+00
 8.118118e-01 -1.264407e+00 -7.023516e-01 2.092024e+00
 8.128128e-01 -1.020744e+00 -9.992311e-01 2.040381e+00
 8.138138e-01 -7.104655e-01 -1.218482e+00 1.989459e+00
 8.148148e-01 -3.570032e-01 -1.346037e+00 1.939266e+00
 8.158158e-01  1.350862e-02 -1.374638e+00 1.889812e+00
 8.168168e-01  3.741553e-01 -1.304267e+00 1.841104e+00
 8.178178e-01  6.992008e-01 -1.142045e+00 1.793150e+00
 8.188188e-01  9.659398e-01 -9.016192e-01 1.745957e+00
 8.198198e-01  1.156307e+00 -6.020665e-01 1.699531e+00
 8.208208e-01  1.258131e+00 -2.664260e-01 1.653877e+00
 8.218218e-01  1.265935e+00  8.005251e-02 1.608999e+00
 8.228228e-01  1.181238e+00  4.117992e-01 1.564901e+00
 8.238238e-01  1.012334e+00  7.048154e-01 1.521585e+00
 8.248248e-01  7.735701e-01  9.384250e-01 1.479052e+00
 8.258258e-01  4.841822e-01  1.096756e+00 1.437305e+00
 8.268268e-01  1.667817e-01  1.169841e+00 1.396345e+00
 8.278278e-01 -1.543905e-01  1.154268e+00 1.356171e+00
 8.288288e-01 -4.553091e-01  1.053317e+00 1.316784e+00
 8.298298e-01 -7.139670e-01  8.766033e-01 1.278182e+00
 8.308308e-01 -9.119995e-01  6.392349e-01 1.240364e+00
 8.318318e-01 -1.036009e+00  3.605737e-01 1.203327e+00
 8.328328e-01 -1.078489e+00  6.268718e-02 1.167067e+00
 8.338338e-01 -1.038289e+00 -2.313825e-01 1.131581e+00
 8.348348e-01 -9.205801e-01 -4.993966e-01 1.096865e+00
 8.358358e-01 -7.363395e-01 -7.216079e-01 1.062914e+00
 8.368368e-01 -5.013915e-01 -8.822305e-01 1.029724e+00
 8.378378e-01 -2.350936e-01 -9.705781e-01 9.972909e-01
 8.388388e-01  4.123252e-02 -9.817881e-01 9.656081e-01
 8.398398e-01  3.059942e-01 -9.170805e-01 9.346691e-01
 8.408408e-01  5.390143e-01 -7.835370e-01 9.044666e-01
 8.418418e-01  7.230757e-01 -5.934259e-01 8.749928e-01
 8.428428e-01  8.452075e-01 -3.631310e-01 8.462398e-01
 8.438438e-01  8.976112e-01 -1.117765e-01 8.181998e-01
 8.448448e-01  8.781629e-01  1.403397e-01 7.908653e-01
 8.458458e-01  7.904552e-01  3.733753e-01 7.642286e-01
 8.468468e-01  6.433846e-01  5.695068e-01 7.382817e-01
 8.478478e-01  4.503232e-01  7.143002e-01 7.130158e-01
 8.488488e-01  2.279501e-01  7.977845e-01 6.884213e-01
 8.498498e-01 -5.160785e-03  8.151447e-01 6.644876e-01
 8.508509e-01 -2.300748e-01  7.669874e-01 6.412040e-01
 8.518519e-01 -4.290295e-01  6.591614e-01 6.185600e-01
 8.528529e-01 -5.868400e-01  5.021598e-01 5.965456e-01
 8.538539e-01 -6.920654e-01  3.101560e-01 5.751513e-01
 8.548549e-01 -7.378451e-01  9.976210e-02 5.543679e-01
 8.558559e-01 -7.223428e-01 -1.113858e-01 5.341859e-01
 8.568569e-01 -6.487693e-01 -3.060942e-01 5.145952e-01
 8.578579e-01 -5.249895e-01 -4.690100e-01 4.955844e-01
 8.588589e-01 -3.627558e-01 -5.878346e-01 4.771413e-01
 8.598599e-01 -1.766368e-01 -6.542576e-01 4.592535e-01
 8.608609e-01  1.726213e-02 -6.645383e-01 4.419092e-01
 8.618619e-01  2.026753e-01 -6.196935e-01 4.250974e-01
 8.628629e-01  3.645343e-01 -5.252837e-01 4.088082e-01
 8.638639e-01  4.901924e-01 -3.908247e-01 3.930325e-01
 8.648649e-01  5.704154e-01 -2.288818e-01 3.777606e-01
 8.658659e-01  6.000615e-01 -5.393000e-02 3.629823e-01
 8.668669e-01  5.783978e-01  1.189185e-01 3.486856e-01
 8.678679e-01  5.090364e-01  2.752085e-01 3.348578e-01
 8.688689e-01  3.995034e-01  4.023468e-01 3.214859e-01
 8.698699e-01  2.604853e-01  4.906171e-01 3.085577e-01
 8.708709e-01  1.048257e-01  5.339233e-01 2.960625e-01
 8.718719e-01 -5.363575e-02  5.302021e-01 2.839910e-01
 8.728729e-01 -2.012789e-01  4.814790e-01 2.723352e-01
 8.738739e-01 -3.258669e-01  3.935699e-01 2.610865e-01
 8.748749e-01 -4.175582e-01  2.754643e-01 2.502354e-01
 8.758759e-01 -4.696832e-01  1.384496e-01 2.397706e-01
 8.768769e-01 -4.792232e-01 -4.938616e-03 2.296793e-01
 8.778779e-01 -4.469581e-01 -1.420457e-01 2.199485e-01
 8.788789e-01 -3.772775e-01 -2.612052e-01 2.105665e-01
 8.798799e-01 -2.776814e-01 -3.527271e-01 2.015233e-01
 8.808809e-01 -1.580214e-01 -4.096836e-01 1.928114e-01
 8.818819e-01 -2.955835e-02 -4.284282e-01 1.844244e-01
 8.828829e-01  9.607798e-02 -4.088091e-01 1.763558e-01
 8.838839e-01  2.079294e-01 -3.540664e-01 1.685976e-01
 8.848849e-01  2.966589e-01 -2.704309e-01 1.611394e-01
 8.858859e-01  3.553266e-01 -1.664689e-01 1.539689e-01
 8.868869e-01  3.799273e-01 -5.223747e-02 1.470735e-01
 8.878879e-01  3.696476e-01  6.166567e-02 1.404420e-01
 8.888889e-01  3.268286e-01  1.650725e-01 1.340659e-01
 8.898899e-01  2.566448e-01  2.491444e-01 1.279395e-01
 8.908909e-01  1.665374e-01  3.071227e-01 1.220590e-01
 8.918919e-01  6.546028e-02  3.348663e-01 1.164205e-01
 8.928929e-01 -3.698696e-02  3.311337e-01 1.110176e-01
 8.938939e-01 -1.314558e-01  2.975913e-01 1.058412e-01
 8.948949e-01 -2.096932e-01  2.385547e-01 1.008796e-01
 8.958959e-01 -2.652568e-01  1.604974e-01 9.612057e-02
 8.968969e-01 -2.940391e-01  7.137592e-02 9.155351e-02
 8.978979e-01 -2.945591e-01 -2.015727e-02 8.717137e-02
 8.988989e-01 -2.680000e-01 -1.055786e-01 8.297083e-02
 8.998999e-01 -2.179990e-01 -1.772774e-01 7.895082e-02
 9.009009e-01 -1.502160e-01 -2.292273e-01 7.510998e-02
 9.019019e-01 -7.172906e-02 -2.574863e-01 7.144425e-02
 9.029029e-01  9.681326e-03 -2.604839e-01 6.794560e-02
 9.039039e-01  8.628812e-02 -2.390755e-01 6.460274e-02
 9.049049e-01  1.511410e-01 -1.963669e-01 6.140356e-02
 9.059059e-01  1.986901e-01 -1.373327e-01 5.833803e-02
 9.069069e-01  2.252538e-01 -6.827297e-02 5.540049e-02
 9.079079e-01  2.292928e-01  3.836867e-03 5.258992e-02
 9.089089e-01  2.114690e-01  7.203462e-02 4.990813e-02
 9.099099e-01  1.744932e-01  1.300335e-01 4.735661e-02
 9.109109e-01  1.227821e-01  1.727943e-01 4.493333e-02
 9.119119e-01  6.196500e-02  1.969559e-01 4.263131e-02
 9.129129e-01 -1.707089e-03  2.010883e-01 4.043942e-02
 9.139139e-01 -6.198907e-02  1.857491e-01 3.834537e-02
 9.149149e-01 -1.132444e-01  1.533463e-01 3.633938e-02
 9.159159e-01 -1.509646e-01  1.078272e-01 3.441700e-02
 9.169169e-01 -1.721587e-01  5.422934e-02 3.257944e-02
 9.179179e-01 -1.755789e-01 -1.855606e-03 3.083138e-02
 9.189189e-01 -1.617664e-01 -5.485149e-02 2.917706e-02
 9.199199e-01 -1.329207e-01 -9.974215e-02 2.761642e-02
 9.209209e-01 -9.261065e-02 -1.325389e-01 2.614329e-02
 9.219219e-01 -4.536260e-02 -1.506274e-01 2.474638e-02
 9.229229e-01  3.828464e-03 -1.529648e-01 2.341289e-02
 9.239239e-01  5.001419e-02 -1.401127e-01 2.213299e-02
 9.249249e-01  8.878143e-02 -1.141097e-01 2.090317e-02
 9.259259e-01  1.166667e-01 -7.820213e-02 1.972669e-02
 9.269269e-01  1.314581e-01 -3.646582e-02 1.861099e-02
 9.279279e-01  1.323587e-01  6.639137e-03 1.756291e-02
 9.289289e-01  1.200009e-01  4.673300e-02 1.658419e-02
 9.299299e-01  9.631604e-02  7.995279e-02 1.566923e-02
 9.309309e-01  6.427893e-02  1.033176e-01 1.480630e-02
 9.319319e-01  2.755790e-02  1.149885e-01 1.398180e-02
 9.329329e-01 -9.889723e-03  1.144016e-01 1.318554e-02
 9.339339e-01 -4.423337e-02  1.022649e-01 1.241470e-02
 9.349349e-01 -7.215314e-02  8.042589e-02 1.167440e-02
 9.359359e-01 -9.115399e-02  5.162855e-02 1.097456e-02
 9.369369e-01 -9.978084e-02  1.918930e-02 1.032445e-02
 9.379379e-01 -9.771692e-02 -1.337124e-02 9.727386e-03
 9.389389e-01 -8.576007e-02 -4.270072e-02 9.178142e-03
 9.399399e-01 -6.568518e-02 -6.595307e-02 8.664351e-03
 9.409409e-01 -4.001176e-02 -8.105836e-02 8.171398e-03
 9.419419e-01 -1.170534e-02 -8.689953e-02 7.688544e-03
 9.429429e-01  1.615328e-02 -8.338156e-02 7.213413e-03
 9.439439e-01  4.069492e-02 -7.139045e-02 6.752673e-03
 9.449449e-01  5.955083e-02 -5.265149e-02 6.318482e-03
 9.459459e-01  7.107503e-02 -2.950588e-02 5.922257e-03
 9.469469e-01  7.447959e-02 -4.633195e-03 5.568676e-03
 9.479479e-01  6.987288e-02  1.924867e-02 5.252731e-03
 9.489489e-01  5.820119e-02  3.967312e-02 4.961335e-03
 9.499499e-01  4.110446e-02  5.467380e-02 4.678801e-03
 9.509510e-01  2.070568e-02  6.296810e-02 4.393707e-03
 9.519520e-01 -6.404570e-04  6.405864e-02 4.103920e-03
 9.529530e-01 -2.061078e-02  5.824566e-02 3.817362e-03
 9.539540e-01 -3.716005e-02  4.655308e-02 3.548058e-03
 9.549550e-01 -4.872471e-02  3.058029e-02 3.309252e-03
 9.559560e-01 -5.436441e-02  1.229918e-02 3.106759e-03
 9.569570e-01 -5.382892e-02 -6.179065e-03 2.935733e-03
 9.579580e-01 -4.754698e-02 -2.284050e-02 2.782404e-03
 9.589590e-01 -3.654238e-02 -3.598244e-02 2.630082e-03
 9.599600e-01 -2.228986e-02 -4.438258e-02 2.466652e-03
 9.609610e-01 -6.529765e-03 -4.740689e-02 2.290051e-03
 9.619620e-01  8.936255e-03 -4.504733e-02 2.109119e-03
 9.629630e-01  2.244510e-02 -3.788865e-02 1.939332e-03
 9.639640e-01  3.264603e-02 -2.701145e-02 1.795382e-03
 9.649650e-01  3.863062e-02 -1.384530e-02 1.684017e-03
 9.659660e-01  4.000689e-02  9.219232e-06 1.600551e-03
 9.669670e-01  3.691242e-02  1.296827e-02 1.530703e-03
 9.679680e-01  2.996828e-02  2.364076e-02 1.456983e-03
 9.689690e-01  2.018198e-02  3.097342e-02 1.366665e-03
 9.699700e-01  8.813188e-03  3.435033e-02 1.257618e-03
 9.709710e-01 -2.780948e-03  3.363779e-02 1.139234e-03
 9.719720e-01 -1.330239e-02  2.917227e-02 1.027975e-03
 9.729730e-01 -2.165316e-02  2.169578e-02 9.395660e-04
 9.739740e-01 -2.704563e-02  1.224847e-02 8.814912e-04
 9.749750e-01 -2.907165e-02  2.033069e-03 8.492943e-04
 9.759760e-01 -2.772492e-02 -7.732029e-03 8.284552e-04
 9.769770e-01 -2.337685e-02 -1.595353e-02 8.009919e-04
 9.779780e-01 -1.671138e-02 -2.178199e-02 7.537254e-04
 9.789790e-01 -8.628440e-03 -2.469604e-02 6.843442e-04
 9.799800e-01 -1.288527e-04 -2.454397e-02 6.024230e-04
 9.809810e-01  7.805031e-03 -2.154021e-02 5.248990e-04
 9.819820e-01  1.431922e-02 -1.621927e-02 4.681050e-04
 9.829830e-01  1.877651e-02 -9.354844e-03 4.400705e-04
 9.839840e-01  2.081461e-02 -1.855180e-03 4.366898e-04
 9.849850e-01  2.036924e-02  5.351608e-03 4.435457e-04
 9.859860e-01  1.766169e-02  1.142841e-02 4.425438e-04
 9.869870e-01  1.315453e-02  1.572321e-02 4.202611e-04
 9.879880e-01  7.482646e-03  1.783611e-02 3.741169e-04
 9.889890e-01  1.368996e-03  1.765278e-02 3.134949e-04
 9.899900e-01 -4.463969e-03  1.534193e-02 2.553018e-04
 9.909910e-01 -9.376861e-03  1.131907e-02 2.160468e-04
 9.919920e-01 -1.288063e-02  6.182540e-03 2.041346e-04
 9.929930e-01 -1.468182e-02  6.308650e-04 2.159539e-04
 9.939940e-01 -1.470200e-02 -4.627653e-03 2.375641e-04
 9.949950e-01 -1.307099e-02 -8.961795e-03 2.511644e-04
 9.959960e-01 -1.009645e-02 -1.189043e-02 2.433206e-04
 9.969970e-01 -6.215178e-03 -1.313348e-02 2.111166e-04
 9.979980e-01 -1.933060e-03 -1.263568e-02 1.633972e-04
 9.989990e-01  2.238357e-03 -1.056166e-02 1.165589e-04
 1.000000e+00  5.840970e-03 -7.264138e-03 8.688464e-05
