# x psi_r psi_i psi2 
 0.000000e+00 -1.556402e-02 -9.069238e-01 8.227531e-01
 1.001001e-03  8.823723e-02 -9.735032e-01 9.554942e-01
 2.002002e-03  2.007051e-01 -9.974112e-01 1.035112e+00
 3.003003e-03  3.167903e-01 -9.807055e-01 1.062139e+00
 4.004004e-03  4.307878e-01 -9.271579e-01 1.045200e+00
 5.005005e-03  5.365958e-01 -8.419732e-01 9.968539e-01
 6.006006e-03  6.280179e-01 -7.314471e-01 9.294214e-01
 7.007007e-03  6.990927e-01 -6.025857e-01 8.518401e-01
 8.008008e-03  7.444356e-01 -4.627073e-01 7.682824e-01
 9.009009e-03  7.595745e-01 -3.190502e-01 6.787465e-01
 1.001001e-02  7.412595e-01 -1.784067e-01 5.812946e-01
 1.101101e-02  6.877278e-01 -4.680226e-02 4.751600e-01
 1.201201e-02  5.989051e-01  7.076264e-02 3.636947e-01
 1.301301e-02  4.765282e-01  1.704984e-01 2.561489e-01
 1.401401e-02  3.241758e-01  2.499310e-01 1.675554e-01
 1.501502e-02  1.471997e-01  3.079248e-01 1.164854e-01
 1.601602e-02 -4.744528e-02  3.446254e-01 1.210177e-01
 1.701702e-02 -2.514706e-01  3.613306e-01 1.937973e-01
 1.801802e-02 -4.556132e-01  3.603018e-01 3.374007e-01
 1.901902e-02 -6.500679e-01  3.445294e-01 5.412887e-01
 2.002002e-02 -8.249751e-01  3.174710e-01 7.813718e-01
 2.102102e-02 -9.709373e-01  2.827793e-01 1.022683e+00
 2.202202e-02 -1.079537e+00  2.440392e-01 1.224954e+00
 2.302302e-02 -1.143825e+00  2.045301e-01 1.350168e+00
 2.402402e-02 -1.158758e+00  1.670271e-01 1.370617e+00
 2.502503e-02 -1.121542e+00  1.336549e-01 1.275719e+00
 2.602603e-02 -1.031876e+00  1.057984e-01 1.075962e+00
 2.702703e-02 -8.920700e-01  8.407552e-02 8.028576e-01
 2.802803e-02 -7.070155e-01  6.836954e-02 5.045453e-01
 2.902903e-02 -4.840279e-01  5.791557e-02 2.376372e-01
 3.003003e-02 -2.325438e-01  5.143246e-02 5.672193e-02
 3.103103e-02  3.630382e-02  4.728759e-02 3.554084e-03
 3.203203e-02  3.102150e-01  4.368067e-02 9.814132e-02
 3.303303e-02  5.763288e-01  3.883185e-02 3.336628e-01
 3.403403e-02  8.218754e-01  3.115906e-02 6.764501e-01
 3.503504e-02  1.034837e+00  1.943177e-02 1.071266e+00
 3.603604e-02  1.204582e+00  2.889457e-03 1.451027e+00
 3.703704e-02  1.322435e+00 -1.868288e-02 1.749184e+00
 3.803804e-02  1.382151e+00 -4.492711e-02 1.912361e+00
 3.903904e-02  1.380266e+00 -7.493281e-02 1.910751e+00
 4.004004e-02  1.316302e+00 -1.073038e-01 1.744165e+00
 4.104104e-02  1.192811e+00 -1.402638e-01 1.442473e+00
 4.204204e-02  1.015267e+00 -1.717922e-01 1.060279e+00
 4.304304e-02  7.917882e-01 -1.997781e-01 6.668399e-01
 4.404404e-02  5.327326e-01 -2.221809e-01 3.331684e-01
 4.504505e-02  2.501636e-01 -2.371842e-01 1.188381e-01
 4.604605e-02 -4.276617e-02 -2.433306e-01 6.103871e-02
 4.704705e-02 -3.324873e-01 -2.396292e-01 1.679700e-01
 4.804805e-02 -6.057029e-01 -2.256263e-01 4.177833e-01
 4.904905e-02 -8.500556e-01 -2.014357e-01 7.631709e-01
 5.005005e-02 -1.054737e+00 -1.677273e-01 1.140602e+00
 5.105105e-02 -1.211006e+00 -1.256765e-01 1.482330e+00
 5.205205e-02 -1.312591e+00 -7.687967e-02 1.728805e+00
 5.305305e-02 -1.355952e+00 -2.324281e-02 1.839146e+00
 5.405405e-02 -1.340397e+00  3.314493e-02 1.797763e+00
 5.505506e-02 -1.268046e+00  9.014381e-02 1.616066e+00
 5.605606e-02 -1.143644e+00  1.456899e-01 1.329147e+00
 5.705706e-02 -9.742532e-01  1.979059e-01 9.883360e-01
 5.805806e-02 -7.688224e-01  2.451874e-01 6.512048e-01
 5.905906e-02 -5.376807e-01  2.862591e-01 3.710448e-01
 6.006006e-02 -2.919735e-01  3.201974e-01 1.877749e-01
 6.106106e-02 -4.307937e-02  3.464200e-01 1.218627e-01
 6.206206e-02  1.979629e-01  3.646451e-01 1.721554e-01
 6.306306e-02  4.209846e-01  3.748272e-01 3.177234e-01
 6.406406e-02  6.171485e-01  3.770761e-01 5.230587e-01
 6.506507e-02  7.793202e-01  3.715715e-01 7.454054e-01
 6.606607e-02  9.023320e-01  3.584811e-01 9.427118e-01
 6.706707e-02  9.831320e-01  3.378939e-01 1.080721e+00
 6.806807e-02  1.020814e+00  3.097765e-01 1.138023e+00
 6.906907e-02  1.016537e+00  2.739605e-01 1.108402e+00
 7.007007e-02  9.733366e-01  2.301625e-01 1.000359e+00
 7.107107e-02  8.958557e-01  1.780389e-01 8.342553e-01
 7.207207e-02  7.900037e-01  1.172722e-01 6.378586e-01
 7.307307e-02  6.625721e-01  4.768137e-02 4.412753e-01
 7.407407e-02  5.208293e-01 -3.065191e-02 2.722027e-01
 7.507508e-02  3.721166e-01 -1.172536e-01 1.522192e-01
 7.607608e-02  2.234686e-01 -2.111370e-01 9.451707e-02
 7.707708e-02  8.127642e-02 -3.107050e-01 1.031435e-01
 7.807808e-02 -4.899084e-02 -4.136879e-01 1.735378e-01
 7.907908e-02 -1.629942e-01 -5.171267e-01 2.939872e-01
 8.008008e-02 -2.576569e-01 -6.174110e-01 4.475834e-01
 8.108108e-02 -3.312175e-01 -7.103732e-01 6.143351e-01
 8.208208e-02 -3.832070e-01 -7.914419e-01 7.732279e-01
 8.308308e-02 -4.143563e-01 -8.558468e-01 9.041649e-01
 8.408408e-02 -4.264436e-01 -8.988678e-01 9.898174e-01
 8.508509e-02 -4.220946e-01 -9.161144e-01 1.017429e+00
 8.608609e-02 -4.045501e-01 -9.038199e-01 9.805512e-01
 8.708709e-02 -3.774152e-01 -8.591303e-01 8.805471e-01
 8.808809e-02 -3.444064e-01 -7.803699e-01 7.275930e-01
 8.908909e-02 -3.091106e-01 -6.672632e-01 5.407896e-01
 9.009009e-02 -2.747682e-01 -5.210960e-01 3.470386e-01
 9.109109e-02 -2.440920e-01 -3.448005e-01 1.784683e-01
 9.209209e-02 -2.191292e-01 -1.429545e-01 6.845362e-02
 9.309309e-02 -2.011728e-01  7.831239e-02 4.660334e-02
 9.409409e-02 -1.907232e-01  3.115046e-01 1.334104e-01
 9.509510e-02 -1.875009e-01  5.480337e-01 3.354975e-01
 9.609610e-02 -1.905065e-01  7.785681e-01 6.424610e-01
 9.709710e-02 -1.981222e-01  9.934430e-01 1.026181e+00
 9.809810e-02 -2.082476e-01  1.183110e+00 1.443117e+00
 9.909910e-02 -2.184606e-01  1.338607e+00 1.839594e+00
 1.001001e-01 -2.261929e-01  1.452014e+00 2.159507e+00
 1.011011e-01 -2.289105e-01  1.516881e+00 2.353329e+00
 1.021021e-01 -2.242893e-01  1.528601e+00 2.386928e+00
 1.031031e-01 -2.103738e-01  1.484696e+00 2.248580e+00
 1.041041e-01 -1.857146e-01  1.385014e+00 1.952754e+00
 1.051051e-01 -1.494730e-01  1.231814e+00 1.539708e+00
 1.061061e-01 -1.014922e-01  1.029736e+00 1.070657e+00
 1.071071e-01 -4.232804e-02  7.856534e-01 6.190429e-01
 1.081081e-01  2.675910e-02  5.084140e-01 2.592008e-01
 1.091091e-01  1.038511e-01  2.084794e-01 5.424870e-02
 1.101101e-01  1.864545e-01 -1.025187e-01 4.527539e-02
 1.111111e-01  2.716143e-01 -4.122863e-01 2.437543e-01
 1.121121e-01  3.560509e-01 -7.084127e-01 6.286208e-01
 1.131131e-01  4.363150e-01 -9.789298e-01 1.148674e+00
 1.141141e-01  5.089513e-01 -1.212855e+00 1.730050e+00
 1.151151e-01  5.706618e-01 -1.400695e+00 2.287602e+00
 1.161161e-01  6.184621e-01 -1.534880e+00 2.738353e+00
 1.171171e-01  6.498218e-01 -1.610114e+00 3.014736e+00
 1.181181e-01  6.627827e-01 -1.623619e+00 3.075420e+00
 1.191191e-01  6.560505e-01 -1.575264e+00 2.911858e+00
 1.201201e-01  6.290540e-01 -1.467568e+00 2.549465e+00
 1.211211e-01  5.819731e-01 -1.305586e+00 2.043248e+00
 1.221221e-01  5.157321e-01 -1.096672e+00 1.468668e+00
 1.231231e-01  4.319621e-01 -8.501353e-01 9.093214e-01
 1.241241e-01  3.329354e-01 -5.768145e-01 4.435609e-01
 1.251251e-01  2.214744e-01 -2.885711e-01 1.323242e-01
 1.261261e-01  1.008437e-01  2.254276e-03 1.017454e-02
 1.271271e-01 -2.537228e-02  2.834090e-01 8.096442e-02
 1.281281e-01 -1.533971e-01  5.432872e-01 3.186916e-01
 1.291291e-01 -2.793911e-01  7.714545e-01 6.732015e-01
 1.301301e-01 -3.995750e-01  9.591141e-01 1.079560e+00
 1.311311e-01 -5.103450e-01  1.099491e+00 1.469332e+00
 1.321321e-01 -6.083742e-01  1.188117e+00 1.781741e+00
 1.331331e-01 -6.906991e-01  1.223002e+00 1.972799e+00
 1.341341e-01 -7.547913e-01  1.204686e+00 2.020978e+00
 1.351351e-01 -7.986119e-01  1.136164e+00 1.928649e+00
 1.361361e-01 -8.206520e-01  1.022695e+00 1.719374e+00
 1.371371e-01 -8.199603e-01  8.715007e-01 1.431848e+00
 1.381381e-01 -7.961593e-01  6.913696e-01 1.111861e+00
 1.391391e-01 -7.494533e-01  4.921861e-01 8.039274e-01
 1.401401e-01 -6.806290e-01  2.844130e-01 5.441466e-01
 1.411411e-01 -5.910503e-01  7.854895e-02 3.555104e-01
 1.421421e-01 -4.826473e-01 -1.154075e-01 2.462674e-01
 1.431431e-01 -3.578992e-01 -2.884613e-01 2.113018e-01
 1.441441e-01 -2.198091e-01 -4.330634e-01 2.358600e-01
 1.451451e-01 -7.186876e-02 -5.434709e-01 3.005257e-01
 1.461461e-01  8.199023e-02 -6.160045e-01 3.861839e-01
 1.471471e-01  2.374611e-01 -6.491900e-01 4.778354e-01
 1.481481e-01  3.899457e-01 -6.437774e-01 5.665069e-01
 1.491491e-01  5.346600e-01 -6.026359e-01 6.490313e-01
 1.501502e-01  6.667606e-01 -5.305327e-01 7.260346e-01
 1.511512e-01  7.814933e-01 -4.338072e-01 7.989205e-01
 1.521522e-01  8.743600e-01 -3.199617e-01 8.668809e-01
 1.531532e-01  9.412994e-01 -1.971902e-01 9.249285e-01
 1.541542e-01  9.788746e-01 -7.387590e-02 9.636532e-01
 1.551552e-01  9.844597e-01  4.191585e-02 9.709179e-01
 1.561562e-01  9.564137e-01  1.429167e-01 9.351524e-01
 1.571572e-01  8.942320e-01  2.230801e-01 8.494155e-01
 1.581582e-01  7.986630e-01  2.779244e-01 7.151046e-01
 1.591592e-01  6.717803e-01  3.047773e-01 5.441780e-01
 1.601602e-01  5.169990e-01  3.029032e-01 3.590383e-01
 1.611612e-01  3.390311e-01  2.735101e-01 1.897499e-01
 1.621622e-01  1.437746e-01  2.196344e-01 6.891041e-02
 1.631632e-01 -6.186467e-02  1.459123e-01 2.511763e-02
 1.641642e-01 -2.702133e-01  5.825205e-02 7.640852e-02
 1.651652e-01 -4.731272e-01 -3.656975e-02 2.251867e-01
 1.661662e-01 -6.623325e-01 -1.313642e-01 4.559408e-01
 1.671672e-01 -8.297945e-01 -2.190072e-01 7.365231e-01
 1.681682e-01 -9.680991e-01 -2.929083e-01 1.023011e+00
 1.691692e-01 -1.070824e+00 -3.474402e-01 1.267378e+00
 1.701702e-01 -1.132879e+00 -3.783032e-01 1.426529e+00
 1.711712e-01 -1.150802e+00 -3.827994e-01 1.470881e+00
 1.721722e-01 -1.122976e+00 -3.600027e-01 1.390677e+00
 1.731732e-01 -1.049772e+00 -3.108108e-01 1.198624e+00
 1.741742e-01 -9.335909e-01 -2.378805e-01 9.281790e-01
 1.751752e-01 -7.788057e-01 -1.454486e-01 6.276936e-01
 1.761762e-01 -5.915989e-01 -3.905289e-02 3.515144e-01
 1.771772e-01 -3.797043e-01  7.482850e-02 1.497747e-01
 1.781782e-01 -1.520622e-01  1.891950e-01 5.891764e-02
 1.791792e-01  8.159585e-02  2.969709e-01 9.484958e-02
 1.801802e-01  3.112108e-01  3.914532e-01 2.500877e-01
 1.811812e-01  5.268846e-01  4.667304e-01 4.954446e-01
 1.821822e-01  7.193666e-01  5.180463e-01 7.858603e-01
 1.831832e-01  8.805120e-01  5.420861e-01 1.069159e+00
 1.841842e-01  1.003684e+00  5.371672e-01 1.295931e+00
 1.851852e-01  1.084083e+00  5.033249e-01 1.428572e+00
 1.861862e-01  1.118971e+00  4.422895e-01 1.447716e+00
 1.871872e-01  1.107797e+00  3.573580e-01 1.354919e+00
 1.881882e-01  1.052198e+00  2.531715e-01 1.171217e+00
 1.891892e-01  9.558836e-01  1.354152e-01 9.320507e-01
 1.901902e-01  8.244125e-01  1.046055e-02 6.797655e-01
 1.911912e-01  6.648687e-01 -1.150238e-01 4.552809e-01
 1.921922e-01  4.854585e-01 -2.344692e-01 2.906458e-01
 1.931932e-01  2.950523e-01 -3.417845e-01 2.038726e-01
 1.941942e-01  1.026971e-01 -4.316935e-01 1.969060e-01
 1.951952e-01 -8.287212e-02 -5.000098e-01 2.568776e-01
 1.961962e-01 -2.536923e-01 -5.438368e-01 3.601182e-01
 1.971972e-01 -4.029788e-01 -5.616812e-01 4.778777e-01
 1.981982e-01 -5.254539e-01 -5.534794e-01 5.824413e-01
 1.991992e-01 -6.175793e-01 -5.205359e-01 6.523618e-01
 2.002002e-01 -6.776798e-01 -4.653851e-01 6.758332e-01
 2.012012e-01 -7.059531e-01 -3.915872e-01 6.517104e-01
 2.022022e-01 -7.043665e-01 -3.034749e-01 5.882292e-01
 2.032032e-01 -6.764478e-01 -2.058700e-01 4.999641e-01
 2.042042e-01 -6.269875e-01 -1.037888e-01 4.038854e-01
 2.052052e-01 -5.616688e-01 -2.154981e-03 3.154764e-01
 2.062062e-01 -4.866530e-01  9.446120e-02 2.457541e-01
 2.072072e-01 -4.081455e-01  1.820655e-01 1.997306e-01
 2.082082e-01 -3.319697e-01  2.574111e-01 1.764644e-01
 2.092092e-01 -2.631785e-01  3.181130e-01 1.704588e-01
 2.102102e-01 -2.057254e-01  3.627027e-01 1.738762e-01
 2.112112e-01 -1.622173e-01  3.906258e-01 1.789029e-01
 2.122122e-01 -1.337646e-01  4.021857e-01 1.796463e-01
 2.132132e-01 -1.199371e-01  3.984439e-01 1.731425e-01
 2.142142e-01 -1.188282e-01  3.810860e-01 1.593467e-01
 2.152152e-01 -1.272231e-01  3.522658e-01 1.402769e-01
 2.162162e-01 -1.408601e-01  3.144384e-01 1.187131e-01
 2.172172e-01 -1.547668e-01  2.701959e-01 9.695857e-02
 2.182182e-01 -1.636500e-01  2.221130e-01 7.611551e-02
 2.192192e-01 -1.623139e-01  1.726134e-01 5.614117e-02
 2.202202e-01 -1.460788e-01  1.238602e-01 3.668036e-02
 2.212212e-01 -1.111730e-01  7.767685e-02 1.839313e-02
 2.222222e-01 -5.507177e-02  3.549700e-02 4.292936e-03
 2.232232e-01  2.323930e-02 -1.656284e-03 5.428081e-04
 2.242242e-01  1.230947e-01 -3.316534e-02 1.625223e-02
 2.252252e-01  2.420860e-01 -5.879081e-02 6.206200e-02
 2.262262e-01  3.761118e-01 -7.862808e-02 1.476425e-01
 2.272272e-01  5.195387e-01 -9.305201e-02 2.785792e-01
 2.282282e-01  6.654669e-01 -1.026559e-01 4.533844e-01
 2.292292e-01  8.060859e-01 -1.081884e-01 6.614792e-01
 2.302302e-01  9.331001e-01 -1.104939e-01 8.828847e-01
 2.312312e-01  1.038202e+00 -1.104562e-01 1.090064e+00
 2.322322e-01  1.113562e+00 -1.089513e-01 1.251892e+00
 2.332332e-01  1.152316e+00 -1.068065e-01 1.339239e+00
 2.342342e-01  1.149002e+00 -1.047676e-01 1.331181e+00
 2.352352e-01  1.099951e+00 -1.034737e-01 1.220599e+00
 2.362362e-01  1.003576e+00 -1.034382e-01 1.017865e+00
 2.372372e-01  8.605644e-01 -1.050346e-01 7.516034e-01
 2.382382e-01  6.739483e-01 -1.084875e-01 4.659759e-01
 2.392392e-01  4.490546e-01 -1.138666e-01 2.146157e-01
 2.402402e-01  1.933293e-01 -1.210845e-01 5.203768e-02
 2.412412e-01 -8.395315e-02 -1.298981e-01 2.392164e-02
 2.422422e-01 -3.720827e-01 -1.399135e-01 1.580213e-01
 2.432432e-01 -6.593901e-01 -1.505963e-01 4.574746e-01
 2.442442e-01 -9.337830e-01 -1.612865e-01 8.979640e-01
 2.452452e-01 -1.183314e+00 -1.712194e-01 1.429549e+00
 2.462462e-01 -1.396755e+00 -1.795529e-01 1.983165e+00
 2.472472e-01 -1.564144e+00 -1.854009e-01 2.480919e+00
 2.482482e-01 -1.677279e+00 -1.878718e-01 2.848559e+00
 2.492492e-01 -1.730139e+00 -1.861112e-01 3.028018e+00
 2.502503e-01 -1.719203e+00 -1.793478e-01 2.987824e+00
 2.512513e-01 -1.643650e+00 -1.669384e-01 2.729455e+00
 2.522523e-01 -1.505443e+00 -1.484119e-01 2.288384e+00
 2.532533e-01 -1.309269e+00 -1.235078e-01 1.729439e+00
 2.542543e-01 -1.062366e+00 -9.220765e-02 1.137125e+00
 2.552553e-01 -7.742187e-01 -5.475736e-02 6.024130e-01
 2.562563e-01 -4.561490e-01 -1.167807e-02 2.082083e-01
 2.572573e-01 -1.208255e-01  3.623501e-02 1.591179e-02
 2.582583e-01  2.182974e-01  8.792600e-02 5.538474e-02
 2.592593e-01  5.475758e-01  1.421040e-01 3.200328e-01
 2.602603e-01  8.537826e-01  1.972793e-01 7.678638e-01
 2.612613e-01  1.124696e+00  2.518089e-01 1.328348e+00
 2.622623e-01  1.349640e+00  3.039489e-01 1.913912e+00
 2.632633e-01  1.519957e+00  3.519110e-01 2.434110e+00
 2.642643e-01  1.629383e+00  3.939219e-01 2.810064e+00
 2.652653e-01  1.674315e+00  4.282812e-01 2.986756e+00
 2.662663e-01  1.653952e+00  4.534182e-01 2.941144e+00
 2.672673e-01  1.570307e+00  4.679445e-01 2.684835e+00
 2.682683e-01  1.428091e+00  4.707012e-01 2.261003e+00
 2.692693e-01  1.234470e+00  4.608016e-01 1.736254e+00
 2.702703e-01  9.987101e-01  4.376680e-01 1.188975e+00
 2.712713e-01  7.317272e-01  4.010628e-01 6.962761e-01
 2.722723e-01  4.455641e-01  3.511140e-01 3.218084e-01
 2.732733e-01  1.528193e-01  2.883364e-01 1.064916e-01
 2.742743e-01 -1.339441e-01  2.136459e-01 6.358558e-02
 2.752753e-01 -4.027796e-01  1.283684e-01 1.787098e-01
 2.762763e-01 -6.429017e-01  3.424084e-02 4.144950e-01
 2.772773e-01 -8.451656e-01 -6.659692e-02 7.187401e-01
 2.782783e-01 -1.002459e+00 -1.716217e-01 1.034378e+00
 2.792793e-01 -1.109987e+00 -2.779601e-01 1.309333e+00
 2.802803e-01 -1.165438e+00 -3.824382e-01 1.504504e+00
 2.812813e-01 -1.169018e+00 -4.816492e-01 1.598590e+00
 2.822823e-01 -1.123366e+00 -5.720405e-01 1.589181e+00
 2.832833e-01 -1.033335e+00 -6.500215e-01 1.490309e+00
 2.842843e-01 -9.056757e-01 -7.120891e-01 1.327319e+00
 2.852853e-01 -7.486240e-01 -7.549704e-01 1.130418e+00
 2.862863e-01 -5.714219e-01 -7.757767e-01 9.283525e-01
 2.872873e-01 -3.838001e-01 -7.721628e-01 7.435379e-01
 2.882883e-01 -1.954495e-01 -7.424845e-01 5.894837e-01
 2.892893e-01 -1.551040e-02 -6.859444e-01 4.707603e-01
 2.902903e-01  1.478900e-01 -6.027168e-01 3.851390e-01
 2.912913e-01  2.880294e-01 -4.940413e-01 3.270377e-01
 2.922923e-01  3.998880e-01 -3.622753e-01 2.911539e-01
 2.932933e-01  4.803391e-01 -2.108986e-01 2.752038e-01
 2.942943e-01  5.282221e-01 -4.446146e-02 2.809954e-01
 2.952953e-01  5.442986e-01  1.315248e-01 3.135598e-01
 2.962963e-01  5.310949e-01  3.107565e-01 3.786313e-01
 2.972973e-01  4.926451e-01  4.863622e-01 4.792474e-01
 2.982983e-01  4.341531e-01  6.511754e-01 6.125183e-01
 2.992993e-01  3.615961e-01  7.980450e-01 7.676275e-01
 3.003003e-01  2.812965e-01  9.201699e-01 9.258404e-01
 3.013013e-01  1.994908e-01  1.011441e+00 1.062809e+00
 3.023023e-01  1.219228e-01  1.066771e+00 1.152866e+00
 3.033033e-01  5.348763e-02  1.082396e+00 1.174443e+00
 3.043043e-01 -2.052464e-03  1.056127e+00 1.115409e+00
 3.053053e-01 -4.226177e-02  9.875363e-01 9.770141e-01
 3.063063e-01 -6.612553e-02  8.780615e-01 7.753646e-01
 3.073073e-01 -7.404012e-02  7.310246e-01 5.398788e-01
 3.083083e-01 -6.770309e-02  5.515499e-01 3.087910e-01
 3.093093e-01 -4.991289e-02  3.463889e-01 1.224766e-01
 3.103103e-01 -2.429517e-02  1.236521e-01 1.588011e-02
 3.113113e-01  5.023764e-03 -1.075373e-01 1.158950e-02
 3.123123e-01  3.377109e-02 -3.374559e-01 1.150170e-01
 3.133133e-01  5.788361e-02 -5.562355e-01 3.127484e-01
 3.143143e-01  7.383935e-02 -7.543396e-01 5.744805e-01
 3.153153e-01  7.894127e-02 -9.230352e-01 8.582257e-01
 3.163163e-01  7.153235e-02 -1.054834e+00 1.117791e+00
 3.173173e-01  5.112779e-02 -1.143876e+00 1.311066e+00
 3.183183e-01  1.845457e-02 -1.186240e+00 1.407506e+00
 3.193193e-01 -2.460261e-02 -1.180151e+00 1.393362e+00
 3.203203e-01 -7.514534e-02 -1.126084e+00 1.273712e+00
 3.213213e-01 -1.294832e-01 -1.026746e+00 1.070973e+00
 3.223223e-01 -1.834170e-01 -8.869433e-01 8.203102e-01
 3.233233e-01 -2.325625e-01 -7.133394e-01 5.629384e-01
 3.243243e-01 -2.726893e-01 -5.141091e-01 3.386676e-01
 3.253253e-01 -3.000522e-01 -2.985164e-01 1.791434e-01
 3.263263e-01 -3.116887e-01 -7.643476e-02 1.029921e-01
 3.273273e-01 -3.056614e-01  1.421633e-01 1.136393e-01
 3.283283e-01 -2.812295e-01  3.477176e-01 1.999975e-01
 3.293293e-01 -2.389331e-01  5.315643e-01 3.396496e-01
 3.303303e-01 -1.805882e-01  6.863659e-01 5.037102e-01
 3.313313e-01 -1.091897e-01  8.064613e-01 6.623023e-01
 3.323323e-01 -2.873016e-02  8.881189e-01 7.895806e-01
 3.333333e-01  5.605356e-02  9.296769e-01 8.674411e-01
 3.343343e-01  1.399877e-01  9.315652e-01 8.874103e-01
 3.353353e-01  2.178030e-01  8.962091e-01 8.506289e-01
 3.363363e-01  2.844853e-01  8.278203e-01 7.662183e-01
 3.373373e-01  3.356134e-01  7.320916e-01 6.485945e-01
 3.383383e-01  3.676592e-01  6.158130e-01 5.143989e-01
 3.393393e-01  3.782327e-01  4.864339e-01 3.796779e-01
 3.403403e-01  3.662535e-01  3.515994e-01 2.577638e-01
 3.413413e-01  3.320388e-01  2.186884e-01 1.580743e-01
 3.423423e-01  2.773028e-01  9.438147e-02 8.580470e-02
 3.433433e-01  2.050675e-01 -1.571339e-02 4.229957e-02
 3.443443e-01  1.194903e-01 -1.073580e-01 2.580366e-02
 3.453453e-01  2.562197e-02 -1.778839e-01 3.229917e-02
 3.463463e-01 -7.089219e-02 -2.262870e-01 5.623149e-02
 3.473473e-01 -1.641466e-01 -2.532094e-01 9.105912e-02
 3.483483e-01 -2.483260e-01 -2.608157e-01 1.296906e-01
 3.493493e-01 -3.180505e-01 -2.525684e-01 1.649469e-01
 3.503504e-01 -3.686948e-01 -2.329239e-01 1.901894e-01
 3.513514e-01 -3.966626e-01 -2.069648e-01 2.001757e-01
 3.523524e-01 -3.996025e-01 -1.799981e-01 1.920815e-01
 3.533534e-01 -3.765519e-01 -1.571424e-01 1.664851e-01
 3.543544e-01 -3.280037e-01 -1.429342e-01 1.280166e-01
 3.553554e-01 -2.558923e-01 -1.409776e-01 8.535557e-02
 3.563564e-01 -1.635023e-01 -1.536615e-01 5.034485e-02
 3.573574e-01 -5.530408e-02 -1.819622e-01 3.616880e-02
 3.583584e-01  6.327040e-02 -2.253451e-01 5.478355e-02
 3.593594e-01  1.861023e-01 -2.817705e-01 1.140287e-01
 3.603604e-01  3.066932e-01 -3.478062e-01 2.150298e-01
 3.613614e-01  4.184907e-01 -4.188358e-01 3.505579e-01
 3.623624e-01  5.152152e-01 -4.893542e-01 5.049143e-01
 3.633634e-01  5.911726e-01 -5.533270e-01 6.556558e-01
 3.643644e-01  6.415372e-01 -6.045950e-01 7.771050e-01
 3.653654e-01  6.625949e-01 -6.372948e-01 8.451767e-01
 3.663664e-01  6.519326e-01 -6.462727e-01 8.426845e-01
 3.673674e-01  6.085702e-01 -6.274610e-01 7.640650e-01
 3.683684e-01  5.330272e-01 -5.781974e-01 6.184302e-01
 3.693694e-01  4.273237e-01 -4.974644e-01 4.300764e-01
 3.703704e-01  2.949158e-01 -3.860337e-01 2.359974e-01
 3.713714e-01  1.405689e-01 -2.465064e-01 8.052501e-02
 3.723724e-01 -2.982625e-02 -8.324506e-02 7.819346e-03
 3.733734e-01 -2.094857e-01  9.779923e-02 5.344897e-02
 3.743744e-01 -3.910059e-01  2.893557e-01 2.366123e-01
 3.753754e-01 -5.666647e-01  4.831845e-01 5.545761e-01
 3.763764e-01 -7.287421e-01  6.704882e-01 9.806193e-01
 3.773774e-01 -8.698445e-01  8.423639e-01 1.466206e+00
 3.783784e-01 -9.832232e-01  9.902683e-01 1.947359e+00
 3.793794e-01 -1.063072e+00  1.106472e+00 2.354403e+00
 3.803804e-01 -1.104793e+00  1.184480e+00 2.623560e+00
 3.813814e-01 -1.105220e+00  1.219386e+00 2.708414e+00
 3.823824e-01 -1.062788e+00  1.208161e+00 2.589171e+00
 3.833834e-01 -9.776391e-01  1.149838e+00 2.277906e+00
 3.843844e-01 -8.516675e-01  1.045599e+00 1.818614e+00
 3.853854e-01 -6.884843e-01  8.987544e-01 1.281770e+00
 3.863864e-01 -4.933165e-01  7.146178e-01 7.540398e-01
 3.873874e-01 -2.728324e-01  5.002783e-01 3.247159e-01
 3.883884e-01 -3.490373e-02  2.642871e-01 7.106596e-02
 3.893894e-01  2.116916e-01  1.627194e-02 4.507811e-02
 3.903904e-01  4.576109e-01 -2.335024e-01 2.639311e-01
 3.913914e-01  6.933226e-01 -4.746042e-01 7.059455e-01
 3.923924e-01  9.094982e-01 -6.969147e-01 1.312877e+00
 3.933934e-01  1.097406e+00 -8.910932e-01 1.998346e+00
 3.943944e-01  1.249285e+00 -1.049007e+00 2.661129e+00
 3.953954e-01  1.358689e+00 -1.164106e+00 3.201180e+00
 3.963964e-01  1.420776e+00 -1.231723e+00 3.535745e+00
 3.973974e-01  1.432533e+00 -1.249284e+00 3.612860e+00
 3.983984e-01  1.392925e+00 -1.216432e+00 3.419947e+00
 3.993994e-01  1.302962e+00 -1.135037e+00 2.986021e+00
 4.004004e-01  1.165669e+00 -1.009114e+00 2.377094e+00
 4.014014e-01  9.859730e-01 -8.446296e-01 1.685542e+00
 4.024024e-01  7.705059e-01 -6.492353e-01 1.015186e+00
 4.034034e-01  5.273264e-01 -4.319081e-01 4.646177e-01
 4.044044e-01  2.655813e-01 -2.025379e-01 1.115550e-01
 4.054054e-01 -4.881043e-03  2.853150e-02 8.378712e-04
 4.064064e-01 -2.739282e-01  2.509816e-01 1.380284e-01
 4.074074e-01 -5.315692e-01  4.550002e-01 4.895909e-01
 4.084084e-01 -7.683716e-01  6.317377e-01 9.894875e-01
 4.094094e-01 -9.758463e-01  7.737219e-01 1.550921e+00
 4.104104e-01 -1.146786e+00  8.752057e-01 2.081104e+00
 4.114114e-01 -1.275541e+00  9.324368e-01 2.496442e+00
 4.124124e-01 -1.358213e+00  9.438288e-01 2.735556e+00
 4.134134e-01 -1.392779e+00  9.100309e-01 2.767991e+00
 4.144144e-01 -1.379116e+00  8.338861e-01 2.597327e+00
 4.154154e-01 -1.318943e+00  7.202824e-01 2.258418e+00
 4.164164e-01 -1.215692e+00  5.758995e-01 1.809568e+00
 4.174174e-01 -1.074297e+00  4.088670e-01 1.321286e+00
 4.184184e-01 -9.009315e-01  2.283443e-01 8.638187e-01
 4.194194e-01 -7.027047e-01  4.404862e-02 4.957342e-01
 4.204204e-01 -4.873301e-01 -1.342505e-01 2.555138e-01
 4.214214e-01 -2.627865e-01 -2.972396e-01 1.574081e-01
 4.224224e-01 -3.699067e-02 -4.365502e-01 1.919444e-01
 4.234234e-01  1.825084e-01 -5.451977e-01 3.305498e-01
 4.244244e-01  3.887936e-01 -6.179503e-01 5.330231e-01
 4.254254e-01  5.757995e-01 -6.516037e-01 7.561325e-01
 4.264264e-01  7.384727e-01 -6.451473e-01 9.615569e-01
 4.274274e-01  8.728778e-01 -5.998104e-01 1.121688e+00
 4.284284e-01  9.762416e-01 -5.189865e-01 1.222395e+00
 4.294294e-01  1.046948e+00 -4.080349e-01 1.262592e+00
 4.304304e-01  1.084478e+00 -2.739740e-01 1.251154e+00
 4.314314e-01  1.089323e+00 -1.250783e-01 1.202269e+00
 4.324324e-01  1.062855e+00  2.959483e-02 1.130537e+00
 4.334334e-01  1.007196e+00  1.807263e-01 1.047106e+00
 4.344344e-01  9.250676e-01  3.192702e-01 9.576835e-01
 4.354354e-01  8.196533e-01  4.369754e-01 8.627790e-01
 4.364364e-01  6.944685e-01  5.268611e-01 7.598691e-01
 4.374374e-01  5.532521e-01  5.836194e-01 6.466995e-01
 4.384384e-01  3.998737e-01  6.039191e-01 5.246173e-01
 4.394394e-01  2.382699e-01  5.865957e-01 4.008671e-01
 4.404404e-01  7.239286e-02  5.327111e-01 2.890218e-01
 4.414414e-01 -9.381711e-02  4.454845e-01 2.072581e-01
 4.424424e-01 -2.564574e-01  3.300933e-01 1.747320e-01
 4.434434e-01 -4.116770e-01  1.933597e-01 2.068659e-01
 4.444444e-01 -5.557038e-01  4.333911e-02 3.106850e-01
 4.454454e-01 -6.848728e-01 -1.111629e-01 4.814079e-01
 4.464464e-01 -7.956813e-01 -2.611175e-01 7.012910e-01
 4.474474e-01 -8.848524e-01 -3.978095e-01 9.412163e-01
 4.484484e-01 -9.494322e-01 -5.133533e-01 1.164953e+00
 4.494494e-01 -9.868925e-01 -6.011547e-01 1.335344e+00
 4.504505e-01 -9.952630e-01 -6.562931e-01 1.421269e+00
 4.514515e-01 -9.732566e-01 -6.757978e-01 1.403931e+00
 4.524525e-01 -9.204088e-01 -6.588053e-01 1.281177e+00
 4.534535e-01 -8.371884e-01 -6.065860e-01 1.068831e+00
 4.544545e-01 -7.251014e-01 -5.224423e-01 7.987180e-01
 4.554555e-01 -5.867410e-01 -4.114828e-01 5.135830e-01
 4.564565e-01 -4.258117e-01 -2.802901e-01 2.598782e-01
 4.574575e-01 -2.470779e-01 -1.365018e-01 7.968022e-02
 4.584585e-01 -5.627527e-02  1.166584e-02 3.302997e-03
 4.594595e-01  1.400628e-01  1.559245e-01 4.393005e-02
 4.604605e-01  3.348111e-01  2.884149e-01 1.952816e-01
 4.614615e-01  5.205391e-01  4.021746e-01 4.327054e-01
 4.624625e-01  6.898070e-01  4.915406e-01 7.174459e-01
 4.634635e-01  8.355223e-01  5.524647e-01 1.003315e+00
 4.644645e-01  9.512669e-01  5.827210e-01 1.244473e+00
 4.654655e-01  1.031656e+00  5.819962e-01 1.403033e+00
 4.664665e-01  1.072617e+00  5.518556e-01 1.455052e+00
 4.674675e-01  1.071676e+00  4.955930e-01 1.394103e+00
 4.684685e-01  1.028109e+00  4.179722e-01 1.231710e+00
 4.694695e-01  9.430845e-01  3.248801e-01 9.949555e-01
 4.704705e-01  8.196330e-01  2.229159e-01 7.214897e-01
 4.714715e-01  6.626102e-01  1.189406e-01 4.531992e-01
 4.724725e-01  4.784616e-01  1.962217e-02 2.293105e-01
 4.734735e-01  2.750118e-01 -6.900207e-02 8.039280e-02
 4.744745e-01  6.104578e-02 -1.419077e-01 2.386439e-02
 4.754755e-01 -1.540167e-01 -1.953983e-01 6.190164e-02
 4.764765e-01 -3.606692e-01 -2.273179e-01 1.817557e-01
 4.774775e-01 -5.496587e-01 -2.371694e-01 3.583740e-01
 4.784785e-01 -7.125919e-01 -2.261032e-01 5.589098e-01
 4.794795e-01 -8.421559e-01 -1.968193e-01 7.479645e-01
 4.804805e-01 -9.327398e-01 -1.533310e-01 8.935139e-01
 4.814815e-01 -9.803529e-01 -1.006925e-01 9.712308e-01
 4.824825e-01 -9.833499e-01 -4.458017e-02 9.689645e-01
 4.834835e-01 -9.416391e-01  9.037159e-03 8.867658e-01
 4.844845e-01 -8.583831e-01  5.450057e-02 7.397919e-01
 4.854855e-01 -7.331245e-01  8.613827e-02 5.448913e-01
 4.864865e-01 -5.446164e-01  9.651920e-02 3.059229e-01
 4.874875e-01 -3.058353e-01  8.277645e-02 1.003872e-01
 4.884885e-01 -4.055547e-02  4.608473e-02 3.768548e-03
 4.894895e-01  2.263574e-01 -8.965964e-03 5.131804e-02
 4.904905e-01  4.695378e-01 -7.476223e-02 2.260552e-01
 4.914915e-01  6.664164e-01 -1.416674e-01 4.641805e-01
 4.924925e-01  7.987948e-01 -1.992043e-01 6.777554e-01
 4.934935e-01  8.548743e-01 -2.374372e-01 7.871865e-01
 4.944945e-01  8.300504e-01 -2.483031e-01 7.506382e-01
 4.954955e-01  7.274489e-01 -2.267683e-01 5.806058e-01
 4.964965e-01  5.574059e-01 -1.716566e-01 3.401673e-01
 4.974975e-01  3.365182e-01 -8.602296e-02 1.206444e-01
 4.984985e-01  8.593490e-02  2.294875e-02 7.911453e-03
 4.994995e-01 -1.706144e-01  1.445824e-01 5.001334e-02
 5.005005e-01 -4.091060e-01  2.657531e-01 2.379925e-01
 5.015015e-01 -6.074338e-01  3.723164e-01 5.075954e-01
 5.025025e-01 -7.474517e-01  4.506678e-01 7.617854e-01
 5.035035e-01 -8.166054e-01  4.893819e-01 9.063390e-01
 5.045045e-01 -8.090150e-01  4.806014e-01 8.854830e-01
 5.055055e-01 -7.259643e-01  4.211839e-01 7.044200e-01
 5.065065e-01 -5.756618e-01  3.132627e-01 4.295200e-01
 5.075075e-01 -3.724708e-01  1.643877e-01 1.657578e-01
 5.085085e-01 -1.354513e-01 -1.308701e-02 1.851831e-02
 5.095095e-01  1.133163e-01 -2.029554e-01 5.403147e-02
 5.105105e-01  3.509157e-01 -3.868269e-01 2.727769e-01
 5.115115e-01  5.554764e-01 -5.457568e-01 6.064046e-01
 5.125125e-01  7.084351e-01 -6.624580e-01 9.407309e-01
 5.135135e-01  7.957458e-01 -7.227705e-01 1.155609e+00
 5.145145e-01  8.098408e-01 -7.178852e-01 1.171201e+00
 5.155155e-01  7.488280e-01 -6.442296e-01 9.757752e-01
 5.165165e-01  6.223192e-01 -5.087988e-01 6.461574e-01
 5.175175e-01  4.649788e-01 -3.401850e-01 3.319311e-01
 5.185185e-01  2.878444e-01 -1.473254e-01 1.045592e-01
 5.195195e-01  9.727044e-02  6.406694e-02 1.356611e-02
 5.205205e-01 -9.884201e-02  2.861893e-01 9.167405e-02
 5.215215e-01 -2.929064e-01  5.108236e-01 3.467349e-01
 5.225225e-01 -4.771469e-01  7.290293e-01 7.591529e-01
 5.235235e-01 -6.443512e-01  9.319533e-01 1.283725e+00
 5.245245e-01 -7.878101e-01  1.110958e+00 1.854873e+00
 5.255255e-01 -9.017839e-01  1.258219e+00 2.396328e+00
 5.265265e-01 -9.815364e-01  1.366932e+00 2.831917e+00
 5.275275e-01 -1.023639e+00  1.431758e+00 3.097768e+00
 5.285285e-01 -1.025996e+00  1.448974e+00 3.152193e+00
 5.295295e-01 -9.880116e-01  1.416741e+00 2.983323e+00
 5.305305e-01 -9.105569e-01  1.335139e+00 2.611710e+00
 5.315315e-01 -7.960140e-01  1.206238e+00 2.088648e+00
 5.325325e-01 -6.481571e-01  1.033988e+00 1.489238e+00
 5.335335e-01 -4.720778e-01  8.241128e-01 9.020194e-01
 5.345345e-01 -2.739789e-01  5.838546e-01 4.159506e-01
 5.355355e-01 -6.099504e-02  3.217220e-01 1.072254e-01
 5.365365e-01  1.590894e-01  4.712810e-02 2.753048e-02
 5.375375e-01  3.780972e-01 -2.299558e-01 1.958371e-01
 5.385385e-01  5.877867e-01 -4.994167e-01 5.949102e-01
 5.395395e-01  7.801466e-01 -7.513787e-01 1.173199e+00
 5.405405e-01  9.477277e-01 -9.766122e-01 1.851959e+00
 5.415415e-01  1.083926e+00 -1.166882e+00 2.536508e+00
 5.425425e-01  1.183266e+00 -1.315289e+00 3.130104e+00
 5.435435e-01  1.241623e+00 -1.416533e+00 3.548193e+00
 5.445445e-01  1.256411e+00 -1.467133e+00 3.731048e+00
 5.455455e-01  1.226691e+00 -1.465565e+00 3.652651e+00
 5.465465e-01  1.153237e+00 -1.412328e+00 3.324628e+00
 5.475475e-01  1.038505e+00 -1.309929e+00 2.794406e+00
 5.485485e-01  8.865510e-01 -1.162786e+00 2.138044e+00
 5.495495e-01  7.028680e-01 -9.770533e-01 1.448657e+00
 5.505506e-01  4.941700e-01 -7.603801e-01 8.223819e-01
 5.515516e-01  2.681122e-01 -5.215940e-01 3.439445e-01
 5.525526e-01  3.298449e-02 -2.703472e-01 7.417557e-02
 5.535536e-01 -2.026359e-01 -1.670932e-02 4.134051e-02
 5.545546e-01 -4.302289e-01  2.292471e-01 2.376512e-01
 5.555556e-01 -6.416823e-01  4.578801e-01 6.214104e-01
 5.565566e-01 -8.296105e-01  6.603844e-01 1.124361e+00
 5.575576e-01 -9.876463e-01  8.291780e-01 1.662981e+00
 5.585586e-01 -1.110674e+00  9.582270e-01 2.151797e+00
 5.595596e-01 -1.195014e+00  1.043315e+00 2.516564e+00
 5.605606e-01 -1.238526e+00  1.082222e+00 2.705149e+00
 5.615616e-01 -1.240658e+00  1.074823e+00 2.694476e+00
 5.625626e-01 -1.202414e+00  1.023079e+00 2.492490e+00
 5.635636e-01 -1.126258e+00  9.309416e-01 2.135110e+00
 5.645646e-01 -1.015960e+00  8.041458e-01 1.678826e+00
 5.655656e-01 -8.763893e-01  6.499293e-01 1.190466e+00
 5.665666e-01 -7.132708e-01  4.766654e-01 7.359651e-01
 5.675676e-01 -5.329198e-01  2.934440e-01 3.701129e-01
 5.685686e-01 -3.419610e-01  1.096090e-01 1.289514e-01
 5.695696e-01 -1.470566e-01 -6.571392e-02 2.594396e-02
 5.705706e-01  4.535292e-02 -2.240850e-01 5.227098e-02
 5.715716e-01  2.292755e-01 -3.581782e-01 1.808589e-01
 5.725726e-01  3.993608e-01 -4.621561e-01 3.730773e-01
 5.735736e-01  5.510456e-01 -5.319604e-01 5.866330e-01
 5.745746e-01  6.806547e-01 -5.655114e-01 7.830940e-01
 5.755756e-01  7.854514e-01 -5.627949e-01 9.336721e-01
 5.765766e-01  8.636447e-01 -5.258396e-01 1.022389e+00
 5.775776e-01  9.143530e-01 -4.585759e-01 1.046333e+00
 5.785786e-01  9.375379e-01 -3.665938e-01 1.013368e+00
 5.795796e-01  9.339092e-01 -2.568009e-01 9.381332e-01
 5.805806e-01  9.048181e-01 -1.370117e-01 8.374680e-01
 5.815816e-01  8.521406e-01 -1.548016e-02 7.263832e-01
 5.825826e-01  7.781668e-01  9.958806e-02 6.154614e-01
 5.835836e-01  6.854976e-01  2.005237e-01 5.101168e-01
 5.845846e-01  5.769587e-01  2.806461e-01 4.116436e-01
 5.855856e-01  4.555316e-01  3.346601e-01 3.195064e-01
 5.865866e-01  3.243069e-01  3.589668e-01 2.340322e-01
 5.875876e-01  1.864532e-01  3.518772e-01 1.585824e-01
 5.885886e-01  4.520271e-02  3.137076e-01 1.004558e-01
 5.895896e-01 -9.615578e-02  2.467592e-01 7.013606e-02
 5.905906e-01 -2.342800e-01  1.551750e-01 7.896640e-02
 5.915916e-01 -3.657838e-01  4.468993e-02 1.357950e-01
 5.925926e-01 -4.872579e-01 -7.771806e-02 2.434604e-01
 5.935936e-01 -5.953094e-01 -2.042477e-01 3.961104e-01
 5.945946e-01 -6.866236e-01 -3.267469e-01 5.782154e-01
 5.955956e-01 -7.580515e-01 -4.372029e-01 7.657884e-01
 5.965966e-01 -8.067211e-01 -5.282266e-01 9.298224e-01
 5.975976e-01 -8.301709e-01 -5.934962e-01 1.041421e+00
 5.985986e-01 -8.264965e-01 -6.281391e-01 1.077655e+00
 5.995996e-01 -7.945052e-01 -6.290246e-01 1.026911e+00
 6.006006e-01 -7.338637e-01 -5.949542e-01 8.925263e-01
 6.016016e-01 -6.452293e-01 -5.267347e-01 6.937702e-01
 6.026026e-01 -5.303503e-01 -4.271349e-01 4.637156e-01
 6.036036e-01 -3.921237e-01 -3.007245e-01 2.441962e-01
 6.046046e-01 -2.345990e-01 -1.536102e-01 7.863278e-02
 6.056056e-01 -6.292077e-02  6.917947e-03 4.006881e-03
 6.066066e-01  1.167958e-01  1.728048e-01 4.350274e-02
 6.076076e-01  2.976555e-01  3.356902e-01 2.012867e-01
 6.086086e-01  4.722377e-01  4.873801e-01 4.605478e-01
 6.096096e-01  6.329039e-01  6.203033e-01 7.853436e-01
 6.106106e-01  7.721473e-01  7.279240e-01 1.126085e+00
 6.116116e-01  8.829657e-01  8.050891e-01 1.427797e+00
 6.126126e-01  9.592386e-01  8.482883e-01 1.639732e+00
 6.136136e-01  9.960866e-01  8.558154e-01 1.724609e+00
 6.146146e-01  9.901905e-01  8.278212e-01 1.665765e+00
 6.156156e-01  9.400489e-01  7.662591e-01 1.470845e+00
 6.166166e-01  8.461561e-01  6.747278e-01 1.171238e+00
 6.176176e-01  7.110843e-01  5.582249e-01 8.172559e-01
 6.186186e-01  5.394604e-01  4.228264e-01 4.697996e-01
 6.196196e-01  3.378338e-01  2.753157e-01 1.899304e-01
 6.206206e-01  1.144365e-01  1.227842e-01 2.817165e-02
 6.216216e-01 -1.211557e-01 -2.776962e-02 1.544987e-02
 6.226226e-01 -3.584457e-01 -1.698204e-01 1.573222e-01
 6.236236e-01 -5.865014e-01 -2.976506e-01 4.325797e-01
 6.246246e-01 -7.944817e-01 -4.066241e-01 7.965444e-01
 6.256256e-01 -9.721740e-01 -4.933802e-01 1.188546e+00
 6.266266e-01 -1.110514e+00 -5.559436e-01 1.542315e+00
 6.276276e-01 -1.202062e+00 -5.937440e-01 1.797485e+00
 6.286286e-01 -1.241403e+00 -6.075504e-01 1.910199e+00
 6.296296e-01 -1.225458e+00 -5.993258e-01 1.860940e+00
 6.306306e-01 -1.153678e+00 -5.720185e-01 1.658179e+00
 6.316316e-01 -1.028115e+00 -5.293033e-01 1.337183e+00
 6.326326e-01 -8.533658e-01 -4.752946e-01 9.541382e-01
 6.336336e-01 -6.363870e-01 -4.142494e-01 5.765910e-01
 6.346346e-01 -3.861938e-01 -3.502821e-01 2.718432e-01
 6.356356e-01 -1.134546e-01 -2.871083e-01 9.530313e-02
 6.366366e-01  1.699944e-01 -2.278339e-01 8.080640e-02
 6.376376e-01  4.516931e-01 -1.748007e-01 2.345820e-01
 6.386386e-01  7.191299e-01 -1.294972e-01 5.339174e-01
 6.396396e-01  9.603158e-01 -9.253546e-02 9.307692e-01
 6.406406e-01  1.164331e+00 -6.369399e-02 1.359724e+00
 6.416416e-01  1.321820e+00 -4.201800e-02 1.748973e+00
 6.426426e-01  1.425406e+00 -2.596880e-02 2.032458e+00
 6.436436e-01  1.470022e+00 -1.360689e-02 2.161149e+00
 6.446446e-01  1.453117e+00 -2.795688e-03 2.111556e+00
 6.456456e-01  1.374766e+00  8.592114e-03 1.890057e+00
 6.466466e-01  1.237653e+00  2.247897e-02 1.532291e+00
 6.476476e-01  1.046938e+00  4.041369e-02 1.097712e+00
 6.486486e-01  8.100275e-01  6.343882e-02 6.601690e-01
 6.496496e-01  5.362500e-01  9.200456e-02 2.960289e-01
 6.506507e-01  2.364559e-01  1.259317e-01 7.177019e-02
 6.516517e-01 -7.743721e-02  1.644263e-01 3.303254e-02
 6.526527e-01 -3.929346e-01  2.061414e-01 1.968919e-01
 6.536537e-01 -6.974684e-01  2.492805e-01 5.486029e-01
 6.546547e-01 -9.788958e-01  2.917326e-01 1.043345e+00
 6.556557e-01 -1.225972e+00  3.312289e-01 1.612719e+00
 6.566567e-01 -1.428778e+00  3.655068e-01 2.175001e+00
 6.576577e-01 -1.579095e+00  3.924722e-01 2.647574e+00
 6.586587e-01 -1.670706e+00  4.103437e-01 2.959640e+00
 6.596597e-01 -1.699620e+00  4.177739e-01 3.063244e+00
 6.606607e-01 -1.664212e+00  4.139357e-01 2.940945e+00
 6.616617e-01 -1.565275e+00  3.985722e-01 2.608945e+00
 6.626627e-01 -1.405984e+00  3.720051e-01 2.115179e+00
 6.636637e-01 -1.191780e+00  3.351059e-01 1.532636e+00
 6.646647e-01 -9.301690e-01  2.892308e-01 9.488687e-01
 6.656657e-01 -6.304502e-01  2.361275e-01 4.532236e-01
 6.666667e-01 -3.033852e-01  1.778214e-01 1.236630e-01
 6.676677e-01  3.918836e-02  1.164894e-01 1.510551e-02
 6.686687e-01  3.847801e-01  5.433219e-02 1.510077e-01
 6.696697e-01  7.206961e-01 -6.547531e-03 5.194457e-01
 6.706707e-01  1.034498e+00 -6.425201e-02 1.074314e+00
 6.716717e-01  1.314458e+00 -1.171743e-01 1.741529e+00
 6.726727e-01  1.549993e+00 -1.640595e-01 2.429395e+00
 6.736737e-01  1.732066e+00 -2.040377e-01 3.041683e+00
 6.746747e-01  1.853530e+00 -2.366308e-01 3.491568e+00
 6.756757e-01  1.909421e+00 -2.617324e-01 3.714393e+00
 6.766767e-01  1.897162e+00 -2.795674e-01 3.677382e+00
 6.776777e-01  1.816692e+00 -2.906344e-01 3.384838e+00
 6.786787e-01  1.670497e+00 -2.956381e-01 2.877963e+00
 6.796797e-01  1.463551e+00 -2.954154e-01 2.229251e+00
 6.806807e-01  1.203152e+00 -2.908650e-01 1.532177e+00
 6.816817e-01  8.986756e-01 -2.828812e-01 8.876396e-01
 6.826827e-01  5.612345e-01 -2.722994e-01 3.891311e-01
 6.836837e-01  2.032675e-01 -2.598533e-01 1.088414e-01
 6.846847e-01 -1.619326e-01 -2.461474e-01 8.681069e-02
 6.856857e-01 -5.207340e-01 -2.316424e-01 3.248221e-01
 6.866867e-01 -8.597023e-01 -2.166549e-01 7.860274e-01
 6.876877e-01 -1.166139e+00 -2.013659e-01 1.400427e+00
 6.886887e-01 -1.428594e+00 -1.858382e-01 2.075415e+00
 6.896897e-01 -1.637339e+00 -1.700379e-01 2.709791e+00
 6.906907e-01 -1.784770e+00 -1.538570e-01 3.209075e+00
 6.916917e-01 -1.865727e+00 -1.371360e-01 3.499742e+00
 6.926927e-01 -1.877711e+00 -1.196824e-01 3.540121e+00
 6.936937e-01 -1.820993e+00 -1.012862e-01 3.326274e+00
 6.946947e-01 -1.698600e+00 -8.173121e-02 2.891923e+00
 6.956957e-01 -1.516186e+00 -6.080247e-02 2.302517e+00
 6.966967e-01 -1.281779e+00 -3.829285e-02 1.644425e+00
 6.976977e-01 -1.005436e+00 -1.400863e-02 1.011099e+00
 6.986987e-01 -6.987952e-01  1.222211e-02 4.884642e-01
 6.996997e-01 -3.745641e-01  4.053788e-02 1.419416e-01
 7.007007e-01 -4.596067e-02  7.102634e-02 7.157124e-03
 7.017017e-01  2.738683e-01  1.037016e-01 8.575786e-02
 7.027027e-01  5.724217e-01  1.384755e-01 3.468421e-01
 7.037037e-01  8.383851e-01  1.751251e-01 7.335585e-01
 7.047047e-01  1.062112e+00  2.132579e-01 1.173560e+00
 7.057057e-01  1.236021e+00  2.522793e-01 1.591393e+00
 7.067067e-01  1.354896e+00  2.913648e-01 1.920637e+00
 7.077077e-01  1.416066e+00  3.294428e-01 2.113775e+00
 7.087087e-01  1.419461e+00  3.651908e-01 2.148235e+00
 7.097097e-01  1.367552e+00  3.970506e-01 2.027846e+00
 7.107107e-01  1.265152e+00  4.232633e-01 1.779762e+00
 7.117117e-01  1.119131e+00  4.419284e-01 1.447755e+00
 7.127127e-01  9.380155e-01  4.510843e-01 1.083350e+00
 7.137137e-01  7.315315e-01  4.488113e-01 7.365699e-01
 7.147147e-01  5.100935e-01  4.333506e-01 4.479882e-01
 7.157157e-01  2.842764e-01  4.032366e-01 2.434128e-01
 7.167167e-01  6.429498e-02  3.574321e-01 1.318915e-01
 7.177177e-01 -1.404812e-01  2.954614e-01 1.070324e-01
 7.187187e-01 -3.219522e-01  2.175290e-01 1.509721e-01
 7.197197e-01 -4.736314e-01  1.246152e-01 2.398557e-01
 7.207207e-01 -5.908910e-01  1.853987e-02 3.494959e-01
 7.217217e-01 -6.711007e-01 -9.801489e-02 4.599830e-01
 7.227227e-01 -7.136528e-01 -2.215291e-01 5.583754e-01
 7.237237e-01 -7.198789e-01 -3.477209e-01 6.391354e-01
 7.247247e-01 -6.928640e-01 -4.716750e-01 7.025378e-01
 7.257257e-01 -6.371742e-01 -5.880228e-01 7.517618e-01
 7.267267e-01 -5.585150e-01 -6.911678e-01 7.896519e-01
 7.277277e-01 -4.633438e-01 -7.755484e-01 8.161627e-01
 7.287287e-01 -3.584603e-01 -8.359265e-01 8.272668e-01
 7.297297e-01 -2.505994e-01 -8.676871e-01 8.156811e-01
 7.307307e-01 -1.460518e-01 -8.671336e-01 7.732519e-01
 7.317317e-01 -5.033153e-02 -8.317596e-01 6.943573e-01
 7.327327e-01  3.208935e-02 -7.604819e-01 5.793625e-01
 7.337337e-01  9.796722e-02 -6.538165e-01 4.370736e-01
 7.347347e-01  1.453867e-01 -5.139835e-01 2.853164e-01
 7.357357e-01  1.737714e-01 -3.449292e-01 1.491727e-01
 7.367367e-01  1.838101e-01 -1.522581e-01 5.696866e-02
 7.377377e-01  1.773065e-01  5.692858e-02 3.467845e-02
 7.387387e-01  1.569676e-01  2.742847e-01 9.987095e-02
 7.397397e-01  1.261466e-01  4.905551e-01 2.565573e-01
 7.407407e-01  8.856015e-02  6.959802e-01 4.922314e-01
 7.417417e-01  4.800156e-02  8.807543e-01 7.780322e-01
 7.427427e-01  8.067588e-03  1.035512e+00 1.072351e+00
 7.437437e-01 -2.808100e-02  1.151823e+00 1.327485e+00
 7.447447e-01 -5.791130e-02  1.222660e+00 1.498251e+00
 7.457457e-01 -7.965113e-02  1.242823e+00 1.550952e+00
 7.467467e-01 -9.235644e-02  1.209285e+00 1.470901e+00
 7.477477e-01 -9.591184e-02  1.121448e+00 1.266845e+00
 7.487487e-01 -9.096759e-02  9.812710e-01 9.711680e-01
 7.497497e-01 -7.882100e-02  7.932846e-01 6.355132e-01
 7.507508e-01 -6.125379e-02  5.644625e-01 3.223700e-01
 7.517518e-01 -4.034024e-02  3.039662e-01 9.402276e-02
 7.527528e-01 -1.824205e-02  2.276433e-02 8.509868e-04
 7.537538e-01  2.993102e-03 -2.668523e-01 7.121909e-02
 7.547548e-01  2.161347e-02 -5.518405e-01 3.049951e-01
 7.557558e-01  3.631163e-02 -8.190292e-01 6.721273e-01
 7.567568e-01  4.632825e-02 -1.055767e+00 1.116790e+00
 7.577578e-01  5.150399e-02 -1.250558e+00 1.566547e+00
 7.587588e-01  5.227635e-02 -1.393654e+00 1.945004e+00
 7.597598e-01  4.962282e-02 -1.477567e+00 2.185667e+00
 7.607608e-01  4.495574e-02 -1.497476e+00 2.244455e+00
 7.617618e-01  3.997805e-02 -1.451502e+00 2.108457e+00
 7.627628e-01  3.651222e-02 -1.340843e+00 1.799193e+00
 7.637638e-01  3.631652e-02 -1.169744e+00 1.369619e+00
 7.647648e-01  4.090382e-02 -9.453239e-01 8.953105e-01
 7.657658e-01  5.137787e-02 -6.772521e-01 4.613102e-01
 7.667668e-01  6.830052e-02 -3.772936e-01 1.470154e-01
 7.677678e-01  9.160128e-02 -5.875298e-02 1.184271e-02
 7.687688e-01  1.205369e-01  2.641587e-01 8.430899e-02
 7.697698e-01  1.537056e-01  5.770011e-01 3.565557e-01
 7.707708e-01  1.891147e-01  8.657878e-01 7.853529e-01
 7.717718e-01  2.243000e-01  1.117644e+00 1.299438e+00
 7.727728e-01  2.564856e-01  1.321400e+00 1.811883e+00
 7.737738e-01  2.827760e-01  1.468102e+00 2.235287e+00
 7.747748e-01  3.003649e-01  1.551403e+00 2.497070e+00
 7.757758e-01  3.067464e-01  1.567823e+00 2.552163e+00
 7.767768e-01  2.999131e-01  1.516876e+00 2.390861e+00
 7.777778e-01  2.785265e-01  1.401045e+00 2.040505e+00
 7.787788e-01  2.420463e-01  1.225627e+00 1.560748e+00
 7.797798e-01  1.908101e-01  9.984461e-01 1.033303e+00
 7.807808e-01  1.260549e-01  7.294642e-01 5.480079e-01
 7.817818e-01  4.987982e-02  4.303031e-01 1.876488e-01
 7.827828e-01 -3.484931e-02  1.137078e-01 1.414395e-02
 7.837838e-01 -1.246477e-01 -2.070220e-01 5.839516e-02
 7.847848e-01 -2.156019e-01 -5.186066e-01 3.154370e-01
 7.857858e-01 -3.035914e-01 -8.083390e-01 7.455797e-01
 7.867868e-01 -3.845251e-01 -1.064594e+00 1.281221e+00
 7.877878e-01 -4.545794e-01 -1.277276e+00 1.838075e+00
 7.887888e-01 -5.104204e-01 -1.438179e+00 2.328887e+00
 7.897898e-01 -5.493966e-01 -1.541269e+00 2.677347e+00
 7.907908e-01 -5.696899e-01 -1.582862e+00 2.829998e+00
 7.917918e-01 -5.704141e-01 -1.561702e+00 2.764286e+00
 7.927928e-01 -5.516564e-01 -1.478954e+00 2.491631e+00
 7.937938e-01 -5.144585e-01 -1.338098e+00 2.055174e+00
 7.947948e-01 -4.607403e-01 -1.144747e+00 1.522728e+00
 7.957958e-01 -3.931714e-01 -9.063991e-01 9.761432e-01
 7.967968e-01 -3.149995e-01 -6.321273e-01 4.988097e-01
 7.977978e-01 -2.298484e-01 -3.322305e-01 1.632074e-01
 7.987988e-01 -1.414983e-01 -1.785225e-02 2.034046e-02
 7.997998e-01 -5.366421e-02  2.994171e-01 9.253047e-02
 8.008008e-01  3.021357e-02  6.079432e-01 3.705078e-01
 8.018018e-01  1.071538e-01  8.964434e-01 8.150928e-01
 8.028028e-01  1.747816e-01  1.154366e+00 1.363110e+00
 8.038038e-01  2.314297e-01  1.372242e+00 1.936607e+00
 8.048048e-01  2.761904e-01  1.541999e+00 2.454043e+00
 8.058058e-01  3.089133e-01  1.657237e+00 2.841861e+00
 8.068068e-01  3.301543e-01  1.713443e+00 3.044890e+00
 8.078078e-01  3.410787e-01  1.708160e+00 3.034144e+00
 8.088088e-01  3.433282e-01  1.641080e+00 2.811017e+00
 8.098098e-01  3.388610e-01  1.514081e+00 2.407269e+00
 8.108108e-01  3.297792e-01  1.331187e+00 1.880813e+00
 8.118118e-01  3.181537e-01  1.098456e+00 1.307828e+00
 8.128128e-01  3.058614e-01  8.238005e-01 7.721984e-01
 8.138138e-01  2.944436e-01  5.167362e-01 3.537134e-01
 8.148148e-01  2.849970e-01  1.880710e-01 1.165940e-01
 8.158158e-01  2.781026e-01 -1.504638e-01 9.998045e-02
 8.168168e-01  2.737971e-01 -4.866250e-01 3.117687e-01
 8.178178e-01  2.715869e-01 -8.081000e-01 7.267851e-01
 8.188188e-01  2.705036e-01 -1.102966e+00 1.289707e+00
 8.198198e-01  2.691949e-01 -1.360149e+00 1.922472e+00
 8.208208e-01  2.660437e-01 -1.569860e+00 2.535238e+00
 8.218218e-01  2.593066e-01 -1.723995e+00 3.039399e+00
 8.228228e-01  2.472613e-01 -1.816485e+00 3.360755e+00
 8.238238e-01  2.283526e-01 -1.843562e+00 3.450867e+00
 8.248248e-01  2.013268e-01 -1.803951e+00 3.294772e+00
 8.258258e-01  1.653451e-01 -1.698953e+00 2.913781e+00
 8.268268e-01  1.200702e-01 -1.532434e+00 2.362770e+00
 8.278278e-01  6.571872e-02 -1.310695e+00 1.722240e+00
 8.288288e-01  3.078381e-03 -1.042251e+00 1.086296e+00
 8.298298e-01 -6.651075e-02 -7.374956e-01 5.483234e-01
 8.308308e-01 -1.412095e-01 -4.082953e-01 1.866452e-01
 8.318318e-01 -2.187624e-01 -6.750147e-02 5.241346e-02
 8.328328e-01 -2.966048e-01  2.715793e-01 1.617297e-01
 8.338338e-01 -3.719859e-01  5.957440e-01 4.932844e-01
 8.348348e-01 -4.421015e-01  8.924531e-01 9.919262e-01
 8.358358e-01 -5.042269e-01  1.150365e+00 1.577585e+00
 8.368368e-01 -5.558433e-01  1.359825e+00 2.158085e+00
 8.378378e-01 -5.947499e-01  1.513272e+00 2.643718e+00
 8.388388e-01 -6.191574e-01  1.605566e+00 2.961199e+00
 8.398398e-01 -6.277584e-01  1.634200e+00 3.064691e+00
 8.408408e-01 -6.197725e-01  1.599389e+00 2.942163e+00
 8.418418e-01 -5.949662e-01  1.504041e+00 2.616123e+00
 8.428428e-01 -5.536476e-01  1.353603e+00 2.138766e+00
 8.438438e-01 -4.966406e-01  1.155790e+00 1.582503e+00
 8.448448e-01 -4.252403e-01  9.202094e-01 1.027615e+00
 8.458458e-01 -3.411553e-01  6.578977e-01 5.492163e-01
 8.468468e-01 -2.464415e-01  3.807989e-01 2.057412e-01
 8.478478e-01 -1.434310e-01  1.012000e-01 3.081389e-02
 8.488488e-01 -3.466249e-02 -1.688426e-01 2.970933e-02
 8.498498e-01  7.718618e-02 -4.180588e-01 1.807308e-01
 8.508509e-01  1.893588e-01 -6.364760e-01 4.409584e-01
 8.518519e-01  2.990749e-01 -8.158610e-01 7.550749e-01
 8.528529e-01  4.035771e-01 -9.500699e-01 1.065507e+00
 8.538539e-01  5.001726e-01 -1.035290e+00 1.321999e+00
 8.548549e-01  5.862708e-01 -1.070164e+00 1.488965e+00
 8.558559e-01  6.594199e-01 -1.055787e+00 1.549520e+00
 8.568569e-01  7.173456e-01 -9.955812e-01 1.505767e+00
 8.578579e-01  7.579940e-01 -8.950610e-01 1.375689e+00
 8.588589e-01  7.795813e-01 -7.614869e-01 1.187609e+00
 8.598599e-01  7.806514e-01 -6.034449e-01 9.735623e-01
 8.608609e-01  7.601417e-01 -4.303630e-01 7.630277e-01
 8.618619e-01  7.174550e-01 -2.519961e-01 5.782437e-01
 8.628629e-01  6.525351e-01 -7.790498e-02 4.318712e-01
 8.638639e-01  5.659414e-01  8.304225e-02 3.271857e-01
 8.648649e-01  4.589166e-01  2.231189e-01 2.603865e-01
 8.658659e-01  3.334401e-01  3.361166e-01 2.241567e-01
 8.668669e-01  1.922610e-01  4.176305e-01 2.113795e-01
 8.678679e-01  3.890201e-02  4.652377e-01 2.179595e-01
 8.688689e-01 -1.223716e-01  4.785627e-01 2.439971e-01
 8.698699e-01 -2.866236e-01  4.592266e-01 2.930421e-01
 8.708709e-01 -4.483627e-01  4.106852e-01 3.696914e-01
 8.718719e-01 -6.017027e-01  3.379684e-01 4.762688e-01
 8.728729e-01 -7.405658e-01  2.473345e-01 6.096121e-01
 8.738739e-01 -8.589229e-01  1.458644e-01 7.590249e-01
 8.748749e-01 -9.510626e-01  4.101606e-02 9.062024e-01
 8.758759e-01 -1.011878e+00 -5.983048e-02 1.027476e+00
 8.768769e-01 -1.037155e+00 -1.498145e-01 1.098134e+00
 8.778779e-01 -1.023848e+00 -2.229943e-01 1.097990e+00
 8.788789e-01 -9.703257e-01 -2.746837e-01 1.016983e+00
 8.798799e-01 -8.765686e-01 -3.017061e-01 8.593990e-01
 8.808809e-01 -7.443006e-01 -3.025535e-01 6.455220e-01
 8.818819e-01 -5.770461e-01 -2.774409e-01 4.099557e-01
 8.828829e-01 -3.800972e-01 -2.282563e-01 1.965748e-01
 8.838839e-01 -1.603877e-01 -1.584107e-01 5.081817e-02
 8.848849e-01  7.372744e-02 -7.259786e-02 1.070618e-02
 8.858859e-01  3.127828e-01  2.351787e-02 9.838617e-02
 8.868869e-01  5.465913e-01  1.236680e-01 3.140559e-01
 8.878879e-01  7.646967e-01  2.213759e-01 6.337684e-01
 8.888889e-01  9.568675e-01  3.103575e-01 1.011917e+00
 8.898899e-01  1.113608e+00  3.849036e-01 1.388274e+00
 8.908909e-01  1.226661e+00  4.402197e-01 1.698489e+00
 8.918919e-01  1.289466e+00  4.727038e-01 1.886171e+00
 8.928929e-01  1.297563e+00  4.801466e-01 1.914210e+00
 8.938939e-01  1.248892e+00  4.618438e-01 1.773031e+00
 8.948949e-01  1.143992e+00  4.186144e-01 1.483955e+00
 8.958959e-01  9.860628e-01  3.527284e-01 1.096737e+00
 8.968969e-01  7.809016e-01  2.677474e-01 6.814960e-01
 8.978979e-01  5.366935e-01  1.682933e-01 3.163625e-01
 8.988989e-01  2.636766e-01  5.975859e-02 7.309642e-02
 8.998999e-01 -2.630917e-02 -5.202134e-02 3.398392e-03
 9.009009e-01 -3.203682e-01 -1.611125e-01 1.285930e-01
 9.019019e-01 -6.051621e-01 -2.618226e-01 4.347723e-01
 9.029029e-01 -8.675575e-01 -3.490165e-01 8.744685e-01
 9.039039e-01 -1.095275e+00 -4.183884e-01 1.374675e+00
 9.049049e-01 -1.277503e+00 -4.666763e-01 1.849800e+00
 9.059059e-01 -1.405446e+00 -4.918084e-01 2.217154e+00
 9.069069e-01 -1.472774e+00 -4.929749e-01 2.412087e+00
 9.079079e-01 -1.475948e+00 -4.706254e-01 2.399911e+00
 9.089089e-01 -1.414409e+00 -4.263951e-01 2.182366e+00
 9.099099e-01 -1.290613e+00 -3.629684e-01 1.797427e+00
 9.109109e-01 -1.109912e+00 -2.838918e-01 1.312498e+00
 9.119119e-01 -8.802957e-01 -1.933504e-01 8.123050e-01
 9.129129e-01 -6.119959e-01 -9.592364e-02 3.837403e-01
 9.139139e-01 -3.169814e-01  3.664005e-03 1.004906e-01
 9.149149e-01 -8.374268e-03  1.007811e-01 1.022696e-02
 9.159159e-01  3.001873e-01  1.911045e-01 1.266333e-01
 9.169169e-01  5.952018e-01  2.707995e-01 4.275976e-01
 9.179179e-01  8.639399e-01  3.366598e-01 8.597321e-01
 9.189189e-01  1.095030e+00  3.862012e-01 1.348243e+00
 9.199199e-01  1.278967e+00  4.177108e-01 1.810238e+00
 9.209209e-01  1.408512e+00  4.302533e-01 2.169025e+00
 9.219219e-01  1.478983e+00  4.236423e-01 2.366864e+00
 9.229229e-01  1.488401e+00  3.983809e-01 2.374046e+00
 9.239239e-01  1.437513e+00  3.555846e-01 2.192883e+00
 9.249249e-01  1.329673e+00  2.968913e-01 1.856175e+00
 9.259259e-01  1.170617e+00  2.243707e-01 1.420686e+00
 9.269269e-01  9.681182e-01  1.404367e-01 9.569752e-01
 9.279279e-01  7.315707e-01  4.776991e-02 5.374777e-01
 9.289289e-01  4.715104e-01 -5.074740e-02 2.248973e-01
 9.299299e-01  1.991031e-01 -1.520849e-01 6.277185e-02
 9.309309e-01 -7.437162e-02 -2.531070e-01 6.959428e-02
 9.319319e-01 -3.380182e-01 -3.506093e-01 2.371832e-01
 9.329329e-01 -5.817803e-01 -4.413548e-01 5.332623e-01
 9.339339e-01 -7.968346e-01 -5.221137e-01 9.075481e-01
 9.349349e-01 -9.759076e-01 -5.897151e-01 1.300160e+00
 9.359359e-01 -1.113506e+00 -6.411131e-01 1.650922e+00
 9.369369e-01 -1.206055e+00 -6.734713e-01 1.908132e+00
 9.379379e-01 -1.251942e+00 -6.842658e-01 2.035578e+00
 9.389389e-01 -1.251477e+00 -6.714059e-01 2.016981e+00
 9.399399e-01 -1.206768e+00 -6.333662e-01 1.857441e+00
 9.409409e-01 -1.121527e+00 -5.693238e-01 1.581953e+00
 9.419419e-01 -1.000830e+00 -4.792913e-01 1.231380e+00
 9.429429e-01 -8.508211e-01 -3.642334e-01 8.565625e-01
 9.439439e-01 -6.784101e-01 -2.261574e-01 5.113873e-01
 9.449449e-01 -4.909468e-01 -6.816359e-02 2.456750e-01
 9.459459e-01 -2.959094e-01  1.055520e-01 9.870357e-02
 9.469469e-01 -1.006073e-01  2.897528e-01 9.407848e-02
 9.479479e-01  8.808555e-02  4.782779e-01 2.365088e-01
 9.489489e-01  2.639604e-01  6.642218e-01 5.108656e-01
 9.499499e-01  4.216601e-01  8.401728e-01 8.836876e-01
 9.509510e-01  5.568191e-01  9.985049e-01 1.307060e+00
 9.519520e-01  6.661543e-01  1.131710e+00 1.724528e+00
 9.529530e-01  7.475102e-01  1.232753e+00 2.078452e+00
 9.539540e-01  7.998590e-01  1.295441e+00 2.317942e+00
 9.549550e-01  8.232598e-01  1.314771e+00 2.406380e+00
 9.559560e-01  8.187833e-01  1.287250e+00 2.327420e+00
 9.569570e-01  7.884069e-01  1.211161e+00 2.088497e+00
 9.579580e-01  7.348851e-01  1.086755e+00 1.721093e+00
 9.589590e-01  6.616047e-01  9.163602e-01 1.277437e+00
 9.599600e-01  5.724268e-01  7.043897e-01 8.238373e-01
 9.609610e-01  4.715247e-01  4.572508e-01 4.314138e-01
 9.619620e-01  3.632209e-01  1.831481e-01 1.654727e-01
 9.629630e-01  2.518293e-01 -1.082095e-01 7.512730e-02
 9.639640e-01  1.415057e-01 -4.059882e-01 1.848502e-01
 9.649650e-01  3.611139e-02 -6.986775e-01 4.894543e-01
 9.659660e-01 -6.090775e-02 -9.745887e-01 9.535329e-01
 9.669670e-01 -1.466234e-01 -1.222377e+00 1.515704e+00
 9.679680e-01 -2.187065e-01 -1.431564e+00 2.097208e+00
 9.689690e-01 -2.754865e-01 -1.593031e+00 2.613640e+00
 9.699700e-01 -3.159867e-01 -1.699461e+00 2.988015e+00
 9.709710e-01 -3.399358e-01 -1.745704e+00 3.163040e+00
 9.719720e-01 -3.477546e-01 -1.729048e+00 3.110541e+00
 9.729730e-01 -3.405182e-01 -1.649376e+00 2.836395e+00
 9.739740e-01 -3.198960e-01 -1.509207e+00 2.380040e+00
 9.749750e-01 -2.880690e-01 -1.313612e+00 1.808561e+00
 9.759760e-01 -2.476288e-01 -1.070012e+00 1.206245e+00
 9.769770e-01 -2.014606e-01 -7.878601e-01 6.613099e-01
 9.779780e-01 -1.526126e-01 -4.782359e-01 2.520001e-01
 9.789790e-01 -1.041590e-01 -1.533549e-01 3.436683e-02
 9.799800e-01 -5.905855e-02  1.739695e-01 3.375329e-02
 9.809810e-01 -2.001566e-02  4.908932e-01 2.413767e-01
 9.819820e-01  1.065027e-02  7.851076e-01 6.165073e-01
 9.829830e-01  3.112256e-02  1.045378e+00 1.093784e+00
 9.839840e-01  4.018564e-02  1.262029e+00 1.594332e+00
 9.849850e-01  3.729912e-02  1.427353e+00 2.038728e+00
 9.859860e-01  2.264319e-02  1.535923e+00 2.359574e+00
 9.869870e-01 -2.868684e-03  1.584799e+00 2.511598e+00
 9.879880e-01 -3.761191e-02  1.573612e+00 2.477669e+00
 9.889890e-01 -7.930914e-02  1.504529e+00 2.269896e+00
 9.899900e-01 -1.251243e-01  1.382103e+00 1.925865e+00
 9.909910e-01 -1.717901e-01  1.213014e+00 1.500916e+00
 9.919920e-01 -2.157651e-01  1.005715e+00 1.058017e+00
 9.929930e-01 -2.534152e-01  7.699996e-01 6.571186e-01
 9.939940e-01 -2.812106e-01  5.165272e-01 3.458798e-01
 9.949950e-01 -2.959314e-01  2.563098e-01 1.532701e-01
 9.959960e-01 -2.948707e-01  2.013391e-04 8.694877e-02
 9.969970e-01 -2.760244e-01 -2.415917e-01 1.345560e-01
 9.979980e-01 -2.382577e-01 -4.599528e-01 2.683233e-01
 9.989990e-01 -1.814361e-01 -6.472316e-01 4.518278e-01
 1.000000e+00 -1.065130e-01 -7.975351e-01 6.474073e-01
