# x psi_r psi_i psi2 
 0.000000e+00  6.926180e-03  5.252598e-03 7.556176e-05
 1.001001e-03  3.257983e-03  7.424510e-03 6.573780e-05
 2.002002e-03 -5.959818e-04  8.727051e-03 7.651661e-05
 3.003003e-03 -4.208908e-03  9.113801e-03 1.007763e-04
 4.004004e-03 -7.197037e-03  8.631517e-03 1.263004e-04
 5.005005e-03 -9.258634e-03  7.406705e-03 1.405816e-04
 6.006006e-03 -1.020288e-02  5.625142e-03 1.357410e-04
 7.007007e-03 -9.966122e-03  3.507218e-03 1.116242e-04
 8.008008e-03 -8.614188e-03  1.282046e-03 7.584788e-05
 9.009009e-03 -6.331086e-03 -8.366393e-04 4.078261e-05
 1.001001e-02 -3.395666e-03 -2.670413e-03 1.866165e-05
 1.101101e-02 -1.491522e-04 -4.090043e-03 1.675070e-05
 1.201201e-02  3.042878e-03 -5.022460e-03 3.448421e-05
 1.301301e-02  5.829870e-03 -5.450664e-03 6.369712e-05
 1.401401e-02  7.913003e-03 -5.407427e-03 9.185588e-05
 1.501502e-02  9.075438e-03 -4.964158e-03 1.070064e-04
 1.601602e-02  9.203293e-03 -4.216897e-03 1.024828e-04
 1.701702e-02  8.295364e-03 -3.271443e-03 7.951541e-05
 1.801802e-02  6.461003e-03 -2.229690e-03 4.671608e-05
 1.901902e-02  3.906616e-03 -1.178738e-03 1.665107e-05
 2.002002e-02  9.125367e-04 -1.839976e-04 8.665784e-07
 2.102102e-02 -2.197220e-03  7.132988e-04 5.336570e-06
 2.202202e-02 -5.089008e-03  1.494280e-03 2.813088e-05
 2.302302e-02 -7.453991e-03  2.157162e-03 6.021533e-05
 2.402402e-02 -9.039424e-03  2.709688e-03 8.905359e-05
 2.502503e-02 -9.673843e-03  3.160870e-03 1.035743e-04
 2.602603e-02 -9.283707e-03  3.513513e-03 9.853199e-05
 2.702703e-02 -7.900134e-03  3.758992e-03 7.654214e-05
 2.802803e-02 -5.655173e-03  3.875193e-03 4.699811e-05
 2.902903e-02 -2.768282e-03  3.828179e-03 2.231834e-05
 3.003003e-02  4.756050e-04  3.577403e-03 1.302401e-05
 3.103103e-02  3.754083e-03  3.083835e-03 2.360318e-05
 3.203203e-02  6.738677e-03  2.319744e-03 5.079098e-05
 3.303303e-02  9.126536e-03  1.278675e-03 8.492867e-05
 3.403403e-02  1.066955e-02 -1.611621e-05 1.138396e-04
 3.503504e-02  1.119814e-02 -1.506260e-03 1.276671e-04
 3.603604e-02  1.063764e-02 -3.097232e-03 1.227523e-04
 3.703704e-02  9.015908e-03 -4.662332e-03 1.030239e-04
 3.803804e-02  6.461476e-03 -6.051863e-03 7.837573e-05
 3.903904e-02  3.192587e-03 -7.106845e-03 6.069986e-05
 4.004004e-02 -5.018681e-04 -7.676093e-03 5.917427e-05
 4.104104e-02 -4.287803e-03 -7.634791e-03 7.667529e-05
 4.204204e-02 -7.815473e-03 -6.902498e-03 1.087261e-04
 4.304304e-02 -1.075059e-02 -5.458239e-03 1.453676e-04
 4.404404e-02 -1.280430e-02 -3.350671e-03 1.751770e-04
 4.504505e-02 -1.375949e-02 -7.015415e-04 1.898157e-04
 4.604605e-02 -1.349125e-02  2.298520e-03 1.872969e-04
 4.704705e-02 -1.197967e-02  5.402216e-03 1.726964e-04
 4.804805e-02 -9.313966e-03  8.325077e-03 1.560569e-04
 4.904905e-02 -5.687438e-03  1.077083e-02 1.483577e-04
 5.005005e-02 -1.383607e-03  1.246029e-02 1.571733e-04
 5.105105e-02  3.245437e-03  1.316115e-02 1.837487e-04
 5.205205e-02  7.806909e-03  1.271533e-02 2.226275e-04
 5.305305e-02  1.189925e-02  1.106122e-02 2.639427e-04
 5.405405e-02  1.514565e-02  8.247780e-03 2.974167e-04
 5.505506e-02  1.722656e-02  4.438795e-03 3.164573e-04
 5.605606e-02  1.790850e-02 -9.401359e-05 3.207231e-04
 5.705706e-02  1.706682e-02 -4.988935e-03 3.161659e-04
 5.805806e-02  1.470048e-02 -9.822294e-03 3.125816e-04
 5.905906e-02  1.093717e-02 -1.414432e-02 3.196834e-04
 6.006006e-02  6.028293e-03 -1.751992e-02 3.432879e-04
 6.106106e-02  3.335661e-04 -1.957062e-02 3.831205e-04
 6.206206e-02 -5.703808e-03 -2.001375e-02 4.330836e-04
 6.306306e-02 -1.158995e-02 -1.869493e-02 4.838273e-04
 6.406406e-02 -1.681871e-02 -1.561052e-02 5.265573e-04
 6.506507e-02 -2.091299e-02 -1.091726e-02 5.565396e-04
 6.606607e-02 -2.346568e-02 -4.927648e-03 5.749198e-04
 6.706707e-02 -2.417696e-02  1.909275e-03 5.881706e-04
 6.806807e-02 -2.288470e-02  9.040639e-03 6.054425e-04
 6.906907e-02 -1.958518e-02  1.585366e-02 6.349179e-04
 7.007007e-02 -1.444189e-02  2.172719e-02 6.806391e-04
 7.107107e-02 -7.780981e-03  2.608672e-02 7.410607e-04
 7.207207e-02 -7.312744e-05  2.845785e-02 8.098543e-04
 7.307307e-02  8.097564e-03  2.851356e-02 8.785934e-04
 7.407407e-02  1.607576e-02  2.611071e-02 9.401993e-04
 7.507508e-02  2.318529e-02  2.131210e-02 9.917635e-04
 7.607608e-02  2.878411e-02  1.439151e-02 1.035640e-03
 7.707708e-02  3.231940e-02  5.820589e-03 1.078423e-03
 7.807808e-02  3.337846e-02 -3.761917e-03 1.128273e-03
 7.907908e-02  3.173061e-02 -1.359686e-02 1.191706e-03
 8.008008e-02  2.735649e-02 -2.286373e-02 1.271128e-03
 8.108108e-02  2.046123e-02 -3.074760e-02 1.364077e-03
 8.208208e-02  1.146989e-02 -3.650844e-02 1.464425e-03
 8.308308e-02  1.004246e-03 -3.954727e-02 1.564995e-03
 8.408408e-02 -1.015786e-02 -3.946305e-02 1.660514e-03
 8.508509e-02 -2.113834e-02 -3.609560e-02 1.749722e-03
 8.608609e-02 -3.102596e-02 -2.955004e-02 1.835815e-03
 8.708709e-02 -3.894958e-02 -2.020029e-02 1.925121e-03
 8.808809e-02 -4.415197e-02 -8.670355e-03 2.024572e-03
 8.908909e-02 -4.605800e-02  4.205837e-03 2.139028e-03
 9.009009e-02 -4.433117e-02  1.744348e-02 2.269527e-03
 9.109109e-02 -3.891344e-02  2.998081e-02 2.413105e-03
 9.209209e-02 -3.004409e-02  4.076236e-02 2.564217e-03
 9.309309e-02 -1.825511e-02  4.882506e-02 2.717135e-03
 9.409409e-02 -4.342440e-03  5.338042e-02 2.868326e-03
 9.509510e-02  1.068571e-02  5.388593e-02 3.017878e-03
 9.609610e-02  2.568031e-02  5.009945e-02 3.169433e-03
 9.709710e-02  3.943762e-02  4.211178e-02 3.328728e-03
 9.809810e-02  5.079371e-02  3.035376e-02 3.501352e-03
 9.909910e-02  5.872000e-02  1.557651e-02 3.690666e-03
 1.001001e-01  6.241202e-02 -1.194577e-03 3.896688e-03
 1.011011e-01  6.136410e-02 -1.872956e-02 4.116349e-03
 1.021021e-01  5.542318e-02 -3.568256e-02 4.344974e-03
 1.031031e-01  4.481673e-02 -5.069304e-02 4.578324e-03
 1.041041e-01  3.015143e-02 -6.249230e-02 4.814397e-03
 1.051051e-01  1.238164e-02 -7.000678e-02 5.054254e-03
 1.061061e-01 -7.251043e-03 -7.245018e-02 5.301606e-03
 1.071071e-01 -2.730329e-02 -6.939667e-02 5.561368e-03
 1.081081e-01 -4.623488e-02 -6.082880e-02 5.837807e-03
 1.091091e-01 -6.252518e-02 -4.715539e-02 6.133029e-03
 1.101101e-01 -7.479253e-02 -2.919718e-02 6.446398e-03
 1.111111e-01 -8.190733e-02 -8.139883e-03 6.775068e-03
 1.121121e-01 -8.308957e-02  1.454259e-02 7.115364e-03
 1.131131e-01 -7.798294e-02  3.718996e-02 7.464432e-03
 1.141141e-01 -6.669864e-02  5.807553e-02 7.821476e-03
 1.151151e-01 -4.982490e-02  7.553552e-02 8.188135e-03
 1.161161e-01 -2.839998e-02  8.809827e-02 8.567863e-03
 1.171171e-01 -3.849796e-03  9.460345e-02 8.964634e-03
 1.181181e-01  2.210614e-02  9.430175e-02 9.381502e-03
 1.191191e-01  4.757441e-02  8.692685e-02 9.819601e-03
 1.201201e-01  7.062449e-02  7.273335e-02 1.027796e-02
 1.211211e-01  8.943289e-02  5.249668e-02 1.075414e-02
 1.221221e-01  1.024239e-01  2.747374e-02 1.124547e-02
 1.231231e-01  1.083963e-01 -6.738901e-04 1.175022e-02
 1.241241e-01  1.066258e-01 -2.998958e-02 1.226843e-02
 1.251251e-01  9.693499e-02 -5.835687e-02 1.280192e-02
 1.261261e-01  7.972551e-02 -8.365097e-02 1.335364e-02
 1.271271e-01  5.596702e-02 -1.038956e-01 1.392660e-02
 1.281281e-01  2.714469e-02 -1.174136e-01 1.452279e-02
 1.291291e-01 -4.833302e-03 -1.229604e-01 1.514262e-02
 1.301301e-01 -3.776188e-02 -1.198292e-01 1.578500e-02
 1.311311e-01 -6.929077e-02 -1.079202e-01 1.644797e-02
 1.321321e-01 -9.709099e-02 -8.776681e-02 1.712967e-02
 1.331331e-01 -1.190246e-01 -6.051722e-02 1.782918e-02
 1.341341e-01 -1.333050e-01 -2.786988e-02 1.854696e-02
 1.351351e-01 -1.386368e-01  8.032329e-03 1.928468e-02
 1.361361e-01 -1.343230e-01  4.474304e-02 2.004462e-02
 1.371371e-01 -1.203331e-01  7.967912e-02 2.082881e-02
 1.381381e-01 -9.732383e-02  1.103015e-01 2.163835e-02
 1.391391e-01 -6.661268e-02  1.342977e-01 2.247312e-02
 1.401401e-01 -3.010238e-02  1.497526e-01 2.333199e-02
 1.411411e-01  9.837413e-03  1.552952e-01 2.421336e-02
 1.421421e-01  5.052477e-02  1.502105e-01 2.511595e-02
 1.431431e-01  8.914581e-02  1.345075e-01 2.603925e-02
 1.441441e-01  1.229487e-01  1.089376e-01 2.698377e-02
 1.451451e-01  1.494376e-01  7.496099e-02 2.795075e-02
 1.461461e-01  1.665537e-01  3.466339e-02 2.894168e-02
 1.471471e-01  1.728288e-01 -9.373932e-03 2.995766e-02
 1.481481e-01  1.675021e-01 -5.424070e-02 3.099900e-02
 1.491491e-01  1.505898e-01 -9.689095e-02 3.206513e-02
 1.501502e-01  1.229025e-01 -1.343496e-01 3.315485e-02
 1.511512e-01  8.600832e-02 -1.639187e-01 3.426676e-02
 1.521522e-01  4.214280e-02 -1.833679e-01 3.539981e-02
 1.531532e-01 -5.928541e-03 -1.910979e-01 3.655356e-02
 1.541542e-01 -5.508660e-02 -1.862624e-01 3.772822e-02
 1.551552e-01 -1.020626e-01 -1.688420e-01 3.892440e-02
 1.561562e-01 -1.436558e-01 -1.396629e-01 4.014271e-02
 1.571572e-01 -1.769507e-01 -1.003586e-01 4.138338e-02
 1.581582e-01 -1.995184e-01 -5.327642e-02 4.264598e-02
 1.591592e-01 -2.095894e-01 -1.334697e-03 4.392951e-02
 1.601602e-01 -2.061839e-01  5.216117e-02 4.523259e-02
 1.611612e-01 -1.891921e-01  1.037311e-01 4.655379e-02
 1.621622e-01 -1.593976e-01  1.499479e-01 4.789199e-02
 1.631632e-01 -1.184418e-01  1.876647e-01 4.924648e-02
 1.641642e-01 -6.873020e-02  2.142268e-01 5.061696e-02
 1.651652e-01 -1.328821e-02  2.276548e-01 5.200326e-02
 1.661662e-01  4.442719e-02  2.267848e-01 5.340513e-02
 1.671672e-01  1.007458e-01  2.113580e-01 5.482193e-02
 1.681682e-01  1.520195e-01  1.820512e-01 5.625259e-02
 1.691692e-01  1.948594e-01  1.404473e-01 5.769563e-02
 1.701702e-01  2.263579e-01  8.894641e-02 5.914937e-02
 1.711712e-01  2.442835e-01  3.062299e-02 6.061218e-02
 1.721722e-01  2.472326e-01 -3.096221e-02 6.208263e-02
 1.731732e-01  2.347310e-01 -9.198339e-02 6.355956e-02
 1.741742e-01  2.072751e-01 -1.485903e-01 6.504203e-02
 1.751752e-01  1.663131e-01 -1.971523e-01 6.652910e-02
 1.761762e-01  1.141642e-01 -2.344914e-01 6.801968e-02
 1.771772e-01  5.388159e-02 -2.580876e-01 6.951242e-02
 1.781782e-01 -1.093078e-02 -2.662445e-01 7.100562e-02
 1.791792e-01 -7.633923e-02 -2.582048e-01 7.249738e-02
 1.801802e-01 -1.383226e-01 -2.342062e-01 7.398568e-02
 1.811812e-01 -1.930221e-01 -1.954765e-01 7.546857e-02
 1.821822e-01 -2.369820e-01 -1.441658e-01 7.694423e-02
 1.831832e-01 -2.673672e-01 -8.322129e-02 7.841101e-02
 1.841842e-01 -2.821427e-01 -1.621193e-02 7.986734e-02
 1.851852e-01 -2.802046e-01  5.288668e-02 8.131162e-02
 1.861862e-01 -2.614541e-01  1.199329e-01 8.274211e-02
 1.871872e-01 -2.268097e-01  1.808707e-01 8.415688e-02
 1.881882e-01 -1.781578e-01  2.319776e-01 8.555380e-02
 1.891892e-01 -1.182427e-01  2.700912e-01 8.693063e-02
 1.901902e-01 -5.050530e-02  2.928042e-01 8.828509e-02
 1.911912e-01  2.112152e-02  2.986115e-01 8.961497e-02
 1.921922e-01  9.244693e-02  2.870048e-01 9.091818e-02
 1.931932e-01  1.592723e-01  2.585054e-01 9.219272e-02
 1.941942e-01  2.176413e-01  2.146366e-01 9.343661e-02
 1.951952e-01  2.640760e-01  1.578345e-01 9.464788e-02
 1.961962e-01  2.957833e-01  9.130556e-02 9.582447e-02
 1.971972e-01  3.108204e-01  1.883793e-02 9.696419e-02
 1.981982e-01  3.082098e-01 -5.542124e-02 9.806480e-02
 1.991992e-01  2.879963e-01 -1.272090e-01 9.912401e-02
 2.002002e-01  2.512438e-01 -1.923958e-01 1.001396e-01
 2.012012e-01  1.999718e-01 -2.472259e-01 1.011093e-01
 2.022022e-01  1.370366e-01 -2.885346e-01 1.020312e-01
 2.032032e-01  6.596415e-02 -3.139299e-01 1.029032e-01
 2.042042e-01 -9.255700e-03 -3.219283e-01 1.037235e-01
 2.052052e-01 -8.439980e-02 -3.120362e-01 1.044899e-01
 2.062062e-01 -1.552547e-01 -2.847749e-01 1.052007e-01
 2.072072e-01 -2.178570e-01 -2.416448e-01 1.058539e-01
 2.082082e-01 -2.687177e-01 -1.850357e-01 1.064474e-01
 2.092092e-01 -3.050167e-01 -1.180855e-01 1.069794e-01
 2.102102e-01 -3.247583e-01 -4.449788e-02 1.074480e-01
 2.112112e-01 -3.268768e-01  3.167045e-02 1.078515e-01
 2.122122e-01 -3.112896e-01  1.062400e-01 1.081882e-01
 2.132132e-01 -2.788929e-01  1.751437e-01 1.084566e-01
 2.142142e-01 -2.315028e-01  2.346522e-01 1.086552e-01
 2.152152e-01 -1.717451e-01  2.815782e-01 1.087827e-01
 2.162162e-01 -1.029016e-01  3.134468e-01 1.088376e-01
 2.172172e-01 -2.872115e-02  3.286243e-01 1.088189e-01
 2.182182e-01  4.679200e-02  3.263980e-01 1.087252e-01
 2.192192e-01  1.196011e-01  3.070033e-01 1.085555e-01
 2.202202e-01  1.858579e-01  2.715985e-01 1.083089e-01
 2.212212e-01  2.421097e-01  2.221881e-01 1.079846e-01
 2.222222e-01  2.854807e-01  1.615019e-01 1.075821e-01
 2.232232e-01  3.138191e-01  9.283564e-02 1.071009e-01
 2.242242e-01  3.258006e-01  1.986379e-02 1.065406e-01
 2.252252e-01  3.209859e-01 -5.356430e-02 1.059011e-01
 2.262262e-01  2.998283e-01 -1.236341e-01 1.051824e-01
 2.272272e-01  2.636322e-01 -1.867688e-01 1.043845e-01
 2.282282e-01  2.144676e-01 -2.398154e-01 1.035078e-01
 2.292292e-01  1.550439e-01 -2.802033e-01 1.025525e-01
 2.302302e-01  8.855347e-02 -3.060681e-01 1.015194e-01
 2.312312e-01  1.849189e-02 -3.163340e-01 1.004091e-01
 2.322322e-01 -5.153254e-02 -3.107524e-01 9.922264e-02
 2.332332e-01 -1.179909e-01 -2.898951e-01 9.796100e-02
 2.342342e-01 -1.776161e-01 -2.551038e-01 9.662544e-02
 2.352352e-01 -2.275667e-01 -2.084004e-01 9.521733e-02
 2.362362e-01 -2.655627e-01 -1.523634e-01 9.373816e-02
 2.372372e-01 -2.899886e-01 -8.997885e-02 9.218960e-02
 2.382382e-01 -2.999575e-01 -2.447419e-02 9.057347e-02
 2.392392e-01 -2.953347e-01  4.085533e-02 8.889172e-02
 2.402402e-01 -2.767217e-01  1.028182e-01 8.714650e-02
 2.412412e-01 -2.454017e-01  1.584870e-01 8.534014e-02
 2.422422e-01 -2.032509e-01  2.053392e-01 8.347510e-02
 2.432432e-01 -1.526225e-01  2.413720e-01 8.155409e-02
 2.442442e-01 -9.621012e-02  2.651859e-01 7.957993e-02
 2.452452e-01 -3.689803e-02  2.760330e-01 7.755568e-02
 2.462462e-01  2.239196e-02  2.738306e-01 7.548458e-02
 2.472472e-01  7.884992e-02  2.591384e-01 7.337004e-02
 2.482482e-01  1.299150e-01  2.331047e-01 7.121570e-02
 2.492492e-01  1.733939e-01  1.973827e-01 6.902538e-02
 2.502503e-01  2.075550e-01  1.540261e-01 6.680313e-02
 2.512513e-01  2.311946e-01  1.053670e-01 6.455316e-02
 2.522523e-01  2.436722e-01  5.388618e-02 6.227987e-02
 2.532533e-01  2.449153e-01  2.081624e-03 5.998784e-02
 2.542543e-01  2.353944e-01 -4.765774e-02 5.768180e-02
 2.552553e-01  2.160712e-01 -9.316570e-02 5.536660e-02
 2.562563e-01  1.883235e-01 -1.325952e-01 5.304723e-02
 2.572573e-01  1.538535e-01 -1.644928e-01 5.072878e-02
 2.582583e-01  1.145831e-01 -1.878487e-01 4.841642e-02
 2.592593e-01  7.254470e-02 -2.021204e-01 4.611539e-02
 2.602603e-01  2.977212e-02 -2.072308e-01 4.383098e-02
 2.612613e-01 -1.180179e-02 -2.035418e-01 4.156854e-02
 2.622623e-01 -5.043575e-02 -1.918063e-01 3.933343e-02
 2.632633e-01 -8.465473e-02 -1.731029e-01 3.713104e-02
 2.642643e-01 -1.133054e-01 -1.487570e-01 3.496676e-02
 2.652653e-01 -1.355908e-01 -1.202545e-01 3.284601e-02
 2.662663e-01 -1.510827e-01 -8.915287e-02 3.077421e-02
 2.672673e-01 -1.597136e-01 -5.699449e-02 2.875681e-02
 2.682683e-01 -1.617493e-01 -2.522741e-02 2.679926e-02
 2.692693e-01 -1.577447e-01  4.862603e-03 2.490704e-02
 2.702703e-01 -1.484872e-01  3.220549e-02 2.308565e-02
 2.712713e-01 -1.349312e-01  5.598385e-02 2.134062e-02
 2.722723e-01 -1.181282e-01  7.565205e-02 1.967749e-02
 2.732733e-01 -9.915715e-02  9.093784e-02 1.810183e-02
 2.742743e-01 -7.905942e-02  1.018273e-01 1.661919e-02
 2.752753e-01 -5.878113e-02  1.085353e-01 1.523513e-02
 2.762763e-01 -3.912696e-02  1.114640e-01 1.395515e-02
 2.772773e-01 -2.072713e-02  1.111536e-01 1.278473e-02
 2.782783e-01 -4.018711e-03  1.082271e-01 1.172925e-02
 2.792793e-01  1.075815e-02  1.033356e-01 1.079398e-02
 2.802803e-01  2.354991e-02  9.710543e-02 9.984064e-03
 2.812813e-01  3.446660e-02  9.009189e-02 9.304495e-03
 2.822823e-01  4.374833e-02  8.274150e-02 8.760072e-03
 2.832833e-01  5.172419e-02  7.536585e-02 8.355402e-03
 2.842843e-01  5.876662e-02  6.812755e-02 8.094879e-03
 2.852853e-01  6.524478e-02  6.103933e-02 7.982681e-03
 2.862863e-01  7.148013e-02  5.397557e-02 8.022770e-03
 2.872873e-01  7.770737e-02  4.669545e-02 8.218901e-03
 2.882883e-01  8.404356e-02  3.887560e-02 8.574632e-03
 2.892893e-01  9.046725e-02  3.014989e-02 9.093340e-03
 2.902903e-01  9.680950e-02  2.015346e-02 9.778241e-03
 2.912913e-01  1.027570e-01  8.567884e-03 1.063240e-02
 2.922923e-01  1.078673e-01 -4.835800e-03 1.165875e-02
 2.932933e-01  1.115961e-01 -2.015910e-02 1.286007e-02
 2.942943e-01  1.133327e-01 -3.734603e-02 1.423903e-02
 2.952953e-01  1.124447e-01 -5.616304e-02 1.579810e-02
 2.962963e-01  1.083260e-01 -7.619087e-02 1.753957e-02
 2.972973e-01  1.004474e-01 -9.682882e-02 1.946549e-02
 2.982983e-01  8.840505e-02 -1.173122e-01 2.157760e-02
 2.992993e-01  7.196513e-02 -1.367416e-01 2.387723e-02
 3.003003e-01  5.110009e-02 -1.541236e-01 2.636529e-02
 3.013013e-01  2.601548e-02 -1.684200e-01 2.904212e-02
 3.023023e-01 -2.835605e-03 -1.786040e-01 3.190744e-02
 3.033033e-01 -3.475143e-02 -1.837189e-01 3.496028e-02
 3.043043e-01 -6.879464e-02 -1.829378e-01 3.819895e-02
 3.053053e-01 -1.038193e-01 -1.756204e-01 4.162096e-02
 3.063063e-01 -1.385110e-01 -1.613623e-01 4.522309e-02
 3.073073e-01 -1.714385e-01 -1.400365e-01 4.900139e-02
 3.083083e-01 -2.011148e-01 -1.118219e-01 5.295129e-02
 3.093093e-01 -2.260640e-01 -7.721887e-02 5.706769e-02
 3.103103e-01 -2.448929e-01 -3.704884e-02 6.134516e-02
 3.113113e-01 -2.563609e-01  7.560971e-03 6.577807e-02
 3.123123e-01 -2.594472e-01  5.520892e-02 7.036085e-02
 3.133133e-01 -2.534109e-01  1.042647e-01 7.508820e-02
 3.143143e-01 -2.378408e-01  1.529281e-01 7.995527e-02
 3.153153e-01 -2.126927e-01  1.992981e-01 8.495789e-02
 3.163163e-01 -1.783108e-01  2.414497e-01 9.009270e-02
 3.173173e-01 -1.354341e-01  2.775155e-01 9.535725e-02
 3.183183e-01 -8.518419e-02  3.057674e-01 1.007501e-01
 3.193193e-01 -2.903665e-02  3.246958e-01 1.062705e-01
 3.203203e-01  3.122419e-02  3.330822e-01 1.119187e-01
 3.213213e-01  9.356523e-02  3.300620e-01 1.176953e-01
 3.223223e-01  1.557773e-01  3.151740e-01 1.236012e-01
 3.233233e-01  2.155573e-01  2.883956e-01 1.296370e-01
 3.243243e-01  2.705971e-01  2.501595e-01 1.358026e-01
 3.253253e-01  3.186748e-01  2.013531e-01 1.420967e-01
 3.263263e-01  3.577456e-01  1.432991e-01 1.485165e-01
 3.273273e-01  3.860270e-01  7.771769e-02 1.550569e-01
 3.283283e-01  4.020768e-01  6.672459e-03 1.617103e-01
 3.293293e-01  4.048580e-01 -6.749934e-02 1.684662e-01
 3.303303e-01  3.937902e-01 -1.422684e-01 1.753110e-01
 3.313313e-01  3.687837e-01 -2.150044e-01 1.822283e-01
 3.323323e-01  3.302553e-01 -2.830726e-01 1.891986e-01
 3.333333e-01  2.791248e-01 -3.439326e-01 1.962003e-01
 3.343343e-01  2.167921e-01 -3.952350e-01 2.032095e-01
 3.353353e-01  1.450957e-01 -4.349126e-01 2.102017e-01
 3.363363e-01  6.625387e-02 -4.612618e-01 2.171520e-01
 3.373373e-01 -1.720902e-02 -4.730120e-01 2.240365e-01
 3.383383e-01 -1.025488e-01 -4.693796e-01 2.308335e-01
 3.393393e-01 -1.868971e-01 -4.501041e-01 2.375242e-01
 3.403403e-01 -2.673617e-01 -4.154659e-01 2.440942e-01
 3.413413e-01 -3.411305e-01 -3.662843e-01 2.505342e-01
 3.423423e-01 -4.055711e-01 -3.038957e-01 2.568405e-01
 3.433433e-01 -4.583272e-01 -2.301129e-01 2.630157e-01
 3.443443e-01 -4.974035e-01 -1.471670e-01 2.690684e-01
 3.453453e-01 -5.212399e-01 -5.763436e-02 2.750127e-01
 3.463463e-01 -5.287695e-01  3.564983e-02 2.808681e-01
 3.473473e-01 -5.194600e-01  1.296868e-01 2.866574e-01
 3.483483e-01 -4.933363e-01  2.214161e-01 2.924058e-01
 3.493493e-01 -4.509834e-01  3.078194e-01 2.981389e-01
 3.503504e-01 -3.935305e-01  3.860234e-01 3.038803e-01
 3.513514e-01 -3.226153e-01  4.533978e-01 3.096502e-01
 3.523524e-01 -2.403317e-01  5.076445e-01 3.154623e-01
 3.533534e-01 -1.491617e-01  5.468761e-01 3.213227e-01
 3.543544e-01 -5.189357e-02  5.696795e-01 3.272277e-01
 3.553554e-01  4.846918e-02  5.751640e-01 3.331629e-01
 3.563564e-01  1.488066e-01  5.629913e-01 3.391026e-01
 3.573574e-01  2.459839e-01  5.333869e-01 3.450097e-01
 3.583584e-01  3.369543e-01  4.871328e-01 3.508366e-01
 3.593594e-01  4.188566e-01  4.255417e-01 3.565266e-01
 3.603604e-01  4.891080e-01  3.504137e-01 3.620164e-01
 3.613614e-01  5.454857e-01  2.639779e-01 3.672389e-01
 3.623624e-01  5.861967e-01  1.688195e-01 3.721266e-01
 3.633634e-01  6.099337e-01  6.779672e-02 3.766155e-01
 3.643644e-01  6.159134e-01 -3.605076e-02 3.806490e-01
 3.653654e-01  6.038989e-01 -1.395984e-01 3.841816e-01
 3.663664e-01  5.742039e-01 -2.397349e-01 3.871829e-01
 3.673674e-01  5.276791e-01 -3.334590e-01 3.896401e-01
 3.683684e-01  4.656821e-01 -4.179717e-01 3.915602e-01
 3.693694e-01  3.900316e-01 -4.907610e-01 3.929711e-01
 3.703704e-01  3.029479e-01 -5.496765e-01 3.939217e-01
 3.713714e-01  2.069809e-01 -5.929917e-01 3.944802e-01
 3.723724e-01  1.049300e-01 -6.194525e-01 3.947317e-01
 3.733734e-01 -2.435337e-04 -6.283103e-01 3.947739e-01
 3.743744e-01 -1.055070e-01 -6.193392e-01 3.947128e-01
 3.753754e-01 -2.078484e-01 -5.928362e-01 3.946557e-01
 3.763764e-01 -3.043654e-01 -5.496068e-01 3.947060e-01
 3.773774e-01 -3.923504e-01 -4.909344e-01 3.949554e-01
 3.783784e-01 -4.693675e-01 -4.185362e-01 3.954784e-01
 3.793794e-01 -5.333204e-01 -3.345067e-01 3.963253e-01
 3.803804e-01 -5.825085e-01 -2.412516e-01 3.975185e-01
 3.813814e-01 -6.156708e-01 -1.414130e-01 3.990481e-01
 3.823824e-01 -6.320146e-01 -3.778962e-02 4.008705e-01
 3.833834e-01 -6.312317e-01  6.674649e-02 4.029086e-01
 3.843844e-01 -6.134983e-01  1.693328e-01 4.050538e-01
 3.853854e-01 -5.794618e-01  2.671977e-01 4.071706e-01
 3.863864e-01 -5.302139e-01  3.577376e-01 4.091030e-01
 3.873874e-01 -4.672515e-01  4.385866e-01 4.106822e-01
 3.883884e-01 -3.924269e-01  5.076785e-01 4.117364e-01
 3.893894e-01 -3.078890e-01  5.632984e-01 4.121007e-01
 3.903904e-01 -2.160172e-01  6.041231e-01 4.116281e-01
 3.913914e-01 -1.193512e-01  6.292494e-01 4.101995e-01
 3.923924e-01 -2.051697e-02  6.382097e-01 4.077326e-01
 3.933934e-01  7.784671e-02  6.309756e-01 4.041904e-01
 3.943944e-01  1.731610e-01  6.079481e-01 3.995856e-01
 3.953954e-01  2.629755e-01  5.699369e-01 3.939842e-01
 3.963964e-01  3.450318e-01  5.181292e-01 3.875048e-01
 3.973974e-01  4.173194e-01  4.540480e-01 3.803150e-01
 3.983984e-01  4.781239e-01  3.795035e-01 3.726254e-01
 3.993994e-01  5.260651e-01  2.965378e-01 3.646791e-01
 4.004004e-01  5.601254e-01  2.073642e-01 3.567404e-01
 4.014014e-01  5.796675e-01  1.143052e-01 3.490801e-01
 4.024024e-01  5.844409e-01  1.972812e-02 3.419603e-01
 4.034034e-01  5.745781e-01 -7.401731e-02 3.356186e-01
 4.044044e-01  5.505816e-01 -1.646598e-01 3.302530e-01
 4.054054e-01  5.132997e-01 -2.500625e-01 3.260079e-01
 4.064064e-01  4.638959e-01 -3.282742e-01 3.229634e-01
 4.074074e-01  4.038097e-01 -3.975731e-01 3.211267e-01
 4.084084e-01  3.347124e-01 -4.565043e-01 3.204286e-01
 4.094094e-01  2.584577e-01 -5.039076e-01 3.207232e-01
 4.104104e-01  1.770299e-01 -5.389376e-01 3.217933e-01
 4.114114e-01  9.249053e-02 -5.610749e-01 3.233595e-01
 4.124124e-01  6.924168e-03 -5.701281e-01 3.250940e-01
 4.134134e-01 -7.761337e-02 -5.662275e-01 3.266374e-01
 4.144144e-01 -1.591448e-01 -5.498111e-01 3.276193e-01
 4.154154e-01 -2.358171e-01 -5.216031e-01 3.276795e-01
 4.164164e-01 -3.059426e-01 -4.825859e-01 3.264900e-01
 4.174174e-01 -3.680344e-01 -4.339667e-01 3.237764e-01
 4.184184e-01 -4.208347e-01 -3.771406e-01 3.193369e-01
 4.194194e-01 -4.633380e-01 -3.136489e-01 3.130577e-01
 4.204204e-01 -4.948053e-01 -2.451373e-01 3.049246e-01
 4.214214e-01 -5.147728e-01 -1.733116e-01 2.950280e-01
 4.224224e-01 -5.230528e-01 -9.989515e-02 2.835633e-01
 4.234234e-01 -5.197279e-01 -2.658636e-02 2.708240e-01
 4.244244e-01 -5.051396e-01  4.498019e-02 2.571893e-01
 4.254254e-01 -4.798706e-01  1.132704e-01 2.431059e-01
 4.264264e-01 -4.447221e-01  1.768823e-01 2.290651e-01
 4.274274e-01 -4.006880e-01  2.345747e-01 2.155762e-01
 4.284284e-01 -3.489245e-01  2.852883e-01 2.031377e-01
 4.294294e-01 -2.907177e-01  3.281644e-01 1.922087e-01
 4.304304e-01 -2.274504e-01  3.625554e-01 1.831801e-01
 4.314314e-01 -1.605669e-01  3.880316e-01 1.763502e-01
 4.324324e-01 -9.153929e-02  4.043816e-01 1.719040e-01
 4.334334e-01 -2.183408e-02  4.116083e-01 1.698981e-01
 4.344344e-01  4.711950e-02  4.099188e-01 1.702536e-01
 4.354354e-01  1.139584e-01  3.997117e-01 1.727559e-01
 4.364364e-01  1.774120e-01  3.815591e-01 1.770624e-01
 4.374374e-01  2.363252e-01  3.561865e-01 1.827184e-01
 4.384384e-01  2.896772e-01  3.244490e-01 1.891800e-01
 4.394394e-01  3.365968e-01  2.873068e-01 1.958426e-01
 4.404404e-01  3.763736e-01  2.457988e-01 2.020741e-01
 4.414414e-01  4.084649e-01  2.010157e-01 2.072509e-01
 4.424424e-01  4.324993e-01  1.540734e-01 2.107942e-01
 4.434434e-01  4.482749e-01  1.060869e-01 2.122048e-01
 4.444444e-01  4.557560e-01  5.814564e-02 2.110944e-01
 4.454454e-01  4.550649e-01  1.129082e-02 2.072116e-01
 4.464464e-01  4.464719e-01 -3.350604e-02 2.004598e-01
 4.474474e-01  4.303815e-01 -7.536076e-02 1.909075e-01
 4.484484e-01  4.073186e-01 -1.134925e-01 1.787890e-01
 4.494494e-01  3.779110e-01 -1.472356e-01 1.644951e-01
 4.504505e-01  3.428724e-01 -1.760497e-01 1.485550e-01
 4.514515e-01  3.029835e-01 -1.995255e-01 1.316094e-01
 4.524525e-01  2.590745e-01 -2.173881e-01 1.143772e-01
 4.534535e-01  2.120059e-01 -2.294966e-01 9.761519e-02
 4.544545e-01  1.626517e-01 -2.358422e-01 8.207711e-02
 4.554555e-01  1.118819e-01 -2.365419e-01 6.846962e-02
 4.564565e-01  6.054810e-02 -2.318313e-01 5.741182e-02
 4.574575e-01  9.468460e-03 -2.220542e-01 4.939770e-02
 4.584585e-01 -4.058374e-02 -2.076511e-01 4.476604e-02
 4.594595e-01 -8.889113e-02 -1.891460e-01 4.367784e-02
 4.604605e-01 -1.348005e-01 -1.671318e-01 4.610423e-02
 4.614615e-01 -1.777298e-01 -1.422553e-01 5.182445e-02
 4.624625e-01 -2.171725e-01 -1.152019e-01 6.043535e-02
 4.634635e-01 -2.527011e-01 -8.667900e-02 7.137107e-02
 4.644645e-01 -2.839677e-01 -5.740188e-02 8.393264e-02
 4.654655e-01 -3.107043e-01 -2.807726e-02 9.732548e-02
 4.664665e-01 -3.327200e-01  6.097141e-04 1.107030e-01
 4.674675e-01 -3.498988e-01  2.800996e-02 1.232137e-01
 4.684685e-01 -3.621947e-01  5.352130e-02 1.340495e-01
 4.694695e-01 -3.696269e-01  7.660052e-02 1.424917e-01
 4.704705e-01 -3.722739e-01  9.677126e-02 1.479525e-01
 4.714715e-01 -3.702673e-01  1.136332e-01 1.500104e-01
 4.724725e-01 -3.637856e-01  1.268662e-01 1.484350e-01
 4.734735e-01 -3.530471e-01  1.362370e-01 1.432027e-01
 4.744745e-01 -3.383041e-01  1.415990e-01 1.344999e-01
 4.754755e-01 -3.198361e-01  1.428963e-01 1.227145e-01
 4.764765e-01 -2.979450e-01  1.401598e-01 1.084160e-01
 4.774775e-01 -2.729482e-01  1.335081e-01 9.232512e-02
 4.784785e-01 -2.451761e-01  1.231404e-01 7.527489e-02
 4.794795e-01 -2.149655e-01  1.093353e-01 5.816436e-02
 4.804805e-01 -1.826597e-01  9.243935e-02 4.190961e-02
 4.814815e-01 -1.486004e-01  7.286657e-02 2.739160e-02
 4.824825e-01 -1.131343e-01  5.107988e-02 1.540853e-02
 4.834835e-01 -7.659721e-02  2.759791e-02 6.628778e-03
 4.844845e-01 -3.934050e-02  2.952208e-03 1.556391e-03
 4.854855e-01 -1.662031e-03 -2.216257e-02 4.939421e-04
 4.864865e-01  3.595999e-02 -4.616084e-02 3.423944e-03
 4.874875e-01  7.153861e-02 -6.726214e-02 9.641968e-03
 4.884885e-01  1.029562e-01 -8.387287e-02 1.763465e-02
 4.894895e-01  1.283737e-01 -9.469050e-02 2.544611e-02
 4.904905e-01  1.462791e-01 -9.881453e-02 3.116189e-02
 4.914915e-01  1.555989e-01 -9.580757e-02 3.339010e-02
 4.924925e-01  1.557480e-01 -8.574142e-02 3.160904e-02
 4.934935e-01  1.466719e-01 -6.919367e-02 2.630042e-02
 4.944945e-01  1.288488e-01 -4.722086e-02 1.883183e-02
 4.954955e-01  1.032665e-01 -2.128586e-02 1.111705e-02
 4.964965e-01  7.137023e-02  6.833356e-03 5.140404e-03
 4.974975e-01  3.498142e-02  3.516986e-02 2.460619e-03
 4.984985e-01 -3.799755e-03  6.169763e-02 3.821035e-03
 4.994995e-01 -4.271685e-02  8.448005e-02 8.961608e-03
 5.005005e-01 -7.947876e-02  1.018016e-01 1.668044e-02
 5.015015e-01 -1.118984e-01  1.123006e-01 2.513268e-02
 5.025025e-01 -1.380110e-01  1.150640e-01 3.228675e-02
 5.035035e-01 -1.562008e-01  1.097098e-01 3.643491e-02
 5.045045e-01 -1.652867e-01  9.641472e-02 3.661551e-02
 5.055055e-01 -1.646126e-01  7.592547e-02 3.286197e-02
 5.065065e-01 -1.540751e-01  4.950471e-02 2.618984e-02
 5.075075e-01 -1.341610e-01  1.887045e-02 1.835527e-02
 5.085085e-01 -1.059029e-01 -1.393369e-02 1.140957e-02
 5.095095e-01 -7.086138e-02 -4.664946e-02 7.197507e-03
 5.105105e-01 -3.100216e-02 -7.698743e-02 6.888199e-03
 5.115115e-01  1.135569e-02 -1.027451e-01 1.068552e-02
 5.125125e-01  5.374603e-02 -1.220182e-01 1.777707e-02
 5.135135e-01  9.358352e-02 -1.332576e-01 2.651546e-02
 5.145145e-01  1.285017e-01 -1.355190e-01 3.487809e-02
 5.155155e-01  1.561244e-01 -1.282822e-01 4.083114e-02
 5.165165e-01  1.757360e-01 -1.125215e-01 4.354425e-02
 5.175175e-01  1.928785e-01 -9.333529e-02 4.591358e-02
 5.185185e-01  2.081694e-01 -7.165436e-02 4.846884e-02
 5.195195e-01  2.210581e-01 -4.752988e-02 5.112578e-02
 5.205205e-01  2.312503e-01 -2.125476e-02 5.392848e-02
 5.215215e-01  2.383567e-01  6.910629e-03 5.686167e-02
 5.225225e-01  2.420834e-01  3.660118e-02 5.994401e-02
 5.235235e-01  2.421281e-01  6.743344e-02 6.317330e-02
 5.245245e-01  2.382643e-01  9.895170e-02 6.656133e-02
 5.255255e-01  2.302938e-01  1.306737e-01 7.011086e-02
 5.265265e-01  2.180962e-01  1.620650e-01 7.383100e-02
 5.275275e-01  2.016030e-01  1.925702e-01 7.772707e-02
 5.285285e-01  1.808307e-01  2.216016e-01 8.180700e-02
 5.295295e-01  1.558638e-01  2.485642e-01 8.607770e-02
 5.305305e-01  1.268783e-01  2.728526e-01 9.054662e-02
 5.315315e-01  9.412812e-02  2.938735e-01 9.522175e-02
 5.325325e-01  5.796092e-02  3.110481e-01 1.001104e-01
 5.335335e-01  1.880597e-02  3.238330e-01 1.052214e-01
 5.345345e-01 -2.281728e-02  3.317252e-01 1.105623e-01
 5.355355e-01 -6.631198e-02  3.342829e-01 1.161423e-01
 5.365365e-01 -1.110014e-01  3.311313e-01 1.219693e-01
 5.375375e-01 -1.561440e-01  3.219817e-01 1.280531e-01
 5.385385e-01 -2.009363e-01  3.066374e-01 1.344019e-01
 5.395395e-01 -2.445307e-01  2.850100e-01 1.410260e-01
 5.405405e-01 -2.860434e-01  2.571243e-01 1.479337e-01
 5.415415e-01 -3.245751e-01  2.231299e-01 1.551360e-01
 5.425425e-01 -3.592231e-01  1.833039e-01 1.626415e-01
 5.435435e-01 -3.891035e-01  1.380575e-01 1.704614e-01
 5.445445e-01 -4.133674e-01  8.793445e-02 1.786051e-01
 5.455455e-01 -4.312237e-01  3.361167e-02 1.870836e-01
 5.465465e-01 -4.419568e-01 -2.410758e-02 1.959070e-01
 5.475475e-01 -4.449496e-01 -8.429922e-02 2.050865e-01
 5.485485e-01 -4.397006e-01 -1.459314e-01 2.146326e-01
 5.495495e-01 -4.258450e-01 -2.078768e-01 2.245567e-01
 5.505506e-01 -4.031696e-01 -2.689314e-01 2.348698e-01
 5.515516e-01 -3.716299e-01 -3.278333e-01 2.455834e-01
 5.525526e-01 -3.313604e-01 -3.832872e-01 2.567088e-01
 5.535536e-01 -2.826862e-01 -4.339886e-01 2.682576e-01
 5.545546e-01 -2.261269e-01 -4.786524e-01 2.802415e-01
 5.555556e-01 -1.623999e-01 -5.160412e-01 2.926722e-01
 5.565566e-01 -9.241665e-02 -5.449963e-01 3.055618e-01
 5.575576e-01 -1.727719e-02 -5.644673e-01 3.189218e-01
 5.585586e-01  6.174345e-02 -5.735437e-01 3.327646e-01
 5.595596e-01  1.432102e-01 -5.714829e-01 3.471018e-01
 5.605606e-01  2.255511e-01 -5.577388e-01 3.619459e-01
 5.615616e-01  3.070820e-01 -5.319860e-01 3.773085e-01
 5.625626e-01  3.860386e-01 -4.941419e-01 3.932020e-01
 5.635636e-01  4.606098e-01 -4.443835e-01 4.096381e-01
 5.645646e-01  5.289775e-01 -3.831607e-01 4.266293e-01
 5.655656e-01  5.893556e-01 -3.112024e-01 4.441870e-01
 5.665666e-01  6.400350e-01 -2.295183e-01 4.623235e-01
 5.675676e-01  6.794263e-01 -1.393922e-01 4.810502e-01
 5.685686e-01  7.061049e-01 -4.237007e-02 5.003793e-01
 5.695696e-01  7.188537e-01  5.976044e-02 5.203219e-01
 5.705706e-01  7.167049e-01  1.649963e-01 5.408898e-01
 5.715716e-01  6.989774e-01  2.711539e-01 5.620939e-01
 5.725726e-01  6.653106e-01  3.759088e-01 5.839456e-01
 5.735736e-01  6.156914e-01  4.768434e-01 6.064555e-01
 5.745746e-01  5.504766e-01  5.714980e-01 6.296345e-01
 5.755756e-01  4.704048e-01  6.574285e-01 6.534928e-01
 5.765766e-01  3.766020e-01  7.322647e-01 6.780407e-01
 5.775776e-01  2.705765e-01  7.937735e-01 7.032880e-01
 5.785786e-01  1.542047e-01  8.399196e-01 7.292440e-01
 5.795796e-01  2.970605e-02  8.689280e-01 7.559183e-01
 5.805806e-01 -1.003911e-01  8.793412e-01 7.833193e-01
 5.815816e-01 -2.332954e-01  8.700742e-01 8.114559e-01
 5.825826e-01 -3.660056e-01  8.404616e-01 8.403357e-01
 5.835836e-01 -4.953745e-01  7.902979e-01 8.699667e-01
 5.845846e-01 -6.181790e-01  7.198684e-01 9.003558e-01
 5.855856e-01 -7.311973e-01  6.299686e-01 9.315099e-01
 5.865866e-01 -8.312897e-01  5.219123e-01 9.634350e-01
 5.875876e-01 -9.154832e-01  3.975267e-01 9.961370e-01
 5.885886e-01 -9.810561e-01  2.591329e-01 1.029621e+00
 5.895896e-01 -1.025621e+00  1.095133e-01 1.063891e+00
 5.905906e-01 -1.047203e+00 -4.813524e-02 1.098952e+00
 5.915916e-01 -1.044316e+00 -2.102627e-01 1.134807e+00
 5.925926e-01 -1.016022e+00 -3.730391e-01 1.171458e+00
 5.935936e-01 -9.619857e-01 -5.324399e-01 1.208909e+00
 5.945946e-01 -8.825167e-01 -6.843415e-01 1.247159e+00
 5.955956e-01 -7.785915e-01 -8.246245e-01 1.286210e+00
 5.965966e-01 -6.518625e-01 -9.492828e-01 1.326063e+00
 5.975976e-01 -5.046480e-01 -1.054536e+00 1.366715e+00
 5.985986e-01 -3.399038e-01 -1.136940e+00 1.408167e+00
 5.995996e-01 -1.611754e-01 -1.193498e+00 1.450415e+00
 6.006006e-01  2.746840e-02 -1.221762e+00 1.493456e+00
 6.016016e-01  2.215198e-01 -1.219925e+00 1.537288e+00
 6.026026e-01  4.161333e-01 -1.186903e+00 1.581905e+00
 6.036036e-01  6.062416e-01 -1.122396e+00 1.627302e+00
 6.046046e-01  7.866837e-01 -1.026938e+00 1.673472e+00
 6.056056e-01  9.523425e-01 -9.019164e-01 1.720409e+00
 6.066066e-01  1.098288e+00 -7.495783e-01 1.768105e+00
 6.076076e-01  1.219924e+00 -5.730050e-01 1.816550e+00
 6.086086e-01  1.313130e+00 -3.760657e-01 1.865735e+00
 6.096096e-01  1.374398e+00 -1.633447e-01 1.915650e+00
 6.106106e-01  1.400960e+00  5.995473e-02 1.966283e+00
 6.116116e-01  1.390900e+00  2.881301e-01 2.017621e+00
 6.126126e-01  1.343244e+00  5.151187e-01 2.069651e+00
 6.136136e-01  1.258031e+00  7.346547e-01 2.122359e+00
 6.146146e-01  1.136356e+00  9.404395e-01 2.175731e+00
 6.156156e-01  9.803821e-01  1.126321e+00 2.229748e+00
 6.166166e-01  7.933279e-01  1.286479e+00 2.284396e+00
 6.176176e-01  5.794155e-01  1.415604e+00 2.339656e+00
 6.186186e-01  3.437920e-01  1.509078e+00 2.395509e+00
 6.196196e-01  9.241668e-02  1.563136e+00 2.451936e+00
 6.206206e-01 -1.680795e-01  1.575013e+00 2.508915e+00
 6.216216e-01 -4.305624e-01  1.543063e+00 2.566426e+00
 6.226226e-01 -6.875849e-01  1.466858e+00 2.624447e+00
 6.236236e-01 -9.315964e-01  1.347250e+00 2.682953e+00
 6.246246e-01 -1.155163e+00  1.186389e+00 2.741922e+00
 6.256256e-01 -1.351197e+00  9.877215e-01 2.801328e+00
 6.266266e-01 -1.513182e+00  7.559273e-01 2.861145e+00
 6.276276e-01 -1.635391e+00  4.968321e-01 2.921347e+00
 6.286286e-01 -1.713097e+00  2.172723e-01 2.981907e+00
 6.296296e-01 -1.742745e+00 -7.507435e-02 3.042797e+00
 6.306306e-01 -1.722116e+00 -3.718922e-01 3.103987e+00
 6.316316e-01 -1.650437e+00 -6.644596e-01 3.165449e+00
 6.326326e-01 -1.528463e+00 -9.439030e-01 3.227152e+00
 6.336336e-01 -1.358507e+00 -1.201467e+00 3.289065e+00
 6.346346e-01 -1.144428e+00 -1.428790e+00 3.351156e+00
 6.356356e-01 -8.915606e-01 -1.618182e+00 3.413393e+00
 6.366366e-01 -6.066061e-01 -1.762888e+00 3.475744e+00
 6.376376e-01 -2.974651e-01 -1.857334e+00 3.538175e+00
 6.386386e-01  2.696877e-02 -1.897347e+00 3.600652e+00
 6.396396e-01  3.570579e-01 -1.880333e+00 3.663141e+00
 6.406406e-01  6.827025e-01 -1.805415e+00 3.725606e+00
 6.416416e-01  9.936491e-01 -1.673521e+00 3.788012e+00
 6.426426e-01  1.279815e+00 -1.487413e+00 3.850324e+00
 6.436436e-01  1.531619e+00 -1.251658e+00 3.912506e+00
 6.446446e-01  1.740312e+00 -9.725394e-01 3.974520e+00
 6.456456e-01  1.898285e+00 -6.579098e-01 4.036330e+00
 6.466466e-01  1.999355e+00 -3.169828e-01 4.097898e+00
 6.476476e-01  2.039018e+00  3.992598e-02 4.159189e+00
 6.486486e-01  2.014646e+00  4.017042e-01 4.220163e+00
 6.496496e-01  1.925632e+00  7.567862e-01 4.280784e+00
 6.506507e-01  1.773477e+00  1.093523e+00 4.341014e+00
 6.516517e-01  1.561799e+00  1.400571e+00 4.400814e+00
 6.526527e-01  1.296279e+00  1.667276e+00 4.460147e+00
 6.536537e-01  9.845280e-01  1.884060e+00 4.518976e+00
 6.546547e-01  6.358913e-01  2.042769e+00 4.577261e+00
 6.556557e-01  2.611774e-01  2.136996e+00 4.634967e+00
 6.566567e-01 -1.276658e-01  2.162349e+00 4.692054e+00
 6.576577e-01 -5.179276e-01  2.116657e+00 4.748486e+00
 6.586587e-01 -8.965495e-01  2.000106e+00 4.804225e+00
 6.596597e-01 -1.250566e+00  1.815302e+00 4.859235e+00
 6.606607e-01 -1.567554e+00  1.567243e+00 4.913479e+00
 6.616617e-01 -1.836085e+00  1.263215e+00 4.966921e+00
 6.626627e-01 -2.046142e+00  9.125946e-01 5.019524e+00
 6.636637e-01 -2.189514e+00  5.265775e-01 5.071254e+00
 6.646647e-01 -2.260131e+00  1.178337e-01 5.122075e+00
 6.656657e-01 -2.254332e+00 -2.999028e-01 5.171953e+00
 6.666667e-01 -2.171058e+00 -7.122940e-01 5.220854e+00
 6.676677e-01 -2.011954e+00 -1.104892e+00 5.268745e+00
 6.686687e-01 -1.781378e+00 -1.463654e+00 5.315593e+00
 6.696697e-01 -1.486314e+00 -1.775454e+00 5.361365e+00
 6.706707e-01 -1.136177e+00 -2.028579e+00 5.406031e+00
 6.716717e-01 -7.425393e-01 -2.213187e+00 5.449560e+00
 6.726727e-01 -3.187569e-01 -2.321705e+00 5.491922e+00
 6.736737e-01  1.204753e-01 -2.349164e+00 5.533087e+00
 6.746747e-01  5.596293e-01 -2.293435e+00 5.573029e+00
 6.756757e-01  9.828962e-01 -2.155373e+00 5.611718e+00
 6.766767e-01  1.374762e+00 -1.938855e+00 5.649129e+00
 6.776777e-01  1.720589e+00 -1.650700e+00 5.685237e+00
 6.786787e-01  2.007178e+00 -1.300481e+00 5.720015e+00
 6.796797e-01  2.223293e+00 -9.002285e-01 5.753442e+00
 6.806807e-01  2.360121e+00 -4.640278e-01 5.785494e+00
 6.816817e-01  2.411658e+00 -7.536897e-03 5.816150e+00
 6.826827e-01  2.374987e+00  4.525748e-01 5.845389e+00
 6.836837e-01  2.250459e+00  8.992367e-01 5.873191e+00
 6.846847e-01  2.041736e+00  1.315618e+00 5.899539e+00
 6.856857e-01  1.755725e+00  1.685777e+00 5.924415e+00
 6.866867e-01  1.402369e+00  1.995286e+00 5.947802e+00
 6.876877e-01  9.943247e-01  2.231817e+00 5.969687e+00
 6.886887e-01  5.465268e-01  2.385658e+00 5.990054e+00
 6.896897e-01  7.564748e-02  2.450137e+00 6.008892e+00
 6.906907e-01 -4.005194e-01  2.421936e+00 6.026189e+00
 6.916917e-01 -8.637337e-01  2.301282e+00 6.041934e+00
 6.926927e-01 -1.296016e+00  2.091999e+00 6.056119e+00
 6.936937e-01 -1.680363e+00  1.801421e+00 6.068736e+00
 6.946947e-01 -2.001429e+00  1.440159e+00 6.079778e+00
 6.956957e-01 -2.246172e+00  1.021738e+00 6.089239e+00
 6.966967e-01 -2.404403e+00  5.621034e-01 6.097116e+00
 6.976977e-01 -2.469243e+00  7.902385e-02 6.103406e+00
 6.986987e-01 -2.437449e+00 -4.085935e-01 6.108106e+00
 6.996997e-01 -2.309603e+00 -8.814469e-01 6.111216e+00
 7.007007e-01 -2.090147e+00 -1.320614e+00 6.112737e+00
 7.017017e-01 -1.787258e+00 -1.708327e+00 6.112672e+00
 7.027027e-01 -1.412570e+00 -2.028711e+00 6.111022e+00
 7.037037e-01 -9.807489e-01 -2.268463e+00 6.107792e+00
 7.047047e-01 -5.089339e-01 -2.417431e+00 6.102988e+00
 7.057057e-01 -1.606254e-02 -2.469080e+00 6.096616e+00
 7.067067e-01  4.778866e-01 -2.420808e+00 6.088685e+00
 7.077077e-01  9.527096e-01 -2.274104e+00 6.079203e+00
 7.087087e-01  1.388817e+00 -2.034544e+00 6.068180e+00
 7.097097e-01  1.768059e+00 -1.711606e+00 6.055628e+00
 7.107107e-01  2.074510e+00 -1.318320e+00 6.041559e+00
 7.117117e-01  2.295159e+00 -8.707648e-01 6.025986e+00
 7.127127e-01  2.420502e+00 -3.874188e-01 6.008924e+00
 7.137137e-01  2.444982e+00  1.115928e-01 5.990388e+00
 7.147147e-01  2.367269e+00  6.053387e-01 5.970396e+00
 7.157157e-01  2.190366e+00  1.072968e+00 5.948963e+00
 7.167167e-01  1.921525e+00  1.494607e+00 5.926110e+00
 7.177177e-01  1.571979e+00  1.852225e+00 5.901855e+00
 7.187187e-01  1.156496e+00  2.130431e+00 5.876219e+00
 7.197197e-01  6.927704e-01  2.317173e+00 5.849223e+00
 7.207207e-01  2.006847e-01  2.404291e+00 5.820889e+00
 7.217217e-01 -2.985439e-01  2.387909e+00 5.791240e+00
 7.227227e-01 -7.832814e-01  2.268649e+00 5.760300e+00
 7.237237e-01 -1.232427e+00  2.051638e+00 5.728094e+00
 7.247247e-01 -1.626350e+00  1.746319e+00 5.694646e+00
 7.257257e-01 -1.947775e+00  1.366073e+00 5.659983e+00
 7.267267e-01 -2.182568e+00  9.276470e-01 5.624131e+00
 7.277277e-01 -2.320394e+00  4.504348e-01 5.587118e+00
 7.287287e-01 -2.355208e+00 -4.437494e-02 5.548972e+00
 7.297297e-01 -2.285558e+00 -5.347402e-01 5.509721e+00
 7.307307e-01 -2.114682e+00 -9.987567e-01 5.469395e+00
 7.317317e-01 -1.850392e+00 -1.415652e+00 5.428022e+00
 7.327327e-01 -1.504746e+00 -1.766741e+00 5.385633e+00
 7.337337e-01 -1.093524e+00 -2.036287e+00 5.342259e+00
 7.347347e-01 -6.355223e-01 -2.212248e+00 5.297930e+00
 7.357357e-01 -1.517095e-01 -2.286845e+00 5.252678e+00
 7.367367e-01  3.357355e-01 -2.256948e+00 5.206534e+00
 7.377377e-01  8.044443e-01 -2.124241e+00 5.159530e+00
 7.387387e-01  1.232899e+00 -1.895167e+00 5.111699e+00
 7.397397e-01  1.601443e+00 -1.580650e+00 5.063073e+00
 7.407407e-01  1.893206e+00 -1.195598e+00 5.013685e+00
 7.417417e-01  2.094915e+00 -7.582194e-01 4.963567e+00
 7.427427e-01  2.197528e+00 -2.891745e-01 4.912753e+00
 7.437437e-01  2.196680e+00  1.893962e-01 4.861275e+00
 7.447447e-01  2.092904e+00  6.549197e-01 4.809167e+00
 7.457457e-01  1.891619e+00  1.085467e+00 4.756462e+00
 7.467467e-01  1.602884e+00  1.460806e+00 4.703193e+00
 7.477477e-01  1.240924e+00  1.763378e+00 4.649394e+00
 7.487487e-01  8.234520e-01  1.979147e+00 4.595097e+00
 7.497497e-01  3.708178e-01  2.098292e+00 4.540335e+00
 7.507508e-01 -9.497700e-02  2.115685e+00 4.485142e+00
 7.517518e-01 -5.513503e-01  2.031148e+00 4.429550e+00
 7.527528e-01 -9.762438e-01  1.849470e+00 4.373592e+00
 7.537538e-01 -1.349207e+00  1.580171e+00 4.317300e+00
 7.547548e-01 -1.652407e+00  1.237035e+00 4.260707e+00
 7.557558e-01 -1.871509e+00  8.374343e-01 4.203843e+00
 7.567568e-01 -1.996390e+00  4.014588e-01 4.146742e+00
 7.577578e-01 -2.021639e+00 -4.907918e-02 4.089434e+00
 7.587588e-01 -1.946829e+00 -4.917399e-01 4.031950e+00
 7.597598e-01 -1.776528e+00 -9.045815e-01 3.974320e+00
 7.607608e-01 -1.520071e+00 -1.267265e+00 3.916576e+00
 7.617618e-01 -1.191076e+00 -1.562077e+00 3.858746e+00
 7.627628e-01 -8.067463e-01 -1.774830e+00 3.800861e+00
 7.637638e-01 -3.869939e-01 -1.895570e+00 3.742949e+00
 7.647648e-01  4.658868e-02 -1.919080e+00 3.685038e+00
 7.657658e-01  4.718364e-01 -1.845136e+00 3.627157e+00
 7.667668e-01  8.671536e-01 -1.678505e+00 3.569333e+00
 7.677678e-01  1.212627e+00 -1.428681e+00 3.511594e+00
 7.687688e-01  1.491049e+00 -1.109386e+00 3.453965e+00
 7.697698e-01  1.688809e+00 -7.378327e-01 3.396472e+00
 7.707708e-01  1.796581e+00 -3.338225e-01 3.339142e+00
 7.717718e-01  1.809803e+00  8.130546e-02 3.281998e+00
 7.727728e-01  1.728891e+00  4.858000e-01 3.225064e+00
 7.737738e-01  1.559196e+00  8.586458e-01 3.168365e+00
 7.747748e-01  1.310701e+00  1.180671e+00 3.111923e+00
 7.757758e-01  9.974654e-01  1.435557e+00 3.055761e+00
 7.767768e-01  6.368540e-01  1.610688e+00 2.999900e+00
 7.777778e-01  2.485947e-01  1.697811e+00 2.944362e+00
 7.787788e-01 -1.462952e-01  1.693447e+00 2.889166e+00
 7.797798e-01 -5.266463e-01  1.599055e+00 2.834333e+00
 7.807808e-01 -8.722811e-01  1.420918e+00 2.779882e+00
 7.817818e-01 -1.165101e+00  1.169774e+00 2.725831e+00
 7.827828e-01 -1.390054e+00  8.602020e-01 2.672197e+00
 7.837838e-01 -1.535937e+00  5.097994e-01 2.618999e+00
 7.847848e-01 -1.595980e+00  1.381971e-01 2.566252e+00
 7.857858e-01 -1.568184e+00 -2.340332e-01 2.513973e+00
 7.867868e-01 -1.455393e+00 -5.865206e-01 2.462176e+00
 7.877878e-01 -1.265102e+00 -9.002187e-01 2.410876e+00
 7.887888e-01 -1.008997e+00 -1.158452e+00 2.360087e+00
 7.897898e-01 -7.022756e-01 -1.347825e+00 2.309822e+00
 7.907908e-01 -3.627606e-01 -1.458937e+00 2.260093e+00
 7.917918e-01 -9.882286e-03 -1.486881e+00 2.210912e+00
 7.927928e-01  3.364316e-01 -1.431469e+00 2.162290e+00
 7.937938e-01  6.568840e-01 -1.297205e+00 2.114238e+00
 7.947948e-01  9.338953e-01 -1.092980e+00 2.066765e+00
 7.957958e-01  1.152585e+00 -8.315230e-01 2.019882e+00
 7.967968e-01  1.301590e+00 -5.286386e-01 1.973596e+00
 7.977978e-01  1.373682e+00 -2.022682e-01 1.927916e+00
 7.987988e-01  1.366133e+00  1.285613e-01 1.882848e+00
 7.997998e-01  1.280825e+00  4.448455e-01 1.838400e+00
 8.008008e-01  1.124088e+00  7.286998e-01 1.794577e+00
 8.018018e-01  9.062835e-01  9.643835e-01 1.751385e+00
 8.028028e-01  6.411533e-01  1.139189e+00 1.708829e+00
 8.038038e-01  3.449766e-01  1.244148e+00 1.666914e+00
 8.048048e-01  3.558674e-02  1.274510e+00 1.625643e+00
 8.058058e-01 -2.686967e-01  1.229968e+00 1.585020e+00
 8.068068e-01 -5.501533e-01  1.114621e+00 1.545048e+00
 8.078078e-01 -7.927018e-01  9.366710e-01 1.505729e+00
 8.088088e-01 -9.828326e-01  7.078868e-01 1.467064e+00
 8.098098e-01 -1.110377e+00  4.428510e-01 1.429054e+00
 8.108108e-01 -1.169068e+00  1.580523e-01 1.391700e+00
 8.118118e-01 -1.156861e+00 -1.291301e-01 1.355002e+00
 8.128128e-01 -1.075998e+00 -4.014835e-01 1.318960e+00
 8.138138e-01 -9.328064e-01 -6.429975e-01 1.283574e+00
 8.148148e-01 -7.372601e-01 -8.398152e-01 1.248842e+00
 8.158158e-01 -5.023153e-01 -9.810418e-01 1.214764e+00
 8.168168e-01 -2.430780e-01 -1.059363e+00 1.181337e+00
 8.178178e-01  2.415347e-02 -1.071436e+00 1.148559e+00
 8.188188e-01  2.829064e-01 -1.018032e+00 1.116426e+00
 8.198198e-01  5.175494e-01 -9.039238e-01 1.084936e+00
 8.208208e-01  7.142437e-01 -7.375226e-01 1.054084e+00
 8.218218e-01  8.617698e-01 -5.303011e-01 1.023866e+00
 8.228228e-01  9.521806e-01 -2.960271e-01 9.942800e-01
 8.238238e-01  9.812408e-01 -4.986727e-02 9.653203e-01
 8.248248e-01  9.486274e-01  1.925856e-01 9.369831e-01
 8.258258e-01  8.578809e-01  4.162975e-01 9.092633e-01
 8.268268e-01  7.161145e-01  6.077298e-01 8.821555e-01
 8.278278e-01  5.334999e-01  7.556663e-01 8.556538e-01
 8.288288e-01  3.225677e-01  8.518812e-01 8.297516e-01
 8.298298e-01  9.736716e-02  8.916064e-01 8.044424e-01
 8.308308e-01 -1.274575e-01  8.737701e-01 7.797196e-01
 8.318318e-01 -3.376149e-01  8.009950e-01 7.555768e-01
 8.328328e-01 -5.200762e-01  6.793588e-01 7.320077e-01
 8.338338e-01 -6.638890e-01  5.179357e-01 7.090061e-01
 8.348348e-01 -7.608431e-01  3.281511e-01 6.865653e-01
 8.358358e-01 -8.059471e-01  1.229945e-01 6.646784e-01
 8.368368e-01 -7.976877e-01 -8.385604e-02 6.433376e-01
 8.378378e-01 -7.380565e-01 -2.789394e-01 6.225346e-01
 8.388388e-01 -6.323470e-01 -4.498870e-01 6.022610e-01
 8.398398e-01 -4.887378e-01 -5.862113e-01 5.825083e-01
 8.408408e-01 -3.176934e-01 -6.799553e-01 5.632683e-01
 8.418418e-01 -1.312239e-01 -7.261637e-01 5.445335e-01
 8.428428e-01  5.794366e-02 -7.231451e-01 5.262964e-01
 8.438438e-01  2.372265e-01 -6.725127e-01 5.085498e-01
 8.448448e-01  3.950213e-01 -5.790029e-01 4.912862e-01
 8.458458e-01  5.214575e-01 -4.500885e-01 4.744975e-01
 8.468468e-01  6.090195e-01 -2.954150e-01 4.581748e-01
 8.478478e-01  6.529984e-01 -1.261022e-01 4.423086e-01
 8.488488e-01  6.517436e-01  4.604083e-02 4.268895e-01
 8.498498e-01  6.067033e-01  2.093308e-01 4.119082e-01
 8.508509e-01  5.222516e-01  3.530007e-01 3.973562e-01
 8.518519e-01  4.053210e-01  4.679108e-01 3.832256e-01
 8.528529e-01  2.648664e-01  5.471335e-01 3.695093e-01
 8.538539e-01  1.112019e-01  5.863738e-01 3.562001e-01
 8.548549e-01 -4.474203e-02  5.841991e-01 3.432905e-01
 8.558559e-01 -1.921873e-01  5.420665e-01 3.307721e-01
 8.568569e-01 -3.212502e-01  4.641487e-01 3.186357e-01
 8.578579e-01 -4.236039e-01  3.569752e-01 3.068715e-01
 8.588589e-01 -4.930179e-01  2.289172e-01 2.954698e-01
 8.598599e-01 -5.257386e-01  8.955533e-02 2.844213e-01
 8.608609e-01 -5.206867e-01 -5.102296e-02 2.737180e-01
 8.618619e-01 -4.794622e-01 -1.829454e-01 2.633530e-01
 8.628629e-01 -4.061598e-01 -2.972443e-01 2.533200e-01
 8.638639e-01 -3.070124e-01 -3.864663e-01 2.436128e-01
 8.648649e-01 -1.898907e-01 -4.451585e-01 2.342246e-01
 8.658659e-01 -6.369842e-02 -4.702018e-01 2.251472e-01
 8.668669e-01  6.229099e-02 -4.609679e-01 2.163716e-01
 8.678679e-01  1.791083e-01 -4.192949e-01 2.078880e-01
 8.688689e-01  2.787235e-01 -3.492852e-01 1.996870e-01
 8.698699e-01  3.545966e-01 -2.569462e-01 1.917601e-01
 8.708709e-01  4.021070e-01 -1.497014e-01 1.841005e-01
 8.718719e-01  4.188320e-01 -3.581249e-02 1.767028e-01
 8.728729e-01  4.046590e-01  7.624567e-02 1.695623e-01
 8.738739e-01  3.617247e-01  1.784082e-01 1.626742e-01
 8.748749e-01  2.941923e-01  2.635971e-01 1.560325e-01
 8.758759e-01  2.078857e-01  3.262106e-01 1.496298e-01
 8.768769e-01  1.098111e-01  3.624896e-01 1.434572e-01
 8.778779e-01  7.604339e-03  3.707390e-01 1.375053e-01
 8.788789e-01 -9.105304e-02  3.513895e-01 1.317652e-01
 8.798799e-01 -1.790046e-01  3.068993e-01 1.262299e-01
 8.808809e-01 -2.501350e-01  2.415087e-01 1.208940e-01
 8.818819e-01 -2.997932e-01  1.608669e-01 1.157541e-01
 8.828829e-01 -3.250938e-01  7.156527e-02 1.108076e-01
 8.838839e-01 -3.250772e-01 -1.938777e-02 1.060511e-01
 8.848849e-01 -3.007193e-01 -1.051075e-01 1.014797e-01
 8.858859e-01 -2.547949e-01 -1.793485e-01 9.708633e-02
 8.868869e-01 -1.916091e-01 -2.369567e-01 9.286249e-02
 8.878879e-01 -1.166190e-01 -2.742246e-01 8.879910e-02
 8.888889e-01 -3.598091e-02 -2.891256e-01 8.488821e-02
 8.898899e-01  4.394411e-02 -2.814125e-01 8.112408e-02
 8.908909e-01  1.170838e-01 -2.525765e-01 7.750352e-02
 8.918919e-01  1.781116e-01 -2.056735e-01 7.402531e-02
 8.928929e-01  2.228310e-01 -1.450349e-01 7.068877e-02
 8.938939e-01  2.484610e-01 -7.588941e-02 6.749208e-02
 8.948949e-01  2.538025e-01 -3.926005e-03 6.443110e-02
 8.958959e-01  2.392755e-01  6.516394e-02 6.149908e-02
 8.968969e-01  2.068298e-01  1.261306e-01 5.868749e-02
 8.978979e-01  1.597381e-01  1.745605e-01 5.598765e-02
 8.988989e-01  1.022922e-01  2.071928e-01 5.339253e-02
 8.998999e-01  3.942879e-02  2.221339e-01 5.089808e-02
 9.009009e-01 -2.368267e-02  2.189576e-01 4.850332e-02
 9.019019e-01 -8.205747e-02  1.986854e-01 4.620933e-02
 9.029029e-01 -1.312838e-01  1.636517e-01 4.401733e-02
 9.039039e-01 -1.678525e-01  1.172700e-01 4.192673e-02
 9.049049e-01 -1.894032e-01  6.372023e-02 3.993383e-02
 9.059059e-01 -1.948698e-01  7.585443e-03 3.803177e-02
 9.069069e-01 -1.845176e-01 -4.653098e-02 3.621187e-02
 9.079079e-01 -1.598711e-01 -9.437666e-02 3.446571e-02
 9.089089e-01 -1.235431e-01 -1.323799e-01 3.278735e-02
 9.099099e-01 -7.898185e-02 -1.579126e-01 3.117452e-02
 9.109109e-01 -3.015855e-02 -1.694668e-01 2.962852e-02
 9.119119e-01  1.877546e-02 -1.667338e-01 2.815267e-02
 9.129129e-01  6.383459e-02 -1.505822e-01 2.674985e-02
 9.139139e-01  1.015184e-01 -1.229402e-01 2.542027e-02
 9.149149e-01  1.290794e-01 -8.659516e-02 2.416021e-02
 9.159159e-01  1.447193e-01 -4.492971e-02 2.296236e-02
 9.169169e-01  1.476992e-01 -1.618517e-03 2.181769e-02
 9.179179e-01  1.383580e-01  3.968770e-02 2.071804e-02
 9.189189e-01  1.180404e-01  7.566422e-02 1.965862e-02
 9.199199e-01  8.894460e-02  1.035757e-01 1.863906e-02
 9.209209e-01  5.390329e-02  1.214800e-01 1.766295e-02
 9.219219e-01  1.612097e-02  1.283577e-01 1.673558e-02
 9.229229e-01 -2.111049e-02  1.241592e-01 1.586116e-02
 9.239239e-01 -5.469240e-02  1.097677e-01 1.504021e-02
 9.249249e-01 -8.197253e-02  8.688531e-02 1.426855e-02
 9.259259e-01 -1.009507e-01  5.785393e-02 1.353813e-02
 9.269269e-01 -1.104209e-01  2.542912e-02 1.283942e-02
 9.279279e-01 -1.100399e-01 -7.472209e-03 1.216461e-02
 9.289289e-01 -1.003197e-01 -3.802771e-02 1.151015e-02
 9.299299e-01 -8.254681e-02 -6.374688e-02 1.087764e-02
 9.309309e-01 -5.863844e-02 -8.267006e-02 1.027281e-02
 9.319319e-01 -3.095000e-02 -9.351351e-02 9.702679e-03
 9.329329e-01 -2.052761e-03 -9.574998e-02 9.172273e-03
 9.339339e-01  2.549811e-02 -8.962045e-02 8.681978e-03
 9.349349e-01  4.938452e-02 -7.607859e-02 8.226782e-03
 9.359359e-01  6.771661e-02 -5.667557e-02 7.797660e-03
 9.369369e-01  7.917852e-02 -3.339763e-02 7.384640e-03
 9.379379e-01  8.311773e-02 -8.472552e-03 6.980341e-03
 9.389389e-01  7.957240e-02  1.583669e-02 6.582568e-03
 9.399399e-01  6.923672e-02  3.743233e-02 6.194903e-03
 9.409409e-01  5.336976e-02  5.455890e-02 5.825005e-03
 9.419419e-01  3.365820e-02  6.594219e-02 5.481246e-03
 9.429429e-01  1.204702e-02  7.087931e-02 5.169007e-03
 9.439439e-01 -9.445478e-03  6.927402e-02 4.888107e-03
 9.449449e-01 -2.891118e-02  6.161633e-02 4.632429e-03
 9.459459e-01 -4.471777e-02  4.891063e-02 4.391929e-03
 9.469469e-01 -5.564218e-02  3.256103e-02 4.156274e-03
 9.479479e-01 -6.096149e-02  1.422605e-02 3.918684e-03
 9.489489e-01 -6.049438e-02 -4.342948e-03 3.678431e-03
 9.499499e-01 -5.459189e-02 -2.146411e-02 3.440982e-03
 9.509510e-01 -4.408007e-02 -3.567370e-02 3.215666e-03
 9.519520e-01 -3.016213e-02 -4.584780e-02 3.011775e-03
 9.529530e-01 -1.429038e-02 -5.128746e-02 2.834619e-03
 9.539540e-01  1.978650e-03 -5.176099e-02 2.683115e-03
 9.549550e-01  1.713217e-02 -4.750149e-02 2.549903e-03
 9.559560e-01  2.983821e-02 -3.916196e-02 2.423978e-03
 9.569570e-01  3.905967e-02 -2.773399e-02 2.294832e-03
 9.579580e-01  4.413587e-02 -1.443917e-02 2.156465e-03
 9.589590e-01  4.482527e-02 -6.047137e-04 2.009671e-03
 9.599600e-01  4.130719e-02  1.246468e-02 1.861652e-03
 9.609610e-01  3.414413e-02  2.360642e-02 1.723085e-03
 9.619620e-01  2.421001e-02  3.190046e-02 1.603764e-03
 9.629630e-01  1.259247e-02  3.674207e-02 1.508550e-03
 9.639640e-01  4.797536e-04  3.788147e-02 1.435236e-03
 9.649650e-01 -1.095661e-02  3.542818e-02 1.375203e-03
 9.659660e-01 -2.067194e-02  2.982143e-02 1.316647e-03
 9.669670e-01 -2.784113e-02  2.177110e-02 1.249109e-03
 9.679680e-01 -3.192618e-02  1.217615e-02 1.167539e-03
 9.689690e-01 -3.271288e-02  2.029497e-03 1.074251e-03
 9.699700e-01 -3.031482e-02 -7.680976e-03 9.779856e-04
 9.709710e-01 -2.514564e-02 -1.606575e-02 8.904118e-04
 9.719720e-01 -1.786377e-02 -2.241257e-02 8.214377e-04
 9.729730e-01 -9.296125e-03 -2.624421e-02 7.751765e-04
 9.739740e-01 -3.492537e-04 -2.735064e-02 7.481794e-04
 9.749750e-01  8.082965e-03 -2.579382e-02 7.306556e-04
 9.759760e-01  1.520587e-02 -2.188613e-02 7.102209e-04
 9.769770e-01  2.039667e-02 -1.614587e-02 6.767129e-04
 9.779780e-01  2.325665e-02 -9.235442e-03 6.261653e-04
 9.789790e-01  2.363889e-02 -1.889111e-03 5.623657e-04
 9.799800e-01  2.164965e-02  5.162129e-03 4.953551e-04
 9.809810e-01  1.762486e-02  1.126096e-02 4.374449e-04
 9.819820e-01  1.208477e-02  1.588291e-02 3.983088e-04
 9.829830e-01  5.672661e-03  1.867914e-02 3.810894e-04
 9.839840e-01 -9.158694e-04  1.949944e-02 3.810671e-04
 9.849850e-01 -7.005303e-03  1.839449e-02 3.874317e-04
 9.859860e-01 -1.200718e-02  1.559828e-02 3.874786e-04
 9.869870e-01 -1.547500e-02  1.149352e-02 3.715768e-04
 9.879880e-01 -1.714228e-02  6.564710e-03 3.369533e-04
 9.889890e-01 -1.694046e-02  1.343961e-03 2.887853e-04
 9.899900e-01 -1.499597e-02 -3.644292e-03 2.381600e-04
 9.909910e-01 -1.160763e-02 -7.934313e-03 1.976903e-04
 9.919920e-01 -7.207462e-03 -1.116086e-02 1.765123e-04
 9.929930e-01 -2.309796e-03 -1.308824e-02 1.766371e-04
 9.939940e-01  2.545741e-03 -1.362440e-02 1.921051e-04
 9.949950e-01  6.851221e-03 -1.281983e-02 2.112872e-04
 9.959960e-01  1.018153e-02 -1.085210e-02 2.214316e-04
 9.969970e-01  1.223471e-02 -7.998919e-03 2.136708e-04
 9.979980e-01  1.285768e-02 -4.602997e-03 1.865075e-04
 9.989990e-01  1.205554e-02 -1.033002e-03 1.464031e-04
 1.000000e+00  9.983934e-03  2.355140e-03 1.052256e-04
