# x psi_r psi_i psi2 
 0.000000e+00  3.997257e-09 -6.555978e-09 5.895891e-17
 1.001001e-03 -3.998557e-09  6.549033e-09 5.887830e-17
 2.002002e-03  4.000414e-09 -6.541340e-09 5.879243e-17
 3.003003e-03 -4.002159e-09  6.534867e-09 5.872176e-17
 4.004004e-03  4.003795e-09 -6.527236e-09 5.863519e-17
 5.005005e-03 -4.006081e-09  6.521040e-09 5.857265e-17
 6.006006e-03  4.007559e-09 -6.513752e-09 5.848949e-17
 7.007007e-03 -4.010224e-09  6.507656e-09 5.843149e-17
 8.008008e-03  4.011683e-09 -6.500849e-09 5.835464e-17
 9.009009e-03 -4.014631e-09  6.494701e-09 5.829839e-17
 1.001001e-02  4.016309e-09 -6.488540e-09 5.823189e-17
 1.101101e-02 -4.019221e-09  6.482348e-09 5.817498e-17
 1.201201e-02  4.021344e-09 -6.476609e-09 5.811768e-17
 1.301301e-02 -4.024067e-09  6.470471e-09 5.806011e-17
 1.401401e-02  4.026693e-09 -6.465175e-09 5.801274e-17
 1.501502e-02 -4.029232e-09  6.459217e-09 5.795619e-17
 1.601602e-02  4.032381e-09 -6.454072e-09 5.791514e-17
 1.701702e-02 -4.034812e-09  6.448508e-09 5.786297e-17
 1.801802e-02  4.038362e-09 -6.443384e-09 5.782556e-17
 1.901902e-02 -4.040772e-09  6.438379e-09 5.778056e-17
 2.002002e-02  4.044473e-09 -6.433204e-09 5.774388e-17
 2.102102e-02 -4.047213e-09  6.428700e-09 5.770811e-17
 2.202202e-02  4.050852e-09 -6.423556e-09 5.767148e-17
 2.302302e-02 -4.054141e-09  6.419347e-09 5.764408e-17
 2.402402e-02  4.057444e-09 -6.414537e-09 5.760914e-17
 2.502503e-02 -4.061352e-09  6.410343e-09 5.758707e-17
 2.602603e-02  4.064406e-09 -6.406088e-09 5.755736e-17
 2.702703e-02 -4.068832e-09  6.401803e-09 5.753847e-17
 2.802803e-02  4.071939e-09 -6.398166e-09 5.751721e-17
 2.902903e-02 -4.076501e-09  6.393672e-09 5.749690e-17
 3.003003e-02  4.079850e-09 -6.390723e-09 5.748652e-17
 3.103103e-02 -4.084392e-09  6.386020e-09 5.746352e-17
 3.203203e-02  4.088324e-09 -6.383647e-09 5.746534e-17
 3.303303e-02 -4.092475e-09  6.379006e-09 5.744007e-17
 3.403403e-02  4.097224e-09 -6.376869e-09 5.745171e-17
 3.503504e-02 -4.100901e-09  6.372641e-09 5.742794e-17
 3.603604e-02  4.106409e-09 -6.370356e-09 5.744403e-17
 3.703704e-02 -4.109731e-09  6.366968e-09 5.742817e-17
 3.803804e-02  4.115883e-09 -6.364162e-09 5.744305e-17
 3.903904e-02 -4.119062e-09  6.361821e-09 5.743945e-17
 4.004004e-02  4.125421e-09 -6.358328e-09 5.744744e-17
 4.104104e-02 -4.128977e-09  6.357155e-09 5.746187e-17
 4.204204e-02  4.135091e-09 -6.353015e-09 5.745977e-17
 4.304304e-02 -4.139545e-09  6.352733e-09 5.749305e-17
 4.404404e-02  4.145024e-09 -6.348414e-09 5.748359e-17
 4.504505e-02 -4.150574e-09  6.348539e-09 5.753121e-17
 4.604605e-02  4.155186e-09 -6.344594e-09 5.751945e-17
 4.704705e-02 -4.161978e-09  6.344454e-09 5.757416e-17
 4.804805e-02  4.165820e-09 -6.341509e-09 5.756879e-17
 4.904905e-02 -4.173531e-09  6.340569e-09 5.762118e-17
 5.005005e-02  4.177058e-09 -6.339097e-09 5.763197e-17
 5.105105e-02 -4.185241e-09  6.336971e-09 5.767344e-17
 5.205205e-02  4.189037e-09 -6.337125e-09 5.770719e-17
 5.305305e-02 -4.196997e-09  6.333986e-09 5.773416e-17
 5.405405e-02  4.201680e-09 -6.335427e-09 5.779175e-17
 5.505506e-02 -4.208803e-09  6.331654e-09 5.780387e-17
 5.605606e-02  4.214920e-09 -6.333861e-09 5.788334e-17
 5.705706e-02 -4.220904e-09  6.330174e-09 5.788713e-17
 5.805806e-02  4.228587e-09 -6.332317e-09 5.797918e-17
 5.905906e-02 -4.233410e-09  6.329530e-09 5.798472e-17
 6.006006e-02  4.242536e-09 -6.330883e-09 5.807919e-17
 6.106106e-02 -4.246604e-09  6.329590e-09 5.809736e-17
 6.206206e-02  4.256419e-09 -6.329644e-09 5.818149e-17
 6.306306e-02 -4.260621e-09  6.330271e-09 5.822522e-17
 6.406406e-02  4.270403e-09 -6.328910e-09 5.829145e-17
 6.506507e-02 -4.275359e-09  6.331248e-09 5.836339e-17
 6.606607e-02  4.284450e-09 -6.328757e-09 5.840967e-17
 6.706707e-02 -4.290806e-09  6.332421e-09 5.851057e-17
 6.806807e-02  4.298735e-09 -6.329427e-09 5.854077e-17
 6.906907e-02 -4.306712e-09  6.333559e-09 5.866175e-17
 7.007007e-02  4.313456e-09 -6.331090e-09 5.868860e-17
 7.107107e-02 -4.322977e-09  6.334569e-09 5.881489e-17
 7.207207e-02  4.328752e-09 -6.333675e-09 5.885353e-17
 7.307307e-02 -4.339491e-09  6.335663e-09 5.897181e-17
 7.407407e-02  4.344692e-09 -6.336984e-09 5.903372e-17
 7.507508e-02 -4.356194e-09  6.337150e-09 5.913590e-17
 7.607608e-02  4.361385e-09 -6.340471e-09 5.922326e-17
 7.707708e-02 -4.372854e-09  6.339445e-09 5.931041e-17
 7.807808e-02  4.379045e-09 -6.343952e-09 5.942176e-17
 7.907908e-02 -4.389426e-09  6.342752e-09 5.949757e-17
 8.008008e-02  4.397659e-09 -6.347450e-09 5.962952e-17
 8.108108e-02 -4.405964e-09  6.346719e-09 5.969336e-17
 8.208208e-02  4.417040e-09 -6.351225e-09 5.984829e-17
 8.308308e-02 -4.423139e-09  6.351098e-09 5.990060e-17
 8.408408e-02  4.436328e-09 -6.355629e-09 6.007503e-17
 8.508509e-02 -4.441574e-09  6.355806e-09 6.012385e-17
 8.608609e-02  4.454937e-09 -6.360341e-09 6.030040e-17
 8.708709e-02 -4.461807e-09  6.361461e-09 6.037591e-17
 8.808809e-02  4.472917e-09 -6.364623e-09 6.051541e-17
 8.908909e-02 -4.483060e-09  6.368656e-09 6.065760e-17
 9.009009e-02  4.491579e-09 -6.368317e-09 6.072974e-17
 9.109109e-02 -4.503798e-09  6.377017e-09 6.095054e-17
 9.209209e-02  4.512415e-09 -6.372422e-09 6.096965e-17
 9.309309e-02 -4.522967e-09  6.384671e-09 6.122125e-17
 9.409409e-02  4.535539e-09 -6.379426e-09 6.126819e-17
 9.509510e-02 -4.541817e-09  6.389409e-09 6.145265e-17
 9.609610e-02  4.558558e-09 -6.390545e-09 6.161952e-17
 9.709710e-02 -4.563481e-09  6.391394e-09 6.167528e-17
 9.809810e-02  4.578193e-09 -6.403807e-09 6.196860e-17
 9.909910e-02 -4.590478e-09  6.394526e-09 6.196246e-17
 1.001001e-01  4.593910e-09 -6.413874e-09 6.224178e-17
 1.011011e-01 -4.620452e-09  6.404694e-09 6.236868e-17
 1.021021e-01  4.611107e-09 -6.416186e-09 6.242975e-17
 1.031031e-01 -4.645805e-09  6.423273e-09 6.284194e-17
 1.041041e-01  4.638122e-09 -6.413429e-09 6.264425e-17
 1.051051e-01 -4.659640e-09  6.442872e-09 6.322284e-17
 1.061061e-01  4.677917e-09 -6.417012e-09 6.306096e-17
 1.071071e-01 -4.665089e-09  6.450405e-09 6.337079e-17
 1.081081e-01  4.720160e-09 -6.438624e-09 6.373578e-17
 1.091091e-01 -4.679028e-09  6.439460e-09 6.335995e-17
 1.101101e-01  4.744681e-09 -6.475803e-09 6.444802e-17
 1.111111e-01 -4.720190e-09  6.423244e-09 6.353825e-17
 1.121121e-01  4.739702e-09 -6.505218e-09 6.478264e-17
 1.131131e-01 -4.787839e-09  6.431708e-09 6.429027e-17
 1.141141e-01  4.722134e-09 -6.497093e-09 6.451077e-17
 1.151151e-01 -4.848954e-09  6.485785e-09 6.557776e-17
 1.161161e-01  4.736677e-09 -6.447714e-09 6.400913e-17
 1.171171e-01 -4.856504e-09  6.565524e-09 6.669174e-17
 1.181181e-01  4.820143e-09 -6.402160e-09 6.422143e-17
 1.191191e-01 -4.797195e-09  6.606258e-09 6.665572e-17
 1.201201e-01  4.951670e-09 -6.432471e-09 6.589573e-17
 1.211211e-01 -4.730217e-09  6.546255e-09 6.522840e-17
 1.221221e-01  5.039055e-09 -6.569607e-09 6.855181e-17
 1.231231e-01 -4.764927e-09  6.403228e-09 6.370585e-17
 1.241241e-01  4.981287e-09 -6.738388e-09 7.021909e-17
 1.251251e-01 -4.963806e-09  6.305792e-09 6.440238e-17
 1.261261e-01  4.782600e-09 -6.776346e-09 6.879212e-17
 1.271271e-01 -5.237709e-09  6.415382e-09 6.859072e-17
 1.281281e-01  4.617190e-09 -6.567280e-09 6.444761e-17
 1.291291e-01 -5.350805e-09  6.758405e-09 7.430715e-17
 1.301301e-01  4.736298e-09 -6.207596e-09 6.096677e-17
 1.311311e-01 -5.099867e-09  7.107219e-09 7.652121e-17
 1.321321e-01  5.226734e-09 -6.031831e-09 6.370174e-17
 1.331331e-01 -4.570751e-09  7.079823e-09 7.101566e-17
 1.341341e-01  5.804752e-09 -6.380568e-09 7.440679e-17
 1.351351e-01 -4.224500e-09  6.479257e-09 5.982716e-17
 1.361361e-01  5.904828e-09 -7.215053e-09 8.692398e-17
 1.371371e-01 -4.611056e-09  5.635232e-09 5.301768e-17
 1.381381e-01  5.142102e-09 -7.921248e-09 8.918738e-17
 1.391391e-01 -5.803509e-09  5.363011e-09 6.244261e-17
 1.401401e-01  3.859733e-09 -7.640602e-09 7.327633e-17
 1.411411e-01 -7.018514e-09  6.352235e-09 8.961043e-17
 1.421421e-01  3.197546e-09 -6.077718e-09 4.716296e-17
 1.431431e-01 -6.958120e-09  8.321187e-09 1.176576e-16
 1.441441e-01  4.319549e-09 -4.174563e-09 3.608549e-17
 1.451451e-01 -4.927737e-09  9.732080e-09 1.189960e-16
 1.461461e-01  7.147622e-09 -3.830381e-09 6.576032e-17
 1.471471e-01 -1.964264e-09  8.712463e-09 7.976534e-17
 1.481481e-01  9.694800e-09 -6.407617e-09 1.350467e-16
 1.491491e-01 -7.528252e-10  4.890049e-09 2.447933e-17
 1.501502e-01  9.071701e-09 -1.093332e-08 2.018333e-16
 1.511512e-01 -3.714059e-09  6.916429e-10 1.427260e-17
 1.521522e-01  4.056256e-09 -1.375484e-08 2.056488e-16
 1.531532e-01 -1.025426e-08  4.030187e-10 1.053124e-16
 1.541542e-01 -2.619009e-09 -1.085555e-08 1.247022e-16
 1.551552e-01 -1.562627e-08  6.706152e-09 2.891527e-16
 1.561562e-01 -4.846097e-09 -1.894052e-09 2.707209e-17
 1.571572e-01 -1.351644e-08  1.691760e-08 4.688994e-16
 1.581582e-01  2.398521e-09  7.306850e-09 5.914296e-17
 1.591592e-01 -1.746631e-09  2.269961e-08 5.183229e-16
 1.601602e-01  1.719622e-08  7.287194e-09 3.488131e-16
 1.611612e-01  1.309891e-08  1.548196e-08 4.112723e-16
 1.621622e-01  2.871644e-08 -7.338397e-09 8.784857e-16
 1.631632e-01  1.748885e-08 -4.842015e-09 3.293050e-16
 1.641642e-01  2.330065e-08 -3.005618e-08 1.446294e-15
 1.651652e-01  8.711484e-10 -2.505203e-08 6.283629e-16
 1.661662e-01 -3.215384e-09 -4.243036e-08 1.810674e-15
 1.671672e-01 -3.196992e-08 -2.458729e-08 1.626611e-15
 1.681682e-01 -3.603580e-08 -2.611566e-08 1.980607e-15
 1.691692e-01 -5.726785e-08  7.819365e-09 3.340750e-15
 1.701702e-01 -4.581999e-08  1.871178e-08 2.449602e-15
 1.711712e-01 -4.561932e-08  5.781873e-08 5.424128e-15
 1.721722e-01 -9.937034e-09  6.345519e-08 4.125306e-15
 1.731732e-01  1.195546e-08  8.578340e-08 7.501725e-15
 1.741742e-01  6.160143e-08  6.398275e-08 7.888528e-15
 1.751752e-01  8.423777e-08  5.217203e-08 9.817922e-15
 1.761762e-01  1.185076e-07 -4.492064e-09 1.406422e-14
 1.771772e-01  1.088687e-07 -4.389534e-08 1.377920e-14
 1.781782e-01  9.772061e-08 -1.131222e-07 2.234595e-14
 1.791792e-01  3.623405e-08 -1.434344e-07 2.188633e-14
 1.801802e-01 -2.257451e-08 -1.790998e-07 3.258636e-14
 1.811812e-01 -1.163172e-07 -1.529398e-07 3.692027e-14
 1.821822e-01 -1.807096e-07 -1.167358e-07 4.628321e-14
 1.831832e-01 -2.463913e-07 -1.549502e-08 6.094877e-14
 1.841842e-01 -2.470455e-07  8.284592e-08 6.789494e-14
 1.851852e-01 -2.196590e-07  2.168113e-07 9.525720e-14
 1.861862e-01 -1.111950e-07  3.042667e-07 1.049426e-13
 1.871872e-01  2.060128e-08  3.764154e-07 1.421130e-13
 1.881882e-01  2.053751e-07  3.527989e-07 1.666460e-13
 1.891892e-01  3.619077e-07  2.779028e-07 2.082071e-13
 1.901902e-01  5.033586e-07  9.479219e-08 2.623555e-13
 1.911912e-01  5.420810e-07 -1.201251e-07 3.082818e-13
 1.921922e-01  5.004586e-07 -3.895586e-07 4.022147e-13
 1.931932e-01  3.150486e-07 -6.063827e-07 4.669555e-13
 1.941942e-01  4.753266e-08 -7.744660e-07 6.020569e-13
 1.951952e-01 -3.184007e-07 -7.852047e-07 7.179254e-13
 1.961962e-01 -6.723170e-07 -6.634185e-07 8.921342e-13
 1.971972e-01 -9.922692e-07 -3.431110e-07 1.102323e-12
 1.981982e-01 -1.148146e-06  8.996642e-08 1.326333e-12
 1.991992e-01 -1.127121e-06  6.326034e-07 1.670588e-12
 2.002002e-01 -8.388635e-07  1.133198e-06 1.987831e-12
 2.012012e-01 -3.413133e-07  1.541570e-06 2.492933e-12
 2.022022e-01  3.646718e-07  1.690532e-06 2.990885e-12
 2.032032e-01  1.121888e-06  1.556504e-06 3.681338e-12
 2.042042e-01  1.843240e-06  1.043082e-06 4.485553e-12
 2.052052e-01  2.316285e-06  2.372783e-07 5.421479e-12
 2.062062e-01  2.449625e-06 -8.226034e-07 6.677338e-12
 2.072072e-01  2.086168e-06 -1.912099e-06 8.008220e-12
 2.082082e-01  1.252693e-06 -2.881197e-06 9.870536e-12
 2.092092e-01 -4.067083e-08 -3.445954e-06 1.187625e-11
 2.102102e-01 -1.572288e-06 -3.472636e-06 1.453129e-11
 2.112112e-01 -3.145623e-06 -2.779821e-06 1.762235e-11
 2.122122e-01 -4.397381e-06 -1.420258e-06 2.135409e-11
 2.132132e-01 -5.073600e-06  5.389118e-07 2.603185e-11
 2.142142e-01 -4.862940e-06  2.770172e-06 3.132204e-11
 2.152152e-01 -3.686340e-06  4.955769e-06 3.814875e-11
 2.162162e-01 -1.516976e-06  6.594345e-06 4.578660e-11
 2.172172e-01  1.362036e-06  7.321071e-06 5.545323e-11
 2.182182e-01  4.596187e-06  6.746350e-06 6.663818e-11
 2.192192e-01  7.569495e-06  4.785683e-06 8.020001e-11
 2.202202e-01  9.719359e-06  1.474686e-06 9.664064e-11
 2.212212e-01  1.040717e-05 -2.754408e-06 1.158959e-10
 2.222222e-01  9.275005e-06 -7.341087e-06 1.399173e-10
 2.232232e-01  6.116530e-06 -1.141752e-05 1.677718e-10
 2.242242e-01  1.196420e-06 -1.417767e-05 2.024378e-10
 2.252252e-01 -4.964743e-06 -1.477842e-05 2.430503e-10
 2.262262e-01 -1.138618e-05 -1.275485e-05 2.923313e-10
 2.272272e-01 -1.698177e-05 -7.913473e-06 3.510037e-10
 2.282282e-01 -2.048589e-05 -6.830802e-07 4.201381e-10
 2.292292e-01 -2.091510e-05  8.116243e-06 5.033149e-10
 2.302302e-01 -1.754130e-05  1.708777e-05 5.996892e-10
 2.312312e-01 -1.033457e-05  2.467785e-05 7.157993e-10
 2.322322e-01  1.690341e-07  2.916599e-05 8.506838e-10
 2.332332e-01  1.259865e-05  2.921781e-05 1.012406e-09
 2.342342e-01  2.511648e-05  2.392876e-05 1.203423e-09
 2.352352e-01  3.540016e-05  1.333403e-05 1.430968e-09
 2.362362e-01  4.124750e-05 -1.701667e-06 1.704252e-09
 2.372372e-01  4.072263e-05 -1.922368e-05 2.027883e-09
 2.382382e-01  3.282358e-05 -3.661887e-05 2.418329e-09
 2.392392e-01  1.754863e-05 -5.069653e-05 2.878092e-09
 2.402402e-01 -3.653466e-06 -5.842915e-05 3.427314e-09
 2.412412e-01 -2.816950e-05 -5.724437e-05 4.070438e-09
 2.422422e-01 -5.220375e-05 -4.583102e-05 4.825714e-09
 2.432432e-01 -7.152667e-05 -2.431000e-05 5.707040e-09
 2.442442e-01 -8.185853e-05  5.269378e-06 6.728585e-09
 2.452452e-01 -7.989356e-05  3.923838e-05 7.922631e-09
 2.462462e-01 -6.374969e-05  7.239886e-05 9.305619e-09
 2.472472e-01 -3.382063e-05  9.894591e-05 1.093413e-08
 2.482482e-01  7.207161e-06  1.130902e-04 1.284133e-08
 2.492492e-01  5.414542e-05  1.103331e-04 1.510511e-08
 2.502503e-01  1.000778e-04  8.816790e-05 1.778914e-08
 2.512513e-01  1.369598e-04  4.711050e-05 2.097737e-08
 2.522523e-01  1.571004e-04 -9.180478e-06 2.476483e-08
 2.532533e-01  1.542178e-04 -7.373512e-05 2.921999e-08
 2.542543e-01  1.250242e-04 -1.371983e-04 3.445443e-08
 2.552553e-01  6.994812e-05 -1.887356e-04 4.051387e-08
 2.562563e-01 -6.043156e-06 -2.178916e-04 4.751326e-08
 2.572573e-01 -9.386600e-05 -2.161025e-04 5.551111e-08
 2.582583e-01 -1.808697e-04 -1.786941e-04 6.464543e-08
 2.592593e-01 -2.526829e-04 -1.059688e-04 7.507804e-08
 2.602603e-01 -2.949907e-04 -4.209583e-06 8.703721e-08
 2.612613e-01 -2.962022e-04  1.147200e-04 1.008964e-07
 2.622623e-01 -2.494312e-04  2.341702e-04 1.170516e-07
 2.632633e-01 -1.546461e-04  3.349713e-04 1.361212e-07
 2.642643e-01 -1.937947e-05  3.978615e-04 1.586694e-07
 2.652653e-01  1.410271e-04  4.068629e-04 1.854260e-07
 2.662663e-01  3.050532e-04  3.520367e-04 2.169873e-07
 2.672673e-01  4.471890e-04  2.322527e-04 2.539193e-07
 2.682683e-01  5.417394e-04  5.636594e-05 2.966587e-07
 2.692693e-01  5.665244e-04 -1.564359e-04 3.454221e-07
 2.702703e-01  5.072217e-04 -3.784556e-04 4.005025e-07
 2.712713e-01  3.603982e-04 -5.763125e-04 4.620230e-07
 2.722723e-01  1.359447e-04 -7.156415e-04 5.306237e-07
 2.732733e-01 -1.429256e-04 -7.660003e-04 6.071843e-07
 2.742743e-01 -4.410490e-04 -7.064326e-04 6.935712e-07
 2.752753e-01 -7.154217e-04 -5.297234e-04 7.924352e-07
 2.762763e-01 -9.203639e-04 -2.457100e-04 9.074432e-07
 2.772773e-01 -1.014500e-03  1.181791e-04 1.043176e-06
 2.782783e-01 -9.672873e-04  5.183998e-04 1.204383e-06
 2.792793e-01 -7.654907e-04  9.000147e-04 1.396002e-06
 2.802803e-01 -4.171441e-04  1.203157e-03 1.621596e-06
 2.812813e-01  4.643586e-05  1.371681e-03 1.883665e-06
 2.822823e-01  5.726194e-04  1.361763e-03 2.182293e-06
 2.832833e-01  1.092120e-03  1.150368e-03 2.516074e-06
 2.842843e-01  1.527478e-03  7.410836e-04 2.882394e-06
 2.852853e-01  1.803060e-03  1.673526e-04 3.279034e-06
 2.862863e-01  1.856807e-03 -5.089093e-04 3.706720e-06
 2.872873e-01  1.650661e-03 -1.202444e-03 4.170554e-06
 2.882883e-01  1.179551e-03 -1.814440e-03 4.683533e-06
 2.892893e-01  4.758609e-04 -2.244881e-03 5.265935e-06
 2.902903e-01 -3.901854e-04 -2.407172e-03 5.946722e-06
 2.912913e-01 -1.316379e-03 -2.241968e-03 6.759274e-06
 2.922923e-01 -2.178861e-03 -1.729345e-03 7.738070e-06
 2.932933e-01 -2.847593e-03 -8.961403e-04 8.911851e-06
 2.942943e-01 -3.203695e-03  1.818996e-04 1.029675e-05
 2.952953e-01 -3.158033e-03  1.385280e-03 1.189218e-05
 2.962963e-01 -2.666897e-03  2.562072e-03 1.367655e-05
 2.972973e-01 -1.743906e-03  3.545699e-03 1.561319e-05
 2.982983e-01 -4.643768e-04  4.176149e-03 1.765587e-05
 2.992993e-01  1.037575e-03  4.323256e-03 1.976711e-05
 3.003003e-01  2.581288e-03  3.907786e-03 2.193384e-05
 3.013013e-01  3.958713e-03  2.918406e-03 2.418850e-05
 3.023023e-01  4.960297e-03  1.420525e-03 2.662243e-05
 3.033033e-01  5.402976e-03 -4.438125e-04 2.938912e-05
 3.043043e-01  5.158431e-03 -2.467122e-03 3.269610e-05
 3.053053e-01  4.175978e-03 -4.397111e-03 3.677338e-05
 3.063063e-01  2.498287e-03 -5.966149e-03 4.183638e-05
 3.073073e-01  2.652444e-04 -6.925203e-03 4.802879e-05
 3.083083e-01 -2.293871e-03 -7.079387e-03 5.537956e-05
 3.093093e-01 -4.881834e-03 -6.319243e-03 6.376513e-05
 3.103103e-01 -7.165123e-03 -4.644454e-03 7.290995e-05
 3.113113e-01 -8.814432e-03 -2.174847e-03 8.242418e-05
 3.123123e-01 -9.547610e-03  8.526783e-04 9.188391e-05
 3.133133e-01 -9.171554e-03  4.103482e-03 1.009560e-04
 3.143143e-01 -7.615519e-03  7.178441e-03 1.095261e-04
 3.153153e-01 -4.952715e-03  9.659377e-03 1.178329e-04
 3.163163e-01 -1.404349e-03  1.116053e-02 1.265297e-04
 3.173173e-01  2.673926e-03  1.138134e-02 1.366849e-04
 3.183183e-01  6.825005e-03  1.015248e-02 1.496536e-04
 3.193193e-01  1.053814e-02  7.470108e-03 1.668549e-04
 3.203203e-01  1.330886e-02  3.511596e-03 1.894570e-04
 3.213213e-01  1.470226e-02 -1.369435e-03 2.180319e-04
 3.223223e-01  1.441427e-02 -6.671213e-03 2.522764e-04
 3.233233e-01  1.232065e-02 -1.179207e-02 2.908514e-04
 3.243243e-01  8.509064e-03 -1.609578e-02 3.314783e-04
 3.253253e-01  3.286549e-03 -1.898595e-02 3.712679e-04
 3.263263e-01 -2.838197e-03 -1.998230e-02 4.073479e-04
 3.273273e-01 -9.199737e-03 -1.878830e-02 4.376355e-04
 3.283283e-01 -1.504235e-02 -1.534261e-02 4.616679e-04
 3.293293e-01 -1.960385e-02 -9.845554e-03 4.812457e-04
 3.303303e-01 -2.220569e-02 -2.756866e-03 5.006928e-04
 3.313313e-01 -2.234123e-02  5.238341e-03 5.265708e-04
 3.323323e-01 -1.974927e-02  1.329233e-02 5.667195e-04
 3.333333e-01 -1.446532e-02  2.048206e-02 6.287602e-04
 3.343343e-01 -6.840767e-03  2.591116e-02 7.181844e-04
 3.353353e-01  2.472185e-03  2.881683e-02 8.365215e-04
 3.363363e-01  1.257280e-02  2.866825e-02 9.799439e-04
 3.373373e-01  2.239512e-02  2.524575e-02 1.138889e-03
 3.383383e-01  3.081735e-02  1.868903e-02 1.298989e-03
 3.393393e-01  3.678379e-02  9.508227e-03 1.443454e-03
 3.403403e-01  3.942880e-02 -1.447168e-03 1.556725e-03
 3.413413e-01  3.818628e-02 -1.305923e-02 1.628735e-03
 3.423423e-01  3.287403e-02 -2.404820e-02 1.659018e-03
 3.433433e-01  2.373946e-02 -3.310361e-02 1.659411e-03
 3.443443e-01  1.146191e-02 -3.902804e-02 1.654563e-03
 3.453453e-01 -2.893854e-03 -4.087706e-02 1.679308e-03
 3.463463e-01 -1.796773e-02 -3.808098e-02 1.773000e-03
 3.473473e-01 -3.223352e-02 -3.053278e-02 1.971250e-03
 3.483483e-01 -4.415222e-02 -1.863207e-02 2.296573e-03
 3.493493e-01 -5.233721e-02 -3.276624e-03 2.749919e-03
 3.503504e-01 -5.571102e-02  1.419913e-02 3.305333e-03
 3.513514e-01 -5.363963e-02  3.213612e-02 3.909940e-03
 3.523524e-01 -4.602556e-02  4.870275e-02 4.490310e-03
 3.533534e-01 -3.335119e-02  6.207424e-02 4.965513e-03
 3.543544e-01 -1.666189e-02  7.062077e-02 5.264912e-03
 3.553554e-01  2.508965e-03  7.308639e-02 5.347915e-03
 3.563564e-01  2.227139e-02  6.873868e-02 5.221020e-03
 3.573574e-01  4.055255e-02  5.747367e-02 4.947732e-03
 3.583584e-01  5.530041e-02  3.986210e-02 4.647123e-03
 3.593594e-01  6.469460e-02  1.713077e-02 4.478855e-03
 3.603604e-01  6.734691e-02 -8.923028e-03 4.615226e-03
 3.613614e-01  6.246741e-02 -3.607735e-02 5.203753e-03
 3.623624e-01  4.998158e-02 -6.188095e-02 6.327410e-03
 3.633634e-01  3.058084e-02 -8.387973e-02 7.970997e-03
 3.643644e-01  5.702437e-03 -9.985469e-02 1.000348e-02
 3.653654e-01 -2.256661e-02 -1.080473e-01 1.218347e-02
 3.663664e-01 -5.165158e-02 -1.073511e-01 1.419214e-02
 3.673674e-01 -7.870947e-02 -9.744883e-02 1.569146e-02
 3.683684e-01 -1.008835e-01 -7.888005e-02 1.639955e-02
 3.693694e-01 -1.155743e-01 -5.302973e-02 1.616957e-02
 3.703704e-01 -1.206982e-01 -2.203609e-02 1.505364e-02
 3.713714e-01 -1.149134e-01  1.137763e-02 1.333455e-02
 3.723724e-01 -9.778660e-02  4.413395e-02 1.151002e-02
 3.733734e-01 -6.988603e-02  7.307646e-02 1.022423e-02
 3.743744e-01 -3.278658e-02  9.526482e-02 1.015035e-02
 3.753754e-01  1.101445e-02  1.082640e-01 1.184241e-02
 3.763764e-01  5.827059e-02  1.103999e-01 1.558360e-02
 3.773774e-01  1.052323e-01  1.009573e-01 2.126621e-02
 3.783784e-01  1.479513e-01  8.029853e-02 2.833745e-02
 3.793794e-01  1.826146e-01  4.988933e-02 3.583705e-02
 3.803804e-01  2.058832e-01  1.222476e-02 4.253735e-02
 3.813814e-01  2.152023e-01 -2.934254e-02 4.717301e-02
 3.823824e-01  2.090588e-01 -7.086140e-02 4.872691e-02
 3.833834e-01  1.871568e-01 -1.081091e-01 4.671522e-02
 3.843844e-01  1.504973e-01 -1.369609e-01 4.140773e-02
 3.853854e-01  1.013463e-01 -1.537720e-01 3.391689e-02
 3.863864e-01  4.309459e-02 -1.557377e-01 2.611137e-02
 3.873874e-01 -1.998773e-02 -1.412013e-01 2.033730e-02
 3.883884e-01 -8.308011e-02 -1.098779e-01 1.897546e-02
 3.893894e-01 -1.412039e-01 -6.297277e-02 2.390411e-02
 3.903904e-01 -1.896410e-01 -3.176557e-03 3.597382e-02
 3.913914e-01 -2.243501e-01  6.546702e-02 5.461890e-02
 3.923924e-01 -2.423368e-01  1.378171e-01 7.772070e-02
 3.933934e-01 -2.419520e-01  2.079999e-01 1.018048e-01
 3.943944e-01 -2.230811e-01  2.698553e-01 1.225871e-01
 3.953954e-01 -1.872104e-01  3.174335e-01 1.358118e-01
 3.963964e-01 -1.373538e-01  3.455014e-01 1.382373e-01
 3.973974e-01 -7.784476e-02  3.500182e-01 1.285725e-01
 3.983984e-01 -1.400033e-02  3.285376e-01 1.081330e-01
 3.993994e-01  4.831229e-02  2.805016e-01 8.101520e-02
 4.004004e-01  1.031814e-01  2.073945e-01 5.365888e-02
 4.014014e-01  1.451798e-01  1.127396e-01 3.378738e-02
 4.024024e-01  1.698796e-01  1.930376e-03 2.886281e-02
 4.034034e-01  1.743002e-01 -1.180959e-01 4.432720e-02
 4.044044e-01  1.572536e-01 -2.393237e-01 8.200452e-02
 4.054054e-01  1.195454e-01 -3.532302e-01 1.390627e-01
 4.064064e-01  6.401352e-02 -4.514207e-01 2.078784e-01
 4.074074e-01 -4.614996e-03 -5.262783e-01 2.769901e-01
 4.084084e-01 -8.003678e-02 -5.715759e-01 3.331049e-01
 4.094094e-01 -1.548462e-01 -5.830006e-01 3.638670e-01
 4.104104e-01 -2.211285e-01 -5.585424e-01 3.608674e-01
 4.114114e-01 -2.711368e-01 -4.987153e-01 3.222322e-01
 4.124124e-01 -2.979896e-01 -4.065839e-01 2.541083e-01
 4.134134e-01 -2.963404e-01 -2.875913e-01 1.705264e-01
 4.144144e-01 -2.629515e-01 -1.491939e-01 9.140229e-02
 4.154154e-01 -1.971270e-01 -3.321499e-04 3.885916e-02
 4.164164e-01 -1.009533e-01  1.492283e-01 3.246065e-02
 4.174174e-01  2.067448e-02  2.896293e-01 8.431256e-02
 4.184184e-01  1.602631e-01  4.116718e-01 1.951579e-01
 4.194194e-01  3.081523e-01  5.075224e-01 3.525368e-01
 4.204204e-01  4.531546e-01  5.713179e-01 5.317532e-01
 4.214214e-01  5.833475e-01  5.996149e-01 6.998323e-01
 4.224224e-01  6.869769e-01  5.916467e-01 8.219831e-01
 4.234234e-01  7.533890e-01  5.493608e-01 8.693923e-01
 4.244244e-01  7.739323e-01  4.772363e-01 8.267257e-01
 4.254254e-01  7.427428e-01  3.818881e-01 6.975054e-01
 4.264264e-01  6.573615e-01  2.714954e-01 5.058339e-01
 4.274274e-01  5.191124e-01  1.550965e-01 2.935326e-01
 4.284284e-01  3.332209e-01  4.181369e-02 1.127845e-01
 4.294294e-01  1.086362e-01 -5.993110e-02 1.539356e-02
 4.304304e-01 -1.424213e-01 -1.431347e-01 4.077137e-02
 4.314314e-01 -4.051797e-01 -2.028106e-01 2.053027e-01
 4.324324e-01 -6.632379e-01 -2.364032e-01 4.957710e-01
 4.334334e-01 -8.996476e-01 -2.439898e-01 8.688969e-01
 4.344344e-01 -1.098058e+00 -2.282385e-01 1.257824e+00
 4.354354e-01 -1.243863e+00 -1.941350e-01 1.584883e+00
 4.364364e-01 -1.325244e+00 -1.484852e-01 1.778318e+00
 4.374374e-01 -1.334057e+00 -9.924810e-02 1.789558e+00
 4.384384e-01 -1.266474e+00 -5.474143e-02 1.606953e+00
 4.394394e-01 -1.123351e+00 -2.280359e-02 1.262438e+00
 4.404404e-01 -9.102755e-01 -9.969500e-03 8.287008e-01
 4.414414e-01 -6.373055e-01 -2.075332e-02 4.065890e-01
 4.424424e-01 -3.184021e-01 -5.708547e-02 1.046386e-01
 4.434434e-01  2.939084e-02 -1.179810e-01 1.478334e-02
 4.444444e-01  3.869831e-01 -1.994534e-01 1.895376e-01
 4.454454e-01  7.343935e-01 -2.947157e-01 6.261912e-01
 4.464464e-01  1.051976e+00 -3.946352e-01 1.262390e+00
 4.474474e-01  1.321600e+00 -4.884417e-01 1.985203e+00
 4.484484e-01  1.527748e+00 -5.646071e-01 2.652795e+00
 4.494494e-01  1.658410e+00 -6.118625e-01 3.124699e+00
 4.504505e-01  1.705781e+00 -6.202347e-01 3.294380e+00
 4.514515e-01  1.666660e+00 -5.820582e-01 3.116547e+00
 4.524525e-01  1.542589e+00 -4.928306e-01 2.622463e+00
 4.534535e-01  1.339684e+00 -3.518835e-01 1.918576e+00
 4.544545e-01  1.068227e+00 -1.627528e-01 1.167598e+00
 4.554555e-01  7.420010e-01  6.673893e-02 5.550196e-01
 4.564565e-01  3.774803e-01  3.247708e-01 2.479675e-01
 4.574575e-01 -7.130880e-03  5.961088e-01 3.553965e-01
 4.584585e-01 -3.928832e-01  8.630310e-01 8.991797e-01
 4.594595e-01 -7.610956e-01  1.106457e+00 1.803514e+00
 4.604605e-01 -1.094269e+00  1.307295e+00 2.906443e+00
 4.614615e-01 -1.376928e+00  1.447811e+00 3.992087e+00
 4.624625e-01 -1.596274e+00  1.513043e+00 4.837389e+00
 4.634635e-01 -1.742708e+00  1.492020e+00 5.263154e+00
 4.644645e-01 -1.810124e+00  1.378834e+00 5.177731e+00
 4.654655e-01 -1.796072e+00  1.173330e+00 4.602580e+00
 4.664665e-01 -1.701691e+00  8.815213e-01 3.672832e+00
 4.674675e-01 -1.531555e+00  5.154856e-01 2.611385e+00
 4.684685e-01 -1.293324e+00  9.296395e-02 1.681328e+00
 4.694695e-01 -9.973778e-01 -3.635810e-01 1.126954e+00
 4.704705e-01 -6.562887e-01 -8.281194e-01 1.116497e+00
 4.714715e-01 -2.843516e-01 -1.272669e+00 1.700542e+00
 4.724725e-01  1.030249e-01 -1.668914e+00 2.795886e+00
 4.734735e-01  4.897990e-01 -1.990141e+00 4.200564e+00
 4.744745e-01  8.599303e-01 -2.212887e+00 5.636349e+00
 4.754755e-01  1.197818e+00 -2.318757e+00 6.811400e+00
 4.764765e-01  1.488943e+00 -2.295600e+00 7.486731e+00
 4.774775e-01  1.720228e+00 -2.138812e+00 7.533699e+00
 4.784785e-01  1.880697e+00 -1.851599e+00 6.965441e+00
 4.794795e-01  1.961707e+00 -1.445530e+00 5.937852e+00
 4.804805e-01  1.957654e+00 -9.395656e-01 4.715192e+00
 4.814815e-01  1.865931e+00 -3.599768e-01 3.611283e+00
 4.824825e-01  1.687813e+00  2.622221e-01 2.917472e+00
 4.834835e-01  1.427679e+00  8.909806e-01 2.832113e+00
 4.844845e-01  1.094940e+00  1.491349e+00 3.423015e+00
 4.854855e-01  6.970840e-01  2.014459e+00 4.543970e+00
 4.864865e-01  2.256166e-01  2.346964e+00 5.559142e+00
 4.874875e-01 -2.819433e-01  2.438854e+00 6.027499e+00
 4.884885e-01 -7.752162e-01  2.276216e+00 5.782117e+00
 4.894895e-01 -1.204905e+00  1.869432e+00 4.946570e+00
 4.904905e-01 -1.525593e+00  1.256345e+00 3.905838e+00
 4.914915e-01 -1.701594e+00  4.970604e-01 3.142490e+00
 4.924925e-01 -1.710329e+00 -3.308452e-01 3.034683e+00
 4.934935e-01 -1.545633e+00 -1.140938e+00 3.690721e+00
 4.944945e-01 -1.218754e+00 -1.846494e+00 4.894903e+00
 4.954955e-01 -7.581515e-01 -2.370163e+00 6.192468e+00
 4.964965e-01 -2.070609e-01 -2.652253e+00 7.077318e+00
 4.974975e-01  3.802657e-01 -2.657727e+00 7.208114e+00
 4.984985e-01  9.439284e-01 -2.380433e+00 6.557461e+00
 4.994995e-01  1.424363e+00 -1.844469e+00 5.430875e+00
 5.005005e-01  1.768739e+00 -1.102241e+00 4.343373e+00
 5.015015e-01  1.936764e+00 -2.293959e-01 3.803676e+00
 5.025025e-01  1.905519e+00  6.827868e-01 4.097199e+00
 5.035035e-01  1.672517e+00  1.537047e+00 5.159826e+00
 5.045045e-01  1.256772e+00  2.240398e+00 6.598859e+00
 5.055055e-01  6.974924e-01  2.714503e+00 7.855024e+00
 5.065065e-01  5.059146e-02  2.904214e+00 8.437021e+00
 5.075075e-01 -6.168262e-01  2.784371e+00 8.133198e+00
 5.085085e-01 -1.233372e+00  2.362701e+00 7.103561e+00
 5.095095e-01 -1.731053e+00  1.680177e+00 5.819541e+00
 5.105105e-01 -2.052837e+00  8.064562e-01 4.864511e+00
 5.115115e-01 -2.159292e+00 -1.662054e-01 4.690166e+00
 5.125125e-01 -2.033503e+00 -1.134011e+00 5.421115e+00
 5.135135e-01 -1.683653e+00 -1.990727e+00 6.797680e+00
 5.145145e-01 -1.142874e+00 -2.642700e+00 8.290021e+00
 5.155155e-01 -4.663939e-01 -3.012629e+00 9.293454e+00
 5.165165e-01  2.752945e-01 -3.075617e+00 9.535204e+00
 5.175175e-01  1.016310e+00 -2.938422e+00 9.667208e+00
 5.185185e-01  1.708864e+00 -2.624248e+00 9.806895e+00
 5.195195e-01  2.309560e+00 -2.145105e+00 9.935547e+00
 5.205205e-01  2.779169e+00 -1.528364e+00 1.005968e+01
 5.215215e-01  3.085800e+00 -8.086354e-01 1.017605e+01
 5.225225e-01  3.206981e+00 -2.924747e-02 1.028558e+01
 5.235235e-01  3.131522e+00  7.624000e-01 1.038768e+01
 5.245245e-01  2.860519e+00  1.516364e+00 1.048193e+01
 5.255255e-01  2.407695e+00  2.184376e+00 1.056849e+01
 5.265265e-01  1.798834e+00  2.722282e+00 1.064662e+01
 5.275275e-01  1.070432e+00  3.093681e+00 1.071669e+01
 5.285285e-01  2.675622e-01  3.272055e+00 1.077793e+01
 5.295295e-01 -5.589011e-01  3.243200e+00 1.083072e+01
 5.305305e-01 -1.355543e+00  3.006152e+00 1.087445e+01
 5.315315e-01 -2.069937e+00  2.573857e+00 1.090938e+01
 5.325325e-01 -2.654210e+00  1.972380e+00 1.093512e+01
 5.335335e-01 -3.068400e+00  1.239644e+00 1.095179e+01
 5.345345e-01 -3.283348e+00  4.229146e-01 1.095923e+01
 5.355355e-01 -3.282927e+00 -4.240846e-01 1.095746e+01
 5.365365e-01 -3.065409e+00 -1.244885e+00 1.094647e+01
 5.375375e-01 -2.643858e+00 -1.984001e+00 1.092624e+01
 5.385385e-01 -2.045489e+00 -2.590921e+00 1.089690e+01
 5.395395e-01 -1.310012e+00 -3.023618e+00 1.085840e+01
 5.405405e-01 -4.870472e-01 -3.251727e+00 1.081094e+01
 5.415415e-01  3.672204e-01 -3.258786e+00 1.075454e+01
 5.425425e-01  1.193927e+00 -3.043676e+00 1.068942e+01
 5.435435e-01  1.935680e+00 -2.620840e+00 1.061566e+01
 5.445445e-01  2.540683e+00 -2.019513e+00 1.053350e+01
 5.455455e-01  2.966521e+00 -1.281737e+00 1.044310e+01
 5.465465e-01  3.183323e+00 -4.595185e-01 1.034470e+01
 5.475475e-01  3.176050e+00  3.888882e-01 1.023853e+01
 5.485485e-01  2.945730e+00  1.203124e+00 1.012483e+01
 5.495495e-01  2.509512e+00  1.925165e+00 1.000391e+01
 5.505506e-01  1.899520e+00  2.503566e+00 9.876017e+00
 5.515516e-01  1.160581e+00  2.897334e+00 9.741491e+00
 5.525526e-01  3.469666e-01  3.078997e+00 9.600606e+00
 5.535536e-01 -4.816048e-01  3.036740e+00 9.453735e+00
 5.545546e-01 -1.264420e+00  2.775322e+00 9.301171e+00
 5.555556e-01 -1.944332e+00  2.315789e+00 9.143304e+00
 5.565566e-01 -2.472084e+00  1.693888e+00 8.980453e+00
 5.575576e-01 -2.810052e+00  9.574001e-01 8.813010e+00
 5.585586e-01 -2.935119e+00  1.624709e-01 8.641322e+00
 5.595596e-01 -2.840428e+00 -6.306685e-01 8.465772e+00
 5.605606e-01 -2.535882e+00 -1.362363e+00 8.286732e+00
 5.615616e-01 -2.047343e+00 -1.978120e+00 8.104571e+00
 5.625626e-01 -1.414562e+00 -2.432836e+00 7.919677e+00
 5.635636e-01 -6.880273e-01 -2.694258e+00 7.732408e+00
 5.645646e-01  7.504952e-02 -2.745455e+00 7.543155e+00
 5.655656e-01  8.152688e-01 -2.586039e+00 7.352263e+00
 5.665666e-01  1.475753e+00 -2.232100e+00 7.160118e+00
 5.675676e-01  2.006636e+00 -1.714779e+00 6.967056e+00
 5.685686e-01  2.368979e+00 -1.077673e+00 6.773443e+00
 5.695696e-01  2.537779e+00 -3.732115e-01 6.579608e+00
 5.705706e-01  2.503832e+00  3.416400e-01 6.385890e+00
 5.715716e-01  2.274297e+00  1.010042e+00 6.192611e+00
 5.725726e-01  1.871917e+00  1.579875e+00 6.000078e+00
 5.735736e-01  1.332955e+00  2.007941e+00 5.808599e+00
 5.745746e-01  7.040471e-01  2.263353e+00 5.618451e+00
 5.755756e-01  3.820617e-02  2.329906e+00 5.429922e+00
 5.765766e-01 -6.096460e-01  2.207168e+00 5.243261e+00
 5.775776e-01 -1.187266e+00  1.910269e+00 5.058728e+00
 5.785786e-01 -1.649391e+00  1.468352e+00 4.876546e+00
 5.795796e-01 -1.961391e+00  9.218943e-01 4.696946e+00
 5.805806e-01 -2.101978e+00  3.190800e-01 4.520124e+00
 5.815816e-01 -2.064727e+00 -2.884112e-01 4.346277e+00
 5.825826e-01 -1.858309e+00 -8.498614e-01 4.175578e+00
 5.835836e-01 -1.505429e+00 -1.319799e+00 4.008187e+00
 5.845846e-01 -1.040562e+00 -1.661771e+00 3.844253e+00
 5.855856e-01 -5.067190e-01 -1.851254e+00 3.683904e+00
 5.865866e-01  4.846445e-02 -1.877476e+00 3.527263e+00
 5.875876e-01  5.769689e-01 -1.743999e+00 3.374426e+00
 5.885886e-01  1.034573e+00 -1.468041e+00 3.225487e+00
 5.895896e-01  1.384611e+00 -1.078597e+00 3.080517e+00
 5.905906e-01  1.600971e+00 -6.135740e-01 2.939583e+00
 5.915916e-01  1.670098e+00 -1.161984e-01 2.802728e+00
 5.925926e-01  1.591811e+00  3.689599e-01 2.669993e+00
 5.935936e-01  1.378920e+00  7.999883e-01 2.541400e+00
 5.945946e-01  1.055674e+00  1.141278e+00 2.416963e+00
 5.955956e-01  6.552247e-01  1.366515e+00 2.296684e+00
 5.965966e-01  2.163539e-01  1.460734e+00 2.180552e+00
 5.975976e-01 -2.202189e-01  1.421287e+00 2.068553e+00
 5.985986e-01 -6.155928e-01  1.257656e+00 1.960654e+00
 5.995996e-01 -9.361621e-01  9.901636e-01 1.856823e+00
 6.006006e-01 -1.156495e+00  6.477127e-01 1.757012e+00
 6.016016e-01 -1.261364e+00  2.648249e-01 1.661171e+00
 6.026026e-01 -1.246761e+00 -1.217625e-01 1.569239e+00
 6.036036e-01 -1.119833e+00 -4.765764e-01 1.481151e+00
 6.046046e-01 -8.977737e-01 -7.686596e-01 1.396835e+00
 6.056056e-01 -6.058137e-01 -9.742709e-01 1.316214e+00
 6.066066e-01 -2.745225e-01 -1.078817e+00 1.239208e+00
 6.076076e-01  6.329219e-02 -1.077832e+00 1.165729e+00
 6.086086e-01  3.757807e-01 -9.769740e-01 1.095689e+00
 6.096096e-01  6.350303e-01 -7.910320e-01 1.028995e+00
 6.106106e-01  8.195483e-01 -5.421194e-01 9.655530e-01
 6.116116e-01  9.160253e-01 -2.572190e-01 9.052640e-01
 6.126126e-01  9.202343e-01  3.462999e-02 8.480304e-01
 6.136136e-01  8.370092e-01  3.052325e-01 7.937513e-01
 6.146146e-01  6.793427e-01  5.299238e-01 7.423257e-01
 6.156156e-01  4.667238e-01  6.897982e-01 6.936526e-01
 6.166166e-01  2.229138e-01  7.732651e-01 6.476295e-01
 6.176176e-01 -2.659909e-02  7.768195e-01 6.041561e-01
 6.186186e-01 -2.571959e-01  7.049685e-01 5.631303e-01
 6.196196e-01 -4.475147e-01  5.693715e-01 5.244534e-01
 6.206206e-01 -5.813968e-01  3.873024e-01 4.880254e-01
 6.216216e-01 -6.492172e-01  1.796293e-01 4.537497e-01
 6.226226e-01 -6.484901e-01 -3.147060e-02 4.215298e-01
 6.236236e-01 -5.837235e-01 -2.248083e-01 3.912718e-01
 6.246246e-01 -4.655712e-01 -3.822657e-01 3.628837e-01
 6.256256e-01 -3.094049e-01 -4.904525e-01 3.362750e-01
 6.266266e-01 -1.334779e-01 -5.417954e-01 3.113586e-01
 6.276276e-01  4.310479e-02 -5.349677e-01 2.880485e-01
 6.286286e-01  2.023954e-01 -4.746561e-01 2.662623e-01
 6.296296e-01  3.293787e-01 -3.707139e-01 2.459192e-01
 6.306306e-01  4.133438e-01 -2.368308e-01 2.269419e-01
 6.316316e-01  4.487277e-01 -8.887334e-02 2.092551e-01
 6.326326e-01  4.353723e-01  5.689971e-02 1.927866e-01
 6.336336e-01  3.781969e-01  1.855640e-01 1.774669e-01
 6.346346e-01  2.863564e-01  2.850069e-01 1.632289e-01
 6.356356e-01  1.720013e-01  3.470223e-01 1.500089e-01
 6.366366e-01  4.879560e-02  3.679187e-01 1.377452e-01
 6.376376e-01 -6.963482e-02  3.486121e-01 1.263794e-01
 6.386386e-01 -1.711509e-01  2.942152e-01 1.158552e-01
 6.396396e-01 -2.462983e-01  2.132060e-01 1.061196e-01
 6.406406e-01 -2.891365e-01  1.162825e-01 9.712155e-02
 6.416416e-01 -2.976344e-01  1.505659e-02 8.881293e-02
 6.426426e-01 -2.736131e-01 -7.926990e-02 8.114785e-02
 6.436436e-01 -2.222734e-01 -1.570907e-01 7.408297e-02
 6.446446e-01 -1.513836e-01 -2.113298e-01 6.757728e-02
 6.456456e-01 -7.024151e-02 -2.380294e-01 6.159184e-02
 6.466466e-01  1.146062e-02 -2.365563e-01 5.609024e-02
 6.476476e-01  8.473504e-02 -2.094223e-01 5.103773e-02
 6.486486e-01  1.422412e-01 -1.617699e-01 4.640208e-02
 6.496496e-01  1.789762e-01 -1.005984e-01 4.215254e-02
 6.506507e-01  1.926535e-01 -3.384126e-02 3.826060e-02
 6.516517e-01  1.837474e-01  3.059751e-02 3.469931e-02
 6.526527e-01  1.552231e-01  8.572822e-02 3.144352e-02
 6.536537e-01  1.120036e-01  1.261939e-01 2.846973e-02
 6.546547e-01  6.025560e-02  1.487452e-01 2.575587e-02
 6.556557e-01  6.585961e-03  1.524407e-01 2.328154e-02
 6.566567e-01 -4.274782e-02  1.385645e-01 2.102751e-02
 6.576577e-01 -8.252687e-02  1.102969e-01 1.897609e-02
 6.586587e-01 -1.090846e-01  7.218861e-02 1.711064e-02
 6.596597e-01 -1.206000e-01  2.952170e-02 1.541589e-02
 6.606607e-01 -1.171521e-01 -1.236667e-02 1.387754e-02
 6.616617e-01 -1.005479e-01 -4.870864e-02 1.248241e-02
 6.626627e-01 -7.396211e-02 -7.581490e-02 1.121829e-02
 6.636637e-01 -4.144558e-02 -9.141191e-02 1.007387e-02
 6.646647e-01 -7.371164e-03 -9.478630e-02 9.038777e-03
 6.656657e-01  2.411117e-02 -8.672936e-02 8.103331e-03
 6.666667e-01  4.954690e-02 -6.930981e-02 7.258745e-03
 6.676677e-01  6.652497e-02 -4.551088e-02 6.496812e-03
 6.686687e-01  7.387121e-02 -1.879188e-02 5.810091e-03
 6.696697e-01  7.167517e-02  7.371625e-03 5.191671e-03
 6.706707e-01  6.116264e-02  2.990643e-02 4.635263e-03
 6.716717e-01  4.444110e-02  4.647661e-02 4.135086e-03
 6.726727e-01  2.416151e-02  5.569615e-02 3.685839e-03
 6.736737e-01  3.143708e-03  5.720865e-02 3.282713e-03
 6.746747e-01 -1.598384e-02  5.163114e-02 2.921257e-03
 6.756757e-01 -3.108820e-02  4.038570e-02 2.597480e-03
 6.766767e-01 -4.074590e-02  2.544503e-02 2.307678e-03
 6.776777e-01 -4.434957e-02  9.036021e-03 2.048534e-03
 6.786787e-01 -4.210228e-02 -6.662565e-03 1.816992e-03
 6.796797e-01 -3.491194e-02 -1.978521e-02 1.610298e-03
 6.806807e-01 -2.420694e-02 -2.898226e-02 1.425947e-03
 6.816817e-01 -1.170484e-02 -3.353589e-02 1.261659e-03
 6.826827e-01  8.333477e-04 -3.338706e-02 1.115390e-03
 6.836837e-01  1.182966e-02 -2.907439e-02 9.852611e-04
 6.846847e-01  2.007045e-02 -2.160519e-02 8.696073e-04
 6.856857e-01  2.482245e-02 -1.227757e-02 7.668929e-04
 6.866867e-01  2.587631e-02 -2.485320e-03 6.757605e-04
 6.876877e-01  2.351774e-02  6.471671e-03 5.949667e-04
 6.886887e-01  1.843845e-02  1.354351e-02 5.234030e-04
 6.896897e-01  1.160312e-02  1.803992e-02 4.600713e-04
 6.906907e-01  4.095436e-03  1.967982e-02 4.040679e-04
 6.916917e-01 -3.035988e-03  1.858433e-02 3.545947e-04
 6.926927e-01 -8.910125e-03  1.521608e-02 3.109196e-04
 6.936937e-01 -1.291067e-02  1.028197e-02 2.724042e-04
 6.946947e-01 -1.473729e-02  4.612340e-03 2.384613e-04
 6.956957e-01 -1.441023e-02 -9.612706e-04 2.085788e-04
 6.966967e-01 -1.223131e-02 -5.717145e-03 1.822907e-04
 6.976977e-01 -8.712298e-03 -9.125829e-03 1.591849e-04
 6.986987e-01 -4.482570e-03 -1.089962e-02 1.388952e-04
 6.996997e-01 -1.918055e-04 -1.100244e-02 1.210905e-04
 7.007007e-01  3.579766e-03 -9.626481e-03 1.054839e-04
 7.017017e-01  6.391097e-03 -7.138992e-03 9.181132e-05
 7.027027e-01  7.983898e-03 -4.013064e-03 7.984732e-05
 7.037037e-01  8.295866e-03 -7.502395e-04 6.938425e-05
 7.047047e-01  7.446231e-03  2.190246e-03 6.024354e-05
 7.057057e-01  5.697594e-03  4.449898e-03 5.226417e-05
 7.067067e-01  3.403051e-03  5.807181e-03 4.530411e-05
 7.077077e-01  9.464912e-04  6.192236e-03 3.923963e-05
 7.087087e-01 -1.313803e-03  5.677325e-03 3.395810e-05
 7.097097e-01 -3.091875e-03  4.450258e-03 2.936449e-05
 7.107107e-01 -4.204642e-03  2.773359e-03 2.537054e-05
 7.117117e-01 -4.584963e-03  9.384694e-04 2.190261e-05
 7.127127e-01 -4.276346e-03 -7.782679e-04 1.889283e-05
 7.137137e-01 -3.413272e-03 -2.152443e-03 1.628343e-05
 7.147147e-01 -2.190567e-03 -3.037193e-03 1.402313e-05
 7.157157e-01 -8.285067e-04 -3.373410e-03 1.206632e-05
 7.167167e-01  4.618959e-04 -3.187670e-03 1.037459e-05
 7.177177e-01  1.507458e-03 -2.576778e-03 8.912213e-06
 7.187187e-01  2.192921e-03 -1.685616e-03 7.650207e-06
 7.197197e-01  2.469706e-03 -6.794884e-04 6.561154e-06
 7.207207e-01  2.354459e-03  2.816038e-04 5.622777e-06
 7.217217e-01  1.917867e-03  1.066008e-03 4.814588e-06
 7.227227e-01  1.267568e-03  1.585057e-03 4.119134e-06
 7.237237e-01  5.273946e-04  1.800913e-03 3.521433e-06
 7.247247e-01 -1.825710e-04  1.724652e-03 3.007758e-06
 7.257257e-01 -7.632766e-04  1.408755e-03 2.567182e-06
 7.267267e-01 -1.148153e-03  9.331934e-04 2.189105e-06
 7.277277e-01 -1.308747e-03  3.905928e-04 1.865380e-06
 7.287287e-01 -1.253500e-03 -1.297926e-04 1.588107e-06
 7.297297e-01 -1.021688e-03 -5.542050e-04 1.350990e-06
 7.307307e-01 -6.731190e-04 -8.338319e-04 1.148365e-06
 7.317317e-01 -2.766083e-04 -9.480181e-04 9.752504e-07
 7.327327e-01  1.017887e-04 -9.040541e-04 8.276747e-07
 7.337337e-01  4.080755e-04 -7.315753e-04 7.017280e-07
 7.347347e-01  6.069751e-04 -4.755647e-04 5.945806e-07
 7.357357e-01  6.843937e-04 -1.868007e-04 5.032892e-07
 7.367367e-01  6.467742e-04  8.607059e-05 4.257250e-07
 7.377377e-01  5.169703e-04  3.042089e-04 3.598013e-07
 7.387387e-01  3.286292e-04  4.425219e-04 3.038227e-07
 7.397397e-01  1.192721e-04  4.920978e-04 2.563861e-07
 7.407407e-01 -7.581022e-05  4.586662e-04 2.161219e-07
 7.417417e-01 -2.288829e-04  3.601484e-04 1.820943e-07
 7.427427e-01 -3.227357e-04  2.215511e-04 1.532432e-07
 7.437437e-01 -3.520172e-04  7.060083e-05 1.289006e-07
 7.447447e-01 -3.221078e-04 -6.751535e-05 1.083118e-07
 7.457457e-01 -2.468978e-04 -1.731620e-04 9.094358e-08
 7.467467e-01 -1.451385e-04 -2.350383e-04 7.630819e-08
 7.477477e-01 -3.697637e-05 -2.501736e-04 6.395408e-08
 7.487487e-01  5.963561e-05 -2.236698e-04 5.358458e-08
 7.497497e-01  1.312402e-04 -1.661529e-04 4.483078e-08
 7.507508e-01  1.705294e-04 -9.176800e-05 3.750166e-08
 7.517518e-01  1.763683e-04 -1.487878e-05 3.132715e-08
 7.527528e-01  1.532297e-04  5.174842e-05 2.615724e-08
 7.537538e-01  1.094169e-04  9.924729e-05 2.182208e-08
 7.547548e-01  5.533524e-05  1.229717e-04 1.818403e-08
 7.557558e-01  1.293026e-06  1.230850e-04 1.515159e-08
 7.567568e-01 -4.395390e-05  1.032909e-04 1.260096e-08
 7.577578e-01 -7.457244e-05  7.016644e-05 1.048438e-08
 7.587588e-01 -8.794774e-05  3.115555e-05 8.705472e-09
 7.597598e-01 -8.479260e-05 -6.302084e-06 7.229502e-09
 7.607608e-01 -6.831155e-05 -3.646413e-05 5.996101e-09
 7.617618e-01 -4.346678e-05 -5.548528e-05 4.967978e-09
 7.627628e-01 -1.569072e-05 -6.221490e-05 4.116892e-09
 7.637638e-01  9.899591e-06 -5.748874e-05 3.402957e-09
 7.647648e-01  2.948594e-05 -4.413023e-05 2.816898e-09
 7.657658e-01  4.078740e-05 -2.570121e-05 2.324165e-09
 7.667668e-01  4.337437e-05 -6.241143e-06 1.920288e-09
 7.677678e-01  3.825392e-05  1.093677e-05 1.582975e-09
 7.687688e-01  2.764688e-05  2.323562e-05 1.304244e-09
 7.697698e-01  1.423232e-05  2.953652e-05 1.074965e-09
 7.707708e-01  7.994997e-07  2.970291e-05 8.829022e-10
 7.717718e-01 -1.042213e-05  2.487617e-05 7.274446e-10
 7.727728e-01 -1.786969e-05  1.663525e-05 5.960574e-10
 7.737738e-01 -2.097863e-05  7.083627e-06 4.902808e-10
 7.747748e-01 -1.993445e-05 -2.024897e-06 4.014827e-10
 7.757758e-01 -1.568941e-05 -9.104666e-06 3.290524e-10
 7.767768e-01 -9.493788e-06 -1.340206e-05 2.697473e-10
 7.777778e-01 -2.803094e-06 -1.456683e-05 2.200499e-10
 7.787788e-01  3.181769e-06 -1.305708e-05 1.806109e-10
 7.797798e-01  7.507187e-06 -9.510194e-06 1.468016e-10
 7.807808e-01  9.761125e-06 -5.008391e-06 1.203636e-10
 7.817818e-01  9.880989e-06 -4.081050e-07 9.780049e-11
 7.827828e-01  8.273003e-06  3.369137e-06 7.979366e-11
 7.837838e-01  5.490478e-06  5.908590e-06 6.505678e-11
 7.847848e-01  2.278072e-06  6.890663e-06 5.267085e-11
 7.857858e-01 -7.602450e-07  6.523548e-06 4.313465e-11
 7.867868e-01 -3.077460e-06  5.022838e-06 3.469966e-11
 7.877878e-01 -4.435729e-06  2.959238e-06 2.843278e-11
 7.887888e-01 -4.729408e-06  7.088794e-07 2.286981e-11
 7.897898e-01 -4.143751e-06 -1.197209e-06 1.860398e-11
 7.907908e-01 -2.906765e-06 -2.575438e-06 1.508216e-11
 7.917918e-01 -1.402354e-06 -3.183416e-06 1.210074e-11
 7.927928e-01  8.826667e-08 -3.148359e-06 9.919953e-12
 7.937938e-01  1.258485e-06 -2.505454e-06 7.861084e-12
 7.947948e-01  1.996144e-06 -1.577187e-06 6.472112e-12
 7.957958e-01  2.209557e-06 -4.956213e-07 5.127782e-12
 7.967968e-01  1.998555e-06  4.227850e-07 4.172971e-12
 7.977978e-01  1.443564e-06  1.130635e-06 3.362213e-12
 7.987988e-01  7.510210e-07  1.449419e-06 2.664848e-12
 7.997998e-01  3.606611e-08  1.483448e-06 2.201919e-12
 8.008008e-01 -5.265483e-07  1.193522e-06 1.701748e-12
 8.018018e-01 -9.004473e-07  7.830515e-07 1.423975e-12
 8.028028e-01 -1.014652e-06  2.649956e-07 1.099741e-12
 8.038038e-01 -9.363947e-07 -1.572300e-07 9.015564e-13
 8.048048e-01 -6.800347e-07 -5.089794e-07 7.215072e-13
 8.058058e-01 -3.661028e-07 -6.532414e-07 5.607556e-13
 8.068068e-01 -2.738820e-08 -6.880908e-07 4.742190e-13
 8.078078e-01  2.301050e-07 -5.446654e-07 3.496088e-13
 8.088088e-01  4.109570e-07 -3.686605e-07 3.047962e-13
 8.098098e-01  4.591172e-07 -1.170692e-07 2.244938e-13
 8.108108e-01  4.286936e-07  6.495401e-08 1.879972e-13
 8.118118e-01  3.045001e-07  2.384123e-07 1.495608e-13
 8.128128e-01  1.655904e-07  2.905866e-07 1.118607e-13
 8.138138e-01  5.173442e-09  3.166533e-07 1.002961e-13
 8.148148e-01 -1.053581e-07  2.365727e-07 6.706699e-14
 8.158158e-01 -1.908648e-07  1.670724e-07 6.434254e-14
 8.168168e-01 -2.039763e-07  4.011168e-08 4.321528e-14
 8.178178e-01 -1.926710e-07 -2.914072e-08 3.797130e-14
 8.188188e-01 -1.285076e-07 -1.173937e-07 3.029548e-14
 8.198198e-01 -7.031569e-08 -1.256300e-07 2.072719e-14
 8.208208e-01  7.095891e-09 -1.461489e-07 2.140985e-14
 8.218218e-01  4.938324e-08 -9.539292e-08 1.153851e-14
 8.228228e-01  9.055953e-08 -7.464256e-08 1.377254e-14
 8.238238e-01  8.781400e-08 -5.655499e-09 7.743283e-15
 8.248248e-01  8.562010e-08  1.221584e-08 7.480028e-15
 8.258258e-01  4.964880e-08  6.133481e-08 6.226963e-15
 8.268268e-01  2.864564e-08  5.058583e-08 3.379499e-15
 8.278278e-01 -1.072839e-08  6.906979e-08 4.885734e-15
 8.288288e-01 -2.247577e-08  3.297340e-08 1.592405e-15
 8.298298e-01 -4.420271e-08  3.461529e-08 3.152098e-15
 8.308308e-01 -3.543169e-08 -7.465391e-09 1.311137e-15
 8.318318e-01 -3.828393e-08 -2.761261e-09 1.473284e-15
 8.328328e-01 -1.596463e-08 -3.452345e-08 1.446738e-15
 8.338338e-01 -1.200042e-08 -1.658776e-08 4.191640e-16
 8.348348e-01  1.023204e-08 -3.479452e-08 1.315353e-15
 8.358358e-01  8.898697e-09 -6.514646e-09 1.216274e-16
 8.368368e-01  2.260736e-08 -1.831901e-08 8.466789e-16
 8.378378e-01  1.216293e-08  1.126245e-08 2.747796e-16
 8.388388e-01  1.796738e-08 -2.833406e-09 3.308548e-16
 8.398398e-01  2.393815e-09  2.143292e-08 4.651004e-16
 8.408408e-01  6.107166e-09  1.414065e-09 3.929706e-17
 8.418418e-01 -8.547841e-09  1.984773e-08 4.669982e-16
 8.428428e-01 -1.942634e-09 -4.070390e-09 2.034190e-17
 8.438438e-01 -1.257255e-08  1.214424e-08 3.055517e-16
 8.448448e-01 -2.085083e-09 -1.157889e-08 1.384182e-16
 8.458458e-01 -9.570170e-09  6.045826e-09 1.281402e-16
 8.468468e-01  2.642039e-09 -1.499163e-08 2.317294e-16
 8.478478e-01 -4.406627e-09  5.132779e-09 4.576378e-17
 8.488488e-01  6.965900e-09 -1.346853e-08 2.299251e-16
 8.498498e-01 -1.560615e-09  7.925132e-09 6.524324e-17
 8.508509e-01  7.975104e-09 -9.988719e-09 1.633768e-16
 8.518519e-01 -2.102697e-09  1.090515e-08 1.233437e-16
 8.528529e-01  6.262529e-09 -7.741979e-09 9.915750e-17
 8.538539e-01 -4.270096e-09  1.181858e-08 1.579126e-16
 8.548549e-01  4.125035e-09 -7.772082e-09 7.742117e-17
 8.558559e-01 -5.842709e-09  1.078688e-08 1.504941e-16
 8.568569e-01  3.245683e-09 -9.077676e-09 9.293866e-17
 8.578579e-01 -5.917112e-09  9.278920e-09 1.211106e-16
 8.588589e-01  3.728096e-09 -1.014440e-08 1.168075e-16
 8.598599e-01 -5.032711e-09  8.516253e-09 9.785474e-17
 8.608609e-01  4.651450e-09 -1.024267e-08 1.265484e-16
 8.618619e-01 -4.204474e-09  8.688426e-09 9.316635e-17
 8.628629e-01  5.149505e-09 -9.642038e-09 1.194863e-16
 8.638639e-01 -3.994303e-09  9.230130e-09 1.011498e-16
 8.648649e-01  5.018941e-09 -9.011877e-09 1.064037e-16
 8.658659e-01 -4.284186e-09  9.538709e-09 1.093412e-16
 8.668669e-01  4.599283e-09 -8.770329e-09 9.807207e-17
 8.678679e-01 -4.638606e-09  9.430614e-09 1.104532e-16
 8.688689e-01  4.303217e-09 -8.879522e-09 9.736359e-17
 8.698699e-01 -4.754738e-09  9.105537e-09 1.055183e-16
 8.708709e-01  4.282005e-09 -9.059834e-09 1.004162e-16
 8.718719e-01 -4.631203e-09  8.841722e-09 9.962410e-17
 8.728729e-01  4.421218e-09 -9.096237e-09 1.022887e-16
 8.738739e-01 -4.445372e-09  8.757500e-09 9.645514e-17
 8.748749e-01  4.535397e-09 -8.971177e-09 1.010518e-16
 8.758759e-01 -4.347119e-09  8.789150e-09 9.614660e-17
 8.768769e-01  4.535643e-09 -8.795885e-09 9.793965e-17
 8.778779e-01 -4.358452e-09  8.814301e-09 9.668801e-17
 8.788789e-01  4.456166e-09 -8.673246e-09 9.508262e-17
 8.798799e-01 -4.410291e-09  8.768244e-09 9.633277e-17
 8.808809e-01  4.376838e-09 -8.624267e-09 9.353469e-17
 8.818819e-01 -4.432765e-09  8.668137e-09 9.478601e-17
 8.828829e-01  4.343685e-09 -8.606262e-09 9.293535e-17
 8.838839e-01 -4.408382e-09  8.565815e-09 9.280701e-17
 8.848849e-01  4.348490e-09 -8.572536e-09 9.239774e-17
 8.858859e-01 -4.363113e-09  8.493289e-09 9.117271e-17
 8.868869e-01  4.357977e-09 -8.509498e-09 9.140353e-17
 8.878879e-01 -4.327922e-09  8.446992e-09 9.008258e-17
 8.888889e-01  4.350033e-09 -8.432937e-09 9.003722e-17
 8.898899e-01 -4.312950e-09  8.405573e-09 8.925520e-17
 8.908909e-01  4.325958e-09 -8.363123e-09 8.865574e-17
 8.918919e-01 -4.308550e-09  8.354091e-09 8.835444e-17
 8.928929e-01  4.299514e-09 -8.307340e-09 8.749772e-17
 8.938939e-01 -4.301329e-09  8.292765e-09 8.727138e-17
 8.948949e-01  4.280577e-09 -8.259617e-09 8.654461e-17
 8.958959e-01 -4.286061e-09  8.230486e-09 8.611121e-17
 8.968969e-01  4.269393e-09 -8.211137e-09 8.565049e-17
 8.978979e-01 -4.266420e-09  8.174042e-09 8.501731e-17
 8.988989e-01  4.260357e-09 -8.158036e-09 8.470419e-17
 8.998999e-01 -4.248253e-09  8.123678e-09 8.404180e-17
 9.009009e-01  4.248828e-09 -8.102574e-09 8.370424e-17
 9.019019e-01 -4.234127e-09  8.075898e-09 8.314796e-17
 9.029029e-01  4.234331e-09 -8.048531e-09 8.270841e-17
 9.039039e-01 -4.222835e-09  8.027639e-09 8.227532e-17
 9.049049e-01  4.218988e-09 -7.997720e-09 8.176338e-17
 9.059059e-01 -4.211973e-09  7.978284e-09 8.139373e-17
 9.069069e-01  4.204780e-09 -7.949557e-09 8.087563e-17
 9.079079e-01 -4.200392e-09  7.928999e-09 8.051232e-17
 9.089089e-01  4.192124e-09 -7.902641e-09 8.002564e-17
 9.099099e-01 -4.188247e-09  7.881033e-09 7.965210e-17
 9.109109e-01  4.180329e-09 -7.856300e-09 7.919661e-17
 9.119119e-01 -4.176487e-09  7.834380e-09 7.882055e-17
 9.129129e-01  4.168738e-09 -7.810758e-09 7.838631e-17
 9.139139e-01 -4.165259e-09  7.788687e-09 7.801303e-17
 9.149149e-01  4.157386e-09 -7.766391e-09 7.760068e-17
 9.159159e-01 -4.154368e-09  7.743624e-09 7.722248e-17
 9.169169e-01  4.146672e-09 -7.723128e-09 7.684159e-17
 9.179179e-01 -4.143469e-09  7.699439e-09 7.644969e-17
 9.189189e-01  4.136776e-09 -7.680823e-09 7.610796e-17
 9.199199e-01 -4.132482e-09  7.656400e-09 7.569787e-17
 9.209209e-01  4.127499e-09 -7.638865e-09 7.538850e-17
 9.219219e-01 -4.121805e-09  7.614850e-09 7.497521e-17
 9.229229e-01  4.118638e-09 -7.597275e-09 7.468177e-17
 9.239239e-01 -4.111574e-09  7.574697e-09 7.428107e-17
 9.249249e-01  4.109744e-09 -7.556119e-09 7.398494e-17
 9.259259e-01 -4.102174e-09  7.535625e-09 7.361348e-17
 9.269269e-01  4.100724e-09 -7.515752e-09 7.330247e-17
 9.279279e-01 -4.093520e-09  7.497462e-09 7.296884e-17
 9.289289e-01  4.091717e-09 -7.476345e-09 7.263788e-17
 9.299299e-01 -4.085570e-09  7.459849e-09 7.234122e-17
 9.309309e-01  4.082772e-09 -7.438148e-09 7.199507e-17
 9.319319e-01 -4.078166e-09  7.422714e-09 7.172813e-17
 9.329329e-01  4.074094e-09 -7.401155e-09 7.137534e-17
 9.339339e-01 -4.071068e-09  7.385966e-09 7.112609e-17
 9.349349e-01  4.065863e-09 -7.365351e-09 7.077964e-17
 9.359359e-01 -4.064110e-09  7.349679e-09 7.053477e-17
 9.369369e-01  4.058260e-09 -7.330591e-09 7.020703e-17
 9.379379e-01 -4.057227e-09  7.313903e-09 6.995427e-17
 9.389389e-01  4.051322e-09 -7.296815e-09 6.965671e-17
 9.399399e-01 -4.050319e-09  7.278939e-09 6.938803e-17
 9.409409e-01  4.044966e-09 -7.263646e-09 6.912230e-17
 9.419419e-01 -4.043430e-09  7.244928e-09 6.883830e-17
 9.429429e-01  4.039256e-09 -7.230977e-09 6.860262e-17
 9.439439e-01 -4.036721e-09  7.212035e-09 6.830857e-17
 9.449449e-01  4.033914e-09 -7.198623e-09 6.809264e-17
 9.459459e-01 -4.030426e-09  7.180259e-09 6.780046e-17
 9.469469e-01  4.028761e-09 -7.166765e-09 6.759344e-17
 9.479479e-01 -4.024567e-09  7.149501e-09 6.731251e-17
 9.489489e-01  4.023763e-09 -7.135306e-09 6.710326e-17
 9.499499e-01 -4.019372e-09  7.119554e-09 6.684339e-17
 9.509510e-01  4.018784e-09 -7.104513e-09 6.662472e-17
 9.519520e-01 -4.014760e-09  7.090332e-09 6.639111e-17
 9.529530e-01  4.013897e-09 -7.074534e-09 6.616040e-17
 9.539540e-01 -4.010574e-09  7.061637e-09 6.595142e-17
 9.549550e-01  4.009173e-09 -7.045435e-09 6.571163e-17
 9.559560e-01 -4.006892e-09  7.033304e-09 6.552255e-17
 9.569570e-01  4.004797e-09 -7.017365e-09 6.528180e-17
 9.579580e-01 -4.003412e-09  7.005440e-09 6.510350e-17
 9.589590e-01  4.000767e-09 -6.990219e-09 6.486930e-17
 9.599600e-01 -4.000158e-09  6.978020e-09 6.469402e-17
 9.609610e-01  3.997297e-09 -6.963885e-09 6.447408e-17
 9.619620e-01 -3.996970e-09  6.951218e-09 6.429520e-17
 9.629630e-01  3.994333e-09 -6.938224e-09 6.409365e-17
 9.639640e-01 -3.993985e-09  6.924956e-09 6.390693e-17
 9.649650e-01  3.991812e-09 -6.913103e-09 6.372556e-17
 9.659660e-01 -3.991195e-09  6.899559e-09 6.353355e-17
 9.669670e-01  3.989681e-09 -6.888505e-09 6.336906e-17
 9.679680e-01 -3.988711e-09  6.874976e-09 6.317511e-17
 9.689690e-01  3.987883e-09 -6.864276e-09 6.302150e-17
 9.699700e-01 -3.986547e-09  6.851166e-09 6.283104e-17
 9.709710e-01  3.986246e-09 -6.840552e-09 6.268331e-17
 9.719720e-01 -3.984804e-09  6.828136e-09 6.250211e-17
 9.729730e-01  3.984861e-09 -6.817331e-09 6.235512e-17
 9.739740e-01 -3.983545e-09  6.805748e-09 6.218683e-17
 9.749750e-01  3.983689e-09 -6.794684e-09 6.203751e-17
 9.759760e-01 -3.982668e-09  6.783955e-09 6.188370e-17
 9.769770e-01  3.982708e-09 -6.772688e-09 6.173127e-17
 9.779780e-01 -3.982181e-09  6.762708e-09 6.159198e-17
 9.789790e-01  3.982018e-09 -6.751365e-09 6.143740e-17
 9.799800e-01 -3.981988e-09  6.741928e-09 6.130983e-17
 9.809810e-01  3.981662e-09 -6.730774e-09 6.115696e-17
 9.819820e-01 -3.982077e-09  6.721584e-09 6.103663e-17
 9.829830e-01  3.981672e-09 -6.710882e-09 6.088965e-17
 9.839840e-01 -3.982420e-09  6.701701e-09 6.077247e-17
 9.849850e-01  3.982079e-09 -6.691661e-09 6.063528e-17
 9.859860e-01 -3.982955e-09  6.682331e-09 6.051748e-17
 9.869870e-01  3.982862e-09 -6.672948e-09 6.039142e-17
 9.879880e-01 -3.983805e-09  6.663539e-09 6.027345e-17
 9.889890e-01  3.984004e-09 -6.654871e-09 6.015960e-17
 9.899900e-01 -3.984911e-09  6.645303e-09 6.003957e-17
 9.909910e-01  3.985528e-09 -6.637257e-09 5.993761e-17
 9.919920e-01 -3.986226e-09  6.627775e-09 5.981740e-17
 9.929930e-01  3.987336e-09 -6.620107e-09 5.972467e-17
 9.939940e-01 -3.987940e-09  6.610849e-09 5.960699e-17
 9.949950e-01  3.989491e-09 -6.603328e-09 5.951998e-17
 9.959960e-01 -3.989989e-09  6.594509e-09 5.940756e-17
 9.969970e-01  3.991873e-09 -6.587123e-09 5.932524e-17
 9.979980e-01 -3.992408e-09  6.578813e-09 5.922010e-17
 9.989990e-01  3.994450e-09 -6.571267e-09 5.913718e-17
 1.000000e+00 -3.995319e-09  6.563689e-09 5.904459e-17
