# x psi_r psi_i psi2 
 0.000000e+00 -2.391382e-08 -3.603941e-09 5.848594e-16
 1.001001e-03 -1.587786e-08 -3.651351e-09 2.654387e-16
 2.002002e-03 -1.213183e-08 -4.132443e-10 1.473521e-16
 3.003003e-03  9.002973e-10  2.895725e-09 9.195757e-18
 4.004004e-03  6.823795e-09  6.885630e-09 9.397608e-17
 5.005005e-03  1.888298e-08  7.959833e-09 4.199257e-16
 6.006006e-03  2.080813e-08  7.222497e-09 4.851429e-16
 7.007007e-03  2.628028e-08  2.270969e-09 6.958107e-16
 8.008008e-03  1.990691e-08 -4.093829e-09 4.130446e-16
 9.009009e-03  1.650150e-08 -1.254690e-08 4.297243e-16
 1.001001e-02  2.104566e-09 -1.888099e-08 3.609210e-16
 1.101101e-02 -7.029701e-09 -2.314175e-08 5.849572e-16
 1.201201e-02 -2.349746e-08 -2.142782e-08 1.011282e-15
 1.301301e-02 -3.014984e-08 -1.514257e-08 1.138311e-15
 1.401401e-02 -3.928511e-08 -2.527172e-09 1.549707e-15
 1.501502e-02 -3.437575e-08  1.240021e-08 1.335457e-15
 1.601602e-02 -2.920700e-08  2.892869e-08 1.689918e-15
 1.701702e-02 -9.623418e-09  4.121389e-08 1.791195e-15
 1.801802e-02  7.754263e-09  4.795319e-08 2.359637e-15
 1.901902e-02  3.414160e-08  4.418175e-08 3.117676e-15
 2.002002e-02  5.058066e-08  3.106761e-08 3.523600e-15
 2.102102e-02  6.703670e-08  7.336075e-09 4.547737e-15
 2.202202e-02  6.497772e-08 -2.145435e-08 4.682393e-15
 2.302302e-02  5.659034e-08 -5.240562e-08 5.948815e-15
 2.402402e-02  2.734703e-08 -7.684686e-08 6.653299e-15
 2.502503e-02 -5.390917e-09 -9.075273e-08 8.265121e-15
 2.602603e-02 -5.056255e-08 -8.679027e-08 1.008912e-14
 2.702703e-02 -8.600062e-08 -6.495390e-08 1.161512e-14
 2.802803e-02 -1.176611e-07 -2.412780e-08 1.442628e-14
 2.902903e-02 -1.232656e-07  2.812215e-08 1.598527e-14
 3.003003e-02 -1.119683e-07  8.542600e-08 1.983450e-14
 3.103103e-02 -6.801656e-08  1.342949e-07 2.266138e-14
 3.203203e-02 -9.560526e-09  1.655782e-07 2.750753e-14
 3.303303e-02  6.901675e-08  1.671574e-07 3.270491e-14
 3.403403e-02  1.402660e-07  1.359110e-07 3.814636e-14
 3.503504e-02  2.033049e-07  6.986290e-08 4.621369e-14
 3.603604e-02  2.288789e-07 -2.114186e-08 5.283251e-14
 3.703704e-02  2.200805e-07 -1.255496e-07 6.419814e-14
 3.803804e-02  1.576666e-07 -2.219786e-07 7.413327e-14
 3.903904e-02  5.969070e-08 -2.920944e-07 8.888212e-14
 4.004004e-02 -7.529165e-08 -3.145528e-07 1.046123e-13
 4.104104e-02 -2.117740e-07 -2.790954e-07 1.227425e-13
 4.204204e-02 -3.375836e-07 -1.801073e-07 1.464014e-13
 4.304304e-02 -4.108669e-07 -2.892826e-08 1.696484e-13
 4.404404e-02 -4.227766e-07  1.560276e-07 2.030847e-13
 4.504505e-02 -3.454584e-07  3.412388e-07 2.357854e-13
 4.604605e-02 -1.936517e-07  4.927545e-07 2.803080e-13
 4.704705e-02  3.035669e-08  5.722164e-07 3.283531e-13
 4.804805e-02  2.800642e-07  5.543310e-07 3.857188e-13
 4.904905e-02  5.257210e-07  4.232791e-07 4.555478e-13
 5.005005e-02  7.037964e-07  1.881202e-07 5.307185e-13
 5.105105e-02  7.829040e-07 -1.257053e-07 6.287404e-13
 5.205205e-02  7.161148e-07 -4.677904e-07 7.316482e-13
 5.305305e-02  5.065330e-07 -7.793754e-07 8.640016e-13
 5.405405e-02  1.558361e-07 -9.923880e-07 1.009119e-12
 5.505506e-02 -2.773297e-07 -1.052060e-06 1.183742e-12
 5.605606e-02 -7.383531e-07 -9.185282e-07 1.388859e-12
 5.705706e-02 -1.128871e-06 -5.879726e-07 1.620061e-12
 5.805806e-02 -1.377410e-06 -8.794818e-08 1.904992e-12
 5.905906e-02 -1.398440e-06  5.116362e-07 2.217405e-12
 6.006006e-02 -1.165185e-06  1.116324e-06 2.603836e-12
 6.106106e-02 -6.652088e-07  1.609762e-06 3.033837e-12
 6.206206e-02  3.621380e-08  1.883573e-06 3.549158e-12
 6.306306e-02  8.548847e-07  1.847547e-06 4.144257e-12
 6.406406e-02  1.641776e-06  1.460897e-06 4.829648e-12
 6.506507e-02  2.259462e-06  7.360527e-07 5.646941e-12
 6.606607e-02  2.550839e-06 -2.437629e-07 6.566201e-12
 6.706707e-02  2.423934e-06 -1.340671e-06 7.672853e-12
 6.806807e-02  1.820348e-06 -2.367502e-06 8.918733e-12
 6.906907e-02  7.898542e-07 -3.126534e-06 1.039909e-11
 7.007007e-02 -5.607824e-07 -3.432437e-06 1.209610e-11
 7.107107e-02 -2.020068e-06 -3.160064e-06 1.406668e-11
 7.207207e-02 -3.353104e-06 -2.264579e-06 1.637163e-11
 7.307307e-02 -4.282295e-06 -8.138369e-07 1.900038e-11
 7.407407e-02 -4.589934e-06  1.018962e-06 2.210578e-11
 7.507508e-02 -4.108139e-06  2.958659e-06 2.563047e-11
 7.607608e-02 -2.815238e-06  4.674731e-06 2.977867e-11
 7.707708e-02 -8.030139e-07  5.820307e-06 3.452081e-11
 7.807808e-02  1.664316e-06  6.104347e-06 4.003300e-11
 7.907908e-02  4.230321e-06  5.339687e-06 4.640787e-11
 8.008008e-02  6.437810e-06  3.504266e-06 5.372527e-11
 8.108108e-02  7.853856e-06  7.569190e-07 6.225599e-11
 8.208208e-02  8.091668e-06 -2.551665e-06 7.198609e-11
 8.308308e-02  6.944275e-06 -5.925501e-06 8.333452e-11
 8.408408e-02  4.388747e-06 -8.776896e-06 9.629501e-11
 8.508509e-02  6.754807e-07 -1.052919e-05 1.113201e-10
 8.608609e-02 -3.734621e-06 -1.070660e-05 1.285787e-10
 8.708709e-02 -8.161816e-06 -9.044797e-06 1.484236e-10
 8.808809e-02 -1.185299e-05 -5.554358e-06 1.713443e-10
 8.908909e-02 -1.404343e-05 -5.712968e-07 1.975444e-10
 9.009009e-02 -1.414606e-05  5.267790e-06 2.278607e-10
 9.109109e-02 -1.181946e-05  1.107977e-05 2.624607e-10
 9.209209e-02 -7.119853e-06  1.586523e-05 3.023977e-10
 9.309309e-02 -4.890051e-07  1.865025e-05 3.480709e-10
 9.409409e-02  7.208728e-06  1.866984e-05 4.005285e-10
 9.509510e-02  1.483319e-05  1.551408e-05 4.607103e-10
 9.609610e-02  2.106522e-05  9.260731e-06 5.295045e-10
 9.709710e-02  2.466383e-05  5.160561e-07 6.085707e-10
 9.809810e-02  2.462800e-05 -9.600930e-06 6.987162e-10
 9.909910e-02  2.045674e-05 -1.959004e-05 8.022479e-10
 1.001001e-01  1.224303e-05 -2.775568e-05 9.202699e-10
 1.011011e-01  7.978588e-07 -3.247772e-05 1.055439e-09
 1.021021e-01 -1.244617e-05 -3.247794e-05 1.209724e-09
 1.031031e-01 -2.553027e-05 -2.709276e-05 1.385812e-09
 1.041041e-01 -3.628189e-05 -1.645186e-05 1.587039e-09
 1.051051e-01 -4.258628e-05 -1.577234e-06 1.816079e-09
 1.061061e-01 -4.280110e-05  1.568021e-05 2.077803e-09
 1.071071e-01 -3.603008e-05  3.282006e-05 2.375323e-09
 1.081081e-01 -2.242708e-05  4.702992e-05 2.714787e-09
 1.091091e-01 -3.250614e-06  5.558863e-05 3.100662e-09
 1.101101e-01  1.913721e-05  5.633518e-05 3.539885e-09
 1.111111e-01  4.156819e-05  4.807745e-05 4.039355e-09
 1.121121e-01  6.041635e-05  3.092539e-05 4.606515e-09
 1.131131e-01  7.218144e-05  6.427005e-06 5.251466e-09
 1.141141e-01  7.400815e-05 -2.248012e-05 5.982561e-09
 1.151151e-01  6.428454e-05 -5.177569e-05 6.813224e-09
 1.161161e-01  4.299886e-05 -7.684477e-05 7.754021e-09
 1.171171e-01  1.200349e-05 -9.315108e-05 8.821208e-09
 1.181181e-01 -2.510192e-05 -9.695058e-05 1.002952e-08
 1.191191e-01 -6.326034e-05 -8.599780e-05 1.139749e-08
 1.201201e-01 -9.663013e-05 -6.007157e-05 1.294597e-08
 1.211211e-01 -1.193450e-04 -2.127735e-05 1.469595e-08
 1.221221e-01 -1.264876e-04  2.600925e-05 1.667560e-08
 1.231231e-01 -1.149143e-04  7.552904e-05 1.890994e-08
 1.241241e-01 -8.402040e-05  1.198965e-04 2.143460e-08
 1.251251e-01 -3.608463e-05  1.515903e-04 2.428173e-08
 1.261261e-01  2.367291e-05  1.641141e-04 2.749383e-08
 1.271271e-01  8.759780e-05  1.531036e-04 3.111409e-08
 1.281281e-01  1.464231e-04  1.172690e-04 3.519174e-08
 1.291291e-01  1.905523e-04  5.894336e-05 3.978450e-08
 1.301301e-01  2.114228e-04 -1.582515e-05 4.495002e-08
 1.311311e-01  2.029877e-04 -9.776817e-05 5.076261e-08
 1.321321e-01  1.628680e-04 -1.754041e-04 5.729257e-08
 1.331331e-01  9.320056e-05 -2.365270e-04 6.463135e-08
 1.341341e-01  7.833165e-07 -2.699405e-04 7.286850e-08
 1.351351e-01 -1.033433e-04 -2.672691e-04 8.211259e-08
 1.361361e-01 -2.051153e-04 -2.245165e-04 9.247993e-08
 1.371371e-01 -2.891322e-04 -1.431795e-04 1.040978e-07
 1.381381e-01 -3.408478e-04 -3.063504e-05 1.171157e-07
 1.391391e-01 -3.487571e-04  1.002665e-04 1.316849e-07
 1.401401e-01 -3.064937e-04  2.324945e-04 1.479920e-07
 1.411411e-01 -2.142798e-04  3.468519e-04 1.662221e-07
 1.421421e-01 -7.968817e-05  4.245595e-04 1.866010e-07
 1.431431e-01  8.270801e-05  4.500221e-04 2.093605e-07
 1.441441e-01  2.526209e-04  4.134623e-04 2.347684e-07
 1.451451e-01  4.064193e-04  3.129548e-04 2.631174e-07
 1.461461e-01  5.201140e-04  1.555766e-04 2.947227e-07
 1.471471e-01  5.728272e-04 -4.265425e-05 3.299503e-07
 1.481481e-01  5.500575e-04 -2.580941e-04 3.691758e-07
 1.491491e-01  4.464921e-04 -4.620516e-04 4.128469e-07
 1.501502e-01  2.676773e-04 -6.243142e-04 4.614194e-07
 1.511512e-01  3.043944e-05 -7.172882e-04 5.154289e-07
 1.521522e-01 -2.383684e-04 -7.201513e-04 5.754375e-07
 1.531532e-01 -5.045398e-04 -6.225079e-04 6.420764e-07
 1.541542e-01 -7.306097e-04 -4.269070e-04 7.160401e-07
 1.551552e-01 -8.806929e-04 -1.498382e-04 7.980715e-07
 1.561562e-01 -9.257010e-04  1.791579e-04 8.890199e-07
 1.571572e-01 -8.480071e-04  5.202411e-04 9.897668e-07
 1.581582e-01 -6.450989e-04  8.277573e-04 1.101335e-06
 1.591592e-01 -3.313794e-04  1.055922e-03 1.224783e-06
 1.601602e-01  6.206281e-05  1.165105e-03 1.361321e-06
 1.611612e-01  4.901130e-04  1.127840e-03 1.512235e-06
 1.621622e-01  8.983330e-04  9.337773e-04 1.678942e-06
 1.631632e-01  1.229498e-03  5.927366e-04 1.863001e-06
 1.641642e-01  1.430996e-03  1.353590e-04 2.066073e-06
 1.651652e-01  1.462423e-03 -3.890363e-04 2.290030e-06
 1.661662e-01  1.302100e-03 -9.172601e-04 2.536831e-06
 1.671672e-01  9.518153e-04 -1.379401e-03 2.808698e-06
 1.681682e-01  4.387347e-04 -1.707474e-03 3.107957e-06
 1.691692e-01 -1.857626e-04 -1.844643e-03 3.437217e-06
 1.701702e-01 -8.506824e-04 -1.753737e-03 3.799255e-06
 1.711712e-01 -1.472885e-03 -1.423980e-03 4.197109e-06
 1.721722e-01 -1.966931e-03 -8.748003e-04 4.634093e-06
 1.731732e-01 -2.255966e-03 -1.560630e-04 5.113740e-06
 1.741742e-01 -2.282554e-03  6.556891e-04 5.639983e-06
 1.751752e-01 -2.017793e-03  1.464737e-03 6.216944e-06
 1.761762e-01 -1.467647e-03  2.166854e-03 6.849242e-06
 1.771772e-01 -6.751950e-04  2.661922e-03 7.541718e-06
 1.781782e-01  2.815635e-04  2.867136e-03 8.299744e-06
 1.791792e-01  1.296682e-03  2.729037e-03 9.129030e-06
 1.801802e-01  2.247242e-03  2.232865e-03 1.003578e-05
 1.811812e-01  3.007504e-03  1.407712e-03 1.102673e-05
 1.821822e-01  3.464444e-03  3.266139e-04 1.210905e-05
 1.831832e-01  3.533066e-03 -8.989254e-04 1.329062e-05
 1.841842e-01  3.169303e-03 -2.129618e-03 1.457975e-05
 1.851852e-01  2.378965e-03 -3.213432e-03 1.598562e-05
 1.861862e-01  1.221070e-03 -4.003357e-03 1.751788e-05
 1.871872e-01 -1.950204e-04 -4.375969e-03 1.918714e-05
 1.881882e-01 -1.719008e-03 -4.248489e-03 2.100465e-05
 1.891892e-01 -3.174686e-03 -3.592212e-03 2.298262e-05
 1.901902e-01 -4.379397e-03 -2.440297e-03 2.513417e-05
 1.911912e-01 -5.165611e-03 -8.886864e-04 2.747330e-05
 1.921922e-01 -5.402420e-03  9.105705e-04 3.001528e-05
 1.931932e-01 -5.014078e-03  2.763193e-03 3.277621e-05
 1.941942e-01 -3.993412e-03  4.452685e-03 3.577374e-05
 1.951952e-01 -2.407888e-03  5.764418e-03 3.902643e-05
 1.961962e-01 -3.973679e-04  6.511274e-03 4.255459e-05
 1.971972e-01  1.837007e-03  6.557827e-03 4.637969e-05
 1.981982e-01  4.051811e-03  5.840190e-03 5.052499e-05
 1.991992e-01  5.986768e-03  4.378808e-03 5.501535e-05
 2.002002e-01  7.393797e-03  2.282352e-03 5.987737e-05
 2.012012e-01  8.066785e-03 -2.584502e-04 6.513982e-05
 2.022022e-01  7.868410e-03 -2.986849e-03 7.083314e-05
 2.032032e-01  6.750995e-03 -5.604869e-03 7.699049e-05
 2.042042e-01  4.768349e-03 -7.804466e-03 8.364684e-05
 2.052052e-01  2.076937e-03 -9.301968e-03 9.084027e-05
 2.062062e-01 -1.074680e-03 -9.871987e-03 9.861107e-05
 2.072072e-01 -4.367396e-03 -9.377028e-03 1.070028e-04
 2.082082e-01 -7.442606e-03 -7.789066e-03 1.160619e-04
 2.092092e-01 -9.939567e-03 -5.200317e-03 1.258383e-04
 2.102102e-01 -1.153554e-02 -1.821209e-03 1.363854e-04
 2.112112e-01 -1.198414e-02  2.034852e-03 1.477603e-04
 2.122122e-01 -1.114785e-02  5.979134e-03 1.600247e-04
 2.132132e-01 -9.020391e-03  9.585209e-03 1.732437e-04
 2.142142e-01 -5.736315e-03  1.243314e-02 1.874882e-04
 2.152152e-01 -1.565683e-03  1.415562e-02 2.028330e-04
 2.162162e-01  3.106178e-03  1.448140e-02 2.193594e-04
 2.172172e-01  7.812737e-03  1.327082e-02 2.371534e-04
 2.182182e-01  1.205101e-02  1.053950e-02 2.563079e-04
 2.192192e-01  1.533305e-02  6.466828e-03 2.769223e-04
 2.202202e-01  1.723884e-02  1.387446e-03 2.991026e-04
 2.212212e-01  1.746526e-02 -4.234169e-03 3.229634e-04
 2.222222e-01  1.586552e-02 -9.844358e-03 3.486262e-04
 2.232232e-01  1.247470e-02 -1.485276e-02 3.762229e-04
 2.242242e-01  7.517562e-03 -1.869169e-02 4.058930e-04
 2.252252e-01  1.397273e-03 -2.087667e-02 4.377878e-04
 2.262262e-01 -5.335135e-03 -2.106192e-02 4.720679e-04
 2.272272e-01 -1.202825e-02 -1.908475e-02 5.089065e-04
 2.282282e-01 -1.799096e-02 -1.499379e-02 5.484883e-04
 2.292292e-01 -2.256052e-02 -9.057265e-03 5.910113e-04
 2.302302e-01 -2.517196e-02 -1.749330e-03 6.366879e-04
 2.312312e-01 -2.542128e-02  6.285100e-03 6.857441e-04
 2.322322e-01 -2.311635e-02  1.428489e-02 7.384234e-04
 2.332332e-01 -1.830924e-02  2.144193e-02 7.949843e-04
 2.342342e-01 -1.130621e-02  2.697916e-02 8.557054e-04
 2.352352e-01 -2.652810e-03  3.022987e-02 9.208823e-04
 2.362362e-01  6.905491e-03  3.071070e-02 9.908330e-04
 2.372372e-01  1.648471e-02  2.818068e-02 1.065896e-03
 2.382382e-01  2.514080e-02  2.267984e-02 1.146435e-03
 2.392392e-01  3.195860e-02  1.454254e-02 1.232837e-03
 2.402402e-01  3.614288e-02  4.382856e-03 1.325517e-03
 2.412412e-01  3.710315e-02 -6.948019e-03 1.424919e-03
 2.422422e-01  3.452331e-02 -1.842973e-02 1.531514e-03
 2.432432e-01  2.840905e-02 -2.896094e-02 1.645810e-03
 2.442442e-01  1.910688e-02 -3.746027e-02 1.768345e-03
 2.452452e-01  7.291856e-03 -4.297119e-02 1.899694e-03
 2.462462e-01 -6.076907e-03 -4.476094e-02 2.040470e-03
 2.472472e-01 -1.983005e-02 -4.240392e-02 2.191324e-03
 2.482482e-01 -3.268610e-02 -3.584084e-02 2.352947e-03
 2.492492e-01 -4.336563e-02 -2.540661e-02 2.526074e-03
 2.502503e-01 -5.071195e-02 -1.182290e-02 2.711483e-03
 2.512513e-01 -5.380713e-02  3.846039e-03 2.909999e-03
 2.522523e-01 -5.207244e-02  2.027207e-02 3.122496e-03
 2.532533e-01 -4.534299e-02  3.597094e-02 3.349895e-03
 2.542543e-01 -3.390829e-02  4.943081e-02 3.593178e-03
 2.552553e-01 -1.851301e-02  5.925069e-02 3.853375e-03
 2.562563e-01 -3.158613e-04  6.427663e-02 4.131585e-03
 2.572573e-01  1.919202e-02  6.372307e-02 4.428963e-03
 2.582583e-01  3.830389e-02  5.726735e-02 4.746738e-03
 2.592593e-01  5.524073e-02  4.510730e-02 5.086206e-03
 2.602603e-01  6.830929e-02  2.797465e-02 5.448740e-03
 2.612613e-01  7.606162e-02  7.100606e-03 5.835789e-03
 2.622623e-01  7.744129e-02 -1.586586e-02 6.248879e-03
 2.632633e-01  7.190273e-02 -3.898232e-02 6.689624e-03
 2.642643e-01  5.949106e-02 -6.017078e-02 7.159708e-03
 2.652653e-01  4.087347e-02 -7.739679e-02 7.660904e-03
 2.662663e-01  1.731630e-02 -8.885494e-02 8.195055e-03
 2.672673e-01 -9.392816e-03 -9.314431e-02 8.764087e-03
 2.682683e-01 -3.707395e-02 -8.941764e-02 9.369993e-03
 2.692693e-01 -6.332606e-02 -7.748969e-02 1.001484e-02
 2.702703e-01 -8.572765e-02 -5.789251e-02 1.070077e-02
 2.712713e-01 -1.020504e-01 -3.187032e-02 1.142999e-02
 2.722723e-01 -1.104675e-01 -1.310810e-03 1.220480e-02
 2.732733e-01 -1.097387e-01  3.138414e-02 1.302754e-02
 2.742743e-01 -9.935257e-02  6.348039e-02 1.390069e-02
 2.752753e-01 -7.961391e-02  9.213262e-02 1.482680e-02
 2.762763e-01 -5.166323e-02  1.146273e-01 1.580851e-02
 2.772773e-01 -1.742444e-02  1.286274e-01 1.684861e-02
 2.782783e-01  2.051871e-02  1.323970e-01 1.794999e-02
 2.792793e-01  5.911055e-02  1.249865e-01 1.911568e-02
 2.802803e-01  9.506228e-02  1.063577e-01 2.034880e-02
 2.812813e-01  1.251237e-01  7.743809e-02 2.165261e-02
 2.822823e-01  1.463660e-01  4.009308e-02 2.303045e-02
 2.832833e-01  1.564507e-01 -2.983658e-03 2.448573e-02
 2.842843e-01  1.538629e-01 -4.845696e-02 2.602188e-02
 2.852853e-01  1.380843e-01 -9.260169e-02 2.764235e-02
 2.862863e-01  1.096900e-01 -1.316003e-01 2.935054e-02
 2.872873e-01  7.035693e-02 -1.618632e-01 3.114979e-02
 2.882883e-01  2.277786e-02 -1.803456e-01 3.304335e-02
 2.892893e-01 -2.951442e-02 -1.848331e-01 3.503438e-02
 2.902903e-01 -8.240336e-02 -1.741713e-01 3.712594e-02
 2.912913e-01 -1.315063e-01 -1.484155e-01 3.932105e-02
 2.922923e-01 -1.725296e-01 -1.088863e-01 4.162268e-02
 2.932933e-01 -2.016330e-01 -5.812071e-02 4.403386e-02
 2.942943e-01 -2.157722e-01  2.813690e-04 4.655772e-02
 2.952953e-01 -2.129909e-01  6.190637e-02 4.919752e-02
 2.962963e-01 -1.926342e-01  1.218557e-01 5.195674e-02
 2.972973e-01 -1.554634e-01  1.751291e-01 5.483906e-02
 2.982983e-01 -1.036582e-01  2.170331e-01 5.784839e-02
 2.992993e-01 -4.070041e-02  2.435820e-01 6.098873e-02
 3.003003e-01  2.885331e-02  2.518563e-01 6.426413e-02
 3.013013e-01  9.969831e-02  2.402889e-01 6.767852e-02
 3.023023e-01  1.661826e-01  2.088512e-01 7.123548e-02
 3.033033e-01  2.227523e-01  1.591210e-01 7.493809e-02
 3.043043e-01  2.644070e-01  9.422130e-02 7.878872e-02
 3.053053e-01  2.871267e-01  1.863123e-02 8.278886e-02
 3.063063e-01  2.882361e-01 -6.212077e-02 8.693901e-02
 3.073073e-01  2.666730e-01 -1.418600e-01 9.123873e-02
 3.083083e-01  2.231366e-01 -2.142353e-01 9.568668e-02
 3.093093e-01  1.600986e-01 -2.732202e-01 1.002809e-01
 3.103103e-01  8.167295e-02 -3.136055e-01 1.050189e-01
 3.113113e-01 -6.650563e-03 -3.314427e-01 1.098985e-01
 3.123123e-01 -9.839149e-02 -3.244023e-01 1.149177e-01
 3.133133e-01 -1.865552e-01 -2.920149e-01 1.200756e-01
 3.143143e-01 -2.641654e-01 -2.357724e-01 1.253720e-01
 3.153153e-01 -3.248120e-01 -1.590771e-01 1.308084e-01
 3.163163e-01 -3.631706e-01 -6.703914e-02 1.363871e-01
 3.173173e-01 -3.754526e-01  3.386671e-02 1.421116e-01
 3.183183e-01 -3.597477e-01  1.362607e-01 1.479853e-01
 3.193193e-01 -3.162295e-01  2.324013e-01 1.540114e-01
 3.203203e-01 -2.472047e-01  3.147719e-01 1.601915e-01
 3.213213e-01 -1.569982e-01  3.766648e-01 1.665248e-01
 3.223223e-01 -5.167877e-02  4.127183e-01 1.730071e-01
 3.233233e-01  6.135584e-02  4.193637e-01 1.796304e-01
 3.243243e-01  1.739062e-01  3.951443e-01 1.863824e-01
 3.253253e-01  2.775720e-01  3.408819e-01 1.932467e-01
 3.263263e-01  3.643822e-01  2.596715e-01 2.002037e-01
 3.273273e-01  4.274055e-01  1.567042e-01 2.072316e-01
 3.283283e-01  4.612952e-01  3.892731e-02 2.143086e-01
 3.293293e-01  4.627258e-01 -8.543523e-02 2.214144e-01
 3.303303e-01  4.306850e-01 -2.074676e-01 2.285324e-01
 3.313313e-01  3.665982e-01 -3.182097e-01 2.356516e-01
 3.323323e-01  2.742731e-01 -4.093192e-01 2.427679e-01
 3.333333e-01  1.596652e-01 -4.736994e-01 2.498841e-01
 3.343343e-01  3.048103e-02 -5.060442e-01 2.570098e-01
 3.353353e-01 -1.043551e-01 -5.032586e-01 2.641592e-01
 3.363363e-01 -2.353314e-01 -4.647232e-01 2.713486e-01
 3.373373e-01 -3.530308e-01 -3.923798e-01 2.785926e-01
 3.383383e-01 -4.488145e-01 -2.906302e-01 2.859004e-01
 3.393393e-01 -5.154578e-01 -1.660552e-01 2.932711e-01
 3.403403e-01 -5.476893e-01 -2.697114e-02 3.006910e-01
 3.413413e-01 -5.425945e-01  1.171434e-01 3.081314e-01
 3.423423e-01 -4.998529e-01  2.563101e-01 3.155478e-01
 3.433433e-01 -4.217905e-01  3.807560e-01 3.228824e-01
 3.443443e-01 -3.132431e-01  4.816080e-01 3.300675e-01
 3.453453e-01 -1.812387e-01  5.515290e-01 3.370317e-01
 3.463463e-01 -3.452240e-02  5.852481e-01 3.437072e-01
 3.473473e-01  1.170432e-01  5.799471e-01 3.500378e-01
 3.483483e-01  2.631598e-01  5.354748e-01 3.559864e-01
 3.493493e-01  3.938077e-01  4.543749e-01 3.615410e-01
 3.503504e-01  4.999431e-01  3.417238e-01 3.667182e-01
 3.513514e-01  5.741280e-01  2.047918e-01 3.715626e-01
 3.523524e-01  6.110495e-01  5.254985e-02 3.761429e-01
 3.533534e-01  6.078906e-01 -1.049413e-01 3.805436e-01
 3.543544e-01  5.645287e-01 -2.572171e-01 3.848533e-01
 3.553554e-01  4.835477e-01 -3.941228e-01 3.891512e-01
 3.563564e-01  3.700634e-01 -5.065030e-01 3.934922e-01
 3.573574e-01  2.313767e-01 -5.868215e-01 3.978947e-01
 3.583584e-01  7.647793e-02 -6.296677e-01 4.023302e-01
 3.593594e-01 -8.456015e-02 -6.321153e-01 4.067202e-01
 3.603604e-01 -2.412607e-01 -5.939115e-01 4.109376e-01
 3.613614e-01 -3.834430e-01 -5.174830e-01 4.148172e-01
 3.623624e-01 -5.018983e-01 -4.077620e-01 4.181717e-01
 3.633634e-01 -5.889939e-01 -2.718450e-01 4.208136e-01
 3.643644e-01 -6.391676e-01 -1.185099e-01 4.225798e-01
 3.653654e-01 -6.492771e-01  4.237421e-02 4.233564e-01
 3.663664e-01 -6.187871e-01  2.005042e-01 4.230994e-01
 3.673674e-01 -5.497792e-01  3.458201e-01 4.218487e-01
 3.683684e-01 -4.467902e-01  4.691591e-01 4.197317e-01
 3.693694e-01 -3.164904e-01  5.628407e-01 4.169558e-01
 3.703704e-01 -1.672264e-01  6.211472e-01 4.137885e-01
 3.713714e-01 -8.461224e-03  6.406676e-01 4.105266e-01
 3.723724e-01  1.498493e-01  6.204870e-01 4.074589e-01
 3.733734e-01  2.979022e-01  5.622090e-01 4.048246e-01
 3.743744e-01  4.266709e-01  4.698157e-01 4.027749e-01
 3.753754e-01  5.284679e-01  3.493762e-01 4.013421e-01
 3.763764e-01  5.974095e-01  2.086260e-01 4.004229e-01
 3.773774e-01  6.297553e-01  5.644824e-02 3.997782e-01
 3.783784e-01  6.241039e-01 -9.770759e-02 3.990525e-01
 3.793794e-01  5.814338e-01 -2.444309e-01 3.978118e-01
 3.803804e-01  5.049924e-01 -3.749383e-01 3.955961e-01
 3.813814e-01  4.000433e-01 -4.816093e-01 3.919821e-01
 3.823824e-01  2.734916e-01 -5.584341e-01 3.866463e-01
 3.833834e-01  1.334157e-01 -6.013495e-01 3.794210e-01
 3.843844e-01 -1.146374e-02 -6.084430e-01 3.703343e-01
 3.853854e-01 -1.523401e-01 -5.800166e-01 3.596267e-01
 3.863864e-01 -2.808677e-01 -5.185102e-01 3.477394e-01
 3.873874e-01 -3.896644e-01 -4.282937e-01 3.352738e-01
 3.883884e-01 -4.727389e-01 -3.153451e-01 3.229246e-01
 3.893894e-01 -5.258194e-01 -1.868387e-01 3.113948e-01
 3.903904e-01 -5.465646e-01 -5.067155e-02 3.013005e-01
 3.913914e-01 -5.346493e-01  8.503892e-02 2.930815e-01
 3.923924e-01 -4.917220e-01  2.124548e-01 2.869275e-01
 3.933934e-01 -4.212423e-01  3.244827e-01 2.827341e-01
 3.943944e-01 -3.282129e-01  4.151778e-01 2.800963e-01
 3.953954e-01 -2.188252e-01  4.800618e-01 2.783438e-01
 3.963964e-01 -1.000449e-01  5.163405e-01 2.766165e-01
 3.973974e-01  2.083439e-02  5.230093e-01 2.739728e-01
 3.983984e-01  1.366420e-01  5.008456e-01 2.695174e-01
 3.993994e-01  2.407563e-01  4.522930e-01 2.625325e-01
 4.004004e-01  3.274814e-01  3.812475e-01 2.525937e-01
 4.014014e-01  3.923527e-01  2.927648e-01 2.396519e-01
 4.024024e-01  4.323569e-01  1.927080e-01 2.240688e-01
 4.034034e-01  4.460541e-01  8.736100e-02 2.065962e-01
 4.044044e-01  4.336013e-01 -1.696693e-02 1.882979e-01
 4.054054e-01  3.966776e-01 -1.143225e-01 1.704228e-01
 4.064064e-01  3.383225e-01 -1.994506e-01 1.542427e-01
 4.074074e-01  2.626976e-01 -2.680798e-01 1.408768e-01
 4.084084e-01  1.747934e-01 -3.171353e-01 1.311276e-01
 4.094094e-01  8.009788e-02 -3.448702e-01 1.253511e-01
 4.104104e-01 -1.574865e-02 -3.509092e-01 1.233853e-01
 4.114114e-01 -1.072926e-01 -3.362085e-01 1.245478e-01
 4.124124e-01 -1.895787e-01 -3.029347e-01 1.277095e-01
 4.134134e-01 -2.584181e-01 -2.542774e-01 1.314369e-01
 4.144144e-01 -3.105964e-01 -1.942065e-01 1.341863e-01
 4.154154e-01 -3.440151e-01 -1.271937e-01 1.345246e-01
 4.164164e-01 -3.577579e-01 -5.791568e-02 1.313450e-01
 4.174174e-01 -3.520850e-01  9.042036e-03 1.240456e-01
 4.184184e-01 -3.283550e-01  6.946292e-02 1.126421e-01
 4.194194e-01 -2.888875e-01  1.197419e-01 9.779412e-02
 4.204204e-01 -2.367735e-01  1.570816e-01 8.073633e-02
 4.214214e-01 -1.756502e-01  1.796300e-01 6.311993e-02
 4.224224e-01 -1.094542e-01  1.865562e-01 4.678343e-02
 4.234234e-01 -4.217037e-02  1.780602e-01 3.348378e-02
 4.244244e-01  2.241018e-02  1.553222e-01 2.462720e-02
 4.254254e-01  8.090613e-02  1.203923e-01 2.104011e-02
 4.264264e-01  1.305273e-01  7.603547e-02 2.281877e-02
 4.274274e-01  1.692089e-01  2.553734e-02 2.928380e-02
 4.284284e-01  1.956959e-01 -2.751117e-02 3.905375e-02
 4.294294e-01  2.095719e-01 -7.944143e-02 5.023134e-02
 4.304304e-01  2.112363e-01 -1.267284e-01 6.068088e-02
 4.314314e-01  2.018304e-01 -1.661978e-01 6.835720e-02
 4.324324e-01  1.831227e-01 -1.952030e-01 7.163813e-02
 4.334334e-01  1.573593e-01 -2.117675e-01 6.960742e-02
 4.344344e-01  1.270928e-01 -2.146809e-01 6.224046e-02
 4.354354e-01  9.499717e-02 -2.035513e-01 5.045759e-02
 4.364364e-01  6.368624e-02 -1.788055e-01 3.602733e-02
 4.374374e-01  3.553985e-02 -1.416470e-01 2.132695e-02
 4.384384e-01  1.255487e-02 -9.396858e-02 8.987718e-03
 4.394394e-01 -3.777386e-03 -3.823300e-02 1.476031e-03
 4.404404e-01 -1.255423e-02  2.267680e-02 6.718458e-04
 4.414414e-01 -1.350840e-02  8.562115e-02 7.513458e-03
 4.424424e-01 -7.009361e-03  1.473794e-01 2.176981e-02
 4.434434e-01  5.971491e-03  2.048187e-01 4.198636e-02
 4.444444e-01  2.393745e-02  2.550570e-01 6.562709e-02
 4.454454e-01  4.497000e-02  2.956010e-01 8.940226e-02
 4.464464e-01  6.686243e-02  3.244638e-01 1.097474e-01
 4.474474e-01  8.726447e-02  3.402462e-01 1.233825e-01
 4.484484e-01  1.038408e-01  3.421896e-01 1.278766e-01
 4.494494e-01  1.144216e-01  3.301888e-01 1.221170e-01
 4.504505e-01  1.171505e-01  3.047768e-01 1.066131e-01
 4.514515e-01  1.106062e-01  2.670717e-01 8.356105e-02
 4.524525e-01  9.390847e-02  2.187053e-01 5.665080e-02
 4.534535e-01  6.678364e-02  1.617206e-01 3.061362e-02
 4.544545e-01  2.960742e-02  9.846515e-02 1.057199e-02
 4.554555e-01 -1.659930e-02  3.146452e-02 1.265553e-03
 4.564565e-01 -7.019834e-02 -3.669373e-02 6.274236e-03
 4.574575e-01 -1.290081e-01 -1.034835e-01 2.735191e-02
 4.584585e-01 -1.903937e-01 -1.665403e-01 6.398541e-02
 4.594595e-01 -2.513971e-01 -2.237595e-01 1.132688e-01
 4.604605e-01 -3.088696e-01 -2.733610e-01 1.701267e-01
 4.614615e-01 -3.596338e-01 -3.139484e-01 2.279001e-01
 4.624625e-01 -4.006306e-01 -3.445287e-01 2.792049e-01
 4.634635e-01 -4.290847e-01 -3.645284e-01 3.169946e-01
 4.644645e-01 -4.426353e-01 -3.737691e-01 3.356293e-01
 4.654655e-01 -4.394779e-01 -3.724470e-01 3.318576e-01
 4.664665e-01 -4.184516e-01 -3.610742e-01 3.054763e-01
 4.674675e-01 -3.791339e-01 -3.404360e-01 2.596391e-01
 4.684685e-01 -3.218663e-01 -3.115115e-01 2.006373e-01
 4.694695e-01 -2.477903e-01 -2.754277e-01 1.372605e-01
 4.704705e-01 -1.588000e-01 -2.333764e-01 7.968197e-02
 4.714715e-01 -5.751966e-02 -1.865812e-01 3.812107e-02
 4.724725e-01  5.281632e-02 -1.362241e-01 2.134656e-02
 4.734735e-01  1.684327e-01 -8.344034e-02 3.533188e-02
 4.744745e-01  2.851976e-01 -2.925918e-02 8.219376e-02
 4.754755e-01  3.987151e-01  2.536283e-02 1.596170e-01
 4.764765e-01  5.045619e-01  7.959264e-02 2.609177e-01
 4.774775e-01  5.983684e-01  1.326427e-01 3.756389e-01
 4.784785e-01  6.761003e-01  1.838313e-01 4.909056e-01
 4.794795e-01  7.340773e-01  2.324507e-01 5.929028e-01
 4.804805e-01  7.693151e-01  2.778773e-01 6.690615e-01
 4.814815e-01  7.793900e-01  3.193501e-01 7.094333e-01
 4.824825e-01  7.629449e-01  3.562342e-01 7.089878e-01
 4.834835e-01  7.191179e-01  3.875343e-01 6.673134e-01
 4.844845e-01  6.488822e-01  4.128248e-01 5.914724e-01
 4.854855e-01  5.500045e-01  4.284680e-01 4.860898e-01
 4.864865e-01  4.043336e-01  4.169072e-01 3.372973e-01
 4.874875e-01  2.194121e-01  3.755407e-01 1.891725e-01
 4.884885e-01  1.112166e-02  3.067824e-01 9.423912e-02
 4.894895e-01 -2.032106e-01  2.143242e-01 8.722942e-02
 4.904905e-01 -4.049280e-01  1.038997e-01 1.747619e-01
 4.914915e-01 -5.763076e-01 -1.746108e-02 3.324354e-01
 4.924925e-01 -7.017173e-01 -1.415465e-01 5.124426e-01
 4.934935e-01 -7.692743e-01 -2.596464e-01 6.591992e-01
 4.944945e-01 -7.717734e-01 -3.629921e-01 7.273974e-01
 4.954955e-01 -7.075361e-01 -4.434694e-01 6.972725e-01
 4.964965e-01 -5.805840e-01 -4.941662e-01 5.812781e-01
 4.974975e-01 -4.004777e-01 -5.100059e-01 4.204884e-01
 4.984985e-01 -1.815692e-01 -4.881960e-01 2.713027e-01
 4.994995e-01  5.810612e-02 -4.286147e-01 1.870869e-01
 5.005005e-01  2.983138e-01 -3.339707e-01 2.005276e-01
 5.015015e-01  5.183209e-01 -2.097940e-01 3.126701e-01
 5.025025e-01  6.986542e-01 -6.418614e-02 4.922375e-01
 5.035035e-01  8.228395e-01  9.264474e-02 6.856479e-01
 5.045045e-01  8.788437e-01  2.490411e-01 8.343878e-01
 5.055055e-01  8.602774e-01  3.927406e-01 8.943223e-01
 5.065065e-01  7.669936e-01  5.117902e-01 8.502084e-01
 5.075075e-01  6.053525e-01  5.955583e-01 7.211414e-01
 5.085085e-01  3.876894e-01  6.356271e-01 5.543249e-01
 5.095095e-01  1.315674e-01  6.266747e-01 4.100312e-01
 5.105105e-01 -1.418447e-01  5.670105e-01 3.416208e-01
 5.115115e-01 -4.092024e-01  4.590491e-01 3.781726e-01
 5.125125e-01 -6.473878e-01  3.091825e-01 5.147048e-01
 5.135135e-01 -8.348597e-01  1.277405e-01 7.133083e-01
 5.145145e-01 -9.546316e-01 -7.207945e-02 9.165169e-01
 5.155155e-01 -9.937212e-01 -2.742634e-01 1.062702e+00
 5.165165e-01 -9.529050e-01 -4.650103e-01 1.124262e+00
 5.175175e-01 -8.701009e-01 -6.469228e-01 1.175585e+00
 5.185185e-01 -7.526227e-01 -8.147657e-01 1.230284e+00
 5.195195e-01 -6.018592e-01 -9.611991e-01 1.286138e+00
 5.205205e-01 -4.220887e-01 -1.079775e+00 1.344074e+00
 5.215215e-01 -2.182335e-01 -1.164488e+00 1.403658e+00
 5.225225e-01  3.156646e-03 -1.210428e+00 1.465145e+00
 5.235235e-01  2.347513e-01 -1.213801e+00 1.528422e+00
 5.245245e-01  4.682155e-01 -1.172319e+00 1.593557e+00
 5.255255e-01  6.948143e-01 -1.085254e+00 1.660544e+00
 5.265265e-01  9.054848e-01 -9.536630e-01 1.729376e+00
 5.275275e-01  1.091376e+00 -7.803747e-01 1.800087e+00
 5.285285e-01  1.244061e+00 -5.700428e-01 1.872636e+00
 5.295295e-01  1.356030e+00 -3.290182e-01 1.947069e+00
 5.305305e-01  1.420943e+00 -6.522900e-02 2.023333e+00
 5.315315e-01  1.434047e+00  2.120826e-01 2.101469e+00
 5.325325e-01  1.392382e+00  4.926365e-01 2.181419e+00
 5.335335e-01  1.295076e+00  7.655008e-01 2.263214e+00
 5.345345e-01  1.143436e+00  1.019487e+00 2.346799e+00
 5.355355e-01  9.410682e-01  1.243615e+00 2.432187e+00
 5.365365e-01  6.938107e-01  1.427570e+00 2.519329e+00
 5.375375e-01  4.096509e-01  1.562180e+00 2.608219e+00
 5.385385e-01  9.847037e-02  1.639853e+00 2.698813e+00
 5.395395e-01 -2.282374e-01  1.654991e+00 2.791089e+00
 5.405405e-01 -5.577983e-01  1.604327e+00 2.885003e+00
 5.415415e-01 -8.768072e-01  1.487188e+00 2.980519e+00
 5.425425e-01 -1.171687e+00  1.305658e+00 3.077595e+00
 5.435435e-01 -1.429242e+00  1.064634e+00 3.176180e+00
 5.445445e-01 -1.637263e+00  7.717504e-01 3.276230e+00
 5.455455e-01 -1.785089e+00  4.371949e-01 3.377682e+00
 5.465465e-01 -1.864163e+00  7.338627e-02 3.480490e+00
 5.475475e-01 -1.868497e+00 -3.054531e-01 3.584581e+00
 5.485485e-01 -1.795068e+00 -6.838373e-01 3.689903e+00
 5.495495e-01 -1.644088e+00 -1.045634e+00 3.796375e+00
 5.505506e-01 -1.419155e+00 -1.374750e+00 3.903938e+00
 5.515516e-01 -1.127245e+00 -1.655846e+00 4.012506e+00
 5.525526e-01 -7.785650e-01 -1.875059e+00 4.122010e+00
 5.535536e-01 -3.862393e-01 -2.020688e+00 4.232361e+00
 5.545546e-01  3.414306e-02 -2.083822e+00 4.343479e+00
 5.555556e-01  4.651301e-01 -2.058866e+00 4.455273e+00
 5.565566e-01  8.881075e-01 -1.943944e+00 4.567653e+00
 5.575576e-01  1.284105e+00 -1.741149e+00 4.680526e+00
 5.585586e-01  1.634644e+00 -1.456616e+00 4.793791e+00
 5.595596e-01  1.922612e+00 -1.100417e+00 4.907353e+00
 5.605606e-01  2.133109e+00 -6.862589e-01 5.021104e+00
 5.615616e-01  2.254237e+00 -2.310003e-01 5.134944e+00
 5.625626e-01  2.277772e+00  2.460032e-01 5.248761e+00
 5.635636e-01  2.199704e+00  7.237060e-01 5.362449e+00
 5.645646e-01  2.020594e+00  1.180292e+00 5.475891e+00
 5.655656e-01  1.745729e+00  1.594180e+00 5.588980e+00
 5.665666e-01  1.385056e+00  1.945048e+00 5.701593e+00
 5.675676e-01  9.528877e-01  2.214864e+00 5.813618e+00
 5.685686e-01  4.673861e-01  2.388825e+00 5.924932e+00
 5.695696e-01 -5.016777e-02  2.456197e+00 6.035420e+00
 5.705706e-01 -5.762880e-01  2.410985e+00 6.144956e+00
 5.715716e-01 -1.086339e+00  2.252396e+00 6.253422e+00
 5.725726e-01 -1.555701e+00  1.985066e+00 6.360694e+00
 5.735736e-01 -1.960969e+00  1.619027e+00 6.466648e+00
 5.745746e-01 -2.281155e+00  1.169400e+00 6.571163e+00
 5.755756e-01 -2.498800e+00  6.558297e-01 6.674115e+00
 5.765766e-01 -2.600971e+00  1.016568e-01 6.775383e+00
 5.775776e-01 -2.580047e+00 -4.671172e-01 6.874841e+00
 5.785786e-01 -2.434286e+00 -1.023047e+00 6.972373e+00
 5.795796e-01 -2.168096e+00 -1.538574e+00 7.067853e+00
 5.805806e-01 -1.792016e+00 -1.987422e+00 7.161167e+00
 5.815816e-01 -1.322367e+00 -2.345962e+00 7.252192e+00
 5.825826e-01 -7.806054e-01 -2.594508e+00 7.340817e+00
 5.835836e-01 -1.923768e-01 -2.718440e+00 7.426925e+00
 5.845846e-01  4.136763e-01 -2.709110e+00 7.510404e+00
 5.855856e-01  1.007308e+00 -2.564464e+00 7.591146e+00
 5.865866e-01  1.558190e+00 -2.289342e+00 7.669043e+00
 5.875876e-01  2.037495e+00 -1.895417e+00 7.743991e+00
 5.885886e-01  2.419444e+00 -1.400778e+00 7.815889e+00
 5.895896e-01  2.682749e+00 -8.291548e-01 7.884641e+00
 5.905906e-01  2.811858e+00 -2.088107e-01 7.950150e+00
 5.915916e-01  2.797933e+00  4.288333e-01 8.012328e+00
 5.925926e-01  2.639492e+00  1.050795e+00 8.071088e+00
 5.935936e-01  2.342678e+00  1.624256e+00 8.126348e+00
 5.945946e-01  1.921117e+00  2.118334e+00 8.178029e+00
 5.955956e-01  1.395362e+00  2.505798e+00 8.226060e+00
 5.965966e-01  7.919456e-01  2.764632e+00 8.270370e+00
 5.975976e-01  1.420685e-01  2.879360e+00 8.310896e+00
 5.985986e-01 -5.200002e-01  2.842038e+00 8.347579e+00
 5.995996e-01 -1.158740e+00  2.652864e+00 8.380366e+00
 6.006006e-01 -1.739318e+00  2.320341e+00 8.409208e+00
 6.016016e-01 -2.229531e+00  1.860982e+00 8.434063e+00
 6.026026e-01 -2.601662e+00  1.298557e+00 8.454893e+00
 6.036036e-01 -2.834118e+00  6.629042e-01 8.471665e+00
 6.046046e-01 -2.912768e+00 -1.162289e-02 8.484355e+00
 6.056056e-01 -2.831886e+00 -6.880147e-01 8.492941e+00
 6.066066e-01 -2.594627e+00 -1.328654e+00 8.497411e+00
 6.076076e-01 -2.213014e+00 -1.897451e+00 8.497753e+00
 6.086086e-01 -1.707405e+00 -2.361935e+00 8.493967e+00
 6.096096e-01 -1.105461e+00 -2.695183e+00 8.486054e+00
 6.106106e-01 -4.406754e-01 -2.877469e+00 8.474025e+00
 6.116116e-01  2.494808e-01 -2.897525e+00 8.457895e+00
 6.126126e-01  9.256775e-01 -2.753326e+00 8.437683e+00
 6.136136e-01  1.549001e+00 -2.452349e+00 8.413418e+00
 6.146146e-01  2.083248e+00 -2.011271e+00 8.385132e+00
 6.156156e-01  2.497099e+00 -1.455116e+00 8.352863e+00
 6.166166e-01  2.766043e+00 -8.158789e-01 8.316655e+00
 6.176176e-01  2.873930e+00 -1.307137e-01 8.276558e+00
 6.186186e-01  2.814031e+00  5.602272e-01 8.232626e+00
 6.196196e-01  2.589566e+00  1.216169e+00 8.184920e+00
 6.206206e-01  2.213615e+00  1.798170e+00 8.133506e+00
 6.216216e-01  1.708437e+00  2.271497e+00 8.078454e+00
 6.226226e-01  1.104206e+00  2.607790e+00 8.019840e+00
 6.236236e-01  4.372496e-01  2.786854e+00 7.957743e+00
 6.246246e-01 -2.521307e-01  2.797978e+00 7.892249e+00
 6.256256e-01 -9.221058e-01  2.640676e+00 7.823447e+00
 6.266266e-01 -1.531899e+00  2.324804e+00 7.751431e+00
 6.276276e-01 -2.044332e+00  1.870028e+00 7.676296e+00
 6.286286e-01 -2.428169e+00  1.304661e+00 7.598145e+00
 6.296296e-01 -2.660122e+00  6.639512e-01 7.517082e+00
 6.306306e-01 -2.726365e+00 -1.210256e-02 7.433214e+00
 6.316316e-01 -2.623461e+00 -6.812513e-01 7.346653e+00
 6.326326e-01 -2.358636e+00 -1.301671e+00 7.257512e+00
 6.336336e-01 -1.949364e+00 -1.834635e+00 7.165908e+00
 6.346346e-01 -1.422292e+00 -2.247008e+00 7.071959e+00
 6.356356e-01 -8.115539e-01 -2.513397e+00 6.975785e+00
 6.366366e-01 -1.565882e-01 -2.617821e+00 6.877509e+00
 6.376376e-01  5.004101e-01 -2.554769e+00 6.777255e+00
 6.386386e-01  1.117235e+00 -2.329578e+00 6.675147e+00
 6.396396e-01  1.654432e+00 -1.958104e+00 6.571314e+00
 6.406406e-01  2.077896e+00 -1.465683e+00 6.465880e+00
 6.416416e-01  2.361127e+00 -8.854679e-01 6.358974e+00
 6.426426e-01  2.486980e+00 -2.562242e-01 6.250723e+00
 6.436436e-01  2.448808e+00  3.802527e-01 6.141255e+00
 6.446446e-01  2.250888e+00  9.819368e-01 6.030698e+00
 6.456456e-01  1.908117e+00  1.509393e+00 5.919178e+00
 6.466466e-01  1.444984e+00  1.928430e+00 5.806821e+00
 6.476476e-01  8.938836e-01  2.212403e+00 5.693753e+00
 6.486486e-01  2.928894e-01  2.343995e+00 5.580098e+00
 6.496496e-01 -3.168688e-01  2.316370e+00 5.465978e+00
 6.506507e-01 -8.940380e-01  2.133591e+00 5.351514e+00
 6.516517e-01 -1.399889e+00  1.810286e+00 5.236825e+00
 6.526527e-01 -1.800979e+00  1.370585e+00 5.122028e+00
 6.536537e-01 -2.071443e+00  8.463816e-01 5.007238e+00
 6.546547e-01 -2.194745e+00  2.750657e-01 4.892567e+00
 6.556557e-01 -2.164771e+00 -3.031353e-01 4.778124e+00
 6.566567e-01 -1.986179e+00 -8.480031e-01 4.664018e+00
 6.576577e-01 -1.673985e+00 -1.322166e+00 4.550351e+00
 6.586587e-01 -1.252408e+00 -1.693723e+00 4.437224e+00
 6.596597e-01 -7.530638e-01 -1.938461e+00 4.324737e+00
 6.606607e-01 -2.126363e-01 -2.041511e+00 4.212982e+00
 6.616617e-01  3.298054e-01 -1.998319e+00 4.102051e+00
 6.626627e-01  8.356455e-01 -1.814863e+00 3.992032e+00
 6.636637e-01  1.269508e+00 -1.507103e+00 3.883009e+00
 6.646647e-01  1.601785e+00 -1.099702e+00 3.775062e+00
 6.656657e-01  1.810727e+00 -6.241277e-01 3.668268e+00
 6.666667e-01  1.883928e+00 -1.162551e-01 3.562699e+00
 6.676677e-01  1.819115e+00  3.863219e-01 3.458425e+00
 6.686687e-01  1.624176e+00  8.470896e-01 3.355510e+00
 6.696697e-01  1.316427e+00  1.233302e+00 3.254016e+00
 6.706707e-01  9.211847e-01  1.518361e+00 3.154001e+00
 6.716717e-01  4.697516e-01  1.683701e+00 3.055517e+00
 6.726727e-01 -3.023008e-03  1.720060e+00 2.958615e+00
 6.736737e-01 -4.614249e-01  1.628013e+00 2.863340e+00
 6.746747e-01 -8.715873e-01  1.417769e+00 2.769735e+00
 6.756757e-01 -1.204026e+00  1.108223e+00 2.677836e+00
 6.766767e-01 -1.435804e+00  7.253599e-01 2.587680e+00
 6.776777e-01 -1.552164e+00  3.001391e-01 2.499296e+00
 6.786787e-01 -1.547501e+00 -1.339782e-01 2.412711e+00
 6.796797e-01 -1.425619e+00 -5.436544e-01 2.327949e+00
 6.806807e-01 -1.199239e+00 -8.982520e-01 2.245030e+00
 6.816817e-01 -8.888328e-01 -1.172155e+00 2.163970e+00
 6.826827e-01 -5.208613e-01 -1.346658e+00 2.084783e+00
 6.836837e-01 -1.255723e-01 -1.411280e+00 2.007479e+00
 6.846847e-01  2.654579e-01 -1.364403e+00 1.932064e+00
 6.856857e-01  6.218449e-01 -1.213199e+00 1.858542e+00
 6.866867e-01  9.167727e-01 -9.728526e-01 1.786914e+00
 6.876877e-01  1.129039e+00 -6.651689e-01 1.717179e+00
 6.886887e-01  1.244609e+00 -3.166689e-01 1.649330e+00
 6.896897e-01  1.257560e+00  4.364981e-02 1.583362e+00
 6.906907e-01  1.170351e+00  3.867064e-01 1.519264e+00
 6.916917e-01  9.934078e-01  6.856851e-01 1.457023e+00
 6.926927e-01  7.440653e-01  9.181466e-01 1.396626e+00
 6.936937e-01  4.449736e-01  1.067734e+00 1.338057e+00
 6.946947e-01  1.221028e-01  1.125338e+00 1.281295e+00
 6.956957e-01 -1.974770e-01  1.089644e+00 1.226321e+00
 6.966967e-01 -4.878525e-01  9.670124e-01 1.173113e+00
 6.976977e-01 -7.263720e-01  7.707334e-01 1.121646e+00
 6.986987e-01 -8.954255e-01  5.197201e-01 1.071896e+00
 6.996997e-01 -9.837561e-01  2.367664e-01 1.023834e+00
 7.007007e-01 -9.872054e-01 -5.347396e-02 9.774339e-01
 7.017017e-01 -9.088402e-01 -3.266106e-01 9.326650e-01
 7.027027e-01 -7.584660e-01 -5.605593e-01 8.894973e-01
 7.037037e-01 -5.515819e-01 -7.373307e-01 8.478992e-01
 7.047047e-01 -3.078821e-01 -8.444211e-01 8.078384e-01
 7.057057e-01 -4.944138e-02 -8.756926e-01 7.692819e-01
 7.067067e-01  2.012486e-01 -8.316820e-01 7.321959e-01
 7.077077e-01  4.232204e-01 -7.193265e-01 6.965461e-01
 7.087087e-01  5.987800e-01 -5.511445e-01 6.622978e-01
 7.097097e-01  7.149185e-01 -3.439583e-01 6.294157e-01
 7.107107e-01  7.642704e-01 -1.172833e-01 5.978646e-01
 7.117117e-01  7.455493e-01  1.084663e-01 5.676087e-01
 7.127127e-01  6.634360e-01  3.137913e-01 5.386123e-01
 7.137137e-01  5.279458e-01  4.817809e-01 5.108396e-01
 7.147147e-01  3.533464e-01  5.995007e-01 4.842548e-01
 7.157157e-01  1.567366e-01  6.589809e-01 4.588223e-01
 7.167167e-01 -4.357778e-02  6.577290e-01 4.345065e-01
 7.177177e-01 -2.297574e-01  5.987350e-01 4.112721e-01
 7.187187e-01 -3.860017e-01  4.899866e-01 3.890842e-01
 7.197197e-01 -4.998800e-01  3.435522e-01 3.679081e-01
 7.207207e-01 -5.633103e-01  1.743299e-01 3.477094e-01
 7.217217e-01 -5.731077e-01 -1.411873e-03 3.284544e-01
 7.227227e-01 -5.310668e-01 -1.675641e-01 3.101096e-01
 7.237237e-01 -4.435876e-01 -3.096325e-01 2.926422e-01
 7.247247e-01 -3.208949e-01 -4.159884e-01 2.760199e-01
 7.257257e-01 -1.759368e-01 -4.788080e-01 2.602109e-01
 7.267267e-01 -2.307735e-02 -4.946226e-01 2.451841e-01
 7.277277e-01  1.232895e-01 -4.644446e-01 2.309091e-01
 7.287287e-01  2.500712e-01 -3.934722e-01 2.173560e-01
 7.297297e-01  3.466315e-01 -2.904174e-01 2.044957e-01
 7.307307e-01  4.056679e-01 -1.665332e-01 1.922997e-01
 7.317317e-01  4.237381e-01 -3.444476e-02 1.807404e-01
 7.327327e-01  4.014018e-01  9.309835e-02 1.697907e-01
 7.337337e-01  3.429779e-01  2.044274e-01 1.594244e-01
 7.347347e-01  2.559563e-01  2.900040e-01 1.496159e-01
 7.357357e-01  1.501350e-01  3.432201e-01 1.403406e-01
 7.367367e-01  3.657554e-02  3.608830e-01 1.315743e-01
 7.377377e-01 -7.351466e-02  3.433503e-01 1.232938e-01
 7.387387e-01 -1.698622e-01  2.943186e-01 1.154766e-01
 7.397397e-01 -2.440673e-01  2.202999e-01 1.081009e-01
 7.407407e-01 -2.903181e-01  1.298502e-01 1.011457e-01
 7.417417e-01 -3.058192e-01  3.263690e-02 9.459055e-02
 7.427427e-01 -2.909067e-01 -6.155740e-02 8.841605e-02
 7.437437e-01 -2.488508e-01 -1.437935e-01 8.260325e-02
 7.447447e-01 -1.853806e-01 -2.068045e-01 7.713405e-02
 7.457457e-01 -1.079913e-01 -2.456193e-01 7.199096e-02
 7.467467e-01 -2.511122e-02 -2.579276e-01 6.715724e-02
 7.477477e-01  5.478158e-02 -2.441634e-01 6.261678e-02
 7.487487e-01  1.240016e-01 -2.073108e-01 5.835415e-02
 7.497497e-01  1.763763e-01 -1.524662e-01 5.435455e-02
 7.507508e-01  2.077770e-01 -8.621203e-02 5.060381e-02
 7.517518e-01  2.164173e-01 -1.587327e-02 4.708840e-02
 7.527528e-01  2.028984e-01  5.125993e-02 4.379534e-02
 7.537538e-01  1.700122e-01  1.086652e-01 4.071227e-02
 7.547548e-01  1.223316e-01  1.512030e-01 3.782737e-02
 7.557558e-01  6.564287e-02  1.755574e-01 3.512938e-02
 7.567568e-01  6.284656e-03  1.804663e-01 3.260757e-02
 7.577578e-01 -4.953188e-02  1.667282e-01 3.025171e-02
 7.587588e-01 -9.635239e-02  1.369975e-01 2.805209e-02
 7.597598e-01 -1.299944e-01  9.539869e-02 2.599945e-02
 7.607608e-01 -1.479016e-01  4.701212e-02 2.408502e-02
 7.617618e-01 -1.493087e-01 -2.711175e-03 2.230045e-02
 7.627628e-01 -1.352104e-01 -4.853840e-02 2.063784e-02
 7.637638e-01 -1.081477e-01 -8.598688e-02 1.908968e-02
 7.647648e-01 -7.184544e-02 -1.117457e-01 1.764888e-02
 7.657658e-01 -3.074617e-02 -1.239491e-01 1.630871e-02
 7.667668e-01  1.050294e-02 -1.222805e-01 1.506282e-02
 7.677678e-01  4.755434e-02 -1.079064e-01 1.390520e-02
 7.687688e-01  7.680129e-02 -8.325699e-02 1.283017e-02
 7.697698e-01  9.571315e-02 -5.168520e-02 1.183237e-02
 7.707708e-01  1.030345e-01 -1.704829e-02 1.090675e-02
 7.717718e-01  9.883511e-02  1.673826e-02 1.004855e-02
 7.727728e-01  8.441420e-02  4.612508e-02 9.253280e-03
 7.737738e-01  6.207777e-02  6.828672e-02 8.516726e-03
 7.747748e-01  3.482126e-02  8.137807e-02 7.834910e-03
 7.757758e-01  5.957860e-03  8.466764e-02 7.204105e-03
 7.767768e-01 -2.126389e-02  7.854075e-02 6.620802e-03
 7.777778e-01 -4.401008e-02  6.438031e-02 6.081712e-03
 7.787788e-01 -6.014302e-02  4.434598e-02 5.583748e-03
 7.797798e-01 -6.840720e-02  2.108247e-02 5.124015e-03
 7.807808e-01 -6.850558e-02 -2.606129e-03 4.699806e-03
 7.817818e-01 -6.106424e-02 -2.407776e-02 4.308580e-03
 7.827828e-01 -4.749705e-02 -4.113388e-02 3.947966e-03
 7.837838e-01 -2.979150e-02 -5.223225e-02 3.615741e-03
 7.847848e-01 -1.024536e-02 -5.661155e-02 3.309835e-03
 7.857858e-01  8.813457e-03 -5.431973e-02 3.028310e-03
 7.867868e-01  2.529056e-02 -4.614919e-02 2.769360e-03
 7.877878e-01  3.754405e-02 -3.349245e-02 2.531300e-03
 7.887888e-01  4.453646e-02 -1.814006e-02 2.312558e-03
 7.897898e-01  4.590732e-02 -2.047666e-03 2.111675e-03
 7.907908e-01  4.196311e-02  1.289904e-02 1.927288e-03
 7.917918e-01  3.359178e-02  2.509431e-02 1.758132e-03
 7.927928e-01  2.211664e-02  3.337489e-02 1.603029e-03
 7.937938e-01  9.110969e-03  3.711977e-02 1.460887e-03
 7.947948e-01 -3.802739e-03  3.627989e-02 1.330691e-03
 7.957958e-01 -1.514412e-02  3.133936e-02 1.211500e-03
 7.967968e-01 -2.373565e-02  2.321763e-02 1.102439e-03
 7.977978e-01 -2.881578e-02  1.312828e-02 1.002701e-03
 7.987988e-01 -3.009499e-02  2.414068e-03 9.115361e-04
 7.997998e-01 -2.775205e-02 -7.620593e-03 8.282500e-04
 8.008008e-01 -2.237565e-02 -1.585979e-02 7.522028e-04
 8.018018e-01 -1.486186e-02 -2.149245e-02 6.828002e-04
 8.028028e-01 -6.283471e-03 -2.408347e-02 6.194955e-04
 8.038038e-01  2.251754e-03 -2.359475e-02 5.617825e-04
 8.048048e-01  9.735592e-03 -2.035713e-02 5.091946e-04
 8.058058e-01  1.537157e-02 -1.500056e-02 4.613020e-04
 8.068068e-01  1.865262e-02 -8.353877e-03 4.177074e-04
 8.078078e-01  1.939797e-02 -1.328710e-03 3.780465e-04
 8.088088e-01  1.774742e-02  5.197221e-03 3.419822e-04
 8.098098e-01  1.411759e-02  1.048330e-02 3.092061e-04
 8.108108e-01  9.127811e-03  1.400415e-02 2.794332e-04
 8.118118e-01  3.507684e-03  1.549513e-02 2.524028e-04
 8.128128e-01 -2.001412e-03  1.496225e-02 2.278746e-04
 8.138138e-01 -6.737922e-03  1.265816e-02 2.056286e-04
 8.148148e-01 -1.019446e-02  9.029735e-03 1.854631e-04
 8.158158e-01 -1.206670e-02  4.646193e-03 1.671925e-04
 8.168168e-01 -1.227330e-02  1.181204e-04 1.506477e-04
 8.178178e-01 -1.094617e-02 -3.981771e-03 1.356731e-04
 8.188188e-01 -8.395386e-03 -7.186409e-03 1.221270e-04
 8.198198e-01 -5.054583e-03 -9.183149e-03 1.098790e-04
 8.208208e-01 -1.415823e-03 -9.839019e-03 9.881084e-05
 8.218218e-01  2.037415e-03 -9.201234e-03 8.881377e-05
 8.228228e-01  4.890138e-03 -7.474980e-03 7.978878e-05
 8.238238e-01  6.842040e-03 -4.983191e-03 7.164570e-05
 8.248248e-01  7.734907e-03 -2.114964e-03 6.430186e-05
 8.258258e-01  7.559751e-03  7.298693e-04 5.768254e-05
 8.268268e-01  6.444090e-03  3.192600e-03 5.171899e-05
 8.278278e-01  4.623121e-03  4.997605e-03 4.634930e-05
 8.288288e-01  2.399492e-03  5.979884e-03 4.151657e-05
 8.298298e-01  9.822847e-05  6.095887e-03 3.716949e-05
 8.308308e-01 -1.977313e-03  5.417697e-03 3.326120e-05
 8.318318e-01 -3.582481e-03  4.112785e-03 2.974918e-05
 8.328328e-01 -4.557536e-03  2.413263e-03 2.659497e-05
 8.338338e-01 -4.840198e-03  5.795535e-04 2.376340e-05
 8.348348e-01 -4.464514e-03 -1.136258e-03 2.122297e-05
 8.358358e-01 -3.547026e-03 -2.522560e-03 1.894470e-05
 8.368368e-01 -2.263599e-03 -3.432037e-03 1.690276e-05
 8.378378e-01 -8.204432e-04 -3.794776e-03 1.507345e-05
 8.388388e-01  5.759582e-04 -3.619917e-03 1.343552e-05
 8.398398e-01  1.746264e-03 -2.986681e-03 1.196970e-05
 8.408408e-01  2.559297e-03 -2.026949e-03 1.065852e-05
 8.418418e-01  2.944803e-03 -9.024959e-04 9.486361e-06
 8.428428e-01  2.896668e-03  2.195675e-04 8.438894e-06
 8.438438e-01  2.467408e-03  1.189686e-03 7.503456e-06
 8.448448e-01  1.755140e-03  1.894166e-03 6.668381e-06
 8.458458e-01  8.858600e-04  2.266852e-03 5.923364e-06
 8.468468e-01 -6.478089e-06  2.293238e-03 5.258982e-06
 8.478478e-01 -7.988179e-04  2.007165e-03 4.666823e-06
 8.488488e-01 -1.394678e-03  1.481282e-03 4.139323e-06
 8.498498e-01 -1.734469e-03  8.131616e-04 3.669614e-06
 8.508509e-01 -1.799909e-03  1.094061e-04 3.251642e-06
 8.518519e-01 -1.612156e-03 -5.298883e-04 2.879827e-06
 8.528529e-01 -1.224876e-03 -1.024199e-03 2.549306e-06
 8.538539e-01 -7.133727e-04 -1.321623e-03 2.255587e-06
 8.548549e-01 -1.619889e-04 -1.403033e-03 1.994742e-06
 8.558559e-01  3.486092e-04 -1.281275e-03 1.763194e-06
 8.568569e-01  7.521683e-04 -9.959884e-04 1.557750e-06
 8.578579e-01  1.004625e-03 -6.052368e-04 1.375584e-06
 8.588589e-01  1.087810e-03 -1.754218e-04 1.214104e-06
 8.598599e-01  1.009294e-03  2.289125e-04 1.071075e-06
 8.608609e-01  7.984678e-04  5.539517e-04 9.444132e-07
 8.618619e-01  5.001209e-04  7.630298e-04 8.323354e-07
 8.628629e-01  1.663569e-04  8.399495e-04 7.331898e-07
 8.638639e-01 -1.515096e-04  7.890400e-04 6.455393e-07
 8.648649e-01 -4.102373e-04  6.322950e-04 5.680917e-07
 8.658659e-01 -5.798545e-04  4.042908e-04 4.996823e-07
 8.668669e-01 -6.465536e-04  1.458571e-04 4.393058e-07
 8.678679e-01 -6.127992e-04 -1.024720e-04 3.860234e-07
 8.688689e-01 -4.952378e-04 -3.062472e-04 3.390478e-07
 8.698699e-01 -3.206352e-04 -4.413923e-04 2.976341e-07
 8.708709e-01 -1.209478e-04 -4.965155e-04 2.611560e-07
 8.718719e-01  7.197055e-05 -4.731330e-04 2.290346e-07
 8.728729e-01  2.309108e-04 -3.839843e-04 2.007637e-07
 8.738739e-01  3.368221e-04 -2.499028e-04 1.759006e-07
 8.748749e-01  3.805900e-04 -9.584399e-05 1.540348e-07
 8.758759e-01  3.633084e-04  5.324108e-05 1.348276e-07
 8.768769e-01  2.948707e-04  1.760756e-04 1.179514e-07
 8.778779e-01  1.915695e-04  2.577652e-04 1.031418e-07
 8.788789e-01  7.287307e-05  2.912626e-04 9.014439e-08
 8.798799e-01 -4.175513e-05  2.774953e-04 7.874715e-08
 8.808809e-01 -1.358220e-04  2.243002e-04 6.875817e-08
 8.818819e-01 -1.978408e-04  1.444414e-04 6.000431e-08
 8.828829e-01 -2.225314e-04  5.312736e-05 5.234273e-08
 8.838839e-01 -2.108051e-04 -3.456076e-05 4.563325e-08
 8.848849e-01 -1.689662e-04 -1.059159e-04 3.976777e-08
 8.858859e-01 -1.070480e-04 -1.522409e-04 3.463655e-08
 8.868869e-01 -3.692305e-05 -1.696788e-04 3.015421e-08
 8.878879e-01  2.978673e-05 -1.592212e-04 2.623864e-08
 8.888889e-01  8.337456e-05 -1.259696e-04 2.281966e-08
 8.898899e-01  1.173663e-04 -7.786596e-05 1.983796e-08
 8.908909e-01  1.290469e-04 -2.413129e-05 1.723541e-08
 8.918919e-01  1.194884e-04  2.629792e-05 1.496907e-08
 8.928929e-01  9.285351e-05  6.611123e-05 1.299247e-08
 8.938939e-01  5.544465e-05  9.054636e-05 1.127275e-08
 8.948949e-01  1.439895e-05  9.781495e-05 9.775094e-09
 8.958959e-01 -2.345084e-05  8.900801e-05 8.472367e-09
 8.968969e-01 -5.266783e-05  6.757392e-05 7.340135e-09
 8.978979e-01 -6.981502e-05  3.848439e-05 6.355185e-09
 8.988989e-01 -7.381027e-05  7.272727e-06 5.500848e-09
 8.998999e-01 -6.573268e-05 -2.090651e-05 4.757867e-09
 9.009009e-01 -4.844934e-05 -4.203428e-05 4.114219e-09
 9.019019e-01 -2.587136e-05 -5.372034e-05 3.555202e-09
 9.029029e-01 -2.272052e-06 -5.536973e-05 3.070969e-09
 9.039039e-01  1.850181e-05 -4.805319e-05 2.651426e-09
 9.049049e-01  3.351888e-05 -3.412065e-05 2.287734e-09
 9.059059e-01  4.117862e-05 -1.666849e-05 1.973517e-09
 9.069069e-01  4.122942e-05  1.054316e-06 1.700976e-09
 9.079079e-01  3.470109e-05  1.618061e-05 1.465978e-09
 9.089089e-01  2.350852e-05  2.663972e-05 1.262325e-09
 9.099099e-01  1.009470e-05  3.138227e-05 1.086750e-09
 9.109109e-01 -3.096722e-06  3.042100e-05 9.350269e-10
 9.119119e-01 -1.395124e-05  2.468541e-05 8.040063e-10
 9.129129e-01 -2.104757e-05  1.575583e-05 6.912463e-10
 9.139139e-01 -2.373277e-05  5.516603e-06 5.936772e-10
 9.149149e-01 -2.219156e-05 -4.186004e-06 5.099878e-10
 9.159159e-01 -1.724122e-05 -1.184489e-05 4.375609e-10
 9.169169e-01 -1.017783e-05 -1.648892e-05 3.754727e-10
 9.179179e-01 -2.436153e-06 -1.777571e-05 3.219106e-10
 9.189189e-01  4.601413e-06 -1.595909e-05 2.758655e-10
 9.199199e-01  9.889094e-06 -1.177222e-05 2.363793e-10
 9.209209e-01  1.278229e-05 -6.236981e-06 2.022869e-10
 9.219219e-01  1.315322e-05 -4.605720e-07 1.732194e-10
 9.229229e-01  1.127951e-05  4.565039e-06 1.480670e-10
 9.239239e-01  7.805377e-06  8.107764e-06 1.266598e-10
 9.249249e-01  3.521772e-06  9.787328e-06 1.081947e-10
 9.259259e-01 -7.240491e-07  9.585836e-06 9.241250e-11
 9.269269e-01 -4.240417e-06  7.806178e-06 7.891756e-11
 9.279279e-01 -6.524609e-06  4.971819e-06 6.728951e-11
 9.289289e-01 -7.383130e-06  1.713149e-06 5.744549e-11
 9.299299e-01 -6.860361e-06 -1.359154e-06 4.891185e-11
 9.309309e-01 -5.259121e-06 -3.749794e-06 4.171931e-11
 9.319319e-01 -2.992244e-06 -5.152255e-06 3.549926e-11
 9.329329e-01 -5.575652e-07 -5.469448e-06 3.022574e-11
 9.339339e-01  1.619663e-06 -4.806241e-06 2.572326e-11
 9.349349e-01  3.189065e-06 -3.417796e-06 2.185147e-11
 9.359359e-01  3.984993e-06 -1.649871e-06 1.860225e-11
 9.369369e-01  3.968909e-06  1.389088e-07 1.577154e-11
 9.379379e-01  3.277861e-06  1.635422e-06 1.341898e-11
 9.389389e-01  2.116097e-06  2.625202e-06 1.136955e-11
 9.399399e-01  7.695310e-07  3.010134e-06 9.653086e-12
 9.409409e-01 -5.150311e-07  2.814350e-06 8.185822e-12
 9.419419e-01 -1.508163e-06  2.156965e-06 6.927053e-12
 9.429429e-01 -2.094431e-06  1.223098e-06 5.882610e-12
 9.439439e-01 -2.217339e-06  2.163310e-07 4.963392e-12
 9.449449e-01 -1.939382e-06 -6.741635e-07 4.215699e-12
 9.459459e-01 -1.355245e-06 -1.310469e-06 3.554020e-12
 9.469469e-01 -6.287322e-07 -1.617182e-06 3.010583e-12
 9.479479e-01  1.045257e-07 -1.591288e-06 2.543124e-12
 9.489489e-01  6.989890e-07 -1.286400e-06 2.143411e-12
 9.499499e-01  1.084433e-06 -8.006075e-07 1.816966e-12
 9.509510e-01  1.209656e-06 -2.466796e-07 1.524118e-12
 9.519520e-01  1.106385e-06  2.645038e-07 1.294050e-12
 9.529530e-01  8.138786e-07  6.493485e-07 1.084052e-12
 9.539540e-01  4.280122e-07  8.566875e-07 9.171079e-13
 9.549550e-01  1.845069e-08  8.780168e-07 7.712539e-13
 9.559560e-01 -3.230481e-07  7.367711e-07 6.471917e-13
 9.569570e-01 -5.593754e-07  4.851976e-07 5.483175e-13
 9.579580e-01 -6.499104e-07  1.846041e-07 4.564622e-13
 9.589590e-01 -6.149709e-07 -1.012014e-07 3.884309e-13
 9.599600e-01 -4.664976e-07 -3.239183e-07 3.225430e-13
 9.609610e-01 -2.633941e-07 -4.512169e-07 2.729732e-13
 9.619620e-01 -3.747560e-08 -4.762810e-07 2.282480e-13
 9.629630e-01  1.522635e-07 -4.090970e-07 1.905446e-13
 9.639640e-01  2.905114e-07 -2.781435e-07 1.617607e-13
 9.649650e-01  3.460516e-07 -1.161686e-07 1.332468e-13
 9.659660e-01  3.355618e-07  4.037736e-08 1.142321e-13
 9.669670e-01  2.576854e-07  1.648603e-07 9.358066e-14
 9.679680e-01  1.513920e-07  2.376930e-07 7.941750e-14
 9.689690e-01  2.727430e-08  2.551341e-07 6.583727e-14
 9.699700e-01 -7.495008e-08  2.212598e-07 5.457343e-14
 9.709710e-01 -1.533495e-07  1.522725e-07 4.670296e-14
 9.719720e-01 -1.834135e-07  6.523785e-08 3.789650e-14
 9.729730e-01 -1.808930e-07 -1.892222e-08 3.308032e-14
 9.739740e-01 -1.379296e-07 -8.636734e-08 2.648388e-14
 9.749750e-01 -8.271693e-08 -1.254460e-07 2.257878e-14
 9.759760e-01 -1.413723e-08 -1.349956e-07 1.842367e-14
 9.769770e-01  3.915723e-08 -1.164452e-07 1.509278e-14
 9.779780e-01  8.301485e-08 -7.961421e-08 1.322989e-14
 9.789790e-01  9.717889e-08 -3.297736e-08 1.053124e-14
 9.799800e-01  9.719587e-08  1.121558e-08 9.572826e-15
 9.809810e-01  7.194449e-08  4.648187e-08 7.336574e-15
 9.819820e-01  4.371059e-08  6.584492e-08 6.246169e-15
 9.829830e-01  4.996596e-09  6.989733e-08 4.910603e-15
 9.839840e-01 -2.177392e-08  5.881282e-08 3.933051e-15
 9.849850e-01 -4.673390e-08  3.905626e-08 3.709448e-15
 9.859860e-01 -5.209156e-08  1.437638e-08 2.920211e-15
 9.869870e-01 -5.323037e-08 -7.769949e-09 2.893844e-15
 9.879880e-01 -3.729860e-08 -2.508038e-08 2.020211e-15
 9.889890e-01 -2.325807e-08 -3.324685e-08 1.646291e-15
 9.899900e-01 -1.891186e-10 -3.397893e-08 1.154603e-15
 9.909910e-01  1.291127e-08 -2.682767e-08 8.864248e-16
 9.919920e-01  2.835114e-08 -1.649932e-08 1.076014e-15
 9.929930e-01  2.960452e-08 -4.123818e-09 8.934336e-16
 9.939940e-01  3.173903e-08  5.488836e-09 1.037493e-15
 9.949950e-01  2.088194e-08  1.244870e-08 5.910256e-16
 9.959960e-01  1.404370e-08  1.400362e-08 3.933268e-16
 9.969970e-01 -1.478615e-09  1.263805e-08 1.619066e-16
 9.979980e-01 -8.484187e-09  7.650761e-09 1.305156e-16
 9.989990e-01 -2.017398e-08  2.891533e-09 4.153505e-16
 1.000000e+00 -2.047292e-08 -1.965092e-09 4.230022e-16
