# x psi_r psi_i psi2 
 0.000000e+00  2.012541e-02  7.020498e-01 4.932789e-01
 1.001001e-03 -2.159487e-02  8.454272e-01 7.152135e-01
 2.002002e-03 -7.390747e-02  9.555566e-01 9.185507e-01
 3.003003e-03 -1.331669e-01  1.030612e+00 1.079895e+00
 4.004004e-03 -1.950723e-01  1.070045e+00 1.183049e+00
 5.005005e-03 -2.549132e-01  1.074518e+00 1.219569e+00
 6.006006e-03 -3.078466e-01  1.045808e+00 1.188484e+00
 7.007007e-03 -3.491906e-01  9.866652e-01 1.095442e+00
 8.008008e-03 -3.747191e-01  9.006539e-01 9.515919e-01
 9.009009e-03 -3.809396e-01  7.919730e-01 7.723363e-01
 1.001001e-02 -3.653392e-01  6.652719e-01 5.760594e-01
 1.101101e-02 -3.265830e-01  5.254654e-01 3.827703e-01
 1.201201e-02 -2.646517e-01  3.775585e-01 2.125910e-01
 1.301301e-02 -1.809098e-01  2.264837e-01 8.402324e-02
 1.401401e-02 -7.809566e-02  7.695810e-02 1.202148e-02
 1.501502e-02  3.976597e-02 -6.663850e-02 6.022022e-03
 1.601602e-02  1.675292e-01 -2.003619e-01 6.821095e-02
 1.701702e-02  2.991622e-01 -3.207794e-01 1.923974e-01
 1.801802e-02  4.280413e-01 -4.250228e-01 3.638637e-01
 1.901902e-02  5.472912e-01 -5.108222e-01 5.604670e-01
 2.002002e-02  6.501517e-01 -5.765218e-01 7.550747e-01
 2.102102e-02  7.303524e-01 -6.210812e-01 9.191565e-01
 2.202202e-02  7.824748e-01 -6.440644e-01 1.027086e+00
 2.302302e-02  8.022808e-01 -6.456198e-01 1.060479e+00
 2.402402e-02  7.869883e-01 -6.264523e-01 1.011793e+00
 2.502503e-02  7.354771e-01 -5.877891e-01 8.864226e-01
 2.602603e-02  6.484118e-01 -5.313403e-01 7.027604e-01
 2.702703e-02  5.282726e-01 -4.592534e-01 4.899856e-01
 2.802803e-02  3.792893e-01 -3.740621e-01 2.837829e-01
 2.902903e-02  2.072805e-01 -2.786291e-01 1.205994e-01
 3.003003e-02  1.940391e-02 -1.760801e-01 3.138070e-02
 3.103103e-02 -1.761703e-01 -6.973090e-02 3.589838e-02
 3.203203e-02 -3.706473e-01  3.699405e-02 1.387480e-01
 3.303303e-02 -5.550364e-01  1.406514e-01 3.278483e-01
 3.403403e-02 -7.205987e-01  2.378746e-01 5.758469e-01
 3.503504e-02 -8.592897e-01  3.254748e-01 8.443127e-01
 3.603604e-02 -9.641733e-01  4.005428e-01 1.090065e+00
 3.703704e-02 -1.029785e+00  4.605490e-01 1.272562e+00
 3.803804e-02 -1.052421e+00  5.034376e-01 1.361040e+00
 3.903904e-02 -1.030349e+00  5.277085e-01 1.340096e+00
 4.004004e-02 -9.639083e-01  5.324845e-01 1.212659e+00
 4.104104e-02 -8.555133e-01  5.175568e-01 9.997681e-01
 4.204204e-02 -7.095532e-01  4.834081e-01 7.371491e-01
 4.304304e-02 -5.321873e-01  4.312069e-01 4.691627e-01
 4.404404e-02 -3.310547e-01  3.627749e-01 2.412028e-01
 4.504505e-02 -1.149100e-01  2.805243e-01 9.189819e-02
 4.604605e-02  1.067951e-01  1.873696e-01 4.651255e-02
 4.704705e-02  3.243623e-01  8.661448e-02 1.127130e-01
 4.804805e-02  5.283058e-01 -1.817936e-02 2.794375e-01
 4.904905e-02  7.097961e-01 -1.233371e-01 5.190225e-01
 5.005005e-02  8.610671e-01 -2.252207e-01 7.921608e-01
 5.105105e-02  9.757654e-01 -3.203776e-01 1.054760e+00
 5.205205e-02  1.049226e+00 -4.056789e-01 1.265450e+00
 5.305305e-02  1.078661e+00 -4.784414e-01 1.392415e+00
 5.405405e-02  1.063255e+00 -5.365246e-01 1.418369e+00
 5.505506e-02  1.004166e+00 -5.784000e-01 1.342895e+00
 5.605606e-02  9.044288e-01 -6.031869e-01 1.181826e+00
 5.705706e-02  7.687780e-01 -6.106545e-01 9.639185e-01
 5.805806e-02  6.033904e-01 -6.011905e-01 7.255101e-01
 5.905906e-02  4.155730e-01 -5.757389e-01 5.041763e-01
 6.006006e-02  2.134066e-01 -5.357110e-01 3.325287e-01
 6.106106e-02  5.366889e-03 -4.828772e-01 2.331991e-01
 6.206206e-02 -2.000584e-01 -4.192464e-01 2.157909e-01
 6.306306e-02 -3.947377e-01 -3.469417e-01 2.761865e-01
 6.406406e-02 -5.712326e-01 -2.680811e-01 3.981741e-01
 6.506507e-02 -7.230884e-01 -1.846706e-01 5.569600e-01
 6.606607e-02 -8.450682e-01 -9.851872e-02 7.238463e-01
 6.706707e-02 -9.333215e-01 -1.117645e-02 8.712139e-01
 6.806807e-02 -9.854829e-01  7.609305e-02 9.769667e-01
 6.906907e-02 -1.000702e+00  1.623131e-01 1.027750e+00
 7.007007e-02 -9.796056e-01  2.467621e-01 1.020519e+00
 7.107107e-02 -9.241976e-01  3.289148e-01 9.623261e-01
 7.207207e-02 -8.377081e-01  4.083622e-01 8.685146e-01
 7.307307e-02 -7.243984e-01  4.847176e-01 7.597041e-01
 7.407407e-02 -5.893352e-01  5.575162e-01 6.581403e-01
 7.507508e-02 -4.381462e-01  6.261203e-01 5.839986e-01
 7.607608e-02 -2.767682e-01  6.896363e-01 5.521989e-01
 7.707708e-02 -1.112002e-01  7.468558e-01 5.701591e-01
 7.807808e-02  5.273010e-02  7.962253e-01 6.367552e-01
 7.907908e-02  2.095751e-01  8.358522e-01 7.425706e-01
 8.008008e-02  3.544472e-01  8.635495e-01 8.713506e-01
 8.108108e-02  4.831631e-01  8.769195e-01 1.002434e+00
 8.208208e-02  5.923502e-01  8.734742e-01 1.113836e+00
 8.308308e-02  6.795141e-01  8.507868e-01 1.185578e+00
 8.408408e-02  7.430669e-01  8.066669e-01 1.202860e+00
 8.508509e-02  7.823203e-01  7.393479e-01 1.158660e+00
 8.608609e-02  7.974447e-01  6.476756e-01 1.055402e+00
 8.708709e-02  7.894006e-01  5.312850e-01 9.054172e-01
 8.808809e-02  7.598462e-01  3.907523e-01 7.300535e-01
 8.908909e-02  7.110266e-01  2.277091e-01 5.574102e-01
 9.009009e-02  6.456517e-01  4.490997e-02 4.188830e-01
 9.109109e-02  5.667663e-01 -1.537574e-01 3.448654e-01
 9.209209e-02  4.776187e-01 -3.633227e-01 3.601230e-01
 9.309309e-02  3.815331e-01 -5.778476e-01 4.794754e-01
 9.409409e-02  2.817884e-01 -7.906023e-01 7.044567e-01
 9.509510e-02  1.815092e-01 -9.942984e-01 1.021575e+00
 9.609610e-02  8.357033e-02 -1.181370e+00 1.402618e+00
 9.709710e-02 -9.482678e-03 -1.344289e+00 1.807203e+00
 9.809810e-02 -9.549438e-02 -1.475904e+00 2.187412e+00
 9.909910e-02 -1.727420e-01 -1.569781e+00 2.494051e+00
 1.001001e-01 -2.399590e-01 -1.620530e+00 2.683698e+00
 1.011011e-01 -2.963395e-01 -1.624106e+00 2.725539e+00
 1.021021e-01 -3.415260e-01 -1.578059e+00 2.606911e+00
 1.031031e-01 -3.755799e-01 -1.481720e+00 2.336556e+00
 1.041041e-01 -3.989389e-01 -1.336321e+00 1.944905e+00
 1.051051e-01 -4.123617e-01 -1.145022e+00 1.481118e+00
 1.061061e-01 -4.168642e-01 -9.128661e-01 1.007100e+00
 1.071071e-01 -4.136493e-01 -6.466313e-01 5.892378e-01
 1.081081e-01 -4.040330e-01 -3.546125e-01 2.889926e-01
 1.091091e-01 -3.893708e-01 -4.632258e-02 1.537554e-01
 1.101101e-01 -3.709872e-01  2.678663e-01 2.093839e-01
 1.111111e-01 -3.501099e-01  5.771289e-01 4.556548e-01
 1.121121e-01 -3.278134e-01  8.706210e-01 8.654425e-01
 1.131131e-01 -3.049722e-01  1.137923e+00 1.387876e+00
 1.141141e-01 -2.822268e-01  1.369471e+00 1.955103e+00
 1.151151e-01 -2.599631e-01  1.556960e+00 2.491705e+00
 1.161161e-01 -2.383068e-01  1.693691e+00 2.925379e+00
 1.171171e-01 -2.171317e-01  1.774857e+00 3.197264e+00
 1.181181e-01 -1.960826e-01  1.797748e+00 3.270345e+00
 1.191191e-01 -1.746121e-01  1.761862e+00 3.134647e+00
 1.201201e-01 -1.520283e-01  1.668931e+00 2.808442e+00
 1.211211e-01 -1.275533e-01  1.522838e+00 2.335304e+00
 1.221221e-01 -1.003878e-01  1.329453e+00 1.777523e+00
 1.231231e-01 -6.978115e-02  1.096380e+00 1.206919e+00
 1.241241e-01 -3.510206e-02  8.326287e-01 6.945026e-01
 1.251251e-01  4.093216e-03  5.482321e-01 3.005752e-01
 1.261261e-01  4.799817e-02  2.538245e-01 6.673068e-02
 1.271271e-01  9.650267e-02 -3.980398e-02 1.089712e-02
 1.281281e-01  1.491524e-01 -3.221499e-01 1.260270e-01
 1.291291e-01  2.051235e-01 -5.834214e-01 3.824562e-01
 1.301301e-01  2.632157e-01 -8.149227e-01 7.333815e-01
 1.311311e-01  3.218652e-01 -1.009383e+00 1.122452e+00
 1.321321e-01  3.791785e-01 -1.161218e+00 1.492205e+00
 1.331331e-01  4.329875e-01 -1.266707e+00 1.792026e+00
 1.341341e-01  4.809255e-01 -1.324086e+00 1.984494e+00
 1.351351e-01  5.205218e-01 -1.333553e+00 2.049306e+00
 1.361361e-01  5.493116e-01 -1.297180e+00 1.984420e+00
 1.371371e-01  5.649584e-01 -1.218757e+00 1.804546e+00
 1.381381e-01  5.653830e-01 -1.103547e+00 1.537474e+00
 1.391391e-01  5.488936e-01 -9.580017e-01 1.219051e+00
 1.401401e-01  5.143106e-01 -7.894216e-01 8.877019e-01
 1.411411e-01  4.610791e-01 -6.055997e-01 5.793449e-01
 1.421421e-01  3.893621e-01 -4.144552e-01 3.233759e-01
 1.431431e-01  3.001086e-01 -2.236797e-01 1.400977e-01
 1.441441e-01  1.950891e-01 -4.041195e-02 3.969290e-02
 1.451451e-01  7.689551e-02  1.290438e-01 2.256522e-02
 1.461461e-01 -5.109990e-02  2.794447e-01 8.070052e-02
 1.471471e-01 -1.848262e-01  4.067712e-01 1.996235e-01
 1.481481e-01 -3.196372e-01  5.083197e-01 3.605569e-01
 1.491491e-01 -4.504732e-01  5.827244e-01 5.424938e-01
 1.501502e-01 -5.720565e-01  6.299104e-01 7.240357e-01
 1.511512e-01 -6.791131e-01  6.509854e-01 8.849766e-01
 1.521522e-01 -7.666115e-01  6.480781e-01 1.007699e+00
 1.531532e-01 -8.300087e-01  6.241360e-01 1.078460e+00
 1.541542e-01 -8.654891e-01  5.826952e-01 1.088605e+00
 1.551552e-01 -8.701872e-01  5.276387e-01 1.035628e+00
 1.561562e-01 -8.423770e-01  4.629554e-01 9.239267e-01
 1.571572e-01 -7.816207e-01  3.925154e-01 7.649993e-01
 1.581582e-01 -6.888631e-01  3.198736e-01 5.768514e-01
 1.591592e-01 -5.664652e-01  2.481106e-01 3.824416e-01
 1.601602e-01 -4.181712e-01  1.797190e-01 2.071661e-01
 1.611612e-01 -2.490069e-01  1.165387e-01 7.558569e-02
 1.621622e-01 -6.511036e-02  5.974116e-02 7.808365e-03
 1.631632e-01  1.264986e-01  9.861499e-03 1.609915e-02
 1.641642e-01  3.182032e-01 -3.312864e-02 1.023508e-01
 1.651652e-01  5.021146e-01 -6.971471e-02 2.569792e-01
 1.661662e-01  6.704237e-01 -1.007093e-01 4.596103e-01
 1.671672e-01  8.157625e-01 -1.271101e-01 6.816254e-01
 1.681682e-01  9.315557e-01 -1.499562e-01 8.902828e-01
 1.691692e-01  1.012346e+00 -1.701951e-01 1.053812e+00
 1.701702e-01  1.054076e+00 -1.885692e-01 1.146635e+00
 1.711712e-01  1.054306e+00 -2.055295e-01 1.153804e+00
 1.721722e-01  1.012361e+00 -2.211835e-01 1.073797e+00
 1.731732e-01  9.293978e-01 -2.352787e-01 9.191364e-01
 1.741742e-01  8.083777e-01 -2.472231e-01 7.145938e-01
 1.751752e-01  6.539570e-01 -2.561392e-01 4.932670e-01
 1.761762e-01  4.722901e-01 -2.609476e-01 2.911516e-01
 1.771772e-01  2.707589e-01 -2.604716e-01 1.411558e-01
 1.781782e-01  5.763875e-02 -2.535553e-01 6.761254e-02
 1.791792e-01 -1.582797e-01 -2.391857e-01 8.226227e-02
 1.801802e-01 -3.680962e-01 -2.166080e-01 1.824138e-01
 1.811812e-01 -5.632120e-01 -1.854266e-01 3.515908e-01
 1.821822e-01 -7.357252e-01 -1.456826e-01 5.625150e-01
 1.831832e-01 -8.787899e-01 -9.790268e-02 7.818566e-01
 1.841842e-01 -9.869213e-01 -4.311444e-02 9.758725e-01
 1.851852e-01 -1.056230e+00  1.717269e-02 1.115918e+00
 1.861862e-01 -1.084577e+00  8.102036e-02 1.182872e+00
 1.871872e-01 -1.071635e+00  1.461446e-01 1.169760e+00
 1.881882e-01 -1.018863e+00  2.100241e-01 1.082192e+00
 1.891892e-01 -9.293917e-01  2.700269e-01 9.366835e-01
 1.901902e-01 -8.078273e-01  3.235463e-01 7.572672e-01
 1.911912e-01 -6.599870e-01  3.681380e-01 5.711085e-01
 1.921922e-01 -4.925815e-01  4.016502e-01 4.039594e-01
 1.931932e-01 -3.128633e-01  4.223369e-01 2.762519e-01
 1.941942e-01 -1.282593e-01  4.289501e-01 2.004487e-01
 1.951952e-01  5.399017e-02  4.208036e-01 1.799906e-01
 1.961962e-01  2.271681e-01  3.978064e-01 2.098553e-01
 1.971972e-01  3.853742e-01  3.604649e-01 2.784482e-01
 1.981982e-01  5.237615e-01  3.098535e-01 3.703353e-01
 1.991992e-01  6.387037e-01  2.475578e-01 4.692272e-01
 2.002002e-01  7.278871e-01  1.755952e-01 5.606534e-01
 2.012012e-01  7.903262e-01  9.631666e-02 6.338925e-01
 2.022022e-01  8.263024e-01  1.229883e-02 6.829270e-01
 2.032032e-01  8.372358e-01 -7.376855e-02 7.064055e-01
 2.042042e-01  8.254984e-01 -1.591926e-01 7.067899e-01
 2.052052e-01  7.941847e-01 -2.413794e-01 6.889933e-01
 2.062062e-01  7.468531e-01 -3.179220e-01 6.588640e-01
 2.072072e-01  6.872586e-01 -3.866730e-01 6.218405e-01
 2.082082e-01  6.190912e-01 -4.457982e-01 5.820100e-01
 2.092092e-01  5.457387e-01 -4.938106e-01 5.416796e-01
 2.102102e-01  4.700876e-01 -5.295869e-01 5.014447e-01
 2.112112e-01  3.943738e-01 -5.523682e-01 4.606413e-01
 2.122122e-01  3.200915e-01 -5.617467e-01 4.180179e-01
 2.132132e-01  2.479649e-01 -5.576435e-01 3.724529e-01
 2.142142e-01  1.779827e-01 -5.402808e-01 3.235812e-01
 2.152152e-01  1.094912e-01 -5.101508e-01 2.722422e-01
 2.162162e-01  4.133913e-02 -4.679864e-01 2.207202e-01
 2.172172e-01 -2.793802e-02 -4.147339e-01 1.727848e-01
 2.182182e-01 -9.990623e-02 -3.515308e-01 1.335551e-01
 2.192192e-01 -1.760105e-01 -2.796870e-01 1.092045e-01
 2.202202e-01 -2.573565e-01 -2.006712e-01 1.065013e-01
 2.212212e-01 -3.445132e-01 -1.160987e-01 1.321683e-01
 2.222222e-01 -4.373498e-01 -2.771974e-02 1.920432e-01
 2.232232e-01 -5.349201e-01  6.259384e-02 2.900575e-01
 2.242242e-01 -6.354042e-01  1.528673e-01 4.271069e-01
 2.252252e-01 -7.361124e-01  2.410482e-01 5.999657e-01
 2.262262e-01 -8.335542e-01  3.250403e-01 8.004639e-01
 2.272272e-01 -9.235706e-01  4.027468e-01 1.015188e+00
 2.282282e-01 -1.001523e+00  4.721233e-01 1.225948e+00
 2.292292e-01 -1.062530e+00  5.312389e-01 1.411185e+00
 2.302302e-01 -1.101741e+00  5.783435e-01 1.548315e+00
 2.312312e-01 -1.114627e+00  6.119383e-01 1.616862e+00
 2.322322e-01 -1.097277e+00  6.308451e-01 1.601981e+00
 2.332332e-01 -1.046678e+00  6.342713e-01 1.497835e+00
 2.342342e-01 -9.609716e-01  6.218649e-01 1.310182e+00
 2.352352e-01 -8.396536e-01  5.937561e-01 1.057564e+00
 2.362362e-01 -6.837222e-01  5.505803e-01 7.706148e-01
 2.372372e-01 -4.957529e-01  4.934820e-01 4.892954e-01
 2.382382e-01 -2.798957e-01  4.240945e-01 2.581977e-01
 2.392392e-01 -4.179305e-02  3.444977e-01 1.204253e-01
 2.402402e-01  2.115821e-01  2.571525e-01 1.108944e-01
 2.412412e-01  4.721612e-01  1.648152e-01 2.501002e-01
 2.422422e-01  7.310802e-01  7.043433e-02 5.394393e-01
 2.432432e-01  9.790306e-01 -2.296470e-02 9.590283e-01
 2.442442e-01  1.206646e+00 -1.124022e-01 1.468630e+00
 2.452452e-01  1.404909e+00 -1.950682e-01 2.011821e+00
 2.462462e-01  1.565551e+00 -2.684411e-01 2.523011e+00
 2.472472e-01  1.681438e+00 -3.303957e-01 2.936396e+00
 2.482482e-01  1.746914e+00 -3.792934e-01 3.195570e+00
 2.492492e-01  1.758084e+00 -4.140518e-01 3.262297e+00
 2.502503e-01  1.713035e+00 -4.341877e-01 3.123006e+00
 2.512513e-01  1.611964e+00 -4.398329e-01 2.791881e+00
 2.522523e-01  1.457225e+00 -4.317203e-01 2.309887e+00
 2.532533e-01  1.253273e+00 -4.111411e-01 1.739731e+00
 2.542543e-01  1.006526e+00 -3.798754e-01 1.157400e+00
 2.552553e-01  7.251295e-01 -3.400989e-01 6.414801e-01
 2.562563e-01  4.186508e-01 -2.942706e-01 2.618637e-01
 2.572573e-01  9.770599e-02 -2.450061e-01 6.957447e-02
 2.582583e-01 -2.264615e-01 -1.949441e-01 8.928805e-02
 2.592593e-01 -5.424313e-01 -1.466116e-01 3.157266e-01
 2.602603e-01 -8.390653e-01 -1.022945e-01 7.144948e-01
 2.612613e-01 -1.105958e+00 -6.392161e-02 1.227229e+00
 2.622623e-01 -1.333852e+00 -3.296578e-02 1.780248e+00
 2.632633e-01 -1.515010e+00 -1.036931e-02 2.295363e+00
 2.642643e-01 -1.643514e+00  3.503300e-03 2.701149e+00
 2.652653e-01 -1.715489e+00  8.881877e-03 2.942982e+00
 2.662663e-01 -1.729243e+00  6.575438e-03 2.990324e+00
 2.672673e-01 -1.685302e+00 -2.075067e-03 2.840246e+00
 2.682683e-01 -1.586362e+00 -1.527384e-02 2.516777e+00
 2.692693e-01 -1.437142e+00 -3.087455e-02 2.066332e+00
 2.702703e-01 -1.244161e+00 -4.650664e-02 1.550099e+00
 2.712713e-01 -1.015431e+00 -5.971820e-02 1.034667e+00
 2.722723e-01 -7.601084e-01 -6.812802e-02 5.824062e-01
 2.732733e-01 -4.880899e-01 -6.957942e-02 2.430731e-01
 2.742743e-01 -2.095977e-01 -6.228743e-02 4.781093e-02
 2.752753e-01  6.524331e-02 -4.497141e-02 6.279118e-03
 2.762763e-01  3.268103e-01 -1.696494e-02 1.070928e-01
 2.772773e-01  5.663518e-01  2.170360e-02 3.212254e-01
 2.782783e-01  7.763081e-01  7.026619e-02 6.075916e-01
 2.792793e-01  9.505670e-01  1.272097e-01 9.197600e-01
 2.802803e-01  1.084648e+00  1.903129e-01 1.212680e+00
 2.812813e-01  1.175807e+00  2.567256e-01 1.448430e+00
 2.822823e-01  1.223061e+00  3.230887e-01 1.600265e+00
 2.832833e-01  1.227136e+00  3.856899e-01 1.654619e+00
 2.842843e-01  1.190340e+00  4.406495e-01 1.611080e+00
 2.852853e-01  1.116377e+00  4.841274e-01 1.480677e+00
 2.862863e-01  1.010110e+00  5.125411e-01 1.283020e+00
 2.872873e-01  8.772839e-01  5.227830e-01 1.042929e+00
 2.882883e-01  7.242329e-01  5.124262e-01 7.870938e-01
 2.892893e-01  5.575778e-01  4.799051e-01 5.412019e-01
 2.902903e-01  3.839364e-01  4.246609e-01 3.277440e-01
 2.912913e-01  2.096549e-01  3.472407e-01 1.645313e-01
 2.922923e-01  4.057530e-02  2.493440e-01 6.381879e-02
 2.932933e-01 -1.181536e-01  1.338086e-01 3.186501e-02
 2.942943e-01 -2.622155e-01  4.536071e-03 6.877753e-02
 2.952953e-01 -3.882129e-01 -1.336439e-01 1.685700e-01
 2.962963e-01 -4.937019e-01 -2.751656e-01 3.194577e-01
 2.972973e-01 -5.771776e-01 -4.139680e-01 5.045035e-01
 2.982983e-01 -6.380170e-01 -5.437732e-01 7.027549e-01
 2.992993e-01 -6.763874e-01 -6.583896e-01 8.909767e-01
 3.003003e-01 -6.931295e-01 -7.520241e-01 1.045969e+00
 3.013013e-01 -6.896256e-01 -8.195875e-01 1.147307e+00
 3.023023e-01 -6.676632e-01 -8.569750e-01 1.180180e+00
 3.033033e-01 -6.293028e-01 -8.613076e-01 1.137873e+00
 3.043043e-01 -5.767591e-01 -8.311189e-01 1.023410e+00
 3.053053e-01 -5.123010e-01 -7.664757e-01 8.499374e-01
 3.063063e-01 -4.381750e-01 -6.690236e-01 6.395899e-01
 3.073073e-01 -3.565533e-01 -5.419540e-01 4.208444e-01
 3.083083e-01 -2.695065e-01 -3.898913e-01 2.246489e-01
 3.093093e-01 -1.789981e-01 -2.187040e-01 7.987176e-02
 3.103103e-01 -8.689623e-02 -3.524970e-02 8.793496e-03
 3.113113e-01  5.003646e-03  1.529357e-01 2.341437e-02
 3.123123e-01  9.495084e-02  3.379880e-01 1.232515e-01
 3.133133e-01  1.812135e-01  5.120854e-01 2.950698e-01
 3.143143e-01  2.620610e-01  6.678223e-01 5.146626e-01
 3.153153e-01  3.357599e-01  7.985642e-01 7.504395e-01
 3.163163e-01  4.005860e-01  8.987667e-01 9.682507e-01
 3.173173e-01  4.548568e-01  9.642395e-01 1.136653e+00
 3.183183e-01  4.969810e-01  9.923435e-01 1.231736e+00
 3.193193e-01  5.255255e-01  9.821077e-01 1.240713e+00
 3.203203e-01  5.392941e-01  9.342627e-01 1.163685e+00
 3.213213e-01  5.374122e-01  8.511868e-01 1.013331e+00
 3.223223e-01  5.194115e-01  7.367698e-01 8.126180e-01
 3.233233e-01  4.853060e-01  5.962012e-01 5.909778e-01
 3.243243e-01  4.356529e-01  4.356969e-01 3.796253e-01
 3.253253e-01  3.715899e-01  2.621773e-01 2.068160e-01
 3.263263e-01  2.948453e-01  8.291727e-02 9.380900e-02
 3.273273e-01  2.077151e-01 -9.481359e-02 5.213520e-02
 3.283283e-01  1.130072e-01 -2.641002e-01 8.251955e-02
 3.293293e-01  1.395041e-02 -4.187023e-01 1.755062e-01
 3.303303e-01 -8.592482e-02 -5.533278e-01 3.135547e-01
 3.313313e-01 -1.829326e-01 -6.638465e-01 4.741565e-01
 3.323323e-01 -2.733948e-01 -7.474324e-01 6.333998e-01
 3.333333e-01 -3.538132e-01 -8.026304e-01 7.693994e-01
 3.343343e-01 -4.210417e-01 -8.293446e-01 8.650885e-01
 3.353353e-01 -4.724464e-01 -8.287516e-01 9.100349e-01
 3.363363e-01 -5.060460e-01 -8.031484e-01 9.011298e-01
 3.373373e-01 -5.206214e-01 -7.557429e-01 8.421940e-01
 3.383383e-01 -5.157894e-01 -6.904055e-01 7.426984e-01
 3.393393e-01 -4.920330e-01 -6.113952e-01 6.159005e-01
 3.403403e-01 -4.506884e-01 -5.230794e-01 4.767321e-01
 3.413413e-01 -3.938855e-01 -4.296659e-01 3.397586e-01
 3.423423e-01 -3.244472e-01 -3.349615e-01 2.174652e-01
 3.433433e-01 -2.457517e-01 -2.421735e-01 1.190419e-01
 3.443443e-01 -1.615636e-01 -1.537645e-01 4.974631e-02
 3.453453e-01 -7.584674e-02 -7.136887e-02 1.084624e-02
 3.463463e-01  7.435557e-03  4.226243e-03 7.314863e-05
 3.473473e-01  8.451794e-02  7.303549e-02 1.247747e-02
 3.483483e-01  1.520204e-01  1.357709e-01 4.154393e-02
 3.493493e-01  2.071134e-01  1.936861e-01 8.041026e-02
 3.503504e-01  2.476538e-01  2.483834e-01 1.230267e-01
 3.513514e-01  2.722836e-01  3.015946e-01 1.650977e-01
 3.523524e-01  2.804869e-01  3.549560e-01 2.046667e-01
 3.533534e-01  2.726039e-01  4.097892e-01 2.422401e-01
 3.543544e-01  2.498001e-01  4.669080e-01 2.804032e-01
 3.553554e-01  2.139947e-01  5.264628e-01 3.229568e-01
 3.563564e-01  1.677527e-01  5.878348e-01 3.736908e-01
 3.573574e-01  1.141454e-01  6.495905e-01 4.349970e-01
 3.583584e-01  5.658969e-02  7.094983e-01 5.065902e-01
 3.593594e-01 -1.327960e-03  7.646108e-01 5.846314e-01
 3.603604e-01 -5.603199e-02  8.114074e-01 6.615216e-01
 3.613614e-01 -1.041350e-01  8.459908e-01 7.265446e-01
 3.623624e-01 -1.426021e-01  8.643259e-01 7.673946e-01
 3.633634e-01 -1.688972e-01  8.625071e-01 7.724447e-01
 3.643644e-01 -1.811019e-01  8.370390e-01 7.334321e-01
 3.653654e-01 -1.780063e-01  7.851114e-01 6.480862e-01
 3.663664e-01 -1.591643e-01  7.048535e-01 5.221518e-01
 3.673674e-01 -1.249159e-01  5.955486e-01 3.702821e-01
 3.683684e-01 -7.637331e-02  4.577963e-01 2.154103e-01
 3.693694e-01 -1.537494e-02  2.936097e-01 8.644303e-02
 3.703704e-01  5.559222e-02  1.064389e-01 1.441974e-02
 3.713714e-01  1.334957e-01 -9.888328e-02 2.759901e-02
 3.723724e-01  2.148840e-01 -3.162738e-01 1.462043e-01
 3.733734e-01  2.960282e-01 -5.386062e-01 3.777294e-01
 3.743744e-01  3.730760e-01 -7.579828e-01 7.137236e-01
 3.753754e-01  4.422101e-01 -9.660606e-01 1.128823e+00
 3.763764e-01  4.998061e-01 -1.154416e+00 1.582484e+00
 3.773774e-01  5.425842e-01 -1.314932e+00 2.023444e+00
 3.783784e-01  5.677485e-01 -1.440181e+00 2.396461e+00
 3.793794e-01  5.731105e-01 -1.523801e+00 2.650425e+00
 3.803804e-01  5.571904e-01 -1.560822e+00 2.746628e+00
 3.813814e-01  5.192942e-01 -1.547951e+00 2.665819e+00
 3.823824e-01  4.595624e-01 -1.483777e+00 2.412791e+00
 3.833834e-01  3.789891e-01 -1.368902e+00 2.017525e+00
 3.843844e-01  2.794088e-01 -1.205981e+00 1.532459e+00
 3.853854e-01  1.634527e-01 -9.996682e-01 1.026053e+00
 3.863864e-01  3.447339e-02 -7.564724e-01 5.734390e-01
 3.873874e-01 -1.035591e-01 -4.845248e-01 2.454887e-01
 3.883884e-01 -2.461868e-01 -1.932693e-01 9.796099e-02
 3.893894e-01 -3.886160e-01  1.069098e-01 1.624521e-01
 3.903904e-01 -5.258847e-01  4.051108e-01 4.406695e-01
 3.913914e-01 -6.530431e-01  6.903640e-01 9.030676e-01
 3.923924e-01 -7.653356e-01  9.520917e-01 1.492217e+00
 3.933934e-01 -8.583838e-01  1.180555e+00 2.130534e+00
 3.943944e-01 -9.283556e-01  1.367271e+00 2.731274e+00
 3.953954e-01 -9.721218e-01  1.505371e+00 3.211161e+00
 3.963964e-01 -9.873858e-01  1.589900e+00 3.502714e+00
 3.973974e-01 -9.727875e-01  1.618031e+00 3.564339e+00
 3.983984e-01 -9.279711e-01  1.589179e+00 3.386619e+00
 3.993994e-01 -8.536180e-01  1.505031e+00 2.993782e+00
 4.004004e-01 -7.514389e-01  1.369468e+00 2.440103e+00
 4.014014e-01 -6.241294e-01  1.188391e+00 1.801812e+00
 4.024024e-01 -4.752854e-01  9.694652e-01 1.165759e+00
 4.034034e-01 -3.092863e-01  7.217780e-01 6.166215e-01
 4.044044e-01 -1.311466e-01  4.554459e-01 2.246304e-01
 4.054054e-01  5.365501e-02  1.811717e-01 3.570205e-02
 4.064064e-01  2.393653e-01 -9.021887e-02 6.543519e-02
 4.074074e-01  4.201539e-01 -3.482426e-01 2.978022e-01
 4.084084e-01  5.903149e-01 -5.832038e-01 6.885983e-01
 4.094094e-01  7.444595e-01 -7.866004e-01 1.172960e+00
 4.104104e-01  8.776986e-01 -9.514707e-01 1.675651e+00
 4.114114e-01  9.858026e-01 -1.072666e+00 2.122419e+00
 4.124124e-01  1.065339e+00 -1.147037e+00 2.450640e+00
 4.134134e-01  1.113774e+00 -1.173525e+00 2.617655e+00
 4.144144e-01  1.129555e+00 -1.153159e+00 2.605670e+00
 4.154154e-01  1.112140e+00 -1.088949e+00 2.422664e+00
 4.164164e-01  1.062009e+00 -9.856972e-01 2.099462e+00
 4.174174e-01  9.806384e-01 -8.497246e-01 1.683683e+00
 4.184184e-01  8.704394e-01 -6.885317e-01 1.231741e+00
 4.194194e-01  7.346762e-01 -5.104143e-01 8.002719e-01
 4.204204e-01  5.773591e-01 -3.240468e-01 4.383499e-01
 4.214214e-01  4.031167e-01 -1.380623e-01 1.815643e-01
 4.224224e-01  2.170584e-01  3.935749e-02 4.866337e-02
 4.234234e-01  2.462267e-02  2.008546e-01 4.094884e-02
 4.244244e-01 -1.685754e-01  3.402177e-01 1.441657e-01
 4.254254e-01 -3.569019e-01  4.526352e-01 3.322576e-01
 4.264264e-01 -5.348554e-01  5.348707e-01 5.721570e-01
 4.274274e-01 -6.972174e-01  5.853506e-01 8.287474e-01
 4.284284e-01 -8.391893e-01  6.041639e-01 1.069253e+00
 4.294294e-01 -9.565247e-01  5.929745e-01 1.266558e+00
 4.304304e-01 -1.045643e+00  5.548553e-01 1.401234e+00
 4.314314e-01 -1.103734e+00  4.940521e-01 1.462317e+00
 4.324324e-01 -1.128843e+00  4.156965e-01 1.447089e+00
 4.334334e-01 -1.119935e+00  3.254799e-01 1.360191e+00
 4.344344e-01 -1.076945e+00  2.293142e-01 1.212395e+00
 4.354354e-01 -1.000802e+00  1.329923e-01 1.019293e+00
 4.364364e-01 -8.934285e-01  4.187278e-02 7.999677e-01
 4.374374e-01 -7.577131e-01 -3.939750e-02 5.756812e-01
 4.384384e-01 -5.974589e-01 -1.071054e-01 3.684287e-01
 4.394394e-01 -4.173031e-01 -1.586300e-01 1.993053e-01
 4.404404e-01 -2.226025e-01 -1.925276e-01 8.661875e-02
 4.414414e-01 -1.929971e-02 -2.085436e-01 4.386289e-02
 4.424424e-01  1.862464e-01 -2.075505e-01 7.776494e-02
 4.434434e-01  3.874437e-01 -1.914228e-01 1.867553e-01
 4.444444e-01  5.776787e-01 -1.628529e-01 3.602338e-01
 4.454454e-01  7.505307e-01 -1.251287e-01 5.789535e-01
 4.464464e-01  9.000031e-01 -8.188230e-02 8.167103e-01
 4.474474e-01  1.020741e+00 -3.683162e-02 1.043269e+00
 4.484484e-01  1.108250e+00  6.472203e-03 1.228260e+00
 4.494494e-01  1.159082e+00  4.487123e-02 1.345484e+00
 4.504505e-01  1.171003e+00  7.579190e-02 1.376993e+00
 4.514515e-01  1.143114e+00  9.738453e-02 1.316192e+00
 4.524525e-01  1.075929e+00  1.086093e-01 1.169419e+00
 4.534535e-01  9.713997e-01  1.092591e-01 9.555549e-01
 4.544545e-01  8.328891e-01  9.992627e-02 7.036895e-01
 4.554555e-01  6.650715e-01  8.191127e-02 4.490296e-01
 4.564565e-01  4.737962e-01  5.708794e-02 2.277418e-01
 4.574575e-01  2.658740e-01  2.773028e-02 7.145797e-02
 4.584585e-01  4.884029e-02 -3.679525e-03 2.398913e-03
 4.594595e-01 -1.693460e-01 -3.465380e-02 2.987896e-02
 4.604605e-01 -3.806026e-01 -6.289116e-02 1.488136e-01
 4.614615e-01 -5.770666e-01 -8.645053e-02 3.404796e-01
 4.624625e-01 -7.514053e-01 -1.038879e-01 5.754026e-01
 4.634635e-01 -8.971431e-01 -1.143540e-01 8.179426e-01
 4.644645e-01 -1.008922e+00 -1.176384e-01 1.031762e+00
 4.654655e-01 -1.082755e+00 -1.141657e-01 1.185392e+00
 4.664665e-01 -1.116181e+00 -1.049374e-01 1.256872e+00
 4.674675e-01 -1.108398e+00 -9.143083e-02 1.236906e+00
 4.684685e-01 -1.060273e+00 -7.545707e-02 1.129872e+00
 4.694695e-01 -9.743317e-01 -5.899531e-02 9.528027e-01
 4.704705e-01 -8.546127e-01 -4.400967e-02 7.322997e-01
 4.714715e-01 -7.065199e-01 -3.226889e-02 5.002117e-01
 4.724725e-01 -5.365313e-01 -2.517667e-02 2.884997e-01
 4.734735e-01 -3.519572e-01 -2.363132e-02 1.244323e-01
 4.744745e-01 -1.605444e-01 -2.792099e-02 2.655410e-02
 4.754755e-01  2.979912e-02 -3.766690e-02 2.306783e-03
 4.764765e-01  2.114491e-01 -5.181781e-02 4.739580e-02
 4.774775e-01  3.772920e-01 -6.869734e-02 1.470686e-01
 4.784785e-01  5.211706e-01 -8.610567e-02 2.790330e-01
 4.794795e-01  6.379675e-01 -1.014621e-01 4.172970e-01
 4.804805e-01  7.240408e-01 -1.119940e-01 5.367777e-01
 4.814815e-01  7.770353e-01 -1.149363e-01 6.169942e-01
 4.824825e-01  7.964205e-01 -1.077683e-01 6.458996e-01
 4.834835e-01  7.826983e-01 -8.840341e-02 6.204319e-01
 4.844845e-01  7.388500e-01 -5.544572e-02 5.489736e-01
 4.854855e-01  6.641376e-01 -8.196496e-03 4.411460e-01
 4.864865e-01  5.381628e-01  5.286404e-02 2.924138e-01
 4.874875e-01  3.690620e-01  1.229968e-01 1.513349e-01
 4.884885e-01  1.737725e-01  1.951039e-01 6.826240e-02
 4.894895e-01 -3.001011e-02  2.608433e-01 6.893983e-02
 4.904905e-01 -2.239086e-01  3.114359e-01 1.471274e-01
 4.914915e-01 -3.913018e-01  3.387264e-01 2.678527e-01
 4.924925e-01 -5.182941e-01  3.362030e-01 3.816612e-01
 4.934935e-01 -5.951850e-01  2.999338e-01 4.442054e-01
 4.944945e-01 -6.169782e-01  2.292767e-01 4.332300e-01
 4.954955e-01 -5.838368e-01  1.272664e-01 3.570621e-01
 4.964965e-01 -5.007640e-01  6.342722e-04 2.507650e-01
 4.974975e-01 -3.770845e-01 -1.406003e-01 1.619612e-01
 4.984985e-01 -2.253757e-01 -2.839006e-01 1.313938e-01
 4.994995e-01 -6.028231e-02 -4.153462e-01 1.761464e-01
 5.005005e-01  1.029234e-01 -5.209534e-01 2.819856e-01
 5.015015e-01  2.497019e-01 -5.881423e-01 4.082624e-01
 5.025025e-01  3.675564e-01 -6.071007e-01 5.036689e-01
 5.035035e-01  4.470661e-01 -5.720148e-01 5.270690e-01
 5.045045e-01  4.826337e-01 -4.818932e-01 4.651563e-01
 5.055055e-01  4.728501e-01 -3.410400e-01 3.398955e-01
 5.065065e-01  4.204627e-01 -1.589173e-01 2.020436e-01
 5.075075e-01  3.319969e-01  5.039033e-02 1.127611e-01
 5.085085e-01  2.170002e-01  2.693514e-01 1.196392e-01
 5.095095e-01  8.711944e-02  4.783791e-01 2.364363e-01
 5.105105e-01 -4.509553e-02  6.577311e-01 4.346438e-01
 5.115115e-01 -1.672636e-01  7.892149e-01 6.508373e-01
 5.125125e-01 -2.684365e-01  8.582358e-01 8.086269e-01
 5.135135e-01 -3.398287e-01  8.550091e-01 8.465242e-01
 5.145145e-01 -3.759252e-01  7.762744e-01 7.439218e-01
 5.155155e-01 -3.741399e-01  6.248218e-01 5.303830e-01
 5.165165e-01 -3.379954e-01  4.135313e-01 2.852490e-01
 5.175175e-01 -2.847895e-01  1.729969e-01 1.110330e-01
 5.185185e-01 -2.202422e-01 -8.597888e-02 5.589902e-02
 5.195195e-01 -1.477107e-01 -3.559025e-01 1.484850e-01
 5.205205e-01 -7.131468e-02 -6.275909e-01 3.989561e-01
 5.215215e-01  5.030000e-03 -8.917595e-01 7.952603e-01
 5.225225e-01  7.736915e-02 -1.138764e+00 1.302770e+00
 5.235235e-01  1.421011e-01 -1.359362e+00 1.868058e+00
 5.245245e-01  1.959499e-01 -1.544840e+00 2.424927e+00
 5.255255e-01  2.361981e-01 -1.687564e+00 2.903662e+00
 5.265265e-01  2.606969e-01 -1.781176e+00 3.240550e+00
 5.275275e-01  2.680063e-01 -1.820986e+00 3.387818e+00
 5.285285e-01  2.573909e-01 -1.804115e+00 3.321081e+00
 5.295295e-01  2.288851e-01 -1.729717e+00 3.044310e+00
 5.305305e-01  1.832551e-01 -1.599001e+00 2.590386e+00
 5.315315e-01  1.219983e-01 -1.415272e+00 2.017877e+00
 5.325325e-01  4.726450e-02 -1.183802e+00 1.403621e+00
 5.335335e-01 -3.820095e-02 -9.116992e-01 8.326548e-01
 5.345345e-01 -1.311738e-01 -6.076303e-01 3.864211e-01
 5.355355e-01 -2.280524e-01 -2.815424e-01 1.312740e-01
 5.365365e-01 -3.250024e-01  5.572389e-02 1.087317e-01
 5.375375e-01 -4.180864e-01  3.928121e-01 3.290976e-01
 5.385385e-01 -5.034208e-01  7.182944e-01 7.693793e-01
 5.395395e-01 -5.773136e-01  1.021083e+00 1.375901e+00
 5.405405e-01 -6.364143e-01  1.290866e+00 2.071359e+00
 5.415415e-01 -6.778375e-01  1.518487e+00 2.765268e+00
 5.425425e-01 -6.992848e-01  1.696305e+00 3.366450e+00
 5.435435e-01 -6.991336e-01  1.818473e+00 3.795631e+00
 5.445445e-01 -6.765128e-01  1.881174e+00 3.996483e+00
 5.455455e-01 -6.313408e-01  1.882750e+00 3.943338e+00
 5.465465e-01 -5.643427e-01  1.823774e+00 3.644633e+00
 5.475475e-01 -4.770291e-01  1.707007e+00 3.141430e+00
 5.485485e-01 -3.716525e-01  1.537294e+00 2.501399e+00
 5.495495e-01 -2.511285e-01  1.321356e+00 1.809047e+00
 5.505506e-01 -1.189384e-01  1.067522e+00 1.153750e+00
 5.515516e-01  2.099503e-02  7.853919e-01 6.172813e-01
 5.525526e-01  1.644427e-01  4.854503e-01 2.627034e-01
 5.535536e-01  3.070186e-01  1.786456e-01 1.261746e-01
 5.545546e-01  4.443301e-01 -1.240414e-01 2.128155e-01
 5.555556e-01  5.721299e-01 -4.120358e-01 4.971061e-01
 5.565566e-01  6.864561e-01 -6.755752e-01 9.276239e-01
 5.575576e-01  7.837636e-01 -9.060896e-01 1.435284e+00
 5.585586e-01  8.610344e-01 -1.096515e+00 1.943725e+00
 5.595596e-01  9.158690e-01 -1.241551e+00 2.380264e+00
 5.605606e-01  9.465533e-01 -1.337827e+00 2.685744e+00
 5.615616e-01  9.521008e-01 -1.383997e+00 2.821943e+00
 5.625626e-01  9.322701e-01 -1.380731e+00 2.775546e+00
 5.635636e-01  8.875579e-01 -1.330631e+00 2.558339e+00
 5.645646e-01  8.191698e-01 -1.238055e+00 2.203818e+00
 5.655656e-01  7.289721e-01 -1.108869e+00 1.760991e+00
 5.665666e-01  6.194256e-01 -9.501443e-01 1.286462e+00
 5.675676e-01  4.935075e-01 -7.697977e-01 8.361381e-01
 5.685686e-01  3.546223e-01 -5.762099e-01 4.577748e-01
 5.695696e-01  2.065071e-01 -3.778339e-01 1.854036e-01
 5.705706e-01  5.313160e-02 -1.828085e-01 3.624193e-02
 5.715716e-01 -1.014016e-01  1.394668e-03 1.028423e-02
 5.725726e-01 -2.529573e-01  1.682856e-01 9.230745e-02
 5.735736e-01 -3.974649e-01  3.126049e-01 2.557001e-01
 5.745746e-01 -5.310134e-01  4.305078e-01 4.673122e-01
 5.755756e-01 -6.499418e-01  5.196659e-01 6.924770e-01
 5.765766e-01 -7.509260e-01  5.792916e-01 8.994686e-01
 5.775776e-01 -8.310602e-01  6.100792e-01 1.062858e+00
 5.785786e-01 -8.879338e-01  6.140754e-01 1.165515e+00
 5.795796e-01 -9.197015e-01  5.944806e-01 1.199258e+00
 5.805806e-01 -9.251477e-01  5.554020e-01 1.164370e+00
 5.815816e-01 -9.037398e-01  5.015658e-01 1.068314e+00
 5.825826e-01 -8.556730e-01  4.380139e-01 9.240325e-01
 5.835836e-01 -7.818996e-01  3.697934e-01 7.481142e-01
 5.845846e-01 -6.841433e-01  3.016669e-01 5.590550e-01
 5.855856e-01 -5.648933e-01  2.378493e-01 3.756767e-01
 5.865866e-01 -4.273768e-01  1.817949e-01 2.157003e-01
 5.875876e-01 -2.755065e-01  1.360360e-01 9.440961e-02
 5.885886e-01 -1.138016e-01  1.020900e-01 2.337316e-02
 5.895896e-01  5.271864e-02  8.042909e-02 9.248092e-03
 5.905906e-01  2.186683e-01  7.051983e-02 5.278887e-02
 5.915916e-01  3.784537e-01  7.092073e-02 1.482569e-01
 5.925926e-01  5.264540e-01  7.943601e-02 2.834639e-01
 5.935936e-01  6.572189e-01  9.330790e-02 4.406431e-01
 5.945946e-01  7.656769e-01  1.094399e-01 5.982383e-01
 5.955956e-01  8.473455e-01  1.246301e-01 7.335270e-01
 5.965966e-01  8.985351e-01  1.358052e-01 8.258084e-01
 5.975976e-01  9.165369e-01  1.402349e-01 8.597058e-01
 5.985986e-01  8.997839e-01  1.357180e-01 8.280304e-01
 5.995996e-01  8.479754e-01  1.207261e-01 7.336370e-01
 6.006006e-01  7.621576e-01  9.449975e-02 5.898143e-01
 6.016016e-01  6.447510e-01  5.708916e-02 4.189630e-01
 6.026026e-01  4.995207e-01  9.342828e-03 2.496082e-01
 6.036036e-01  3.314857e-01 -4.715804e-02 1.121066e-01
 6.046046e-01  1.467684e-01 -1.102087e-01 3.368692e-02
 6.056056e-01 -4.761371e-02 -1.771293e-01 3.364185e-02
 6.066066e-01 -2.440072e-01 -2.449376e-01 1.195339e-01
 6.076076e-01 -4.344235e-01 -3.105376e-01 2.851574e-01
 6.086086e-01 -6.108698e-01 -3.709072e-01 5.107341e-01
 6.096096e-01 -7.656950e-01 -4.232770e-01 7.654522e-01
 6.106106e-01 -8.919354e-01 -4.652842e-01 1.012038e+00
 6.116116e-01 -9.836440e-01 -4.950966e-01 1.212676e+00
 6.126126e-01 -1.036186e+00 -5.114962e-01 1.335309e+00
 6.136136e-01 -1.046482e+00 -5.139212e-01 1.359240e+00
 6.146146e-01 -1.013198e+00 -5.024634e-01 1.279039e+00
 6.156156e-01 -9.368435e-01 -4.778251e-01 1.105993e+00
 6.166166e-01 -8.198079e-01 -4.412372e-01 8.667752e-01
 6.176176e-01 -6.662944e-01 -3.943507e-01 5.994607e-01
 6.186186e-01 -4.821774e-01 -3.391055e-01 3.474876e-01
 6.196196e-01 -2.747748e-01 -2.775906e-01 1.525578e-01
 6.206206e-01 -5.254971e-02 -2.119042e-01 4.766484e-02
 6.216216e-01  1.752484e-01 -1.440250e-01 5.145522e-02
 6.226226e-01  3.989852e-01 -7.570308e-02 1.649201e-01
 6.236236e-01  6.090679e-01 -8.378215e-03 3.710339e-01
 6.246246e-01  7.963771e-01  5.687008e-02 6.374507e-01
 6.256256e-01  9.526820e-01  1.193366e-01 9.218442e-01
 6.266266e-01  1.071020e+00  1.786714e-01 1.179008e+00
 6.276276e-01  1.146022e+00  2.348271e-01 1.368510e+00
 6.286286e-01  1.174166e+00  2.879816e-01 1.461600e+00
 6.296296e-01  1.153951e+00  3.384395e-01 1.446145e+00
 6.306306e-01  1.085974e+00  3.865246e-01 1.328742e+00
 6.316316e-01  9.729173e-01  4.324692e-01 1.133598e+00
 6.326326e-01  8.194362e-01  4.763135e-01 8.983502e-01
 6.336336e-01  6.319613e-01  5.178206e-01 6.675133e-01
 6.346346e-01  4.184174e-01  5.564177e-01 4.846738e-01
 6.356356e-01  1.878769e-01  5.911669e-01 3.847760e-01
 6.366366e-01 -4.983707e-02  6.207715e-01 3.878410e-01
 6.376376e-01 -2.845797e-01  6.436169e-01 4.952283e-01
 6.386386e-01 -5.063258e-01  6.578464e-01 6.891277e-01
 6.396396e-01 -7.056031e-01  6.614664e-01 9.354135e-01
 6.406406e-01 -8.738987e-01  6.524769e-01 1.189425e+00
 6.416416e-01 -1.004021e+00  6.290155e-01 1.403718e+00
 6.426426e-01 -1.090400e+00  5.895109e-01 1.536496e+00
 6.436436e-01 -1.129321e+00  5.328294e-01 1.559273e+00
 6.446446e-01 -1.119067e+00  4.584103e-01 1.462451e+00
 6.456456e-01 -1.059988e+00  3.663760e-01 1.257807e+00
 6.466466e-01 -9.544744e-01  2.576113e-01 9.773849e-01
 6.476476e-01 -8.068481e-01  1.338036e-01 6.689073e-01
 6.486486e-01 -6.231793e-01 -2.558361e-03 3.883590e-01
 6.496496e-01 -4.110300e-01 -1.482316e-01 1.909183e-01
 6.506507e-01 -1.791417e-01 -2.993084e-01 1.216773e-01
 6.516517e-01  6.291987e-02 -4.513472e-01 2.076732e-01
 6.526527e-01  3.051503e-01 -5.995364e-01 4.525606e-01
 6.536537e-01  5.375043e-01 -7.388871e-01 8.348650e-01
 6.546547e-01  7.502922e-01 -8.644404e-01 1.310196e+00
 6.556557e-01  9.345590e-01 -9.714838e-01 1.817181e+00
 6.566567e-01  1.082432e+00 -1.055762e+00 2.286293e+00
 6.576577e-01  1.187428e+00 -1.113674e+00 2.650254e+00
 6.586587e-01  1.244700e+00 -1.142443e+00 2.854452e+00
 6.596597e-01  1.251228e+00 -1.140257e+00 2.865758e+00
 6.606607e-01  1.205943e+00 -1.106365e+00 2.678342e+00
 6.616617e-01  1.109767e+00 -1.041131e+00 2.315535e+00
 6.626627e-01  9.655929e-01 -9.460352e-01 1.827352e+00
 6.636637e-01  7.781874e-01 -8.236366e-01 1.283953e+00
 6.646647e-01  5.540213e-01 -6.774795e-01 7.659181e-01
 6.656657e-01  3.010427e-01 -5.119657e-01 3.527356e-01
 6.666667e-01  2.839228e-02 -3.321879e-01 1.111549e-01
 6.676677e-01 -2.539260e-01 -1.437379e-01 8.513900e-02
 6.686687e-01 -5.354084e-01  4.750635e-02 2.889190e-01
 6.696697e-01 -8.054362e-01  2.356008e-01 7.042352e-01
 6.706707e-01 -1.053669e+00  4.147572e-01 1.282241e+00
 6.716717e-01 -1.270430e+00  5.795544e-01 1.949876e+00
 6.726727e-01 -1.447077e+00  7.251330e-01 2.619850e+00
 6.736737e-01 -1.576333e+00  8.473630e-01 3.202848e+00
 6.746747e-01 -1.652573e+00  9.429823e-01 3.620212e+00
 6.756757e-01 -1.672058e+00  1.009697e+00 3.815265e+00
 6.766767e-01 -1.633093e+00  1.046244e+00 3.761620e+00
 6.776777e-01 -1.536120e+00  1.052413e+00 3.467238e+00
 6.786787e-01 -1.383723e+00  1.029027e+00 2.973585e+00
 6.796797e-01 -1.180555e+00  9.778875e-01 2.349974e+00
 6.806807e-01 -9.331910e-01  9.016804e-01 1.683873e+00
 6.816817e-01 -6.498966e-01  8.038549e-01 1.068548e+00
 6.826827e-01 -3.403333e-01  6.884750e-01 5.898246e-01
 6.836837e-01 -1.520674e-02  5.600519e-01 3.138894e-01
 6.846847e-01  3.141307e-01  4.233646e-01 2.779157e-01
 6.856857e-01  6.361053e-01  2.832743e-01 4.848743e-01
 6.866867e-01  9.393609e-01  1.445402e-01 9.032908e-01
 6.876877e-01  1.213191e+00  1.164377e-02 1.471968e+00
 6.886887e-01  1.447950e+00 -1.113722e-01 2.108962e+00
 6.896897e-01  1.635421e+00 -2.210440e-01 2.723462e+00
 6.906907e-01  1.769134e+00 -3.146016e-01 3.228808e+00
 6.916917e-01  1.844607e+00 -3.900530e-01 3.554718e+00
 6.926927e-01  1.859519e+00 -4.462350e-01 3.656935e+00
 6.936937e-01  1.813780e+00 -4.828301e-01 3.522922e+00
 6.946947e-01  1.709528e+00 -5.003461e-01 3.172834e+00
 6.956957e-01  1.551028e+00 -5.000615e-01 2.655750e+00
 6.966967e-01  1.344482e+00 -4.839383e-01 2.041828e+00
 6.976977e-01  1.097768e+00 -4.545054e-01 1.411670e+00
 6.986987e-01  8.201150e-01 -4.147174e-01 8.445791e-01
 6.996997e-01  5.217191e-01 -3.677963e-01 4.074650e-01
 7.007007e-01  2.133333e-01 -3.170613e-01 1.460390e-01
 7.017017e-01 -9.416321e-02 -2.657559e-01 7.949289e-02
 7.027027e-01 -3.901908e-01 -2.168793e-01 1.992855e-01
 7.037037e-01 -6.648749e-01 -1.730326e-01 4.719988e-01
 7.047047e-01 -9.094125e-01 -1.362841e-01 8.456044e-01
 7.057057e-01 -1.116385e+00 -1.080649e-01 1.257994e+00
 7.067067e-01 -1.280007e+00 -8.909739e-02 1.646356e+00
 7.077077e-01 -1.396294e+00 -7.936349e-02 1.955935e+00
 7.087087e-01 -1.463156e+00 -7.811365e-02 2.146929e+00
 7.097097e-01 -1.480408e+00 -8.391849e-02 2.198651e+00
 7.107107e-01 -1.449695e+00 -9.476042e-02 2.110594e+00
 7.117117e-01 -1.374346e+00 -1.081623e-01 1.900527e+00
 7.127127e-01 -1.259172e+00 -1.213460e-01 1.600239e+00
 7.137137e-01 -1.110194e+00 -1.314147e-01 1.249801e+00
 7.147147e-01 -9.343504e-01 -1.355473e-01 8.913837e-01
 7.157157e-01 -7.391685e-01 -1.311963e-01 5.635826e-01
 7.167167e-01 -5.324377e-01 -1.162762e-01 2.970101e-01
 7.177177e-01 -3.218859e-01 -8.933251e-02 1.115908e-01
 7.187187e-01 -1.148802e-01 -4.968017e-02 1.566557e-02
 7.197197e-01  8.183716e-02  2.498306e-03 6.703562e-03
 7.207207e-01  2.623683e-01  6.610208e-02 7.320663e-02
 7.217217e-01  4.218277e-01  1.391137e-01 1.972912e-01
 7.227227e-01  5.564530e-01  2.186566e-01 3.574507e-01
 7.237237e-01  6.636608e-01  3.011062e-01 5.311107e-01
 7.247247e-01  7.420459e-01  3.822532e-01 6.967497e-01
 7.257257e-01  7.913319e-01  4.575098e-01 8.355214e-01
 7.267267e-01  8.122785e-01  5.221509e-01 9.324379e-01
 7.277277e-01  8.065546e-01  5.715782e-01 9.772319e-01
 7.287287e-01  7.765869e-01  6.015925e-01 9.650007e-01
 7.297297e-01  7.253943e-01  6.086598e-01 8.966637e-01
 7.307307e-01  6.564175e-01  5.901562e-01 7.791684e-01
 7.317317e-01  5.733529e-01  5.445761e-01 6.252967e-01
 7.327327e-01  4.799986e-01  4.716909e-01 4.528910e-01
 7.337337e-01  3.801180e-01  3.726465e-01 2.833551e-01
 7.347347e-01  2.773254e-01  2.499922e-01 1.394054e-01
 7.357357e-01  1.749945e-01  1.076346e-01 4.220829e-02
 7.367367e-01  7.619201e-02 -4.928269e-02 8.234006e-03
 7.377377e-01 -1.636853e-02 -2.145719e-01 4.630903e-02
 7.387387e-01 -1.003527e-01 -3.812579e-01 1.554282e-01
 7.397397e-01 -1.738166e-01 -5.418890e-01 3.238559e-01
 7.407407e-01 -2.352078e-01 -6.888869e-01 5.298879e-01
 7.417417e-01 -2.833602e-01 -8.149181e-01 7.443845e-01
 7.427427e-01 -3.174857e-01 -9.132694e-01 9.348581e-01
 7.437437e-01 -3.371682e-01 -9.782062e-01 1.070570e+00
 7.447447e-01 -3.423589e-01 -1.005295e+00 1.127828e+00
 7.457457e-01 -3.333756e-01 -9.916729e-01 1.094555e+00
 7.467467e-01 -3.109044e-01 -9.362445e-01 9.732153e-01
 7.477477e-01 -2.760016e-01 -8.398001e-01 7.814411e-01
 7.487487e-01 -2.300939e-01 -7.050405e-01 5.500254e-01
 7.497497e-01 -1.749717e-01 -5.365088e-01 3.184568e-01
 7.507508e-01 -1.127727e-01 -3.404274e-01 1.286085e-01
 7.517518e-01 -4.595157e-02 -1.244495e-01 1.759922e-02
 7.527528e-01  2.276700e-02  1.026677e-01 1.105898e-02
 7.537538e-01  9.045478e-02  3.314495e-01 1.180409e-01
 7.547548e-01  1.540658e-01  5.521351e-01 3.285895e-01
 7.557558e-01  2.105408e-01  7.551287e-01 6.145468e-01
 7.567568e-01  2.569276e-01  9.314515e-01 9.336137e-01
 7.577578e-01  2.905128e-01  1.073170e+00 1.236091e+00
 7.587588e-01  3.089589e-01  1.173778e+00 1.473211e+00
 7.597598e-01  3.104390e-01  1.228518e+00 1.605630e+00
 7.607608e-01  2.937620e-01  1.234617e+00 1.610574e+00
 7.617618e-01  2.584785e-01  1.191428e+00 1.486312e+00
 7.627628e-01  2.049605e-01  1.100482e+00 1.253070e+00
 7.637638e-01  1.344472e-01  9.654228e-01 9.501172e-01
 7.647648e-01  4.905101e-02  7.918495e-01 6.294316e-01
 7.657658e-01 -4.828006e-02  5.870673e-01 3.469790e-01
 7.667668e-01 -1.538443e-01  3.597561e-01 1.530925e-01
 7.677678e-01 -2.633124e-01  1.195770e-01 8.363205e-02
 7.687688e-01 -3.718934e-01 -1.232644e-01 1.534988e-01
 7.697698e-01 -4.745342e-01 -3.584779e-01 3.536891e-01
 7.707708e-01 -5.661436e-01 -5.761483e-01 6.524654e-01
 7.717718e-01 -6.418311e-01 -7.671741e-01 1.000503e+00
 7.727728e-01 -6.971479e-01 -9.236644e-01 1.339171e+00
 7.737738e-01 -7.283174e-01 -1.039276e+00 1.610541e+00
 7.747748e-01 -7.324431e-01 -1.109477e+00 1.767413e+00
 7.757758e-01 -7.076827e-01 -1.131727e+00 1.781620e+00
 7.767768e-01 -6.533765e-01 -1.105562e+00 1.649168e+00
 7.777778e-01 -5.701237e-01 -1.032593e+00 1.391290e+00
 7.787788e-01 -4.598008e-01 -9.164113e-01 1.051226e+00
 7.797798e-01 -3.255182e-01 -7.624069e-01 6.872263e-01
 7.807808e-01 -1.715184e-01 -5.775197e-01 3.629476e-01
 7.817818e-01 -3.017357e-03 -3.699265e-01 1.368547e-01
 7.827828e-01  1.740032e-01 -1.486825e-01 5.238357e-02
 7.837838e-01  3.530420e-01  7.666461e-02 1.305161e-01
 7.847848e-01  5.273532e-01  2.964732e-01 3.659977e-01
 7.857858e-01  6.902349e-01  5.014017e-01 7.278278e-01
 7.867868e-01  8.353186e-01  6.827816e-01 1.163948e+00
 7.877878e-01  9.568449e-01  8.329562e-01 1.609368e+00
 7.887888e-01  1.049912e+00  9.455729e-01 1.996424e+00
 7.897898e-01  1.110688e+00  1.015819e+00 2.265516e+00
 7.907908e-01  1.136568e+00  1.040594e+00 2.374624e+00
 7.917918e-01  1.126286e+00  1.018617e+00 2.306101e+00
 7.927928e-01  1.079957e+00  9.504571e-01 2.069676e+00
 7.937938e-01  9.990632e-01  8.385070e-01 1.701221e+00
 7.947948e-01  8.863787e-01  6.868802e-01 1.257472e+00
 7.957958e-01  7.458415e-01  5.012531e-01 8.075341e-01
 7.967968e-01  5.823749e-01  2.886516e-01 4.224803e-01
 7.977978e-01  4.016731e-01  5.719181e-02 1.646122e-01
 7.987988e-01  2.099581e-01 -1.842159e-01 7.801790e-02
 7.997998e-01  1.372194e-02 -4.261901e-01 1.818263e-01
 8.008008e-01 -1.805347e-01 -6.592170e-01 4.671599e-01
 8.018018e-01 -3.665552e-01 -8.739956e-01 8.982311e-01
 8.028028e-01 -5.385601e-01 -1.061776e+00 1.417416e+00
 8.038038e-01 -6.914513e-01 -1.214683e+00 1.953558e+00
 8.048048e-01 -8.209791e-01 -1.326008e+00 2.432304e+00
 8.058058e-01 -9.238677e-01 -1.390474e+00 2.786949e+00
 8.068068e-01 -9.978937e-01 -1.404442e+00 2.968249e+00
 8.078078e-01 -1.041920e+00 -1.366073e+00 2.951751e+00
 8.088088e-01 -1.055881e+00 -1.275425e+00 2.741594e+00
 8.098098e-01 -1.040730e+00 -1.134489e+00 2.370183e+00
 8.108108e-01 -9.983450e-01 -9.471474e-01 1.893781e+00
 8.118118e-01 -9.314070e-01 -7.190776e-01 1.384592e+00
 8.128128e-01 -8.432513e-01 -4.575741e-01 9.204468e-01
 8.138138e-01 -7.377059e-01 -1.713159e-01 5.735592e-01
 8.148148e-01 -6.189199e-01  1.299260e-01 3.999426e-01
 8.158158e-01 -4.911917e-01  4.356289e-01 4.310419e-01
 8.168168e-01 -3.588047e-01  7.348950e-01 6.688115e-01
 8.178178e-01 -2.258746e-01  1.016851e+00 1.085006e+00
 8.188188e-01 -9.621514e-02  1.271058e+00 1.624846e+00
 8.198198e-01  2.677431e-02  1.487912e+00 2.214600e+00
 8.208208e-01  1.401970e-01  1.659024e+00 2.772017e+00
 8.218218e-01  2.417208e-01  1.777558e+00 3.218142e+00
 8.228228e-01  3.296140e-01  1.838518e+00 3.488796e+00
 8.238238e-01  4.027560e-01  1.838969e+00 3.544018e+00
 8.248248e-01  4.606227e-01  1.778173e+00 3.374074e+00
 8.258258e-01  5.032523e-01  1.657655e+00 3.001084e+00
 8.268268e-01  5.311905e-01  1.481162e+00 2.476003e+00
 8.278278e-01  5.454213e-01  1.254543e+00 1.871364e+00
 8.288288e-01  5.472863e-01  9.855454e-01 1.270822e+00
 8.298298e-01  5.383947e-01  6.835192e-01 7.570674e-01
 8.308308e-01  5.205308e-01  3.590675e-01 3.998818e-01
 8.318318e-01  4.955588e-01  2.363497e-02 2.461371e-01
 8.328328e-01  4.653322e-01 -3.109378e-01 3.132163e-01
 8.338338e-01  4.316084e-01 -6.328786e-01 5.868211e-01
 8.348348e-01  3.959728e-01 -9.309458e-01 1.023455e+00
 8.358358e-01  3.597746e-01 -1.194869e+00 1.557150e+00
 8.368368e-01  3.240770e-01 -1.415750e+00 2.109374e+00
 8.378378e-01  2.896231e-01 -1.586401e+00 2.600551e+00
 8.388388e-01  2.568197e-01 -1.701619e+00 2.961463e+00
 8.398398e-01  2.257385e-01 -1.758362e+00 3.142794e+00
 8.408408e-01  1.961364e-01 -1.755846e+00 3.121466e+00
 8.418418e-01  1.674929e-01 -1.695542e+00 2.902916e+00
 8.428428e-01  1.390641e-01 -1.581069e+00 2.519118e+00
 8.438438e-01  1.099510e-01 -1.418014e+00 2.022853e+00
 8.448448e-01  7.917939e-02 -1.213660e+00 1.479239e+00
 8.458458e-01  4.578762e-02 -9.766484e-01 9.559385e-01
 8.468468e-01  8.917946e-03 -7.165975e-01 5.135915e-01
 8.478478e-01 -3.209273e-02 -4.436802e-01 1.978820e-01
 8.488488e-01 -7.762811e-02 -1.681931e-01 3.431504e-02
 8.498498e-01 -1.277187e-01  9.986852e-02 2.628580e-02
 8.508509e-01 -1.819841e-01  3.512104e-01 1.564669e-01
 8.518519e-01 -2.395952e-01  5.775953e-01 3.910222e-01
 8.528529e-01 -2.992615e-01  7.721406e-01 6.857586e-01
 8.538539e-01 -3.592447e-01  9.295459e-01 9.931124e-01
 8.548549e-01 -4.174019e-01  1.046241e+00 1.268846e+00
 8.558559e-01 -4.712569e-01  1.120454e+00 1.477500e+00
 8.568569e-01 -5.181003e-01  1.152190e+00 1.595970e+00
 8.578579e-01 -5.551131e-01  1.143140e+00 1.614920e+00
 8.588589e-01 -5.795105e-01  1.096511e+00 1.538169e+00
 8.598599e-01 -5.887006e-01  1.016798e+00 1.380448e+00
 8.608609e-01 -5.804475e-01  9.095140e-01 1.164135e+00
 8.618619e-01 -5.530335e-01  7.808785e-01 9.156173e-01
 8.628629e-01 -5.054091e-01  6.375028e-01 6.618482e-01
 8.638639e-01 -4.373229e-01  4.860681e-01 4.275136e-01
 8.648649e-01 -3.494207e-01  3.330250e-01 2.330005e-01
 8.658659e-01 -2.433077e-01  1.843224e-01 9.317338e-02
 8.668669e-01 -1.215650e-01  4.518015e-02 1.681930e-02
 8.678679e-01  1.228167e-02 -8.008725e-02 6.564806e-03
 8.688689e-01  1.538470e-01 -1.881888e-01 5.908393e-02
 8.698699e-01  2.980213e-01 -2.769160e-01 1.654992e-01
 8.708709e-01  4.391547e-01 -3.451428e-01 3.119804e-01
 8.718719e-01  5.712841e-01 -3.927710e-01 4.806345e-01
 8.728729e-01  6.883935e-01 -4.206281e-01 6.508135e-01
 8.738739e-01  7.846974e-01 -4.303267e-01 8.009311e-01
 8.748749e-01  8.549333e-01 -4.240960e-01 9.107685e-01
 8.758759e-01  8.946482e-01 -4.045978e-01 9.640949e-01
 8.768769e-01  9.004653e-01 -3.747370e-01 9.512655e-01
 8.778779e-01  8.703134e-01 -3.374802e-01 8.713383e-01
 8.788789e-01  8.036073e-01 -2.956903e-01 7.332175e-01
 8.798799e-01  7.013639e-01 -2.519867e-01 5.554086e-01
 8.808809e-01  5.662463e-01 -2.086356e-01 3.641636e-01
 8.818819e-01  4.025287e-01 -1.674766e-01 1.900778e-01
 8.828829e-01  2.159799e-01 -1.298836e-01 6.351709e-02
 8.838839e-01  1.366576e-02 -9.676135e-02 9.549512e-03
 8.848849e-01 -1.963211e-01 -6.857254e-02 4.324416e-02
 8.858859e-01 -4.051957e-01 -4.539142e-02 1.662439e-01
 8.868869e-01 -6.038644e-01 -2.697618e-02 3.653799e-01
 8.878879e-01 -7.833407e-01 -1.285355e-02 6.137878e-01
 8.888889e-01 -9.351720e-01 -2.407576e-03 8.745525e-01
 8.898899e-01 -1.051858e+00  5.034445e-03 1.106432e+00
 8.908909e-01 -1.127239e+00  1.012570e-02 1.270770e+00
 8.918919e-01 -1.156826e+00  1.343802e-02 1.338426e+00
 8.928929e-01 -1.138069e+00  1.541861e-02 1.295438e+00
 8.938939e-01 -1.070534e+00  1.636673e-02 1.146310e+00
 8.948949e-01 -9.559792e-01  1.643091e-02 9.141662e-01
 8.958959e-01 -7.983343e-01  1.562471e-02 6.375818e-01
 8.968969e-01 -6.035653e-01  1.385824e-02 3.644831e-01
 8.978979e-01 -3.794434e-01  1.098099e-02 1.440979e-01
 8.988989e-01 -1.352196e-01  6.831161e-03 1.833100e-02
 8.998999e-01  1.187791e-01  1.285880e-03 1.411012e-02
 9.009009e-01  3.716103e-01 -5.692480e-03 1.381266e-01
 9.019019e-01  6.122155e-01 -1.401897e-02 3.750044e-01
 9.029029e-01  8.299299e-01 -2.346102e-02 6.893341e-01
 9.039039e-01  1.014980e+00 -3.362852e-02 1.031315e+00
 9.049049e-01  1.158943e+00 -4.397989e-02 1.345083e+00
 9.059059e-01  1.255146e+00 -5.384397e-02 1.578291e+00
 9.069069e-01  1.298984e+00 -6.245590e-02 1.691261e+00
 9.079079e-01  1.288143e+00 -6.900415e-02 1.664073e+00
 9.089089e-01  1.222711e+00 -7.268471e-02 1.500305e+00
 9.099099e-01  1.105184e+00 -7.275812e-02 1.226724e+00
 9.109109e-01  9.403527e-01 -6.860435e-02 8.889697e-01
 9.119119e-01  7.350883e-01 -5.977139e-02 5.439274e-01
 9.129129e-01  4.980275e-01 -4.601325e-02 2.501486e-01
 9.139139e-01  2.391831e-01 -2.731453e-02 5.795465e-02
 9.149149e-01 -3.050756e-02 -3.899496e-03 9.459176e-04
 9.159159e-01 -2.996714e-01  2.377476e-02 9.036817e-02
 9.169169e-01 -5.570020e-01  5.504064e-02 3.132807e-01
 9.179179e-01 -7.917532e-01  8.905552e-02 6.348041e-01
 9.189189e-01 -9.941994e-01  1.248476e-01 1.004019e+00
 9.199199e-01 -1.156043e+00  1.613678e-01 1.362476e+00
 9.209209e-01 -1.270754e+00  1.975441e-01 1.653838e+00
 9.219219e-01 -1.333817e+00  2.323326e-01 1.833047e+00
 9.229229e-01 -1.342901e+00  2.647623e-01 1.873481e+00
 9.239239e-01 -1.297911e+00  2.939695e-01 1.770992e+00
 9.249249e-01 -1.200963e+00  3.192196e-01 1.544212e+00
 9.259259e-01 -1.056245e+00  3.399142e-01 1.231196e+00
 9.269269e-01 -8.698160e-01  3.555850e-01 8.830205e-01
 9.279279e-01 -6.493114e-01  3.658746e-01 5.554695e-01
 9.289289e-01 -4.036071e-01  3.705081e-01 3.001749e-01
 9.299299e-01 -1.424348e-01  3.692577e-01 1.566389e-01
 9.309309e-01  1.240238e-01  3.619075e-01 1.463590e-01
 9.319319e-01  3.855480e-01  3.482205e-01 2.699047e-01
 9.329329e-01  6.322780e-01  3.279142e-01 5.073032e-01
 9.339339e-01  8.550875e-01  3.006498e-01 8.215649e-01
 9.349349e-01  1.045915e+00  2.660362e-01 1.164714e+00
 9.359359e-01  1.198045e+00  2.236533e-01 1.485332e+00
 9.369369e-01  1.306322e+00  1.730926e-01 1.736439e+00
 9.379379e-01  1.367312e+00  1.140159e-01 1.882541e+00
 9.389389e-01  1.379375e+00  4.622822e-02 1.904812e+00
 9.399399e-01  1.342687e+00 -3.024065e-02 1.803723e+00
 9.409409e-01  1.259185e+00 -1.150505e-01 1.598783e+00
 9.419419e-01  1.132450e+00 -2.074689e-01 1.325487e+00
 9.429429e-01  9.675414e-01 -3.063016e-01 1.029957e+00
 9.439439e-01  7.707739e-01 -4.098402e-01 7.620614e-01
 9.449449e-01  5.494675e-01 -5.158378e-01 5.680032e-01
 9.459459e-01  3.116624e-01 -6.215145e-01 4.834137e-01
 9.469469e-01  6.581985e-02 -7.236000e-01 5.279292e-01
 9.479479e-01 -1.794841e-01 -8.184132e-01 7.020148e-01
 9.489489e-01 -4.158607e-01 -9.019796e-01 9.865073e-01
 9.499499e-01 -6.353965e-01 -9.701823e-01 1.344982e+00
 9.509510e-01 -8.309190e-01 -1.018943e+00 1.728670e+00
 9.519520e-01 -9.962303e-01 -1.044421e+00 2.083290e+00
 9.529530e-01 -1.126304e+00 -1.043228e+00 2.356885e+00
 9.539540e-01 -1.217435e+00 -1.012639e+00 2.507586e+00
 9.549550e-01 -1.267346e+00 -9.507900e-01 2.510167e+00
 9.559560e-01 -1.275239e+00 -8.568540e-01 2.360433e+00
 9.569570e-01 -1.241795e+00 -7.311794e-01 2.076679e+00
 9.579580e-01 -1.169126e+00 -5.753815e-01 1.697919e+00
 9.589590e-01 -1.060670e+00 -3.923792e-01 1.278982e+00
 9.599600e-01 -9.210495e-01 -1.863716e-01 8.830665e-01
 9.609610e-01 -7.558817e-01  3.724904e-02 5.727447e-01
 9.619620e-01 -5.715592e-01  2.720455e-01 4.006887e-01
 9.629630e-01 -3.750034e-01  5.107436e-01 4.014866e-01
 9.639640e-01 -1.734015e-01  7.454892e-01 5.858222e-01
 9.649650e-01  2.606409e-02  9.681468e-01 9.379876e-01
 9.659660e-01  2.164830e-01  1.170625e+00 1.417228e+00
 9.669670e-01  3.914718e-01  1.345215e+00 1.962852e+00
 9.679680e-01  5.454061e-01  1.484923e+00 2.502463e+00
 9.689690e-01  6.736208e-01  1.583789e+00 2.962153e+00
 9.699700e-01  7.725706e-01  1.637166e+00 3.277179e+00
 9.709710e-01  8.399454e-01  1.641950e+00 3.401509e+00
 9.719720e-01  8.747339e-01  1.596751e+00 3.314772e+00
 9.729730e-01  8.772346e-01  1.501990e+00 3.025515e+00
 9.739740e-01  8.490125e-01  1.359927e+00 2.570224e+00
 9.749750e-01  7.928040e-01  1.174601e+00 2.008225e+00
 9.759760e-01  7.123733e-01  9.516976e-01 1.413204e+00
 9.769770e-01  6.123272e-01  6.983482e-01 8.626347e-01
 9.779780e-01  4.978949e-01  4.228580e-01 4.267083e-01
 9.789790e-01  3.746850e-01  1.343895e-01 1.584494e-01
 9.799800e-01  2.484267e-01 -1.573945e-01 8.648885e-02
 9.809810e-01  1.247103e-01 -4.427080e-01 2.115430e-01
 9.819820e-01  8.736817e-03 -7.120235e-01 5.070538e-01
 9.829830e-01 -9.491132e-02 -9.564417e-01 9.237888e-01
 9.839840e-01 -1.824683e-01 -1.168032e+00 1.397592e+00
 9.849850e-01 -2.511414e-01 -1.340128e+00 1.859014e+00
 9.859860e-01 -2.992194e-01 -1.467571e+00 2.243298e+00
 9.869870e-01 -3.261272e-01 -1.546886e+00 2.499215e+00
 9.879880e-01 -3.324240e-01 -1.576380e+00 2.595480e+00
 9.889890e-01 -3.197442e-01 -1.556177e+00 2.523922e+00
 9.899900e-01 -2.906853e-01 -1.488166e+00 2.299137e+00
 9.909910e-01 -2.486462e-01 -1.375889e+00 1.954896e+00
 9.919920e-01 -1.976251e-01 -1.224356e+00 1.538104e+00
 9.929930e-01 -1.419859e-01 -1.039813e+00 1.101370e+00
 9.939940e-01 -8.620636e-02 -8.294626e-01 6.954398e-01
 9.949950e-01 -3.461906e-02 -6.011641e-01 3.625968e-01
 9.959960e-01  8.840057e-03 -3.631090e-01 1.319263e-01
 9.969970e-01  4.086248e-02 -1.235043e-01 1.692305e-02
 9.979980e-01  5.896471e-02  1.097338e-01 1.551835e-02
 9.989990e-01  6.164145e-02  3.292593e-01 1.122113e-01
 1.000000e+00  4.846513e-02  5.285388e-01 2.817021e-01
