# x psi_r psi_i psi2 
 0.000000e+00 -2.659678e-01  2.868675e-01 1.530319e-01
 1.001001e-03 -2.268806e-01  4.571533e-01 2.604639e-01
 2.002002e-03 -1.875903e-01  6.068338e-01 4.034373e-01
 3.003003e-03 -1.482299e-01  7.324614e-01 5.584718e-01
 4.004004e-03 -1.087149e-01  8.314201e-01 7.030783e-01
 5.005005e-03 -6.880438e-02  9.019795e-01 8.183010e-01
 6.006006e-03 -2.817434e-02  9.433206e-01 8.906475e-01
 7.007007e-03  1.350410e-02  9.555324e-01 9.132246e-01
 8.008008e-03  5.648553e-02  9.395816e-01 8.860042e-01
 9.009009e-03  1.008764e-01  8.972550e-01 8.152425e-01
 1.001001e-02  1.465718e-01  8.310799e-01 7.121771e-01
 1.101101e-02  1.932076e-01  7.442236e-01 5.911980e-01
 1.201201e-02  2.401314e-01  6.403757e-01 4.677442e-01
 1.301301e-02  2.863952e-01  5.236181e-01 3.561982e-01
 1.401401e-02  3.307715e-01  3.982862e-01 2.680417e-01
 1.501502e-02  3.717925e-01  2.688254e-01 2.104967e-01
 1.601602e-02  4.078100e-01  1.396482e-01 1.858106e-01
 1.701702e-02  4.370756e-01  1.499502e-02 1.912599e-01
 1.801802e-02  4.578339e-01 -1.011966e-01 2.198527e-01
 1.901902e-02  4.684268e-01 -2.054108e-01 2.616172e-01
 2.002002e-02  4.674000e-01 -2.946565e-01 3.052852e-01
 2.102102e-02  4.536079e-01 -3.665531e-01 3.401213e-01
 2.202202e-02  4.263092e-01 -4.193940e-01 3.576309e-01
 2.302302e-02  3.852472e-01 -4.521894e-01 3.528906e-01
 2.402402e-02  3.307093e-01 -4.646842e-01 3.253001e-01
 2.502503e-02  2.635623e-01 -4.573525e-01 2.786364e-01
 2.602603e-02  1.852585e-01 -4.313681e-01 2.203992e-01
 2.702703e-02  9.781192e-02 -3.885522e-01 1.605400e-01
 2.802803e-02  3.744828e-03 -3.313002e-01 1.097739e-01
 2.902903e-02 -9.399527e-02 -2.624894e-01 7.773582e-02
 3.003003e-02 -1.921438e-01 -1.853716e-01 7.128185e-02
 3.103103e-02 -2.872486e-01 -1.034525e-01 9.321416e-02
 3.203203e-02 -3.758147e-01 -2.036434e-02 1.416514e-01
 3.303303e-02 -4.544579e-01  6.026656e-02 2.101640e-01
 3.403403e-02 -5.200585e-01  1.349508e-01 2.886726e-01
 3.503504e-02 -5.699099e-01  2.004617e-01 3.649821e-01
 3.603604e-02 -6.018515e-01  2.539517e-01 4.267167e-01
 3.703704e-02 -6.143823e-01  2.930545e-01 4.633465e-01
 3.803804e-02 -6.067456e-01  3.159695e-01 4.679769e-01
 3.903904e-02 -5.789834e-01  3.215262e-01 4.386009e-01
 4.004004e-02 -5.319547e-01  3.092249e-01 3.785958e-01
 4.104104e-02 -4.673175e-01  2.792529e-01 2.963678e-01
 4.204204e-02 -3.874741e-01  2.324768e-01 2.041816e-01
 4.304304e-02 -2.954821e-01  1.704082e-01 1.163486e-01
 4.404404e-02 -1.949344e-01  9.514804e-02 4.705255e-02
 4.504505e-02 -8.981352e-02  9.308703e-03 8.153121e-03
 4.604605e-02  1.567285e-02 -8.408115e-02 7.315278e-03
 4.704705e-02  1.172686e-01 -1.816861e-01 4.676176e-02
 4.804805e-02  2.108494e-01 -2.799831e-01 1.228480e-01
 4.904905e-02  2.925984e-01 -3.753857e-01 2.265283e-01
 5.005005e-02  3.591700e-01 -4.643689e-01 3.446416e-01
 5.105105e-02  4.078340e-01 -5.435887e-01 4.618172e-01
 5.205205e-02  4.365928e-01 -6.099939e-01 5.627058e-01
 5.305305e-02  4.442689e-01 -6.609245e-01 6.341960e-01
 5.405405e-02  4.305561e-01 -6.941938e-01 6.672836e-01
 5.505506e-02  3.960347e-01 -7.081524e-01 6.583232e-01
 5.605606e-02  3.421485e-01 -7.017318e-01 6.094931e-01
 5.705706e-02  2.711464e-01 -6.744671e-01 5.284263e-01
 5.805806e-02  1.859907e-01 -6.264988e-01 4.270933e-01
 5.905906e-02  9.023555e-02 -5.585555e-01 3.201267e-01
 6.006006e-02 -1.211709e-02 -4.719183e-01 2.228537e-01
 6.106106e-02 -1.167792e-01 -3.683706e-01 1.493343e-01
 6.206206e-02 -2.193483e-01 -2.501354e-01 1.106814e-01
 6.306306e-02 -3.154829e-01 -1.198036e-01 1.138823e-01
 6.406406e-02 -4.010722e-01  1.974330e-02 1.612487e-01
 6.506507e-02 -4.723964e-01  1.654124e-01 2.505196e-01
 6.606607e-02 -5.262685e-01  3.139783e-01 3.755409e-01
 6.706707e-02 -5.601539e-01  4.621588e-01 5.273632e-01
 6.806807e-02 -5.722636e-01  6.066849e-01 6.955522e-01
 6.906907e-02 -5.616170e-01  7.443643e-01 8.694918e-01
 7.007007e-02 -5.280728e-01  8.721380e-01 1.039486e+00
 7.107107e-02 -4.723292e-01  9.871284e-01 1.197517e+00
 7.207207e-02 -3.958911e-01  1.086681e+00 1.337605e+00
 7.307307e-02 -3.010090e-01  1.168399e+00 1.455762e+00
 7.407407e-02 -1.905922e-01  1.230174e+00 1.549653e+00
 7.507508e-02 -6.809832e-02  1.270212e+00 1.618076e+00
 7.607608e-02  6.259360e-02  1.287058e+00 1.660437e+00
 7.707708e-02  1.973228e-01  1.279618e+00 1.676360e+00
 7.807808e-02  3.317941e-01  1.247184e+00 1.665555e+00
 7.907908e-02  4.617258e-01  1.189453e+00 1.627989e+00
 8.008008e-02  5.829952e-01  1.106556e+00 1.564349e+00
 8.108108e-02  6.917741e-01  9.990756e-01 1.476703e+00
 8.208208e-02  7.846523e-01  8.680715e-01 1.369227e+00
 8.308308e-02  8.587430e-01  7.150953e-01 1.248801e+00
 8.408408e-02  9.117688e-01  5.422043e-01 1.125308e+00
 8.508509e-02  9.421245e-01  3.519647e-01 1.011478e+00
 8.608609e-02  9.489160e-01  1.474452e-01 9.221817e-01
 8.708709e-02  9.319750e-01 -6.780356e-02 8.731748e-01
 8.808809e-02  8.918486e-01 -2.897843e-01 8.793689e-01
 8.908909e-02  8.297658e-01 -5.141067e-01 9.528169e-01
 9.009009e-02  7.475828e-01 -7.360584e-01 1.100662e+00
 9.109109e-02  6.477090e-01 -9.506960e-01 1.323350e+00
 9.209209e-02  5.330171e-01 -1.152952e+00 1.613406e+00
 9.309309e-02  4.067409e-01 -1.337761e+00 1.955042e+00
 9.409409e-02  2.723644e-01 -1.500193e+00 2.324761e+00
 9.509510e-02  1.335064e-01 -1.635605e+00 2.693028e+00
 9.609610e-02 -6.195353e-03 -1.739789e+00 3.026905e+00
 9.709710e-02 -1.431964e-01 -1.809122e+00 3.293428e+00
 9.809810e-02 -2.741510e-01 -1.840710e+00 3.463373e+00
 9.909910e-02 -3.960068e-01 -1.832518e+00 3.514944e+00
 1.001001e-01 -5.060857e-01 -1.783478e+00 3.436916e+00
 1.011011e-01 -6.021496e-01 -1.693577e+00 3.230787e+00
 1.021021e-01 -6.824478e-01 -1.563910e+00 2.911548e+00
 1.031031e-01 -7.457467e-01 -1.396699e+00 2.506907e+00
 1.041041e-01 -7.913398e-01 -1.195280e+00 2.054914e+00
 1.051051e-01 -8.190396e-01 -9.640427e-01 1.600204e+00
 1.061061e-01 -8.291524e-01 -7.083362e-01 1.189234e+00
 1.071071e-01 -8.224369e-01 -4.343392e-01 8.650531e-01
 1.081081e-01 -8.000498e-01 -1.488934e-01 6.622490e-01
 1.091091e-01 -7.634804e-01  1.406909e-01 6.026962e-01
 1.101101e-01 -7.144776e-01  4.268514e-01 6.926803e-01
 1.111111e-01 -6.549730e-01  7.020052e-01 9.218009e-01
 1.121121e-01 -5.870025e-01  9.587878e-01 1.263846e+00
 1.131131e-01 -5.126306e-01  1.190289e+00 1.679578e+00
 1.141141e-01 -4.338795e-01  1.390278e+00 2.121125e+00
 1.151151e-01 -3.526668e-01  1.553412e+00 2.537462e+00
 1.161161e-01 -2.707534e-01  1.675409e+00 2.880301e+00
 1.171171e-01 -1.897032e-01  1.753196e+00 3.109683e+00
 1.181181e-01 -1.108561e-01  1.785011e+00 3.198553e+00
 1.191191e-01 -3.531478e-02  1.770460e+00 3.135774e+00
 1.201201e-01  3.605594e-02  1.710527e+00 2.927204e+00
 1.211211e-01  1.026165e-01  1.607543e+00 2.594726e+00
 1.221221e-01  1.639298e-01  1.465096e+00 2.173381e+00
 1.231231e-01  2.197293e-01  1.287910e+00 1.706993e+00
 1.241241e-01  2.698812e-01  1.081676e+00 1.242859e+00
 1.251251e-01  3.143424e-01  8.528607e-01 8.261826e-01
 1.261261e-01  3.531189e-01  6.084823e-01 4.949436e-01
 1.271271e-01  3.862253e-01  3.558740e-01 2.758163e-01
 1.281281e-01  4.136507e-01  1.024412e-01 1.816011e-01
 1.291291e-01  4.353310e-01 -1.445806e-01 2.104167e-01
 1.301301e-01  4.511316e-01 -3.783560e-01 3.466730e-01
 1.311311e-01  4.608403e-01 -5.926606e-01 5.636204e-01
 1.321321e-01  4.641726e-01 -7.820653e-01 8.270822e-01
 1.331331e-01  4.607883e-01 -9.420873e-01 1.099854e+00
 1.341341e-01  4.503195e-01 -1.069305e+00 1.346200e+00
 1.351351e-01  4.324076e-01 -1.161429e+00 1.535894e+00
 1.361361e-01  4.067484e-01 -1.217338e+00 1.647356e+00
 1.371371e-01  3.731417e-01 -1.237063e+00 1.669559e+00
 1.381381e-01  3.315424e-01 -1.221742e+00 1.602574e+00
 1.391391e-01  2.821098e-01 -1.173533e+00 1.456766e+00
 1.401401e-01  2.252518e-01 -1.095497e+00 1.250852e+00
 1.411411e-01  1.616599e-01 -9.914548e-01 1.009116e+00
 1.421421e-01  9.233219e-02 -8.658268e-01 7.581812e-01
 1.431431e-01  1.858164e-02 -7.234579e-01 5.237366e-01
 1.441441e-01 -5.797211e-02 -5.694391e-01 3.276217e-01
 1.451451e-01 -1.354294e-01 -4.089303e-01 1.855651e-01
 1.461461e-01 -2.116549e-01 -2.469910e-01 1.058023e-01
 1.471471e-01 -2.843401e-01 -8.842471e-02 8.866820e-02
 1.481481e-01 -3.510806e-01  6.235756e-02 1.271460e-01
 1.491491e-01 -4.094674e-01  2.014526e-01 2.082467e-01
 1.501502e-01 -4.571870e-01  3.255549e-01 3.150059e-01
 1.511512e-01 -4.921261e-01  4.320209e-01 4.288301e-01
 1.521522e-01 -5.124771e-01  5.189068e-01 5.318970e-01
 1.531532e-01 -5.168376e-01  5.849804e-01 6.093232e-01
 1.541542e-01 -5.042994e-01  6.297104e-01 6.508532e-01
 1.551552e-01 -4.745223e-01  6.532327e-01 6.518844e-01
 1.561562e-01 -4.277862e-01  6.562996e-01 6.137301e-01
 1.571572e-01 -3.650202e-01  6.402138e-01 5.431135e-01
 1.581582e-01 -2.878041e-01  6.067515e-01 4.509786e-01
 1.591592e-01 -1.983409e-01  5.580770e-01 3.507890e-01
 1.601602e-01 -9.940029e-02  4.966543e-01 2.565459e-01
 1.611612e-01  5.765181e-03  4.251573e-01 1.807919e-01
 1.621622e-01  1.135303e-01  3.463813e-01 1.328691e-01
 1.631632e-01  2.200281e-01  2.631600e-01 1.176655e-01
 1.641642e-01  3.212974e-01  1.782868e-01 1.350182e-01
 1.651652e-01  4.134408e-01  9.444507e-02 1.798531e-01
 1.661662e-01  4.927853e-01  1.414539e-02 2.430374e-01
 1.671672e-01  5.560399e-01 -6.032793e-02 3.128198e-01
 1.681682e-01  6.004419e-01 -1.269616e-01 3.766497e-01
 1.691692e-01  6.238841e-01 -1.840495e-01 4.231056e-01
 1.701702e-01  6.250191e-01 -2.302203e-01 4.436503e-01
 1.711712e-01  6.033323e-01 -2.644569e-01 4.339473e-01
 1.721722e-01  5.591825e-01 -2.861080e-01 3.945429e-01
 1.731732e-01  4.938050e-01 -2.948932e-01 3.308054e-01
 1.741742e-01  4.092788e-01 -2.908995e-01 2.521316e-01
 1.751752e-01  3.084564e-01 -2.745719e-01 1.705351e-01
 1.761762e-01  1.948615e-01 -2.466976e-01 9.883068e-02
 1.771772e-01  7.255566e-02 -2.083823e-01 4.868752e-02
 1.781782e-01 -5.401680e-02 -1.610216e-01 2.884578e-02
 1.791792e-01 -1.802026e-01 -1.062649e-01 4.376520e-02
 1.801802e-01 -3.013214e-01 -4.597395e-02 9.290816e-02
 1.811812e-01 -4.128495e-01  1.782371e-02 1.707624e-01
 1.821822e-01 -5.105969e-01  8.298693e-02 2.675960e-01
 1.831832e-01 -5.908698e-01  1.473163e-01 3.708292e-01
 1.841842e-01 -6.506112e-01  2.086125e-01 4.668140e-01
 1.851852e-01 -6.875152e-01  2.647363e-01 5.427625e-01
 1.861862e-01 -7.001089e-01  3.136678e-01 5.885400e-01
 1.871872e-01 -6.877990e-01  3.535648e-01 5.980755e-01
 1.881882e-01 -6.508830e-01  3.828165e-01 5.701972e-01
 1.891892e-01 -5.905245e-01  4.000931e-01 5.087938e-01
 1.901902e-01 -5.086943e-01  4.043876e-01 4.222993e-01
 1.911912e-01 -4.080817e-01  3.950494e-01 3.225948e-01
 1.921922e-01 -2.919804e-01  3.718086e-01 2.234942e-01
 1.931932e-01 -1.641548e-01  3.347892e-01 1.390306e-01
 1.941942e-01 -2.869333e-02  2.845115e-01 8.177010e-02
 1.951952e-01  1.101440e-01  2.218827e-01 6.136362e-02
 1.961962e-01  2.480779e-01  1.481771e-01 8.349910e-02
 1.971972e-01  3.809547e-01  6.500514e-02 1.493521e-01
 1.981982e-01  5.048780e-01 -2.572663e-02 2.555636e-01
 1.991992e-01  6.163233e-01 -1.218641e-01 3.947053e-01
 2.002002e-01  7.122309e-01 -2.210604e-01 5.561406e-01
 2.012012e-01  7.900754e-01 -3.208362e-01 7.271550e-01
 2.022022e-01  8.479102e-01 -4.186424e-01 8.942132e-01
 2.032032e-01  8.843884e-01 -5.119249e-01 1.044210e+00
 2.042042e-01  8.987606e-01 -5.981885e-01 1.165600e+00
 2.052052e-01  8.908521e-01 -6.750587e-01 1.249322e+00
 2.062062e-01  8.610245e-01 -7.403401e-01 1.289467e+00
 2.072072e-01  8.101235e-01 -7.920704e-01 1.283676e+00
 2.082082e-01  7.394187e-01 -8.285680e-01 1.233265e+00
 2.092092e-01  6.505390e-01 -8.484734e-01 1.143108e+00
 2.102102e-01  5.454079e-01 -8.507837e-01 1.021303e+00
 2.112112e-01  4.261820e-01 -8.348787e-01 8.786535e-01
 2.122122e-01  2.951951e-01 -8.005402e-01 7.280048e-01
 2.132132e-01  1.549105e-01 -7.479627e-01 5.834455e-01
 2.142142e-01  7.882197e-03 -6.777561e-01 4.594154e-01
 2.152152e-01 -1.432757e-01 -5.909403e-01 3.697384e-01
 2.162162e-01 -2.959107e-01 -4.889322e-01 3.266178e-01
 2.172172e-01 -4.473487e-01 -3.735236e-01 3.396407e-01
 2.182182e-01 -5.949051e-01 -2.468521e-01 4.148481e-01
 2.192192e-01 -7.358961e-01 -1.113635e-01 5.539449e-01
 2.202202e-01 -8.676505e-01  3.023334e-02 7.537314e-01
 2.212212e-01 -9.875264e-01  1.750195e-01 1.005840e+00
 2.222222e-01 -1.092934e+00  3.199250e-01 1.296858e+00
 2.232232e-01 -1.181370e+00  4.617950e-01 1.608889e+00
 2.242242e-01 -1.250453e+00  5.974607e-01 1.920592e+00
 2.252252e-01 -1.297984e+00  7.238143e-01 2.208670e+00
 2.262262e-01 -1.322001e+00  8.378862e-01 2.449741e+00
 2.272272e-01 -1.320853e+00  9.369231e-01 2.622478e+00
 2.282282e-01 -1.293271e+00  1.018465e+00 2.709821e+00
 2.292292e-01 -1.238448e+00  1.080415e+00 2.701050e+00
 2.302302e-01 -1.156112e+00  1.121109e+00 2.593480e+00
 2.312312e-01 -1.046595e+00  1.139371e+00 2.393526e+00
 2.322322e-01 -9.108913e-01  1.134557e+00 2.116942e+00
 2.332332e-01 -7.506975e-01  1.106590e+00 1.788088e+00
 2.342342e-01 -5.684343e-01  1.055977e+00 1.438205e+00
 2.352352e-01 -3.672450e-01  9.838044e-01 1.102740e+00
 2.362362e-01 -1.509660e-01  8.917250e-01 8.179642e-01
 2.372372e-01  7.592933e-02  7.819181e-01 6.171612e-01
 2.382382e-01  3.084162e-01  6.570372e-01 5.268185e-01
 2.392392e-01  5.410311e-01  5.201384e-01 5.632586e-01
 2.402402e-01  7.680095e-01  3.745952e-01 7.301602e-01
 2.412412e-01  9.834458e-01  2.240012e-01 1.017342e+00
 2.422422e-01  1.181469e+00  7.206342e-02 1.401061e+00
 2.432432e-01  1.356428e+00 -7.750956e-02 1.845906e+00
 2.442442e-01  1.503086e+00 -2.211205e-01 2.308163e+00
 2.452452e-01  1.616802e+00 -3.553935e-01 2.740354e+00
 2.462462e-01  1.693709e+00 -4.772773e-01 3.096444e+00
 2.472472e-01  1.730869e+00 -5.841367e-01 3.337123e+00
 2.482482e-01  1.726406e+00 -6.738295e-01 3.434523e+00
 2.492492e-01  1.679601e+00 -7.447659e-01 3.375735e+00
 2.502503e-01  1.590958e+00 -7.959473e-01 3.164679e+00
 2.512513e-01  1.462222e+00 -8.269832e-01 2.821993e+00
 2.522523e-01  1.296355e+00 -8.380863e-01 2.382926e+00
 2.532533e-01  1.097477e+00 -8.300449e-01 1.893430e+00
 2.542543e-01  8.707499e-01 -8.041745e-01 1.404902e+00
 2.552553e-01  6.222366e-01 -7.622516e-01 9.682059e-01
 2.562563e-01  3.587175e-01 -7.064310e-01 6.277230e-01
 2.572573e-01  8.748127e-02 -6.391516e-01 4.161678e-01
 2.582583e-01 -1.839045e-01 -5.630344e-01 3.508287e-01
 2.592593e-01 -4.478368e-01 -4.807775e-01 4.317048e-01
 2.602603e-01 -6.969223e-01 -3.950519e-01 6.417668e-01
 2.612613e-01 -9.242188e-01 -3.084043e-01 9.492936e-01
 2.622623e-01 -1.123460e+00 -2.231690e-01 1.311967e+00
 2.632633e-01 -1.289260e+00 -1.413941e-01 1.682183e+00
 2.642643e-01 -1.417283e+00 -6.478462e-02 2.012887e+00
 2.652653e-01 -1.504381e+00  5.335609e-03 2.263192e+00
 2.662663e-01 -1.548690e+00  6.804220e-02 2.403070e+00
 2.672673e-01 -1.549673e+00  1.228077e-01 2.416567e+00
 2.682683e-01 -1.508126e+00  1.694801e-01 2.303168e+00
 2.692693e-01 -1.426138e+00  2.082431e-01 2.077234e+00
 2.702703e-01 -1.306998e+00  2.395621e-01 1.765633e+00
 2.712713e-01 -1.155071e+00  2.641184e-01 1.403948e+00
 2.722723e-01 -9.756384e-01  2.827353e-01 1.031810e+00
 2.732733e-01 -7.747042e-01  2.963019e-01 6.879614e-01
 2.742743e-01 -5.587868e-01  3.056976e-01 4.056936e-01
 2.752753e-01 -3.346954e-01  3.117222e-01 2.091918e-01
 2.762763e-01 -1.093028e-01  3.150362e-01 1.111949e-01
 2.772773e-01  1.106788e-01  3.161140e-01 1.121778e-01
 2.782783e-01  3.189088e-01  3.152124e-01 2.010617e-01
 2.792793e-01  5.096111e-01  3.123582e-01 3.572711e-01
 2.802803e-01  6.777417e-01  3.073527e-01 5.537994e-01
 2.812813e-01  8.191258e-01  2.997958e-01 7.608446e-01
 2.822823e-01  9.305614e-01  2.891263e-01 9.495386e-01
 2.832833e-01  1.009887e+00  2.746764e-01 1.095318e+00
 2.842843e-01  1.056010e+00  2.557385e-01 1.180558e+00
 2.852853e-01  1.068903e+00  2.316382e-01 1.196209e+00
 2.862863e-01  1.049562e+00  2.018102e-01 1.142308e+00
 2.872873e-01  9.999352e-01  1.658728e-01 1.027384e+00
 2.882883e-01  9.228208e-01  1.236938e-01 8.668984e-01
 2.892893e-01  8.217468e-01  7.544707e-02 6.809601e-01
 2.902903e-01  7.008305e-01  2.165124e-02 4.916321e-01
 2.912913e-01  5.646256e-01 -3.680876e-02 3.201569e-01
 2.922923e-01  4.179645e-01 -9.868212e-02 1.844325e-01
 2.932933e-01  2.657985e-01 -1.623748e-01 9.701444e-02
 2.942943e-01  1.130424e-01 -2.259941e-01 6.385193e-02
 2.952953e-01 -3.557248e-02 -2.874146e-01 8.387254e-02
 2.962963e-01 -1.756319e-01 -3.443615e-01 1.494314e-01
 2.972973e-01 -3.031572e-01 -3.945099e-01 2.475423e-01
 2.982983e-01 -4.147051e-01 -4.355921e-01 3.617208e-01
 2.992993e-01 -5.074471e-01 -4.655115e-01 4.742036e-01
 3.003003e-01 -5.792280e-01 -4.824533e-01 5.682662e-01
 3.013013e-01 -6.286023e-01 -4.849891e-01 6.303552e-01
 3.023023e-01 -6.548496e-01 -4.721682e-01 6.517708e-01
 3.033033e-01 -6.579693e-01 -4.435905e-01 6.296961e-01
 3.043043e-01 -6.386557e-01 -3.994562e-01 5.674464e-01
 3.053053e-01 -5.982553e-01 -3.405905e-01 4.739114e-01
 3.063063e-01 -5.387080e-01 -2.684387e-01 3.622657e-01
 3.073073e-01 -4.624747e-01 -1.850333e-01 2.481202e-01
 3.083083e-01 -3.724528e-01 -9.293206e-02 1.473574e-01
 3.093093e-01 -2.718825e-01  4.868924e-03 7.394383e-02
 3.103103e-01 -1.642468e-01  1.050456e-01 3.801159e-02
 3.113113e-01 -5.316603e-02  2.040734e-01 4.447256e-02
 3.123123e-01  5.770832e-02  2.983663e-01 9.235272e-02
 3.133133e-01  1.647994e-01  3.844225e-01 1.749395e-01
 3.143143e-01  2.647077e-01  4.589673e-01 2.807211e-01
 3.153153e-01  3.543072e-01  5.190893e-01 3.949873e-01
 3.163163e-01  4.308340e-01  5.623620e-01 5.018690e-01
 3.173173e-01  4.919633e-01  5.869450e-01 5.865323e-01
 3.183183e-01  5.358742e-01  5.916612e-01 6.372240e-01
 3.193193e-01  5.612993e-01  5.760456e-01 6.468854e-01
 3.203203e-01  5.675585e-01  5.403648e-01 6.141168e-01
 3.213213e-01  5.545740e-01  4.856050e-01 5.433645e-01
 3.223223e-01  5.228685e-01  4.134308e-01 4.443165e-01
 3.233233e-01  4.735435e-01  3.261174e-01 3.305960e-01
 3.243243e-01  4.082404e-01  2.264583e-01 2.179436e-01
 3.253253e-01  3.290838e-01  1.176548e-01 1.221388e-01
 3.263263e-01  2.386099e-01  3.191831e-03 5.694489e-02
 3.273273e-01  1.396812e-01 -1.132931e-01 3.234616e-02
 3.283283e-01  3.539066e-02 -2.281427e-01 5.330159e-02
 3.293293e-01 -7.104113e-02 -3.378077e-01 1.191609e-01
 3.303303e-01 -1.763724e-01 -4.389644e-01 2.237970e-01
 3.313313e-01 -2.774471e-01 -5.286181e-01 3.564140e-01
 3.323323e-01 -3.712968e-01 -6.041870e-01 5.029033e-01
 3.333333e-01 -4.552357e-01 -6.635661e-01 6.475595e-01
 3.343343e-01 -5.269437e-01 -7.051680e-01 7.749316e-01
 3.353353e-01 -5.845354e-01 -7.279426e-01 8.715821e-01
 3.363363e-01 -6.266114e-01 -7.313742e-01 9.275501e-01
 3.373373e-01 -6.522924e-01 -7.154610e-01 9.373697e-01
 3.383383e-01 -6.612313e-01 -6.806775e-01 9.005487e-01
 3.393393e-01 -6.536076e-01 -6.279262e-01 8.214943e-01
 3.403403e-01 -6.301007e-01 -5.584798e-01 7.089265e-01
 3.413413e-01 -5.918461e-01 -4.739198e-01 5.748819e-01
 3.423423e-01 -5.403761e-01 -3.760755e-01 4.334392e-01
 3.433433e-01 -4.775475e-01 -2.669654e-01 2.993222e-01
 3.443443e-01 -4.054599e-01 -1.487450e-01 1.865228e-01
 3.453453e-01 -3.263689e-01 -2.366319e-02 1.070766e-01
 3.463463e-01 -2.425966e-01  1.059733e-01 7.008344e-02
 3.473473e-01 -1.564457e-01  2.378255e-01 8.103620e-02
 3.483483e-01 -7.011758e-02  3.695401e-01 1.414764e-01
 3.493493e-01  1.435872e-02  4.987604e-01 2.489681e-01
 3.503504e-01  9.518764e-02  6.231331e-01 3.973556e-01
 3.513514e-01  1.708526e-01  7.403135e-01 5.772547e-01
 3.523524e-01  2.401480e-01  8.479722e-01 7.767280e-01
 3.533534e-01  3.021938e-01  9.438065e-01 9.820919e-01
 3.543544e-01  3.564359e-01  1.025558e+00 1.178817e+00
 3.553554e-01  4.026307e-01  1.091042e+00 1.352485e+00
 3.563564e-01  4.408174e-01  1.138182e+00 1.489779e+00
 3.573574e-01  4.712785e-01  1.165062e+00 1.579474e+00
 3.583584e-01  4.944926e-01  1.169984e+00 1.613386e+00
 3.593594e-01  5.110805e-01  1.151538e+00 1.587242e+00
 3.603604e-01  5.217502e-01  1.108673e+00 1.501378e+00
 3.613614e-01  5.272401e-01  1.040779e+00 1.361203e+00
 3.623624e-01  5.282675e-01  9.477601e-01 1.177316e+00
 3.633634e-01  5.254809e-01  8.301045e-01 9.652036e-01
 3.643644e-01  5.194213e-01  6.889429e-01 7.444408e-01
 3.653654e-01  5.104919e-01  5.260910e-01 5.373736e-01
 3.663664e-01  4.989395e-01  3.440706e-01 3.673252e-01
 3.673674e-01  4.848458e-01  1.461068e-01 2.564227e-01
 3.683684e-01  4.681311e-01 -6.390279e-02 2.232303e-01
 3.693694e-01  4.485674e-01 -2.814485e-01 2.804260e-01
 3.703704e-01  4.258026e-01 -5.014984e-01 4.328085e-01
 3.713714e-01  3.993919e-01 -7.186172e-01 6.759246e-01
 3.723724e-01  3.688367e-01 -9.271111e-01 9.955754e-01
 3.733734e-01  3.336272e-01 -1.121195e+00 1.368385e+00
 3.743744e-01  2.932888e-01 -1.295176e+00 1.763498e+00
 3.753754e-01  2.474272e-01 -1.443647e+00 2.145336e+00
 3.763764e-01  1.957736e-01 -1.561685e+00 2.477186e+00
 3.773774e-01  1.382240e-01 -1.645039e+00 2.725259e+00
 3.783784e-01  7.487456e-02 -1.690311e+00 2.862756e+00
 3.793794e-01  6.047822e-03 -1.695108e+00 2.873427e+00
 3.803804e-01 -6.768794e-02 -1.658171e+00 2.754113e+00
 3.813814e-01 -1.455112e-01 -1.579465e+00 2.515882e+00
 3.823824e-01 -2.263477e-01 -1.460224e+00 2.183488e+00
 3.833834e-01 -3.088844e-01 -1.302962e+00 1.793120e+00
 3.843844e-01 -3.915906e-01 -1.111425e+00 1.388610e+00
 3.853854e-01 -4.727527e-01 -8.905037e-01 1.016492e+00
 3.863864e-01 -5.505148e-01 -6.460965e-01 7.205072e-01
 3.873874e-01 -6.229299e-01 -3.849373e-01 5.362184e-01
 3.883884e-01 -6.880157e-01 -1.143829e-01 4.864490e-01
 3.893894e-01 -7.438165e-01  1.578246e-01 5.781716e-01
 3.903904e-01 -7.884666e-01  4.238152e-01 8.012989e-01
 3.913914e-01 -8.202562e-01  6.758570e-01 1.129603e+00
 3.923924e-01 -8.376935e-01  9.066218e-01 1.523693e+00
 3.933934e-01 -8.395660e-01  1.109438e+00 1.935725e+00
 3.943944e-01 -8.249931e-01  1.278525e+00 2.315241e+00
 3.953954e-01 -7.934737e-01  1.409191e+00 2.615421e+00
 3.963964e-01 -7.449218e-01  1.497998e+00 2.798908e+00
 3.973974e-01 -6.796932e-01  1.542878e+00 2.842454e+00
 3.983984e-01 -5.985976e-01  1.543196e+00 2.739773e+00
 3.993994e-01 -5.028997e-01  1.499770e+00 2.502217e+00
 4.004004e-01 -3.943039e-01  1.414823e+00 2.157199e+00
 4.014014e-01 -2.749277e-01  1.291897e+00 1.744583e+00
 4.024024e-01 -1.472593e-01  1.135709e+00 1.311520e+00
 4.034034e-01 -1.410420e-02  9.519696e-01 9.064451e-01
 4.044044e-01  1.214819e-01  7.471669e-01 5.730162e-01
 4.054054e-01  2.562673e-01  5.283216e-01 3.447966e-01
 4.064064e-01  3.869299e-01  3.027297e-01 2.413600e-01
 4.074074e-01  5.101455e-01  7.769734e-02 2.662853e-01
 4.084084e-01  6.226822e-01 -1.397181e-01 4.072543e-01
 4.094094e-01  7.214928e-01 -3.429522e-01 6.381680e-01
 4.104104e-01  8.038075e-01 -5.261525e-01 9.229430e-01
 4.114114e-01  8.672194e-01 -6.843654e-01 1.220426e+00
 4.124124e-01  9.097653e-01 -8.136820e-01 1.489751e+00
 4.134134e-01  9.299925e-01 -9.113418e-01 1.695430e+00
 4.144144e-01  9.270171e-01 -9.757864e-01 1.811520e+00
 4.154154e-01  9.005642e-01 -1.006668e+00 1.824396e+00
 4.164164e-01  8.509953e-01 -1.004809e+00 1.733833e+00
 4.174174e-01  7.793138e-01 -9.721174e-01 1.552342e+00
 4.184184e-01  6.871576e-01 -9.114683e-01 1.302960e+00
 4.194194e-01  5.767667e-01 -8.265471e-01 1.015840e+00
 4.204204e-01  4.509387e-01 -7.216717e-01 7.241558e-01
 4.214214e-01  3.129607e-01 -6.015994e-01 4.598662e-01
 4.224224e-01  1.665296e-01 -4.713240e-01 2.498785e-01
 4.234234e-01  1.565357e-02 -3.358773e-01 1.130586e-01
 4.244244e-01 -1.354549e-01 -2.001375e-01 5.840305e-02
 4.254254e-01 -2.824998e-01 -6.865796e-02 8.452007e-02
 4.264264e-01 -4.212238e-01  5.448327e-02 1.803979e-01
 4.274274e-01 -5.475388e-01  1.658027e-01 3.272893e-01
 4.284284e-01 -6.576495e-01  2.625012e-01 5.014098e-01
 4.294294e-01 -7.481785e-01  3.425175e-01 6.770893e-01
 4.304304e-01 -8.162757e-01  4.045503e-01 8.299670e-01
 4.314314e-01 -8.597218e-01  4.480456e-01 9.398664e-01
 4.324324e-01 -8.770078e-01  4.731571e-01 9.930203e-01
 4.334334e-01 -8.674029e-01  4.806777e-01 9.834389e-01
 4.344344e-01 -8.309908e-01  4.719548e-01 9.132871e-01
 4.354354e-01 -7.686900e-01  4.487858e-01 7.922931e-01
 4.364364e-01 -6.822385e-01  4.133092e-01 6.362738e-01
 4.374374e-01 -5.741606e-01  3.678876e-01 4.650017e-01
 4.384384e-01 -4.476976e-01  3.149979e-01 2.996568e-01
 4.394394e-01 -3.067219e-01  2.571237e-01 1.601909e-01
 4.404404e-01 -1.556181e-01  1.966629e-01 6.289330e-02
 4.414414e-01  8.458252e-04  1.358459e-01 1.845482e-02
 4.424424e-01  1.576751e-01  7.667381e-02 3.074032e-02
 4.434434e-01  3.098045e-01  2.087019e-02 9.641440e-02
 4.444444e-01  4.522727e-01 -3.014580e-02 2.054594e-01
 4.454454e-01  5.803847e-01 -7.527460e-02 3.425126e-01
 4.464464e-01  6.898811e-01 -1.137313e-01 4.888708e-01
 4.474474e-01  7.770825e-01 -1.450343e-01 6.248921e-01
 4.484484e-01  8.390288e-01 -1.689777e-01 7.325229e-01
 4.494494e-01  8.735825e-01 -1.856038e-01 7.975952e-01
 4.504505e-01  8.795179e-01 -1.951640e-01 8.116407e-01
 4.514515e-01  8.565633e-01 -1.980858e-01 7.729387e-01
 4.524525e-01  8.054266e-01 -1.949325e-01 6.867107e-01
 4.534535e-01  7.277669e-01 -1.863734e-01 5.643798e-01
 4.544545e-01  6.261508e-01 -1.731489e-01 4.220453e-01
 4.554555e-01  5.039539e-01 -1.560482e-01 2.783206e-01
 4.564565e-01  3.652551e-01 -1.358820e-01 1.518752e-01
 4.574575e-01  2.146792e-01 -1.134688e-01 5.896234e-02
 4.584585e-01  5.724592e-02 -8.961338e-02 1.130765e-02
 4.594595e-01 -1.018248e-01 -6.509827e-02 1.460607e-02
 4.604605e-01 -2.572840e-01 -4.066459e-02 6.784865e-02
 4.614615e-01 -4.040581e-01 -1.700570e-02 1.635522e-01
 4.624625e-01 -5.374110e-01  5.254075e-03 2.888381e-01
 4.634635e-01 -6.531290e-01  2.556608e-02 4.272311e-01
 4.644645e-01 -7.476448e-01  4.348215e-02 5.608635e-01
 4.654655e-01 -8.181787e-01  5.866127e-02 6.728576e-01
 4.664665e-01 -8.627998e-01  7.089655e-02 7.494498e-01
 4.674675e-01 -8.805072e-01  8.011811e-02 7.817118e-01
 4.684685e-01 -8.712150e-01  8.641787e-02 7.664836e-01
 4.694695e-01 -8.357681e-01  9.004215e-02 7.066159e-01
 4.704705e-01 -7.758480e-01  9.140881e-02 6.102956e-01
 4.714715e-01 -6.939317e-01  9.108192e-02 4.898372e-01
 4.724725e-01 -5.931274e-01  8.977688e-02 3.598599e-01
 4.734735e-01 -4.770964e-01  8.831089e-02 2.354198e-01
 4.744745e-01 -3.498343e-01  8.759579e-02 1.300571e-01
 4.754755e-01 -2.155897e-01  8.856078e-02 5.432193e-02
 4.764765e-01 -7.860588e-02  9.213946e-02 1.466856e-02
 4.774775e-01  5.692120e-02  9.916417e-02 1.307355e-02
 4.784785e-01  1.871334e-01  1.103636e-01 4.719905e-02
 4.794795e-01  3.084568e-01  1.262265e-01 1.110787e-01
 4.804805e-01  4.179504e-01  1.470423e-01 1.963040e-01
 4.814815e-01  5.130547e-01  1.727145e-01 2.930555e-01
 4.824825e-01  5.921372e-01  2.029225e-01 3.918039e-01
 4.834835e-01  6.537133e-01  2.367655e-01 4.833990e-01
 4.844845e-01  6.980315e-01  2.734128e-01 5.620025e-01
 4.854855e-01  7.206466e-01  3.094220e-01 6.150735e-01
 4.864865e-01  6.944140e-01  3.307631e-01 5.916150e-01
 4.874875e-01  6.182006e-01  3.325651e-01 4.927716e-01
 4.884885e-01  4.996455e-01  3.129305e-01 3.475711e-01
 4.894895e-01  3.482533e-01  2.707799e-01 1.946021e-01
 4.904905e-01  1.761280e-01  2.067548e-01 7.376863e-02
 4.914915e-01 -3.793529e-03  1.230760e-01 1.516210e-02
 4.924925e-01 -1.782678e-01  2.379567e-02 3.234564e-02
 4.934935e-01 -3.350590e-01 -8.543345e-02 1.195634e-01
 4.944945e-01 -4.635730e-01 -1.975175e-01 2.539131e-01
 4.954955e-01 -5.557446e-01 -3.044131e-01 4.015194e-01
 4.964965e-01 -6.063831e-01 -3.976237e-01 5.258051e-01
 4.974975e-01 -6.135334e-01 -4.689070e-01 5.962970e-01
 4.984985e-01 -5.783781e-01 -5.109470e-01 5.955881e-01
 4.994995e-01 -5.050780e-01 -5.180932e-01 5.235243e-01
 5.005005e-01 -4.002607e-01 -4.869633e-01 3.973419e-01
 5.015015e-01 -2.724751e-01 -4.169626e-01 2.481005e-01
 5.025025e-01 -1.314322e-01 -3.105595e-01 1.137216e-01
 5.035035e-01  1.270564e-02 -1.733612e-01 3.021553e-02
 5.045045e-01  1.501038e-01 -1.388634e-02 2.272398e-02
 5.055055e-01  2.718950e-01  1.569002e-01 9.854456e-02
 5.065065e-01  3.707685e-01  3.263309e-01 2.439612e-01
 5.075075e-01  4.413573e-01  4.809549e-01 4.261139e-01
 5.085085e-01  4.805055e-01  6.076173e-01 6.000843e-01
 5.095095e-01  4.873226e-01  6.945650e-01 7.199039e-01
 5.105105e-01  4.631060e-01  7.325303e-01 7.510678e-01
 5.115115e-01  4.110908e-01  7.156512e-01 6.811523e-01
 5.125125e-01  3.361010e-01  6.421776e-01 5.253560e-01
 5.135135e-01  2.441150e-01  5.148558e-01 3.246687e-01
 5.145145e-01  1.417674e-01  3.409553e-01 1.363485e-01
 5.155155e-01  3.592969e-02  1.319549e-01 1.870305e-02
 5.165165e-01 -6.718020e-02 -9.768121e-02 1.405480e-02
 5.175175e-01 -1.647444e-01 -3.358252e-01 1.399193e-01
 5.185185e-01 -2.560782e-01 -5.753195e-01 3.965685e-01
 5.195195e-01 -3.408731e-01 -8.093924e-01 7.713105e-01
 5.205205e-01 -4.189945e-01 -1.031017e+00 1.238553e+00
 5.215215e-01 -4.904536e-01 -1.233284e+00 1.761535e+00
 5.225225e-01 -5.553602e-01 -1.409575e+00 2.295328e+00
 5.235235e-01 -6.138849e-01 -1.553832e+00 2.791248e+00
 5.245245e-01 -6.662153e-01 -1.660758e+00 3.201960e+00
 5.255255e-01 -7.125249e-01 -1.726040e+00 3.486907e+00
 5.265265e-01 -7.529382e-01 -1.746514e+00 3.617226e+00
 5.275275e-01 -7.875121e-01 -1.720311e+00 3.579647e+00
 5.285285e-01 -8.162148e-01 -1.646958e+00 3.378679e+00
 5.295295e-01 -8.389225e-01 -1.527431e+00 3.036838e+00
 5.305305e-01 -8.554135e-01 -1.364157e+00 2.592657e+00
 5.315315e-01 -8.653804e-01 -1.160972e+00 2.096738e+00
 5.325325e-01 -8.684392e-01 -9.230172e-01 1.606148e+00
 5.335335e-01 -8.641548e-01 -6.566034e-01 1.177892e+00
 5.345345e-01 -8.520616e-01 -3.690147e-01 8.621808e-01
 5.355355e-01 -8.316981e-01 -6.829003e-02 6.963853e-01
 5.365365e-01 -8.026354e-01  2.370351e-01 7.004092e-01
 5.375375e-01 -7.645149e-01  5.381992e-01 8.741415e-01
 5.385385e-01 -7.170789e-01  8.265030e-01 1.197309e+00
 5.395395e-01 -6.602062e-01  1.093592e+00 1.631815e+00
 5.405405e-01 -5.939387e-01  1.331733e+00 2.126275e+00
 5.415415e-01 -5.185102e-01  1.534068e+00 2.622217e+00
 5.425425e-01 -4.343630e-01  1.694841e+00 3.061159e+00
 5.435435e-01 -3.421650e-01  1.809586e+00 3.391680e+00
 5.445445e-01 -2.428139e-01  1.875268e+00 3.575588e+00
 5.455455e-01 -1.374387e-01  1.890376e+00 3.592411e+00
 5.465465e-01 -2.738898e-02  1.854967e+00 3.441654e+00
 5.475475e-01  8.577930e-02  1.770649e+00 3.142556e+00
 5.485485e-01  2.003305e-01  1.640512e+00 2.731411e+00
 5.495495e-01  3.143779e-01  1.469011e+00 2.256827e+00
 5.505506e-01  4.259242e-01  1.261804e+00 1.773560e+00
 5.515516e-01  5.329022e-01  1.025541e+00 1.335719e+00
 5.525526e-01  6.332251e-01  7.676375e-01 9.902414e-01
 5.535536e-01  7.248353e-01  4.960085e-01 7.714106e-01
 5.545546e-01  8.057588e-01  2.188029e-01 6.971220e-01
 5.555556e-01  8.741571e-01 -5.587197e-02 7.672723e-01
 5.565566e-01  9.283807e-01 -3.202140e-01 9.644277e-01
 5.575576e-01  9.670169e-01 -5.669756e-01 1.256583e+00
 5.585586e-01  9.889379e-01 -7.896838e-01 1.601599e+00
 5.595596e-01  9.933383e-01 -9.828295e-01 1.952675e+00
 5.605606e-01  9.797718e-01 -1.142014e+00 2.264149e+00
 5.615616e-01  9.481749e-01 -1.264054e+00 2.496868e+00
 5.625626e-01  8.988868e-01 -1.347037e+00 2.622505e+00
 5.635636e-01  8.326557e-01 -1.390331e+00 2.626335e+00
 5.645646e-01  7.506385e-01 -1.394549e+00 2.508224e+00
 5.655656e-01  6.543874e-01 -1.361468e+00 2.281817e+00
 5.665666e-01  5.458283e-01 -1.293912e+00 1.972137e+00
 5.675676e-01  4.272260e-01 -1.195606e+00 1.611995e+00
 5.685686e-01  3.011420e-01 -1.070995e+00 1.237716e+00
 5.695696e-01  1.703792e-01 -9.250600e-01 8.847651e-01
 5.705706e-01  3.792131e-02 -7.631178e-01 5.837868e-01
 5.715716e-01 -9.313931e-02 -5.906203e-01 3.575072e-01
 5.725726e-01 -2.196769e-01 -4.129649e-01 2.187980e-01
 5.735736e-01 -3.386158e-01 -2.353192e-01 1.700358e-01
 5.745746e-01 -4.470130e-01 -6.246497e-02 2.037225e-01
 5.755756e-01 -5.421456e-01  1.013296e-01 3.041895e-01
 5.765766e-01 -6.215924e-01  2.524098e-01 4.500878e-01
 5.775776e-01 -6.833150e-01  3.878023e-01 6.173100e-01
 5.785786e-01 -7.257282e-01  5.052516e-01 7.819607e-01
 5.795796e-01 -7.477643e-01  6.032253e-01 9.230323e-01
 5.805806e-01 -7.489214e-01  6.808920e-01 1.024497e+00
 5.815816e-01 -7.293001e-01  7.380732e-01 1.076631e+00
 5.825826e-01 -6.896203e-01  7.751759e-01 1.076474e+00
 5.835836e-01 -6.312216e-01  7.931090e-01 1.027463e+00
 5.845846e-01 -5.560414e-01  7.931899e-01 9.383323e-01
 5.855856e-01 -4.665742e-01  7.770461e-01 8.214921e-01
 5.865866e-01 -3.658081e-01  7.465175e-01 6.911039e-01
 5.875876e-01 -2.571442e-01  7.035627e-01 5.611235e-01
 5.885886e-01 -1.442950e-01  6.501751e-01 4.435487e-01
 5.895896e-01 -3.116974e-02  5.883101e-01 3.470804e-01
 5.905906e-01  7.825416e-02  5.198264e-01 2.763432e-01
 5.915916e-01  1.800667e-01  4.464419e-01 2.317344e-01
 5.925926e-01  2.705655e-01  3.697058e-01 2.098880e-01
 5.935936e-01  3.463930e-01  2.909835e-01 2.046595e-01
 5.945946e-01  4.046686e-01  2.114563e-01 2.084704e-01
 5.955956e-01  4.431058e-01  1.321308e-01 2.138013e-01
 5.965966e-01  4.601146e-01  5.385708e-02 2.146060e-01
 5.975976e-01  4.548787e-01 -2.264726e-02 2.074276e-01
 5.985986e-01  4.274086e-01 -9.676952e-02 1.920425e-01
 5.995996e-01  3.785623e-01 -1.679746e-01 1.715248e-01
 6.006006e-01  3.100361e-01 -2.357782e-01 1.517137e-01
 6.016016e-01  2.243212e-01 -2.997247e-01 1.401549e-01
 6.026026e-01  1.246283e-01 -3.593688e-01 1.446782e-01
 6.036036e-01  1.478118e-02 -4.142631e-01 1.718324e-01
 6.046046e-01 -1.009169e-01 -4.639514e-01 2.254352e-01
 6.056056e-01 -2.178401e-01 -5.079678e-01 3.054856e-01
 6.066066e-01 -3.312133e-01 -5.458402e-01 4.076438e-01
 6.076076e-01 -4.362973e-01 -5.770987e-01 5.233982e-01
 6.086086e-01 -5.285755e-01 -6.012859e-01 6.409368e-01
 6.096096e-01 -6.039382e-01 -6.179697e-01 7.466279e-01
 6.106106e-01 -6.588523e-01 -6.267567e-01 8.269102e-01
 6.116116e-01 -6.905132e-01 -6.273047e-01 8.703196e-01
 6.126126e-01 -6.969690e-01 -6.193347e-01 8.693412e-01
 6.136136e-01 -6.772129e-01 -6.026412e-01 8.217937e-01
 6.146146e-01 -6.312379e-01 -5.771005e-01 7.315063e-01
 6.156156e-01 -5.600528e-01 -5.426779e-01 6.081585e-01
 6.166166e-01 -4.656552e-01 -4.994332e-01 4.662682e-01
 6.176176e-01 -3.509650e-01 -4.475255e-01 3.234555e-01
 6.186186e-01 -2.197182e-01 -3.872185e-01 1.982142e-01
 6.196196e-01 -7.632694e-02 -3.188853e-01 1.075136e-01
 6.206206e-01  7.429106e-02 -2.430151e-01 6.457551e-02
 6.216216e-01  2.269037e-01 -1.602205e-01 7.715590e-02
 6.226226e-01  3.761715e-01 -7.124634e-02 1.465810e-01
 6.236236e-01  5.168592e-01  2.302065e-02 2.676734e-01
 6.246246e-01  6.440450e-01  1.215418e-01 4.295664e-01
 6.256256e-01  7.533166e-01  2.231173e-01 6.172672e-01
 6.266266e-01  8.409477e-01  3.263791e-01 8.137163e-01
 6.276276e-01  9.040449e-01  4.297875e-01 1.002015e+00
 6.286286e-01  9.406622e-01  5.316332e-01 1.167479e+00
 6.296296e-01  9.498734e-01  6.300454e-01 1.299217e+00
 6.306306e-01  9.318045e-01  7.230099e-01 1.391003e+00
 6.316316e-01  8.876203e-01  8.083951e-01 1.441372e+00
 6.326326e-01  8.194693e-01  8.839900e-01 1.452968e+00
 6.336336e-01  7.303869e-01  9.475520e-01 1.431320e+00
 6.346346e-01  6.241626e-01  9.968652e-01 1.383319e+00
 6.356356e-01  5.051760e-01  1.029808e+00 1.315708e+00
 6.366366e-01  3.782101e-01  1.044429e+00 1.233875e+00
 6.376376e-01  2.482480e-01  1.039026e+00 1.141202e+00
 6.386386e-01  1.202636e-01  1.012229e+00 1.039071e+00
 6.396396e-01 -9.860220e-04  9.630814e-01 9.275267e-01
 6.406406e-01 -1.111575e-01  8.911138e-01 8.064397e-01
 6.416416e-01 -2.064988e-01  7.964118e-01 6.769136e-01
 6.426426e-01 -2.840008e-01  6.796682e-01 5.426053e-01
 6.436436e-01 -3.415160e-01  5.422181e-01 4.106336e-01
 6.446446e-01 -3.778400e-01  3.860554e-01 2.918018e-01
 6.456456e-01 -3.927528e-01  2.138252e-01 1.999760e-01
 6.466466e-01 -3.870176e-01  2.879298e-02 1.506117e-01
 6.476476e-01 -3.623390e-01 -1.652122e-01 1.585846e-01
 6.486486e-01 -3.212798e-01 -3.638780e-01 2.356279e-01
 6.496496e-01 -2.671441e-01 -5.625128e-01 3.877867e-01
 6.506507e-01 -2.038271e-01 -7.561699e-01 6.133383e-01
 6.516517e-01 -1.356419e-01 -9.397876e-01 9.015995e-01
 6.526527e-01 -6.712745e-02 -1.108343e+00 1.232930e+00
 6.536537e-01 -2.847867e-03 -1.257010e+00 1.580083e+00
 6.546547e-01  5.281078e-02 -1.381323e+00 1.910841e+00
 6.556557e-01  9.583611e-02 -1.477326e+00 2.191676e+00
 6.566567e-01  1.227714e-01 -1.541724e+00 2.391985e+00
 6.576577e-01  1.308747e-01 -1.572004e+00 2.488326e+00
 6.586587e-01  1.182506e-01 -1.566544e+00 2.468042e+00
 6.596597e-01  8.394770e-02 -1.524684e+00 2.331709e+00
 6.606607e-01  2.801872e-02 -1.446780e+00 2.093957e+00
 6.616617e-01 -4.845981e-02 -1.334210e+00 1.782464e+00
 6.626627e-01 -1.434087e-01 -1.189358e+00 1.435138e+00
 6.636637e-01 -2.538088e-01 -1.015556e+00 1.095773e+00
 6.646647e-01 -3.758012e-01 -8.169962e-01 8.087094e-01
 6.656657e-01 -5.048236e-01 -5.986115e-01 6.131826e-01
 6.666667e-01 -6.357763e-01 -3.659315e-01 5.381174e-01
 6.676677e-01 -7.632127e-01 -1.249158e-01 5.980975e-01
 6.686687e-01 -8.815460e-01  1.182277e-01 7.911011e-01
 6.696697e-01 -9.852668e-01  3.572336e-01 1.098367e+00
 6.706707e-01 -1.069160e+00  5.859722e-01 1.486468e+00
 6.716717e-01 -1.128518e+00  7.986383e-01 1.911377e+00
 6.726727e-01 -1.159333e+00  9.899283e-01 2.324012e+00
 6.736737e-01 -1.158473e+00  1.155200e+00 2.676548e+00
 6.746747e-01 -1.123824e+00  1.290610e+00 2.928655e+00
 6.756757e-01 -1.054400e+00  1.393221e+00 3.052824e+00
 6.766767e-01 -9.504060e-01  1.461083e+00 3.038034e+00
 6.776777e-01 -8.132714e-01  1.493271e+00 2.891268e+00
 6.786787e-01 -6.456241e-01  1.489901e+00 2.636634e+00
 6.796797e-01 -4.512295e-01  1.452098e+00 2.312196e+00
 6.806807e-01 -2.348837e-01  1.381940e+00 1.964928e+00
 6.816817e-01 -2.268459e-03  1.282366e+00 1.644468e+00
 6.826827e-01  2.402288e-01  1.157062e+00 1.396502e+00
 6.836837e-01  4.857221e-01  1.010317e+00 1.256667e+00
 6.846847e-01  7.270558e-01  8.468730e-01 1.245804e+00
 6.856857e-01  9.570440e-01  6.717529e-01 1.367185e+00
 6.866867e-01  1.168715e+00  4.900946e-01 1.606088e+00
 6.876877e-01  1.355551e+00  3.069799e-01 1.931755e+00
 6.886887e-01  1.511709e+00  1.272746e-01 2.301464e+00
 6.896897e-01  1.632228e+00 -4.451780e-02 2.666152e+00
 6.906907e-01  1.713198e+00 -2.043839e-01 2.976821e+00
 6.916917e-01  1.751895e+00 -3.489047e-01 3.190871e+00
 6.926927e-01  1.746879e+00 -4.753340e-01 3.277528e+00
 6.936937e-01  1.698041e+00 -5.816480e-01 3.221659e+00
 6.946947e-01  1.606612e+00 -6.665664e-01 3.025512e+00
 6.956957e-01  1.475113e+00 -7.295447e-01 2.708192e+00
 6.966967e-01  1.307276e+00 -7.707389e-01 2.303008e+00
 6.976977e-01  1.107913e+00 -7.909461e-01 1.853066e+00
 6.986987e-01  8.827526e-01 -7.915246e-01 1.405763e+00
 6.996997e-01  6.382487e-01 -7.742968e-01 1.006897e+00
 7.007007e-01  3.813633e-01 -7.414413e-01 6.951731e-01
 7.017017e-01  1.193378e-01 -6.953785e-01 4.977928e-01
 7.027027e-01 -1.405422e-01 -6.386561e-01 4.276337e-01
 7.037037e-01 -3.911800e-01 -5.738381e-01 4.823119e-01
 7.047047e-01 -6.258891e-01 -5.034044e-01 6.451532e-01
 7.057057e-01 -8.385968e-01 -4.296636e-01 8.878554e-01
 7.067067e-01 -1.024022e+00 -3.546822e-01 1.174420e+00
 7.077077e-01 -1.177821e+00 -2.802349e-01 1.465794e+00
 7.087087e-01 -1.296701e+00 -2.077737e-01 1.724604e+00
 7.097097e-01 -1.378494e+00 -1.384201e-01 1.919405e+00
 7.107107e-01 -1.422186e+00 -7.297582e-02 2.027938e+00
 7.117117e-01 -1.427918e+00 -1.195248e-02 2.039093e+00
 7.127127e-01 -1.396940e+00  4.438379e-02 1.953412e+00
 7.137137e-01 -1.331532e+00  9.595627e-02 1.782185e+00
 7.147147e-01 -1.234896e+00  1.428145e-01 1.545365e+00
 7.157157e-01 -1.111023e+00  1.850686e-01 1.268623e+00
 7.167167e-01 -9.645346e-01  2.228258e-01 9.799784e-01
 7.177177e-01 -8.005163e-01  2.561337e-01 7.064308e-01
 7.187187e-01 -6.243403e-01  2.849346e-01 4.709886e-01
 7.197197e-01 -4.414874e-01  3.090331e-01 2.904126e-01
 7.207207e-01 -2.573725e-01  3.280816e-01 1.738781e-01
 7.217217e-01 -7.718152e-02  3.415824e-01 1.226355e-01
 7.227227e-01  9.427750e-02  3.489092e-01 1.306259e-01
 7.237237e-01  2.527044e-01  3.493452e-01 1.859016e-01
 7.247247e-01  3.944145e-01  3.421365e-01 2.726202e-01
 7.257257e-01  5.164220e-01  3.265578e-01 3.733317e-01
 7.267267e-01  6.164973e-01  3.019861e-01 4.712645e-01
 7.277277e-01  6.931978e-01  2.679778e-01 5.523353e-01
 7.287287e-01  7.458737e-01  2.243437e-01 6.066576e-01
 7.297297e-01  7.746477e-01  1.712177e-01 6.293945e-01
 7.307307e-01  7.803728e-01  1.091128e-01 6.208873e-01
 7.317317e-01  7.645685e-01  3.896116e-02 5.860829e-01
 7.327327e-01  7.293400e-01 -3.786721e-02 5.333708e-01
 7.337337e-01  6.772820e-01 -1.195679e-01 4.730074e-01
 7.347347e-01  6.113714e-01 -2.039310e-01 4.153628e-01
 7.357357e-01  5.348522e-01 -2.883950e-01 3.692386e-01
 7.367367e-01  4.511165e-01 -3.701244e-01 3.404981e-01
 7.377377e-01  3.635841e-01 -4.461087e-01 3.312063e-01
 7.387387e-01  2.755859e-01 -5.132789e-01 3.394028e-01
 7.397397e-01  1.902530e-01 -5.686365e-01 3.595436e-01
 7.407407e-01  1.104150e-01 -6.093886e-01 3.835460e-01
 7.417417e-01  3.851126e-02 -6.330840e-01 4.022785e-01
 7.427427e-01 -2.348346e-02 -6.377408e-01 4.072648e-01
 7.437437e-01 -7.411644e-02 -6.219622e-01 3.923303e-01
 7.447447e-01 -1.124951e-01 -5.850309e-01 3.549163e-01
 7.457457e-01 -1.383053e-01 -5.269786e-01 2.968348e-01
 7.467467e-01 -1.518086e-01 -4.486254e-01 2.243106e-01
 7.477477e-01 -1.538190e-01 -3.515861e-01 1.472731e-01
 7.487487e-01 -1.456579e-01 -2.382409e-01 7.797494e-02
 7.497497e-01 -1.290912e-01 -1.116726e-01 2.913529e-02
 7.507508e-01 -1.062478e-01  2.443049e-02 1.188544e-02
 7.517518e-01 -7.952387e-02  1.659000e-01 3.384686e-02
 7.527528e-01 -5.147464e-02  3.082389e-01 9.766086e-02
 7.537538e-01 -2.469874e-02  4.467902e-01 2.002315e-01
 7.547548e-01 -1.718349e-03  5.769176e-01 3.328368e-01
 7.557558e-01  1.513961e-02  6.941892e-01 4.821278e-01
 7.567568e-01  2.385705e-02  7.945563e-01 6.318888e-01
 7.577578e-01  2.282762e-02  8.745192e-01 7.653049e-01
 7.587588e-01  1.094514e-02  9.312726e-01 8.673885e-01
 7.597598e-01 -1.232748e-02  9.628234e-01 9.271809e-01
 7.607608e-01 -4.691166e-02  9.680758e-01 9.393715e-01
 7.617618e-01 -9.209237e-02  9.468794e-01 9.050616e-01
 7.627628e-01 -1.465244e-01  9.000382e-01 8.315382e-01
 7.637638e-01 -2.082672e-01  8.292794e-01 7.310796e-01
 7.647648e-01 -2.748470e-01  7.371837e-01 6.189807e-01
 7.657658e-01 -3.433452e-01  6.270794e-01 5.111145e-01
 7.667668e-01 -4.105103e-01  5.029060e-01 4.214331e-01
 7.677678e-01 -4.728884e-01  3.690522e-01 3.598230e-01
 7.687688e-01 -5.269691e-01  2.301756e-01 3.306773e-01
 7.697698e-01 -5.693388e-01  9.101249e-02 3.324299e-01
 7.707708e-01 -5.968367e-01 -4.381442e-02 3.581337e-01
 7.717718e-01 -6.067066e-01 -1.699820e-01 3.969868e-01
 7.727728e-01 -5.967368e-01 -2.836385e-01 4.365456e-01
 7.737738e-01 -5.653827e-01 -3.815531e-01 4.652404e-01
 7.747748e-01 -5.118658e-01 -4.612387e-01 4.747477e-01
 7.757758e-01 -4.362441e-01 -5.210408e-01 4.617925e-01
 7.767768e-01 -3.394508e-01 -5.601904e-01 4.290401e-01
 7.777778e-01 -2.232967e-01 -5.788188e-01 3.848926e-01
 7.787788e-01 -9.043813e-02 -5.779336e-01 3.421863e-01
 7.797798e-01  5.569160e-02 -5.593576e-01 3.159825e-01
 7.807808e-01  2.109842e-01 -5.256333e-01 3.208046e-01
 7.817818e-01  3.707882e-01 -4.798977e-01 3.677857e-01
 7.827828e-01  5.300665e-01 -4.257329e-01 4.622190e-01
 7.837838e-01  6.835728e-01 -3.669987e-01 6.019598e-01
 7.847848e-01  8.260407e-01 -3.076540e-01 7.769942e-01
 7.857858e-01  9.523779e-01 -2.515758e-01 9.703142e-01
 7.867868e-01  1.057858e+00 -2.023820e-01 1.160022e+00
 7.877878e-01  1.138300e+00 -1.632656e-01 1.322382e+00
 7.887888e-01  1.190233e+00 -1.368478e-01 1.435382e+00
 7.897898e-01  1.211035e+00 -1.250548e-01 1.482246e+00
 7.907908e-01  1.199041e+00 -1.290245e-01 1.454347e+00
 7.917918e-01  1.153617e+00 -1.490455e-01 1.353048e+00
 7.927928e-01  1.075199e+00 -1.845323e-01 1.190105e+00
 7.937938e-01  9.652883e-01 -2.340369e-01 9.865547e-01
 7.947948e-01  8.264145e-01 -2.952965e-01 7.701610e-01
 7.957958e-01  6.620552e-01 -3.653166e-01 5.717733e-01
 7.967968e-01  4.765252e-01 -4.404845e-01 4.211029e-01
 7.977978e-01  2.748348e-01 -5.167118e-01 3.425252e-01
 7.987988e-01  6.252408e-02 -5.895980e-01 3.515351e-01
 7.997998e-01 -1.545200e-01 -6.546108e-01 4.523918e-01
 8.008008e-01 -3.702583e-01 -7.072755e-01 6.373299e-01
 8.018018e-01 -5.786969e-01 -7.433670e-01 8.874846e-01
 8.028028e-01 -7.740812e-01 -7.590961e-01 1.175429e+00
 8.038038e-01 -9.510791e-01 -7.512844e-01 1.468980e+00
 8.048048e-01 -1.104947e+00 -7.175189e-01 1.735741e+00
 8.058058e-01 -1.231672e+00 -6.562823e-01 1.947723e+00
 8.068068e-01 -1.328090e+00 -5.670511e-01 2.085371e+00
 8.078078e-01 -1.391968e+00 -4.503595e-01 2.140399e+00
 8.088088e-01 -1.422056e+00 -3.078238e-01 2.116999e+00
 8.098098e-01 -1.418105e+00 -1.421270e-01 2.031220e+00
 8.108108e-01 -1.380848e+00  4.303777e-02 1.908593e+00
 8.118118e-01 -1.311955e+00  2.430633e-01 1.780305e+00
 8.128128e-01 -1.213951e+00  4.525615e-01 1.678489e+00
 8.138138e-01 -1.090112e+00  6.655299e-01 1.631275e+00
 8.148148e-01 -9.443417e-01  8.755452e-01 1.658361e+00
 8.158158e-01 -7.810248e-01  1.075978e+00 1.767729e+00
 8.168168e-01 -6.048786e-01  1.260224e+00 1.954042e+00
 8.178178e-01 -4.207937e-01  1.421932e+00 2.198957e+00
 8.188188e-01 -2.336770e-01  1.555241e+00 2.473379e+00
 8.198198e-01 -4.830207e-02  1.654996e+00 2.741346e+00
 8.208208e-01  1.308306e-01  1.716949e+00 2.965031e+00
 8.218218e-01  2.996167e-01  1.737925e+00 3.110155e+00
 8.228228e-01  4.544519e-01  1.715964e+00 3.151060e+00
 8.238238e-01  5.923142e-01  1.650412e+00 3.074696e+00
 8.248248e-01  7.108213e-01  1.541972e+00 2.882945e+00
 8.258258e-01  8.082637e-01  1.392709e+00 2.592929e+00
 8.268268e-01  8.836130e-01  1.206003e+00 2.235216e+00
 8.278278e-01  9.365061e-01  9.864578e-01 1.850143e+00
 8.288288e-01  9.672080e-01  7.397620e-01 1.482739e+00
 8.298298e-01  9.765551e-01  4.725151e-01 1.176930e+00
 8.308308e-01  9.658828e-01  1.920158e-01 9.697997e-01
 8.318318e-01  9.369410e-01 -9.397330e-02 8.866895e-01
 8.328328e-01  8.918014e-01 -3.774799e-01 9.378008e-01
 8.338338e-01  8.327612e-01 -6.505832e-01 1.116750e+00
 8.348348e-01  7.622469e-01 -9.056743e-01 1.401266e+00
 8.358358e-01  6.827230e-01 -1.135706e+00 1.755938e+00
 8.368368e-01  5.966077e-01 -1.334418e+00 2.136613e+00
 8.378378e-01  5.062001e-01 -1.496545e+00 2.495885e+00
 8.388388e-01  4.136210e-01 -1.617971e+00 2.788913e+00
 8.398398e-01  3.207676e-01 -1.695859e+00 2.978831e+00
 8.408408e-01  2.292858e-01 -1.728727e+00 3.041069e+00
 8.418418e-01  1.405565e-01 -1.716474e+00 2.966038e+00
 8.428428e-01  5.569877e-02 -1.660362e+00 2.759904e+00
 8.438438e-01 -2.441468e-02 -1.562952e+00 2.443415e+00
 8.448448e-01 -9.912947e-02 -1.427991e+00 2.048984e+00
 8.458458e-01 -1.679734e-01 -1.260263e+00 1.616478e+00
 8.468468e-01 -2.306144e-01 -1.065412e+00 1.188286e+00
 8.478478e-01 -2.868159e-01 -8.497304e-01 8.043052e-01
 8.488488e-01 -3.363939e-01 -6.199402e-01 4.974868e-01
 8.498498e-01 -3.791774e-01 -3.829610e-01 2.904346e-01
 8.508509e-01 -4.149769e-01 -1.456797e-01 1.934284e-01
 8.518519e-01 -4.435621e-01  8.526975e-02 2.040182e-01
 8.528529e-01 -4.646512e-01  3.037111e-01 3.081412e-01
 8.538539e-01 -4.779129e-01  5.041056e-01 4.825232e-01
 8.548549e-01 -4.829806e-01  6.817032e-01 6.979895e-01
 8.558559e-01 -4.794792e-01  8.326597e-01 9.232225e-01
 8.568569e-01 -4.670630e-01  9.541176e-01 1.128488e+00
 8.578579e-01 -4.454608e-01  1.044249e+00 1.288892e+00
 8.588589e-01 -4.145276e-01  1.102262e+00 1.386814e+00
 8.598599e-01 -3.742976e-01  1.128368e+00 1.413314e+00
 8.608609e-01 -3.250357e-01  1.123724e+00 1.368404e+00
 8.618619e-01 -2.672833e-01  1.090336e+00 1.260272e+00
 8.628629e-01 -2.018935e-01  1.030944e+00 1.103607e+00
 8.638639e-01 -1.300544e-01  9.488956e-01 9.173169e-01
 8.648649e-01 -5.329523e-02  8.479912e-01 7.219294e-01
 8.658659e-01  2.652598e-02  7.323394e-01 5.370246e-01
 8.668669e-01  1.072542e-01  6.062024e-01 3.789848e-01
 8.678679e-01  1.864896e-01  4.738498e-01 2.593121e-01
 8.688689e-01  2.616587e-01  3.394223e-01 1.836728e-01
 8.698699e-01  3.301026e-01  2.068084e-01 1.517374e-01
 8.708709e-01  3.891797e-01  7.953941e-02 1.577874e-01
 8.718719e-01  4.363776e-01 -3.929631e-02 1.919696e-01
 8.728729e-01  4.694301e-01 -1.471181e-01 2.420083e-01
 8.738739e-01  4.864329e-01 -2.418959e-01 2.951306e-01
 8.748749e-01  4.859535e-01 -3.221723e-01 3.399458e-01
 8.758759e-01  4.671267e-01 -3.870636e-01 3.680256e-01
 8.768769e-01  4.297331e-01 -4.362427e-01 3.749783e-01
 8.778779e-01  3.742526e-01 -4.699050e-01 3.608758e-01
 8.788789e-01  3.018907e-01 -4.887206e-01 3.299859e-01
 8.798799e-01  2.145735e-01 -4.937746e-01 2.898551e-01
 8.808809e-01  1.149099e-01 -4.864987e-01 2.498853e-01
 8.818819e-01  6.121199e-03 -4.685973e-01 2.196209e-01
 8.828829e-01 -1.080606e-01 -4.419697e-01 2.070143e-01
 8.838839e-01 -2.235231e-01 -4.086319e-01 2.169426e-01
 8.848849e-01 -3.359269e-01 -3.706400e-01 2.502209e-01
 8.858859e-01 -4.408767e-01 -3.300168e-01 3.032833e-01
 8.868869e-01 -5.341023e-01 -2.886839e-01 3.686037e-01
 8.878879e-01 -6.116430e-01 -2.484009e-01 4.358101e-01
 8.888889e-01 -6.700241e-01 -2.107126e-01 4.933321e-01
 8.898899e-01 -7.064213e-01 -1.769050e-01 5.303265e-01
 8.908909e-01 -7.188002e-01 -1.479720e-01 5.385695e-01
 8.918919e-01 -7.060277e-01 -1.245924e-01 5.139983e-01
 8.928929e-01 -6.679465e-01 -1.071172e-01 4.576266e-01
 8.938939e-01 -6.054101e-01 -9.556890e-02 3.756549e-01
 8.948949e-01 -5.202737e-01 -8.965092e-02 2.787221e-01
 8.958959e-01 -4.153417e-01 -8.876805e-02 1.803885e-01
 8.968969e-01 -2.942720e-01 -9.205661e-02 9.507045e-02
 8.978979e-01 -1.614415e-01 -9.842382e-02 3.575060e-02
 8.988989e-01 -2.177627e-02 -1.065951e-01 1.183672e-02
 8.998999e-01  1.194446e-01 -1.151679e-01 2.753066e-02
 9.009009e-01  2.568051e-01 -1.226707e-01 8.099698e-02
 9.019019e-01  3.849780e-01 -1.276246e-01 1.644961e-01
 9.029029e-01  4.989500e-01 -1.286065e-01 2.654907e-01
 9.039039e-01  5.942372e-01 -1.243107e-01 3.685710e-01
 9.049049e-01  6.670806e-01 -1.136073e-01 4.579031e-01
 9.059059e-01  7.146126e-01 -9.559522e-02 5.198096e-01
 9.069069e-01  7.349871e-01 -6.964716e-02 5.450567e-01
 9.079079e-01  7.274670e-01 -3.544567e-02 5.304646e-01
 9.089089e-01  6.924652e-01  6.992199e-03 4.795569e-01
 9.099099e-01  6.315359e-01  5.730218e-02 4.021211e-01
 9.109109e-01  5.473179e-01  1.147730e-01 3.127297e-01
 9.119119e-01  4.434308e-01  1.783597e-01 2.284430e-01
 9.129129e-01  3.243287e-01  2.467093e-01 1.660546e-01
 9.139139e-01  1.951183e-01  3.181987e-01 1.393216e-01
 9.149149e-01  6.134802e-02  3.909829e-01 1.566312e-01
 9.159159e-01 -7.122188e-02  4.630515e-01 2.194893e-01
 9.169169e-01 -1.968590e-01  5.322923e-01 3.220886e-01
 9.179179e-01 -3.100979e-01  5.965582e-01 4.520423e-01
 9.189189e-01 -4.059683e-01  6.537357e-01 5.921806e-01
 9.199199e-01 -4.802035e-01  7.018127e-01 7.231364e-01
 9.209209e-01 -5.294194e-01  7.389413e-01 8.263192e-01
 9.219219e-01 -5.512576e-01  7.634962e-01 8.868115e-01
 9.229229e-01 -5.444866e-01  7.741236e-01 8.957330e-01
 9.239239e-01 -5.090564e-01  7.697816e-01 8.517021e-01
 9.249249e-01 -4.461062e-01  7.497696e-01 7.611652e-01
 9.259259e-01 -3.579231e-01  7.137471e-01 6.375439e-01
 9.269269e-01 -2.478555e-01  6.617412e-01 4.993337e-01
 9.279279e-01 -1.201839e-01  5.941434e-01 3.674505e-01
 9.289289e-01  2.004492e-02  5.116977e-01 2.622363e-01
 9.299299e-01  1.672137e-01  4.154797e-01 2.005838e-01
 9.309309e-01  3.153527e-01  3.068693e-01 1.936161e-01
 9.319319e-01  4.583706e-01  1.875185e-01 2.452668e-01
 9.329329e-01  5.902903e-01  5.931566e-02 3.519610e-01
 9.339339e-01  7.054792e-01 -7.565221e-02 5.034242e-01
 9.349349e-01  7.988665e-01 -2.151370e-01 6.844716e-01
 9.359359e-01  8.661378e-01 -3.567672e-01 8.774775e-01
 9.369369e-01  9.039020e-01 -4.980838e-01 1.065126e+00
 9.379379e-01  9.098220e-01 -6.365749e-01 1.233004e+00
 9.389389e-01  8.827065e-01 -7.697088e-01 1.371622e+00
 9.399399e-01  8.225588e-01 -8.949658e-01 1.477567e+00
 9.409409e-01  7.305818e-01 -1.009870e+00 1.553587e+00
 9.419419e-01  6.091382e-01 -1.112020e+00 1.607637e+00
 9.429429e-01  4.616700e-01 -1.199123e+00 1.651036e+00
 9.439439e-01  2.925773e-01 -1.269032e+00 1.696044e+00
 9.449449e-01  1.070644e-01 -1.319778e+00 1.753278e+00
 9.459459e-01 -8.904372e-02 -1.349618e+00 1.829397e+00
 9.469469e-01 -2.895054e-01 -1.357071e+00 1.925456e+00
 9.479479e-01 -4.878813e-01 -1.340975e+00 2.036241e+00
 9.489489e-01 -6.777594e-01 -1.300522e+00 2.150715e+00
 9.499499e-01 -8.529772e-01 -1.235318e+00 2.253581e+00
 9.509510e-01 -1.007835e+00 -1.145421e+00 2.327721e+00
 9.519520e-01 -1.137293e+00 -1.031383e+00 2.357188e+00
 9.529530e-01 -1.237140e+00 -8.942892e-01 2.330269e+00
 9.539540e-01 -1.304135e+00 -7.357741e-01 2.242132e+00
 9.549550e-01 -1.336115e+00 -5.580394e-01 2.096612e+00
 9.559560e-01 -1.332061e+00 -3.638469e-01 1.906772e+00
 9.569570e-01 -1.292125e+00 -1.564981e-01 1.694078e+00
 9.579580e-01 -1.217614e+00  6.020633e-02 1.486208e+00
 9.589590e-01 -1.110937e+00  2.820267e-01 1.313721e+00
 9.599600e-01 -9.755118e-01  5.043639e-01 1.206006e+00
 9.609610e-01 -8.156344e-01  7.223585e-01 1.187061e+00
 9.619620e-01 -6.363246e-01  9.310063e-01 1.271682e+00
 9.629630e-01 -4.431445e-01  1.125288e+00 1.462651e+00
 9.639640e-01 -2.420013e-01  1.300312e+00 1.749375e+00
 9.649650e-01 -3.894056e-02  1.451455e+00 2.108237e+00
 9.659660e-01  1.600609e-01  1.574515e+00 2.504718e+00
 9.669670e-01  3.492972e-01  1.665853e+00 2.897073e+00
 9.679680e-01  5.235208e-01  1.722521e+00 3.241151e+00
 9.689690e-01  6.781107e-01  1.742384e+00 3.495735e+00
 9.699700e-01  8.092128e-01  1.724213e+00 3.627736e+00
 9.709710e-01  9.138502e-01  1.667757e+00 3.616534e+00
 9.719720e-01  9.899980e-01  1.573781e+00 3.456881e+00
 9.729730e-01  1.036622e+00  1.444078e+00 3.159946e+00
 9.739740e-01  1.053677e+00  1.281446e+00 2.752338e+00
 9.749750e-01  1.042074e+00  1.089624e+00 2.273199e+00
 9.759760e-01  1.003607e+00  8.732092e-01 1.769721e+00
 9.769770e-01  9.408518e-01  6.375294e-01 1.291646e+00
 9.779780e-01  8.570389e-01  3.884996e-01 8.854477e-01
 9.789790e-01  7.559071e-01  1.324508e-01 5.889387e-01
 9.799800e-01  6.415415e-01 -1.240550e-01 4.269652e-01
 9.809810e-01  5.182079e-01 -3.744204e-01 4.087301e-01
 9.819820e-01  3.901855e-01 -6.122114e-01 5.270475e-01
 9.829830e-01  2.616090e-01 -8.313518e-01 7.595850e-01
 9.839840e-01  1.363242e-01 -1.026307e+00 1.071891e+00
 9.849850e-01  1.776292e-02 -1.192252e+00 1.421781e+00
 9.859860e-01 -9.115708e-02 -1.325214e+00 1.764501e+00
 9.869870e-01 -1.881049e-01 -1.422186e+00 2.057998e+00
 9.879880e-01 -2.713794e-01 -1.481218e+00 2.267654e+00
 9.889890e-01 -3.399221e-01 -1.501458e+00 2.369922e+00
 9.899900e-01 -3.933009e-01 -1.483170e+00 2.354479e+00
 9.909910e-01 -4.316654e-01 -1.427713e+00 2.224701e+00
 9.919920e-01 -4.556807e-01 -1.337482e+00 1.996504e+00
 9.929930e-01 -4.664402e-01 -1.215818e+00 1.695780e+00
 9.939940e-01 -4.653654e-01 -1.066892e+00 1.354824e+00
 9.949950e-01 -4.540983e-01 -8.955631e-01 1.008239e+00
 9.959960e-01 -4.343909e-01 -7.072150e-01 6.888485e-01
 9.969970e-01 -4.080001e-01 -5.075844e-01 4.241060e-01
 9.979980e-01 -3.765912e-01 -3.025782e-01 2.333745e-01
 9.989990e-01 -3.416571e-01 -9.809071e-02 1.263513e-01
 1.000000e+00 -3.044555e-01  1.001735e-01 1.027279e-01
