# x psi_r psi_i psi2 
 0.000000e+00 -2.365608e-02 -7.290958e-02 5.875417e-03
 1.001001e-03  1.064024e-02 -7.340987e-02 5.502224e-03
 2.002002e-03  4.248256e-02 -6.597821e-02 6.157892e-03
 3.003003e-03  6.859494e-02 -5.199249e-02 7.408485e-03
 4.004004e-03  8.642905e-02 -3.346869e-02 8.590135e-03
 5.005005e-03  9.440515e-02 -1.279716e-02 9.076100e-03
 6.006006e-03  9.204210e-02  7.549628e-03 8.528744e-03
 7.007007e-03  7.996684e-02  2.530313e-02 7.034943e-03
 8.008008e-03  5.980687e-02  3.864648e-02 5.070413e-03
 9.009009e-03  3.398154e-02  4.639711e-02 3.307437e-03
 1.001001e-02  5.417977e-03  4.810626e-02 2.343567e-03
 1.101101e-02 -2.277541e-02  4.406768e-02 2.460680e-03
 1.201201e-02 -4.764184e-02  3.523840e-02 3.511489e-03
 1.301301e-02 -6.668018e-02  2.308506e-02 4.979166e-03
 1.401401e-02 -7.808936e-02  9.376977e-03 6.185876e-03
 1.501502e-02 -8.092978e-02 -4.047021e-03 6.566008e-03
 1.601602e-02 -7.518832e-02 -1.550901e-02 5.893812e-03
 1.701702e-02 -6.174406e-02 -2.369202e-02 4.373641e-03
 1.801802e-02 -4.224271e-02 -2.778662e-02 2.556543e-03
 1.901902e-02 -1.889655e-02 -2.756815e-02 1.117083e-03
 2.002002e-02  5.765818e-03 -2.339759e-02 5.806919e-04
 2.102102e-02  2.917172e-02 -1.614850e-02 1.111763e-03
 2.202202e-02  4.896937e-02 -7.071441e-03 2.448005e-03
 2.302302e-02  6.325860e-02  2.385540e-03 4.007341e-03
 2.402402e-02  7.076505e-02  1.077659e-02 5.123828e-03
 2.502503e-02  7.094290e-02  1.685244e-02 5.316900e-03
 2.602603e-02  6.399898e-02  1.972509e-02 4.484949e-03
 2.702703e-02  5.084004e-02  1.898253e-02 2.945046e-03
 2.802803e-02  3.295251e-02  1.473966e-02 1.303125e-03
 2.902903e-02  1.223055e-02  7.619796e-03 2.076476e-04
 3.003003e-02 -9.227429e-03 -1.330201e-03 8.691488e-05
 3.103103e-02 -2.933161e-02 -1.078021e-02 9.765564e-04
 3.203203e-02 -4.620141e-02 -1.929439e-02 2.506844e-03
 3.303303e-02 -5.833479e-02 -2.552370e-02 4.054407e-03
 3.403403e-02 -6.473185e-02 -2.838906e-02 4.996151e-03
 3.503504e-02 -6.496359e-02 -2.723218e-02 4.961860e-03
 3.603604e-02 -5.918322e-02 -2.191496e-02 3.982919e-03
 3.703704e-02 -4.808279e-02 -1.285452e-02 2.477193e-03
 3.803804e-02 -3.280352e-02 -9.888530e-04 1.077049e-03
 3.903904e-02 -1.481149e-02  1.232366e-02 3.712528e-04
 4.004004e-02  4.247150e-03  2.545957e-02 6.662280e-04
 4.104104e-02  2.269672e-02  3.672266e-02 1.863695e-03
 4.204204e-02  3.897456e-02  4.455057e-02 3.503770e-03
 4.304304e-02  5.175417e-02  4.771142e-02 4.954873e-03
 4.404404e-02  6.004018e-02  4.546686e-02 5.672059e-03
 4.504505e-02  6.323035e-02  3.768170e-02 5.417988e-03
 4.604605e-02  6.114285e-02  2.486612e-02 4.356772e-03
 4.704705e-02  5.401029e-02  8.144268e-03 2.983441e-03
 4.804805e-02  4.244458e-02 -1.084881e-02 1.919239e-03
 4.904905e-02  2.737778e-02 -3.013164e-02 1.657459e-03
 5.005005e-02  9.985700e-03 -4.758498e-02 2.364044e-03
 5.105105e-02 -8.399817e-03 -6.118219e-02 3.813818e-03
 5.205205e-02 -2.638359e-02 -6.921631e-02 5.486992e-03
 5.305305e-02 -4.259983e-02 -7.049868e-02 6.784809e-03
 5.405405e-02 -5.580054e-02 -6.450702e-02 7.274856e-03
 5.505506e-02 -6.493594e-02 -5.146600e-02 6.865425e-03
 5.605606e-02 -6.922392e-02 -3.235035e-02 5.838496e-03
 5.705706e-02 -6.820582e-02 -8.808954e-03 4.729631e-03
 5.805806e-02 -6.178581e-02  1.698358e-02 4.105929e-03
 5.905906e-02 -5.025120e-02  4.253334e-02 4.334269e-03
 6.006006e-02 -3.427119e-02  6.527132e-02 5.434859e-03
 6.106106e-02 -1.487187e-02  8.281064e-02 7.078774e-03
 6.206206e-02  6.613794e-03  9.319111e-02 8.728325e-03
 6.306306e-02  2.862107e-02  9.508612e-02 9.860536e-03
 6.406406e-02  4.945179e-02  8.795091e-02 1.018084e-02
 6.506507e-02  6.739186e-02  7.209677e-02 9.739606e-03
 6.606607e-02  8.084142e-02  4.868333e-02 8.905402e-03
 6.706707e-02  8.844911e-02  1.962869e-02 8.208531e-03
 6.806807e-02  8.923958e-02 -1.255447e-02 8.121317e-03
 6.906907e-02  8.272286e-02 -4.498190e-02 8.866443e-03
 7.007007e-02  6.897376e-02 -7.465917e-02 1.033137e-02
 7.107107e-02  4.867094e-02 -9.875716e-02 1.212184e-02
 7.207207e-02  2.308769e-02 -1.148764e-01 1.372963e-02
 7.307307e-02 -5.969757e-03 -1.212754e-01 1.474337e-02
 7.407407e-02 -3.627614e-02 -1.170429e-01 1.501499e-02
 7.507508e-02 -6.534767e-02 -1.021965e-01 1.471444e-02
 7.607608e-02 -9.063883e-02 -7.770090e-02 1.425283e-02
 7.707708e-02 -1.097601e-01 -4.540133e-02 1.410856e-02
 7.807808e-02 -1.206985e-01 -7.879279e-03 1.463022e-02
 7.907908e-02 -1.220204e-01  3.175803e-02 1.589755e-02
 8.008008e-02 -1.130362e-01  7.013647e-02 1.769631e-02
 8.108108e-02 -9.390949e-02  1.039002e-01 1.961424e-02
 8.208208e-02 -6.569596e-02  1.299991e-01 2.121573e-02
 8.308308e-02 -3.030405e-02  1.459549e-01 2.222116e-02
 8.408408e-02  9.623727e-03  1.500824e-01 2.261733e-02
 8.508509e-02  5.090281e-02  1.416486e-01 2.265543e-02
 8.608609e-02  9.005826e-02  1.209552e-01 2.274064e-02
 8.708709e-02  1.236161e-01  8.933644e-02 2.326194e-02
 8.808809e-02  1.484098e-01  4.907350e-02 2.443369e-02
 8.908909e-02  1.618743e-01  3.228708e-03 2.621373e-02
 9.009009e-02  1.623003e-01 -4.458621e-02 2.832932e-02
 9.109109e-02  1.490238e-01 -9.049131e-02 3.039677e-02
 9.209209e-02  1.225313e-01 -1.306473e-01 3.208264e-02
 9.309309e-02  8.446745e-02 -1.615680e-01 3.323897e-02
 9.409409e-02  3.754027e-02 -1.804120e-01 3.395775e-02
 9.509510e-02 -1.466989e-02 -1.852297e-01 3.452524e-02
 9.609610e-02 -6.798550e-02 -1.751457e-01 3.529803e-02
 9.709710e-02 -1.179686e-01 -1.504603e-01 3.655489e-02
 9.809810e-02 -1.602916e-01 -1.126602e-01 3.838573e-02
 9.909910e-02 -1.911106e-01 -6.433546e-02 4.066230e-02
 1.001001e-01 -2.074082e-01 -9.005980e-03 4.309928e-02
 1.011011e-01 -2.072769e-01  4.913059e-02 4.537753e-02
 1.021021e-01 -1.901144e-01  1.055125e-01 4.727638e-02
 1.031031e-01 -1.567146e-01  1.555660e-01 4.876024e-02
 1.041041e-01 -1.092425e-01  1.950694e-01 4.998597e-02
 1.051051e-01 -5.109346e-02  2.205003e-01 5.123091e-02
 1.061061e-01  1.335372e-02  2.293386e-01 5.277452e-02
 1.071071e-01  7.907175e-02  2.202993e-01 5.478411e-02
 1.081081e-01  1.407805e-01  1.934741e-01 5.725138e-02
 1.091091e-01  1.933721e-01  1.503690e-01 6.000362e-02
 1.101101e-01  2.323314e-01  9.382929e-02 6.278180e-02
 1.111111e-01  2.541153e-01  2.785694e-02 6.535059e-02
 1.121121e-01  2.564622e-01 -4.267045e-02 6.759362e-02
 1.131131e-01  2.386026e-01 -1.123586e-01 6.955568e-02
 1.141141e-01  2.013546e-01 -1.757077e-01 7.141688e-02
 1.151151e-01  1.470936e-01 -2.275436e-01 7.341258e-02
 1.161161e-01  7.959757e-02 -2.634362e-01 7.573442e-02
 1.171171e-01  3.779361e-03 -2.800709e-01 7.845401e-02
 1.181181e-01 -7.467632e-02 -2.755411e-01 8.149945e-02
 1.191191e-01 -1.497417e-01 -2.495380e-01 8.469178e-02
 1.201201e-01 -2.155092e-01 -2.034187e-01 8.782337e-02
 1.211211e-01 -2.666525e-01 -1.401447e-01 9.074410e-02
 1.221221e-01 -2.988506e-01 -6.409235e-02 9.341952e-02
 1.231231e-01 -3.091407e-01  1.925271e-02 9.593867e-02
 1.241241e-01 -2.961725e-01  1.036950e-01 9.847079e-02
 1.251251e-01 -2.603423e-01  1.827935e-01 1.011916e-01
 1.261261e-01 -2.037970e-01  2.503547e-01 1.042107e-01
 1.271271e-01 -1.303030e-01  3.009172e-01 1.075300e-01
 1.281281e-01 -4.499183e-02  3.301883e-01 1.110486e-01
 1.291291e-01  4.600330e-02  3.353991e-01 1.146089e-01
 1.301301e-01  1.359912e-01  3.155478e-01 1.180640e-01
 1.311311e-01  2.182159e-01  2.715111e-01 1.213364e-01
 1.321321e-01  2.863624e-01  2.060135e-01 1.244450e-01
 1.331331e-01  3.350371e-01  1.234546e-01 1.274909e-01
 1.341341e-01  3.601867e-01  2.960578e-02 1.306109e-01
 1.351351e-01  3.594233e-01 -6.880123e-02 1.339187e-01
 1.361361e-01  3.322307e-01 -1.645648e-01 1.374588e-01
 1.371371e-01  2.800343e-01 -2.505453e-01 1.411921e-01
 1.381381e-01  2.061279e-01 -3.201988e-01 1.450160e-01
 1.391391e-01  1.154616e-01 -3.680728e-01 1.488090e-01
 1.401401e-01  1.430386e-02 -3.902260e-01 1.524809e-01
 1.411411e-01 -9.019789e-02 -3.845398e-01 1.560065e-01
 1.421421e-01 -1.905275e-01 -3.508984e-01 1.594304e-01
 1.431431e-01 -2.793437e-01 -2.912228e-01 1.628436e-01
 1.441441e-01 -3.500178e-01 -2.093551e-01 1.663420e-01
 1.451451e-01 -3.971259e-01 -1.108012e-01 1.699859e-01
 1.461461e-01 -4.168585e-01 -2.350606e-03 1.737766e-01
 1.471471e-01 -4.073176e-01  1.084013e-01 1.776585e-01
 1.481481e-01 -3.686774e-01  2.135916e-01 1.815444e-01
 1.491491e-01 -3.031972e-01  3.056525e-01 1.853520e-01
 1.501502e-01 -2.150831e-01  3.778553e-01 1.890354e-01
 1.511512e-01 -1.102081e-01  4.247991e-01 1.926001e-01
 1.521522e-01  4.289430e-03  4.428064e-01 1.960959e-01
 1.531532e-01  1.205017e-01  4.301989e-01 1.995918e-01
 1.541542e-01  2.303061e-01  3.874327e-01 2.031450e-01
 1.551552e-01  3.259381e-01  3.170832e-01 2.067774e-01
 1.561562e-01  4.005426e-01  2.236802e-01 2.104672e-01
 1.571572e-01  4.486638e-01  1.134047e-01 2.141598e-01
 1.581582e-01  4.666377e-01 -6.330590e-03 2.177908e-01
 1.591592e-01  4.528609e-01 -1.273902e-01 2.213112e-01
 1.601602e-01  4.079148e-01 -2.414753e-01 2.247048e-01
 1.611612e-01  3.345379e-01 -3.406978e-01 2.279906e-01
 1.621622e-01  2.374465e-01 -4.181265e-01 2.312106e-01
 1.631632e-01  1.230186e-01 -4.682694e-01 2.344098e-01
 1.641642e-01 -1.138827e-03 -4.874568e-01 2.376154e-01
 1.651652e-01 -1.267073e-01 -4.741006e-01 2.408261e-01
 1.661662e-01 -2.452235e-01 -4.288103e-01 2.440129e-01
 1.671672e-01 -3.486560e-01 -3.543592e-01 2.471314e-01
 1.681682e-01 -4.299518e-01 -2.555020e-01 2.501398e-01
 1.691692e-01 -4.835158e-01 -1.386586e-01 2.530137e-01
 1.701702e-01 -5.055901e-01 -1.148369e-02 2.557532e-01
 1.711712e-01 -4.945083e-01  1.176463e-01 2.583791e-01
 1.721722e-01 -4.508080e-01  2.401945e-01 2.609213e-01
 1.731732e-01 -3.771947e-01  3.480352e-01 2.634043e-01
 1.741742e-01 -2.783598e-01  4.339954e-01 2.658361e-01
 1.751752e-01 -1.606676e-01  4.923322e-01 2.682051e-01
 1.761762e-01 -3.173128e-02  5.191124e-01 2.704845e-01
 1.771772e-01  1.000921e-01  5.124698e-01 2.726437e-01
 1.781782e-01  2.262531e-01  4.727246e-01 2.746590e-01
 1.791792e-01  3.385712e-01  4.023570e-01 2.765216e-01
 1.801802e-01  4.297692e-01  3.058382e-01 2.782386e-01
 1.811812e-01  4.939440e-01  1.893313e-01 2.798270e-01
 1.821822e-01  5.269450e-01  6.028353e-02 2.813052e-01
 1.831832e-01  5.266360e-01 -7.306377e-02 2.826838e-01
 1.841842e-01  4.930228e-01 -2.022122e-01 2.839612e-01
 1.851852e-01  4.282418e-01 -3.189563e-01 2.851241e-01
 1.861862e-01  3.364104e-01 -4.159098e-01 2.861529e-01
 1.871872e-01  2.233510e-01 -4.869740e-01 2.870294e-01
 1.881882e-01  9.620774e-02 -5.277188e-01 2.877430e-01
 1.891892e-01 -3.701841e-02 -5.356522e-01 2.882936e-01
 1.901902e-01 -1.679838e-01 -5.103638e-01 2.886898e-01
 1.911912e-01 -2.885338e-01 -4.535327e-01 2.889437e-01
 1.921922e-01 -3.912156e-01 -3.688032e-01 2.890655e-01
 1.931932e-01 -4.697416e-01 -2.615365e-01 2.890585e-01
 1.941942e-01 -5.193726e-01 -1.384576e-01 2.889184e-01
 1.951952e-01 -5.371990e-01 -7.220276e-03 2.886349e-01
 1.961962e-01 -5.223033e-01  1.240805e-01 2.881967e-01
 1.971972e-01 -4.757944e-01  2.474168e-01 2.875954e-01
 1.981982e-01 -4.007158e-01  3.553247e-01 2.868288e-01
 1.991992e-01 -3.018334e-01  4.413587e-01 2.859009e-01
 2.002002e-01 -1.853199e-01  5.004762e-01 2.848199e-01
 2.012012e-01 -5.835611e-02  5.293286e-01 2.835942e-01
 2.022022e-01  7.132294e-02  5.264432e-01 2.822294e-01
 2.032032e-01  1.959092e-01  4.922868e-01 2.807267e-01
 2.042042e-01  3.079986e-01  4.292081e-01 2.790828e-01
 2.052052e-01  4.010352e-01  3.412672e-01 2.772926e-01
 2.062062e-01  4.696952e-01  2.339618e-01 2.753517e-01
 2.072072e-01  5.101880e-01  1.138724e-01 2.732588e-01
 2.082082e-01  5.204598e-01 -1.175268e-02 2.710165e-01
 2.092092e-01  5.002856e-01 -1.354443e-01 2.686308e-01
 2.102102e-01  4.512507e-01 -2.499637e-01 2.661091e-01
 2.112112e-01  3.766220e-01 -3.487314e-01 2.634577e-01
 2.122122e-01  2.811214e-01 -4.262061e-01 2.606809e-01
 2.132132e-01  1.706172e-01 -4.781946e-01 2.577804e-01
 2.142142e-01  5.175271e-02 -5.020731e-01 2.547558e-01
 2.152152e-01 -6.846190e-02 -4.969102e-01 2.516068e-01
 2.162162e-01 -1.830706e-01 -4.634860e-01 2.483341e-01
 2.172172e-01 -2.855792e-01 -4.042097e-01 2.449410e-01
 2.182182e-01 -3.703260e-01 -3.229418e-01 2.414327e-01
 2.192192e-01 -4.327933e-01 -2.247351e-01 2.378159e-01
 2.202202e-01 -4.698450e-01 -1.155127e-01 2.340975e-01
 2.212212e-01 -4.798754e-01 -1.701834e-03 2.302833e-01
 2.222222e-01 -4.628656e-01  1.101514e-01 2.263779e-01
 2.232232e-01 -4.203443e-01  2.137638e-01 2.223843e-01
 2.242242e-01 -3.552606e-01  3.034718e-01 2.183053e-01
 2.252252e-01 -2.717768e-01  3.745414e-01 2.141439e-01
 2.262262e-01 -1.749964e-01  4.234152e-01 2.099042e-01
 2.272272e-01 -7.064651e-02  4.478847e-01 2.055916e-01
 2.282282e-01  3.526803e-02  4.471788e-01 2.012127e-01
 2.292292e-01  1.368148e-01  4.219669e-01 1.967744e-01
 2.302302e-01  2.284701e-01  3.742786e-01 1.922831e-01
 2.312312e-01  3.054206e-01  3.073482e-01 1.877447e-01
 2.322322e-01  3.638152e-01  2.253948e-01 1.831643e-01
 2.332332e-01  4.009533e-01  1.333525e-01 1.785465e-01
 2.342342e-01  4.154014e-01  3.656990e-02 1.738957e-01
 2.352352e-01  4.070332e-01 -5.950559e-02 1.692169e-01
 2.362362e-01  3.769941e-01 -1.496372e-01 1.645158e-01
 2.372372e-01  3.275943e-01 -2.290860e-01 1.597985e-01
 2.382382e-01  2.621402e-01 -2.938604e-01 1.550714e-01
 2.392392e-01  1.847139e-01 -3.409134e-01 1.503411e-01
 2.402402e-01  9.991838e-02 -3.682798e-01 1.456137e-01
 2.412412e-01  1.260135e-02 -3.751478e-01 1.408947e-01
 2.422422e-01 -7.242401e-02 -3.618620e-01 1.361893e-01
 2.432432e-01 -1.506459e-01 -3.298612e-01 1.315026e-01
 2.442442e-01 -2.180935e-01 -2.815578e-01 1.268395e-01
 2.452452e-01 -2.715372e-01 -2.201659e-01 1.222055e-01
 2.462462e-01 -3.086389e-01 -1.494922e-01 1.176059e-01
 2.472472e-01 -3.280466e-01 -7.370088e-02 1.130464e-01
 2.482482e-01 -3.294299e-01  2.931314e-03 1.085327e-01
 2.492492e-01 -3.134565e-01  7.625670e-02 1.040701e-01
 2.502503e-01 -2.817140e-01  1.424812e-01 9.966366e-02
 2.512513e-01 -2.365835e-01  1.983593e-01 9.531816e-02
 2.522523e-01 -1.810739e-01  2.413510e-01 9.103805e-02
 2.532533e-01 -1.186285e-01  2.697313e-01 8.682767e-02
 2.542543e-01 -5.291507e-02  2.826506e-01 8.269135e-02
 2.552553e-01  1.238687e-02  2.801428e-01 7.863342e-02
 2.562563e-01  7.379066e-02  2.630838e-01 7.465817e-02
 2.572573e-01  1.281870e-01  2.331049e-01 7.076979e-02
 2.582583e-01  1.729990e-01  1.924672e-01 6.697229e-02
 2.592593e-01  2.063009e-01  1.439074e-01 6.326938e-02
 2.602603e-01  2.268942e-01  9.046264e-02 5.966449e-02
 2.612613e-01  2.343407e-01  3.528775e-02 5.616078e-02
 2.622623e-01  2.289498e-01 -1.852662e-02 5.276123e-02
 2.632633e-01  2.117258e-01 -6.812347e-02 4.946863e-02
 2.642643e-01  1.842780e-01 -1.110281e-01 4.628563e-02
 2.652653e-01  1.487008e-01 -1.452682e-01 4.321479e-02
 2.662663e-01  1.074319e-01 -1.694604e-01 4.025843e-02
 2.672673e-01  6.309852e-02 -1.828587e-01 3.741871e-02
 2.682683e-01  1.835902e-02 -1.853658e-01 3.469752e-02
 2.692693e-01 -2.424916e-02 -1.775062e-01 3.209647e-02
 2.702703e-01 -6.244792e-02 -1.603658e-01 2.961694e-02
 2.712713e-01 -9.433572e-02 -1.355021e-01 2.726006e-02
 2.722723e-01 -1.184780e-01 -1.048319e-01 2.502677e-02
 2.732733e-01 -1.339667e-01 -7.050349e-02 2.291782e-02
 2.742743e-01 -1.404472e-01 -3.476137e-02 2.093377e-02
 2.752753e-01 -1.381121e-01  1.881410e-04 1.907499e-02
 2.762763e-01 -1.276641e-01  3.230354e-02 1.734165e-02
 2.772773e-01 -1.102511e-01  5.981955e-02 1.573368e-02
 2.782783e-01 -8.737824e-02  8.133785e-02 1.425080e-02
 2.792793e-01 -6.080355e-02  9.589281e-02 1.289250e-02
 2.802803e-01 -3.242289e-02  1.029895e-01 1.165807e-02
 2.812813e-01 -4.151724e-03  1.026127e-01 1.054660e-02
 2.822823e-01  2.218952e-02  9.520839e-02 9.557012e-03
 2.832833e-01  4.498022e-02  8.163830e-02 8.688032e-03
 2.842843e-01  6.288880e-02  6.311277e-02 7.938223e-03
 2.852853e-01  7.494200e-02  4.110537e-02 7.305956e-03
 2.862863e-01  8.057090e-02  1.725541e-02 6.789420e-03
 2.872873e-01  7.963193e-02 -6.736078e-03 6.386618e-03
 2.882883e-01  7.240251e-02 -2.921052e-02 6.095378e-03
 2.892893e-01  5.955250e-02 -4.865039e-02 5.913361e-03
 2.902903e-01  4.209358e-02 -6.376677e-02 5.838071e-03
 2.912913e-01  2.131046e-02 -7.357130e-02 5.866872e-03
 2.922923e-01 -1.322079e-03 -7.742894e-02 5.996988e-03
 2.932933e-01 -2.423090e-02 -7.508913e-02 6.225515e-03
 2.942943e-01 -4.583990e-02 -6.669424e-02 6.549418e-03
 2.952953e-01 -6.466350e-02 -5.276532e-02 6.965548e-03
 2.962963e-01 -7.939319e-02 -3.416667e-02 7.470640e-03
 2.972973e-01 -8.897243e-02 -1.205162e-02 8.061335e-03
 2.982983e-01 -9.265621e-02  1.220714e-02 8.734187e-03
 2.992993e-01 -9.005213e-02  3.709838e-02 9.485675e-03
 3.003003e-01 -8.114141e-02  6.105974e-02 1.031222e-02
 3.013013e-01 -6.627885e-02  8.256693e-02 1.121018e-02
 3.023023e-01 -4.617234e-02  1.002198e-01 1.217589e-02
 3.033033e-01 -2.184325e-02  1.128205e-01 1.320560e-02
 3.043043e-01  5.429708e-03  1.194406e-01 1.429555e-02
 3.053053e-01  3.418009e-02  1.194724e-01 1.544193e-02
 3.063063e-01  6.283270e-02  1.126631e-01 1.664092e-02
 3.073073e-01  8.978790e-02  9.913017e-02 1.788866e-02
 3.083083e-01  1.135066e-01  7.935683e-02 1.918126e-02
 3.093093e-01  1.325918e-01  5.416875e-02 2.051484e-02
 3.103103e-01  1.458621e-01  2.469310e-02 2.188549e-02
 3.113113e-01  1.524141e-01 -7.697556e-03 2.328930e-02
 3.123123e-01  1.516705e-01 -4.145367e-02 2.472234e-02
 3.133133e-01  1.434115e-01 -7.492566e-02 2.618071e-02
 3.143143e-01  1.277881e-01 -1.064456e-01 2.766048e-02
 3.153153e-01  1.053176e-01 -1.344097e-01 2.915777e-02
 3.163163e-01  7.686055e-02 -1.573569e-01 3.066873e-02
 3.173173e-01  4.358141e-02 -1.740408e-01 3.218954e-02
 3.183183e-01  6.894947e-03 -1.834909e-01 3.371645e-02
 3.193193e-01 -3.159947e-02 -1.850602e-01 3.524581e-02
 3.203203e-01 -7.019190e-02 -1.784577e-01 3.677405e-02
 3.213213e-01 -1.071408e-01 -1.637636e-01 3.829769e-02
 3.223223e-01 -1.407533e-01 -1.414281e-01 3.981340e-02
 3.233233e-01 -1.694622e-01 -1.122520e-01 4.131796e-02
 3.243243e-01 -1.918982e-01 -7.735231e-02 4.280830e-02
 3.253253e-01 -2.069514e-01 -3.811311e-02 4.428151e-02
 3.263263e-01 -2.138218e-01  3.874938e-03 4.573479e-02
 3.273273e-01 -2.120552e-01  4.688422e-02 4.716553e-02
 3.283283e-01 -2.015636e-01  8.912537e-02 4.857123e-02
 3.293293e-01 -1.826300e-01  1.288247e-01 4.994951e-02
 3.303303e-01 -1.558960e-01  1.643002e-01 5.129814e-02
 3.313313e-01 -1.223350e-01  1.940337e-01 5.261493e-02
 3.323323e-01 -8.321032e-02  2.167345e-01 5.389781e-02
 3.333333e-01 -4.002263e-02  2.313935e-01 5.514475e-02
 3.343343e-01  5.553526e-03  2.373245e-01 5.635377e-02
 3.353353e-01  5.173902e-02  2.341922e-01 5.752292e-02
 3.363363e-01  9.672350e-02  2.220244e-01 5.865027e-02
 3.373373e-01  1.387392e-01  2.012097e-01 5.973392e-02
 3.383383e-01  1.761320e-01  1.724805e-01 6.077200e-02
 3.393393e-01  2.074276e-01  1.368813e-01 6.176269e-02
 3.403403e-01  2.313888e-01  9.572580e-02 6.270422e-02
 3.413413e-01  2.470634e-01  5.054303e-02 6.359490e-02
 3.423423e-01  2.538190e-01  3.015704e-03 6.443320e-02
 3.433433e-01  2.513661e-01 -4.508661e-02 6.521770e-02
 3.443443e-01  2.397654e-01 -9.197685e-02 6.594719e-02
 3.453453e-01  2.194233e-01 -1.359195e-01 6.662071e-02
 3.463463e-01  1.910724e-01 -1.752965e-01 6.723753e-02
 3.473473e-01  1.557404e-01 -2.086676e-01 6.779724e-02
 3.483483e-01  1.147080e-01 -2.348229e-01 6.829971e-02
 3.493493e-01  6.945795e-02 -2.528255e-01 6.874513e-02
 3.503504e-01  2.161698e-02 -2.620433e-01 6.913399e-02
 3.513514e-01 -2.710623e-02 -2.621685e-01 6.946707e-02
 3.523524e-01 -7.498530e-02 -2.532244e-01 6.974538e-02
 3.533534e-01 -1.203397e-01 -2.355599e-01 6.997013e-02
 3.543544e-01 -1.615955e-01 -2.098322e-01 7.014267e-02
 3.553554e-01 -1.973404e-01 -1.769779e-01 7.026441e-02
 3.563564e-01 -2.263724e-01 -1.381748e-01 7.033676e-02
 3.573574e-01 -2.477394e-01 -9.479588e-02 7.036105e-02
 3.583584e-01 -2.607683e-01 -4.835671e-02 7.033845e-02
 3.593594e-01 -2.650844e-01 -4.594132e-04 7.026995e-02
 3.603604e-01 -2.606189e-01  4.726552e-02 7.015627e-02
 3.613614e-01 -2.476055e-01  9.321684e-02 6.999784e-02
 3.623624e-01 -2.265658e-01  1.358778e-01 6.979485e-02
 3.633634e-01 -1.982862e-01  1.738671e-01 6.954718e-02
 3.643644e-01 -1.637846e-01  2.059834e-01 6.925455e-02
 3.653654e-01 -1.242708e-01  2.312428e-01 6.891649e-02
 3.663664e-01 -8.110084e-02  2.489079e-01 6.853249e-02
 3.673674e-01 -3.572774e-02  2.585065e-01 6.810207e-02
 3.683684e-01  1.034975e-02  2.598419e-01 6.762493e-02
 3.693694e-01  5.563863e-02  2.529928e-01 6.710103e-02
 3.703704e-01  9.870136e-02  2.383039e-01 6.653072e-02
 3.713714e-01  1.382022e-01  2.163677e-01 6.591483e-02
 3.723724e-01  1.729488e-01  1.879987e-01 6.525477e-02
 3.733734e-01  2.019275e-01  1.542006e-01 6.455253e-02
 3.743744e-01  2.243321e-01  1.161287e-01 6.381075e-02
 3.753754e-01  2.395839e-01  7.504777e-02 6.303262e-02
 3.763764e-01  2.473446e-01  3.228847e-02 6.222191e-02
 3.773774e-01  2.475201e-01 -1.079783e-02 6.138277e-02
 3.783784e-01  2.402563e-01 -5.288272e-02 6.051965e-02
 3.793794e-01  2.259277e-01 -9.270259e-02 5.963711e-02
 3.803804e-01  2.051186e-01 -1.290967e-01 5.873961e-02
 3.813814e-01  1.785980e-01 -1.610407e-01 5.783134e-02
 3.823824e-01  1.472896e-01 -1.876747e-01 5.691602e-02
 3.833834e-01  1.122385e-01 -2.083248e-01 5.599670e-02
 3.843844e-01  7.457426e-02 -2.225181e-01 5.507563e-02
 3.853854e-01  3.547349e-02 -2.299908e-01 5.415414e-02
 3.863864e-01 -3.878167e-03 -2.306893e-01 5.323260e-02
 3.873874e-01 -4.232258e-02 -2.247648e-01 5.231040e-02
 3.883884e-01 -7.876354e-02 -2.125614e-01 5.138604e-02
 3.893894e-01 -1.121979e-01 -1.945993e-01 5.045725e-02
 3.903904e-01 -1.417424e-01 -1.715525e-01 4.952117e-02
 3.913914e-01 -1.666562e-01 -1.442231e-01 4.857459e-02
 3.923924e-01 -1.863575e-01 -1.135127e-01 4.761424e-02
 3.933934e-01 -2.004353e-01 -8.039145e-02 4.663708e-02
 3.943944e-01 -2.086546e-01 -4.586740e-02 4.564057e-02
 3.953954e-01 -2.109573e-01 -1.095472e-02 4.462300e-02
 3.963964e-01 -2.074565e-01  2.335610e-02 4.358372e-02
 3.973974e-01 -1.984267e-01  5.612624e-02 4.252331e-02
 3.983984e-01 -1.842892e-01  8.649387e-02 4.144371e-02
 3.993994e-01 -1.655944e-01  1.136960e-01 4.034828e-02
 4.004004e-01 -1.430001e-01  1.370864e-01 3.924170e-02
 4.014014e-01 -1.172487e-01  1.561493e-01 3.812987e-02
 4.024024e-01 -8.914225e-02  1.705089e-01 3.701962e-02
 4.034034e-01 -5.951711e-02  1.799337e-01 3.591842e-02
 4.044044e-01 -2.921893e-02  1.843373e-01 3.483400e-02
 4.054054e-01  9.215406e-04  1.837745e-01 3.377392e-02
 4.064064e-01  3.011109e-02  1.784333e-01 3.274512e-02
 4.074074e-01  5.761442e-02  1.686241e-01 3.175352e-02
 4.084084e-01  8.277198e-02  1.547656e-01 3.080360e-02
 4.094094e-01  1.050147e-01  1.373682e-01 2.989811e-02
 4.104104e-01  1.238753e-01  1.170161e-01 2.903784e-02
 4.114114e-01  1.389966e-01  9.434742e-02 2.822149e-02
 4.124124e-01  1.501359e-01  7.003505e-02 2.744569e-02
 4.134134e-01  1.571659e-01  4.476632e-02 2.670514e-02
 4.144144e-01  1.600729e-01  1.922399e-02 2.599290e-02
 4.154154e-01  1.589515e-01 -5.931791e-03 2.530076e-02
 4.164164e-01  1.539965e-01 -3.007998e-02 2.461974e-02
 4.174174e-01  1.454932e-01 -5.265318e-02 2.394063e-02
 4.184184e-01  1.338048e-01 -7.314986e-02 2.325462e-02
 4.194194e-01  1.193591e-01 -9.114430e-02 2.255388e-02
 4.204204e-01  1.026340e-01 -1.062938e-01 2.183210e-02
 4.214214e-01  8.414224e-02 -1.183432e-01 2.108503e-02
 4.224224e-01  6.441636e-02 -1.271272e-01 2.031080e-02
 4.234234e-01  4.399377e-02 -1.325698e-01 1.951021e-02
 4.244244e-01  2.340265e-02 -1.346813e-01 1.868675e-02
 4.254254e-01  3.148861e-03 -1.335538e-01 1.784654e-02
 4.264264e-01 -1.629577e-02 -1.293542e-01 1.699807e-02
 4.274274e-01 -3.450365e-02 -1.223161e-01 1.615174e-02
 4.284284e-01 -5.109976e-02 -1.127301e-01 1.531927e-02
 4.294294e-01 -6.576830e-02 -1.009337e-01 1.451309e-02
 4.304304e-01 -7.825723e-02 -8.729998e-02 1.374548e-02
 4.314314e-01 -8.838104e-02 -7.222663e-02 1.302789e-02
 4.324324e-01 -9.602154e-02 -5.612477e-02 1.237013e-02
 4.334334e-01 -1.011270e-01 -3.940813e-02 1.177967e-02
 4.344344e-01 -1.037096e-01 -2.248289e-02 1.126115e-02
 4.354354e-01 -1.038412e-01 -5.738377e-03 1.081592e-02
 4.364364e-01 -1.016485e-01  1.046128e-02 1.044186e-02
 4.374374e-01 -9.730643e-02  2.578426e-02 1.013337e-02
 4.384384e-01 -9.103098e-02  3.993699e-02 9.881601e-03
 4.394394e-01 -8.307175e-02  5.266861e-02 9.674897e-03
 4.404404e-01 -7.370378e-02  6.377427e-02 9.499405e-03
 4.414414e-01 -6.321947e-02  7.309693e-02 9.339864e-03
 4.424424e-01 -5.192050e-02  8.052800e-02 9.180498e-03
 4.434434e-01 -4.011011e-02  8.600664e-02 9.005964e-03
 4.444444e-01 -2.808578e-02  8.951812e-02 8.802305e-03
 4.454454e-01 -1.613260e-02  9.109103e-02 8.557837e-03
 4.464464e-01 -4.517298e-03  9.079380e-02 8.263921e-03
 4.474474e-01  6.516878e-03  8.873043e-02 7.915559e-03
 4.484484e-01  1.675439e-02  8.503574e-02 7.511787e-03
 4.494494e-01  2.601069e-02  7.987022e-02 7.055808e-03
 4.504505e-01  3.413459e-02  7.341471e-02 6.554890e-03
 4.514515e-01  4.100969e-02  6.586495e-02 6.019986e-03
 4.524525e-01  4.655489e-02  5.742624e-02 5.465132e-03
 4.534535e-01  5.072408e-02  4.830829e-02 4.906623e-03
 4.544545e-01  5.350504e-02  3.872038e-02 4.362056e-03
 4.554555e-01  5.491762e-02  2.886686e-02 3.849240e-03
 4.564565e-01  5.501139e-02  1.894328e-02 3.385101e-03
 4.574575e-01  5.386271e-02  9.132820e-03 2.984599e-03
 4.584585e-01  5.157140e-02 -3.964696e-04 2.659766e-03
 4.594595e-01  4.825717e-02 -9.494024e-03 2.418891e-03
 4.604605e-01  4.405579e-02 -1.802838e-02 2.265935e-03
 4.614615e-01  3.911518e-02 -2.588832e-02 2.200203e-03
 4.624625e-01  3.359153e-02 -3.298336e-02 2.216293e-03
 4.634635e-01  2.764539e-02 -3.924380e-02 2.304343e-03
 4.644645e-01  2.143806e-02 -4.462018e-02 2.450551e-03
 4.654655e-01  1.512805e-02 -4.908246e-02 2.637946e-03
 4.664665e-01  8.867960e-03 -5.261869e-02 2.847367e-03
 4.674675e-01  2.801505e-03 -5.523352e-02 3.058590e-03
 4.684685e-01 -2.938935e-03 -5.694635e-02 3.251525e-03
 4.694695e-01 -8.234497e-03 -5.778945e-02 3.407428e-03
 4.704705e-01 -1.298160e-02 -5.780585e-02 3.510038e-03
 4.714715e-01 -1.709327e-02 -5.704731e-02 3.546575e-03
 4.724725e-01 -2.050019e-02 -5.557227e-02 3.508534e-03
 4.734735e-01 -2.315117e-02 -5.344384e-02 3.392221e-03
 4.744745e-01 -2.501349e-02 -5.072804e-02 3.199009e-03
 4.754755e-01 -2.607266e-02 -4.749201e-02 2.935275e-03
 4.764765e-01 -2.633210e-02 -4.380266e-02 2.612052e-03
 4.774775e-01 -2.581221e-02 -3.972522e-02 2.244364e-03
 4.784785e-01 -2.454969e-02 -3.532251e-02 1.850367e-03
 4.794795e-01 -2.259584e-02 -3.065376e-02 1.450225e-03
 4.804805e-01 -2.001580e-02 -2.577460e-02 1.064962e-03
 4.814815e-01 -1.688603e-02 -2.073605e-02 7.151215e-04
 4.824825e-01 -1.329400e-02 -1.558552e-02 4.196388e-04
 4.834835e-01 -9.334053e-03 -1.036524e-02 1.945627e-04
 4.844845e-01 -5.109910e-03 -5.115655e-03 5.228110e-05
 4.854855e-01 -7.199646e-04  1.304130e-04 5.353565e-07
 4.864865e-01  3.729861e-03  5.306267e-03 4.206834e-05
 4.874875e-01  7.936014e-03  1.015302e-02 1.660641e-04
 4.884885e-01  1.157857e-02  1.440082e-02 3.414470e-04
 4.894895e-01  1.438269e-02  1.781952e-02 5.243973e-04
 4.904905e-01  1.613090e-02  2.022318e-02 6.691830e-04
 4.914915e-01  1.668249e-02  2.148228e-02 7.397937e-04
 4.924925e-01  1.598233e-02  2.152857e-02 7.189140e-04
 4.934935e-01  1.406650e-02  2.035904e-02 6.123567e-04
 4.944945e-01  1.105993e-02  1.803566e-02 4.476071e-04
 4.954955e-01  7.168489e-03  1.468225e-02 2.669557e-04
 4.964965e-01  2.665164e-03  1.047845e-02 1.169010e-04
 4.974975e-01 -2.128989e-03  5.650385e-03 3.645945e-05
 4.984985e-01 -6.866737e-03  4.599069e-04 4.736359e-05
 4.994995e-01 -1.119970e-02 -4.809353e-03 1.485631e-04
 5.005005e-01 -1.480241e-02 -9.865576e-03 3.164409e-04
 5.015015e-01 -1.739678e-02 -1.442492e-02 5.107265e-04
 5.025025e-01 -1.877153e-02 -1.822533e-02 6.845331e-04
 5.035035e-01 -1.879964e-02 -2.104223e-02 7.962020e-04
 5.045045e-01 -1.744735e-02 -2.269953e-02 8.196786e-04
 5.055055e-01 -1.478016e-02 -2.308221e-02 7.512415e-04
 5.065065e-01 -1.095791e-02 -2.214166e-02 6.103290e-04
 5.075075e-01 -6.228138e-03 -1.990308e-02 4.349224e-04
 5.085085e-01 -9.071386e-04 -1.646267e-02 2.718424e-04
 5.095095e-01  4.636633e-03 -1.198909e-02 1.652365e-04
 5.105105e-01  1.001269e-02 -6.710748e-03 1.452880e-04
 5.115115e-01  1.482836e-02 -9.128688e-04 2.207134e-04
 5.125125e-01  1.872614e-02  5.087117e-03 3.765472e-04
 5.135135e-01  2.139525e-02  1.094047e-02 5.774504e-04
 5.145145e-01  2.261814e-02  1.631159e-02 7.776484e-04
 5.155155e-01  2.224185e-02  2.084619e-02 9.292633e-04
 5.165165e-01  2.037438e-02  2.440243e-02 1.010594e-03
 5.175175e-01  1.787273e-02  2.769892e-02 1.086665e-03
 5.185185e-01  1.487694e-02  3.079779e-02 1.169827e-03
 5.195195e-01  1.137411e-02  3.360080e-02 1.258384e-03
 5.205205e-01  7.394754e-03  3.604111e-02 1.353644e-03
 5.215215e-01  2.965260e-03  3.803614e-02 1.455540e-03
 5.225225e-01 -1.867322e-03  3.951386e-02 1.564832e-03
 5.235235e-01 -7.049819e-03  4.039932e-02 1.681805e-03
 5.245245e-01 -1.251285e-02  4.062672e-02 1.807102e-03
 5.255255e-01 -1.817830e-02  4.013384e-02 1.941176e-03
 5.265265e-01 -2.395425e-02  3.886969e-02 2.084659e-03
 5.275275e-01 -2.974012e-02  3.679195e-02 2.238122e-03
 5.285285e-01 -3.542427e-02  3.387250e-02 2.402226e-03
 5.295295e-01 -4.088827e-02  3.009637e-02 2.577642e-03
 5.305305e-01 -4.600625e-02  2.546584e-02 2.765083e-03
 5.315315e-01 -5.064900e-02  1.999994e-02 2.965319e-03
 5.325325e-01 -5.468463e-02  1.373755e-02 3.179129e-03
 5.335335e-01 -5.798271e-02  6.736799e-03 3.407379e-03
 5.345345e-01 -6.041588e-02 -9.228924e-04 3.650930e-03
 5.355355e-01 -6.186417e-02 -9.141780e-03 3.910748e-03
 5.365365e-01 -6.221725e-02 -1.779893e-02 4.187787e-03
 5.375375e-01 -6.137872e-02 -2.675388e-02 4.483118e-03
 5.385385e-01 -5.926878e-02 -3.584706e-02 4.797799e-03
 5.395395e-01 -5.582826e-02 -4.490230e-02 5.133012e-03
 5.405405e-01 -5.102126e-02 -5.372859e-02 5.489930e-03
 5.415415e-01 -4.483870e-02 -6.212362e-02 5.869853e-03
 5.425425e-01 -3.730048e-02 -6.987672e-02 6.274082e-03
 5.435435e-01 -2.845821e-02 -7.677350e-02 6.704041e-03
 5.445445e-01 -1.839643e-02 -8.259988e-02 7.161169e-03
 5.455455e-01 -7.234154e-03 -8.714752e-02 7.647024e-03
 5.465465e-01  4.875218e-03 -9.021877e-02 8.163195e-03
 5.475475e-01  1.774393e-02 -9.163261e-02 8.711382e-03
 5.485485e-01  3.115156e-02 -9.123001e-02 9.293335e-03
 5.495495e-01  4.484695e-02 -8.888002e-02 9.910907e-03
 5.505506e-01  5.855172e-02 -8.448499e-02 1.056602e-02
 5.515516e-01  7.196416e-02 -7.798618e-02 1.126068e-02
 5.525526e-01  8.476467e-02 -6.936828e-02 1.199701e-02
 5.535536e-01  9.662158e-02 -5.866388e-02 1.277718e-02
 5.545546e-01  1.071984e-01 -4.595656e-02 1.360349e-02
 5.555556e-01  1.161611e-01 -3.138356e-02 1.447833e-02
 5.565566e-01  1.231871e-01 -1.513683e-02 1.540418e-02
 5.575576e-01  1.279734e-01  2.536763e-03 1.638363e-02
 5.585586e-01  1.302463e-01  2.133703e-02 1.741937e-02
 5.595596e-01  1.297702e-01  4.091311e-02 1.851420e-02
 5.605606e-01  1.263571e-01  6.086814e-02 1.967104e-02
 5.615616e-01  1.198746e-01  8.076505e-02 2.089292e-02
 5.625626e-01  1.102546e-01  1.001344e-01 2.218297e-02
 5.635636e-01  9.749984e-02  1.184831e-01 2.354446e-02
 5.645646e-01  8.168981e-02  1.353054e-01 2.498077e-02
 5.655656e-01  6.298503e-02  1.500943e-01 2.649541e-02
 5.665666e-01  4.162959e-02  1.623545e-01 2.809201e-02
 5.675676e-01  1.795158e-02  1.716160e-01 2.977433e-02
 5.685686e-01 -7.638464e-03  1.774484e-01 3.154627e-02
 5.695696e-01 -3.465168e-02  1.794745e-01 3.341185e-02
 5.705706e-01 -6.252721e-02  1.773854e-01 3.537524e-02
 5.715716e-01 -9.064120e-02  1.709529e-01 3.744073e-02
 5.725726e-01 -1.183181e-01  1.600425e-01 3.961276e-02
 5.735736e-01 -1.448443e-01  1.446238e-01 4.189593e-02
 5.745746e-01 -1.694843e-01  1.247798e-01 4.429494e-02
 5.755756e-01 -1.914982e-01  1.007130e-01 4.681467e-02
 5.765766e-01 -2.101609e-01  7.274975e-02 4.946013e-02
 5.775776e-01 -2.247832e-01  4.134032e-02 5.223650e-02
 5.785786e-01 -2.347323e-01  7.056725e-03 5.514906e-02
 5.795796e-01 -2.394538e-01 -2.941377e-02 5.820330e-02
 5.805806e-01 -2.384920e-01 -6.727852e-02 6.140482e-02
 5.815816e-01 -2.315098e-01 -1.056533e-01 6.475939e-02
 5.825826e-01 -2.183068e-01 -1.435794e-01 6.827291e-02
 5.835836e-01 -1.988348e-01 -1.800449e-01 7.195147e-02
 5.845846e-01 -1.732102e-01 -2.140082e-01 7.580126e-02
 5.855856e-01 -1.417225e-01 -2.444247e-01 7.982868e-02
 5.865866e-01 -1.048392e-01 -2.702757e-01 8.404022e-02
 5.875876e-01 -6.320522e-02 -2.905988e-01 8.844259e-02
 5.885886e-01 -1.763760e-02 -3.045185e-01 9.304258e-02
 5.895896e-01  3.088533e-02 -3.112769e-01 9.784718e-02
 5.905906e-01  8.124013e-02 -3.102637e-01 1.028635e-01
 5.915916e-01  1.321800e-01 -3.010436e-01 1.080988e-01
 5.925926e-01  1.823616e-01 -2.833810e-01 1.135605e-01
 5.935936e-01  2.303769e-01 -2.572600e-01 1.192562e-01
 5.945946e-01  2.747887e-01 -2.229006e-01 1.251935e-01
 5.955956e-01  3.141708e-01 -1.807679e-01 1.313803e-01
 5.965966e-01  3.471489e-01 -1.315755e-01 1.378245e-01
 5.975976e-01  3.724451e-01 -7.628163e-02 1.445342e-01
 5.985986e-01  3.889205e-01 -1.607712e-02 1.515177e-01
 5.995996e-01  3.956188e-01  4.763357e-02 1.587832e-01
 6.006006e-01  3.918054e-01  1.132597e-01 1.663393e-01
 6.016016e-01  3.770044e-01  1.790589e-01 1.741944e-01
 6.026026e-01  3.510291e-01  2.431788e-01 1.823573e-01
 6.036036e-01  3.140062e-01  3.037054e-01 1.908368e-01
 6.046046e-01  2.663925e-01  3.587155e-01 1.996418e-01
 6.056056e-01  2.089821e-01  4.063343e-01 2.087811e-01
 6.066066e-01  1.429038e-01  4.447948e-01 2.182639e-01
 6.076076e-01  6.960819e-02  4.724977e-01 2.280994e-01
 6.086086e-01 -9.156231e-03  4.880704e-01 2.382966e-01
 6.096096e-01 -9.137766e-02  4.904233e-01 2.488649e-01
 6.106106e-01 -1.748263e-01  4.787999e-01 2.598136e-01
 6.116116e-01 -2.571093e-01  4.528210e-01 2.711521e-01
 6.126126e-01 -3.357346e-01  4.125191e-01 2.828897e-01
 6.136136e-01 -4.081820e-01  3.583622e-01 2.950360e-01
 6.146146e-01 -4.719795e-01  2.912658e-01 3.076004e-01
 6.156156e-01 -5.247833e-01  2.125909e-01 3.205924e-01
 6.166166e-01 -5.644588e-01  1.241277e-01 3.340214e-01
 6.176176e-01 -5.891598e-01  2.806501e-02 3.478970e-01
 6.186186e-01 -5.974039e-01 -7.305578e-02 3.622285e-01
 6.196196e-01 -5.881398e-01 -1.764003e-01 3.770255e-01
 6.206206e-01 -5.608065e-01 -2.789145e-01 3.922973e-01
 6.216216e-01 -5.153788e-01 -3.774095e-01 4.080532e-01
 6.226226e-01 -4.523985e-01 -4.686557e-01 4.243026e-01
 6.236236e-01 -3.729894e-01 -5.494847e-01 4.410545e-01
 6.246246e-01 -2.788537e-01 -6.168946e-01 4.583183e-01
 6.256256e-01 -1.722487e-01 -6.681565e-01 4.761027e-01
 6.266266e-01 -5.594487e-02 -7.009187e-01 4.944169e-01
 6.276276e-01  6.683690e-02 -7.133038e-01 5.132695e-01
 6.286286e-01  1.925059e-01 -7.039962e-01 5.326692e-01
 6.296296e-01  3.171998e-01 -6.723160e-01 5.526245e-01
 6.306306e-01  4.368972e-01 -6.182755e-01 5.731437e-01
 6.316316e-01  5.475426e-01 -5.426160e-01 5.942350e-01
 6.326326e-01  6.451795e-01 -4.468218e-01 6.159064e-01
 6.336336e-01  7.260876e-01 -3.331099e-01 6.381655e-01
 6.346346e-01  7.869200e-01 -2.043940e-01 6.610200e-01
 6.356356e-01  8.248348e-01 -6.422274e-02 6.844771e-01
 6.366366e-01  8.376179e-01  8.330716e-02 7.085439e-01
 6.376376e-01  8.237896e-01  2.336619e-01 7.332272e-01
 6.386386e-01  7.826927e-01  3.820023e-01 7.585335e-01
 6.396396e-01  7.145562e-01  5.233340e-01 7.844691e-01
 6.406406e-01  6.205327e-01  6.526707e-01 8.110398e-01
 6.416416e-01  5.027038e-01  7.652060e-01 8.382514e-01
 6.426426e-01  3.640549e-01  8.564887e-01 8.661089e-01
 6.436436e-01  2.084159e-01  9.225943e-01 8.946174e-01
 6.446446e-01  4.036903e-02  9.602873e-01 9.237814e-01
 6.456456e-01 -1.348748e-01  9.671680e-01 9.536051e-01
 6.466466e-01 -3.116284e-01  9.417962e-01 9.840923e-01
 6.476476e-01 -4.839056e-01  8.837883e-01 1.015246e+00
 6.486486e-01 -6.456190e-01  7.938806e-01 1.047070e+00
 6.496496e-01 -7.907906e-01  6.739560e-01 1.079566e+00
 6.506507e-01 -9.137703e-01  5.270304e-01 1.112737e+00
 6.516517e-01 -1.009452e+00  3.571978e-01 1.146584e+00
 6.526527e-01 -1.073483e+00  1.695327e-01 1.181108e+00
 6.536537e-01 -1.102455e+00 -3.004764e-02 1.216310e+00
 6.546547e-01 -1.094068e+00 -2.349587e-01 1.252190e+00
 6.556557e-01 -1.047266e+00 -4.381575e-01 1.288748e+00
 6.566567e-01 -9.623302e-01 -6.323786e-01 1.325982e+00
 6.576577e-01 -8.409286e-01 -8.103897e-01 1.363892e+00
 6.586587e-01 -6.861142e-01 -9.652581e-01 1.402476e+00
 6.596597e-01 -5.022748e-01 -1.090619e+00 1.441731e+00
 6.606607e-01 -2.950278e-01 -1.180937e+00 1.481653e+00
 6.616617e-01 -7.106530e-02 -1.231743e+00 1.522241e+00
 6.626627e-01  1.620497e-01 -1.239850e+00 1.563488e+00
 6.636637e-01  3.961283e-01 -1.203525e+00 1.605391e+00
 6.646647e-01  6.226371e-01 -1.122616e+00 1.647943e+00
 6.656657e-01  8.330045e-01 -9.986209e-01 1.691140e+00
 6.666667e-01  1.018943e+00 -8.347027e-01 1.734974e+00
 6.676677e-01  1.172777e+00 -6.356359e-01 1.779439e+00
 6.686687e-01  1.287755e+00 -4.076908e-01 1.824525e+00
 6.696697e-01  1.358351e+00 -1.584550e-01 1.870226e+00
 6.706707e-01  1.380521e+00  1.034054e-01 1.916531e+00
 6.716717e-01  1.351919e+00  3.684360e-01 1.963431e+00
 6.726727e-01  1.272057e+00  6.267279e-01 2.010916e+00
 6.736737e-01  1.142390e+00  8.682847e-01 2.058974e+00
 6.746747e-01  9.663448e-01  1.083407e+00 2.107594e+00
 6.756757e-01  7.492528e-01  1.263085e+00 2.156763e+00
 6.766767e-01  4.982194e-01  1.399374e+00 2.206469e+00
 6.776777e-01  2.219098e-01  1.485750e+00 2.256697e+00
 6.786787e-01 -6.973404e-02  1.517423e+00 2.307435e+00
 6.796797e-01 -3.658400e-01  1.491585e+00 2.358665e+00
 6.806807e-01 -6.550034e-01  1.407602e+00 2.410374e+00
 6.816817e-01 -9.257233e-01  1.267115e+00 2.462545e+00
 6.826827e-01 -1.166859e+00  1.074057e+00 2.515160e+00
 6.836837e-01 -1.368093e+00  8.345803e-01 2.568203e+00
 6.846847e-01 -1.520373e+00  5.568843e-01 2.621656e+00
 6.856857e-01 -1.616329e+00  2.509586e-01 2.675499e+00
 6.866867e-01 -1.650625e+00 -7.176148e-02 2.729714e+00
 6.876877e-01 -1.620256e+00 -3.988106e-01 2.784280e+00
 6.886887e-01 -1.524745e+00 -7.171686e-01 2.839177e+00
 6.896897e-01 -1.366251e+00 -1.013776e+00 2.894384e+00
 6.906907e-01 -1.149573e+00 -1.276073e+00 2.949879e+00
 6.916917e-01 -8.820343e-01 -1.492533e+00 3.005640e+00
 6.926927e-01 -5.732687e-01 -1.653181e+00 3.061645e+00
 6.936937e-01 -2.348904e-01 -1.750056e+00 3.117870e+00
 6.946947e-01  1.199245e-01 -1.777613e+00 3.174291e+00
 6.956957e-01  4.769418e-01 -1.733035e+00 3.230883e+00
 6.966967e-01  8.214344e-01 -1.616437e+00 3.287623e+00
 6.976977e-01  1.138790e+00 -1.430958e+00 3.344485e+00
 6.986987e-01  1.415137e+00 -1.182722e+00 3.401442e+00
 6.996997e-01  1.637954e+00 -8.806686e-01 3.458470e+00
 7.007007e-01  1.796653e+00 -5.362627e-01 3.515540e+00
 7.017017e-01  1.883092e+00 -1.630761e-01 3.572628e+00
 7.027027e-01  1.891996e+00  2.237313e-01 3.629704e+00
 7.037037e-01  1.821278e+00  6.080189e-01 3.686741e+00
 7.047047e-01  1.672222e+00  9.733369e-01 3.743712e+00
 7.057057e-01  1.449526e+00  1.303633e+00 3.800587e+00
 7.067067e-01  1.161200e+00  1.583967e+00 3.857338e+00
 7.077077e-01  8.183071e-01  1.801197e+00 3.913937e+00
 7.087087e-01  4.345681e-01  1.944609e+00 3.970353e+00
 7.097097e-01  2.582913e-02  2.006462e+00 4.026558e+00
 7.107107e-01 -3.905803e-01  1.982415e+00 4.082521e+00
 7.117117e-01 -7.965772e-01  1.871812e+00 4.138214e+00
 7.127127e-01 -1.174112e+00  1.677817e+00 4.193606e+00
 7.137137e-01 -1.505976e+00  1.407375e+00 4.248667e+00
 7.147147e-01 -1.776603e+00  1.071003e+00 4.303367e+00
 7.157157e-01 -1.972813e+00  6.824117e-01 4.357676e+00
 7.167167e-01 -2.084470e+00  2.579673e-01 4.411563e+00
 7.177177e-01 -2.105029e+00 -1.839805e-01 4.464997e+00
 7.187187e-01 -2.031924e+00 -6.238853e-01 4.517950e+00
 7.197197e-01 -1.866789e+00 -1.041867e+00 4.570389e+00
 7.207207e-01 -1.615490e+00 -1.418619e+00 4.622286e+00
 7.217217e-01 -1.287959e+00 -1.736310e+00 4.673611e+00
 7.227227e-01 -8.978430e-01 -1.979447e+00 4.724332e+00
 7.237237e-01 -4.619519e-01 -2.135655e+00 4.774421e+00
 7.247247e-01  4.403390e-04 -2.196326e+00 4.823847e+00
 7.257257e-01  4.684408e-01 -2.157115e+00 4.872582e+00
 7.267267e-01  9.204791e-01 -2.018245e+00 4.920595e+00
 7.277277e-01  1.335307e+00 -1.784604e+00 4.967858e+00
 7.287287e-01  1.693012e+00 -1.465624e+00 5.014343e+00
 7.297297e-01  1.975990e+00 -1.074935e+00 5.060020e+00
 7.307307e-01  2.169837e+00 -6.298164e-01 5.104862e+00
 7.317317e-01  2.264113e+00 -1.504503e-01 5.148842e+00
 7.327327e-01  2.252924e+00  3.409802e-01 5.191933e+00
 7.337337e-01  2.135310e+00  8.213143e-01 5.234107e+00
 7.347347e-01  1.915399e+00  1.267511e+00 5.275337e+00
 7.357357e-01  1.602313e+00  1.657767e+00 5.315599e+00
 7.367367e-01  1.209832e+00  1.972605e+00 5.354866e+00
 7.377377e-01  7.558201e-01  2.195871e+00 5.393113e+00
 7.387387e-01  2.614336e-01  2.315593e+00 5.430317e+00
 7.397397e-01 -2.498506e-01  2.324657e+00 5.466454e+00
 7.407407e-01 -7.533464e-01  2.221254e+00 5.501501e+00
 7.417417e-01 -1.224355e+00  2.009077e+00 5.535436e+00
 7.427427e-01 -1.639393e+00  1.697242e+00 5.568237e+00
 7.437437e-01 -1.977382e+00  1.299940e+00 5.599883e+00
 7.447447e-01 -2.220753e+00  8.358277e-01 5.630353e+00
 7.457457e-01 -2.356393e+00  3.271698e-01 5.659626e+00
 7.467467e-01 -2.376383e+00 -2.012111e-01 5.687684e+00
 7.477477e-01 -2.278502e+00 -7.231430e-01 5.714509e+00
 7.487487e-01 -2.066435e+00 -1.212408e+00 5.740084e+00
 7.497497e-01 -1.749691e+00 -1.644072e+00 5.764392e+00
 7.507508e-01 -1.343225e+00 -1.995787e+00 5.787419e+00
 7.517518e-01 -8.667616e-01 -2.248972e+00 5.809149e+00
 7.527528e-01 -3.438609e-01 -2.389838e+00 5.829568e+00
 7.537538e-01  1.992290e-01 -2.410180e+00 5.848662e+00
 7.547548e-01  7.348890e-01 -2.307890e+00 5.866418e+00
 7.557558e-01  1.235540e+00 -2.087167e+00 5.882824e+00
 7.567568e-01  1.675083e+00 -1.758399e+00 5.897869e+00
 7.577578e-01  2.030285e+00 -1.337718e+00 5.911545e+00
 7.587588e-01  2.282043e+00 -8.462406e-01 5.923843e+00
 7.597598e-01  2.416455e+00 -3.090320e-01 5.934756e+00
 7.607608e-01  2.425631e+00  2.461600e-01 5.944279e+00
 7.617618e-01  2.308197e+00  7.903364e-01 5.952404e+00
 7.627628e-01  2.069467e+00  1.294772e+00 5.959127e+00
 7.637638e-01  1.721249e+00  1.732554e+00 5.964441e+00
 7.647648e-01  1.281308e+00  2.080047e+00 5.968344e+00
 7.657658e-01  7.724862e-01  2.318210e+00 5.970831e+00
 7.667668e-01  2.215441e-01  2.433685e+00 5.971903e+00
 7.677678e-01 -3.422396e-01  2.419593e+00 5.971560e+00
 7.687688e-01 -8.886241e-01  2.275995e+00 5.969804e+00
 7.697698e-01 -1.388043e+00  2.009969e+00 5.966640e+00
 7.707708e-01 -1.813230e+00  1.635318e+00 5.962070e+00
 7.717718e-01 -2.140741e+00  1.171889e+00 5.956097e+00
 7.727728e-01 -2.352291e+00  6.445531e-01 5.948724e+00
 7.737738e-01 -2.435826e+00  8.188964e-02 5.939954e+00
 7.747748e-01 -2.386257e+00 -4.853545e-01 5.929793e+00
 7.757758e-01 -2.205826e+00 -1.025952e+00 5.918248e+00
 7.767768e-01 -1.904056e+00 -1.509933e+00 5.905328e+00
 7.777778e-01 -1.497297e+00 -1.910274e+00 5.891044e+00
 7.787788e-01 -1.007877e+00 -2.204449e+00 5.875410e+00
 7.797798e-01 -4.629035e-01 -2.375744e+00 5.858439e+00
 7.807808e-01  1.072217e-01 -2.414259e+00 5.840143e+00
 7.817818e-01  6.704972e-01 -2.317535e+00 5.820533e+00
 7.827828e-01  1.195130e+00 -2.090762e+00 5.799620e+00
 7.837838e-01  1.651351e+00 -1.746555e+00 5.777415e+00
 7.847848e-01  2.013144e+00 -1.304293e+00 5.753930e+00
 7.857858e-01  2.259770e+00 -7.890641e-01 5.729183e+00
 7.867868e-01  2.377009e+00 -2.302638e-01 5.703193e+00
 7.877878e-01  2.358036e+00  3.400714e-01 5.675983e+00
 7.887888e-01  2.203875e+00  8.891050e-01 5.647574e+00
 7.897898e-01  1.923399e+00  1.385109e+00 5.617989e+00
 7.907908e-01  1.532866e+00  1.799325e+00 5.587248e+00
 7.917918e-01  1.055019e+00  2.107677e+00 5.555366e+00
 7.927928e-01  5.177897e-01  2.292216e+00 5.522359e+00
 7.937938e-01 -4.731601e-02  2.342222e+00 5.488245e+00
 7.947948e-01 -6.070649e-01  2.254887e+00 5.453043e+00
 7.957958e-01 -1.128460e+00  2.035523e+00 5.416778e+00
 7.967968e-01 -1.580713e+00  1.697300e+00 5.379480e+00
 7.977978e-01 -1.937096e+00  1.260492e+00 5.341181e+00
 7.987988e-01 -2.176568e+00  7.513071e-01 5.301911e+00
 7.997998e-01 -2.285075e+00  2.003280e-01 5.261699e+00
 8.008008e-01 -2.256427e+00 -3.593094e-01 5.220567e+00
 8.018018e-01 -2.092713e+00 -8.939164e-01 5.178533e+00
 8.028028e-01 -1.804205e+00 -1.371299e+00 5.135614e+00
 8.038038e-01 -1.408767e+00 -1.762727e+00 5.091832e+00
 8.048048e-01 -9.307878e-01 -2.044712e+00 5.047211e+00
 8.058058e-01 -3.997049e-01 -2.200459e+00 5.001785e+00
 8.068068e-01  1.517937e-01 -2.220935e+00 4.955593e+00
 8.078078e-01  6.897812e-01 -2.105440e+00 4.908674e+00
 8.088088e-01  1.181194e+00 -1.861678e+00 4.861065e+00
 8.098098e-01  1.595891e+00 -1.505300e+00 4.812795e+00
 8.108108e-01  1.908543e+00 -1.058937e+00 4.763886e+00
 8.118118e-01  2.100230e+00 -5.508037e-01 4.714353e+00
 8.128128e-01  2.159640e+00 -1.292751e-02 4.664211e+00
 8.138138e-01  2.083791e+00  5.208611e-01 4.613482e+00
 8.148148e-01  1.878235e+00  1.017068e+00 4.562195e+00
 8.158158e-01  1.556710e+00  1.444662e+00 4.510394e+00
 8.168168e-01  1.140269e+00  1.777052e+00 4.458125e+00
 8.178178e-01  6.559421e-01  1.993784e+00 4.405434e+00
 8.188188e-01  1.350042e-01  2.081858e+00 4.352360e+00
 8.198198e-01 -3.890378e-01  2.036560e+00 4.298928e+00
 8.208208e-01 -8.826053e-01  1.861763e+00 4.245152e+00
 8.218218e-01 -1.314221e+00  1.569669e+00 4.191039e+00
 8.228228e-01 -1.656550e+00  1.180017e+00 4.136598e+00
 8.238238e-01 -1.888175e+00  7.187816e-01 4.081851e+00
 8.248248e-01 -1.994987e+00  2.164713e-01 4.026835e+00
 8.258258e-01 -1.971100e+00 -2.938771e-01 3.971600e+00
 8.268268e-01 -1.819218e+00 -7.788761e-01 3.916204e+00
 8.278278e-01 -1.550442e+00 -1.206990e+00 3.860696e+00
 8.288288e-01 -1.183514e+00 -1.550615e+00 3.805110e+00
 8.298298e-01 -7.435507e-01 -1.787902e+00 3.749462e+00
 8.308308e-01 -2.603574e-01 -1.904196e+00 3.693748e+00
 8.318318e-01  2.335810e-01 -1.892988e+00 3.637964e+00
 8.328328e-01  7.052846e-01 -1.756327e+00 3.582110e+00
 8.338338e-01  1.123496e+00 -1.504649e+00 3.526212e+00
 8.348348e-01  1.460781e+00 -1.156042e+00 3.470314e+00
 8.358358e-01  1.695367e+00 -7.349898e-01 3.414481e+00
 8.368368e-01  1.812597e+00 -2.706834e-01 3.358776e+00
 8.378378e-01  1.805888e+00  2.049880e-01 3.303251e+00
 8.388388e-01  1.677146e+00  6.596272e-01 3.247928e+00
 8.398398e-01  1.436589e+00  1.062550e+00 3.192801e+00
 8.408408e-01  1.101997e+00  1.386884e+00 3.137845e+00
 8.418418e-01  6.974484e-01  1.611398e+00 3.083038e+00
 8.428428e-01  2.516134e-01  1.721937e+00 3.028376e+00
 8.438438e-01 -2.042578e-01  1.712357e+00 2.973889e+00
 8.448448e-01 -6.385272e-01  1.584905e+00 2.919640e+00
 8.458458e-01 -1.021377e+00  1.349999e+00 2.865708e+00
 8.468468e-01 -1.326885e+00  1.025446e+00 2.812165e+00
 8.478478e-01 -1.534813e+00  6.351398e-01 2.759053e+00
 8.488488e-01 -1.631990e+00  2.073263e-01 2.706374e+00
 8.498498e-01 -1.613187e+00 -2.274197e-01 2.654091e+00
 8.508509e-01 -1.481425e+00 -6.383819e-01 2.602150e+00
 8.518519e-01 -1.247690e+00 -9.968857e-01 2.550513e+00
 8.528529e-01 -9.300863e-01 -1.278325e+00 2.499175e+00
 8.538539e-01 -5.524736e-01 -1.463885e+00 2.448185e+00
 8.548549e-01 -1.427099e-01 -1.541837e+00 2.397628e+00
 8.558559e-01  2.693918e-01 -1.508321e+00 2.347603e+00
 8.568569e-01  6.542322e-01 -1.367539e+00 2.298183e+00
 8.578579e-01  9.845659e-01 -1.131381e+00 2.249394e+00
 8.588589e-01  1.237455e+00 -8.184782e-01 2.201201e+00
 8.598599e-01  1.395895e+00 -4.527763e-01 2.153528e+00
 8.608609e-01  1.449993e+00 -6.173315e-02 2.106291e+00
 8.618619e-01  1.397618e+00  3.257320e-01 2.059437e+00
 8.628629e-01  1.244468e+00  6.813786e-01 2.012977e+00
 8.638639e-01  1.003564e+00  9.797177e-01 1.966988e+00
 8.648649e-01  6.942030e-01  1.199863e+00 1.921588e+00
 8.658659e-01  3.404496e-01  1.327022e+00 1.876894e+00
 8.668669e-01 -3.070791e-02  1.353525e+00 1.832974e+00
 8.678679e-01 -3.914082e-01  1.279304e+00 1.789819e+00
 8.688689e-01 -7.150124e-01  1.111802e+00 1.747346e+00
 8.698699e-01 -9.780867e-01  8.653188e-01 1.705430e+00
 8.708709e-01 -1.162124e+00  5.598446e-01 1.663959e+00
 8.718719e-01 -1.254876e+00  2.194746e-01 1.622883e+00
 8.728729e-01 -1.251191e+00 -1.294697e-01 1.582242e+00
 8.738739e-01 -1.153311e+00 -4.604686e-01 1.542159e+00
 8.748749e-01 -9.705920e-01 -7.488255e-01 1.502789e+00
 8.758759e-01 -7.186859e-01 -9.735251e-01 1.464261e+00
 8.768769e-01 -4.182507e-01 -1.118788e+00 1.426621e+00
 8.778779e-01 -9.328622e-02 -1.175205e+00 1.389810e+00
 8.788789e-01  2.307661e-01 -1.140363e+00 1.353680e+00
 8.798799e-01  5.290119e-01 -1.018924e+00 1.318059e+00
 8.808809e-01  7.790250e-01 -8.221534e-01 1.282816e+00
 8.818819e-01  9.625501e-01 -5.669405e-01 1.247924e+00
 8.828829e-01  1.066858e+00 -2.743897e-01 1.213476e+00
 8.838839e-01  1.085649e+00  3.189657e-02 1.179650e+00
 8.848849e-01  1.019435e+00  3.277097e-01 1.146641e+00
 8.858859e-01  8.753865e-01  5.901476e-01 1.114576e+00
 8.868869e-01  6.666471e-01  7.993983e-01 1.083456e+00
 8.878879e-01  4.111892e-01  9.402521e-01 1.053151e+00
 8.888889e-01  1.303017e-01  1.003227e+00 1.023442e+00
 8.898899e-01 -1.531637e-01  9.852182e-01 9.941140e-01
 8.908909e-01 -4.166440e-01  8.896341e-01 9.650410e-01
 8.918919e-01 -6.396638e-01  7.259995e-01 9.362449e-01
 8.928929e-01 -8.054373e-01  5.090792e-01 9.078910e-01
 8.938939e-01 -9.021475e-01  2.575906e-01 8.802230e-01
 8.948949e-01 -9.238008e-01 -7.383058e-03 8.534624e-01
 8.958959e-01 -8.705968e-01 -2.641450e-01 8.277113e-01
 8.968969e-01 -7.487870e-01 -4.921583e-01 8.029017e-01
 8.978979e-01 -5.700431e-01 -6.736948e-01 7.788138e-01
 8.988989e-01 -3.503937e-01 -7.952259e-01 7.551599e-01
 8.998999e-01 -1.088221e-01 -8.484444e-01 7.317002e-01
 9.009009e-01  1.343521e-01 -8.308386e-01 7.083433e-01
 9.019019e-01  3.591730e-01 -7.457769e-01 6.851884e-01
 9.029029e-01  5.476851e-01 -6.021050e-01 6.624895e-01
 9.039039e-01  6.853748e-01 -4.132947e-01 6.405512e-01
 9.049049e-01  7.622969e-01 -1.962238e-01 6.196003e-01
 9.059059e-01  7.737992e-01  3.030543e-02 5.996836e-01
 9.069069e-01  7.207912e-01  2.471806e-01 5.806382e-01
 9.079079e-01  6.095404e-01  4.365874e-01 5.621480e-01
 9.089089e-01  4.510237e-01  5.834774e-01 5.438682e-01
 9.099099e-01  2.598949e-01  6.767718e-01 5.255653e-01
 9.109109e-01  5.316318e-02  7.102043e-01 5.072165e-01
 9.119119e-01 -1.513003e-01  6.827384e-01 4.890235e-01
 9.129129e-01 -3.362975e-01  5.985292e-01 4.713332e-01
 9.139139e-01 -4.867489e-01  4.664431e-01 4.544937e-01
 9.149149e-01 -5.909260e-01  2.991840e-01 4.387046e-01
 9.159159e-01 -6.413711e-01  1.121089e-01 4.239253e-01
 9.169169e-01 -6.354297e-01 -7.815897e-02 4.098797e-01
 9.179179e-01 -5.753577e-01 -2.551947e-01 3.961608e-01
 9.189189e-01 -4.680026e-01 -4.041865e-01 3.823931e-01
 9.199199e-01 -3.240947e-01 -5.131767e-01 3.683877e-01
 9.209209e-01 -1.572170e-01 -5.740262e-01 3.542233e-01
 9.219219e-01  1.744870e-02 -5.830215e-01 3.402185e-01
 9.229229e-01  1.844859e-01 -5.410799e-01 3.268025e-01
 9.239239e-01  3.295966e-01 -4.535435e-01 3.143356e-01
 9.249249e-01  4.408231e-01 -3.295878e-01 3.029531e-01
 9.259259e-01  5.095356e-01 -1.813067e-01 2.924987e-01
 9.269269e-01  5.311021e-01 -2.256321e-02 2.825785e-01
 9.279279e-01  5.051873e-01  1.322893e-01 2.727147e-01
 9.289289e-01  4.356650e-01  2.696952e-01 2.625395e-01
 9.299299e-01  3.301561e-01  3.780799e-01 2.519475e-01
 9.309309e-01  1.992459e-01  4.488257e-01 2.411434e-01
 9.319319e-01  5.545477e-02  4.769551e-01 2.305614e-01
 9.329329e-01 -8.793750e-02  4.614689e-01 2.206866e-01
 9.339339e-01 -2.181061e-01  4.053162e-01 2.118515e-01
 9.349349e-01 -3.238225e-01  3.150082e-01 2.040911e-01
 9.359359e-01 -3.964218e-01  1.999195e-01 1.971180e-01
 9.369369e-01 -4.305121e-01  7.134983e-02 1.904314e-01
 9.379379e-01 -4.243671e-01 -5.856385e-02 1.835172e-01
 9.389389e-01 -3.799747e-01 -1.779799e-01 1.760577e-01
 9.399399e-01 -3.027438e-01 -2.764248e-01 1.680645e-01
 9.409409e-01 -2.009061e-01 -3.457081e-01 1.598774e-01
 9.419419e-01 -8.467494e-02 -3.806013e-01 1.520272e-01
 9.429429e-01  3.475545e-02 -3.792215e-01 1.450169e-01
 9.439439e-01  1.462734e-01 -3.430949e-01 1.391100e-01
 9.449449e-01  2.398753e-01 -2.769019e-01 1.342149e-01
 9.459459e-01  3.075597e-01 -1.879365e-01 1.299131e-01
 9.469469e-01  3.440082e-01 -8.533900e-02 1.256244e-01
 9.479479e-01  3.469973e-01  2.081958e-02 1.208406e-01
 9.489489e-01  3.175071e-01  1.205112e-01 1.153337e-01
 9.499499e-01  2.595270e-01  2.046896e-01 1.092521e-01
 9.509510e-01  1.795826e-01  2.661054e-01 1.030620e-01
 9.519520e-01  8.603821e-02  2.999260e-01 9.735818e-02
 9.529530e-01 -1.175500e-02  3.041053e-01 9.261820e-02
 9.539540e-01 -1.043780e-01  2.794771e-01 8.900223e-02
 9.549550e-01 -1.832417e-01  2.295718e-01 8.628074e-02
 9.559560e-01 -2.413788e-01  1.601809e-01 8.392165e-02
 9.569570e-01 -2.740545e-01  7.872183e-02 8.130299e-02
 9.579580e-01 -2.791456e-01 -6.532684e-03 7.796494e-02
 9.589590e-01 -2.572556e-01 -8.727962e-02 7.379819e-02
 9.599600e-01 -2.115634e-01 -1.559851e-01 6.909041e-02
 9.609610e-01 -1.474274e-01 -2.065809e-01 6.441053e-02
 9.619620e-01 -7.179141e-02 -2.349949e-01 6.037660e-02
 9.629630e-01  7.545216e-03 -2.394672e-01 5.740148e-02
 9.639640e-01  8.271679e-02 -2.206315e-01 5.552032e-02
 9.649650e-01  1.465617e-01 -1.813582e-01 5.437115e-02
 9.659660e-01  1.932987e-01 -1.263861e-01 5.333782e-02
 9.669670e-01  2.190450e-01 -6.178296e-02 5.179784e-02
 9.679680e-01  2.221310e-01  5.702779e-03 4.937470e-02
 9.689690e-01  2.031856e-01  6.933385e-02 4.609155e-02
 9.699700e-01  1.649911e-01  1.230479e-01 4.236284e-02
 9.709710e-01  1.121299e-01  1.620288e-01 3.882643e-02
 9.719720e-01  5.046349e-02  1.831317e-01 3.608379e-02
 9.729730e-01 -1.349816e-02  1.851254e-01 3.445362e-02
 9.739740e-01 -7.327048e-02  1.687330e-01 3.383938e-02
 9.749750e-01 -1.230428e-01  1.364759e-01 3.376518e-02
 9.759760e-01 -1.582365e-01  9.234334e-02 3.356607e-02
 9.769770e-01 -1.759204e-01  4.132752e-02 3.265595e-02
 9.779780e-01 -1.750453e-01 -1.112355e-02 3.076460e-02
 9.789790e-01 -1.564799e-01 -5.967638e-02 2.804724e-02
 9.799800e-01 -1.228515e-01 -9.964690e-02 2.502199e-02
 9.809810e-01 -7.821317e-02 -1.274466e-01 2.235993e-02
 9.819820e-01 -2.757834e-02 -1.408975e-01 2.061268e-02
 9.829830e-01  2.362703e-02 -1.393896e-01 1.998770e-02
 9.839840e-01  7.013445e-02 -1.238695e-01 2.026249e-02
 9.849850e-01  1.073667e-01 -9.666975e-02 2.087265e-02
 9.859860e-01  1.318817e-01 -6.120257e-02 2.113854e-02
 9.869870e-01  1.416836e-01 -2.155481e-02 2.053885e-02
 9.879880e-01  1.363739e-01  1.796846e-02 1.892069e-02
 9.889890e-01  1.171321e-01  5.330251e-02 1.656109e-02
 9.899900e-01  8.653424e-02  8.103504e-02 1.405485e-02
 9.909910e-01  4.823272e-02  9.873064e-02 1.207413e-02
 9.919920e-01  6.536528e-03  1.051369e-01 1.109649e-02
 9.929930e-01 -3.406172e-02  1.002554e-01 1.121135e-02
 9.939940e-01 -6.936070e-02  8.527675e-02 1.208303e-02
 9.949950e-01 -9.587757e-02  6.239082e-02 1.308512e-02
 9.959960e-01 -1.111846e-01  3.450054e-02 1.355231e-02
 9.969970e-01 -1.141234e-01  4.872399e-03 1.304789e-02
 9.979980e-01 -1.048779e-01 -2.323464e-02 1.153922e-02
 9.989990e-01 -8.490487e-02 -4.692081e-02 9.410400e-03
 1.000000e+00 -5.673282e-02 -6.394032e-02 7.306978e-03
