# x psi_r psi_i psi2 
 0.000000e+00  6.514264e-04  1.889810e-03 3.995740e-06
 1.001001e-03 -3.357548e-05  2.340941e-03 5.481134e-06
 2.002002e-03 -6.364649e-04  2.461696e-03 6.465034e-06
 3.003003e-03 -1.066338e-03  2.258052e-03 6.235875e-06
 4.004004e-03 -1.267182e-03  1.776255e-03 4.760832e-06
 5.005005e-03 -1.224540e-03  1.094007e-03 2.696348e-06
 6.006006e-03 -9.652980e-04  3.085014e-04 1.026973e-06
 7.007007e-03 -5.509716e-04 -4.768812e-04 5.309853e-07
 8.008008e-03 -6.583021e-05 -1.165514e-03 1.362756e-06
 9.009009e-03  3.980621e-04 -1.678525e-03 2.975901e-06
 1.001001e-02  7.564368e-04 -1.962792e-03 4.424747e-06
 1.101101e-02  9.465778e-04 -1.995240e-03 4.876990e-06
 1.201201e-02  9.371552e-04 -1.783382e-03 4.058711e-06
 1.301301e-02  7.327080e-04 -1.362367e-03 2.392905e-06
 1.401401e-02  3.722166e-04 -7.892687e-04 7.614902e-07
 1.501502e-02 -7.788003e-05 -1.354764e-04 2.441915e-08
 1.601602e-02 -5.350155e-04  5.217883e-04 5.585046e-07
 1.701702e-02 -9.143376e-04  1.107923e-03 2.063508e-06
 1.801802e-02 -1.142861e-03  1.558512e-03 3.735090e-06
 1.901902e-02 -1.171721e-03  1.825421e-03 4.705093e-06
 2.002002e-02 -9.846341e-04  1.880992e-03 4.507636e-06
 2.102102e-02 -6.012540e-04  1.720153e-03 3.320431e-06
 2.202202e-02 -7.489786e-05  1.360402e-03 1.856304e-06
 2.302302e-02  5.150380e-04  8.398284e-04 9.705759e-07
 2.402402e-02  1.074863e-03  2.133428e-04 1.200846e-06
 2.502503e-02  1.510839e-03 -4.525004e-04 2.487390e-06
 2.602603e-02  1.743779e-03 -1.085767e-03 4.219653e-06
 2.702703e-02  1.721833e-03 -1.615994e-03 5.576146e-06
 2.802803e-02  1.429532e-03 -1.981179e-03 5.968633e-06
 2.902903e-02  8.916938e-04 -2.134288e-03 5.350303e-06
 3.003003e-02  1.715127e-04 -2.048765e-03 4.226853e-06
 3.103103e-02 -6.370107e-04 -1.722396e-03 3.372430e-06
 3.203203e-02 -1.421361e-03 -1.179065e-03 3.410461e-06
 3.303303e-02 -2.065883e-03 -4.679558e-04 4.486855e-06
 3.403403e-02 -2.468160e-03  3.399495e-04 6.207381e-06
 3.503504e-02 -2.554133e-03  1.158042e-03 7.864654e-06
 3.603604e-02 -2.289828e-03  1.892510e-03 8.824905e-06
 3.703704e-02 -1.688002e-03  2.452369e-03 8.863462e-06
 3.803804e-02 -8.086346e-04  2.760068e-03 8.271865e-06
 3.903904e-02  2.469668e-04  2.761556e-03 7.687183e-06
 4.004004e-02  1.347857e-03  2.434502e-03 7.743516e-06
 4.104104e-02  2.349558e-03  1.793546e-03 8.737233e-06
 4.204204e-02  3.112600e-03  8.916056e-04 1.048324e-05
 4.304304e-02  3.521133e-03 -1.832822e-04 1.243197e-05
 4.404404e-02  3.499211e-03 -1.315639e-03 1.397538e-05
 4.504505e-02  3.022564e-03 -2.374193e-03 1.477269e-05
 4.604605e-02  2.124206e-03 -3.226454e-03 1.492226e-05
 4.704705e-02  8.929610e-04 -3.754613e-03 1.489450e-05
 4.804805e-02 -5.351389e-04 -3.870958e-03 1.527069e-05
 4.904905e-02 -1.991751e-03 -3.530810e-03 1.643369e-05
 5.005005e-02 -3.295774e-03 -2.741211e-03 1.837637e-05
 5.105105e-02 -4.275286e-03 -1.563919e-03 2.072391e-05
 5.205205e-02 -4.789274e-03 -1.119422e-04 2.294967e-05
 5.305305e-02 -4.746463e-03  1.460457e-03 2.466185e-05
 5.405405e-02 -4.118882e-03  2.973498e-03 2.580688e-05
 5.505506e-02 -2.948311e-03  4.241841e-03 2.668575e-05
 5.605606e-02 -1.344591e-03  5.096567e-03 2.778292e-05
 5.705706e-02  5.243020e-04  5.406647e-03 2.950673e-05
 5.805806e-02  2.449556e-03  5.097209e-03 3.198186e-05
 5.905906e-02  4.204414e-03  4.162205e-03 3.500105e-05
 6.006006e-02  5.570182e-03  2.669571e-03 3.815354e-05
 6.106106e-02  6.362418e-03  7.578343e-04 4.105468e-05
 6.206206e-02  6.454264e-03 -1.375949e-03 4.355075e-05
 6.306306e-02  5.794086e-03 -3.495924e-03 4.579292e-05
 6.406406e-02  4.415174e-03 -5.352950e-03 4.814784e-05
 6.506507e-02  2.436049e-03 -6.713109e-03 5.100017e-05
 6.606607e-02  5.098796e-05 -7.386037e-03 5.455615e-05
 6.706707e-02 -2.488569e-03 -7.249679e-03 5.875082e-05
 6.806807e-02 -4.899967e-03 -6.268406e-03 6.330260e-05
 6.906907e-02 -6.900006e-03 -4.502016e-03 6.787823e-05
 7.007007e-02 -8.237062e-03 -2.104157e-03 7.227667e-05
 7.107107e-02 -8.721111e-03  6.901858e-04 7.653414e-05
 7.207207e-02 -8.248185e-03  3.587156e-03 8.090025e-05
 7.307307e-02 -6.816318e-03  6.264378e-03 8.570462e-05
 7.407407e-02 -4.530830e-03  8.406023e-03 9.118965e-05
 7.507508e-02 -1.597935e-03  9.738858e-03 9.739876e-05
 7.607608e-02  1.693136e-03  1.006520e-02 1.041750e-04
 7.707708e-02  4.997979e-03  9.288970e-03 1.112648e-04
 7.807808e-02  7.952226e-03  7.431579e-03 1.184663e-04
 7.907908e-02  1.021055e-02  4.635519e-03 1.257433e-04
 8.008008e-02  1.148537e-02  1.154683e-03 1.332470e-04
 8.108108e-02  1.158108e-02 -2.668010e-03 1.412398e-04
 8.208208e-02  1.041986e-02 -6.433793e-03 1.499673e-04
 8.308308e-02  8.055923e-03 -9.728783e-03 1.595471e-04
 8.408408e-02  4.676214e-03 -1.216820e-02 1.699321e-04
 8.508509e-02  5.869251e-04 -1.343940e-02 1.809619e-04
 8.608609e-02 -3.813392e-03 -1.333901e-02 1.924712e-04
 8.708709e-02 -8.071768e-03 -1.180006e-02 2.043949e-04
 8.808809e-02 -1.172626e-02 -8.905708e-03 2.168168e-04
 8.908909e-02 -1.435443e-02 -4.887619e-03 2.299385e-04
 9.009009e-02 -1.561987e-02 -1.086456e-04 2.439920e-04
 9.109109e-02 -1.531180e-02  4.969118e-03 2.591432e-04
 9.209209e-02 -1.337336e-02  9.828034e-03 2.754371e-04
 9.309309e-02 -9.915152e-03  1.394635e-02 2.928109e-04
 9.409409e-02 -5.211952e-03  1.685228e-02 3.111637e-04
 9.509510e-02  3.176253e-04  1.817533e-02 3.304434e-04
 9.609610e-02  6.147270e-03  1.768942e-02 3.507046e-04
 9.709710e-02  1.169181e-02  1.534315e-02 3.721107e-04
 9.809810e-02  1.636429e-02  1.127348e-02 3.948815e-04
 9.909910e-02  1.963587e-02  5.800961e-03 4.192185e-04
 1.001001e-01  2.109251e-02 -5.939580e-04 4.452468e-04
 1.011011e-01  2.048272e-02 -7.311751e-03 4.730035e-04
 1.021021e-01  1.775102e-02 -1.368852e-02 5.024745e-04
 1.031031e-01  1.305334e-02 -1.905963e-02 5.336592e-04
 1.041041e-01  6.751891e-03 -2.282629e-02 5.666273e-04
 1.051051e-01 -6.107585e-04 -2.451868e-02 6.015387e-04
 1.061061e-01 -8.356743e-03 -2.384923e-02 6.386208e-04
 1.071071e-01 -1.573350e-02 -2.075024e-02 6.781156e-04
 1.081081e-01 -2.198462e-02 -1.539172e-02 7.202285e-04
 1.091091e-01 -2.642435e-02 -8.176599e-03 7.651030e-04
 1.101101e-01 -2.850881e-02  2.870785e-04 8.128344e-04
 1.111111e-01 -2.789661e-02  9.235343e-03 8.635125e-04
 1.121121e-01 -2.449272e-02  1.781505e-02 9.172693e-04
 1.131131e-01 -1.847038e-02  2.516254e-02 9.743081e-04
 1.141141e-01 -1.026811e-02  3.048714e-02 1.034900e-03
 1.151151e-01 -5.608903e-04  3.315172e-02 1.099351e-03
 1.161161e-01  9.792905e-03  3.274236e-02 1.167963e-03
 1.171171e-01  1.982487e-02  2.912009e-02 1.241005e-03
 1.181181e-01  2.854409e-02  2.244869e-02 1.318709e-03
 1.191191e-01  3.503125e-02  1.319498e-02 1.401296e-03
 1.201201e-01  3.853055e-02  2.100144e-03 1.489014e-03
 1.211211e-01  3.853073e-02 -9.876609e-03 1.582165e-03
 1.221221e-01  3.482689e-02 -2.163795e-02 1.681113e-03
 1.231231e-01  2.755641e-02 -3.204555e-02 1.786273e-03
 1.241241e-01  1.720419e-02 -4.002614e-02 1.898076e-03
 1.251251e-01  4.575405e-03 -4.467675e-02 2.016946e-03
 1.261261e-01 -9.263457e-03 -4.535945e-02 2.143291e-03
 1.271271e-01 -2.307124e-02 -4.177594e-02 2.277511e-03
 1.281281e-01 -3.553962e-02 -3.401410e-02 2.420024e-03
 1.291291e-01 -4.541264e-02 -2.256072e-02 2.571294e-03
 1.301301e-01 -5.160743e-02 -8.277438e-03 2.731843e-03
 1.311311e-01 -5.332519e-02  7.659627e-03 2.902245e-03
 1.321321e-01 -5.014136e-02  2.385279e-02 3.083111e-03
 1.331331e-01 -4.206573e-02  3.880130e-02 3.275066e-03
 1.341341e-01 -2.956517e-02  5.103565e-02 3.478737e-03
 1.351351e-01 -1.354509e-02  5.925608e-02 3.694752e-03
 1.361361e-01  4.710710e-03  6.246256e-02 3.923762e-03
 1.371371e-01  2.363857e-02  6.006390e-02 4.166454e-03
 1.381381e-01  4.152442e-02  5.195472e-02 4.423571e-03
 1.391391e-01  5.665409e-02  3.855156e-02 4.695909e-03
 1.401401e-01  6.747138e-02  2.078278e-02 4.984311e-03
 1.411411e-01  7.272999e-02  3.077074e-05 5.289652e-03
 1.421421e-01  7.162481e-02 -2.197066e-02 5.612824e-03
 1.431431e-01  6.388962e-02 -4.327644e-02 5.954733e-03
 1.441441e-01  4.985037e-02 -6.189709e-02 6.316310e-03
 1.451451e-01  3.042716e-02 -7.597834e-02 6.698520e-03
 1.461461e-01  7.081889e-03 -8.397754e-02 7.102381e-03
 1.471471e-01 -1.828614e-02 -8.482087e-02 7.528962e-03
 1.481481e-01 -4.348984e-02 -7.802576e-02 7.979385e-03
 1.491491e-01 -6.623777e-02 -6.377590e-02 8.454808e-03
 1.501502e-01 -8.433634e-02 -4.293954e-02 8.956422e-03
 1.511512e-01 -9.589334e-02 -1.702657e-02 9.485437e-03
 1.521522e-01 -9.950447e-02  1.191440e-02 1.004309e-02
 1.531532e-01 -9.440504e-02  4.145296e-02 1.063066e-02
 1.541542e-01 -8.057160e-02  6.897588e-02 1.124945e-02
 1.551552e-01 -5.876177e-02  9.191242e-02 1.190084e-02
 1.561562e-01 -3.048600e-02  1.079668e-01 1.258622e-02
 1.571572e-01  2.089730e-03  1.153373e-01 1.330705e-02
 1.581582e-01  3.630439e-02  1.129017e-01 1.406481e-02
 1.591592e-01  6.921439e-02  1.003513e-01 1.486101e-02
 1.601602e-01  9.784131e-02  7.825748e-02 1.569716e-02
 1.611612e-01  1.194344e-01  4.806508e-02 1.657482e-02
 1.621622e-01  1.317248e-01  1.200608e-02 1.749557e-02
 1.631632e-01  1.331496e-01 -2.705947e-02 1.846104e-02
 1.641642e-01  1.230227e-01 -6.586562e-02 1.947286e-02
 1.651652e-01  1.016366e-01 -1.010085e-01 2.053273e-02
 1.661662e-01  7.028281e-02 -1.292388e-01 2.164234e-02
 1.671672e-01  3.118459e-02 -1.477529e-01 2.280340e-02
 1.681682e-01 -1.265416e-02 -1.544588e-01 2.401764e-02
 1.691692e-01 -5.767533e-02 -1.481902e-01 2.528678e-02
 1.701702e-01 -1.000511e-01 -1.288501e-01 2.661256e-02
 1.711712e-01 -1.360039e-01 -9.746623e-02 2.799674e-02
 1.721722e-01 -1.621357e-01 -5.615216e-02 2.944106e-02
 1.731732e-01 -1.757377e-01 -7.971729e-03 3.094730e-02
 1.741742e-01 -1.750535e-01  4.328371e-02 3.251720e-02
 1.751752e-01 -1.594704e-01  9.339015e-02 3.415252e-02
 1.761762e-01 -1.296202e-01  1.380347e-01 3.585497e-02
 1.771772e-01 -8.737710e-02  1.731806e-01 3.762627e-02
 1.781782e-01 -3.574849e-02  1.954230e-01 3.946809e-02
 1.791792e-01  2.133452e-02  2.023040e-01 4.138209e-02
 1.801802e-01  7.931375e-02  1.925596e-01 4.336989e-02
 1.811812e-01  1.333650e-01  1.662735e-01 4.543308e-02
 1.821822e-01  1.787947e-01  1.249226e-01 4.757320e-02
 1.831832e-01  2.114405e-01  7.130697e-02 4.979176e-02
 1.841842e-01  2.280405e-01  9.364377e-03 5.209018e-02
 1.851852e-01  2.265409e-01 -5.611662e-02 5.446983e-02
 1.861862e-01  2.063113e-01 -1.198653e-01 5.693203e-02
 1.871872e-01  1.682500e-01 -1.765501e-01 5.947798e-02
 1.881882e-01  1.147636e-01 -2.212197e-01 6.210885e-02
 1.891892e-01  4.962115e-02 -2.497267e-01 6.482569e-02
 1.901902e-01 -2.230976e-02 -2.590979e-01 6.762947e-02
 1.911912e-01 -9.542665e-02 -2.478201e-01 7.052106e-02
 1.921922e-01 -1.638276e-01 -2.160133e-01 7.350121e-02
 1.931932e-01 -2.217849e-01 -1.654751e-01 7.657056e-02
 1.941942e-01 -2.642190e-01 -9.958905e-02 7.972964e-02
 1.951952e-01 -2.871328e-01 -2.309911e-02 8.297883e-02
 1.961962e-01 -2.879712e-01  5.823233e-02 8.631839e-02
 1.971972e-01 -2.658719e-01  1.380600e-01 8.974842e-02
 1.981982e-01 -2.217876e-01  2.099504e-01 9.326891e-02
 1.991992e-01 -1.584627e-01  2.678978e-01 9.687965e-02
 2.002002e-01 -8.026594e-02  3.068186e-01 1.005803e-01
 2.012012e-01  7.113095e-03  3.229857e-01 1.043703e-01
 2.022022e-01  9.708075e-02  3.143635e-01 1.082491e-01
 2.032032e-01  1.826394e-01  2.808175e-01 1.122156e-01
 2.042042e-01  2.569318e-01  2.241763e-01 1.162689e-01
 2.052052e-01  3.137878e-01  1.481385e-01 1.204078e-01
 2.062062e-01  3.482286e-01  5.803025e-02 1.246307e-01
 2.072072e-01  3.568893e-01 -3.957310e-02 1.289360e-01
 2.082082e-01  3.383224e-01 -1.373313e-01 1.333219e-01
 2.092092e-01  2.931577e-01 -2.276948e-01 1.377864e-01
 2.102102e-01  2.241027e-01 -3.034882e-01 1.423271e-01
 2.112112e-01  1.357799e-01 -3.584765e-01 1.469416e-01
 2.122122e-01  3.441226e-02 -3.878697e-01 1.516271e-01
 2.132132e-01 -7.262254e-02 -3.887246e-01 1.563808e-01
 2.142142e-01 -1.773353e-01 -3.602107e-01 1.611996e-01
 2.152152e-01 -2.717260e-01 -3.037185e-01 1.660799e-01
 2.162162e-01 -3.483955e-01 -2.227980e-01 1.710184e-01
 2.172172e-01 -4.011224e-01 -1.229305e-01 1.760111e-01
 2.182182e-01 -4.253584e-01 -1.114878e-02 1.810540e-01
 2.192192e-01 -4.186043e-01  1.044673e-01 1.861429e-01
 2.202202e-01 -3.806360e-01  2.153824e-01 1.912734e-01
 2.212212e-01 -3.135612e-01  3.132411e-01 1.964406e-01
 2.222222e-01 -2.216999e-01  3.904983e-01 2.016398e-01
 2.232232e-01 -1.112977e-01  4.409973e-01 2.068658e-01
 2.242242e-01  9.910133e-03  4.604509e-01 2.121133e-01
 2.252252e-01  1.332518e-01  4.467894e-01 2.173768e-01
 2.262262e-01  2.497482e-01  4.003454e-01 2.226506e-01
 2.272272e-01  3.507721e-01  3.238638e-01 2.279288e-01
 2.282282e-01  4.286889e-01  2.223315e-01 2.332054e-01
 2.292292e-01  4.774298e-01  1.026399e-01 2.384742e-01
 2.302302e-01  4.929556e-01 -2.689582e-02 2.437286e-01
 2.312312e-01  4.735751e-01 -1.571272e-01 2.489623e-01
 2.322322e-01  4.200940e-01 -2.787284e-01 2.541685e-01
 2.332332e-01  3.357833e-01 -3.828706e-01 2.593404e-01
 2.342342e-01  2.261672e-01 -4.618651e-01 2.644710e-01
 2.352352e-01  9.864628e-02 -5.097277e-01 2.695534e-01
 2.362362e-01 -3.801719e-02 -5.226233e-01 2.745804e-01
 2.372372e-01 -1.743152e-01 -4.991584e-01 2.795448e-01
 2.382382e-01 -3.006663e-01 -4.404987e-01 2.844394e-01
 2.392392e-01 -4.080970e-01 -3.503050e-01 2.892567e-01
 2.402402e-01 -4.888808e-01 -2.344890e-01 2.939895e-01
 2.412412e-01 -5.370919e-01 -1.008099e-01 2.986304e-01
 2.422422e-01 -5.490320e-01  4.166281e-02 3.031719e-01
 2.432432e-01 -5.234999e-01  1.831791e-01 3.076067e-01
 2.442442e-01 -4.618865e-01  3.139878e-01 3.119275e-01
 2.452452e-01 -3.680867e-01  4.250167e-01 3.161270e-01
 2.462462e-01 -2.482360e-01  5.085045e-01 3.201979e-01
 2.472472e-01 -1.102913e-01  5.585418e-01 3.241331e-01
 2.482482e-01  3.651540e-02  5.714825e-01 3.279256e-01
 2.492492e-01  1.823107e-01  5.461971e-01 3.315685e-01
 2.502503e-01  3.172566e-01  4.841520e-01 3.350549e-01
 2.512513e-01  4.322229e-01  3.893091e-01 3.383782e-01
 2.522523e-01  5.194093e-01  2.678545e-01 3.415320e-01
 2.532533e-01  5.728729e-01  1.277759e-01 3.445100e-01
 2.542543e-01  5.889279e-01 -2.168147e-02 3.473062e-01
 2.552553e-01  5.663887e-01 -1.706414e-01 3.499146e-01
 2.562563e-01  5.066421e-01 -3.092630e-01 3.523298e-01
 2.572573e-01  4.135455e-01 -4.283998e-01 3.545463e-01
 2.582583e-01  2.931587e-01 -5.202086e-01 3.565590e-01
 2.592593e-01  1.533300e-01 -5.786649e-01 3.583632e-01
 2.602603e-01  3.165891e-03 -5.999536e-01 3.599543e-01
 2.612613e-01 -1.475795e-01 -5.827079e-01 3.613282e-01
 2.622623e-01 -2.891514e-01 -5.280838e-01 3.624810e-01
 2.632633e-01 -4.124359e-01 -4.396656e-01 3.634092e-01
 2.642643e-01 -5.095520e-01 -3.232125e-01 3.641096e-01
 2.652653e-01 -5.743562e-01 -1.862643e-01 3.645795e-01
 2.662663e-01 -6.028267e-01 -3.763418e-02 3.648164e-01
 2.672673e-01 -5.933041e-01  1.131751e-01 3.648184e-01
 2.682683e-01 -5.465747e-01  2.565930e-01 3.645838e-01
 2.692693e-01 -4.657931e-01  3.835992e-01 3.641115e-01
 2.702703e-01 -3.562529e-01  4.862969e-01 3.634008e-01
 2.712713e-01 -2.250211e-01  5.584055e-01 3.624512e-01
 2.722723e-01 -8.046478e-02  5.956412e-01 3.612630e-01
 2.732733e-01  6.829911e-02  5.959630e-01 3.598367e-01
 2.742743e-01  2.119929e-01  5.596715e-01 3.581732e-01
 2.752753e-01  3.417676e-01  4.893555e-01 3.562739e-01
 2.762763e-01  4.497545e-01  3.896944e-01 3.541408e-01
 2.772773e-01  5.295444e-01  2.671307e-01 3.517761e-01
 2.782783e-01  5.765661e-01  1.294371e-01 3.491825e-01
 2.792793e-01  5.883402e-01 -1.479171e-02 3.463630e-01
 2.802803e-01  5.645970e-01 -1.566893e-01 3.433213e-01
 2.812813e-01  5.072525e-01 -2.876734e-01 3.400611e-01
 2.822823e-01  4.202491e-01 -3.999719e-01 3.365868e-01
 2.832833e-01  3.092715e-01 -4.870875e-01 3.329031e-01
 2.842843e-01  1.813623e-01 -5.441717e-01 3.290151e-01
 2.852853e-01  4.446071e-02 -5.682882e-01 3.249282e-01
 2.862863e-01 -9.310273e-02 -5.585519e-01 3.206483e-01
 2.872873e-01 -2.231232e-01 -5.161372e-01 3.161815e-01
 2.882883e-01 -3.380184e-01 -4.441600e-01 3.115345e-01
 2.892893e-01 -4.312746e-01 -3.474427e-01 3.067142e-01
 2.902903e-01 -4.978148e-01 -2.321816e-01 3.017279e-01
 2.912913e-01 -5.342704e-01 -1.055384e-01 2.965832e-01
 2.922923e-01 -5.391403e-01  2.481554e-02 2.912881e-01
 2.932933e-01 -5.128329e-01  1.511730e-01 2.858509e-01
 2.942943e-01 -4.575905e-01  2.662537e-01 2.802801e-01
 2.952953e-01 -3.773051e-01  3.636281e-01 2.745845e-01
 2.962963e-01 -2.772405e-01  4.380764e-01 2.687732e-01
 2.972973e-01 -1.636801e-01  4.858643e-01 2.628553e-01
 2.982983e-01 -4.352388e-02  5.049216e-01 2.568401e-01
 2.992993e-01  7.613802e-02  4.949144e-01 2.507372e-01
 3.003003e-01  1.884501e-01  4.572118e-01 2.445561e-01
 3.013013e-01  2.871879e-01  3.947523e-01 2.383062e-01
 3.023023e-01  3.671039e-01  3.118204e-01 2.319973e-01
 3.033033e-01  4.242037e-01  2.137522e-01 2.256387e-01
 3.043043e-01  4.559380e-01  1.065871e-01 2.192403e-01
 3.053053e-01  4.613029e-01 -3.308193e-03 2.128113e-01
 3.063063e-01  4.408449e-01 -1.096227e-01 2.063614e-01
 3.073073e-01  3.965747e-01 -2.064666e-01 1.998999e-01
 3.083083e-01  3.317976e-01 -2.886983e-01 1.934364e-01
 3.093093e-01  2.508749e-01 -3.521959e-01 1.869802e-01
 3.103103e-01  1.589316e-01 -3.940576e-01 1.805407e-01
 3.113113e-01  6.153126e-02 -4.127241e-01 1.741272e-01
 3.123123e-01 -3.566223e-02 -4.080165e-01 1.677492e-01
 3.133133e-01 -1.272155e-01 -3.810933e-01 1.614159e-01
 3.143143e-01 -2.082296e-01 -3.343306e-01 1.551365e-01
 3.153153e-01 -2.746006e-01 -2.711358e-01 1.489201e-01
 3.163163e-01 -3.232233e-01 -1.957100e-01 1.427757e-01
 3.173173e-01 -3.521280e-01 -1.127734e-01 1.367120e-01
 3.183183e-01 -3.605463e-01 -2.727242e-02 1.307374e-01
 3.193193e-01 -3.489036e-01  5.591390e-02 1.248601e-01
 3.203203e-01 -3.187436e-01  1.322508e-01 1.190877e-01
 3.213213e-01 -2.725906e-01  1.977928e-01 1.134276e-01
 3.223223e-01 -2.137616e-01  2.493843e-01 1.078866e-01
 3.233233e-01 -1.461407e-01  2.848048e-01 1.024709e-01
 3.243243e-01 -7.393049e-02  3.028539e-01 9.718622e-02
 3.253253e-01 -1.396713e-03  3.033743e-01 9.203791e-02
 3.263263e-01  6.737945e-02  2.872119e-01 8.703069e-02
 3.273273e-01  1.287271e-01  2.561215e-01 8.216891e-02
 3.283283e-01  1.795774e-01  2.126229e-01 7.745653e-02
 3.293293e-01  2.176114e-01  1.598201e-01 7.289720e-02
 3.303303e-01  2.413583e-01  1.011953e-01 6.849431e-02
 3.313313e-01  2.502393e-01  4.039001e-02 6.425107e-02
 3.323323e-01  2.445589e-01 -1.901251e-02 6.017052e-02
 3.333333e-01  2.254444e-01 -7.369130e-02 5.625558e-02
 3.343343e-01  1.947417e-01 -1.207673e-01 5.250905e-02
 3.353353e-01  1.548734e-01 -1.579486e-01 4.893355e-02
 3.363363e-01  1.086711e-01 -1.836357e-01 4.553150e-02
 3.373373e-01  5.919071e-02 -1.969809e-01 4.230502e-02
 3.383383e-01  9.524112e-03 -1.979019e-01 3.925586e-02
 3.393393e-01 -3.738285e-02 -1.870503e-01 3.638528e-02
 3.403403e-01 -7.889573e-02 -1.657391e-01 3.369397e-02
 3.413413e-01 -1.128311e-01 -1.358347e-01 3.118194e-02
 3.423423e-01 -1.375641e-01 -9.962233e-02 2.884848e-02
 3.433433e-01 -1.520977e-01 -5.965210e-02 2.669210e-02
 3.443443e-01 -1.560944e-01 -1.857756e-02 2.471058e-02
 3.453453e-01 -1.498658e-01  2.100555e-02 2.290100e-02
 3.463463e-01 -1.343272e-01  5.670995e-02 2.125981e-02
 3.473473e-01 -1.109174e-01  8.648916e-02 1.978304e-02
 3.483483e-01 -8.149215e-02  1.087445e-01 1.846634e-02
 3.493493e-01 -4.819787e-02  1.224020e-01 1.730528e-02
 3.503504e-01 -1.333285e-02  1.269554e-01 1.629543e-02
 3.513514e-01  2.079443e-02  1.224751e-01 1.543256e-02
 3.523524e-01  5.200242e-02  1.095833e-01 1.471275e-02
 3.533534e-01  7.836128e-02  8.939764e-02 1.413243e-02
 3.543544e-01  9.829867e-02  6.344917e-02 1.368843e-02
 3.553554e-01  1.106813e-01  3.357861e-02 1.337788e-02
 3.563564e-01  1.148687e-01  1.818749e-03 1.319812e-02
 3.573574e-01  1.107365e-01 -2.973056e-02 1.314648e-02
 3.583584e-01  9.867051e-02 -5.902718e-02 1.322008e-02
 3.593594e-01  7.953095e-02 -8.420453e-02 1.341557e-02
 3.603604e-01  5.459149e-02 -1.036760e-01 1.372893e-02
 3.613614e-01  2.545647e-02 -1.162204e-01 1.415522e-02
 3.623624e-01 -6.038238e-03 -1.210455e-01 1.468848e-02
 3.633634e-01 -3.793465e-02 -1.178245e-01 1.532164e-02
 3.643644e-01 -6.826623e-02 -1.067069e-01 1.604663e-02
 3.653654e-01 -9.516915e-02 -8.830236e-02 1.685447e-02
 3.663664e-01 -1.169854e-01 -6.363980e-02 1.773561e-02
 3.673674e-01 -1.323523e-01 -3.410405e-02 1.868022e-02
 3.683684e-01 -1.402741e-01 -1.355068e-03 1.967867e-02
 3.693694e-01 -1.401726e-01  3.276631e-02 2.072198e-02
 3.703704e-01 -1.319136e-01  6.634036e-02 2.180223e-02
 3.713714e-01 -1.158104e-01  9.747277e-02 2.291299e-02
 3.723724e-01 -9.260271e-02  1.243956e-01 2.404952e-02
 3.733734e-01 -6.341393e-02  1.455598e-01 2.520897e-02
 3.743744e-01 -2.968921e-02  1.597148e-01 2.639027e-02
 3.753754e-01  6.882012e-03  1.659715e-01 2.759391e-02
 3.763764e-01  4.445473e-02  1.638453e-01 2.882152e-02
 3.773774e-01  8.112348e-02  1.532783e-01 3.007525e-02
 3.783784e-01  1.150190e-01  1.346392e-01 3.135708e-02
 3.793794e-01  1.444016e-01  1.087025e-01 3.266807e-02
 3.803804e-01  1.677464e-01  7.660781e-02 3.400761e-02
 3.813814e-01  1.838168e-01  3.980094e-02 3.537275e-02
 3.823824e-01  1.917231e-01 -3.759791e-05 3.675776e-02
 3.833834e-01  1.909626e-01 -4.107526e-02 3.815390e-02
 3.843844e-01  1.814413e-01 -8.141581e-02 3.954949e-02
 3.853854e-01  1.634755e-01 -1.191892e-01 4.093031e-02
 3.863864e-01  1.377738e-01 -1.526391e-01 4.228030e-02
 3.873874e-01  1.054015e-01 -1.802030e-01 4.358258e-02
 3.883884e-01  6.772872e-02 -2.005829e-01 4.482067e-02
 3.893894e-01  2.636541e-02 -2.128019e-01 4.597978e-02
 3.903904e-01 -1.691349e-02 -2.162456e-01 4.704822e-02
 3.913914e-01 -6.024897e-02 -2.106859e-01 4.801850e-02
 3.923924e-01 -1.017814e-01 -1.962878e-01 4.888834e-02
 3.933934e-01 -1.397322e-01 -1.735974e-01 4.966114e-02
 3.943944e-01 -1.724809e-01 -1.435146e-01 5.034610e-02
 3.953954e-01 -1.986334e-01 -1.072495e-01 5.095768e-02
 3.963964e-01 -2.170789e-01 -6.626744e-02 5.151462e-02
 3.973974e-01 -2.270342e-01 -2.222263e-02 5.203835e-02
 3.983984e-01 -2.280721e-01  2.311364e-02 5.255114e-02
 3.993994e-01 -2.201351e-01  6.792905e-02 5.307381e-02
 4.004004e-01 -2.035318e-01  1.104461e-01 5.362354e-02
 4.014014e-01 -1.789195e-01  1.489951e-01 5.421172e-02
 4.024024e-01 -1.472715e-01  1.820804e-01 5.484218e-02
 4.034034e-01 -1.098328e-01  2.084389e-01 5.551000e-02
 4.044044e-01 -6.806516e-02  2.270864e-01 5.620108e-02
 4.054054e-01 -2.358491e-02  2.373525e-01 5.689244e-02
 4.064064e-01  2.190397e-02  2.389012e-01 5.755359e-02
 4.074074e-01  6.667876e-02  2.317380e-01 5.814855e-02
 4.084084e-01  1.090658e-01  2.162023e-01 5.863879e-02
 4.094094e-01  1.475047e-01  1.929479e-01 5.898654e-02
 4.104104e-01  1.806060e-01  1.629106e-01 5.915840e-02
 4.114114e-01  2.072011e-01  1.272660e-01 5.912894e-02
 4.124124e-01  2.263816e-01  8.737931e-02 5.888378e-02
 4.134134e-01  2.375280e-01  4.474867e-02 5.842199e-02
 4.144144e-01  2.403259e-01  9.456623e-04 5.775746e-02
 4.154154e-01  2.347708e-01 -4.244565e-02 5.691897e-02
 4.164164e-01  2.211600e-01 -8.388816e-02 5.594897e-02
 4.174174e-01  2.000744e-01 -1.219475e-01 5.490095e-02
 4.184184e-01  1.723494e-01 -1.553423e-01 5.383556e-02
 4.194194e-01  1.390381e-01 -1.829870e-01 5.281585e-02
 4.204204e-01  1.013669e-01 -2.040259e-01 5.190182e-02
 4.214214e-01  6.068659e-02 -2.178578e-01 5.114489e-02
 4.224224e-01  1.842062e-02 -2.241503e-01 5.058267e-02
 4.234234e-01 -2.398743e-02 -2.228436e-01 5.023468e-02
 4.244244e-01 -6.512542e-02 -2.141448e-01 5.009932e-02
 4.254254e-01 -1.036610e-01 -1.985120e-01 5.015261e-02
 4.264264e-01 -1.383854e-01 -1.766304e-01 5.034880e-02
 4.274274e-01 -1.682509e-01 -1.493813e-01 5.062314e-02
 4.284284e-01 -1.924019e-01 -1.178048e-01 5.089645e-02
 4.294294e-01 -2.101967e-01 -8.305872e-02 5.108139e-02
 4.304304e-01 -2.212223e-01 -4.637460e-02 5.108990e-02
 4.314314e-01 -2.252998e-01 -9.013105e-03 5.084124e-02
 4.324324e-01 -2.224817e-01  2.778000e-02 5.026983e-02
 4.334334e-01 -2.130413e-01  6.281556e-02 4.933238e-02
 4.344344e-01 -1.974550e-01  9.499911e-02 4.801332e-02
 4.354354e-01 -1.763788e-01  1.233642e-01 4.632820e-02
 4.364364e-01 -1.506189e-01  1.471000e-01 4.432445e-02
 4.374374e-01 -1.210995e-01  1.655724e-01 4.207932e-02
 4.384384e-01 -8.882789e-02  1.783386e-01 3.969505e-02
 4.394394e-01 -5.485766e-02  1.851541e-01 3.729142e-02
 4.404404e-01 -2.025329e-02  1.859736e-01 3.499638e-02
 4.414414e-01  1.394472e-02  1.809445e-01 3.293535e-02
 4.424424e-01  4.675191e-02  1.703948e-01 3.122011e-02
 4.434434e-01  7.726845e-02  1.548157e-01 2.993833e-02
 4.444444e-01  1.047036e-01  1.348398e-01 2.914460e-02
 4.454454e-01  1.283951e-01  1.112148e-01 2.885403e-02
 4.464464e-01  1.478238e-01  8.477609e-02 2.903887e-02
 4.474474e-01  1.626224e-01  5.641702e-02 2.962891e-02
 4.484484e-01  1.725787e-01  2.705871e-02 3.051558e-02
 4.494494e-01  1.776345e-01 -2.379304e-03 3.155969e-02
 4.504505e-01  1.778787e-01 -3.100707e-02 3.260227e-02
 4.514515e-01  1.735362e-01 -5.799013e-02 3.347768e-02
 4.524525e-01  1.649537e-01 -8.257216e-02 3.402788e-02
 4.534535e-01  1.525816e-01 -1.040945e-01 3.411682e-02
 4.544545e-01  1.369544e-01 -1.220115e-01 3.364329e-02
 4.554555e-01  1.186688e-01 -1.359017e-01 3.255157e-02
 4.564565e-01  9.836215e-02 -1.454753e-01 3.083818e-02
 4.574575e-01  7.668996e-02 -1.505764e-01 2.855461e-02
 4.584585e-01  5.430476e-02 -1.511822e-01 2.580508e-02
 4.594595e-01  3.183644e-02 -1.473980e-01 2.273972e-02
 4.604605e-01  9.874253e-03 -1.394482e-01 1.954329e-02
 4.614615e-01 -1.104831e-02 -1.276658e-01 1.642063e-02
 4.624625e-01 -3.046630e-02 -1.124780e-01 1.357950e-02
 4.634635e-01 -4.799249e-02 -9.439090e-02 1.121292e-02
 4.644645e-01 -6.332404e-02 -7.397181e-02 9.481762e-03
 4.654655e-01 -7.624528e-02 -5.183250e-02 8.499951e-03
 4.664665e-01 -8.662823e-02 -2.861007e-02 8.322986e-03
 4.674675e-01 -9.442929e-02 -4.950428e-03 8.941398e-03
 4.684685e-01 -9.968441e-02  1.851002e-02 1.027960e-02
 4.694695e-01 -1.025008e-01  4.115864e-02 1.220045e-02
 4.704705e-01 -1.030481e-01  6.242266e-02 1.451550e-02
 4.714715e-01 -1.015466e-01  8.177971e-02 1.699963e-02
 4.724725e-01 -9.825609e-02  9.877084e-02 1.940994e-02
 4.734735e-01 -9.346265e-02  1.130062e-01 2.150567e-02
 4.744745e-01 -8.746698e-02  1.241749e-01 2.306988e-02
 4.754755e-01 -8.057103e-02  1.320452e-01 2.392762e-02
 4.764765e-01 -7.306820e-02  1.364716e-01 2.396345e-02
 4.774775e-01 -6.523103e-02  1.373890e-01 2.313083e-02
 4.784785e-01 -5.730484e-02  1.348192e-01 2.146005e-02
 4.794795e-01 -4.949728e-02  1.288568e-01 1.905406e-02
 4.804805e-01 -4.197719e-02  1.196792e-01 1.608520e-02
 4.814815e-01 -3.486522e-02  1.075206e-01 1.277626e-02
 4.824825e-01 -2.824109e-02  9.269424e-02 9.389781e-03
 4.834835e-01 -2.212976e-02  7.553739e-02 6.195624e-03
 4.844845e-01 -1.653174e-02  5.649554e-02 3.465044e-03
 4.854855e-01 -1.131991e-02  3.576477e-02 1.407259e-03
 4.864865e-01 -5.993401e-03  1.255377e-02 1.935179e-04
 4.874875e-01 -5.891540e-04 -1.179250e-02 1.394100e-04
 4.884885e-01  4.765623e-03 -3.544697e-02 1.279199e-03
 4.894895e-01  9.978421e-03 -5.669803e-02 3.314235e-03
 4.904905e-01  1.494465e-02 -7.396444e-02 5.694081e-03
 4.914915e-01  1.954966e-02 -8.596085e-02 7.771457e-03
 4.924925e-01  2.364921e-02 -9.176071e-02 8.979313e-03
 4.934935e-01  2.707092e-02 -9.088394e-02 8.992725e-03
 4.944945e-01  2.961261e-02 -8.332148e-02 7.819376e-03
 4.954955e-01  3.105547e-02 -6.954864e-02 5.801456e-03
 4.964965e-01  3.117945e-02 -5.049006e-02 3.521404e-03
 4.974975e-01  2.978839e-02 -2.746218e-02 1.641520e-03
 4.984985e-01  2.673630e-02 -2.082458e-03 7.191662e-04
 4.994995e-01  2.195633e-02  2.384157e-02 1.050501e-03
 5.005005e-01  1.548635e-02  4.843691e-02 2.585961e-03
 5.015015e-01  7.489205e-03  6.989959e-02 4.942041e-03
 5.025025e-01 -1.735866e-03  8.661993e-02 7.506025e-03
 5.035035e-01 -1.175378e-02  9.730504e-02 9.606423e-03
 5.045045e-01 -2.200601e-02  1.010692e-01 1.069925e-02
 5.055055e-01 -3.183832e-02  9.751265e-02 1.052239e-02
 5.065065e-01 -4.053853e-02  8.674796e-02 9.168581e-03
 5.075075e-01 -4.738833e-02  6.941575e-02 7.064200e-03
 5.085085e-01 -5.171768e-02  4.663272e-02 4.849330e-03
 5.095095e-01 -5.296798e-02  1.994373e-02 3.203360e-03
 5.105105e-01 -5.074523e-02 -8.806919e-03 2.652640e-03
 5.115115e-01 -4.487617e-02 -3.756290e-02 3.424842e-03
 5.125125e-01 -3.543708e-02 -6.424997e-02 5.383846e-03
 5.135135e-01 -2.278715e-02 -8.684638e-02 8.061548e-03
 5.145145e-01 -7.546033e-03 -1.036565e-01 1.080161e-02
 5.155155e-01  9.382565e-03 -1.131879e-01 1.289953e-02
 5.165165e-01  2.706804e-02 -1.152848e-01 1.402327e-02
 5.175175e-01  4.543412e-02 -1.140380e-01 1.506892e-02
 5.185185e-01  6.414303e-02 -1.099656e-01 1.620676e-02
 5.195195e-01  8.272453e-02 -1.028060e-01 1.741242e-02
 5.205205e-01  1.006920e-01 -9.253931e-02 1.870241e-02
 5.215215e-01  1.175208e-01 -7.914333e-02 2.007480e-02
 5.225225e-01  1.326772e-01 -6.272868e-02 2.153814e-02
 5.235235e-01  1.456219e-01 -4.346605e-02 2.309505e-02
 5.245245e-01  1.558323e-01 -2.164229e-02 2.475210e-02
 5.255255e-01  1.628135e-01  2.377031e-03 2.651388e-02
 5.265265e-01  1.661192e-01  2.812074e-02 2.838636e-02
 5.275275e-01  1.653660e-01  5.503969e-02 3.037529e-02
 5.285285e-01  1.602527e-01  8.249664e-02 3.248661e-02
 5.295295e-01  1.505739e-01  1.097925e-01 3.472689e-02
 5.305305e-01  1.362370e-01  1.361681e-01 3.710229e-02
 5.315315e-01  1.172729e-01  1.608326e-01 3.962005e-02
 5.325325e-01  9.384729e-02  1.829737e-01 4.228671e-02
 5.335335e-01  6.626638e-02  2.017891e-01 4.511007e-02
 5.345345e-01  3.498108e-02  2.165028e-01 4.809716e-02
 5.355355e-01  5.849894e-04  2.263978e-01 5.125631e-02
 5.365365e-01 -3.619035e-02  2.308362e-01 5.459508e-02
 5.375375e-01 -7.448647e-02  2.292904e-01 5.812230e-02
 5.385385e-01 -1.133325e-01  2.213637e-01 6.184612e-02
 5.395395e-01 -1.516657e-01  2.068172e-01 6.577584e-02
 5.405405e-01 -1.883556e-01  1.855866e-01 6.992023e-02
 5.415415e-01 -2.222335e-01  1.578016e-01 7.428905e-02
 5.425425e-01 -2.521242e-01  1.237947e-01 7.889173e-02
 5.435435e-01 -2.768824e-01  8.411065e-02 8.373847e-02
 5.445445e-01 -2.954299e-01  3.950351e-02 8.883935e-02
 5.455455e-01 -3.067944e-01 -9.067060e-03 9.420502e-02
 5.465465e-01 -3.101480e-01 -6.045176e-02 9.984621e-02
 5.475475e-01 -3.048446e-01 -1.133304e-01 1.057740e-01
 5.485485e-01 -2.904539e-01 -1.662419e-01 1.119998e-01
 5.495495e-01 -2.667920e-01 -2.176172e-01 1.185352e-01
 5.505506e-01 -2.339458e-01 -2.658221e-01 1.253921e-01
 5.515516e-01 -1.922915e-01 -3.092029e-01 1.325825e-01
 5.525526e-01 -1.425037e-01 -3.461382e-01 1.401190e-01
 5.535536e-01 -8.555744e-02 -3.750919e-01 1.480140e-01
 5.545546e-01 -2.271843e-02 -3.946702e-01 1.562807e-01
 5.555556e-01  4.447533e-02 -4.036755e-01 1.649320e-01
 5.565566e-01  1.142434e-01 -4.011607e-01 1.739815e-01
 5.575576e-01  1.846027e-01 -3.864767e-01 1.834424e-01
 5.585586e-01  2.534173e-01 -3.593169e-01 1.933290e-01
 5.595596e-01  3.184570e-01 -3.197500e-01 2.036549e-01
 5.605606e-01  3.774633e-01 -2.682463e-01 2.144346e-01
 5.615616e-01  4.282223e-01 -2.056891e-01 2.256823e-01
 5.625626e-01  4.686400e-01 -1.333763e-01 2.374127e-01
 5.635636e-01  4.968209e-01 -5.300501e-02 2.496405e-01
 5.645646e-01  5.111438e-01  3.335612e-02 2.623806e-01
 5.655656e-01  5.103355e-01  1.233110e-01 2.756479e-01
 5.665666e-01  4.935371e-01  2.141935e-01 2.894578e-01
 5.675676e-01  4.603608e-01  3.031389e-01 3.038253e-01
 5.685686e-01  4.109348e-01  3.871671e-01 3.187658e-01
 5.695696e-01  3.459336e-01  4.632762e-01 3.342948e-01
 5.705706e-01  2.665910e-01  5.285423e-01 3.504277e-01
 5.715716e-01  1.746955e-01  5.802255e-01 3.671801e-01
 5.725726e-01  7.256450e-02  6.158748e-01 3.845673e-01
 5.735736e-01 -3.700046e-02  6.334320e-01 4.026051e-01
 5.745746e-01 -1.507795e-01  6.313274e-01 4.213088e-01
 5.755756e-01 -2.652193e-01  6.085661e-01 4.406939e-01
 5.765766e-01 -3.765352e-01  5.647982e-01 4.607758e-01
 5.775776e-01 -4.808294e-01  5.003728e-01 4.815698e-01
 5.785786e-01 -5.742199e-01  4.163683e-01 5.030911e-01
 5.795796e-01 -6.529786e-01  3.146008e-01 5.253547e-01
 5.805806e-01 -7.136722e-01  1.976044e-01 5.483755e-01
 5.815816e-01 -7.533022e-01  6.858585e-02 5.721682e-01
 5.825826e-01 -7.694378e-01 -6.864909e-02 5.967472e-01
 5.835836e-01 -7.603373e-01 -2.097954e-01 6.221269e-01
 5.845846e-01 -7.250513e-01 -3.501739e-01 6.483212e-01
 5.855856e-01 -6.635044e-01 -4.848770e-01 6.753438e-01
 5.865866e-01 -5.765488e-01 -6.089331e-01 7.032080e-01
 5.875876e-01 -4.659879e-01 -7.174832e-01 7.319269e-01
 5.885886e-01 -3.345657e-01 -8.059645e-01 7.615130e-01
 5.895896e-01 -1.859202e-01 -8.702944e-01 7.919786e-01
 5.905906e-01 -2.450116e-02 -9.070475e-01 8.233355e-01
 5.915916e-01  1.445482e-01 -9.136196e-01 8.555950e-01
 5.925926e-01  3.155424e-01 -8.883698e-01 8.887678e-01
 5.935936e-01  4.824351e-01 -8.307351e-01 9.228643e-01
 5.945946e-01  6.390240e-01 -7.413114e-01 9.578943e-01
 5.955956e-01  7.791752e-01 -6.218944e-01 9.938667e-01
 5.965966e-01  8.970569e-01 -4.754778e-01 1.030790e+00
 5.975976e-01  9.873760e-01 -3.062044e-01 1.068673e+00
 5.985986e-01  1.045608e+00 -1.192714e-01 1.107521e+00
 5.995996e-01  1.068208e+00  7.921134e-02 1.147342e+00
 6.006006e-01  1.052800e+00  2.824066e-01 1.188141e+00
 6.016016e-01  9.983288e-01  4.829738e-01 1.229924e+00
 6.026026e-01  9.051673e-01  6.733248e-01 1.272694e+00
 6.036036e-01  7.751773e-01  8.459050e-01 1.316455e+00
 6.046046e-01  6.117129e-01  9.934871e-01 1.361209e+00
 6.056056e-01  4.195654e-01  1.109470e+00 1.406958e+00
 6.066066e-01  2.048484e-01  1.188167e+00 1.453703e+00
 6.076076e-01 -2.517594e-02  1.225075e+00 1.501443e+00
 6.086086e-01 -2.623266e-01  1.217112e+00 1.550177e+00
 6.096096e-01 -4.977815e-01  1.162805e+00 1.599903e+00
 6.106106e-01 -7.223972e-01  1.062431e+00 1.650618e+00
 6.116116e-01 -9.270571e-01  9.180861e-01 1.702317e+00
 6.126126e-01 -1.103038e+00  7.336916e-01 1.754995e+00
 6.136136e-01 -1.242378e+00  5.149221e-01 1.808647e+00
 6.146146e-01 -1.338234e+00  2.690594e-01 1.863263e+00
 6.156156e-01 -1.385213e+00  4.772424e-03 1.918837e+00
 6.166166e-01 -1.379653e+00 -2.681709e-01 1.975357e+00
 6.176176e-01 -1.319857e+00 -5.392513e-01 2.032814e+00
 6.186186e-01 -1.206249e+00 -7.975953e-01 2.091194e+00
 6.196196e-01 -1.041453e+00 -1.032406e+00 2.150486e+00
 6.206206e-01 -8.302825e-01 -1.233412e+00 2.210674e+00
 6.216216e-01 -5.796391e-01 -1.391316e+00 2.271742e+00
 6.226226e-01 -2.983157e-01 -1.498227e+00 2.333675e+00
 6.236236e-01  3.287765e-03 -1.548045e+00 2.396454e+00
 6.246246e-01  3.135307e-01 -1.536801e+00 2.460059e+00
 6.256256e-01  6.199692e-01 -1.462911e+00 2.524470e+00
 6.266266e-01  9.098477e-01 -1.327344e+00 2.589665e+00
 6.276276e-01  1.170627e+00 -1.133691e+00 2.655622e+00
 6.286286e-01  1.390526e+00 -8.881170e-01 2.722315e+00
 6.296296e-01  1.559061e+00 -5.992078e-01 2.789720e+00
 6.306306e-01  1.667541e+00 -2.776975e-01 2.857810e+00
 6.316316e-01  1.709524e+00  6.390586e-02 2.926557e+00
 6.326326e-01  1.681178e+00  4.117903e-01 2.995931e+00
 6.336336e-01  1.581556e+00  7.513882e-01 3.065903e+00
 6.346346e-01  1.412748e+00  1.067981e+00 3.136441e+00
 6.356356e-01  1.179911e+00  1.347339e+00 3.207511e+00
 6.366366e-01  8.911582e-01  1.576362e+00 3.279081e+00
 6.376376e-01  5.573154e-01  1.743707e+00 3.351115e+00
 6.386386e-01  1.915445e-01  1.840350e+00 3.423576e+00
 6.396396e-01 -1.911542e-01  1.860078e+00 3.496428e+00
 6.406406e-01 -5.745434e-01  1.799870e+00 3.569633e+00
 6.416416e-01 -9.418303e-01  1.660152e+00 3.643150e+00
 6.426426e-01 -1.276402e+00  1.444900e+00 3.716940e+00
 6.436436e-01 -1.562584e+00  1.161591e+00 3.790961e+00
 6.446446e-01 -1.786379e+00  8.209862e-01 3.865170e+00
 6.456456e-01 -1.936172e+00  4.367625e-01 3.939525e+00
 6.466466e-01 -2.003336e+00  2.498493e-02 4.013980e+00
 6.476476e-01 -1.982736e+00 -3.965456e-01 4.088492e+00
 6.486486e-01 -1.873085e+00 -8.090527e-01 4.163013e+00
 6.496496e-01 -1.677132e+00 -1.193620e+00 4.237499e+00
 6.506507e-01 -1.401671e+00 -1.532063e+00 4.311900e+00
 6.516517e-01 -1.057361e+00 -1.807804e+00 4.386169e+00
 6.526527e-01 -6.583515e-01 -2.006697e+00 4.460258e+00
 6.536537e-01 -2.217321e-01 -2.117770e+00 4.534116e+00
 6.546547e-01  2.331774e-01 -2.133852e+00 4.607695e+00
 6.556557e-01  6.856713e-01 -2.052023e+00 4.680943e+00
 6.566567e-01  1.114598e+00 -1.873895e+00 4.753811e+00
 6.576577e-01  1.499356e+00 -1.605671e+00 4.826246e+00
 6.586587e-01  1.820894e+00 -1.257992e+00 4.898199e+00
 6.596597e-01  2.062679e+00 -8.455592e-01 4.969615e+00
 6.606607e-01  2.211567e+00 -3.865464e-01 5.040445e+00
 6.616617e-01  2.258539e+00  9.817651e-02 5.110635e+00
 6.626627e-01  2.199264e+00  5.859796e-01 5.180134e+00
 6.636637e-01  2.034446e+00  1.053527e+00 5.248889e+00
 6.646647e-01  1.769931e+00  1.477901e+00 5.316849e+00
 6.656657e-01  1.416570e+00  1.837740e+00 5.383960e+00
 6.666667e-01  9.898177e-01  2.114340e+00 5.450172e+00
 6.676677e-01  5.090967e-01  2.292652e+00 5.515432e+00
 6.686687e-01 -3.061847e-03  2.362135e+00 5.579689e+00
 6.696697e-01 -5.220607e-01  2.317400e+00 5.642892e+00
 6.706707e-01 -1.022416e+00  2.158624e+00 5.704991e+00
 6.716717e-01 -1.479016e+00  1.891678e+00 5.765935e+00
 6.726727e-01 -1.868403e+00  1.527987e+00 5.825674e+00
 6.736737e-01 -2.170005e+00  1.084085e+00 5.884160e+00
 6.746747e-01 -2.367254e+00  5.809060e-01 5.941344e+00
 6.756757e-01 -2.448539e+00  4.282165e-02 5.997179e+00
 6.766767e-01 -2.407920e+00 -5.035274e-01 6.051618e+00
 6.776777e-01 -2.245570e+00 -1.030548e+00 6.104615e+00
 6.786787e-01 -1.967917e+00 -1.511101e+00 6.156124e+00
 6.796797e-01 -1.587453e+00 -1.919921e+00 6.206103e+00
 6.806807e-01 -1.122224e+00 -2.234977e+00 6.254508e+00
 6.816817e-01 -5.950149e-01 -2.438699e+00 6.301296e+00
 6.826827e-01 -3.225511e-02 -2.519005e+00 6.346429e+00
 6.836837e-01  5.372928e-01 -2.470057e+00 6.389865e+00
 6.846847e-01  1.084006e+00 -2.292705e+00 6.431567e+00
 6.856857e-01  1.578956e+00 -1.994591e+00 6.471498e+00
 6.866867e-01  1.995471e+00 -1.589879e+00 6.509622e+00
 6.876877e-01  2.310607e+00 -1.098636e+00 6.545906e+00
 6.886887e-01  2.506460e+00 -5.458707e-01 6.580318e+00
 6.896897e-01  2.571235e+00  3.971403e-02 6.612825e+00
 6.906907e-01  2.500002e+00  6.272053e-01 6.643398e+00
 6.916917e-01  2.295105e+00  1.185118e+00 6.672011e+00
 6.926927e-01  1.966164e+00  1.683103e+00 6.698636e+00
 6.936937e-01  1.529692e+00  2.093631e+00 6.723250e+00
 6.946947e-01  1.008309e+00  2.393563e+00 6.745830e+00
 6.956957e-01  4.296040e-01  2.565501e+00 6.766354e+00
 6.966967e-01 -1.753032e-01  2.598860e+00 6.784804e+00
 6.976977e-01 -7.734365e-01  2.490574e+00 6.801163e+00
 6.986987e-01 -1.331771e+00  2.245395e+00 6.815414e+00
 6.996997e-01 -1.819086e+00  1.875759e+00 6.827546e+00
 7.007007e-01 -2.207749e+00  1.401210e+00 6.837546e+00
 7.017017e-01 -2.475338e+00  8.474123e-01 6.845404e+00
 7.027027e-01 -2.605992e+00  2.447889e-01 6.851114e+00
 7.037037e-01 -2.591416e+00 -3.731347e-01 6.854668e+00
 7.047047e-01 -2.431472e+00 -9.716012e-01 6.856065e+00
 7.057057e-01 -2.134300e+00 -1.516596e+00 6.855301e+00
 7.067067e-01 -1.715975e+00 -1.976817e+00 6.852377e+00
 7.077077e-01 -1.199686e+00 -2.325521e+00 6.847295e+00
 7.087087e-01 -6.144889e-01 -2.542138e+00 6.840060e+00
 7.097097e-01  6.306036e-03 -2.613549e+00 6.830678e+00
 7.107107e-01  6.270266e-01 -2.534955e+00 6.819157e+00
 7.117117e-01  1.211701e+00 -2.310257e+00 6.805507e+00
 7.127127e-01  1.726170e+00 -1.951941e+00 6.789740e+00
 7.137137e-01  2.140134e+00 -1.480438e+00 6.771870e+00
 7.147147e-01  2.428986e+00 -9.230054e-01 6.751914e+00
 7.157157e-01  2.575350e+00 -3.121833e-01 6.729888e+00
 7.167167e-01  2.570194e+00  3.160937e-01 6.705814e+00
 7.177177e-01  2.413462e+00  9.246155e-01 6.679711e+00
 7.187187e-01  2.114169e+00  1.477124e+00 6.651605e+00
 7.197197e-01  1.689949e+00  1.940513e+00 6.621519e+00
 7.207207e-01  1.166066e+00  2.286869e+00 6.589482e+00
 7.217217e-01  5.739481e-01  2.495216e+00 6.555520e+00
 7.227227e-01 -5.067861e-02  2.552861e+00 6.519666e+00
 7.237237e-01 -6.699438e-01  2.456242e+00 6.481950e+00
 7.247247e-01 -1.246147e+00  2.211227e+00 6.442406e+00
 7.257257e-01 -1.744086e+00  1.832822e+00 6.401070e+00
 7.267267e-01 -2.133262e+00  1.344310e+00 6.357977e+00
 7.277277e-01 -2.389812e+00  7.758651e-01 6.313166e+00
 7.287287e-01 -2.498039e+00  1.627126e-01 6.266676e+00
 7.297297e-01 -2.451460e+00 -4.570458e-01 6.218548e+00
 7.307307e-01 -2.253262e+00 -1.044812e+00 6.168823e+00
 7.317317e-01 -1.916163e+00 -1.563925e+00 6.117544e+00
 7.327327e-01 -1.461658e+00 -1.981997e+00 6.064756e+00
 7.337337e-01 -9.186940e-01 -2.272995e+00 6.010505e+00
 7.347347e-01 -3.218625e-01 -2.418934e+00 5.954836e+00
 7.357357e-01  2.907942e-01 -2.411065e+00 5.897797e+00
 7.367367e-01  8.802147e-01 -2.250479e+00 5.839435e+00
 7.377377e-01  1.408836e+00 -1.948072e+00 5.779801e+00
 7.387387e-01  1.843030e+00 -1.523871e+00 5.718944e+00
 7.397397e-01  2.155306e+00 -1.005768e+00 5.656913e+00
 7.407407e-01  2.326117e+00 -4.277155e-01 5.593761e+00
 7.417417e-01  2.345163e+00  1.724799e-01 5.529539e+00
 7.427427e-01  2.212085e+00  7.556319e-01 5.464298e+00
 7.437437e-01  1.936506e+00  1.283758e+00 5.398092e+00
 7.447447e-01  1.537413e+00  1.722595e+00 5.330973e+00
 7.457457e-01  1.041899e+00  2.043879e+00 5.262995e+00
 7.467467e-01  4.833677e-01  2.227233e+00 5.194210e+00
 7.477477e-01 -1.006984e-01  2.261533e+00 5.124672e+00
 7.487487e-01 -6.712564e-01  2.145658e+00 5.054435e+00
 7.497497e-01 -1.190332e+00  1.888560e+00 4.983552e+00
 7.507508e-01 -1.623589e+00  1.508654e+00 4.912076e+00
 7.517518e-01 -1.942650e+00  1.032555e+00 4.840061e+00
 7.527528e-01 -2.127029e+00  4.932638e-01 4.767560e+00
 7.537538e-01 -2.165508e+00 -7.210761e-02 4.694625e+00
 7.547548e-01 -2.056898e+00 -6.248841e-01 4.621310e+00
 7.557558e-01 -1.810089e+00 -1.127494e+00 4.547666e+00
 7.567568e-01 -1.443414e+00 -1.546060e+00 4.473744e+00
 7.577578e-01 -9.833465e-01 -1.852735e+00 4.399597e+00
 7.587588e-01 -4.626346e-01 -2.027620e+00 4.325274e+00
 7.597598e-01  8.200904e-02 -2.060121e+00 4.250825e+00
 7.607608e-01  6.124937e-01 -1.949654e+00 4.176301e+00
 7.617618e-01  1.092033e+00 -1.705641e+00 4.101748e+00
 7.627628e-01  1.487733e+00 -1.346798e+00 4.027216e+00
 7.637638e-01  1.772900e+00 -8.997635e-01 3.952750e+00
 7.647648e-01  1.928901e+00 -3.971641e-01 3.878398e+00
 7.657658e-01  1.946443e+00  1.247454e-01 3.804203e+00
 7.667668e-01  1.826185e+00  6.286957e-01 3.730211e+00
 7.677678e-01  1.578621e+00  1.079084e+00 3.656465e+00
 7.687688e-01  1.223258e+00  1.444523e+00 3.583006e+00
 7.697698e-01  7.871438e-01  1.700083e+00 3.509876e+00
 7.707708e-01  3.028504e-01  1.829042e+00 3.437115e+00
 7.717718e-01 -1.939414e-01  1.824047e+00 3.364761e+00
 7.727728e-01 -6.670689e-01  1.687564e+00 3.292852e+00
 7.737738e-01 -1.082541e+00  1.431618e+00 3.221426e+00
 7.747748e-01 -1.411014e+00  1.076826e+00 3.150516e+00
 7.757758e-01 -1.629916e+00  6.507922e-01 3.080158e+00
 7.767768e-01 -1.725047e+00  1.860028e-01 3.010383e+00
 7.777778e-01 -1.691550e+00 -2.826351e-01 2.941224e+00
 7.787788e-01 -1.534180e+00 -7.204180e-01 2.872711e+00
 7.797798e-01 -1.266843e+00 -1.095437e+00 2.804873e+00
 7.807808e-01 -9.114519e-01 -1.380939e+00 2.737737e+00
 7.817818e-01 -4.961908e-01 -1.557281e+00 2.671330e+00
 7.827828e-01 -5.331129e-02 -1.613330e+00 2.605677e+00
 7.837838e-01  3.833580e-01 -1.547203e+00 2.540801e+00
 7.847848e-01  7.810011e-01 -1.366296e+00 2.476726e+00
 7.857858e-01  1.110304e+00 -1.086599e+00 2.413473e+00
 7.867868e-01  1.347651e+00 -7.313667e-01 2.351060e+00
 7.877878e-01  1.476860e+00 -3.292302e-01 2.289507e+00
 7.887888e-01  1.490327e+00  8.807887e-02 2.228831e+00
 7.897898e-01  1.389491e+00  4.882239e-01 2.169048e+00
 7.907908e-01  1.184595e+00  8.407785e-01 2.110173e+00
 7.917918e-01  8.937531e-01  1.119564e+00 2.052219e+00
 7.927928e-01  5.414238e-01  1.304630e+00 1.995199e+00
 7.937938e-01  1.563933e-01  1.383714e+00 1.939122e+00
 7.947948e-01 -2.305521e-01  1.353087e+00 1.884000e+00
 7.957958e-01 -5.890850e-01  1.217711e+00 1.829840e+00
 7.967968e-01 -8.917261e-01  9.906943e-01 1.776651e+00
 7.977978e-01 -1.115976e+00  6.921244e-01 1.724437e+00
 7.987988e-01 -1.246017e+00  3.473426e-01 1.673206e+00
 7.997998e-01 -1.273864e+00 -1.516847e-02 1.622960e+00
 8.008008e-01 -1.199857e+00 -3.661228e-01 1.573703e+00
 8.018018e-01 -1.032485e+00 -6.777985e-01 1.525436e+00
 8.028028e-01 -7.875497e-01 -9.262430e-01 1.478161e+00
 8.038038e-01 -4.867489e-01 -1.093139e+00 1.431877e+00
 8.048048e-01 -1.558020e-01 -1.167180e+00 1.386584e+00
 8.058058e-01  1.777218e-01 -1.144856e+00 1.342279e+00
 8.068068e-01  4.866915e-01 -1.030578e+00 1.298961e+00
 8.078078e-01  7.466276e-01 -8.361646e-01 1.256624e+00
 8.088088e-01  9.376588e-01 -5.797078e-01 1.215265e+00
 8.098098e-01  1.046063e+00 -2.839565e-01 1.174879e+00
 8.108108e-01  1.065270e+00  2.566696e-02 1.135458e+00
 8.118118e-01  9.962518e-01  3.232334e-01 1.096998e+00
 8.128128e-01  8.472760e-01  5.844759e-01 1.059489e+00
 8.138138e-01  6.330501e-01  7.887783e-01 1.022924e+00
 8.148148e-01  3.733447e-01  9.208189e-01 9.872937e-01
 8.158158e-01  9.121490e-02  9.717352e-01 9.525894e-01
 8.168168e-01 -1.890194e-01  9.397193e-01 9.188007e-01
 8.178178e-01 -4.438599e-01  8.300033e-01 8.859171e-01
 8.188188e-01 -6.526031e-01  6.542453e-01 8.539277e-01
 8.198198e-01 -7.990328e-01  4.293804e-01 8.228209e-01
 8.208208e-01 -8.726930e-01  1.760446e-01 7.925848e-01
 8.218218e-01 -8.696382e-01 -8.328527e-02 7.632071e-01
 8.228228e-01 -7.926058e-01 -3.262682e-01 7.346750e-01
 8.238238e-01 -6.506079e-01 -5.326207e-01 7.069754e-01
 8.248248e-01 -4.579881e-01 -6.858149e-01 6.800951e-01
 8.258258e-01 -2.330366e-01 -7.744122e-01 6.540203e-01
 8.268268e-01  3.705709e-03 -7.929208e-01 6.287371e-01
 8.278278e-01  2.313005e-01 -7.421127e-01 6.042312e-01
 8.288288e-01  4.302546e-01 -6.287840e-01 5.804883e-01
 8.298298e-01  5.841902e-01 -4.649901e-01 5.574939e-01
 8.308308e-01  6.811988e-01 -2.668360e-01 5.352332e-01
 8.318318e-01  7.147649e-01 -5.293878e-02 5.136914e-01
 8.328328e-01  6.841872e-01  1.572940e-01 4.928535e-01
 8.338338e-01  5.944706e-01  3.454118e-01 4.727046e-01
 8.348348e-01  4.557116e-01  4.955365e-01 4.532295e-01
 8.358358e-01  2.820431e-01  5.957052e-01 4.344130e-01
 8.368368e-01  9.024540e-02  6.388238e-01 4.162401e-01
 8.378378e-01 -1.018440e-01  6.231560e-01 3.986955e-01
 8.388388e-01 -2.769720e-01  5.523140e-01 3.817643e-01
 8.398398e-01 -4.200129e-01  4.347647e-01 3.654312e-01
 8.408408e-01 -5.192734e-01  2.829074e-01 3.496814e-01
 8.418418e-01 -5.674472e-01  1.118195e-01 3.344999e-01
 8.428428e-01 -5.621407e-01 -6.220644e-02 3.198719e-01
 8.438438e-01 -5.059316e-01 -2.231943e-01 3.057825e-01
 8.448448e-01 -4.059680e-01 -3.569414e-01 2.922171e-01
 8.458458e-01 -2.731578e-01 -4.522678e-01 2.791614e-01
 8.468468e-01 -1.210344e-01 -5.019478e-01 2.666009e-01
 8.478478e-01  3.558693e-02 -5.032446e-01 2.545216e-01
 8.488488e-01  1.820304e-01 -4.580113e-01 2.429094e-01
 8.498498e-01  3.051225e-01 -3.723585e-01 2.317506e-01
 8.508509e-01  3.943719e-01 -2.559341e-01 2.210315e-01
 8.518519e-01  4.428583e-01 -1.208935e-01 2.107387e-01
 8.528529e-01  4.477557e-01  1.933322e-02 2.008589e-01
 8.538539e-01  4.104522e-01  1.513545e-01 1.913792e-01
 8.548549e-01  3.362651e-01  2.630828e-01 1.822868e-01
 8.558559e-01  2.337922e-01  3.448337e-01 1.735691e-01
 8.568569e-01  1.139721e-01  3.901593e-01 1.652139e-01
 8.578579e-01 -1.104733e-02  3.963423e-01 1.572093e-01
 8.588589e-01 -1.291179e-01  3.645159e-01 1.495432e-01
 8.598599e-01 -2.292572e-01  2.994084e-01 1.422042e-01
 8.608609e-01 -3.026618e-01  2.087503e-01 1.351809e-01
 8.618619e-01 -3.434734e-01  1.024112e-01 1.284621e-01
 8.628629e-01 -3.492310e-01 -8.639563e-03 1.220370e-01
 8.638639e-01 -3.209766e-01 -1.134419e-01 1.158951e-01
 8.648649e-01 -2.630146e-01 -2.021124e-01 1.100261e-01
 8.658659e-01 -1.823607e-01 -2.667671e-01 1.044201e-01
 8.668669e-01 -8.794487e-02 -3.022135e-01 9.906732e-02
 8.678679e-01  1.034407e-02 -3.063512e-01 9.395808e-02
 8.688689e-01  1.026725e-01 -2.802524e-01 8.908307e-02
 8.698699e-01  1.802320e-01 -2.279246e-01 8.443318e-02
 8.708709e-01  2.360695e-01 -1.557909e-01 7.999963e-02
 8.718719e-01  2.657011e-01 -7.195037e-02 7.577393e-02
 8.728729e-01  2.674543e-01  1.470096e-02 7.174790e-02
 8.738739e-01  2.425153e-01  9.539336e-02 6.791358e-02
 8.748749e-01  1.946876e-01  1.623575e-01 6.426323e-02
 8.758759e-01  1.298955e-01  2.095624e-01 6.078926e-02
 8.768769e-01  5.549441e-02  2.332480e-01 5.748426e-02
 8.778779e-01 -2.053629e-02  2.322053e-01 5.434105e-02
 8.788789e-01 -9.043000e-02  2.077863e-01 5.135274e-02
 8.798799e-01 -1.474137e-01  1.636519e-01 4.851274e-02
 8.808809e-01 -1.863538e-01  1.052948e-01 4.581475e-02
 8.818819e-01 -2.042077e-01  3.939455e-02 4.325272e-02
 8.828829e-01 -2.002398e-01 -2.692182e-02 4.082077e-02
 8.838839e-01 -1.759916e-01 -8.683352e-02 3.851312e-02
 8.848849e-01 -1.350173e-01 -1.345156e-01 3.632412e-02
 8.858859e-01 -8.242193e-02 -1.656952e-01 3.424827e-02
 8.868869e-01 -2.425936e-02 -1.780219e-01 3.228033e-02
 8.878879e-01  3.314267e-02 -1.712217e-01 3.041532e-02
 8.888889e-01  8.385572e-02 -1.470265e-01 2.864858e-02
 8.898899e-01  1.229518e-01 -1.088970e-01 2.697570e-02
 8.908909e-01  1.469720e-01 -6.157616e-02 2.539239e-02
 8.918919e-01  1.542193e-01 -1.052786e-02 2.389444e-02
 8.928929e-01  1.448515e-01  3.867471e-02 2.247768e-02
 8.938939e-01  1.207727e-01  8.094418e-02 2.113801e-02
 8.948949e-01  8.534571e-02  1.121946e-01 1.987152e-02
 8.958959e-01  4.296066e-02  1.297264e-01 1.867456e-02
 8.968969e-01 -1.484345e-03  1.324445e-01 1.754376e-02
 8.978979e-01 -4.313308e-02  1.208948e-01 1.647602e-02
 8.988989e-01 -7.768996e-02  9.712196e-02 1.546841e-02
 8.998999e-01 -1.018534e-01  6.437276e-02 1.451798e-02
 9.009009e-01 -1.136210e-01  2.668414e-02 1.362177e-02
 9.019019e-01 -1.124383e-01 -1.159452e-02 1.277681e-02
 9.029029e-01 -9.918415e-02 -4.628942e-02 1.198020e-02
 9.039039e-01 -7.599931e-02 -7.384706e-02 1.122928e-02
 9.049049e-01 -4.598687e-02 -9.168909e-02 1.052168e-02
 9.059059e-01 -1.282157e-02 -9.844250e-02 9.855319e-03
 9.069069e-01  1.968356e-02 -9.402574e-02 9.228282e-03
 9.079079e-01  4.800388e-02 -7.958830e-02 8.638671e-03
 9.089089e-01  6.927622e-02 -5.731743e-02 8.084482e-03
 9.099099e-01  8.157934e-02 -3.013982e-02 7.563597e-03
 9.109109e-01  8.409547e-02 -1.356723e-03 7.073888e-03
 9.119119e-01  7.714047e-02  2.574363e-02 6.613387e-03
 9.129129e-01  6.206593e-02  4.825181e-02 6.180417e-03
 9.139139e-01  4.105049e-02  6.394128e-02 5.773630e-03
 9.149149e-01  1.680941e-02  7.147962e-02 5.391892e-03
 9.159159e-01 -7.740690e-03  7.052791e-02 5.034104e-03
 9.169169e-01 -2.982184e-02  6.172259e-02 4.699020e-03
 9.179179e-01 -4.710063e-02  4.654801e-02 4.385187e-03
 9.189189e-01 -5.792711e-02  2.711971e-02 4.091028e-03
 9.199199e-01 -6.148282e-02  5.907730e-03 3.815038e-03
 9.209209e-01 -5.782591e-02 -1.456516e-02 3.555980e-03
 9.219219e-01 -4.783352e-02 -3.201461e-02 3.312981e-03
 9.229229e-01 -3.305341e-02 -4.464226e-02 3.085459e-03
 9.239239e-01 -1.548688e-02 -5.131352e-02 2.872921e-03
 9.249249e-01  2.668409e-03 -5.164883e-02 2.674722e-03
 9.259259e-01  1.928377e-02 -4.602249e-02 2.489933e-03
 9.269269e-01  3.254169e-02 -3.547423e-02 2.317382e-03
 9.279279e-01  4.112804e-02 -2.154850e-02 2.155854e-03
 9.289289e-01  4.435460e-02 -6.084300e-03 2.004349e-03
 9.299299e-01  4.220129e-02  9.017195e-03 1.862259e-03
 9.309309e-01  3.527786e-02  2.201874e-02 1.729353e-03
 9.319319e-01  2.471369e-02  3.154059e-02 1.605575e-03
 9.329329e-01  1.199300e-02  3.670055e-02 1.490762e-03
 9.339339e-01 -1.242128e-03  3.718703e-02 1.384418e-03
 9.349349e-01 -1.339568e-02  3.326021e-02 1.285686e-03
 9.359359e-01 -2.310404e-02  2.568535e-02 1.193534e-03
 9.369369e-01 -2.938340e-02  1.561000e-02 1.107056e-03
 9.379379e-01 -3.172302e-02  4.403192e-03 1.025738e-03
 9.389389e-01 -3.011622e-02 -6.522137e-03 9.495251e-04
 9.399399e-01 -2.502899e-02 -1.588101e-02 8.786569e-04
 9.409409e-01 -1.731374e-02 -2.266233e-02 8.133469e-04
 9.419419e-01 -8.081711e-03 -2.623282e-02 7.534747e-04
 9.429429e-01  1.447953e-03 -2.638875e-02 6.984626e-04
 9.439439e-01  1.010285e-02 -2.335257e-02 6.474102e-04
 9.449449e-01  1.689659e-02 -1.771796e-02 5.994211e-04
 9.459459e-01  2.113667e-02 -1.035321e-02 5.539477e-04
 9.469469e-01  2.248956e-02 -2.277274e-03 5.109661e-04
 9.479479e-01  2.099774e-02  5.474659e-03 4.708771e-04
 9.489489e-01  1.704945e-02  1.197896e-02 4.341793e-04
 9.499499e-01  1.130774e-02  1.652939e-02 4.010857e-04
 9.509510e-01  4.610177e-03  1.870930e-02 3.712918e-04
 9.519520e-01 -2.146517e-03  1.842336e-02 3.440278e-04
 9.529530e-01 -8.121741e-03  1.588744e-02 3.183733e-04
 9.539540e-01 -1.263173e-02  1.158058e-02 2.936703e-04
 9.549550e-01 -1.522406e-02  6.167430e-03 2.698090e-04
 9.559560e-01 -1.571831e-02  4.026758e-04 2.472273e-04
 9.569570e-01 -1.420986e-02 -4.969362e-03 2.266145e-04
 9.579580e-01 -1.103870e-02 -9.307092e-03 2.084749e-04
 9.589590e-01 -6.729527e-03 -1.214491e-02 1.927853e-04
 9.599600e-01 -1.912369e-03 -1.323933e-02 1.789369e-04
 9.609610e-01  2.764666e-03 -1.258400e-02 1.660003e-04
 9.619620e-01  6.719098e-03 -1.039371e-02 1.531756e-04
 9.629630e-01  9.503668e-03 -7.061540e-03 1.401850e-04
 9.639640e-01  1.085386e-02 -3.096242e-03 1.273929e-04
 9.649650e-01  1.070866e-02  9.506174e-04 1.155792e-04
 9.659660e-01  9.203767e-03  4.558000e-03 1.054847e-04
 9.669670e-01  6.639740e-03  7.299654e-03 9.737109e-05
 9.679680e-01  3.431151e-03  8.891759e-03 9.083618e-05
 9.689690e-01  4.441917e-05  9.218929e-03 8.499063e-05
 9.699700e-01 -3.066703e-03  8.336744e-03 7.890596e-05
 9.709710e-01 -5.519425e-03  6.452083e-03 7.209343e-05
 9.719720e-01 -7.046769e-03  3.885367e-03 6.475304e-05
 9.729730e-01 -7.523988e-03  1.020818e-03 5.765247e-05
 9.739740e-01 -6.974327e-03 -1.747938e-03 5.169652e-05
 9.749750e-01 -5.554784e-03 -4.069568e-03 4.741700e-05
 9.759760e-01 -3.525144e-03 -5.677468e-03 4.466029e-05
 9.769770e-01 -1.205568e-03 -6.418109e-03 4.264551e-05
 9.779780e-01  1.070797e-03 -6.262549e-03 4.036613e-05
 9.789790e-01  3.003477e-03 -5.300884e-03 3.712024e-05
 9.799800e-01  4.362573e-03 -3.721526e-03 3.288180e-05
 9.809810e-01  5.014334e-03 -1.779192e-03 2.830907e-05
 9.819820e-01  4.931787e-03  2.434351e-04 2.438178e-05
 9.829830e-01  4.190041e-03  2.074825e-03 2.186134e-05
 9.839840e-01  2.947985e-03  3.489344e-03 2.086614e-05
 9.849850e-01  1.419845e-03  4.333347e-03 2.079385e-05
 9.859860e-01 -1.587474e-04  4.539858e-03 2.063551e-05
 9.869870e-01 -1.565116e-03  4.130744e-03 1.951264e-05
 9.879880e-01 -2.619506e-03  3.207062e-03 1.714706e-05
 9.889890e-01 -3.206801e-03  1.929721e-03 1.400740e-05
 9.899900e-01 -3.287528e-03  4.937940e-04 1.105167e-05
 9.909910e-01 -2.897347e-03 -8.997027e-04 9.204083e-06
 9.919920e-01 -2.135927e-03 -2.070598e-03 8.849561e-06
 9.929930e-01 -1.147515e-03 -2.881559e-03 9.620173e-06
 9.939940e-01 -9.656004e-05 -3.252734e-03 1.058960e-05
 9.949950e-01  8.577663e-04 -3.167751e-03 1.077041e-05
 9.959960e-01  1.584401e-03 -2.670942e-03 9.644257e-06
 9.969970e-01  1.997440e-03 -1.856901e-03 7.437850e-06
 9.979980e-01  2.065317e-03 -8.543408e-04 4.995431e-06
 9.989990e-01  1.811265e-03  1.931568e-04 3.317992e-06
 1.000000e+00  1.305596e-03  1.146765e-03 3.019650e-06
