# x psi_r psi_i psi2 
 0.000000e+00  5.918671e-01 -7.439761e-01 9.038071e-01
 1.001001e-03  7.054348e-01 -7.115328e-01 1.003917e+00
 2.002002e-03  7.971482e-01 -6.392358e-01 1.044068e+00
 3.003003e-03  8.650486e-01 -5.325344e-01 1.031902e+00
 4.004004e-03  9.078123e-01 -3.987057e-01 9.830894e-01
 5.005005e-03  9.247288e-01 -2.464442e-01 9.158581e-01
 6.006006e-03  9.156733e-01 -8.537394e-02 8.457463e-01
 7.007007e-03  8.810784e-01  7.449398e-02 7.818486e-01
 8.008008e-03  8.219092e-01  2.233262e-01 7.254094e-01
 9.009009e-03  7.396433e-01  3.520261e-01 6.709946e-01
 1.001001e-02  6.362578e-01  4.527537e-01 6.098099e-01
 1.101101e-02  5.142201e-01  5.193782e-01 5.341761e-01
 1.201201e-02  3.764800e-01  5.478364e-01 4.418619e-01
 1.301301e-02  2.264576e-01  5.363747e-01 3.389809e-01
 1.401401e-02  6.802246e-02  4.856611e-01 2.404938e-01
 1.501502e-02 -9.454432e-02  3.987568e-01 1.679456e-01
 1.601602e-02 -2.566090e-01  2.809495e-01 1.447808e-01
 1.701702e-02 -4.132710e-01  1.394546e-01 1.902405e-01
 1.801802e-02 -5.594780e-01 -1.699910e-02 3.133046e-01
 1.901902e-02 -6.901710e-01 -1.786762e-01 5.082612e-01
 2.002002e-02 -8.004579e-01 -3.354063e-01 7.532303e-01
 2.102102e-02 -8.858089e-01 -4.771864e-01 1.012364e+00
 2.202202e-02 -9.422671e-01 -5.947794e-01 1.241630e+00
 2.302302e-02 -9.666630e-01 -6.802726e-01 1.397208e+00
 2.402402e-02 -9.568201e-01 -7.275633e-01 1.444853e+00
 2.502503e-02 -9.117376e-01 -7.327410e-01 1.368175e+00
 2.602603e-02 -8.317366e-01 -6.943427e-01 1.173898e+00
 2.702703e-02 -7.185555e-01 -6.134654e-01 8.926618e-01
 2.802803e-02 -5.753832e-01 -4.937270e-01 5.748322e-01
 2.902903e-02 -4.068223e-01 -3.410776e-01 2.818383e-01
 3.003003e-02 -2.187755e-01 -1.634719e-01 7.458578e-02
 3.103103e-02 -1.825749e-02  2.957959e-02 1.208288e-03
 3.203203e-02  1.868661e-01  2.275521e-01 8.669890e-02
 3.303303e-02  3.882012e-01  4.195104e-01 3.266892e-01
 3.403403e-02  5.771965e-01  5.947376e-01 6.868686e-01
 3.503504e-02  7.455444e-01  7.433518e-01 1.108408e+00
 3.603604e-02  8.855918e-01  8.568735e-01 1.518505e+00
 3.703704e-02  9.907371e-01  9.287100e-01 1.844062e+00
 3.803804e-02  1.055790e+00  9.545283e-01 2.025818e+00
 3.903904e-02  1.077274e+00  9.324954e-01 2.030068e+00
 4.004004e-02  1.053646e+00  8.633724e-01 1.855583e+00
 4.104104e-02  9.854274e-01  7.504582e-01 1.534255e+00
 4.204204e-02  8.752229e-01  5.993895e-01 1.125283e+00
 4.304304e-02  7.276367e-01  4.178089e-01 7.040194e-01
 4.404404e-02  5.490747e-01  2.149246e-01 3.476756e-01
 4.504505e-02  3.474490e-01  9.891674e-04 1.207218e-01
 4.604605e-02  1.317963e-01 -2.132705e-01 6.285457e-02
 4.704705e-02 -8.816930e-02 -4.172371e-01 1.818606e-01
 4.804805e-02 -3.025459e-01 -6.009667e-01 4.526951e-01
 4.904905e-02 -5.017471e-01 -7.557000e-01 8.228326e-01
 5.005005e-02 -6.769914e-01 -8.742927e-01 1.222705e+00
 5.105105e-02 -8.207504e-01 -9.515438e-01 1.579067e+00
 5.205205e-02 -9.271285e-01 -9.844067e-01 1.828624e+00
 5.305305e-02 -9.921528e-01 -9.720754e-01 1.929298e+00
 5.405405e-02 -1.013956e+00 -9.159464e-01 1.867065e+00
 5.505506e-02 -9.928449e-01 -8.194655e-01 1.657265e+00
 5.605606e-02 -9.312410e-01 -6.878732e-01 1.340379e+00
 5.705706e-02 -8.335125e-01 -5.278692e-01 9.733889e-01
 5.805806e-02 -7.056935e-01 -3.472191e-01 6.185644e-01
 5.905906e-02 -5.551158e-01 -1.543296e-01 3.319712e-01
 6.006006e-02 -3.899729e-01  4.218176e-02 1.538582e-01
 6.106106e-02 -2.188432e-01  2.339000e-01 1.026015e-01
 6.206206e-02 -5.020045e-02  4.129852e-01 1.730769e-01
 6.306306e-02  1.080579e-01  5.724900e-01 3.394213e-01
 6.406406e-02  2.490388e-01  7.066074e-01 5.613144e-01
 6.506507e-02  3.672106e-01  8.108442e-01 7.923119e-01
 6.606607e-02  4.586699e-01  8.821172e-01 9.885088e-01
 6.706707e-02  5.213034e-01  9.187767e-01 1.115908e+00
 6.806807e-02  5.548357e-01  9.205631e-01 1.155279e+00
 6.906907e-02  5.607625e-01  8.885096e-01 1.103904e+00
 7.007007e-02  5.421757e-01  8.248004e-01 9.742502e-01
 7.107107e-02  5.034921e-01  7.326007e-01 7.902081e-01
 7.207207e-02  4.501044e-01  6.158699e-01 5.818898e-01
 7.307307e-02  3.879792e-01  4.791697e-01 3.801315e-01
 7.407407e-02  3.232257e-01  3.274774e-01 2.117163e-01
 7.507508e-02  2.616652e-01  1.660118e-01 9.602860e-02
 7.607608e-02  2.084285e-01  7.540705e-05 4.344242e-02
 7.707708e-02  1.676054e-01 -1.650846e-01 5.534449e-02
 7.807808e-02  1.419711e-01 -3.243967e-01 1.253890e-01
 7.907908e-02  1.328035e-01 -4.730699e-01 2.414319e-01
 8.008008e-02  1.398052e-01 -6.066847e-01 3.876118e-01
 8.108108e-02  1.611336e-01 -7.212750e-01 5.462016e-01
 8.208208e-02  1.935367e-01 -8.134045e-01 6.990833e-01
 8.308308e-02  2.325864e-01 -8.802386e-01 8.289164e-01
 8.408408e-02  2.729938e-01 -9.196139e-01 9.202154e-01
 8.508509e-02  3.089861e-01 -9.301046e-01 9.605670e-01
 8.608609e-02  3.347218e-01 -9.110828e-01 9.421105e-01
 8.708709e-02  3.447174e-01 -8.627694e-01 8.632011e-01
 8.808809e-02  3.342586e-01 -7.862709e-01 7.299507e-01
 8.908909e-02  2.997694e-01 -6.835949e-01 5.571637e-01
 9.009009e-02  2.391166e-01 -5.576405e-01 3.681396e-01
 9.109109e-02  1.518284e-01 -4.121564e-01 1.929248e-01
 9.209209e-02  3.921404e-02 -2.516650e-01 6.487302e-02
 9.309309e-02 -9.562512e-02 -8.134824e-02 1.576170e-02
 9.409409e-02 -2.478953e-01  9.310260e-02 7.012017e-02
 9.509510e-02 -4.113154e-01  2.656716e-01 2.397618e-01
 9.609610e-02 -5.784182e-01  4.302312e-01 5.196665e-01
 9.709710e-02 -7.409297e-01  5.807762e-01 8.862778e-01
 9.809810e-02 -8.902073e-01  7.116678e-01 1.298940e+00
 9.909910e-02 -1.017711e+00  8.178776e-01 1.704660e+00
 1.001001e-01 -1.115484e+00  8.952167e-01 2.045717e+00
 1.011011e-01 -1.176606e+00  9.405408e-01 2.269019e+00
 1.021021e-01 -1.195616e+00  9.519151e-01 2.335640e+00
 1.031031e-01 -1.168847e+00  9.287332e-01 2.228749e+00
 1.041041e-01 -1.094689e+00  8.717778e-01 1.958340e+00
 1.051051e-01 -9.737369e-01  7.832204e-01 1.561598e+00
 1.061061e-01 -8.088333e-01  6.665568e-01 1.098509e+00
 1.071071e-01 -6.049910e-01  5.264798e-01 6.431951e-01
 1.081081e-01 -3.692052e-01  3.686928e-01 2.722468e-01
 1.091091e-01 -1.101617e-01  1.996730e-01 5.200493e-02
 1.101101e-01  1.621443e-01  2.639493e-02 2.698748e-02
 1.111111e-01  4.368591e-01 -1.439751e-01 2.115747e-01
 1.121121e-01  7.027680e-01 -3.043966e-01 5.865401e-01
 1.131131e-01  9.488155e-01 -4.482712e-01 1.101198e+00
 1.141141e-01  1.164621e+00 -5.697421e-01 1.680949e+00
 1.151151e-01  1.340967e+00 -6.639623e-01 2.239038e+00
 1.161161e-01  1.470227e+00 -7.273180e-01 2.690558e+00
 1.171171e-01  1.546726e+00 -7.575974e-01 2.966315e+00
 1.181181e-01  1.567006e+00 -7.540954e-01 3.024169e+00
 1.191191e-01  1.529984e+00 -7.176490e-01 2.855870e+00
 1.201201e-01  1.436997e+00 -6.506024e-01 2.488245e+00
 1.211211e-01  1.291743e+00 -5.567005e-01 1.978515e+00
 1.221221e-01  1.100097e+00 -4.409172e-01 1.404621e+00
 1.231231e-01  8.698414e-01 -3.092246e-01 8.522439e-01
 1.241241e-01  6.103017e-01 -1.683132e-01 4.007976e-01
 1.251251e-01  3.319179e-01 -2.527552e-02 1.108083e-01
 1.261261e-01  4.576959e-02  1.127326e-01 1.480350e-02
 1.271271e-01 -2.369202e-01  2.388382e-01 1.131748e-01
 1.281281e-01 -5.052806e-01  3.467883e-01 3.755706e-01
 1.291291e-01 -7.492620e-01  4.312626e-01 7.473810e-01
 1.301301e-01 -9.600576e-01  4.881462e-01 1.159997e+00
 1.311311e-01 -1.130457e+00  5.147481e-01 1.542899e+00
 1.321321e-01 -1.255119e+00  5.099545e-01 1.835377e+00
 1.331331e-01 -1.330746e+00  4.743070e-01 1.995852e+00
 1.341341e-01 -1.356165e+00  4.099996e-01 2.007283e+00
 1.351351e-01 -1.332300e+00  3.207924e-01 1.877932e+00
 1.361361e-01 -1.262056e+00  2.118433e-01 1.637663e+00
 1.371371e-01 -1.150104e+00  8.946355e-02 1.330743e+00
 1.381381e-01 -1.002604e+00 -3.919492e-02 1.006751e+00
 1.391391e-01 -8.268593e-01 -1.665041e-01 7.114199e-01
 1.401401e-01 -6.309418e-01 -2.847621e-01 4.791770e-01
 1.411411e-01 -4.232921e-01 -3.866128e-01 3.286456e-01
 1.421421e-01 -2.123271e-01 -4.654598e-01 2.617356e-01
 1.431431e-01 -6.069650e-03 -5.158553e-01 2.661435e-01
 1.441441e-01  1.881806e-01 -5.338385e-01 3.203955e-01
 1.451451e-01  3.641206e-01 -5.172057e-01 4.000856e-01
 1.461461e-01  5.166497e-01 -4.656919e-01 4.837958e-01
 1.471471e-01  6.420015e-01 -3.810515e-01 5.573662e-01
 1.481481e-01  7.377999e-01 -2.670288e-01 6.156531e-01
 1.491491e-01  8.030399e-01 -1.292145e-01 6.615695e-01
 1.501502e-01  8.380015e-01  2.520772e-02 7.028820e-01
 1.511512e-01  8.441055e-01  1.878153e-01 7.477886e-01
 1.521522e-01  8.237242e-01  3.493850e-01 8.005915e-01
 1.531532e-01  7.799632e-01  5.003944e-01 8.587371e-01
 1.541542e-01  7.164274e-01  6.315581e-01 9.121339e-01
 1.551552e-01  6.369901e-01  7.343712e-01 9.450575e-01
 1.561562e-01  5.455766e-01  8.016266e-01 9.402590e-01
 1.571572e-01  4.459769e-01  8.278755e-01 8.842732e-01
 1.581582e-01  3.416954e-01  8.098018e-01 7.725347e-01
 1.591592e-01  2.358440e-01  7.464851e-01 6.128624e-01
 1.601602e-01  1.310822e-01  6.395326e-01 4.261845e-01
 1.611612e-01  2.960038e-02  4.930680e-01 2.439922e-01
 1.621622e-01 -6.685589e-02  3.135734e-01 1.027980e-01
 1.631632e-01 -1.569296e-01  1.095892e-01 3.663670e-02
 1.641642e-01 -2.395733e-01 -1.087146e-01 6.921425e-02
 1.651652e-01 -3.139589e-01 -3.300733e-01 2.075186e-01
 1.661662e-01 -3.793867e-01 -5.427394e-01 4.385003e-01
 1.671672e-01 -4.352054e-01 -7.351373e-01 7.298306e-01
 1.681682e-01 -4.807523e-01 -8.965222e-01 1.034875e+00
 1.691692e-01 -5.153195e-01 -1.017604e+00 1.301072e+00
 1.701702e-01 -5.381523e-01 -1.091098e+00 1.480103e+00
 1.711712e-01 -5.484782e-01 -1.112171e+00 1.537752e+00
 1.721722e-01 -5.455668e-01 -1.078745e+00 1.461334e+00
 1.731732e-01 -5.288125e-01 -9.916575e-01 1.263027e+00
 1.741742e-01 -4.978345e-01 -8.546418e-01 9.782518e-01
 1.751752e-01 -4.525817e-01 -6.741488e-01 6.593068e-01
 1.761762e-01 -3.934333e-01 -4.590071e-01 3.654773e-01
 1.771772e-01 -3.212825e-01 -2.199443e-01 1.515979e-01
 1.781782e-01 -2.375934e-01  3.100243e-02 5.741177e-02
 1.791792e-01 -1.444226e-01  2.811526e-01 9.990468e-02
 1.801802e-01 -4.439881e-02  5.178855e-01 2.701766e-01
 1.811812e-01  5.934192e-02  7.293382e-01 5.354557e-01
 1.821822e-01  1.632645e-01  9.050576e-01 8.457846e-01
 1.831832e-01  2.635829e-01  1.036567e+00 1.143947e+00
 1.841842e-01  3.564387e-01  1.117815e+00 1.376559e+00
 1.851852e-01  4.381017e-01  1.145481e+00 1.504060e+00
 1.861862e-01  5.051762e-01  1.119120e+00 1.507632e+00
 1.871872e-01  5.548010e-01  1.041138e+00 1.391773e+00
 1.881882e-01  5.848281e-01  9.166110e-01 1.182200e+00
 1.891892e-01  5.939646e-01  7.529449e-01 9.197199e-01
 1.901902e-01  5.818690e-01  5.594149e-01 6.515166e-01
 1.911912e-01  5.491911e-01  3.466044e-01 4.217455e-01
 1.921922e-01  4.975510e-01  1.257820e-01 2.633781e-01
 1.931932e-01  4.294576e-01 -9.174463e-02 1.928509e-01
 1.941942e-01  3.481699e-01 -2.952607e-01 2.084012e-01
 1.951952e-01  2.575089e-01 -4.752231e-01 2.921478e-01
 1.961962e-01  1.616324e-01 -6.237547e-01 4.151950e-01
 1.971972e-01  6.478868e-02 -7.350255e-01 5.444600e-01
 1.981982e-01 -2.893620e-02 -8.055025e-01 6.496716e-01
 1.991992e-01 -1.158575e-01 -8.340567e-01 7.090735e-01
 2.002002e-01 -1.929022e-01 -8.219253e-01 7.127725e-01
 2.012012e-01 -2.577740e-01 -7.725366e-01 6.632603e-01
 2.022022e-01 -3.090629e-01 -6.912121e-01 5.732941e-01
 2.032032e-01 -3.462889e-01 -5.847678e-01 4.618694e-01
 2.042042e-01 -3.698787e-01 -4.610428e-01 3.493707e-01
 2.052052e-01 -3.810762e-01 -3.283849e-01 2.530558e-01
 2.062062e-01 -3.817939e-01 -1.951270e-01 1.838411e-01
 2.072072e-01 -3.744156e-01 -6.908423e-02 1.449597e-01
 2.082082e-01 -3.615678e-01  4.289668e-02 1.325714e-01
 2.092092e-01 -3.458741e-01  1.353123e-01 1.379383e-01
 2.102102e-01 -3.297150e-01  2.042805e-01 1.504425e-01
 2.112112e-01 -3.150102e-01  2.477099e-01 1.605916e-01
 2.122122e-01 -3.030407e-01  2.653521e-01 1.622454e-01
 2.132132e-01 -2.943274e-01  2.587399e-01 1.535750e-01
 2.142142e-01 -2.885738e-01  2.310174e-01 1.366439e-01
 2.152152e-01 -2.846805e-01  1.866764e-01 1.158911e-01
 2.162162e-01 -2.808318e-01  1.312171e-01 9.608445e-02
 2.172172e-01 -2.746480e-01  7.075648e-02 8.043800e-02
 2.182182e-01 -2.633936e-01  1.160798e-02 6.951093e-02
 2.192192e-01 -2.442272e-01 -4.014092e-02 6.125824e-02
 2.202202e-01 -2.144738e-01 -7.902920e-02 5.224463e-02
 2.212212e-01 -1.718992e-01 -1.005772e-01 3.966511e-02
 2.222222e-01 -1.149662e-01 -1.015771e-01 2.353513e-02
 2.232232e-01 -4.305144e-02 -8.030225e-02 8.301877e-03
 2.242242e-01  4.339442e-02 -3.662618e-02 3.224552e-03
 2.252252e-01  1.427576e-01  2.795502e-02 2.116123e-02
 2.262262e-01  2.522527e-01  1.103966e-01 7.581882e-02
 2.272272e-01  3.679977e-01  2.062698e-01 1.779695e-01
 2.282282e-01  4.851723e-01  3.100076e-01 3.314969e-01
 2.292292e-01  5.982504e-01  4.152171e-01 5.303089e-01
 2.302302e-01  7.012944e-01  5.150405e-01 7.570806e-01
 2.312312e-01  7.882934e-01  6.025457e-01 9.844678e-01
 2.322322e-01  8.535252e-01  6.711254e-01 1.178915e+00
 2.332332e-01  8.919193e-01  7.148825e-01 1.306577e+00
 2.342342e-01  8.993969e-01  7.289826e-01 1.340330e+00
 2.352352e-01  8.731667e-01  7.099543e-01 1.266455e+00
 2.362362e-01  8.119574e-01  6.559217e-01 1.089508e+00
 2.372372e-01  7.161696e-01  5.667575e-01 8.341130e-01
 2.382382e-01  5.879373e-01  4.441475e-01 5.429373e-01
 2.392392e-01  4.310937e-01  2.915629e-01 2.708507e-01
 2.402402e-01  2.510401e-01  1.141417e-01 7.604947e-02
 2.412412e-01  5.452562e-02 -8.151672e-02 9.618019e-03
 2.422422e-01 -1.506529e-01 -2.876332e-01 1.054291e-01
 2.432432e-01 -3.560129e-01 -4.955945e-01 3.723591e-01
 2.442442e-01 -5.527931e-01 -6.963466e-01 7.904788e-01
 2.452452e-01 -7.323813e-01 -8.808162e-01 1.312219e+00
 2.462462e-01 -8.867413e-01 -1.040341e+00 1.868620e+00
 2.472472e-01 -1.008817e+00 -1.167088e+00 2.379806e+00
 2.482482e-01 -1.092890e+00 -1.254438e+00 2.768024e+00
 2.492492e-01 -1.134876e+00 -1.297321e+00 2.970985e+00
 2.502503e-01 -1.132538e+00 -1.292481e+00 2.953149e+00
 2.512513e-01 -1.085615e+00 -1.238660e+00 2.712839e+00
 2.522523e-01 -9.958504e-01 -1.136694e+00 2.283792e+00
 2.532533e-01 -8.669274e-01 -9.895060e-01 1.730685e+00
 2.542543e-01 -7.043066e-01 -8.020062e-01 1.139262e+00
 2.552553e-01 -5.149808e-01 -5.809004e-01 6.026506e-01
 2.562563e-01 -3.071558e-01 -3.344099e-01 2.061747e-01
 2.572573e-01 -8.987297e-02 -7.192130e-02 1.324982e-02
 2.582583e-01  1.274076e-01  1.964190e-01 5.481312e-02
 2.592593e-01  3.352444e-01  4.601475e-01 3.241245e-01
 2.602603e-01  5.246513e-01  7.089414e-01 7.778569e-01
 2.612613e-01  6.875138e-01  9.330705e-01 1.343296e+00
 2.622623e-01  8.169657e-01  1.123821e+00 1.930406e+00
 2.632633e-01  9.077082e-01  1.273869e+00 2.446678e+00
 2.642643e-01  9.562567e-01  1.377598e+00 2.812202e+00
 2.652653e-01  9.611039e-01  1.431318e+00 2.972391e+00
 2.662663e-01  9.227911e-01  1.433413e+00 2.906218e+00
 2.672673e-01  8.438835e-01  1.384385e+00 2.628660e+00
 2.682683e-01  7.288495e-01  1.286791e+00 2.187054e+00
 2.692693e-01  5.838488e-01  1.145108e+00 1.652152e+00
 2.702703e-01  4.164385e-01  9.654911e-01 1.105594e+00
 2.712713e-01  2.352084e-01  7.554766e-01 6.260679e-01
 2.722723e-01  4.936358e-02  5.236212e-01 2.766160e-01
 2.732733e-01 -1.317287e-01  2.791080e-01 9.525370e-02
 2.742743e-01 -2.990042e-01  3.133451e-02 9.038537e-02
 2.752753e-01 -4.441590e-01 -2.104932e-01 2.415846e-01
 2.762763e-01 -5.600737e-01 -4.377434e-01 5.053019e-01
 2.772773e-01 -6.411840e-01 -6.426990e-01 8.241790e-01
 2.782783e-01 -6.837771e-01 -8.188406e-01 1.138051e+00
 2.792793e-01 -6.861968e-01 -9.610606e-01 1.394503e+00
 2.802803e-01 -6.489446e-01 -1.065801e+00 1.557061e+00
 2.812813e-01 -5.746684e-01 -1.131114e+00 1.609663e+00
 2.822823e-01 -4.680371e-01 -1.156641e+00 1.556877e+00
 2.832833e-01 -3.355037e-01 -1.143522e+00 1.420206e+00
 2.842843e-01 -1.849683e-01 -1.094246e+00 1.231588e+00
 2.852853e-01 -2.535524e-02 -1.012443e+00 1.025685e+00
 2.862863e-01  1.338732e-01 -9.026487e-01 8.326966e-01
 2.872873e-01  2.832425e-01 -7.700411e-01 6.731896e-01
 2.882883e-01  4.138008e-01 -6.201812e-01 5.558559e-01
 2.892893e-01  5.176344e-01 -4.587569e-01 4.784033e-01
 2.902903e-01  5.883332e-01 -2.913535e-01 4.310227e-01
 2.912913e-01  6.213778e-01 -1.232569e-01 4.013027e-01
 2.922923e-01  6.144251e-01  4.070144e-02 3.791748e-01
 2.932933e-01  5.674712e-01  1.962558e-01 3.605399e-01
 2.942943e-01  4.828822e-01  3.397714e-01 3.486199e-01
 2.952953e-01  3.652856e-01  4.682676e-01 3.527081e-01
 2.962963e-01  2.213269e-01  5.794039e-01 3.846945e-01
 2.972973e-01  5.930388e-02  6.714379e-01 4.543458e-01
 2.982983e-01 -1.113038e-01  7.431633e-01 5.646802e-01
 2.992993e-01 -2.803811e-01  7.938389e-01 7.087937e-01
 3.003003e-01 -4.377706e-01  8.231177e-01 8.691658e-01
 3.013013e-01 -5.738753e-01  8.309855e-01 1.019870e+00
 3.023023e-01 -6.802356e-01  8.177148e-01 1.131378e+00
 3.033033e-01 -7.500449e-01  7.838397e-01 1.176972e+00
 3.043043e-01 -7.785712e-01  7.301516e-01 1.139295e+00
 3.053053e-01 -7.634580e-01  6.577165e-01 1.015459e+00
 3.063063e-01 -7.048846e-01  5.679084e-01 8.193822e-01
 3.073073e-01 -6.055746e-01  4.624529e-01 5.805833e-01
 3.083083e-01 -4.706510e-01  3.434731e-01 3.394862e-01
 3.093093e-01 -3.073447e-01  2.135279e-01 1.400549e-01
 3.103103e-01 -1.245745e-01  7.563373e-02 2.123927e-02
 3.113113e-01  6.757649e-02 -6.673856e-02 9.020617e-03
 3.123123e-01  2.584566e-01 -2.097003e-01 1.107741e-01
 3.133133e-01  4.374761e-01 -3.490179e-01 3.131989e-01
 3.143143e-01  5.947341e-01 -4.802249e-01 5.843245e-01
 3.153153e-01  7.216021e-01 -5.987715e-01 8.792369e-01
 3.163163e-01  8.112300e-01 -7.002060e-01 1.148383e+00
 3.173173e-01  8.589402e-01 -7.803797e-01 1.346771e+00
 3.183183e-01  8.624888e-01 -8.356643e-01 1.442222e+00
 3.193193e-01  8.221766e-01 -8.631675e-01 1.421033e+00
 3.203203e-01  7.408038e-01 -8.609330e-01 1.289996e+00
 3.213213e-01  6.234732e-01 -8.281080e-01 1.074482e+00
 3.223223e-01  4.772548e-01 -7.650666e-01 8.130991e-01
 3.233233e-01  3.107345e-01 -6.734747e-01 5.501241e-01
 3.243243e-01  1.334751e-01 -5.562887e-01 3.272727e-01
 3.253253e-01 -4.457374e-02 -4.176827e-01 1.764457e-01
 3.263263e-01 -2.136806e-01 -2.629042e-01 1.147780e-01
 3.273273e-01 -3.649139e-01 -9.806131e-02 1.427781e-01
 3.283283e-01 -4.906629e-01  7.014694e-02 2.456706e-01
 3.293293e-01 -5.850682e-01  2.347463e-01 3.974107e-01
 3.303303e-01 -6.443342e-01  3.888298e-01 5.663552e-01
 3.313313e-01 -6.669066e-01  5.259083e-01 7.213439e-01
 3.323323e-01 -6.535057e-01  6.402484e-01 8.369877e-01
 3.333333e-01 -6.070172e-01  7.271756e-01 8.972542e-01
 3.343343e-01 -5.322475e-01  7.833244e-01 8.968845e-01
 3.353353e-01 -4.355637e-01  8.068195e-01 8.406734e-01
 3.363363e-01 -3.244423e-01  7.973731e-01 7.410667e-01
 3.373373e-01 -2.069563e-01  7.562955e-01 6.148139e-01
 3.383383e-01 -9.123592e-02  6.864126e-01 4.794862e-01
 3.393393e-01  1.506412e-02  5.918982e-01 3.505704e-01
 3.403403e-01  1.052557e-01  4.780298e-01 2.395913e-01
 3.413413e-01  1.740367e-01  3.508821e-01 1.534070e-01
 3.423423e-01  2.178141e-01  2.169781e-01 9.452248e-02
 3.433433e-01  2.349099e-01  8.292027e-02 6.205841e-02
 3.443443e-01  2.256405e-01 -4.497745e-02 5.293661e-02
 3.453453e-01  1.922657e-01 -1.610311e-01 6.289711e-02
 3.463463e-01  1.388112e-01 -2.604829e-01 8.711992e-02
 3.473473e-01  7.077903e-02 -3.397332e-01 1.204283e-01
 3.483483e-01 -5.236132e-03 -3.964950e-01 1.572357e-01
 3.493493e-01 -8.199898e-02 -4.298634e-01 1.915064e-01
 3.503504e-01 -1.521259e-01 -4.402984e-01 2.170050e-01
 3.513514e-01 -2.085861e-01 -4.295223e-01 2.279975e-01
 3.523524e-01 -2.451820e-01 -4.003443e-01 2.203898e-01
 3.533534e-01 -2.569774e-01 -3.564239e-01 1.930754e-01
 3.543544e-01 -2.406506e-01 -3.019912e-01 1.491114e-01
 3.553554e-01 -1.947481e-01 -2.415450e-01 9.627079e-02
 3.563564e-01 -1.198267e-01 -1.795492e-01 4.659634e-02
 3.573574e-01 -1.847381e-02 -1.201469e-01 1.477656e-02
 3.583584e-01  1.047950e-01 -6.691304e-02 1.545935e-02
 3.593594e-01  2.437553e-01 -2.265748e-02 5.993000e-02
 3.603604e-01  3.907974e-01  1.070738e-02 1.528373e-01
 3.613614e-01  5.373373e-01  3.223124e-02 2.897702e-01
 3.623624e-01  6.742907e-01  4.191942e-02 4.564251e-01
 3.633634e-01  7.925852e-01  4.066152e-02 6.298447e-01
 3.643644e-01  8.836819e-01  3.010183e-02 7.817998e-01
 3.653654e-01  9.400773e-01  1.246546e-02 8.839007e-01
 3.663664e-01  9.557595e-01 -9.646613e-03 9.135693e-01
 3.673674e-01  9.265924e-01 -3.347545e-02 8.596942e-01
 3.683684e-01  8.506076e-01 -5.632058e-02 7.267053e-01
 3.693694e-01  7.281869e-01 -7.573729e-02 5.359923e-01
 3.703704e-01  5.621262e-01 -8.970388e-02 3.240327e-01
 3.713714e-01  3.575747e-01 -9.674619e-02 1.372195e-01
 3.723724e-01  1.218521e-01 -9.601513e-02 2.406683e-02
 3.733734e-01 -1.358482e-01 -8.731228e-02 2.607817e-02
 3.743744e-01 -4.048565e-01 -7.106687e-02 1.689593e-01
 3.753754e-01 -6.735061e-01 -4.826685e-02 4.559401e-01
 3.763764e-01 -9.296713e-01 -2.035414e-02 8.647031e-01
 3.773774e-01 -1.161339e+00  1.090828e-02 1.348828e+00
 3.783784e-01 -1.357186e+00  4.358338e-02 1.843854e+00
 3.793794e-01 -1.507134e+00  7.571188e-02 2.277184e+00
 3.803804e-01 -1.602852e+00  1.054549e-01 2.580256e+00
 3.813814e-01 -1.638196e+00  1.312200e-01 2.700904e+00
 3.823824e-01 -1.609536e+00  1.517599e-01 2.613637e+00
 3.833834e-01 -1.515988e+00  1.662411e-01 2.325856e+00
 3.843844e-01 -1.359510e+00  1.742767e-01 1.878640e+00
 3.853854e-01 -1.144873e+00  1.759262e-01 1.341685e+00
 3.863864e-01 -8.795014e-01  1.716619e-01 8.029905e-01
 3.873874e-01 -5.731857e-01  1.623090e-01 3.548861e-01
 3.883884e-01 -2.376879e-01  1.489635e-01 7.868565e-02
 3.893894e-01  1.137531e-01  1.328973e-01 3.060144e-02
 3.903904e-01  4.669871e-01  1.154551e-01 2.314068e-01
 3.913914e-01  8.075685e-01  9.795508e-02 6.617621e-01
 3.923924e-01  1.121392e+00  8.159436e-02 1.264177e+00
 3.933934e-01  1.395318e+00  6.737080e-02 1.951450e+00
 3.943944e-01  1.617766e+00  5.602004e-02 2.620306e+00
 3.953954e-01  1.779240e+00  4.797475e-02 3.167998e+00
 3.963964e-01  1.872762e+00  4.334341e-02 3.509116e+00
 3.973974e-01  1.894200e+00  4.191190e-02 3.589750e+00
 3.983984e-01  1.842468e+00  4.316278e-02 3.396553e+00
 3.993994e-01  1.719590e+00  4.631349e-02 2.959136e+00
 4.004004e-01  1.530622e+00  5.036673e-02 2.345339e+00
 4.014014e-01  1.283434e+00  5.417353e-02 1.650138e+00
 4.024024e-01  9.883729e-01  5.650172e-02 9.800734e-01
 4.034034e-01  6.577978e-01  5.611060e-02 4.358463e-01
 4.044044e-01  3.055322e-01  5.182459e-02 9.603572e-02
 4.054054e-01 -5.375542e-02  4.260763e-02 4.705056e-03
 4.064064e-01 -4.052100e-01  2.763135e-02 1.649586e-01
 4.074074e-01 -7.344552e-01  6.339285e-03 5.394646e-01
 4.084084e-01 -1.028236e+00 -2.149948e-02 1.057732e+00
 4.094094e-01 -1.275008e+00 -5.574481e-02 1.628752e+00
 4.104104e-01 -1.465439e+00 -9.585503e-02 2.156700e+00
 4.114114e-01 -1.592815e+00 -1.408690e-01 2.556904e+00
 4.124124e-01 -1.653305e+00 -1.894076e-01 2.769293e+00
 4.134134e-01 -1.646100e+00 -2.396926e-01 2.767098e+00
 4.144144e-01 -1.573398e+00 -2.895879e-01 2.559442e+00
 4.154154e-01 -1.440248e+00 -3.366621e-01 2.187656e+00
 4.164164e-01 -1.254261e+00 -3.782751e-01 1.716262e+00
 4.174174e-01 -1.025193e+00 -4.116836e-01 1.220504e+00
 4.184184e-01 -7.644397e-01 -4.341698e-01 7.728714e-01
 4.194194e-01 -4.844512e-01 -4.431816e-01 4.311029e-01
 4.204204e-01 -1.981103e-01 -4.364866e-01 2.297682e-01
 4.214214e-01  8.189972e-02 -4.123254e-01 1.767198e-01
 4.224224e-01  3.437004e-01 -3.695631e-01 2.547068e-01
 4.234234e-01  5.767703e-01 -3.078218e-01 4.274183e-01
 4.244244e-01  7.724101e-01 -2.275934e-01 6.484162e-01
 4.254254e-01  9.241024e-01 -1.303128e-01 8.709467e-01
 4.264264e-01  1.027744e+00 -1.839368e-02 1.056597e+00
 4.274274e-01  1.081748e+00  1.047911e-01 1.181161e+00
 4.284284e-01  1.087002e+00  2.349783e-01 1.236789e+00
 4.294294e-01  1.046702e+00  3.671448e-01 1.230380e+00
 4.304304e-01  9.660607e-01  4.956877e-01 1.178980e+00
 4.314314e-01  8.519249e-01  6.146598e-01 1.103583e+00
 4.324324e-01  7.123118e-01  7.180398e-01 1.022969e+00
 4.334334e-01  5.559065e-01  8.000376e-01 9.490921e-01
 4.344344e-01  3.915421e-01  8.554068e-01 8.850261e-01
 4.354354e-01  2.277021e-01  8.797605e-01 8.258268e-01
 4.364364e-01  7.206535e-02  8.698585e-01 7.618473e-01
 4.374374e-01 -6.886971e-02  8.238607e-01 6.834896e-01
 4.384384e-01 -1.900726e-01  7.415168e-01 5.859748e-01
 4.394394e-01 -2.881545e-01  6.242894e-01 4.727703e-01
 4.404404e-01 -3.614330e-01  4.753866e-01 3.566262e-01
 4.414414e-01 -4.098762e-01  2.997092e-01 2.578241e-01
 4.424424e-01 -4.349486e-01  1.036967e-01 1.999333e-01
 4.434434e-01 -4.393600e-01 -1.049099e-01 2.040433e-01
 4.444444e-01 -4.267515e-01 -3.173962e-01 2.828571e-01
 4.454454e-01 -4.013313e-01 -5.244621e-01 4.361273e-01
 4.464464e-01 -3.675017e-01 -7.166688e-01 6.486717e-01
 4.474474e-01 -3.294896e-01 -8.849036e-01 8.916179e-01
 4.484484e-01 -2.910235e-01 -1.020857e+00 1.126843e+00
 4.494494e-01 -2.550631e-01 -1.117465e+00 1.313786e+00
 4.504505e-01 -2.236179e-01 -1.169315e+00 1.417304e+00
 4.514515e-01 -1.976454e-01 -1.172965e+00 1.414910e+00
 4.524525e-01 -1.770572e-01 -1.127178e+00 1.301879e+00
 4.534535e-01 -1.608054e-01 -1.033042e+00 1.093034e+00
 4.544545e-01 -1.470651e-01 -8.939744e-01 8.208183e-01
 4.554555e-01 -1.334705e-01 -7.155969e-01 5.298933e-01
 4.564565e-01 -1.174121e-01 -5.055001e-01 2.693159e-01
 4.574575e-01 -9.633956e-02 -2.728867e-01 8.374847e-02
 4.584585e-01 -6.807791e-02 -2.813894e-02 5.426402e-03
 4.594595e-01 -3.109464e-02  2.177018e-01 4.836096e-02
 4.604605e-01  1.526537e-02  4.534777e-01 2.058751e-01
 4.614615e-01  7.064027e-02  6.684905e-01 4.518696e-01
 4.624625e-01  1.335727e-01  8.530361e-01 7.455123e-01
 4.634635e-01  2.015520e-01  9.989144e-01 1.038453e+00
 4.644645e-01  2.711197e-01  1.099835e+00 1.283142e+00
 4.654655e-01  3.380941e-01  1.151750e+00 1.440835e+00
 4.664665e-01  3.978302e-01  1.153038e+00 1.487765e+00
 4.674675e-01  4.455739e-01  1.104588e+00 1.418651e+00
 4.684685e-01  4.767989e-01  1.009713e+00 1.246857e+00
 4.694695e-01  4.875981e-01  8.739725e-01 1.001580e+00
 4.704705e-01  4.749919e-01  7.048290e-01 7.224013e-01
 4.714715e-01  4.372540e-01  5.112552e-01 4.525729e-01
 4.724725e-01  3.740866e-01  3.032032e-01 2.318730e-01
 4.734735e-01  2.867963e-01  9.109602e-02 9.055060e-02
 4.744745e-01  1.782609e-01 -1.147804e-01 4.495148e-02
 4.754755e-01  5.291702e-02 -3.047733e-01 9.568700e-02
 4.764765e-01 -8.351132e-02 -4.704261e-01 2.282749e-01
 4.774775e-01 -2.241897e-01 -6.048294e-01 4.160796e-01
 4.784785e-01 -3.616650e-01 -7.030403e-01 6.250672e-01
 4.794795e-01 -4.881151e-01 -7.621761e-01 8.191687e-01
 4.804805e-01 -5.960241e-01 -7.816516e-01 9.662240e-01
 4.814815e-01 -6.783248e-01 -7.629237e-01 1.042177e+00
 4.824825e-01 -7.292963e-01 -7.096302e-01 1.035448e+00
 4.834835e-01 -7.441818e-01 -6.268108e-01 9.466983e-01
 4.844845e-01 -7.210073e-01 -5.215084e-01 7.918225e-01
 4.854855e-01 -6.548275e-01 -3.985911e-01 5.876740e-01
 4.864865e-01 -5.225082e-01 -2.513180e-01 3.361756e-01
 4.874875e-01 -3.313655e-01 -9.195956e-02 1.182597e-01
 4.884885e-01 -1.003356e-01  6.344220e-02 1.409215e-02
 4.894895e-01  1.481331e-01  2.010779e-01 6.237573e-02
 4.904905e-01  3.887735e-01  3.095757e-01 2.469820e-01
 4.914915e-01  5.968101e-01  3.814516e-01 5.016876e-01
 4.924925e-01  7.500484e-01  4.132509e-01 7.333490e-01
 4.934935e-01  8.314961e-01  4.057768e-01 8.560406e-01
 4.944945e-01  8.309833e-01  3.635044e-01 8.226687e-01
 4.954955e-01  7.464756e-01  2.939183e-01 6.436138e-01
 4.964965e-01  5.843224e-01  2.063886e-01 3.840289e-01
 4.974975e-01  3.588516e-01  1.110985e-01 1.411173e-01
 4.984985e-01  9.101997e-02  1.785164e-02 8.603315e-03
 4.994995e-01 -1.935271e-01 -6.486760e-02 4.166053e-02
 5.005005e-01 -4.669490e-01 -1.306896e-01 2.351211e-01
 5.015015e-01 -7.019305e-01 -1.757710e-01 5.236019e-01
 5.025025e-01 -8.743836e-01 -1.989461e-01 8.041263e-01
 5.035035e-01 -9.658982e-01 -2.015047e-01 9.735635e-01
 5.045045e-01 -9.656058e-01 -1.867572e-01 9.672727e-01
 5.055055e-01 -8.714199e-01 -1.593686e-01 7.847709e-01
 5.065065e-01 -6.903068e-01 -1.246395e-01 4.920584e-01
 5.075075e-01 -4.378493e-01 -8.775860e-02 1.994136e-01
 5.085085e-01 -1.367473e-01 -5.318053e-02 2.152799e-02
 5.095095e-01  1.850972e-01 -2.414629e-02 3.484403e-02
 5.105105e-01  4.973994e-01 -2.434930e-03 2.474121e-01
 5.115115e-01  7.700617e-01  1.167068e-02 5.931312e-01
 5.125125e-01  9.764637e-01  1.920102e-02 9.538500e-01
 5.135135e-01  1.095429e+00  2.214237e-02 1.200454e+00
 5.145145e-01  1.114324e+00  2.299393e-02 1.242247e+00
 5.155155e-01  1.028386e+00  2.422564e-02 1.058164e+00
 5.165165e-01  8.490852e-01  2.804382e-02 7.217321e-01
 5.175175e-01  6.227860e-01  3.684483e-02 3.892199e-01
 5.185185e-01  3.639365e-01  5.159676e-02 1.351120e-01
 5.195195e-01  8.109561e-02  7.245449e-02 1.182615e-02
 5.205205e-01 -2.145180e-01  9.898192e-02 5.581540e-02
 5.215215e-01 -5.116325e-01  1.301664e-01 2.787111e-01
 5.225225e-01 -7.983041e-01  1.645368e-01 6.643618e-01
 5.235235e-01 -1.063057e+00  2.002777e-01 1.170200e+00
 5.245245e-01 -1.294911e+00  2.353773e-01 1.732196e+00
 5.255255e-01 -1.484151e+00  2.677715e-01 2.274406e+00
 5.265265e-01 -1.622491e+00  2.954876e-01 2.719789e+00
 5.275275e-01 -1.703602e+00  3.167723e-01 3.002604e+00
 5.285285e-01 -1.723241e+00  3.301971e-01 3.078589e+00
 5.295295e-01 -1.679559e+00  3.347384e-01 2.932970e+00
 5.305305e-01 -1.573102e+00  3.298247e-01 2.583436e+00
 5.315315e-01 -1.406898e+00  3.153562e-01 2.078812e+00
 5.325325e-01 -1.186294e+00  2.916926e-01 1.492377e+00
 5.335335e-01 -9.188350e-01  2.596178e-01 9.116592e-01
 5.345345e-01 -6.139417e-01  2.202811e-01 4.254481e-01
 5.355355e-01 -2.826080e-01  1.751264e-01 1.105365e-01
 5.365365e-01  6.305137e-02  1.258086e-01 1.980328e-02
 5.375375e-01  4.102244e-01  7.410983e-02 1.737763e-01
 5.385385e-01  7.459294e-01  2.185303e-02 5.568882e-01
 5.395395e-01  1.057491e+00 -2.917511e-02 1.119139e+00
 5.405405e-01  1.333069e+00 -7.729695e-02 1.783048e+00
 5.415415e-01  1.562107e+00 -1.210028e-01 2.454820e+00
 5.425425e-01  1.735785e+00 -1.590024e-01 3.038231e+00
 5.435435e-01  1.847363e+00 -1.902620e-01 3.448949e+00
 5.445445e-01  1.892487e+00 -2.140340e-01 3.627316e+00
 5.455455e-01  1.869362e+00 -2.298738e-01 3.547355e+00
 5.465465e-01  1.778860e+00 -2.376508e-01 3.220822e+00
 5.475475e-01  1.624490e+00 -2.375476e-01 2.695395e+00
 5.485485e-01  1.412275e+00 -2.300540e-01 2.047447e+00
 5.495495e-01  1.150518e+00 -2.159498e-01 1.370327e+00
 5.505506e-01  8.494730e-01 -1.962812e-01 7.601307e-01
 5.515516e-01  5.209206e-01 -1.723248e-01 3.010541e-01
 5.525526e-01  1.776937e-01 -1.455436e-01 5.275801e-02
 5.535536e-01 -1.668667e-01 -1.175299e-01 4.165779e-02
 5.545546e-01 -4.994613e-01 -8.993944e-02 2.575507e-01
 5.555556e-01 -8.074004e-01 -6.441411e-02 6.560445e-01
 5.565566e-01 -1.079131e+00 -4.249921e-02 1.166330e+00
 5.575576e-01 -1.304731e+00 -2.555396e-02 1.702976e+00
 5.585586e-01 -1.476314e+00 -1.466455e-02 2.179718e+00
 5.595596e-01 -1.588362e+00 -1.055996e-02 2.523004e+00
 5.605606e-01 -1.637929e+00 -1.354151e-02 2.682993e+00
 5.615616e-01 -1.624747e+00 -2.342741e-02 2.640352e+00
 5.625626e-01 -1.551194e+00 -3.952294e-02 2.407766e+00
 5.635636e-01 -1.422148e+00 -6.061704e-02 2.026181e+00
 5.645646e-01 -1.244720e+00 -8.501331e-02 1.556554e+00
 5.655656e-01 -1.027888e+00 -1.105934e-01 1.068784e+00
 5.665666e-01 -7.820489e-01 -1.349166e-01 6.298029e-01
 5.675676e-01 -5.185066e-01 -1.553490e-01 2.929825e-01
 5.685686e-01 -2.489224e-01 -1.692210e-01 9.059812e-02
 5.695696e-01  1.523468e-02 -1.740014e-01 3.050857e-02
 5.705706e-01  2.632241e-01 -1.674822e-01 9.733721e-02
 5.715716e-01  4.855140e-01 -1.479597e-01 2.576160e-01
 5.725726e-01  6.741962e-01 -1.144017e-01 4.676282e-01
 5.735736e-01  8.232994e-01 -6.658635e-02 6.822557e-01
 5.745746e-01  9.290021e-01 -5.203504e-03 8.630720e-01
 5.755756e-01  9.897196e-01  6.809452e-02 9.841818e-01
 5.765766e-01  1.006078e+00  1.506973e-01 1.034903e+00
 5.775776e-01  9.807681e-01  2.391033e-01 1.019076e+00
 5.785786e-01  9.182950e-01  3.290475e-01 9.515380e-01
 5.795796e-01  8.246425e-01  4.156893e-01 8.528328e-01
 5.805806e-01  7.068707e-01  4.938500e-01 7.435540e-01
 5.815816e-01  5.726710e-01  5.582932e-01 6.396433e-01
 5.825826e-01  4.299117e-01  6.040289e-01 5.496749e-01
 5.835836e-01  2.861937e-01  6.266291e-01 4.745709e-01
 5.845846e-01  1.484504e-01  6.225319e-01 4.095835e-01
 5.855856e-01  2.260620e-02  5.893184e-01 3.478072e-01
 5.865866e-01 -8.667901e-02  5.259410e-01 2.841272e-01
 5.875876e-01 -1.761766e-01  4.328890e-01 2.184311e-01
 5.885886e-01 -2.441517e-01  3.122752e-01 1.571258e-01
 5.895896e-01 -2.903295e-01  1.678355e-01 1.124600e-01
 5.905906e-01 -3.157672e-01  4.835294e-03 9.973230e-02
 5.915916e-01 -3.226487e-01 -1.701162e-01 1.330417e-01
 5.925926e-01 -3.140158e-01 -3.493392e-01 2.206438e-01
 5.935936e-01 -2.934634e-01 -5.244309e-01 3.611485e-01
 5.945946e-01 -2.648150e-01 -6.866743e-01 5.416486e-01
 5.955956e-01 -2.318109e-01 -8.274845e-01 7.384669e-01
 5.965966e-01 -1.978239e-01 -9.388714e-01 9.206137e-01
 5.975976e-01 -1.656289e-01 -1.013892e+00 1.055410e+00
 5.985986e-01 -1.372357e-01 -1.047068e+00 1.115184e+00
 5.995996e-01 -1.138014e-01 -1.034739e+00 1.083636e+00
 6.006006e-01 -9.561905e-02 -9.753397e-01 9.604305e-01
 6.016016e-01 -8.218695e-02 -8.695652e-01 7.628983e-01
 6.026026e-01 -7.234412e-02 -7.204312e-01 5.242547e-01
 6.036036e-01 -6.446374e-02 -5.332057e-01 2.884639e-01
 6.046046e-01 -5.668139e-02 -3.152211e-01 1.025771e-01
 6.056056e-01 -4.714252e-02 -7.556869e-02 7.933044e-03
 6.066066e-01 -3.424256e-02  1.753088e-01 3.190571e-02
 6.076076e-01 -1.684314e-02  4.261084e-01 1.818521e-01
 6.086086e-01  5.558999e-03  6.652168e-01 4.425443e-01
 6.096096e-01  3.272135e-02  8.812902e-01 7.777432e-01
 6.106106e-01  6.361782e-02  1.063833e+00 1.135788e+00
 6.116116e-01  9.647424e-02  1.203746e+00 1.458311e+00
 6.126126e-01  1.288798e-01  1.293805e+00 1.690542e+00
 6.136136e-01  1.579632e-01  1.329062e+00 1.791359e+00
 6.146146e-01  1.806237e-01  1.307119e+00 1.741184e+00
 6.156156e-01  1.937971e-01  1.228280e+00 1.546228e+00
 6.166166e-01  1.947385e-01  1.095565e+00 1.238185e+00
 6.176176e-01  1.812959e-01  9.145791e-01 8.693231e-01
 6.186186e-01  1.521571e-01  6.932482e-01 5.037448e-01
 6.196196e-01  1.070437e-01  4.414334e-01 2.063218e-01
 6.206206e-01  4.684024e-02  1.704454e-01 3.124565e-02
 6.216216e-01 -2.635938e-02 -1.075157e-01 1.225445e-02
 6.226226e-01 -1.092908e-01 -3.799652e-01 1.563180e-01
 6.236236e-01 -1.976484e-01 -6.347482e-01 4.419702e-01
 6.246246e-01 -2.862961e-01 -8.606338e-01 8.226560e-01
 6.256256e-01 -3.695515e-01 -1.047854e+00 1.234566e+00
 6.266266e-01 -4.415227e-01 -1.188562e+00 1.607622e+00
 6.276276e-01 -4.964807e-01 -1.277184e+00 1.877693e+00
 6.286286e-01 -5.292407e-01 -1.310652e+00 1.997905e+00
 6.296296e-01 -5.355290e-01 -1.288499e+00 1.947021e+00
 6.306306e-01 -5.123087e-01 -1.212826e+00 1.733408e+00
 6.316316e-01 -4.580449e-01 -1.088140e+00 1.393854e+00
 6.326326e-01 -3.728872e-01 -9.210705e-01 9.874158e-01
 6.336336e-01 -2.587585e-01 -7.199963e-01 5.853506e-01
 6.346346e-01 -1.193390e-01 -4.945926e-01 2.588636e-01
 6.356356e-01  4.005251e-02 -2.553335e-01 6.679938e-02
 6.366366e-01  2.126797e-01 -1.297401e-02 4.540100e-02
 6.376376e-01  3.906973e-01  2.219590e-01 2.019102e-01
 6.386386e-01  5.655331e-01  4.396416e-01 5.131124e-01
 6.396396e-01  7.283216e-01  6.313709e-01 9.290815e-01
 6.406406e-01  8.703657e-01  7.899071e-01 1.381490e+00
 6.416416e-01  9.835993e-01  9.097291e-01 1.795075e+00
 6.426426e-01  1.061028e+00  9.871937e-01 2.100331e+00
 6.436436e-01  1.097117e+00  1.020600e+00 2.245289e+00
 6.446446e-01  1.088117e+00  1.010158e+00 2.204419e+00
 6.456456e-01  1.032293e+00  9.578831e-01 1.983170e+00
 6.466466e-01  9.300594e-01  8.674037e-01 1.617400e+00
 6.476476e-01  7.840027e-01  7.437292e-01 1.167793e+00
 6.486486e-01  5.988020e-01  5.929675e-01 7.101743e-01
 6.496496e-01  3.810392e-01  4.220243e-01 3.232953e-01
 6.506507e-01  1.389190e-01  2.382934e-01 7.608226e-02
 6.516517e-01 -1.180913e-01  4.935506e-02 1.638147e-02
 6.526527e-01 -3.796824e-01 -1.373087e-01 1.630124e-01
 6.536537e-01 -6.351628e-01 -3.145695e-01 5.023858e-01
 6.546547e-01 -8.739349e-01 -4.758765e-01 9.902206e-01
 6.556557e-01 -1.085965e+00 -6.154424e-01 1.558089e+00
 6.566567e-01 -1.262223e+00 -7.283925e-01 2.123763e+00
 6.576577e-01 -1.395079e+00 -8.108777e-01 2.603768e+00
 6.586587e-01 -1.478625e+00 -8.601528e-01 2.926196e+00
 6.596597e-01 -1.508929e+00 -8.746240e-01 3.041832e+00
 6.606607e-01 -1.484187e+00 -8.538681e-01 2.931902e+00
 6.616617e-01 -1.404800e+00 -7.986263e-01 2.611266e+00
 6.626627e-01 -1.273337e+00 -7.107735e-01 2.126585e+00
 6.636637e-01 -1.094424e+00 -5.932651e-01 1.549728e+00
 6.646647e-01 -8.745433e-01 -4.500606e-01 9.673806e-01
 6.656657e-01 -6.217596e-01 -2.860231e-01 4.683942e-01
 6.666667e-01 -3.453909e-01 -1.067948e-01 1.307000e-01
 6.676677e-01 -5.563352e-02  8.135356e-02 9.713490e-03
 6.686687e-01  2.368411e-01  2.716983e-01 1.299137e-01
 6.696697e-01  5.212999e-01  4.572630e-01 4.808431e-01
 6.706707e-01  7.873586e-01  6.310397e-01 1.018145e+00
 6.716717e-01  1.025371e+00  7.862280e-01 1.669539e+00
 6.726727e-01  1.226784e+00  9.164828e-01 2.344939e+00
 6.736737e-01  1.384449e+00  1.016165e+00 2.949292e+00
 6.746747e-01  1.492878e+00  1.080584e+00 3.396348e+00
 6.756757e-01  1.548430e+00  1.106216e+00 3.621348e+00
 6.766767e-01  1.549433e+00  1.090896e+00 3.590798e+00
 6.776777e-01  1.496238e+00  1.033963e+00 3.307808e+00
 6.786787e-01  1.391189e+00  9.363497e-01 2.812157e+00
 6.796797e-01  1.238528e+00  8.006115e-01 2.174931e+00
 6.806807e-01  1.044236e+00  6.308866e-01 1.488447e+00
 6.816817e-01  8.158000e-01  4.327832e-01 8.528309e-01
 6.826827e-01  5.619348e-01  2.131975e-01 3.612239e-01
 6.836837e-01  2.922567e-01 -1.993443e-02 8.581138e-02
 6.846847e-01  1.692130e-02 -2.579408e-01 6.681977e-02
 6.856857e-01 -2.537603e-01 -4.917621e-01 3.062242e-01
 6.866867e-01 -5.097137e-01 -7.123283e-01 7.672197e-01
 6.876877e-01 -7.414891e-01 -9.109467e-01 1.379630e+00
 6.886887e-01 -9.406290e-01 -1.079682e+00 2.050495e+00
 6.896897e-01 -1.100003e+00 -1.211708e+00 2.678243e+00
 6.906907e-01 -1.214094e+00 -1.301619e+00 3.168235e+00
 6.916917e-01 -1.279225e+00 -1.345673e+00 3.447252e+00
 6.926927e-01 -1.293714e+00 -1.341968e+00 3.474574e+00
 6.936937e-01 -1.257951e+00 -1.290531e+00 3.247910e+00
 6.946947e-01 -1.174389e+00 -1.193315e+00 2.803192e+00
 6.956957e-01 -1.047449e+00 -1.054118e+00 2.208312e+00
 6.966967e-01 -8.833323e-01 -8.784027e-01 1.551867e+00
 6.976977e-01 -6.897666e-01 -6.730549e-01 9.287808e-01
 6.986987e-01 -4.756649e-01 -4.460675e-01 4.252333e-01
 6.996997e-01 -2.507364e-01 -2.061833e-01 1.053803e-01
 7.007007e-01 -2.505089e-02  3.749220e-02 2.033212e-03
 7.017017e-01  1.914179e-01  2.758876e-01 1.127548e-01
 7.027027e-01  3.892522e-01  5.003516e-01 4.018690e-01
 7.037037e-01  5.600286e-01  7.030096e-01 8.078546e-01
 7.047047e-01  6.967163e-01  8.770737e-01 1.254672e+00
 7.057057e-01  7.940109e-01  1.017093e+00 1.664931e+00
 7.067067e-01  8.485890e-01  1.119132e+00 1.972561e+00
 7.077077e-01  8.592671e-01  1.180875e+00 2.132805e+00
 7.087087e-01  8.270547e-01  1.201645e+00 2.127970e+00
 7.097097e-01  7.550975e-01  1.182355e+00 1.968135e+00
 7.107107e-01  6.485113e-01  1.125381e+00 1.687049e+00
 7.117117e-01  5.141120e-01  1.034380e+00 1.334254e+00
 7.127127e-01  3.600559e-01  9.140603e-01 9.651464e-01
 7.137137e-01  1.954065e-01  7.699130e-01 6.309498e-01
 7.147147e-01  2.965051e-02  6.079378e-01 3.704675e-01
 7.157157e-01 -1.278129e-01  4.343596e-01 2.050044e-01
 7.167167e-01 -2.681806e-01  2.553635e-01 1.371314e-01
 7.177177e-01 -3.837254e-01  7.685676e-02 1.531521e-01
 7.187187e-01 -4.682201e-01 -9.573168e-02 2.283946e-01
 7.197197e-01 -5.172822e-01 -2.576051e-01 3.339413e-01
 7.207207e-01 -5.286183e-01 -4.047040e-01 4.432226e-01
 7.217217e-01 -5.021536e-01 -5.337613e-01 5.370593e-01
 7.227227e-01 -4.400392e-01 -6.423108e-01 6.061976e-01
 7.237237e-01 -3.465331e-01 -7.286553e-01 6.510237e-01
 7.247247e-01 -2.277624e-01 -7.918030e-01 6.788276e-01
 7.257257e-01 -9.137685e-02 -8.313821e-01 6.995459e-01
 7.267267e-01  5.388566e-02 -8.475456e-01 7.212372e-01
 7.277277e-01  1.987003e-01 -8.408756e-01 7.465536e-01
 7.287287e-01  3.336935e-01 -8.122984e-01 7.711801e-01
 7.297297e-01  4.499888e-01 -7.630170e-01 7.846849e-01
 7.307307e-01  5.397289e-01 -6.944673e-01 7.735920e-01
 7.317317e-01  5.965439e-01 -6.082989e-01 7.258923e-01
 7.327327e-01  6.159388e-01 -5.063817e-01 6.358030e-01
 7.337337e-01  5.955756e-01 -3.908306e-01 5.074589e-01
 7.347347e-01  5.354361e-01 -2.640460e-01 3.564121e-01
 7.357357e-01  4.378504e-01 -1.287566e-01 2.082912e-01
 7.367367e-01  3.073933e-01  1.194311e-02 9.463328e-02
 7.377377e-01  1.506488e-01  1.545721e-01 4.658760e-02
 7.387387e-01 -2.414154e-02  2.952699e-01 8.776715e-02
 7.397397e-01 -2.075289e-01  4.298387e-01 2.278296e-01
 7.407407e-01 -3.893800e-01  5.538269e-01 4.583410e-01
 7.417417e-01 -5.594441e-01  6.626565e-01 7.520913e-01
 7.427427e-01 -7.079304e-01  7.517922e-01 1.066357e+00
 7.437437e-01 -8.260640e-01  8.169475e-01 1.349785e+00
 7.447447e-01 -9.065882e-01  8.543161e-01 1.551758e+00
 7.457457e-01 -9.441833e-01  8.608180e-01 1.632490e+00
 7.467467e-01 -9.357794e-01  8.343411e-01 1.571808e+00
 7.477477e-01 -8.807430e-01  7.739630e-01 1.374727e+00
 7.487487e-01 -7.809282e-01  6.801332e-01 1.072430e+00
 7.497497e-01 -6.405885e-01  5.547991e-01 7.181558e-01
 7.507508e-01 -4.661556e-01  4.014601e-01 3.784712e-01
 7.517518e-01 -2.658958e-01  2.251394e-01 1.213883e-01
 7.527528e-01 -4.946662e-02  3.226649e-02 3.488072e-03
 7.537538e-01  1.726024e-01 -1.695306e-01 5.853221e-02
 7.547548e-01  3.894744e-01 -3.717185e-01 2.898650e-01
 7.557558e-01  5.905832e-01 -5.652253e-01 6.682682e-01
 7.567568e-01  7.661907e-01 -7.408649e-01 1.135929e+00
 7.577578e-01  9.078943e-01 -8.897969e-01 1.616010e+00
 7.587588e-01  1.009054e+00 -1.003997e+00 2.026201e+00
 7.597598e-01  1.065120e+00 -1.076713e+00 2.293791e+00
 7.607608e-01  1.073837e+00 -1.102870e+00 2.369449e+00
 7.617618e-01  1.035326e+00 -1.079416e+00 2.237040e+00
 7.627628e-01  9.520331e-01 -1.005565e+00 1.917528e+00
 7.637638e-01  8.285530e-01 -8.829309e-01 1.466067e+00
 7.647648e-01  6.713473e-01 -7.155428e-01 9.627088e-01
 7.657658e-01  4.883650e-01 -5.097257e-01 4.983207e-01
 7.667668e-01  2.885986e-01 -2.738586e-01 1.582877e-01
 7.677678e-01  8.159871e-02 -1.801577e-02 6.982918e-03
 7.687688e-01 -1.230233e-01  2.464907e-01 7.589238e-02
 7.697698e-01 -3.160769e-01  5.076441e-01 3.576071e-01
 7.707708e-01 -4.892315e-01  7.533046e-01 8.068152e-01
 7.717718e-01 -6.353916e-01  9.718067e-01 1.348131e+00
 7.727728e-01 -7.489891e-01  1.152543e+00 1.889339e+00
 7.737738e-01 -8.261828e-01  1.286497e+00 2.337653e+00
 7.747748e-01 -8.649579e-01  1.366708e+00 2.616043e+00
 7.757758e-01 -8.651275e-01  1.388625e+00 2.676724e+00
 7.767768e-01 -8.282415e-01  1.350346e+00 2.509419e+00
 7.777778e-01 -7.574154e-01  1.252729e+00 2.143009e+00
 7.787788e-01 -6.570932e-01  1.099357e+00 1.640357e+00
 7.797798e-01 -5.327639e-01  8.963729e-01 1.087322e+00
 7.807808e-01 -3.906505e-01  6.521911e-01 5.779610e-01
 7.817818e-01 -2.373900e-01  3.770968e-01 1.985560e-01
 7.827828e-01 -7.972309e-02  8.276081e-02 1.320512e-02
 7.837838e-01  7.579089e-02 -2.183075e-01 5.340240e-02
 7.847848e-01  2.230231e-01 -5.133387e-01 3.132559e-01
 7.857858e-01  3.564789e-01 -7.898855e-01 7.509963e-01
 7.867868e-01  4.714525e-01 -1.036379e+00 1.296348e+00
 7.877878e-01  5.641324e-01 -1.242630e+00 1.862376e+00
 7.887888e-01  6.316604e-01 -1.400264e+00 2.359733e+00
 7.897898e-01  6.721497e-01 -1.503047e+00 2.710936e+00
 7.907908e-01  6.846699e-01 -1.547126e+00 2.862371e+00
 7.917918e-01  6.692070e-01 -1.531135e+00 2.792213e+00
 7.927928e-01  6.266056e-01 -1.456207e+00 2.513173e+00
 7.937938e-01  5.585028e-01 -1.325860e+00 2.069829e+00
 7.947948e-01  4.672565e-01 -1.145793e+00 1.531170e+00
 7.957958e-01  3.558736e-01 -9.235930e-01 9.796701e-01
 7.967968e-01  2.279387e-01 -6.683708e-01 4.986756e-01
 7.977978e-01  8.754236e-02 -3.903481e-01 1.600353e-01
 7.987988e-01 -6.079362e-02 -1.004151e-01 1.377906e-02
 7.997998e-01 -2.121981e-01  1.903220e-01 8.125051e-02
 8.008008e-01 -3.615436e-01  4.709841e-01 3.525398e-01
 8.018018e-01 -5.035554e-01  7.313337e-01 7.884171e-01
 8.028028e-01 -6.329391e-01  9.621478e-01 1.326340e+00
 8.038038e-01 -7.445288e-01  1.155535e+00 1.889583e+00
 8.048048e-01 -8.334548e-01  1.305187e+00 2.398160e+00
 8.058058e-01 -8.953270e-01  1.406565e+00 2.780036e+00
 8.068068e-01 -9.264286e-01  1.457005e+00 2.981135e+00
 8.078078e-01 -9.239107e-01  1.455759e+00 2.972844e+00
 8.088088e-01 -8.859769e-01  1.403955e+00 2.756046e+00
 8.098098e-01 -8.120467e-01  1.304509e+00 2.361165e+00
 8.108108e-01 -7.028837e-01  1.161960e+00 1.844196e+00
 8.118118e-01 -5.606769e-01  9.822651e-01 1.279203e+00
 8.128128e-01 -3.890648e-01  7.725567e-01 7.482153e-01
 8.138138e-01 -1.930931e-01  5.408600e-01 3.298144e-01
 8.148148e-01  2.089867e-02  2.957944e-01 8.793107e-02
 8.158158e-01  2.454612e-01  4.626294e-02 6.239148e-02
 8.168168e-01  4.722895e-01 -1.988607e-01 2.626029e-01
 8.178178e-01  6.925354e-01 -4.310372e-01 6.653982e-01
 8.188188e-01  8.971698e-01 -6.423499e-01 1.217527e+00
 8.198198e-01  1.077376e+00 -8.257690e-01 1.842633e+00
 8.208208e-01  1.224956e+00 -9.753832e-01 2.451889e+00
 8.218218e-01  1.332728e+00 -1.086592e+00 2.956847e+00
 8.228228e-01  1.394900e+00 -1.156255e+00 3.282671e+00
 8.238238e-01  1.407382e+00 -1.182788e+00 3.379710e+00
 8.248248e-01  1.368042e+00 -1.166209e+00 3.231583e+00
 8.258258e-01  1.276867e+00 -1.108131e+00 2.858344e+00
 8.268268e-01  1.136033e+00 -1.011690e+00 2.314087e+00
 8.278278e-01  9.498681e-01 -8.814254e-01 1.679160e+00
 8.288288e-01  7.247147e-01 -7.231063e-01 1.048094e+00
 8.298298e-01  4.686880e-01 -5.435084e-01 5.150698e-01
 8.308308e-01  1.913476e-01 -3.501510e-01 1.592196e-01
 8.318318e-01 -9.670723e-02 -1.510013e-01 3.215367e-02
 8.328328e-01 -3.842970e-01  4.584285e-02 1.497857e-01
 8.338338e-01 -6.601549e-01  2.324807e-01 4.898518e-01
 8.348348e-01 -9.134281e-01  4.015338e-01 9.955802e-01
 8.358358e-01 -1.134162e+00  5.464541e-01 1.584936e+00
 8.368368e-01 -1.313746e+00  6.618034e-01 2.163912e+00
 8.378378e-01 -1.445290e+00  7.434892e-01 2.641640e+00
 8.388388e-01 -1.523930e+00  7.889462e-01 2.944800e+00
 8.398398e-01 -1.547026e+00  7.972540e-01 3.028904e+00
 8.408408e-01 -1.514260e+00  7.691824e-01 2.884625e+00
 8.418418e-01 -1.427625e+00  7.071614e-01 2.538192e+00
 8.428428e-01 -1.291305e+00  6.151739e-01 2.045908e+00
 8.438438e-01 -1.111452e+00  4.985740e-01 1.483901e+00
 8.448448e-01 -8.958786e-01  3.638376e-01 9.349762e-01
 8.458458e-01 -6.536803e-01  2.182554e-01 4.749333e-01
 8.468468e-01 -3.948027e-01  6.958037e-02 1.607106e-01
 8.478478e-01 -1.295839e-01 -7.435262e-02 2.232030e-02
 8.488488e-01  1.317098e-01 -2.060186e-01 5.979114e-02
 8.498498e-01  3.793295e-01 -3.185855e-01 2.453876e-01
 8.508509e-01  6.044499e-01 -4.062691e-01 5.304143e-01
 8.518519e-01  7.995169e-01 -4.646414e-01 8.551189e-01
 8.528529e-01  9.585216e-01 -4.908751e-01 1.159722e+00
 8.538539e-01  1.077189e+00 -4.839095e-01 1.394505e+00
 8.548549e-01  1.153079e+00 -4.445282e-01 1.527197e+00
 8.558559e-01  1.185591e+00 -3.753401e-01 1.546505e+00
 8.568569e-01  1.175883e+00 -2.806642e-01 1.461474e+00
 8.578579e-01  1.126720e+00 -1.663196e-01 1.297159e+00
 8.588589e-01  1.042238e+00 -3.933030e-02 1.087807e+00
 8.598599e-01  9.276788e-01  9.244263e-02 8.691335e-01
 8.608609e-01  7.890745e-01  2.207229e-01 6.713572e-01
 8.618619e-01  6.329283e-01  3.372754e-01 5.143529e-01
 8.628629e-01  4.658942e-01  4.343710e-01 4.057356e-01
 8.638639e-01  2.944797e-01  5.052380e-01 3.419837e-01
 8.648649e-01  1.247834e-01  5.444710e-01 3.120196e-01
 8.658659e-01 -3.771980e-02  5.483774e-01 3.021406e-01
 8.668669e-01 -1.883389e-01  5.152372e-01 3.009409e-01
 8.678679e-01 -3.232684e-01  4.454610e-01 3.029379e-01
 8.688689e-01 -4.396310e-01  3.416328e-01 3.099883e-01
 8.698699e-01 -5.354668e-01  2.084324e-01 3.301688e-01
 8.708709e-01 -6.096758e-01  5.243718e-02 3.744543e-01
 8.718719e-01 -6.619237e-01 -1.181899e-01 4.521118e-01
 8.728729e-01 -6.925232e-01 -2.941113e-01 5.660899e-01
 8.738739e-01 -7.023039e-01 -4.653059e-01 7.097404e-01
 8.748749e-01 -6.924817e-01 -6.216146e-01 8.659356e-01
 8.758759e-01 -6.645403e-01 -7.533114e-01 1.009092e+00
 8.768769e-01 -6.201323e-01 -8.516688e-01 1.109904e+00
 8.778779e-01 -5.610080e-01 -9.094843e-01 1.141892e+00
 8.788789e-01 -4.889721e-01 -9.215380e-01 1.088326e+00
 8.798799e-01 -4.058708e-01 -8.849529e-01 9.478728e-01
 8.808809e-01 -3.136040e-01 -7.994335e-01 7.374413e-01
 8.818819e-01 -2.141565e-01 -6.673664e-01 4.912409e-01
 8.828829e-01 -1.096407e-01 -4.937738e-01 2.558336e-01
 8.838839e-01 -2.339516e-03 -2.861161e-01 8.186788e-02
 8.848849e-01  1.052596e-01 -5.395389e-02 1.399060e-02
 8.858859e-01  2.104496e-01  1.915175e-01 8.096799e-02
 8.868869e-01  3.103159e-01  4.380362e-01 2.881717e-01
 8.878879e-01  4.017803e-01  6.729157e-01 6.142429e-01
 8.888889e-01  4.816808e-01  8.837237e-01 1.012984e+00
 8.898899e-01  5.468851e-01  1.058963e+00 1.420485e+00
 8.908909e-01  5.944345e-01  1.188711e+00 1.766387e+00
 8.918919e-01  6.217088e-01  1.265191e+00 1.987229e+00
 8.928929e-01  6.266038e-01  1.283222e+00 2.039290e+00
 8.938939e-01  6.077063e-01  1.240546e+00 1.908261e+00
 8.948949e-01  5.644536e-01  1.137990e+00 1.613630e+00
 8.958959e-01  4.972636e-01  9.794661e-01 1.206625e+00
 8.968969e-01  4.076212e-01  7.717974e-01 7.618262e-01
 8.978979e-01  2.981114e-01  5.243906e-01 3.638560e-01
 8.988989e-01  1.723898e-01  2.487624e-01 9.160097e-02
 8.998999e-01  3.508704e-02 -4.204936e-02 2.999249e-03
 9.009009e-01 -1.083514e-01 -3.341570e-01 1.234009e-01
 9.019019e-01 -2.518867e-01 -6.135401e-01 4.398783e-01
 9.029029e-01 -3.891587e-01 -8.667677e-01 9.027308e-01
 9.039039e-01 -5.137944e-01 -1.081686e+00 1.434030e+00
 9.049049e-01 -6.197369e-01 -1.248034e+00 1.941664e+00
 9.059059e-01 -7.015753e-01 -1.357952e+00 2.336241e+00
 9.069069e-01 -7.548543e-01 -1.406356e+00 2.547643e+00
 9.079079e-01 -7.763452e-01 -1.391171e+00 2.538069e+00
 9.089089e-01 -7.642589e-01 -1.313390e+00 2.309085e+00
 9.099099e-01 -7.183867e-01 -1.176982e+00 1.901367e+00
 9.109109e-01 -6.401565e-01 -9.886494e-01 1.387228e+00
 9.119119e-01 -5.326003e-01 -7.574437e-01 8.573840e-01
 9.129129e-01 -4.002302e-01 -4.942803e-01 4.044972e-01
 9.139139e-01 -2.488299e-01 -2.113682e-01 1.065928e-01
 9.149149e-01 -8.517036e-02  7.840528e-02 1.340138e-02
 9.159159e-01  8.333294e-02  3.621023e-01 1.380625e-01
 9.169169e-01  2.490040e-01  6.273422e-01 4.555612e-01
 9.179179e-01  4.043077e-01  8.628567e-01 9.079865e-01
 9.189189e-01  5.422462e-01  1.058969e+00 1.415447e+00
 9.199199e-01  6.567260e-01  1.207975e+00 1.890493e+00
 9.209209e-01  7.428752e-01  1.304412e+00 2.253353e+00
 9.219219e-01  7.972905e-01  1.345210e+00 2.445263e+00
 9.229229e-01  8.182008e-01  1.329731e+00 2.437637e+00
 9.239239e-01  8.055364e-01  1.259684e+00 2.235694e+00
 9.249249e-01  7.609019e-01  1.138957e+00 1.876195e+00
 9.259259e-01  6.874533e-01  9.733519e-01 1.420006e+00
 9.269269e-01  5.896885e-01  7.702640e-01 9.410392e-01
 9.279279e-01  4.731639e-01  5.383141e-01 5.136661e-01
 9.289289e-01  3.441561e-01  2.869566e-01 2.007875e-01
 9.299299e-01  2.092884e-01  2.608382e-02 4.448202e-02
 9.309309e-01  7.514659e-02 -2.343578e-01 6.057057e-02
 9.319319e-01 -5.209368e-02 -4.847252e-01 2.376723e-01
 9.329329e-01 -1.670038e-01 -7.159996e-01 5.405457e-01
 9.339339e-01 -2.651850e-01 -9.200629e-01 9.168388e-01
 9.349349e-01 -3.434792e-01 -1.089925e+00 1.305915e+00
 9.359359e-01 -4.000973e-01 -1.219905e+00 1.648246e+00
 9.369369e-01 -4.346582e-01 -1.305756e+00 1.893925e+00
 9.379379e-01 -4.481378e-01 -1.344752e+00 2.009185e+00
 9.389389e-01 -4.427340e-01 -1.335728e+00 1.980182e+00
 9.399399e-01 -4.216570e-01 -1.279078e+00 1.813836e+00
 9.409409e-01 -3.888613e-01 -1.176722e+00 1.535889e+00
 9.419419e-01 -3.487372e-01 -1.032034e+00 1.186713e+00
 9.429429e-01 -3.057824e-01 -8.497418e-01 8.155640e-01
 9.439439e-01 -2.642769e-01 -6.357937e-01 4.740759e-01
 9.449449e-01 -2.279806e-01 -3.971990e-01 2.097422e-01
 9.459459e-01 -1.998748e-01 -1.418358e-01 6.006734e-02
 9.469469e-01 -1.819627e-01  1.217679e-01 4.793783e-02
 9.479479e-01 -1.751417e-01  3.846787e-01 1.786523e-01
 9.489489e-01 -1.791557e-01  6.378264e-01 4.389193e-01
 9.499499e-01 -1.926274e-01  8.722900e-01 7.979951e-01
 9.509510e-01 -2.131702e-01  1.079596e+00 1.210968e+00
 9.519520e-01 -2.375698e-01  1.252018e+00 1.623987e+00
 9.529530e-01 -2.620232e-01  1.382872e+00 1.980990e+00
 9.539540e-01 -2.824200e-01  1.466790e+00 2.231233e+00
 9.549550e-01 -2.946458e-01  1.499962e+00 2.336701e+00
 9.559560e-01 -2.948893e-01  1.480334e+00 2.278349e+00
 9.569570e-01 -2.799324e-01  1.407752e+00 2.060128e+00
 9.579580e-01 -2.474049e-01  1.284032e+00 1.709947e+00
 9.589590e-01 -1.959873e-01  1.112960e+00 1.277091e+00
 9.599600e-01 -1.255491e-01  9.002114e-01 8.261432e-01
 9.609610e-01 -3.721413e-02  6.531843e-01 4.280346e-01
 9.619620e-01  6.665206e-02  3.807553e-01 1.494171e-01
 9.629630e-01  1.825317e-01  9.296176e-02 4.195970e-02
 9.639640e-01  3.059155e-01 -1.993779e-01 1.333358e-01
 9.649650e-01  4.315262e-01 -4.850921e-01 4.215292e-01
 9.659660e-01  5.535904e-01 -7.531134e-01 8.736421e-01
 9.669670e-01  6.661443e-01 -9.929448e-01 1.429688e+00
 9.679680e-01  7.633538e-01 -1.195115e+00 2.011009e+00
 9.689690e-01  8.398330e-01 -1.351598e+00 2.532138e+00
 9.699700e-01  8.909409e-01 -1.456182e+00 2.914243e+00
 9.709710e-01  9.130411e-01 -1.504759e+00 3.097942e+00
 9.719720e-01  9.037097e-01 -1.495527e+00 3.053293e+00
 9.729730e-01  8.618811e-01 -1.429100e+00 2.785166e+00
 9.739740e-01  7.879229e-01 -1.308493e+00 2.332977e+00
 9.749750e-01  6.836383e-01 -1.139015e+00 1.764718e+00
 9.759760e-01  5.521955e-01 -9.280451e-01 1.166188e+00
 9.769770e-01  3.979890e-01 -6.847137e-01 6.272281e-01
 9.779780e-01  2.264412e-01 -4.195051e-01 2.272601e-01
 9.789790e-01  4.375628e-02 -1.437885e-01 2.258975e-02
 9.799800e-01 -1.433615e-01  1.306906e-01 3.763257e-02
 9.809810e-01 -3.280088e-01  3.923416e-01 2.615217e-01
 9.819820e-01 -5.033876e-01  6.302534e-01 6.506184e-01
 9.829830e-01 -6.630993e-01  8.346897e-01 1.136408e+00
 9.839840e-01 -8.014113e-01  9.975311e-01 1.637328e+00
 9.849850e-01 -9.134868e-01  1.112641e+00 2.072428e+00
 9.859860e-01 -9.955657e-01  1.176139e+00 2.374454e+00
 9.869870e-01 -1.045090e+00  1.186567e+00 2.500155e+00
 9.879880e-01 -1.060771e+00  1.144942e+00 2.436127e+00
 9.889890e-01 -1.042596e+00  1.054687e+00 2.199372e+00
 9.899900e-01 -9.917812e-01  9.214494e-01 1.832699e+00
 9.909910e-01 -9.106703e-01  7.528086e-01 1.396041e+00
 9.919920e-01 -8.025916e-01  5.578947e-01 9.553998e-01
 9.929930e-01 -6.716829e-01  3.469270e-01 5.715163e-01
 9.939940e-01 -5.226939e-01  1.307015e-01 2.902918e-01
 9.949950e-01 -3.607778e-01 -7.995028e-02 1.365527e-01
 9.959960e-01 -1.912843e-01 -2.747036e-01 1.120518e-01
 9.969970e-01 -1.956197e-02 -4.442572e-01 1.977471e-01
 9.979980e-01  1.492187e-01 -5.807973e-01 3.595917e-01
 9.989990e-01  3.102178e-01 -6.783862e-01 5.564429e-01
 1.000000e+00  4.590484e-01 -7.332536e-01 7.483863e-01
