# x psi_r psi_i psi2 
 0.000000e+00  1.610401e-02  3.134710e-03 2.691657e-04
 1.001001e-03  1.518985e-02  8.001386e-03 2.947538e-04
 2.002002e-03  1.196051e-02  1.095773e-02 2.631256e-04
 3.003003e-03  7.095129e-03  1.159053e-02 1.846812e-04
 4.004004e-03  1.471814e-03  9.944412e-03 1.010576e-04
 5.005005e-03 -3.986336e-03  6.487238e-03 5.797513e-05
 6.006006e-03 -8.457908e-03  2.000215e-03 7.553707e-05
 7.007007e-03 -1.134005e-02 -2.583803e-03 1.352728e-04
 8.008008e-03 -1.232017e-02 -6.362127e-03 1.922632e-04
 9.009009e-03 -1.139590e-02 -8.630267e-03 2.043480e-04
 1.001001e-02 -8.845952e-03 -9.006184e-03 1.593622e-04
 1.101101e-02 -5.161820e-03 -7.489868e-03 8.274251e-05
 1.201201e-02 -9.554295e-04 -4.449765e-03 2.071325e-05
 1.301301e-02  3.140335e-03 -5.411014e-04 1.015449e-05
 1.401401e-02  6.562455e-03  3.426773e-03 5.480859e-05
 1.501502e-02  8.887765e-03  6.648227e-03 1.231913e-04
 1.601602e-02  9.874941e-03  8.474823e-03 1.693371e-04
 1.701702e-02  9.476765e-03  8.536473e-03 1.626805e-04
 1.801802e-02  7.825682e-03  6.808831e-03 1.076015e-04
 1.901902e-02  5.199050e-03  3.615641e-03 4.010298e-05
 2.002002e-02  1.972101e-03 -4.333580e-04 4.076982e-06
 2.102102e-02 -1.433461e-03 -4.556865e-03 2.281983e-05
 2.202202e-02 -4.598676e-03 -7.947547e-03 8.431132e-05
 2.302302e-02 -7.149923e-03 -9.922220e-03 1.495719e-04
 2.402402e-02 -8.792661e-03 -1.004973e-02 1.783081e-04
 2.502503e-02 -9.335734e-03 -8.233827e-03 1.549518e-04
 2.602603e-02 -8.706644e-03 -4.736295e-03 9.823814e-05
 2.702703e-02 -6.958230e-03 -1.363572e-04 4.843556e-05
 2.802803e-02 -4.266751e-03  4.766830e-03 4.092783e-05
 2.902903e-02 -9.206646e-04  9.091765e-03 8.350782e-05
 3.003003e-02  2.700963e-03  1.202870e-02 1.519847e-04
 3.103103e-02  6.161209e-03  1.298380e-02 2.065396e-04
 3.203203e-02  9.008839e-03  1.168873e-02 2.177857e-04
 3.303303e-02  1.083033e-02  8.256509e-03 1.854660e-04
 3.403403e-02  1.130571e-02  3.173711e-03 1.378915e-04
 3.503504e-02  1.026128e-02 -2.770560e-03 1.129698e-04
 3.603604e-02  7.710833e-03 -8.608063e-03 1.335557e-04
 3.703704e-02  3.876765e-03 -1.334757e-02 1.931869e-04
 3.803804e-02 -8.159266e-04 -1.613871e-02 2.611235e-04
 3.903904e-02 -5.776538e-03 -1.641699e-02 3.028859e-04
 4.004004e-02 -1.031561e-02 -1.400619e-02 3.025850e-04
 4.104104e-02 -1.373576e-02 -9.160794e-03 2.725912e-04
 4.204204e-02 -1.543523e-02 -2.540584e-03 2.447010e-04
 4.304304e-02 -1.500907e-02  4.880167e-03 2.490881e-04
 4.404404e-02 -1.233132e-02  1.195596e-02 2.950064e-04
 4.504505e-02 -7.602714e-03  1.754465e-02 3.656162e-04
 4.604605e-02 -1.352128e-03  2.068700e-02 4.297803e-04
 4.704705e-02  5.613330e-03  2.076346e-02 4.626306e-04
 4.804805e-02  1.230686e-02  1.760364e-02 4.613469e-04
 4.904905e-02  1.769803e-02  1.153042e-02 4.461707e-04
 5.005005e-02  2.086801e-02  3.330124e-03 4.465635e-04
 5.105105e-02  2.116086e-02 -5.848791e-03 4.819905e-04
 5.205205e-02  1.830633e-02 -1.465541e-02 5.499028e-04
 5.305305e-02  1.249226e-02 -2.173231e-02 6.283497e-04
 5.405405e-02  4.371195e-03 -2.591966e-02 6.909359e-04
 5.505506e-02 -5.004906e-03 -2.643745e-02 7.239881e-04
 5.605606e-02 -1.431684e-02 -2.301818e-02 7.348085e-04
 5.705706e-02 -2.216105e-02 -1.596863e-02 7.461096e-04
 5.805806e-02 -2.725822e-02 -6.149390e-03 7.808258e-04
 5.905906e-02 -2.865649e-02  5.128041e-03 8.474915e-04
 6.006006e-02 -2.589761e-02  1.627434e-02 9.355405e-04
 6.106106e-02 -1.911791e-02  2.564318e-02 1.023067e-03
 6.206206e-02 -9.064702e-03  3.176942e-02 1.091465e-03
 6.306306e-02  2.979203e-03  3.359084e-02 1.137220e-03
 6.406406e-02  1.535645e-02  3.062068e-02 1.173447e-03
 6.506507e-02  2.626159e-02  2.304419e-02 1.220705e-03
 6.606607e-02  3.400206e-02  1.172216e-02 1.293549e-03
 6.706707e-02  3.725601e-02 -1.902621e-03 1.391630e-03
 6.806807e-02  3.528803e-02 -1.598671e-02 1.500820e-03
 6.906907e-02  2.808838e-02 -2.853252e-02 1.603062e-03
 7.007007e-02  1.641150e-02 -3.766750e-02 1.688178e-03
 7.107107e-02  1.703588e-03 -4.191733e-02 1.759965e-03
 7.207207e-02 -1.407497e-02 -4.043404e-02 1.833016e-03
 7.307307e-02 -2.871035e-02 -3.314456e-02 1.922846e-03
 7.407407e-02 -4.004457e-02 -2.079548e-02 2.036019e-03
 7.507508e-02 -4.628975e-02 -4.883451e-03 2.166589e-03
 7.607608e-02 -4.630207e-02  1.252362e-02 2.300722e-03
 7.707708e-02 -3.977378e-02  2.905336e-02 2.426052e-03
 7.807808e-02 -2.731295e-02  4.234971e-02 2.539495e-03
 7.907908e-02 -1.039502e-02  5.040429e-02 2.648649e-03
 8.008008e-02  8.811018e-03  5.185235e-02 2.766300e-03
 8.108108e-02  2.772142e-02  4.619003e-02 2.901996e-03
 8.208208e-02  4.368530e-02  3.387977e-02 3.056244e-03
 8.308308e-02  5.435390e-02  1.632486e-02 3.220847e-03
 8.408408e-02  5.802024e-02 -4.287998e-03 3.384735e-03
 8.508509e-02  5.388039e-02 -2.526075e-02 3.541202e-03
 8.608609e-02  4.217744e-02 -4.373686e-02 3.691849e-03
 8.708709e-02  2.420468e-02 -5.708851e-02 3.844965e-03
 8.808809e-02  2.163555e-03 -6.328585e-02 4.009779e-03
 8.908909e-02 -2.110800e-02 -6.119640e-02 4.190547e-03
 9.009009e-02 -4.250277e-02 -5.077134e-02 4.384214e-03
 9.109109e-02 -5.905905e-02 -3.308950e-02 4.582887e-03
 9.209209e-02 -6.836752e-02 -1.024887e-02 4.779156e-03
 9.309309e-02 -6.891414e-02  1.488392e-02 4.970690e-03
 9.409409e-02 -6.031127e-02  3.903576e-02 5.161240e-03
 9.509510e-02 -4.338264e-02  5.895477e-02 5.357718e-03
 9.609610e-02 -2.008762e-02  7.184699e-02 5.565502e-03
 9.709710e-02  6.708643e-03  7.576336e-02 5.785092e-03
 9.809810e-02  3.359169e-02  6.988352e-02 6.012108e-03
 9.909910e-02  5.703574e-02  5.465598e-02 6.240352e-03
 1.001001e-01  7.386635e-02  3.177271e-02 6.465743e-03
 1.011011e-01  8.168684e-02  3.978131e-03 6.688566e-03
 1.021021e-01  7.921127e-02 -2.526541e-02 6.912766e-03
 1.031031e-01  6.645826e-02 -5.221390e-02 7.142991e-03
 1.041041e-01  4.477798e-02 -7.332383e-02 7.381452e-03
 1.051051e-01  1.670589e-02 -8.571752e-02 7.626581e-03
 1.061061e-01 -1.434027e-02 -8.757018e-02 7.874180e-03
 1.071071e-01 -4.448290e-02 -7.836690e-02 8.120099e-03
 1.081081e-01 -6.987339e-02 -5.899429e-02 8.362617e-03
 1.091091e-01 -8.718470e-02 -3.165281e-02 8.603072e-03
 1.101101e-01 -9.404438e-02  4.010646e-04 8.844505e-03
 1.111111e-01 -8.935159e-02  3.325138e-02 9.089361e-03
 1.121121e-01 -7.343638e-02  6.280826e-02 9.337780e-03
 1.131131e-01 -4.803938e-02  8.532121e-02 9.587491e-03
 1.141141e-01 -1.611308e-02  9.785491e-02 9.835215e-03
 1.151151e-01  1.853135e-02  9.866680e-02 1.007855e-02
 1.161161e-01  5.168813e-02  8.743818e-02 1.031710e-02
 1.171171e-01  7.927394e-02  6.532910e-02 1.055225e-02
 1.181181e-01  9.783333e-02  3.484955e-02 1.078585e-02
 1.191191e-01  1.049693e-01 -4.374335e-04 1.101875e-02
 1.201201e-01  9.964547e-02 -3.634385e-02 1.125010e-02
 1.211211e-01  8.232190e-02 -6.856309e-02 1.147779e-02
 1.221221e-01  5.490853e-02 -9.319184e-02 1.169967e-02
 1.231231e-01  2.054155e-02 -1.072035e-01 1.191456e-02
 1.241241e-01 -1.678890e-02 -1.088154e-01 1.212267e-02
 1.251251e-01 -5.271394e-02 -9.770513e-02 1.232505e-02
 1.261261e-01 -8.300573e-02 -7.505123e-02 1.252264e-02
 1.271271e-01 -1.040787e-01 -4.339436e-02 1.271545e-02
 1.281281e-01 -1.134124e-01 -6.336740e-03 1.290252e-02
 1.291291e-01 -1.098450e-01  3.188206e-02 1.308238e-02
 1.301301e-01 -9.370570e-02  6.688159e-02 1.325390e-02
 1.311311e-01 -6.677052e-02  9.464930e-02 1.341679e-02
 1.321321e-01 -3.204975e-02  1.120016e-01 1.357155e-02
 1.331331e-01  6.565186e-03  1.169440e-01 1.371899e-02
 1.341341e-01  4.475234e-02  1.088894e-01 1.385967e-02
 1.351351e-01  7.825313e-02  8.871294e-02 1.399354e-02
 1.361361e-01  1.033517e-01  5.863867e-02 1.412006e-02
 1.371371e-01  1.172849e-01  2.197592e-02 1.423868e-02
 1.381381e-01  1.185380e-01 -1.726195e-02 1.434922e-02
 1.391391e-01  1.069951e-01 -5.481022e-02 1.445211e-02
 1.401401e-01  8.393143e-02 -8.662407e-02 1.454821e-02
 1.411411e-01  5.185210e-02 -1.093153e-01 1.463848e-02
 1.421421e-01  1.420071e-02 -1.205073e-01 1.472366e-02
 1.431431e-01 -2.502686e-02 -1.190708e-01 1.480421e-02
 1.441441e-01 -6.171777e-02 -1.052205e-01 1.488043e-02
 1.451451e-01 -9.207785e-02 -8.046401e-02 1.495279e-02
 1.461461e-01 -1.130208e-01 -4.741727e-02 1.502209e-02
 1.471471e-01 -1.224709e-01 -9.508486e-03 1.508954e-02
 1.481481e-01 -1.195521e-01  2.939198e-02 1.515659e-02
 1.491491e-01 -1.046466e-01  6.537479e-02 1.522477e-02
 1.501502e-01 -7.932454e-02  9.488458e-02 1.529547e-02
 1.511512e-01 -4.615746e-02  1.150631e-01 1.537002e-02
 1.521522e-01 -8.438996e-03  1.240104e-01 1.544980e-02
 1.531532e-01  3.015337e-02  1.209427e-01 1.553636e-02
 1.541542e-01  6.592037e-02  1.062357e-01 1.563153e-02
 1.551552e-01  9.549021e-02  8.135747e-02 1.573742e-02
 1.561562e-01  1.161230e-01  4.870073e-02 1.585631e-02
 1.571572e-01  1.259443e-01  1.133854e-02 1.599052e-02
 1.581582e-01  1.240913e-01 -2.727190e-02 1.614240e-02
 1.591592e-01  1.107631e-01 -6.360683e-02 1.631428e-02
 1.601602e-01  8.717697e-02 -9.438641e-02 1.650862e-02
 1.611612e-01  5.544001e-02 -1.168522e-01 1.672802e-02
 1.621622e-01  1.835098e-02 -1.289905e-01 1.697531e-02
 1.631632e-01 -2.084671e-02 -1.296877e-01 1.725350e-02
 1.641642e-01 -5.873988e-02 -1.188079e-01 1.756570e-02
 1.651652e-01 -9.202579e-02 -9.719227e-02 1.791508e-02
 1.661662e-01 -1.177773e-01 -6.658343e-02 1.830485e-02
 1.671672e-01 -1.336749e-01 -2.948319e-02 1.873823e-02
 1.681682e-01 -1.381903e-01  1.104451e-02 1.921854e-02
 1.691692e-01 -1.307115e-01  5.161085e-02 1.974919e-02
 1.701702e-01 -1.116010e-01  8.876342e-02 2.033373e-02
 1.711712e-01 -8.218330e-02  1.192547e-01 2.097579e-02
 1.721722e-01 -4.466329e-02  1.403006e-01 2.167906e-02
 1.731732e-01 -1.977343e-03  1.498110e-01 2.244724e-02
 1.741742e-01  4.241396e-02  1.465778e-01 2.328398e-02
 1.751752e-01  8.478076e-02  1.304040e-01 2.419297e-02
 1.761762e-01  1.214113e-01  1.021625e-01 2.517786e-02
 1.771772e-01  1.489128e-01  6.377555e-02 2.624234e-02
 1.781782e-01  1.645057e-01  1.811076e-02 2.739012e-02
 1.791792e-01  1.662862e-01 -3.120543e-02 2.862488e-02
 1.801802e-01  1.534359e-01 -8.004805e-02 2.995026e-02
 1.811812e-01  1.263551e-01 -1.241136e-01 3.136981e-02
 1.821822e-01  8.670365e-02 -1.592779e-01 3.288697e-02
 1.831832e-01  3.733549e-02 -1.819647e-01 3.450509e-02
 1.841842e-01 -1.787443e-02 -1.894938e-01 3.622741e-02
 1.851852e-01 -7.430702e-02 -1.803761e-01 3.805708e-02
 1.861862e-01 -1.269628e-01 -1.545237e-01 3.999712e-02
 1.871872e-01 -1.708870e-01 -1.133493e-01 4.205041e-02
 1.881882e-01 -2.016217e-01 -5.973591e-02 4.421969e-02
 1.891892e-01 -2.156453e-01  2.131252e-03 4.650746e-02
 1.901902e-01 -2.107563e-01  6.706577e-02 4.891602e-02
 1.911912e-01 -1.863602e-01  1.292955e-01 5.144746e-02
 1.921922e-01 -1.436265e-01  1.829620e-01 5.410365e-02
 1.931932e-01 -8.548796e-02  2.226613e-01 5.688623e-02
 1.941942e-01 -1.647377e-02  2.439779e-01 5.979660e-02
 1.951952e-01  5.762064e-02  2.439585e-01 6.283590e-02
 1.961962e-01  1.302052e-01  2.214759e-01 6.600497e-02
 1.971972e-01  1.944719e-01  1.774402e-01 6.930435e-02
 1.981982e-01  2.440264e-01  1.148276e-01 7.273428e-02
 1.991992e-01  2.735169e-01  3.851152e-02 7.629466e-02
 2.002002e-01  2.791976e-01 -4.509757e-02 7.998508e-02
 2.012012e-01  2.593683e-01 -1.285804e-01 8.380481e-02
 2.022022e-01  2.146408e-01 -2.041620e-01 8.775277e-02
 2.032032e-01  1.479957e-01 -2.644330e-01 9.182755e-02
 2.042042e-01  6.461395e-02 -3.030716e-01 9.602734e-02
 2.052052e-01 -2.851146e-02 -3.154950e-01 1.003500e-01
 2.062062e-01 -1.231565e-01 -2.993751e-01 1.047930e-01
 2.072072e-01 -2.105919e-01 -2.549597e-01 1.093534e-01
 2.082082e-01 -2.823888e-01 -1.851608e-01 1.140279e-01
 2.092092e-01 -3.312304e-01 -9.539076e-02 1.188130e-01
 2.102102e-01 -3.516499e-01  6.847644e-03 1.237045e-01
 2.112112e-01 -3.406203e-01  1.125879e-01 1.286982e-01
 2.122122e-01 -2.979340e-01  2.121899e-01 1.337892e-01
 2.132132e-01 -2.263273e-01  2.962236e-01 1.389725e-01
 2.142142e-01 -1.313288e-01  3.563639e-01 1.442425e-01
 2.152152e-01 -2.083728e-02  3.862114e-01 1.495934e-01
 2.162162e-01  9.553935e-02  3.819572e-01 1.550191e-01
 2.172172e-01  2.073275e-01  3.428240e-01 1.605130e-01
 2.182182e-01  3.041394e-01  2.712335e-01 1.660684e-01
 2.192192e-01  3.766437e-01  1.726776e-01 1.716780e-01
 2.202202e-01  4.174647e-01  5.529733e-02 1.773346e-01
 2.212212e-01  4.219216e-01 -7.079847e-02 1.830302e-01
 2.222222e-01  3.885350e-01 -1.944162e-01 1.887571e-01
 2.232232e-01  3.192468e-01 -3.042836e-01 1.945070e-01
 2.242242e-01  2.193260e-01 -3.900866e-01 2.002714e-01
 2.252252e-01  9.696435e-02 -4.434408e-01 2.060418e-01
 2.262262e-01 -3.740876e-02 -4.587045e-01 2.118092e-01
 2.272272e-01 -1.720312e-01 -4.335551e-01 2.175648e-01
 2.282282e-01 -2.948541e-01 -3.692700e-01 2.232993e-01
 2.292292e-01 -3.946323e-01 -2.706822e-01 2.290035e-01
 2.302302e-01 -4.619610e-01 -1.458085e-01 2.346681e-01
 2.312312e-01 -4.901600e-01 -5.181147e-03 2.402836e-01
 2.322322e-01 -4.759232e-01  1.390606e-01 2.458407e-01
 2.332332e-01 -4.196707e-01  2.742378e-01 2.513298e-01
 2.342342e-01 -3.255673e-01  3.882621e-01 2.567415e-01
 2.352352e-01 -2.012030e-01  4.707268e-01 2.620664e-01
 2.362362e-01 -5.696053e-02  5.138584e-01 2.672950e-01
 2.372372e-01  9.487432e-02  5.132417e-01 2.724181e-01
 2.382382e-01  2.411817e-01  4.682500e-01 2.774267e-01
 2.392392e-01  3.691605e-01  3.821414e-01 2.823115e-01
 2.402402e-01  4.674612e-01  2.618088e-01 2.870638e-01
 2.412412e-01  5.271981e-01  1.172057e-01 2.916750e-01
 2.422422e-01  5.427486e-01 -3.950299e-02 2.961365e-01
 2.432432e-01  5.122689e-01 -1.949892e-01 3.004402e-01
 2.442442e-01  4.378787e-01 -3.359173e-01 3.045782e-01
 2.452452e-01  3.254985e-01 -4.501038e-01 3.085428e-01
 2.462462e-01  1.843543e-01 -5.275795e-01 3.123267e-01
 2.472472e-01  2.619235e-02 -5.614595e-01 3.159229e-01
 2.482482e-01 -1.357255e-01 -5.485465e-01 3.193247e-01
 2.492492e-01 -2.877581e-01 -4.896134e-01 3.225260e-01
 2.502503e-01 -4.170527e-01 -3.893428e-01 3.255208e-01
 2.512513e-01 -5.126438e-01 -2.559298e-01 3.283037e-01
 2.522523e-01 -5.663858e-01 -1.003833e-01 3.308696e-01
 2.532533e-01 -5.736421e-01  6.441072e-02 3.332140e-01
 2.542543e-01 -5.336715e-01  2.247831e-01 3.353328e-01
 2.552553e-01 -4.496805e-01  3.674365e-01 3.372221e-01
 2.562563e-01 -3.285411e-01  4.805618e-01 3.388789e-01
 2.572573e-01 -1.802000e-01  5.548229e-01 3.403005e-01
 2.582583e-01 -1.683220e-02  5.841243e-01 3.414845e-01
 2.592593e-01  1.481848e-01  5.661012e-01 3.424293e-01
 2.602603e-01  3.013901e-01  5.022924e-01 3.431336e-01
 2.612613e-01  4.303540e-01  3.979851e-01 3.435967e-01
 2.622623e-01  5.246953e-01  2.617501e-01 3.438183e-01
 2.632633e-01  5.769185e-01  1.047082e-01 3.437987e-01
 2.642643e-01  5.830008e-01 -6.040509e-02 3.435387e-01
 2.652653e-01  5.426868e-01 -2.202962e-01 3.430394e-01
 2.662663e-01  4.594690e-01 -3.622028e-01 3.423026e-01
 2.672673e-01  3.402610e-01 -4.749242e-01 3.413305e-01
 2.682683e-01  1.947965e-01 -5.497091e-01 3.401258e-01
 2.692693e-01  3.480779e-02 -5.809303e-01 3.386916e-01
 2.702703e-01 -1.269454e-01 -5.664947e-01 3.370314e-01
 2.712713e-01 -2.777133e-01 -5.079612e-01 3.351492e-01
 2.722723e-01 -4.057751e-01 -4.103609e-01 3.330495e-01
 2.732733e-01 -5.013563e-01 -2.817427e-01 3.307370e-01
 2.742743e-01 -5.573733e-01 -1.324838e-01 3.282170e-01
 2.752753e-01 -5.699483e-01  2.557034e-02 3.254949e-01
 2.762763e-01 -5.386581e-01  1.800674e-01 3.225768e-01
 2.772773e-01 -4.665037e-01  3.191285e-01 3.194687e-01
 2.782783e-01 -3.596103e-01  4.322704e-01 3.161773e-01
 2.792793e-01 -2.266861e-01  5.111973e-01 3.127092e-01
 2.802803e-01 -7.829195e-02  5.504018e-01 3.090717e-01
 2.812813e-01  7.401810e-02  5.475339e-01 3.052721e-01
 2.822823e-01  2.186123e-01  5.035140e-01 3.013177e-01
 2.832833e-01  3.446802e-01  4.223884e-01 2.972164e-01
 2.842843e-01  4.430447e-01  3.109460e-01 2.929760e-01
 2.852853e-01  5.068266e-01  1.781330e-01 2.886046e-01
 2.862863e-01  5.319141e-01  3.431657e-02 2.841102e-01
 2.872873e-01  5.172062e-01 -1.095399e-01 2.795012e-01
 2.882883e-01  4.646190e-01 -2.427243e-01 2.747859e-01
 2.892893e-01  3.788612e-01 -3.555796e-01 2.699726e-01
 2.902903e-01  2.670034e-01 -4.402033e-01 2.650698e-01
 2.912913e-01  1.378816e-01 -4.909933e-01 2.600857e-01
 2.922923e-01  1.385314e-03 -5.050020e-01 2.550289e-01
 2.932933e-01 -1.323118e-01 -4.820801e-01 2.499076e-01
 2.942943e-01 -2.535173e-01 -4.248048e-01 2.447302e-01
 2.952953e-01 -3.537247e-01 -3.382064e-01 2.395048e-01
 2.962963e-01 -4.262060e-01 -2.293206e-01 2.342395e-01
 2.972973e-01 -4.664519e-01 -1.066068e-01 2.289424e-01
 2.982983e-01 -4.724319e-01  2.071907e-02 2.236212e-01
 2.992993e-01 -4.446624e-01  1.433843e-01 2.182837e-01
 3.003003e-01 -3.860839e-01  2.527383e-01 2.129375e-01
 3.013013e-01 -3.017650e-01  3.413614e-01 2.075897e-01
 3.023023e-01 -1.984614e-01  4.035600e-01 2.022476e-01
 3.033033e-01 -8.406809e-02  4.357186e-01 1.969182e-01
 3.043043e-01  3.299034e-02  4.364856e-01 1.916080e-01
 3.053053e-01  1.443843e-01  4.067884e-01 1.863237e-01
 3.063063e-01  2.424723e-01  3.496834e-01 1.810713e-01
 3.073073e-01  3.208207e-01  2.700575e-01 1.758570e-01
 3.083083e-01  3.746157e-01  1.742108e-01 1.706863e-01
 3.093093e-01  4.009422e-01  6.935530e-02 1.655648e-01
 3.103103e-01  3.989156e-01 -3.693104e-02 1.604975e-01
 3.113113e-01  3.696635e-01 -1.372531e-01 1.554895e-01
 3.123123e-01  3.161652e-01 -2.249109e-01 1.505453e-01
 3.133133e-01  2.429670e-01 -2.943405e-01 1.456693e-01
 3.143143e-01  1.558003e-01 -3.414552e-01 1.408654e-01
 3.153153e-01  6.113227e-02 -3.638685e-01 1.361374e-01
 3.163163e-01 -3.431388e-02 -3.609868e-01 1.314889e-01
 3.173173e-01 -1.240353e-01 -3.339734e-01 1.269230e-01
 3.183183e-01 -2.021882e-01 -2.855915e-01 1.224425e-01
 3.193193e-01 -2.639604e-01 -2.199435e-01 1.180503e-01
 3.203203e-01 -3.058554e-01 -1.421300e-01 1.137485e-01
 3.213213e-01 -3.258710e-01 -5.785606e-02 1.095392e-01
 3.223223e-01 -3.235679e-01  2.698518e-02 1.054244e-01
 3.233233e-01 -3.000269e-01  1.067212e-01 1.014055e-01
 3.243243e-01 -2.577043e-01  1.762737e-01 9.748395e-02
 3.253253e-01 -2.002016e-01  2.314736e-01 9.366069e-02
 3.263263e-01 -1.319676e-01  2.692975e-01 8.993658e-02
 3.273273e-01 -5.795992e-02  2.880154e-01 8.631223e-02
 3.283283e-01  1.671209e-02  2.872433e-01 8.278802e-02
 3.293293e-01  8.713513e-02  2.679021e-01 7.936409e-02
 3.303303e-01  1.489088e-01  2.320918e-01 7.604041e-02
 3.313313e-01  1.984114e-01  1.828924e-01 7.281675e-02
 3.323323e-01  2.329999e-01  1.241117e-01 6.969268e-02
 3.333333e-01  2.511336e-01  5.999602e-02 6.666761e-02
 3.343343e-01  2.524184e-01 -5.070334e-03 6.374078e-02
 3.353353e-01  2.375732e-01 -6.685991e-02 6.091127e-02
 3.363363e-01  2.083239e-01 -1.215696e-01 5.817803e-02
 3.373373e-01  1.672382e-01 -1.660459e-01 5.553986e-02
 3.383383e-01  1.175137e-01 -1.979544e-01 5.299543e-02
 3.393393e-01  6.273720e-02 -2.158874e-01 5.054332e-02
 3.403403e-01  6.632064e-03 -2.194037e-01 4.818198e-02
 3.413413e-01 -4.718859e-02 -2.090048e-01 4.590977e-02
 3.423423e-01 -9.544764e-02 -1.860503e-01 4.372496e-02
 3.433433e-01 -1.353949e-01 -1.526236e-01 4.162574e-02
 3.443443e-01 -1.649529e-01 -1.113588e-01 3.961023e-02
 3.453453e-01 -1.828114e-01 -6.524183e-02 3.767650e-02
 3.463463e-01 -1.884667e-01 -1.740177e-02 3.582254e-02
 3.473473e-01 -1.822080e-01  2.909545e-02 3.404631e-02
 3.483483e-01 -1.650532e-01  7.143647e-02 3.234574e-02
 3.493493e-01 -1.386434e-01  1.072228e-01 3.071871e-02
 3.503504e-01 -1.051036e-01  1.345970e-01 2.916310e-02
 3.513514e-01 -6.688197e-02  1.523271e-01 2.767676e-02
 3.523524e-01 -2.657843e-02  1.598472e-01 2.625752e-02
 3.533534e-01  1.322597e-02  1.572524e-01 2.490325e-02
 3.543544e-01  5.012769e-02  1.452549e-01 2.361178e-02
 3.553554e-01  8.203853e-02  1.251026e-01 2.238098e-02
 3.563564e-01  1.072954e-01  9.847032e-02 2.120871e-02
 3.573574e-01  1.247370e-01  6.733162e-02 2.009287e-02
 3.583584e-01  1.337445e-01  3.381980e-02 1.903137e-02
 3.593594e-01  1.342466e-01  8.802699e-05 1.802216e-02
 3.603604e-01  1.266906e-01 -3.182287e-02 1.706319e-02
 3.613614e-01  1.119835e-01 -6.010141e-02 1.615248e-02
 3.623624e-01  9.140925e-02 -8.326103e-02 1.528805e-02
 3.633634e-01  6.652800e-02 -1.002098e-01 1.446798e-02
 3.643644e-01  3.906520e-02 -1.102918e-01 1.369037e-02
 3.653654e-01  1.079804e-02 -1.132995e-01 1.295338e-02
 3.663664e-01 -1.655405e-02 -1.094585e-01 1.225521e-02
 3.673674e-01 -4.142830e-02 -9.938700e-02 1.159408e-02
 3.683684e-01 -6.250171e-02 -8.403471e-02 1.096830e-02
 3.693694e-01 -7.875444e-02 -6.460596e-02 1.037619e-02
 3.703704e-01 -8.951113e-02 -4.247260e-02 9.816165e-03
 3.713714e-01 -9.445904e-02 -1.908270e-02 9.286661e-03
 3.723724e-01 -9.364365e-02  4.129166e-03 8.786184e-03
 3.733734e-01 -8.744348e-02  2.582504e-02 8.313294e-03
 3.743744e-01 -7.652702e-02  4.483551e-02 7.866608e-03
 3.753754e-01 -6.179563e-02  6.021708e-02 7.444796e-03
 3.763764e-01 -4.431655e-02  7.129253e-02 7.046582e-03
 3.773774e-01 -2.525081e-02  7.767326e-02 6.670739e-03
 3.783784e-01 -5.780465e-03  7.926334e-02 6.316091e-03
 3.793794e-01  1.296058e-02  7.624650e-02 5.981506e-03
 3.803804e-01  2.994830e-02  6.905791e-02 5.665896e-03
 3.813814e-01  4.431999e-02  5.834342e-02 5.368216e-03
 3.823824e-01  5.541295e-02  4.490952e-02 5.087460e-03
 3.833834e-01  6.278934e-02  2.966750e-02 4.822662e-03
 3.843844e-01  6.624652e-02  1.357546e-02 4.572895e-03
 3.853854e-01  6.581357e-02 -2.418560e-03 4.337276e-03
 3.863864e-01  6.173486e-02 -1.742894e-02 4.114961e-03
 3.873874e-01  5.444278e-02 -3.067794e-02 3.905153e-03
 3.883884e-01  4.452176e-02 -4.153204e-02 3.707097e-03
 3.893894e-01  3.266625e-02 -4.952782e-02 3.520089e-03
 3.903904e-01  1.963542e-02 -5.438674e-02 3.343467e-03
 3.913914e-01  6.207406e-03 -5.601863e-02 3.176619e-03
 3.923924e-01 -6.864542e-03 -5.451470e-02 3.018974e-03
 3.933934e-01 -1.889146e-02 -5.013100e-02 2.870004e-03
 3.943944e-01 -2.928202e-02 -4.326407e-02 2.729217e-03
 3.953954e-01 -3.756825e-02 -3.442059e-02 2.596150e-03
 3.963964e-01 -4.342289e-02 -2.418307e-02 2.470369e-03
 3.973974e-01 -4.666804e-02 -1.317384e-02 2.351456e-03
 3.983984e-01 -4.727508e-02 -2.019302e-03 2.239011e-03
 3.993994e-01 -4.535678e-02  8.683636e-03 2.132643e-03
 4.004004e-01 -4.115232e-02  1.839725e-02 2.031972e-03
 4.014014e-01 -3.500662e-02  2.666760e-02 1.936624e-03
 4.024024e-01 -2.734561e-02  3.314295e-02 1.846237e-03
 4.034034e-01 -1.864873e-02  3.758571e-02 1.760461e-03
 4.044044e-01 -9.420707e-03  3.987748e-02 1.678963e-03
 4.054054e-01 -1.637450e-04  4.001760e-02 1.601435e-03
 4.064064e-01  8.648137e-03  3.811567e-02 1.527595e-03
 4.074074e-01  1.659163e-02  3.437896e-02 1.457195e-03
 4.084084e-01  2.331252e-02  2.909552e-02 1.390023e-03
 4.094094e-01  2.853923e-02  2.261449e-02 1.325903e-03
 4.104104e-01  3.209134e-02  1.532444e-02 1.264693e-03
 4.114114e-01  3.388280e-02  7.631407e-03 1.206283e-03
 4.124124e-01  3.392021e-02 -6.263776e-05 1.150585e-03
 4.134134e-01  3.229656e-02 -7.379520e-03 1.097525e-03
 4.144144e-01  2.918110e-02 -1.398210e-02 1.047036e-03
 4.154154e-01  2.480608e-02 -1.958828e-02 9.990424e-04
 4.164164e-01  1.945129e-02 -2.398131e-02 9.534563e-04
 4.174174e-01  1.342737e-02 -2.701617e-02 9.101678e-04
 4.184184e-01  7.058665e-03 -2.862199e-02 8.690431e-04
 4.194194e-01  6.666972e-04 -2.880068e-02 8.299238e-04
 4.204204e-01 -5.445137e-03 -2.762214e-02 7.926321e-04
 4.214214e-01 -1.100492e-02 -2.521645e-02 7.569778e-04
 4.224224e-01 -1.578311e-02 -2.176381e-02 7.227700e-04
 4.234234e-01 -1.960065e-02 -1.748267e-02 6.898292e-04
 4.244244e-01 -2.233414e-02 -1.261693e-02 6.580006e-04
 4.254254e-01 -2.391792e-02 -7.422849e-03 6.271657e-04
 4.264264e-01 -2.434341e-02 -2.156209e-03 5.972506e-04
 4.274274e-01 -2.365566e-02  2.939515e-03 5.682309e-04
 4.284284e-01 -2.194779e-02  7.643614e-03 5.401303e-04
 4.294294e-01 -1.935349e-02  1.176680e-02 5.130149e-04
 4.304304e-01 -1.603819e-02  1.515777e-02 4.869815e-04
 4.314314e-01 -1.218946e-02  1.770759e-02 4.621417e-04
 4.324324e-01 -8.006984e-03  1.935179e-02 4.386035e-04
 4.334334e-01 -3.692791e-03  2.007028e-02 4.164528e-04
 4.344344e-01  5.579635e-04  1.988528e-02 3.957355e-04
 4.354354e-01  4.565219e-03  1.885745e-02 3.764447e-04
 4.364364e-01  8.170965e-03  1.708063e-02 3.585125e-04
 4.374374e-01  1.124469e-02  1.467538e-02 3.418098e-04
 4.384384e-01  1.368722e-02  1.178189e-02 3.261529e-04
 4.394394e-01  1.543285e-02  8.552512e-03 3.113184e-04
 4.404404e-01  1.644992e-02  5.144239e-03 2.970630e-04
 4.414414e-01  1.673973e-02  1.711634e-03 2.831484e-04
 4.424424e-01  1.633423e-02 -1.599698e-03 2.693662e-04
 4.434434e-01  1.529243e-02 -4.658717e-03 2.555621e-04
 4.444444e-01  1.369598e-02 -7.353546e-03 2.416546e-04
 4.454454e-01  1.164410e-02 -9.594865e-03 2.276466e-04
 4.464464e-01  9.248103e-03 -1.131813e-02 2.136274e-04
 4.474474e-01  6.625851e-03 -1.248451e-02 1.997650e-04
 4.484484e-01  3.896360e-03 -1.308076e-02 1.862879e-04
 4.494494e-01  1.174749e-03 -1.311789e-02 1.734591e-04
 4.504505e-01 -1.432231e-03 -1.262906e-02 1.615446e-04
 4.514515e-01 -3.829986e-03 -1.166661e-02 1.507785e-04
 4.524525e-01 -5.939045e-03 -1.029854e-02 1.413322e-04
 4.534535e-01 -7.697171e-03 -8.604667e-03 1.332867e-04
 4.544545e-01 -9.060580e-03 -6.672516e-03 1.266166e-04
 4.554555e-01 -1.000430e-02 -4.593251e-03 1.211841e-04
 4.564565e-01 -1.052174e-02 -2.457790e-03 1.167477e-04
 4.574575e-01 -1.062347e-02 -3.531698e-04 1.129828e-04
 4.584585e-01 -1.033550e-02  1.640566e-03 1.095141e-04
 4.594595e-01 -9.696981e-03  3.453058e-03 1.059551e-04
 4.604605e-01 -8.757567e-03  5.025612e-03 1.019518e-04
 4.614615e-01 -7.574610e-03  6.312699e-03 9.722489e-05
 4.624625e-01 -6.210222e-03  7.282671e-03 9.160415e-05
 4.634635e-01 -4.728423e-03  7.918050e-03 8.505350e-05
 4.644645e-01 -3.192424e-03  8.215066e-03 7.767887e-05
 4.654655e-01 -1.662194e-03  8.182906e-03 6.972283e-05
 4.664665e-01 -1.923374e-04  7.842315e-03 6.153890e-05
 4.674675e-01  1.169596e-03  7.224121e-03 5.355587e-05
 4.684685e-01  2.384414e-03  6.367224e-03 4.622697e-05
 4.694695e-01  3.422088e-03  5.316771e-03 3.997874e-05
 4.704705e-01  4.262164e-03  4.121891e-03 3.515603e-05
 4.714715e-01  4.893691e-03  2.833887e-03 3.197913e-05
 4.724725e-01  5.314838e-03  1.504019e-03 3.050958e-05
 4.734735e-01  5.532079e-03  1.820389e-04 3.063703e-05
 4.744745e-01  5.559209e-03 -1.085761e-03 3.208368e-05
 4.754755e-01  5.416021e-03 -2.257434e-03 3.442930e-05
 4.764765e-01  5.126984e-03 -3.296976e-03 3.715601e-05
 4.774775e-01  4.719661e-03 -4.174450e-03 3.970124e-05
 4.784785e-01  4.223349e-03 -4.867314e-03 4.152742e-05
 4.794795e-01  3.667477e-03 -5.359599e-03 4.217569e-05
 4.804805e-01  3.080482e-03 -5.643312e-03 4.133634e-05
 4.814815e-01  2.488353e-03 -5.716241e-03 3.886731e-05
 4.824825e-01  1.914045e-03 -5.584465e-03 3.484982e-05
 4.834835e-01  1.376066e-03 -5.256990e-03 2.952950e-05
 4.844845e-01  8.891935e-04 -4.754547e-03 2.339639e-05
 4.854855e-01  4.596016e-04 -4.071512e-03 1.678845e-05
 4.864865e-01  7.540774e-05 -3.080138e-03 9.492937e-06
 4.874875e-01 -2.528365e-04 -1.833848e-03 3.426926e-06
 4.884885e-01 -5.183697e-04 -4.398643e-04 4.621877e-07
 4.894895e-01 -7.241304e-04  9.902864e-04 1.505032e-06
 4.904905e-01 -8.789732e-04  2.339633e-03 6.246476e-06
 4.914915e-01 -9.956138e-04  3.499689e-03 1.323907e-05
 4.924925e-01 -1.087096e-03  4.375894e-03 2.033023e-05
 4.934935e-01 -1.164180e-03  4.896768e-03 2.533365e-05
 4.944945e-01 -1.232763e-03  5.018102e-03 2.670105e-05
 4.954955e-01 -1.292512e-03  4.727352e-03 2.401844e-05
 4.964965e-01 -1.336295e-03  4.044065e-03 1.814015e-05
 4.974975e-01 -1.350939e-03  3.019063e-03 1.093978e-05
 4.984985e-01 -1.318927e-03  1.730475e-03 4.734112e-06
 4.994995e-01 -1.221088e-03  2.782316e-04 1.568470e-06
 5.005005e-01 -1.039802e-03 -1.223427e-03 2.577961e-06
 5.015015e-01 -7.624444e-04 -2.654527e-03 7.627833e-06
 5.025025e-01 -3.845966e-04 -3.898386e-03 1.534533e-05
 5.035035e-01  8.741720e-05 -4.850863e-03 2.353851e-05
 5.045045e-01  6.349880e-04 -5.428343e-03 2.987012e-05
 5.055055e-01  1.227054e-03 -5.575085e-03 3.258724e-05
 5.065065e-01  1.821328e-03 -5.267670e-03 3.106559e-05
 5.075075e-01  2.367118e-03 -4.518407e-03 2.601925e-05
 5.085085e-01  2.809327e-03 -3.374469e-03 1.927936e-05
 5.095095e-01  3.093675e-03 -1.916500e-03 1.324380e-05
 5.105105e-01  3.172215e-03 -2.518120e-04 1.012636e-05
 5.115115e-01  3.009276e-03  1.490945e-03 1.127866e-05
 5.125125e-01  2.586291e-03  3.174130e-03 1.676401e-05
 5.135135e-01  1.906336e-03  4.657077e-03 2.532249e-05
 5.145145e-01  9.956015e-04  5.814521e-03 3.479987e-05
 5.155155e-01 -9.437140e-05  6.532278e-03 4.267957e-05
 5.165165e-01 -1.298192e-03  6.776758e-03 4.760976e-05
 5.175175e-01 -2.583413e-03  6.768905e-03 5.249210e-05
 5.185185e-01 -3.913879e-03  6.526898e-03 5.791884e-05
 5.195195e-01 -5.245724e-03  6.026533e-03 6.383672e-05
 5.205205e-01 -6.530784e-03  5.261259e-03 7.033199e-05
 5.215215e-01 -7.716939e-03  4.228734e-03 7.743334e-05
 5.225225e-01 -8.750236e-03  2.939293e-03 8.520607e-05
 5.235235e-01 -9.576391e-03  1.412186e-03 9.370153e-05
 5.245245e-01 -1.014311e-02 -3.209257e-04 1.029856e-04
 5.255255e-01 -1.040213e-02 -2.218130e-03 1.131244e-04
 5.265265e-01 -1.031172e-02 -4.225991e-03 1.241906e-04
 5.275275e-01 -9.838890e-03 -6.281714e-03 1.362637e-04
 5.285285e-01 -8.961730e-03 -8.313467e-03 1.494263e-04
 5.295295e-01 -7.671432e-03 -1.024309e-02 1.637717e-04
 5.305305e-01 -5.974120e-03 -1.198771e-02 1.793952e-04
 5.315315e-01 -3.892184e-03 -1.346313e-02 1.964048e-04
 5.325325e-01 -1.465209e-03 -1.458644e-02 2.149111e-04
 5.335335e-01  1.249777e-03 -1.527994e-02 2.350384e-04
 5.345345e-01  4.178649e-03 -1.547430e-02 2.569150e-04
 5.355355e-01  7.231332e-03 -1.511262e-02 2.806835e-04
 5.365365e-01  1.030367e-02 -1.415369e-02 3.064925e-04
 5.375375e-01  1.328009e-02 -1.257556e-02 3.345055e-04
 5.385385e-01  1.603706e-02 -1.037819e-02 3.648942e-04
 5.395395e-01  1.844716e-02 -7.586023e-03 3.978456e-04
 5.405405e-01  2.038385e-02 -4.249281e-03 4.335577e-04
 5.415415e-01  2.172663e-02 -4.448554e-04 4.722442e-04
 5.425425e-01  2.236655e-02  3.724239e-03 5.141327e-04
 5.435435e-01  2.221187e-02  8.130200e-03 5.594671e-04
 5.445445e-01  2.119345e-02  1.262324e-02 6.085085e-04
 5.455455e-01  1.926999e-02  1.703534e-02 6.615352e-04
 5.465465e-01  1.643247e-02  2.118537e-02 7.188456e-04
 5.475475e-01  1.270779e-02  2.488511e-02 7.807569e-04
 5.485485e-01  8.161327e-03  2.794642e-02 8.476094e-04
 5.495495e-01  2.898004e-03  3.018884e-02 9.197643e-04
 5.505506e-01 -2.938055e-03  3.144800e-02 9.976088e-04
 5.515516e-01 -9.165648e-03  3.158393e-02 1.081554e-03
 5.525526e-01 -1.557039e-02  3.048936e-02 1.172038e-03
 5.535536e-01 -2.191040e-02  2.809739e-02 1.269529e-03
 5.545546e-01 -2.792376e-02  2.438828e-02 1.374524e-03
 5.555556e-01 -3.333758e-02  1.939479e-02 1.487552e-03
 5.565566e-01 -3.787847e-02  1.320602e-02 1.609177e-03
 5.575576e-01 -4.128400e-02  5.968935e-03 1.739996e-03
 5.585586e-01 -4.331496e-02 -2.112193e-03 1.880647e-03
 5.595596e-01 -4.376774e-02 -1.077909e-02 2.031804e-03
 5.605606e-01 -4.248643e-02 -1.972532e-02 2.194185e-03
 5.615616e-01 -3.937403e-02 -2.860487e-02 2.368553e-03
 5.625626e-01 -3.440214e-02 -3.704331e-02 2.555714e-03
 5.635636e-01 -2.761871e-02 -4.465125e-02 2.756527e-03
 5.645646e-01 -1.915304e-02 -5.103979e-02 2.971899e-03
 5.655656e-01 -9.217791e-03 -5.583750e-02 3.202794e-03
 5.665666e-01  1.892585e-03 -5.870816e-02 3.450230e-03
 5.675676e-01  1.380713e-02 -5.936877e-02 3.715288e-03
 5.685686e-01  2.608764e-02 -5.760680e-02 3.999109e-03
 5.695696e-01  3.824178e-02 -5.329605e-02 4.302903e-03
 5.705706e-01  4.973988e-02 -4.641002e-02 4.627946e-03
 5.715716e-01  6.003503e-02 -3.703223e-02 4.975591e-03
 5.725726e-01  6.858582e-02 -2.536233e-02 5.347262e-03
 5.735736e-01  7.488099e-02 -1.171775e-02 5.744469e-03
 5.745746e-01  7.846502e-02  3.470014e-03 6.168800e-03
 5.755756e-01  7.896353e-02  1.966460e-02 6.621935e-03
 5.765766e-01  7.610738e-02  3.623963e-02 7.105644e-03
 5.775776e-01  6.975415e-02  5.249906e-02 7.621793e-03
 5.785786e-01  5.990573e-02  6.770267e-02 8.172349e-03
 5.795796e-01  4.672092e-02  8.109586e-02 8.759383e-03
 5.805806e-01  3.052181e-02  9.194290e-02 9.385078e-03
 5.815816e-01  1.179328e-02  9.956228e-02 1.005173e-02
 5.825826e-01 -8.825322e-03  1.033628e-01 1.076175e-02
 5.835836e-01 -3.055631e-02  1.028786e-01 1.151769e-02
 5.845846e-01 -5.250790e-02  9.780145e-02 1.232220e-02
 5.855856e-01 -7.370590e-02  8.800878e-02 1.317811e-02
 5.865866e-01 -9.313219e-02  7.358490e-02 1.408834e-02
 5.875876e-01 -1.097687e-01  5.483470e-02 1.505600e-02
 5.885886e-01 -1.226451e-01  3.228788e-02 1.608434e-02
 5.895896e-01 -1.308891e-01  6.692861e-03 1.717674e-02
 5.905906e-01 -1.337751e-01 -2.100042e-02 1.833680e-02
 5.915916e-01 -1.307717e-01 -4.966885e-02 1.956823e-02
 5.925926e-01 -1.215826e-01 -7.805538e-02 2.087496e-02
 5.935936e-01 -1.061803e-01 -1.048182e-01 2.226110e-02
 5.945946e-01 -8.482962e-02 -1.285880e-01 2.373093e-02
 5.955956e-01 -5.809869e-02 -1.480320e-01 2.528894e-02
 5.965966e-01 -2.685612e-02 -1.619215e-01 2.693983e-02
 5.975976e-01  7.746760e-03 -1.691996e-01 2.868850e-02
 5.985986e-01  4.430925e-02 -1.690467e-01 3.054009e-02
 5.995996e-01  8.122977e-02 -1.609399e-01 3.249993e-02
 6.006006e-01  1.167685e-01 -1.447023e-01 3.457363e-02
 6.016016e-01  1.491220e-01 -1.205389e-01 3.676699e-02
 6.026026e-01  1.765076e-01 -8.905720e-02 3.908611e-02
 6.036036e-01  1.972532e-01 -5.126858e-02 4.153731e-02
 6.046046e-01  2.098898e-01 -8.569543e-03 4.412718e-02
 6.056056e-01  2.132404e-01  3.729794e-02 4.686260e-02
 6.066066e-01  2.065019e-01  8.430705e-02 4.975071e-02
 6.076076e-01  1.893148e-01  1.302262e-01 5.279894e-02
 6.086086e-01  1.618154e-01  1.727160e-01 5.601504e-02
 6.096096e-01  1.246668e-01  2.094402e-01 5.940701e-02
 6.106106e-01  7.906590e-02  2.381844e-01 6.298322e-02
 6.116116e-01  2.672203e-02  2.569791e-01 6.675231e-02
 6.126126e-01 -3.019148e-02  2.642191e-01 7.072327e-02
 6.136136e-01 -8.911458e-02  2.587740e-01 7.490541e-02
 6.146146e-01 -1.472039e-01  2.400821e-01 7.930840e-02
 6.156156e-01 -2.014593e-01  2.082219e-01 8.394224e-02
 6.166166e-01 -2.488688e-01  1.639561e-01 8.881727e-02
 6.176176e-01 -2.865649e-01  1.087417e-01 9.394422e-02
 6.186186e-01 -3.119866e-01  4.470504e-02 9.933417e-02
 6.196196e-01 -3.230361e-01 -2.542145e-02 1.049986e-01
 6.206206e-01 -3.182243e-01 -9.839978e-02 1.109492e-01
 6.216216e-01 -2.967940e-01 -1.706216e-01 1.171984e-01
 6.226226e-01 -2.588127e-01 -2.382743e-01 1.237587e-01
 6.236236e-01 -2.052292e-01 -2.975298e-01 1.306430e-01
 6.246246e-01 -1.378846e-01 -3.447501e-01 1.378648e-01
 6.256256e-01 -5.947752e-02 -3.766966e-01 1.454379e-01
 6.266266e-01  2.652223e-02 -3.907339e-01 1.533764e-01
 6.276276e-01  1.160073e-01 -3.850159e-01 1.616950e-01
 6.286286e-01  2.044127e-01 -3.586419e-01 1.704086e-01
 6.296296e-01  2.869338e-01 -3.117718e-01 1.795326e-01
 6.306306e-01  3.587741e-01 -2.456910e-01 1.890830e-01
 6.316316e-01  4.154108e-01 -1.628178e-01 1.990758e-01
 6.326326e-01  4.528641e-01 -6.664649e-02 2.095277e-01
 6.336336e-01  4.679564e-01  3.837319e-02 2.204557e-01
 6.346346e-01  4.585439e-01  1.470195e-01 2.318772e-01
 6.356356e-01  4.237074e-01  2.535394e-01 2.438102e-01
 6.366366e-01  3.638862e-01  3.519368e-01 2.562726e-01
 6.376376e-01  2.809447e-01  4.362950e-01 2.692833e-01
 6.386386e-01  1.781612e-01  5.011183e-01 2.828610e-01
 6.396396e-01  6.013570e-02  5.416722e-01 2.970251e-01
 6.406406e-01 -6.738690e-02  5.543053e-01 3.117953e-01
 6.416416e-01 -1.977708e-01  5.367293e-01 3.271916e-01
 6.426426e-01 -3.238140e-01  4.882406e-01 3.432343e-01
 6.436436e-01 -4.381280e-01  4.098634e-01 3.599442e-01
 6.446446e-01 -5.335554e-01  3.044022e-01 3.773420e-01
 6.456456e-01 -6.036016e-01  1.763922e-01 3.954491e-01
 6.466466e-01 -6.428581e-01  3.194467e-02 4.142870e-01
 6.476476e-01 -6.473887e-01 -1.215123e-01 4.338773e-01
 6.486486e-01 -6.150551e-01 -2.755889e-01 4.542421e-01
 6.496496e-01 -5.457567e-01 -4.213703e-01 4.754034e-01
 6.506507e-01 -4.415634e-01 -5.499138e-01 4.973835e-01
 6.516517e-01 -3.067271e-01 -6.527813e-01 5.202049e-01
 6.526527e-01 -1.475612e-01 -7.225758e-01 5.438901e-01
 6.536537e-01  2.781235e-02 -7.534509e-01 5.684618e-01
 6.546547e-01  2.098435e-01 -7.415580e-01 5.939425e-01
 6.556557e-01  3.880469e-01 -6.854011e-01 6.203550e-01
 6.566567e-01  5.515833e-01 -5.860697e-01 6.477219e-01
 6.576577e-01  6.899016e-01 -4.473270e-01 6.760657e-01
 6.586587e-01  7.934026e-01 -2.755382e-01 7.054090e-01
 6.596597e-01  8.540869e-01 -7.943227e-02 7.357739e-01
 6.606607e-01  8.661437e-01  1.302986e-01 7.671826e-01
 6.616617e-01  8.264392e-01  3.415484e-01 7.996570e-01
 6.626627e-01  7.348673e-01  5.414690e-01 8.332186e-01
 6.636637e-01  5.945309e-01  7.172319e-01 8.678886e-01
 6.646647e-01  4.117308e-01  8.568347e-01 9.036879e-01
 6.656657e-01  1.957506e-01  9.499045e-01 9.406368e-01
 6.666667e-01 -4.156262e-02  9.884471e-01 9.787552e-01
 6.676677e-01 -2.864065e-01  9.674883e-01 1.018062e+00
 6.686687e-01 -5.237952e-01  8.855595e-01 1.058577e+00
 6.696697e-01 -7.384532e-01  7.449859e-01 1.100317e+00
 6.706707e-01 -9.157815e-01  5.519458e-01 1.143300e+00
 6.716717e-01 -1.042836e+00  3.162826e-01 1.187542e+00
 6.726727e-01 -1.109257e+00  5.106529e-02 1.233059e+00
 6.736737e-01 -1.108080e+00 -2.280870e-01 1.279865e+00
 6.746747e-01 -1.036374e+00 -5.038887e-01 1.327974e+00
 6.756757e-01 -8.956449e-01 -7.584322e-01 1.377399e+00
 6.766767e-01 -6.919739e-01 -9.743324e-01 1.428151e+00
 6.776777e-01 -4.358510e-01 -1.135903e+00 1.480241e+00
 6.786787e-01 -1.417110e-01 -1.230283e+00 1.533677e+00
 6.796797e-01  1.728251e-01 -1.248439e+00 1.588468e+00
 6.806807e-01  4.879638e-01 -1.185964e+00 1.644618e+00
 6.816817e-01  7.829564e-01 -1.043606e+00 1.702135e+00
 6.826827e-01  1.037447e+00 -8.274796e-01 1.761019e+00
 6.836837e-01  1.232869e+00 -5.489166e-01 1.821274e+00
 6.846847e-01  1.353788e+00 -2.239586e-01 1.882900e+00
 6.856857e-01  1.389114e+00  1.275054e-01 1.945894e+00
 6.866867e-01  1.333061e+00  4.829101e-01 2.010254e+00
 6.876877e-01  1.185808e+00  8.184329e-01 2.075974e+00
 6.886887e-01  9.537675e-01  1.110574e+00 2.143047e+00
 6.896897e-01  6.494374e-01  1.337795e+00 2.211463e+00
 6.906907e-01  2.908226e-01  1.482105e+00 2.281213e+00
 6.916917e-01 -9.956324e-02  1.530480e+00 2.352281e+00
 6.926927e-01 -4.960630e-01  1.476000e+00 2.424654e+00
 6.936937e-01 -8.715318e-01  1.318615e+00 2.498314e+00
 6.946947e-01 -1.199181e+00  1.065461e+00 2.573241e+00
 6.956957e-01 -1.454486e+00  7.306738e-01 2.649412e+00
 6.966967e-01 -1.617028e+00  3.347047e-01 2.726806e+00
 6.976977e-01 -1.672128e+00 -9.686293e-02 2.805393e+00
 6.986987e-01 -1.612145e+00 -5.349148e-01 2.885147e+00
 6.996997e-01 -1.437332e+00 -9.487421e-01 2.966035e+00
 7.007007e-01 -1.156149e+00 -1.308183e+00 3.048024e+00
 7.017017e-01 -7.850062e-01 -1.585826e+00 3.131079e+00
 7.027027e-01 -3.474029e-01 -1.759111e+00 3.215160e+00
 7.037037e-01  1.274855e-01 -1.812174e+00 3.300228e+00
 7.047047e-01  6.067069e-01 -1.737281e+00 3.386239e+00
 7.057057e-01  1.055793e+00 -1.535724e+00 3.473148e+00
 7.067067e-01  1.441237e+00 -1.218090e+00 3.560907e+00
 7.077077e-01  1.733001e+00 -8.038492e-01 3.649465e+00
 7.087087e-01  1.906883e+00 -3.202614e-01 3.738771e+00
 7.097097e-01  1.946543e+00  1.993476e-01 3.828768e+00
 7.107107e-01  1.845022e+00  7.178399e-01 3.919400e+00
 7.117117e-01  1.605625e+00  1.196903e+00 4.010608e+00
 7.127127e-01  1.242056e+00  1.599884e+00 4.102330e+00
 7.137137e-01  7.777692e-01  1.894618e+00 4.194502e+00
 7.147147e-01  2.445570e-01  2.056028e+00 4.287059e+00
 7.157157e-01 -3.195680e-01  2.068286e+00 4.379932e+00
 7.167167e-01 -8.730456e-01  1.926355e+00 4.473051e+00
 7.177177e-01 -1.373823e+00  1.636752e+00 4.566346e+00
 7.187187e-01 -1.782566e+00  1.217457e+00 4.659741e+00
 7.197197e-01 -2.065785e+00  6.969202e-01 4.753164e+00
 7.207207e-01 -2.198623e+00  1.122217e-01 4.846535e+00
 7.217217e-01 -2.167076e+00 -4.935172e-01 4.939778e+00
 7.227227e-01 -1.969445e+00 -1.074290e+00 5.032813e+00
 7.237237e-01 -1.616870e+00 -1.584704e+00 5.125557e+00
 7.247247e-01 -1.132875e+00 -1.983563e+00 5.217930e+00
 7.257257e-01 -5.519094e-01 -2.237240e+00 5.309847e+00
 7.267267e-01  8.302548e-02 -2.322570e+00 5.401226e+00
 7.277277e-01  7.235193e-01 -2.229013e+00 5.491979e+00
 7.287287e-01  1.319435e+00 -1.959876e+00 5.582022e+00
 7.297297e-01  1.822859e+00 -1.532467e+00 5.671268e+00
 7.307307e-01  2.191998e+00 -9.771267e-01 5.759631e+00
 7.317317e-01  2.394720e+00 -3.351730e-01 5.847023e+00
 7.327327e-01  2.411419e+00  3.441141e-01 5.933357e+00
 7.337337e-01  2.236961e+00  1.007251e+00 6.018547e+00
 7.347347e-01  1.881497e+00  1.600772e+00 6.102504e+00
 7.357357e-01  1.370067e+00  2.075587e+00 6.185142e+00
 7.367367e-01  7.409483e-01  2.391102e+00 6.266376e+00
 7.377377e-01  4.287669e-02  2.518785e+00 6.346118e+00
 7.387387e-01 -6.686920e-01  2.444818e+00 6.424285e+00
 7.397397e-01 -1.335984e+00  2.171621e+00 6.500791e+00
 7.407407e-01 -1.903633e+00  1.718062e+00 6.575556e+00
 7.417417e-01 -2.323339e+00  1.118299e+00 6.648495e+00
 7.427427e-01 -2.558069e+00  4.193027e-01 6.719530e+00
 7.437437e-01 -2.585422e+00 -3.227600e-01 6.788581e+00
 7.447447e-01 -2.399856e+00 -1.047026e+00 6.855571e+00
 7.457457e-01 -2.013540e+00 -1.692951e+00 6.920425e+00
 7.467467e-01 -1.455732e+00 -2.205429e+00 6.983069e+00
 7.477477e-01 -7.706739e-01 -2.539585e+00 7.043433e+00
 7.487487e-01 -1.416151e-02 -2.664816e+00 7.101446e+00
 7.497497e-01  7.509730e-01 -2.567700e+00 7.157042e+00
 7.507508e-01  1.460090e+00 -2.253507e+00 7.210157e+00
 7.517518e-01  2.052256e+00 -1.746132e+00 7.260729e+00
 7.527528e-01  2.475567e+00 -1.086402e+00 7.308700e+00
 7.537538e-01  2.691811e+00 -3.288882e-01 7.354013e+00
 7.547548e-01  2.680045e+00  4.625723e-01 7.396616e+00
 7.557558e-01  2.438739e+00  1.220250e+00 7.436457e+00
 7.567568e-01  1.986263e+00  1.878364e+00 7.473492e+00
 7.577578e-01  1.359634e+00  2.378880e+00 7.507675e+00
 7.587588e-01  6.115905e-01  2.676738e+00 7.538967e+00
 7.597598e-01 -1.937899e-01  2.744044e+00 7.567331e+00
 7.607608e-01 -9.865681e-01  2.572823e+00 7.592733e+00
 7.617618e-01 -1.697052e+00  2.176042e+00 7.615144e+00
 7.627628e-01 -2.261999e+00  1.586789e+00 7.634538e+00
 7.637638e-01 -2.630362e+00  8.556214e-01 7.650891e+00
 7.647648e-01 -2.768040e+00  4.629870e-02 7.664187e+00
 7.657658e-01 -2.661181e+00 -7.697540e-01 7.674408e+00
 7.667668e-01 -2.317719e+00 -1.519777e+00 7.681545e+00
 7.677678e-01 -1.766943e+00 -2.136236e+00 7.685589e+00
 7.687688e-01 -1.057123e+00 -2.563012e+00 7.686537e+00
 7.697698e-01 -2.513602e-01 -2.760653e+00 7.684389e+00
 7.707708e-01  5.779934e-01 -2.710179e+00 7.679148e+00
 7.717718e-01  1.355849e+00 -2.415056e+00 7.670824e+00
 7.727728e-01  2.011246e+00 -1.901135e+00 7.659426e+00
 7.737738e-01  2.483934e+00 -1.214513e+00 7.644970e+00
 7.747748e-01  2.730051e+00 -4.174878e-01 7.627475e+00
 7.757758e-01  2.726358e+00  4.170583e-01 7.606964e+00
 7.767768e-01  2.472593e+00  1.212331e+00 7.583462e+00
 7.777778e-01  1.991712e+00  1.894751e+00 7.556999e+00
 7.787788e-01  1.327940e+00  2.400871e+00 7.527609e+00
 7.797798e-01  5.428009e-01  2.683411e+00 7.495327e+00
 7.807808e-01 -2.905423e-01  2.715839e+00 7.460194e+00
 7.817818e-01 -1.094106e+00  2.495032e+00 7.422253e+00
 7.827828e-01 -1.792443e+00  2.041739e+00 7.381551e+00
 7.837838e-01 -2.319826e+00  1.398765e+00 7.338135e+00
 7.847848e-01 -2.626575e+00  6.270291e-01 7.292060e+00
 7.857858e-01 -2.683899e+00 -2.001560e-01 7.243379e+00
 7.867868e-01 -2.486773e+00 -1.004047e+00 7.192151e+00
 7.877878e-01 -2.054532e+00 -1.708020e+00 7.138436e+00
 7.887888e-01 -1.429122e+00 -2.244974e+00 7.082297e+00
 7.897898e-01 -6.711291e-01 -2.563862e+00 7.023800e+00
 7.907908e-01  1.460319e-01 -2.634708e+00 6.963013e+00
 7.917918e-01  9.432258e-01 -2.451597e+00 6.900004e+00
 7.927928e-01  1.643310e+00 -2.033317e+00 6.834846e+00
 7.937938e-01  2.178698e+00 -1.421580e+00 6.767613e+00
 7.947948e-01  2.498017e+00 -6.769694e-01 6.698379e+00
 7.957958e-01  2.571204e+00  1.270012e-01 6.627221e+00
 7.967968e-01  2.392496e+00  9.111421e-01 6.554219e+00
 7.977978e-01  1.981024e+00  1.598435e+00 6.479450e+00
 7.987988e-01  1.378917e+00  2.121694e+00 6.402997e+00
 7.997998e-01  6.470980e-01  2.430269e+00 6.324941e+00
 8.008008e-01 -1.408201e-01  2.495102e+00 6.245364e+00
 8.018018e-01 -9.059355e-01  2.311629e+00 6.164350e+00
 8.028028e-01 -1.572006e+00  1.900205e+00 6.081982e+00
 8.038038e-01 -2.073143e+00  1.304002e+00 5.998345e+00
 8.048048e-01 -2.360460e+00  5.845968e-01 5.913524e+00
 8.058058e-01 -2.406994e+00 -1.843389e-01 5.827602e+00
 8.068068e-01 -2.210391e+00 -9.245733e-01 5.740665e+00
 8.078078e-01 -1.793059e+00 -1.561325e+00 5.652798e+00
 8.088088e-01 -1.199781e+00 -2.030913e+00 5.564084e+00
 8.098098e-01 -4.930162e-01 -2.287257e+00 5.474608e+00
 8.108108e-01  2.536179e-01 -2.306541e+00 5.384453e+00
 8.118118e-01  9.630132e-01 -2.089571e+00 5.293702e+00
 8.128128e-01  1.562586e+00 -1.661554e+00 5.202436e+00
 8.138138e-01  1.991799e+00 -1.069334e+00 5.110738e+00
 8.148148e-01  2.208400e+00 -3.763725e-01 5.018686e+00
 8.158158e-01  2.192721e+00  3.440001e-01 4.926361e+00
 8.168168e-01  1.949583e+00  1.016350e+00 4.833840e+00
 8.178178e-01  1.507605e+00  1.571091e+00 4.741200e+00
 8.188188e-01  9.159985e-01  1.951784e+00 4.648516e+00
 8.198198e-01  2.391867e-01  2.121002e+00 4.555861e+00
 8.208208e-01 -4.501648e-01  2.064137e+00 4.463308e+00
 8.218218e-01 -1.078959e+00  1.790747e+00 4.370927e+00
 8.228228e-01 -1.581476e+00  1.333312e+00 4.278787e+00
 8.238238e-01 -1.906339e+00  7.435232e-01 4.186955e+00
 8.248248e-01 -2.021882e+00  8.653857e-02 4.095497e+00
 8.258258e-01 -1.919353e+00 -5.661809e-01 4.004476e+00
 8.268268e-01 -1.613601e+00 -1.144659e+00 3.913952e+00
 8.278278e-01 -1.141200e+00 -1.587970e+00 3.823985e+00
 8.288288e-01 -5.562184e-01 -1.850744e+00 3.734632e+00
 8.298298e-01  7.589206e-02 -1.907928e+00 3.645948e+00
 8.308308e-01  6.855877e-01 -1.757258e+00 3.557987e+00
 8.318318e-01  1.206909e+00 -1.419214e+00 3.470799e+00
 8.328328e-01  1.584682e+00 -9.344597e-01 3.384433e+00
 8.338338e-01  1.780448e+00 -3.590816e-01 3.298936e+00
 8.348348e-01  1.776476e+00  2.418299e-01 3.214350e+00
 8.358358e-01  1.577425e+00  8.015282e-01 3.130718e+00
 8.368368e-01  1.209488e+00  1.259055e+00 3.048080e+00
 8.378378e-01  7.171371e-01  1.565946e+00 2.966473e+00
 8.388388e-01  1.578654e-01  1.691453e+00 2.885934e+00
 8.398398e-01 -4.044739e-01  1.625699e+00 2.806495e+00
 8.408408e-01 -9.069511e-01  1.380444e+00 2.728187e+00
 8.418418e-01 -1.294641e+00  9.873925e-01 2.651039e+00
 8.428428e-01 -1.526692e+00  4.942537e-01 2.575075e+00
 8.438438e-01 -1.580710e+00 -4.094793e-02 2.500321e+00
 8.448448e-01 -1.454966e+00 -5.566616e-01 2.426798e+00
 8.458458e-01 -1.168209e+00 -9.948945e-01 2.354528e+00
 8.468468e-01 -7.571340e-01 -1.307776e+00 2.283529e+00
 8.478478e-01 -2.718217e-01 -1.462850e+00 2.213818e+00
 8.488488e-01  2.302823e-01 -1.446505e+00 2.145407e+00
 8.498498e-01  6.911435e-01 -1.265160e+00 2.078309e+00
 8.508509e-01  1.058862e+00 -9.441098e-01 2.012531e+00
 8.518519e-01  1.293561e+00 -5.241985e-01 1.948083e+00
 8.528529e-01  1.371770e+00 -5.673376e-02 1.884972e+00
 8.538539e-01  1.288805e+00  4.027233e-01 1.823205e+00
 8.548549e-01  1.058897e+00  8.009503e-01 1.762783e+00
 8.558559e-01  7.130976e-01  1.093253e+00 1.703710e+00
 8.568569e-01  2.952448e-01  1.248524e+00 1.645983e+00
 8.578579e-01 -1.435097e-01  1.252599e+00 1.589599e+00
 8.588589e-01 -5.509206e-01  1.109523e+00 1.534554e+00
 8.598599e-01 -8.798715e-01  8.406370e-01 1.480844e+00
 8.608609e-01 -1.093852e+00  4.816157e-01 1.428465e+00
 8.618619e-01 -1.171046e+00  7.785524e-02 1.377411e+00
 8.628629e-01 -1.106573e+00 -3.211998e-01 1.327674e+00
 8.638639e-01 -9.126339e-01 -6.680884e-01 1.279243e+00
 8.648649e-01 -6.166006e-01 -9.229887e-01 1.232104e+00
 8.658659e-01 -2.573165e-01 -1.058316e+00 1.186245e+00
 8.668669e-01  1.199086e-01 -1.061731e+00 1.141652e+00
 8.678679e-01  4.689674e-01 -9.372199e-01 1.098312e+00
 8.688689e-01  7.485812e-01 -7.041581e-01 1.056212e+00
 8.698699e-01  9.271970e-01 -3.945202e-01 1.015340e+00
 8.708709e-01  9.865676e-01 -4.861296e-02 9.756788e-01
 8.718719e-01  9.236058e-01  2.901042e-01 9.372081e-01
 8.728729e-01  7.503216e-01  5.804521e-01 8.999072e-01
 8.738739e-01  4.918970e-01  7.885386e-01 8.637558e-01
 8.748749e-01  1.831798e-01  8.917291e-01 8.287356e-01
 8.758759e-01 -1.359267e-01  8.811095e-01 7.948300e-01
 8.768769e-01 -4.255761e-01  7.621728e-01 7.620223e-01
 8.778779e-01 -6.509410e-01  5.536871e-01 7.302935e-01
 8.788789e-01 -7.864057e-01  2.849338e-01 6.996213e-01
 8.798799e-01 -8.184813e-01 -8.294620e-03 6.699804e-01
 8.808809e-01 -7.471085e-01 -2.883998e-01 6.413456e-01
 8.818819e-01 -5.852281e-01 -5.207707e-01 6.136941e-01
 8.828829e-01 -3.567176e-01 -6.780554e-01 5.870065e-01
 8.838839e-01 -9.300354e-02 -7.433815e-01 5.612658e-01
 8.848849e-01  1.711828e-01 -7.121447e-01 5.364536e-01
 8.858859e-01  4.023390e-01 -5.921753e-01 5.125483e-01
 8.868869e-01  5.724250e-01 -4.023102e-01 4.895239e-01
 8.878879e-01  6.622604e-01 -1.695977e-01 4.673522e-01
 8.888889e-01  6.636736e-01  7.446249e-02 4.460073e-01
 8.898899e-01  5.801601e-01  2.981308e-01 4.254676e-01
 8.908909e-01  4.260109e-01  4.735303e-01 4.057163e-01
 8.918919e-01  2.240717e-01  5.801119e-01 3.867379e-01
 8.928929e-01  2.464188e-03  6.070490e-01 3.685145e-01
 8.938939e-01 -2.092659e-01  5.542837e-01 3.510227e-01
 8.948949e-01 -3.840548e-01  4.321299e-01 3.342343e-01
 8.958959e-01 -5.007642e-01  2.595308e-01 3.181211e-01
 8.968969e-01 -5.467248e-01  6.124629e-02 3.026591e-01
 8.978979e-01 -5.190730e-01 -1.356267e-01 2.878313e-01
 8.988989e-01 -4.247452e-01 -3.053151e-01 2.736257e-01
 8.998999e-01 -2.791745e-01 -4.267219e-01 2.600300e-01
 9.009009e-01 -1.039080e-01 -4.860345e-01 2.470264e-01
 9.019019e-01  7.650116e-02 -4.782653e-01 2.345901e-01
 9.029029e-01  2.378847e-01 -4.075574e-01 2.226922e-01
 9.039039e-01  3.596704e-01 -2.862577e-01 2.113063e-01
 9.049049e-01  4.274864e-01 -1.329246e-01 2.004136e-01
 9.059059e-01  4.348315e-01  3.042162e-02 1.900039e-01
 9.069069e-01  3.836178e-01  1.814067e-01 1.800710e-01
 9.079079e-01  2.835552e-01  3.003358e-01 1.706052e-01
 9.089089e-01  1.505036e-01  3.727423e-01 1.615882e-01
 9.099099e-01  4.055664e-03  3.911227e-01 1.529934e-01
 9.109109e-01 -1.352895e-01  3.556534e-01 1.447926e-01
 9.119119e-01 -2.489607e-01  2.738282e-01 1.369633e-01
 9.129129e-01 -3.227670e-01  1.591104e-01 1.294946e-01
 9.139139e-01 -3.486456e-01  2.882023e-02 1.223843e-01
 9.149149e-01 -3.254926e-01 -9.841749e-02 1.156314e-01
 9.159159e-01 -2.589979e-01 -2.052979e-01 1.092271e-01
 9.169169e-01 -1.605471e-01 -2.781647e-01 1.031510e-01
 9.179179e-01 -4.538202e-02 -3.087317e-01 9.737481e-02
 9.189189e-01  6.969545e-02 -2.949825e-01 9.187213e-02
 9.199199e-01  1.687340e-01 -2.411564e-01 8.662758e-02
 9.209209e-01  2.388180e-01 -1.568608e-01 8.163935e-02
 9.219219e-01  2.717281e-01 -5.547136e-02 7.691325e-02
 9.229229e-01  2.648674e-01  4.792461e-02 7.245148e-02
 9.239239e-01  2.213525e-01  1.387320e-01 6.824353e-02
 9.249249e-01  1.492953e-01  2.048809e-01 6.426527e-02
 9.259259e-01  6.040920e-02  2.384074e-01 6.048736e-02
 9.269269e-01 -3.182812e-02  2.363782e-01 5.688768e-02
 9.279279e-01 -1.141773e-01  2.010560e-01 5.345996e-02
 9.289289e-01 -1.755096e-01  1.393156e-01 5.021244e-02
 9.299299e-01 -2.082873e-01  6.142905e-02 4.715715e-02
 9.309309e-01 -2.094584e-01 -2.057809e-02 4.429626e-02
 9.319319e-01 -1.806616e-01 -9.474216e-02 4.161469e-02
 9.329329e-01 -1.277476e-01 -1.508789e-01 3.908390e-02
 9.339339e-01 -5.971432e-02 -1.819595e-01 3.667505e-02
 9.349349e-01  1.275896e-02 -1.849604e-01 3.437314e-02
 9.359359e-01  7.894790e-02 -1.610901e-01 3.218281e-02
 9.369369e-01  1.296426e-01 -1.153879e-01 3.012158e-02
 9.379379e-01  1.584066e-01 -5.578390e-02 2.820451e-02
 9.389389e-01  1.623652e-01  8.214838e-03 2.642994e-02
 9.399399e-01  1.424311e-01  6.700241e-02 2.477594e-02
 9.409409e-01  1.029623e-01  1.122894e-01 2.321014e-02
 9.419419e-01  5.093012e-02  1.382503e-01 2.170702e-02
 9.429429e-01 -5.253446e-03  1.422460e-01 2.026152e-02
 9.439439e-01 -5.705938e-02  1.250364e-01 1.888986e-02
 9.449449e-01 -9.711091e-02  9.047620e-02 1.761647e-02
 9.459459e-01 -1.202126e-01  4.476701e-02 1.645516e-02
 9.469469e-01 -1.239984e-01 -4.601086e-03 1.539677e-02
 9.479479e-01 -1.091209e-01 -5.004246e-02 1.441162e-02
 9.489489e-01 -7.897892e-02 -8.501785e-02 1.346571e-02
 9.499499e-01 -3.904738e-02 -1.049557e-01 1.254040e-02
 9.509510e-01  4.066761e-03 -1.078254e-01 1.164286e-02
 9.519520e-01  4.368621e-02 -9.429436e-02 1.079991e-02
 9.529530e-01  7.407502e-02 -6.746716e-02 1.003893e-02
 9.539540e-01  9.124967e-02 -3.226930e-02 9.367810e-03
 9.549550e-01  9.347731e-02  5.411310e-03 8.767290e-03
 9.559560e-01  8.140249e-02  3.968038e-02 8.200899e-03
 9.569570e-01  5.780396e-02  6.553895e-02 7.636652e-03
 9.579580e-01  2.703949e-02  7.959500e-02 7.066499e-03
 9.589590e-01 -5.718305e-03  8.048614e-02 6.510718e-03
 9.599600e-01 -3.532563e-02  6.896398e-02 6.003930e-03
 9.609610e-01 -5.745618e-02  4.764651e-02 5.571403e-03
 9.619620e-01 -6.921602e-02  2.049577e-02 5.210934e-03
 9.629630e-01 -6.949971e-02 -7.882218e-03 4.892339e-03
 9.639640e-01 -5.904759e-02 -3.299551e-02 4.575321e-03
 9.649650e-01 -4.021302e-02 -5.116045e-02 4.234479e-03
 9.659660e-01 -1.649312e-02 -6.002657e-02 3.875212e-03
 9.669670e-01  8.089608e-03 -5.885972e-02 3.529909e-03
 9.679680e-01  2.964889e-02 -4.855285e-02 3.236435e-03
 9.689690e-01  4.503322e-02 -3.137893e-02 3.012628e-03
 9.699700e-01  5.227120e-02 -1.054072e-02 2.843385e-03
 9.709710e-01  5.080292e-02  1.039900e-02 2.689076e-03
 9.719720e-01  4.147418e-02  2.810845e-02 2.510193e-03
 9.729730e-01  2.630940e-02  4.000333e-02 2.292451e-03
 9.739740e-01  8.112872e-03  4.461054e-02 2.055919e-03
 9.749750e-01 -1.002725e-02  4.172979e-02 1.841921e-03
 9.759760e-01 -2.524739e-02  3.237971e-02 1.685876e-03
 9.769770e-01 -3.534755e-02  1.855022e-02 1.593560e-03
 9.779780e-01 -3.909541e-02  2.813669e-03 1.536368e-03
 9.789790e-01 -3.635573e-02 -1.213345e-02 1.468960e-03
 9.799800e-01 -2.803580e-02 -2.391879e-02 1.358115e-03
 9.809810e-01 -1.586789e-02 -3.085983e-02 1.204119e-03
 9.819820e-01 -2.074467e-03 -3.219204e-02 1.040631e-03
 9.829830e-01  1.102205e-02 -2.813056e-02 9.128142e-04
 9.839840e-01  2.137859e-02 -1.976588e-02 8.477341e-04
 9.849850e-01  2.753917e-02 -8.821208e-03 8.362195e-04
 9.859860e-01  2.882660e-02  2.679209e-03 8.381513e-04
 9.869870e-01  2.539507e-02  1.276976e-02 8.079763e-04
 9.879880e-01  1.814493e-02  1.986918e-02 7.240229e-04
 9.889890e-01  8.523355e-03  2.301965e-02 6.025519e-04
 9.899900e-01 -1.748847e-03  2.200446e-02 4.872549e-04
 9.909910e-01 -1.097449e-02  1.733210e-02 4.208412e-04
 9.919920e-01 -1.775148e-02  1.009785e-02 4.170814e-04
 9.929930e-01 -2.117622e-02  1.754316e-03 4.515101e-04
 9.939940e-01 -2.095128e-02 -6.164091e-03 4.769522e-04
 9.949950e-01 -1.738682e-02 -1.231259e-02 4.539012e-04
 9.959960e-01 -1.130397e-02 -1.575666e-02 3.760522e-04
 9.969970e-01 -3.863384e-03 -1.610694e-02 2.743592e-04
 9.979980e-01  3.647353e-03 -1.354999e-02 1.969054e-04
 9.989990e-01  1.002960e-02 -8.776075e-03 1.776125e-04
 1.000000e+00  1.435770e-02 -2.822515e-03 2.141102e-04
