# x psi_r psi_i psi2 
 0.000000e+00  2.538438e-01  1.470650e-01 8.606477e-02
 1.001001e-03  1.975274e-01  1.717394e-01 6.851151e-02
 2.002002e-03  1.315973e-01  1.853143e-01 5.165924e-02
 3.003003e-03  5.988173e-02  1.874256e-01 3.871417e-02
 4.004004e-03 -1.354799e-02  1.783938e-01 3.200790e-02
 5.005005e-03 -8.460761e-02  1.591858e-01 3.249856e-02
 6.006006e-03 -1.494267e-01  1.313392e-01 3.957833e-02
 7.007007e-03 -2.045595e-01  9.685544e-02 5.122556e-02
 8.008008e-03 -2.471682e-01  5.806754e-02 6.446395e-02
 9.009009e-03 -2.751688e-01  1.749169e-02 7.602385e-02
 1.001001e-02 -2.873326e-01 -2.232888e-02 8.305859e-02
 1.101101e-02 -2.833367e-01 -5.897790e-02 8.375806e-02
 1.201201e-02 -2.637640e-01 -9.030901e-02 7.772715e-02
 1.301301e-02 -2.300514e-01 -1.145692e-01 6.604975e-02
 1.401401e-02 -1.843915e-01 -1.304959e-01 5.102938e-02
 1.501502e-02 -1.295931e-01 -1.373818e-01 3.566812e-02
 1.601602e-02 -6.891066e-02 -1.351050e-01 2.300204e-02
 1.701702e-02 -5.851695e-03 -1.241222e-01 1.544056e-02
 1.801802e-02  5.602615e-02 -1.054267e-01 1.425373e-02
 1.901902e-02  1.133160e-01 -8.047448e-02 1.931666e-02
 2.002002e-02  1.629499e-01 -5.108210e-02 2.916206e-02
 2.102102e-02  2.023635e-01 -1.930526e-02 4.132367e-02
 2.202202e-02  2.296278e-01  1.269613e-02 5.289012e-02
 2.302302e-02  2.435427e-01  4.279690e-02 6.114462e-02
 2.402402e-02  2.436858e-01  6.904102e-02 6.414942e-02
 2.502503e-02  2.304161e-01  8.976334e-02 6.114902e-02
 2.602603e-02  2.048332e-01  1.036912e-01 5.270852e-02
 2.702703e-02  1.686953e-01  1.100198e-01 4.056246e-02
 2.802803e-02  1.243011e-01  1.084568e-01 2.721366e-02
 2.902903e-02  7.434504e-02  9.923437e-02 1.537465e-02
 3.003003e-02  2.175283e-02  8.308692e-02 7.376622e-03
 3.103103e-02 -3.049072e-02  6.119809e-02 4.674890e-03
 3.203203e-02 -7.951287e-02  3.511900e-02 7.555641e-03
 3.303303e-02 -1.227123e-01  6.664257e-03 1.510271e-02
 3.403403e-02 -1.578979e-01 -2.220816e-02 2.542496e-02
 3.503504e-02 -1.834001e-01 -4.952496e-02 3.608833e-02
 3.603604e-02 -1.981478e-01 -7.342574e-02 4.465391e-02
 3.703704e-02 -2.017088e-01 -9.228298e-02 4.920258e-02
 3.803804e-02 -1.942914e-01 -1.048065e-01 4.873356e-02
 3.903904e-02 -1.767097e-01 -1.101255e-01 4.335396e-02
 4.004004e-02 -1.503140e-01 -1.078439e-01 3.422460e-02
 4.104104e-02 -1.168930e-01 -9.806447e-02 2.328062e-02
 4.204204e-02 -7.855488e-02 -8.138140e-02 1.279380e-02
 4.304304e-02 -3.759295e-02 -5.884166e-02 4.875571e-03
 4.404404e-02  3.652813e-03 -3.187743e-02 1.029514e-03
 4.504505e-02  4.293199e-02 -2.214283e-03 1.848059e-03
 4.604605e-02  7.820874e-02  2.823894e-02 6.914045e-03
 4.704705e-02  1.077687e-01  5.751173e-02 1.492169e-02
 4.804805e-02  1.303022e-01  8.369706e-02 2.398385e-02
 4.904905e-02  1.449595e-01  1.050724e-01 3.205346e-02
 5.005005e-02  1.513764e-01  1.202088e-01 3.736499e-02
 5.105105e-02  1.496697e-01  1.280615e-01 3.880074e-02
 5.205205e-02  1.404032e-01  1.280357e-01 3.610619e-02
 5.305305e-02  1.245303e-01  1.200251e-01 2.991383e-02
 5.405405e-02  1.033147e-01  1.044190e-01 2.157727e-02
 5.505506e-02  7.823760e-02  8.207862e-02 1.285802e-02
 5.605606e-02  5.089635e-02  5.428454e-02 5.537250e-03
 5.705706e-02  2.290261e-02  2.265816e-02 1.037922e-03
 5.805806e-02 -4.214636e-03 -1.093775e-02 1.373975e-04
 5.905906e-02 -2.909464e-02 -4.451286e-02 2.827893e-03
 6.006006e-02 -5.061438e-02 -7.607052e-02 8.348539e-03
 6.106106e-02 -6.793843e-02 -1.037287e-01 1.537527e-02
 6.206206e-02 -8.054697e-02 -1.258333e-01 2.232184e-02
 6.306306e-02 -8.824157e-02 -1.410571e-01 2.768367e-02
 6.406406e-02 -9.112957e-02 -1.484775e-01 3.035017e-02
 6.506507e-02 -8.958944e-02 -1.476300e-01 2.982088e-02
 6.606607e-02 -8.422070e-02 -1.385328e-01 2.628447e-02
 6.706707e-02 -7.578276e-02 -1.216825e-01 2.054966e-02
 6.806807e-02 -6.512775e-02 -9.802078e-02 1.384970e-02
 6.906907e-02 -5.313226e-02 -6.887499e-02 7.566802e-03
 7.007007e-02 -4.063320e-02 -3.587642e-02 2.938174e-03
 7.107107e-02 -2.837194e-02 -8.614344e-04 8.057089e-04
 7.207207e-02 -1.695050e-02  3.423790e-02 1.459553e-03
 7.307307e-02 -6.802187e-03  6.750714e-02 4.603484e-03
 7.407407e-02  1.821907e-03  9.715958e-02 9.443304e-03
 7.507508e-02  8.850488e-03  1.216367e-01 1.487382e-02
 7.607608e-02  1.437481e-02  1.396929e-01 1.972075e-02
 7.707708e-02  1.861880e-02  1.504600e-01 2.298489e-02
 7.807808e-02  2.189966e-02  1.534876e-01 2.403803e-02
 7.907908e-02  2.458257e-02  1.487579e-01 2.273321e-02
 8.008008e-02  2.703359e-02  1.366749e-01 1.941086e-02
 8.108108e-02  2.957478e-02  1.180291e-01 1.480555e-02
 8.208208e-02  3.244524e-02  9.394013e-02 9.877442e-03
 8.308308e-02  3.577131e-02  6.578266e-02 5.606946e-03
 8.408408e-02  3.954827e-02  3.509998e-02 2.796075e-03
 8.508509e-02  4.363494e-02  3.510831e-03 1.916334e-03
 8.608609e-02  4.776158e-02 -2.738418e-02 3.031062e-03
 8.708709e-02  5.155036e-02 -5.609093e-02 5.803632e-03
 8.808809e-02  5.454668e-02 -8.129976e-02 9.584992e-03
 8.908909e-02  5.625887e-02 -1.019487e-01 1.355860e-02
 9.009009e-02  5.620295e-02 -1.172688e-01 1.691074e-02
 9.109109e-02  5.394897e-02 -1.268092e-01 1.899105e-02
 9.209209e-02  4.916517e-02 -1.304422e-01 1.943238e-02
 9.309309e-02  4.165641e-02 -1.283486e-01 1.820861e-02
 9.409409e-02  3.139365e-02 -1.209850e-01 1.562294e-02
 9.509510e-02  1.853216e-02 -1.090374e-01 1.223261e-02
 9.609610e-02  3.416735e-03 -9.336356e-02 8.728429e-03
 9.709710e-02 -1.342689e-02 -7.492949e-02 5.794710e-03
 9.809810e-02 -3.131387e-02 -5.474482e-02 3.977554e-03
 9.909910e-02 -4.943428e-02 -3.380055e-02 3.586225e-03
 1.001001e-01 -6.689705e-02 -1.301414e-02 4.644584e-03
 1.011011e-01 -8.278102e-02  6.815390e-03 6.899147e-03
 1.021021e-01 -9.618962e-02  2.503958e-02 9.879423e-03
 1.031031e-01 -1.063057e-01  4.117894e-02 1.299661e-02
 1.041041e-01 -1.124429e-01  5.492714e-02 1.566040e-02
 1.051051e-01 -1.140896e-01  6.614205e-02 1.739122e-02
 1.061061e-01 -1.109439e-01  7.482526e-02 1.790737e-02
 1.071071e-01 -1.029354e-01  8.109286e-02 1.717175e-02
 1.081081e-01 -9.023448e-02  8.514041e-02 1.539115e-02
 1.091091e-01 -7.324719e-02  8.720576e-02 1.297000e-02
 1.101101e-01 -5.259657e-02  8.753290e-02 1.042841e-02
 1.111111e-01 -2.909195e-02  8.634020e-02 8.300972e-03
 1.121121e-01 -3.687902e-03  8.379561e-02 7.035305e-03
 1.131131e-01  2.256414e-02  8.000091e-02 6.909286e-03
 1.141141e-01  4.856881e-02  7.498595e-02 7.981822e-03
 1.151151e-01  7.324082e-02  6.871343e-02 1.008575e-02
 1.161161e-01  9.555698e-02  6.109322e-02 1.286352e-02
 1.171171e-01  1.146033e-01  5.200503e-02 1.583844e-02
 1.181181e-01  1.296144e-01  4.132694e-02 1.850782e-02
 1.191191e-01  1.400041e-01  2.896743e-02 2.044026e-02
 1.201201e-01  1.453846e-01  1.489745e-02 2.135862e-02
 1.211211e-01  1.455757e-01 -8.200265e-04 2.119296e-02
 1.221221e-01  1.406024e-01 -1.800627e-02 2.009326e-02
 1.231231e-01  1.306835e-01 -3.635110e-02 1.839959e-02
 1.241241e-01  1.162116e-01 -5.540713e-02 1.657509e-02
 1.251251e-01  9.772678e-02 -7.459511e-02 1.511495e-02
 1.261261e-01  7.588636e-02 -9.322061e-02 1.444882e-02
 1.271271e-01  5.143275e-02 -1.105014e-01 1.485588e-02
 1.281281e-01  2.516128e-02 -1.256040e-01 1.640945e-02
 1.291291e-01 -2.109737e-03 -1.376880e-01 1.896243e-02
 1.301301e-01 -2.956562e-02 -1.459540e-01 2.217669e-02
 1.311311e-01 -5.641748e-02 -1.496936e-01 2.559110e-02
 1.321321e-01 -8.191959e-02 -1.483374e-01 2.871481e-02
 1.331331e-01 -1.053820e-01 -1.414978e-01 3.112700e-02
 1.341341e-01 -1.261788e-01 -1.290041e-01 3.256314e-02
 1.351351e-01 -1.437534e-01 -1.109268e-01 3.296979e-02
 1.361361e-01 -1.576211e-01 -8.759065e-02 3.251655e-02
 1.371371e-01 -1.673715e-01 -5.957323e-02 3.156218e-02
 1.381381e-01 -1.726698e-01 -2.769126e-02 3.058167e-02
 1.391391e-01 -1.732609e-01  7.026675e-03 3.006870e-02
 1.401401e-01 -1.689739e-01  4.337867e-02 3.043390e-02
 1.411411e-01 -1.597302e-01  8.003771e-02 3.191979e-02
 1.421421e-01 -1.455523e-01  1.156068e-01 3.455041e-02
 1.431431e-01 -1.265750e-01  1.486783e-01 3.812645e-02
 1.441441e-01 -1.030565e-01  1.778945e-01 4.226710e-02
 1.451451e-01 -7.538929e-02  2.020064e-01 4.649013e-02
 1.461461e-01 -4.410796e-02  2.199272e-01 5.031349e-02
 1.471471e-01 -9.893291e-03  2.307795e-01 5.335706e-02
 1.481481e-01  2.642916e-02  2.339327e-01 5.542300e-02
 1.491491e-01  6.389748e-02  2.290300e-01 5.653761e-02
 1.501502e-01  1.014296e-01  2.160039e-01 5.694567e-02
 1.511512e-01  1.378481e-01  1.950804e-01 5.705845e-02
 1.521522e-01  1.719124e-01  1.667709e-01 5.736639e-02
 1.531532e-01  2.023599e-01  1.318545e-01 5.833514e-02
 1.541542e-01  2.279517e-01  9.135088e-02 6.030698e-02
 1.551552e-01  2.475243e-01  4.648441e-02 6.342908e-02
 1.561562e-01  2.600416e-01 -1.356605e-03 6.762350e-02
 1.571572e-01  2.646480e-01 -5.066584e-02 7.260558e-02
 1.581582e-01  2.607163e-01 -9.986724e-02 7.794644e-02
 1.591592e-01  2.478906e-01 -1.473643e-01 8.316599e-02
 1.601602e-01  2.261196e-01 -1.915891e-01 8.783643e-02
 1.611612e-01  1.956782e-01 -2.310492e-01 9.167369e-02
 1.621622e-01  1.571771e-01 -2.643724e-01 9.459739e-02
 1.631632e-01  1.115569e-01 -2.903472e-01 9.674642e-02
 1.641642e-01  6.006825e-02 -3.079596e-01 9.844730e-02
 1.651652e-01  4.237867e-03 -3.164243e-01 1.001423e-01
 1.661662e-01 -5.417946e-02 -3.152112e-01 1.022935e-01
 1.671672e-01 -1.132597e-01 -3.040654e-01 1.052835e-01
 1.681682e-01 -1.709777e-01 -2.830211e-01 1.093343e-01
 1.691692e-01 -2.252815e-01 -2.524094e-01 1.144622e-01
 1.701702e-01 -2.741695e-01 -2.128574e-01 1.204772e-01
 1.711712e-01 -3.157678e-01 -1.652813e-01 1.270272e-01
 1.721722e-01 -3.484029e-01 -1.108706e-01 1.336769e-01
 1.731732e-01 -3.706689e-01 -5.106430e-02 1.400030e-01
 1.741742e-01 -3.814840e-01  1.248112e-02 1.456858e-01
 1.751752e-01 -3.801362e-01  7.793183e-02 1.505769e-01
 1.761762e-01 -3.663146e-01  1.433243e-01 1.547282e-01
 1.771772e-01 -3.401266e-01  2.066199e-01 1.583779e-01
 1.781782e-01 -3.020998e-01  2.657649e-01 1.618953e-01
 1.791792e-01 -2.531688e-01  3.187548e-01 1.656990e-01
 1.801802e-01 -1.946480e-01  3.637001e-01 1.701656e-01
 1.811812e-01 -1.281913e-01  3.988932e-01 1.755488e-01
 1.821822e-01 -5.574039e-02  4.228715e-01 1.819273e-01
 1.831832e-01  2.053607e-02  4.344766e-01 1.891916e-01
 1.841842e-01  9.831038e-02  4.329047e-01 1.970714e-01
 1.851852e-01  1.751685e-01  4.177488e-01 2.051981e-01
 1.861862e-01  2.486854e-01  3.890268e-01 2.131863e-01
 1.871872e-01  3.164995e-01  3.471975e-01 2.207180e-01
 1.881882e-01  3.763865e-01  2.931604e-01 2.276099e-01
 1.891892e-01  4.263278e-01  2.282407e-01 2.338492e-01
 1.901902e-01  4.645729e-01  1.541578e-01 2.395926e-01
 1.911912e-01  4.896954e-01  7.297915e-02 2.451276e-01
 1.921922e-01  5.006386e-01 -1.293922e-02 2.508064e-01
 1.931932e-01  4.967515e-01 -1.010246e-01 2.569680e-01
 1.941942e-01  4.778137e-01 -1.885686e-01 2.638640e-01
 1.951952e-01  4.440488e-01 -2.728142e-01 2.716069e-01
 1.961962e-01  3.961247e-01 -3.510462e-01 2.801483e-01
 1.971972e-01  3.351428e-01 -4.206822e-01 2.892942e-01
 1.981982e-01  2.626132e-01 -4.793590e-01 2.987508e-01
 1.991992e-01  1.804194e-01 -5.250136e-01 3.081905e-01
 2.002002e-01  9.077097e-02 -5.559540e-01 3.173242e-01
 2.012012e-01 -3.854471e-03 -5.709181e-01 3.259623e-01
 2.022022e-01 -1.007777e-01 -5.691190e-01 3.340526e-01
 2.032032e-01 -1.971925e-01 -5.502749e-01 3.416873e-01
 2.042042e-01 -2.902453e-01 -5.146218e-01 3.490779e-01
 2.052052e-01 -3.771192e-01 -4.629113e-01 3.565058e-01
 2.062062e-01 -4.551181e-01 -3.963907e-01 3.642581e-01
 2.072072e-01 -5.217500e-01 -3.167684e-01 3.725653e-01
 2.082082e-01 -5.748060e-01 -2.261651e-01 3.815526e-01
 2.092092e-01 -6.124328e-01 -1.270529e-01 3.912163e-01
 2.102102e-01 -6.331956e-01 -2.218361e-02 4.014288e-01
 2.112112e-01 -6.361300e-01  8.549028e-02 4.119699e-01
 2.122122e-01 -6.207798e-01  1.929009e-01 4.225784e-01
 2.132132e-01 -5.872206e-01  2.969532e-01 4.330092e-01
 2.142142e-01 -5.360661e-01  3.946132e-01 4.430864e-01
 2.152152e-01 -4.684590e-01  4.829953e-01 4.527383e-01
 2.162162e-01 -3.860443e-01  5.594447e-01 4.620086e-01
 2.172172e-01 -2.909268e-01  6.216139e-01 4.710423e-01
 2.182182e-01 -1.856146e-01  6.675307e-01 4.800499e-01
 2.192192e-01 -7.294799e-02  6.956558e-01 4.892583e-01
 2.202202e-01  4.398068e-02  7.049295e-01 4.988600e-01
 2.212212e-01  1.619168e-01  6.948054e-01 5.089716e-01
 2.222222e-01  2.775378e-01  6.652694e-01 5.196106e-01
 2.232232e-01  3.875504e-01  6.168459e-01 5.306942e-01
 2.242242e-01  4.887866e-01  5.505883e-01 5.420598e-01
 2.252252e-01  5.782963e-01  4.680551e-01 5.535022e-01
 2.262262e-01  6.534334e-01  3.712725e-01 5.648184e-01
 2.272272e-01  7.119324e-01  2.626831e-01 5.758501e-01
 2.282282e-01  7.519741e-01  1.450832e-01 5.865142e-01
 2.292292e-01  7.722382e-01  2.154905e-02 5.968162e-01
 2.302302e-01  7.719409e-01 -1.046451e-01 6.068433e-01
 2.312312e-01  7.508577e-01 -2.301152e-01 6.167403e-01
 2.322322e-01  7.093306e-01 -3.514599e-01 6.266740e-01
 2.332332e-01  6.482587e-01 -4.653541e-01 6.367938e-01
 2.342342e-01  5.690746e-01 -5.686414e-01 6.471990e-01
 2.352352e-01  4.737059e-01 -6.584223e-01 6.579172e-01
 2.362362e-01  3.645238e-01 -7.321360e-01 6.689008e-01
 2.372372e-01  2.442804e-01 -7.876331e-01 6.800388e-01
 2.382382e-01  1.160355e-01 -8.232368e-01 6.911831e-01
 2.392392e-01 -1.692337e-02 -8.377915e-01 7.021810e-01
 2.402402e-01 -1.511674e-01 -8.306965e-01 7.129083e-01
 2.412412e-01 -2.832156e-01 -8.019245e-01 7.232940e-01
 2.422422e-01 -4.096259e-01 -7.520237e-01 7.333330e-01
 2.432432e-01 -5.270840e-01 -6.821044e-01 7.430840e-01
 2.442442e-01 -6.324898e-01 -5.938102e-01 7.526539e-01
 2.452452e-01 -7.230377e-01 -4.892735e-01 7.621722e-01
 2.462462e-01 -7.962895e-01 -3.710599e-01 7.717623e-01
 2.472472e-01 -8.502376e-01 -2.420989e-01 7.815158e-01
 2.482482e-01 -8.833581e-01 -1.056070e-01 7.914743e-01
 2.492492e-01 -8.946502e-01  3.499687e-02 8.016237e-01
 2.502503e-01 -8.836632e-01  1.761811e-01 8.119004e-01
 2.512513e-01 -8.505091e-01  3.143924e-01 8.222083e-01
 2.522523e-01 -7.958605e-01  4.461475e-01 8.324416e-01
 2.532533e-01 -7.209343e-01  5.681211e-01 8.425080e-01
 2.542543e-01 -6.274613e-01  6.772302e-01 8.523484e-01
 2.552553e-01 -5.176423e-01  7.707100e-01 8.619475e-01
 2.562563e-01 -3.940927e-01  8.461825e-01 8.713338e-01
 2.572573e-01 -2.597763e-01  9.017134e-01 8.805707e-01
 2.582583e-01 -1.179295e-01  9.358585e-01 8.897385e-01
 2.592593e-01  2.801972e-02  9.476973e-01 8.989153e-01
 2.602603e-01  1.745386e-01  9.368528e-01 9.081569e-01
 2.612613e-01  3.180782e-01  9.034988e-01 9.174839e-01
 2.622623e-01  4.551618e-01  8.483534e-01 9.268757e-01
 2.632633e-01  5.824705e-01  7.726590e-01 9.362739e-01
 2.642643e-01  6.969252e-01  6.781508e-01 9.455932e-01
 2.652653e-01  7.957603e-01  5.670125e-01 9.547376e-01
 2.662663e-01  8.765900e-01  4.418225e-01 9.636172e-01
 2.672673e-01  9.374642e-01  3.054906e-01 9.721636e-01
 2.682683e-01  9.769122e-01  1.611870e-01 9.803387e-01
 2.692693e-01  9.939754e-01  1.226618e-02 9.881376e-01
 2.702703e-01  9.882260e-01 -1.378138e-01 9.955833e-01
 2.712713e-01  9.597734e-01 -2.855735e-01 1.002717e+00
 2.722723e-01  9.092569e-01 -4.275944e-01 1.009585e+00
 2.732733e-01  8.378267e-01 -5.605991e-01 1.016225e+00
 2.742743e-01  7.471122e-01 -6.815275e-01 1.022656e+00
 2.752753e-01  6.391805e-01 -7.876073e-01 1.028877e+00
 2.762763e-01  5.164841e-01 -8.764170e-01 1.034863e+00
 2.772773e-01  3.818015e-01 -9.459399e-01 1.040575e+00
 2.782783e-01  2.381706e-01 -9.946077e-01 1.045970e+00
 2.792793e-01  8.881688e-02 -1.021334e+00 1.051011e+00
 2.802803e-01 -6.292135e-02 -1.025534e+00 1.055680e+00
 2.812813e-01 -2.136693e-01 -1.007137e+00 1.059979e+00
 2.822823e-01 -3.600919e-01 -9.665769e-01 1.063937e+00
 2.832833e-01 -4.989686e-01 -9.047850e-01 1.067606e+00
 2.842843e-01 -6.272635e-01 -8.231582e-01 1.071049e+00
 2.852853e-01 -7.421920e-01 -7.235251e-01 1.074338e+00
 2.862863e-01 -8.412794e-01 -6.080998e-01 1.077537e+00
 2.872873e-01 -9.224134e-01 -4.794278e-01 1.080698e+00
 2.882883e-01 -9.838864e-01 -3.403259e-01 1.083854e+00
 2.892893e-01 -1.024430e+00 -1.938168e-01 1.087021e+00
 2.902903e-01 -1.043236e+00 -4.305980e-02 1.090195e+00
 2.912913e-01 -1.039972e+00  1.087193e-01 1.093363e+00
 2.922923e-01 -1.014784e+00  2.582997e-01 1.096505e+00
 2.932933e-01 -9.682827e-01  4.025345e-01 1.099606e+00
 2.942943e-01 -9.015309e-01  5.384181e-01 1.102652e+00
 2.952953e-01 -8.160117e-01  6.631478e-01 1.105640e+00
 2.962963e-01 -7.135931e-01  7.741811e-01 1.108572e+00
 2.972973e-01 -5.964819e-01  8.692864e-01 1.111449e+00
 2.982983e-01 -4.671732e-01  9.465849e-01 1.114274e+00
 2.992993e-01 -3.283929e-01  1.004586e+00 1.117035e+00
 3.003003e-01 -1.830372e-01  1.042213e+00 1.119710e+00
 3.013013e-01 -3.410906e-02  1.058819e+00 1.122261e+00
 3.023023e-01  1.153463e-01  1.054196e+00 1.124634e+00
 3.033033e-01  2.623054e-01  1.028571e+00 1.126762e+00
 3.043043e-01  4.038285e-01  9.825962e-01 1.128573e+00
 3.053053e-01  5.371196e-01  9.173299e-01 1.129992e+00
 3.063063e-01  6.595808e-01  8.342076e-01 1.130949e+00
 3.073073e-01  7.688623e-01  7.350085e-01 1.131387e+00
 3.083083e-01  8.629062e-01  6.218132e-01 1.131259e+00
 3.093093e-01  9.399827e-01  4.969573e-01 1.130534e+00
 3.103103e-01  9.987195e-01  3.629803e-01 1.129195e+00
 3.113113e-01  1.038123e+00  2.225715e-01 1.127238e+00
 3.123123e-01  1.057592e+00  7.851315e-02 1.124666e+00
 3.133133e-01  1.056922e+00 -6.637589e-02 1.121491e+00
 3.143143e-01  1.036303e+00 -2.092972e-01 1.117729e+00
 3.153153e-01  9.963062e-01 -3.475276e-01 1.113402e+00
 3.163163e-01  9.378713e-01 -4.784714e-01 1.108537e+00
 3.173173e-01  8.622767e-01 -5.997087e-01 1.103172e+00
 3.183183e-01  7.711110e-01 -7.090399e-01 1.097350e+00
 3.193193e-01  6.662360e-01 -8.045234e-01 1.091128e+00
 3.203203e-01  5.497464e-01 -8.845089e-01 1.084577e+00
 3.213213e-01  4.239249e-01 -9.476626e-01 1.077777e+00
 3.223223e-01  2.911957e-01 -9.929874e-01 1.070819e+00
 3.233233e-01  1.540753e-01 -1.019834e+00 1.063801e+00
 3.243243e-01  1.512344e-02 -1.027908e+00 1.056823e+00
 3.253253e-01 -1.231059e-01 -1.017264e+00 1.049982e+00
 3.263263e-01 -2.581125e-01 -9.883046e-01 1.043368e+00
 3.273273e-01 -3.874955e-01 -9.417575e-01 1.037060e+00
 3.283283e-01 -5.089960e-01 -8.786612e-01 1.031122e+00
 3.293293e-01 -6.205360e-01 -8.003365e-01 1.025603e+00
 3.303303e-01 -7.202530e-01 -7.083573e-01 1.020534e+00
 3.313313e-01 -8.065296e-01 -6.045161e-01 1.015930e+00
 3.323323e-01 -8.780177e-01 -4.907869e-01 1.011787e+00
 3.333333e-01 -9.336571e-01 -3.692856e-01 1.008087e+00
 3.343343e-01 -9.726885e-01 -2.422286e-01 1.004798e+00
 3.353353e-01 -9.946601e-01 -1.118912e-01 1.001868e+00
 3.363363e-01 -9.994290e-01  1.943450e-02 9.992359e-01
 3.373373e-01 -9.871562e-01  1.494806e-01 9.968217e-01
 3.383383e-01 -9.582971e-01  2.760431e-01 9.945331e-01
 3.393393e-01 -9.135862e-01  3.970192e-01 9.922640e-01
 3.403403e-01 -8.540179e-01  5.104418e-01 9.898975e-01
 3.413413e-01 -7.808226e-01  6.145111e-01 9.873078e-01
 3.423423e-01 -6.954397e-01  7.076212e-01 9.843641e-01
 3.433433e-01 -5.994878e-01  7.883842e-01 9.809352e-01
 3.443443e-01 -4.947324e-01  8.556479e-01 9.768936e-01
 3.453453e-01 -3.830523e-01  9.085107e-01 9.721208e-01
 3.463463e-01 -2.664043e-01  9.463301e-01 9.665120e-01
 3.473473e-01 -1.467886e-01  9.687275e-01 9.599799e-01
 3.483483e-01 -2.621379e-02  9.755875e-01 9.524582e-01
 3.493493e-01  9.333705e-02  9.670536e-01 9.439045e-01
 3.503504e-01  2.099389e-01  9.435185e-01 9.343014e-01
 3.513514e-01  3.217553e-01  9.056112e-01 9.236582e-01
 3.523524e-01  4.270666e-01  8.541805e-01 9.120102e-01
 3.533534e-01  5.242949e-01  7.902748e-01 8.994193e-01
 3.543544e-01  6.120268e-01  7.151194e-01 8.859725e-01
 3.553554e-01  6.890319e-01  6.300920e-01 8.717809e-01
 3.563564e-01  7.542779e-01  5.366959e-01 8.569776e-01
 3.573574e-01  8.069419e-01  4.365323e-01 8.417156e-01
 3.583584e-01  8.464183e-01  3.312717e-01 8.261648e-01
 3.593594e-01  8.723223e-01  2.226253e-01 8.105082e-01
 3.603604e-01  8.844901e-01  1.123165e-01 7.949377e-01
 3.613614e-01  8.829750e-01  2.053498e-03 7.796491e-01
 3.623624e-01  8.680409e-01 -1.064977e-01 7.648368e-01
 3.633634e-01  8.401519e-01 -2.117380e-01 7.506881e-01
 3.643644e-01  7.999590e-01 -3.121582e-01 7.373771e-01
 3.653654e-01  7.482851e-01 -4.063602e-01 7.250592e-01
 3.663664e-01  6.861069e-01 -4.930752e-01 7.138658e-01
 3.673674e-01  6.145354e-01 -5.711797e-01 7.039000e-01
 3.683684e-01  5.347951e-01 -6.397082e-01 6.952324e-01
 3.693694e-01  4.482015e-01 -6.978637e-01 6.878983e-01
 3.703704e-01  3.561390e-01 -7.450244e-01 6.818963e-01
 3.713714e-01  2.600378e-01 -7.807479e-01 6.771869e-01
 3.723724e-01  1.613510e-01 -8.047727e-01 6.736933e-01
 3.733734e-01  6.153218e-02 -8.170164e-01 6.713020e-01
 3.743744e-01 -3.798579e-02 -8.175712e-01 6.698657e-01
 3.753754e-01 -1.358115e-01 -8.066975e-01 6.692057e-01
 3.763764e-01 -2.306139e-01 -7.848145e-01 6.691166e-01
 3.773774e-01 -3.211402e-01 -7.524889e-01 6.693706e-01
 3.783784e-01 -4.062308e-01 -7.104223e-01 6.697233e-01
 3.793794e-01 -4.848340e-01 -6.594362e-01 6.699201e-01
 3.803804e-01 -5.560168e-01 -6.004566e-01 6.697028e-01
 3.813814e-01 -6.189749e-01 -5.344970e-01 6.688171e-01
 3.823824e-01 -6.730400e-01 -4.626412e-01 6.670197e-01
 3.833834e-01 -7.176840e-01 -3.860252e-01 6.640858e-01
 3.843844e-01 -7.525230e-01 -3.058198e-01 6.598165e-01
 3.853854e-01 -7.773166e-01 -2.232124e-01 6.540448e-01
 3.863864e-01 -7.919673e-01 -1.393904e-01 6.466419e-01
 3.873874e-01 -7.965165e-01 -5.552392e-02 6.375215e-01
 3.883884e-01 -7.911394e-01  2.724947e-02 6.266440e-01
 3.893894e-01 -7.761375e-01  1.078396e-01 6.140189e-01
 3.903904e-01 -7.519307e-01  1.852171e-01 5.997052e-01
 3.913914e-01 -7.190469e-01  2.584255e-01 5.838121e-01
 3.923924e-01 -6.781109e-01  3.265915e-01 5.664964e-01
 3.933934e-01 -6.298330e-01  3.889346e-01 5.479597e-01
 3.943944e-01 -5.749960e-01  4.447739e-01 5.284442e-01
 3.953954e-01 -5.144421e-01  4.935344e-01 5.082269e-01
 3.963964e-01 -4.490599e-01  5.347504e-01 4.876128e-01
 3.973974e-01 -3.797706e-01  5.680685e-01 4.669275e-01
 3.983984e-01 -3.075145e-01  5.932482e-01 4.465086e-01
 3.993994e-01 -2.332388e-01  6.101610e-01 4.266968e-01
 4.004004e-01 -1.578840e-01  6.187884e-01 4.078265e-01
 4.014014e-01 -8.237262e-02  6.192183e-01 3.902165e-01
 4.024024e-01 -7.597984e-03  6.116397e-01 3.741608e-01
 4.034034e-01  6.558649e-02  5.963374e-01 3.599199e-01
 4.044044e-01  1.363763e-01  5.736844e-01 3.477123e-01
 4.054054e-01  2.040245e-01  5.441344e-01 3.377083e-01
 4.064064e-01  2.678486e-01  5.082130e-01 3.300234e-01
 4.074074e-01  3.272367e-01  4.665087e-01 3.247143e-01
 4.084084e-01  3.816526e-01  4.196631e-01 3.217759e-01
 4.094094e-01  4.306392e-01  3.683615e-01 3.211403e-01
 4.104104e-01  4.738210e-01  3.133222e-01 3.226771e-01
 4.114114e-01  5.109057e-01  2.552875e-01 3.261963e-01
 4.124124e-01  5.416840e-01  1.950131e-01 3.314516e-01
 4.134134e-01  5.660290e-01  1.332589e-01 3.381468e-01
 4.144144e-01  5.838943e-01  7.077937e-02 3.459423e-01
 4.154154e-01  5.953111e-01  8.315566e-03 3.544645e-01
 4.164164e-01  6.003844e-01 -5.341398e-02 3.633145e-01
 4.174174e-01  5.992888e-01 -1.137201e-01 3.720793e-01
 4.184184e-01  5.922631e-01 -1.719505e-01 3.803426e-01
 4.194194e-01  5.796051e-01 -2.274955e-01 3.876963e-01
 4.204204e-01  5.616648e-01 -2.797936e-01 3.937518e-01
 4.214214e-01  5.388385e-01 -3.283358e-01 3.981513e-01
 4.224224e-01  5.115615e-01 -3.726701e-01 4.005781e-01
 4.234234e-01  4.803016e-01 -4.124034e-01 4.007661e-01
 4.244244e-01  4.455517e-01 -4.472044e-01 3.985082e-01
 4.254254e-01  4.078233e-01 -4.768046e-01 3.936625e-01
 4.264264e-01  3.676389e-01 -5.009990e-01 3.861583e-01
 4.274274e-01  3.255260e-01 -5.196454e-01 3.759985e-01
 4.284284e-01  2.820102e-01 -5.326644e-01 3.632611e-01
 4.294294e-01  2.376094e-01 -5.400368e-01 3.480979e-01
 4.304304e-01  1.928275e-01 -5.418024e-01 3.307323e-01
 4.314314e-01  1.481501e-01 -5.380565e-01 3.114532e-01
 4.324324e-01  1.040385e-01 -5.289474e-01 2.906093e-01
 4.334334e-01  6.092632e-02 -5.146721e-01 2.685994e-01
 4.344344e-01  1.921515e-02 -4.954734e-01 2.458631e-01
 4.354354e-01 -2.072830e-02 -4.716343e-01 2.228686e-01
 4.364364e-01 -5.857513e-02 -4.434749e-01 2.001010e-01
 4.374374e-01 -9.403604e-02 -4.113466e-01 1.780488e-01
 4.384384e-01 -1.268631e-01 -3.756286e-01 1.571911e-01
 4.394394e-01 -1.568505e-01 -3.367219e-01 1.379837e-01
 4.404404e-01 -1.838351e-01 -2.950457e-01 1.208473e-01
 4.414414e-01 -2.076960e-01 -2.510315e-01 1.061544e-01
 4.424424e-01 -2.283544e-01 -2.051201e-01 9.421997e-02
 4.434434e-01 -2.457719e-01 -1.577554e-01 8.529060e-02
 4.444444e-01 -2.599498e-01 -1.093819e-01 7.953829e-02
 4.454454e-01 -2.709263e-01 -6.043895e-02 7.705395e-02
 4.464464e-01 -2.787751e-01 -1.135882e-02 7.784459e-02
 4.474474e-01 -2.836020e-01  3.743852e-02 8.183176e-02
 4.484484e-01 -2.855430e-01  8.554701e-02 8.885308e-02
 4.494494e-01 -2.847602e-01  1.325789e-01 9.866555e-02
 4.504505e-01 -2.814398e-01  1.781657e-01 1.109514e-01
 4.514515e-01 -2.757876e-01  2.219620e-01 1.253260e-01
 4.524525e-01 -2.680266e-01  2.636461e-01 1.413475e-01
 4.534535e-01 -2.583924e-01  3.029225e-01 1.585286e-01
 4.544545e-01 -2.471309e-01  3.395222e-01 1.763490e-01
 4.554555e-01 -2.344938e-01  3.732052e-01 1.942695e-01
 4.564565e-01 -2.207364e-01  4.037590e-01 2.117459e-01
 4.574575e-01 -2.061127e-01  4.310017e-01 2.282449e-01
 4.584585e-01 -1.908740e-01  4.547791e-01 2.432569e-01
 4.594595e-01 -1.752645e-01  4.749678e-01 2.563120e-01
 4.604605e-01 -1.595195e-01  4.914716e-01 2.669908e-01
 4.614615e-01 -1.438622e-01  5.042244e-01 2.749386e-01
 4.624625e-01 -1.285018e-01  5.131861e-01 2.798727e-01
 4.634635e-01 -1.136308e-01  5.183450e-01 2.815935e-01
 4.644645e-01 -9.942409e-02  5.197137e-01 2.799874e-01
 4.654655e-01 -8.603615e-02  5.173311e-01 2.750337e-01
 4.664665e-01 -7.360123e-02  5.112580e-01 2.668019e-01
 4.674675e-01 -6.223071e-02  5.015796e-01 2.554547e-01
 4.684685e-01 -5.201416e-02  4.883995e-01 2.412395e-01
 4.694695e-01 -4.301696e-02  4.718438e-01 2.244871e-01
 4.704705e-01 -3.528228e-02  4.520541e-01 2.055977e-01
 4.714715e-01 -2.882881e-02  4.291917e-01 1.850366e-01
 4.724725e-01 -2.365387e-02  4.034302e-01 1.633155e-01
 4.734735e-01 -1.973090e-02  3.749613e-01 1.409853e-01
 4.744745e-01 -1.701398e-02  3.439849e-01 1.186151e-01
 4.754755e-01 -1.543473e-02  3.107176e-01 9.678367e-02
 4.764765e-01 -1.490859e-02  2.753802e-01 7.605654e-02
 4.774775e-01 -1.533038e-02  2.382101e-01 5.697906e-02
 4.784785e-01 -1.658335e-02  1.994428e-01 4.005242e-02
 4.794795e-01 -1.853179e-02  1.593327e-01 2.573033e-02
 4.804805e-01 -2.103513e-02  1.181238e-01 1.439570e-02
 4.814815e-01 -2.393344e-02  7.608673e-02 6.362000e-03
 4.824825e-01 -2.707411e-02  3.346193e-02 1.852708e-03
 4.834835e-01 -3.027433e-02 -9.450208e-03 1.005841e-03
 4.844845e-01 -3.340193e-02 -5.247287e-02 3.869091e-03
 4.854855e-01 -3.606042e-02 -9.477195e-02 1.028208e-02
 4.864865e-01 -3.667546e-02 -1.321819e-01 1.881714e-02
 4.874875e-01 -3.486360e-02 -1.622370e-01 2.753632e-02
 4.884885e-01 -3.064607e-02 -1.833083e-01 3.454113e-02
 4.894895e-01 -2.415451e-02 -1.941644e-01 3.828324e-02
 4.904905e-01 -1.570466e-02 -1.941895e-01 3.795618e-02
 4.914915e-01 -5.743227e-03 -1.833396e-01 3.364640e-02
 4.924925e-01  5.151710e-03 -1.621983e-01 2.633484e-02
 4.934935e-01  1.632058e-02 -1.319084e-01 1.766620e-02
 4.944945e-01  2.704988e-02 -9.413930e-02 9.593904e-03
 4.954955e-01  3.662672e-02 -5.097155e-02 3.939616e-03
 4.964965e-01  4.437748e-02 -4.803515e-03 1.992434e-03
 4.974975e-01  4.972005e-02  4.180000e-02 4.219323e-03
 4.984985e-01  5.219941e-02  8.623220e-02 1.016077e-02
 4.994995e-01  5.152733e-02  1.260062e-01 1.853262e-02
 5.005005e-01  4.760261e-02  1.588769e-01 2.750787e-02
 5.015015e-01  4.052940e-02  1.829842e-01 3.512584e-02
 5.025025e-01  3.061398e-02  1.969400e-01 3.972259e-02
 5.035035e-01  1.835724e-02  1.999268e-01 4.030772e-02
 5.045045e-01  4.425725e-03  1.917245e-01 3.677787e-02
 5.055055e-01 -1.037989e-02  1.727486e-01 2.994982e-02
 5.065065e-01 -2.517537e-02  1.440039e-01 2.137092e-02
 5.075075e-01 -3.904032e-02  1.070613e-01 1.298627e-02
 5.085085e-01 -5.108072e-02  6.393758e-02 6.697255e-03
 5.095095e-01 -6.047897e-02  1.702840e-02 3.947672e-03
 5.105105e-01 -6.655619e-02 -3.107742e-02 5.395532e-03
 5.115115e-01 -6.880873e-02 -7.767062e-02 1.076737e-02
 5.125125e-01 -6.695980e-02 -1.201683e-01 1.892404e-02
 5.135135e-01 -6.096414e-02 -1.561175e-01 2.808931e-02
 5.145145e-01 -5.105060e-02 -1.835623e-01 3.630130e-02
 5.155155e-01 -3.765665e-02 -2.007031e-01 4.169974e-02
 5.165165e-01 -2.162638e-02 -2.078268e-01 4.365966e-02
 5.175175e-01 -4.578963e-03 -2.125538e-01 4.520010e-02
 5.185185e-01  1.316416e-02 -2.160625e-01 4.685631e-02
 5.195195e-01  3.153286e-02 -2.180471e-01 4.853887e-02
 5.205205e-01  5.039612e-02 -2.185151e-01 5.028862e-02
 5.215215e-01  6.963549e-02 -2.173384e-01 5.208507e-02
 5.225225e-01  8.910922e-02 -2.144831e-01 5.394345e-02
 5.235235e-01  1.086751e-01 -2.098704e-01 5.585587e-02
 5.245245e-01  1.281760e-01 -2.034733e-01 5.783048e-02
 5.255255e-01  1.474521e-01 -1.952480e-01 5.986391e-02
 5.265265e-01  1.663332e-01 -1.851880e-01 6.196136e-02
 5.275275e-01  1.846467e-01 -1.732837e-01 6.412164e-02
 5.285285e-01  2.022133e-01 -1.595564e-01 6.634846e-02
 5.295295e-01  2.188531e-01 -1.440318e-01 6.864185e-02
 5.305305e-01  2.343834e-01 -1.267638e-01 7.100466e-02
 5.315315e-01  2.486234e-01 -1.078151e-01 7.343772e-02
 5.325325e-01  2.613931e-01 -8.727513e-02 7.594333e-02
 5.335335e-01  2.725178e-01 -6.524476e-02 7.852285e-02
 5.345345e-01  2.818277e-01 -4.185011e-02 8.117827e-02
 5.355355e-01  2.891616e-01 -1.723042e-02 8.391133e-02
 5.365365e-01  2.943677e-01  8.451668e-03 8.672377e-02
 5.375375e-01  2.973066e-01  3.502009e-02 8.961764e-02
 5.385385e-01  2.978524e-01  6.227750e-02 9.259455e-02
 5.395395e-01  2.958956e-01  9.001403e-02 9.565673e-02
 5.405405e-01  2.913442e-01  1.180013e-01 9.880573e-02
 5.415415e-01  2.841264e-01  1.460005e-01 1.020439e-01
 5.425425e-01  2.741919e-01  1.737576e-01 1.053729e-01
 5.435435e-01  2.615140e-01  2.010113e-01 1.087951e-01
 5.445445e-01  2.460906e-01  2.274896e-01 1.123121e-01
 5.455455e-01  2.279462e-01  2.529169e-01 1.159264e-01
 5.465465e-01  2.071328e-01  2.770121e-01 1.196397e-01
 5.475475e-01  1.837310e-01  2.994954e-01 1.234546e-01
 5.485485e-01  1.578503e-01  3.200874e-01 1.273727e-01
 5.495495e-01  1.296305e-01  3.385154e-01 1.313967e-01
 5.505506e-01  9.924061e-02  3.545132e-01 1.355283e-01
 5.515516e-01  6.687999e-02  3.678279e-01 1.397703e-01
 5.525526e-01  3.277682e-02  3.782195e-01 1.441243e-01
 5.535536e-01 -2.812005e-03  3.854675e-01 1.485931e-01
 5.545546e-01 -3.960261e-02  3.893716e-01 1.531786e-01
 5.555556e-01 -7.728522e-02  3.897569e-01 1.578834e-01
 5.565566e-01 -1.155265e-01  3.864754e-01 1.627096e-01
 5.575576e-01 -1.539717e-01  3.794107e-01 1.676598e-01
 5.585586e-01 -1.922472e-01  3.684794e-01 1.727360e-01
 5.595596e-01 -2.299639e-01  3.536349e-01 1.779411e-01
 5.605606e-01 -2.667205e-01  3.348689e-01 1.832770e-01
 5.615616e-01 -3.021071e-01  3.122146e-01 1.887466e-01
 5.625626e-01 -3.357094e-01  2.857469e-01 1.943521e-01
 5.635636e-01 -3.671131e-01  2.555855e-01 2.000960e-01
 5.645646e-01 -3.959086e-01  2.218945e-01 2.059808e-01
 5.655656e-01 -4.216953e-01  1.848838e-01 2.120090e-01
 5.665666e-01 -4.440874e-01  1.448081e-01 2.181831e-01
 5.675676e-01 -4.627182e-01  1.019677e-01 2.245055e-01
 5.685686e-01 -4.772457e-01  5.670561e-02 2.309790e-01
 5.695696e-01 -4.873575e-01  9.407718e-03 2.376058e-01
 5.705706e-01 -4.927762e-01 -3.950119e-02 2.443887e-01
 5.715716e-01 -4.932640e-01 -8.955887e-02 2.513301e-01
 5.725726e-01 -4.886276e-01 -1.402705e-01 2.584328e-01
 5.735736e-01 -4.787228e-01 -1.911114e-01 2.656991e-01
 5.745746e-01 -4.634583e-01 -2.415330e-01 2.731318e-01
 5.755756e-01 -4.427996e-01 -2.909672e-01 2.807334e-01
 5.765766e-01 -4.167723e-01 -3.388325e-01 2.885066e-01
 5.775776e-01 -3.854645e-01 -3.845399e-01 2.964539e-01
 5.785786e-01 -3.490291e-01 -4.275005e-01 3.045779e-01
 5.795796e-01 -3.076846e-01 -4.671309e-01 3.128811e-01
 5.805806e-01 -2.617165e-01 -5.028625e-01 3.213663e-01
 5.815816e-01 -2.114762e-01 -5.341474e-01 3.300356e-01
 5.825826e-01 -1.573806e-01 -5.604671e-01 3.388920e-01
 5.835836e-01 -9.990967e-02 -5.813397e-01 3.479378e-01
 5.845846e-01 -3.960376e-02 -5.963281e-01 3.571756e-01
 5.855856e-01  2.294021e-02 -6.050468e-01 3.666079e-01
 5.865866e-01  8.707342e-02 -6.071701e-01 3.762373e-01
 5.875876e-01  1.521010e-01 -6.024381e-01 3.860663e-01
 5.885886e-01  2.172882e-01 -5.906635e-01 3.960976e-01
 5.895896e-01  2.818682e-01 -5.717374e-01 4.063333e-01
 5.905906e-01  3.450502e-01 -5.456342e-01 4.167763e-01
 5.915916e-01  4.060283e-01 -5.124156e-01 4.274287e-01
 5.925926e-01  4.639910e-01 -4.722344e-01 4.382930e-01
 5.935936e-01  5.181317e-01 -4.253364e-01 4.493715e-01
 5.945946e-01  5.676590e-01 -3.720614e-01 4.606664e-01
 5.955956e-01  6.118082e-01 -3.128432e-01 4.721801e-01
 5.965966e-01  6.498517e-01 -2.482085e-01 4.839147e-01
 5.975976e-01  6.811112e-01 -1.787735e-01 4.958725e-01
 5.985986e-01  7.049681e-01 -1.052410e-01 5.080557e-01
 5.995996e-01  7.208746e-01 -2.839349e-02 5.204664e-01
 6.006006e-01  7.283645e-01  5.091230e-02 5.331069e-01
 6.016016e-01  7.270626e-01  1.317545e-01 5.459792e-01
 6.026026e-01  7.166941e-01  2.131551e-01 5.590855e-01
 6.036036e-01  6.970928e-01  2.940910e-01 5.724278e-01
 6.046046e-01  6.682078e-01  3.735054e-01 5.860080e-01
 6.056056e-01  6.301097e-01  4.503216e-01 5.998278e-01
 6.066066e-01  5.829946e-01  5.234560e-01 6.138890e-01
 6.076076e-01  5.271872e-01  5.918335e-01 6.281932e-01
 6.086086e-01  4.631416e-01  6.544019e-01 6.427420e-01
 6.096096e-01  3.914405e-01  7.101487e-01 6.575369e-01
 6.106106e-01  3.127929e-01  7.581160e-01 6.725793e-01
 6.116116e-01  2.280297e-01  7.974166e-01 6.878708e-01
 6.126126e-01  1.380963e-01  8.272497e-01 7.034126e-01
 6.136136e-01  4.404503e-02  8.469159e-01 7.192065e-01
 6.146146e-01 -5.297587e-02  8.558312e-01 7.352536e-01
 6.156156e-01 -1.517346e-01  8.535408e-01 7.515552e-01
 6.166166e-01 -2.509299e-01  8.397302e-01 7.681125e-01
 6.176176e-01 -3.492071e-01  8.142364e-01 7.849266e-01
 6.186186e-01 -4.451758e-01  7.770564e-01 8.019982e-01
 6.196196e-01 -5.374284e-01  7.283535e-01 8.193280e-01
 6.206206e-01 -6.245600e-01  6.684620e-01 8.369166e-01
 6.216216e-01 -7.051897e-01  5.978894e-01 8.547642e-01
 6.226226e-01 -7.779818e-01  5.173157e-01 8.728712e-01
 6.236236e-01 -8.416675e-01  4.275905e-01 8.912379e-01
 6.246246e-01 -8.950667e-01  3.297270e-01 9.098643e-01
 6.256256e-01 -9.371093e-01  2.248935e-01 9.287509e-01
 6.266266e-01 -9.668558e-01  1.144016e-01 9.478978e-01
 6.276276e-01 -9.835167e-01 -3.075154e-04 9.673051e-01
 6.286286e-01 -9.864707e-01 -1.176803e-01 9.869731e-01
 6.296296e-01 -9.752808e-01 -2.360699e-01 1.006902e+00
 6.306306e-01 -9.497080e-01 -3.537583e-01 1.027090e+00
 6.316316e-01 -9.097233e-01 -4.689799e-01 1.047539e+00
 6.326326e-01 -8.555158e-01 -5.799469e-01 1.068246e+00
 6.336336e-01 -7.874987e-01 -6.848770e-01 1.089211e+00
 6.346346e-01 -7.063108e-01 -7.820211e-01 1.110432e+00
 6.356356e-01 -6.128159e-01 -8.696923e-01 1.131908e+00
 6.366366e-01 -5.080972e-01 -9.462953e-01 1.153638e+00
 6.376376e-01 -3.934483e-01 -1.010355e+00 1.175619e+00
 6.386386e-01 -2.703610e-01 -1.060545e+00 1.197850e+00
 6.396396e-01 -1.405083e-01 -1.095713e+00 1.220330e+00
 6.406406e-01 -5.724271e-03 -1.114910e+00 1.243058e+00
 6.416416e-01  1.320195e-01 -1.117409e+00 1.266032e+00
 6.426426e-01  2.706411e-01 -1.102725e+00 1.289250e+00
 6.436436e-01  4.079785e-01 -1.070637e+00 1.312711e+00
 6.446446e-01  5.418221e-01 -1.021196e+00 1.336411e+00
 6.456456e-01  6.699494e-01 -9.547343e-01 1.360350e+00
 6.466466e-01  7.901617e-01 -8.718756e-01 1.384523e+00
 6.476476e-01  9.003215e-01 -7.735291e-01 1.408926e+00
 6.486486e-01  9.983909e-01 -6.608873e-01 1.433556e+00
 6.496496e-01  1.082469e+00 -5.354157e-01 1.458410e+00
 6.506507e-01  1.150830e+00 -3.988380e-01 1.483482e+00
 6.516517e-01  1.201958e+00 -2.531150e-01 1.508770e+00
 6.526527e-01  1.234579e+00 -1.004207e-01 1.534270e+00
 6.536537e-01  1.247695e+00  5.688850e-02 1.559979e+00
 6.546547e-01  1.240606e+00  2.163077e-01 1.585893e+00
 6.556557e-01  1.212938e+00  3.752216e-01 1.612009e+00
 6.566567e-01  1.164654e+00  5.309465e-01 1.638324e+00
 6.576577e-01  1.096074e+00  6.807750e-01 1.664833e+00
 6.586587e-01  1.007875e+00  8.220221e-01 1.691532e+00
 6.596597e-01  9.010941e-01  9.520743e-01 1.718416e+00
 6.606607e-01  7.771223e-01  1.068438e+00 1.745478e+00
 6.616617e-01  6.376910e-01  1.168786e+00 1.772711e+00
 6.626627e-01  4.848528e-01  1.251011e+00 1.800110e+00
 6.636637e-01  3.209548e-01  1.313261e+00 1.827666e+00
 6.646647e-01  1.486065e-01  1.353990e+00 1.855374e+00
 6.656657e-01 -2.935935e-02  1.371993e+00 1.883228e+00
 6.666667e-01 -2.099306e-01  1.366437e+00 1.911222e+00
 6.676677e-01 -3.899654e-01  1.336892e+00 1.939352e+00
 6.686687e-01 -5.662455e-01  1.283347e+00 1.967613e+00
 6.696697e-01 -7.355334e-01  1.206230e+00 1.996000e+00
 6.706707e-01 -8.946317e-01  1.106409e+00 2.024507e+00
 6.716717e-01 -1.040444e+00  9.851928e-01 2.053128e+00
 6.726727e-01 -1.170036e+00  8.443175e-01 2.081856e+00
 6.736737e-01 -1.280696e+00  6.859299e-01 2.110682e+00
 6.746747e-01 -1.369992e+00  5.125584e-01 2.139595e+00
 6.756757e-01 -1.435830e+00  3.270772e-01 2.168587e+00
 6.766767e-01 -1.476498e+00  1.326619e-01 2.197647e+00
 6.776777e-01 -1.490718e+00 -6.726149e-02 2.226765e+00
 6.786787e-01 -1.477678e+00 -2.690754e-01 2.255933e+00
 6.796797e-01 -1.437063e+00 -4.690342e-01 2.285143e+00
 6.806807e-01 -1.369080e+00 -6.633335e-01 2.314390e+00
 6.816817e-01 -1.274463e+00 -8.481819e-01 2.343668e+00
 6.826827e-01 -1.154480e+00 -1.019876e+00 2.372970e+00
 6.836837e-01 -1.010920e+00 -1.174876e+00 2.402292e+00
 6.846847e-01 -8.460758e-01 -1.309879e+00 2.431626e+00
 6.856857e-01 -6.627107e-01 -1.421892e+00 2.460964e+00
 6.866867e-01 -4.640184e-01 -1.508304e+00 2.490293e+00
 6.876877e-01 -2.535709e-01 -1.566941e+00 2.519603e+00
 6.886887e-01 -3.525808e-02 -1.596132e+00 2.548880e+00
 6.896897e-01  1.867824e-01 -1.594748e+00 2.578109e+00
 6.906907e-01  4.082413e-01 -1.562247e+00 2.607278e+00
 6.916917e-01  6.247213e-01 -1.498699e+00 2.636375e+00
 6.926927e-01  8.318239e-01 -1.404799e+00 2.665390e+00
 6.936937e-01  1.025240e+00 -1.281874e+00 2.694317e+00
 6.946947e-01  1.200840e+00 -1.131871e+00 2.723149e+00
 6.956957e-01  1.354767e+00 -9.573346e-01 2.751883e+00
 6.966967e-01  1.483520e+00 -7.613684e-01 2.780513e+00
 6.976977e-01  1.584040e+00 -5.475867e-01 2.809034e+00
 6.986987e-01  1.653785e+00 -3.200518e-01 2.837438e+00
 6.996997e-01  1.690796e+00 -8.320033e-02 2.865712e+00
 7.007007e-01  1.693754e+00  1.582410e-01 2.893842e+00
 7.017017e-01  1.662027e+00  3.993480e-01 2.921813e+00
 7.027027e-01  1.595699e+00  6.350990e-01 2.949604e+00
 7.037037e-01  1.495585e+00  8.604799e-01 2.977201e+00
 7.047047e-01  1.363238e+00  1.070592e+00 3.004585e+00
 7.057057e-01  1.200927e+00  1.260762e+00 3.031747e+00
 7.067067e-01  1.011612e+00  1.426646e+00 3.058677e+00
 7.077077e-01  7.988924e-01  1.564335e+00 3.085372e+00
 7.087087e-01  5.669463e-01  1.670449e+00 3.111829e+00
 7.097097e-01  3.204525e-01  1.742228e+00 3.138049e+00
 7.107107e-01  6.449975e-02  1.777602e+00 3.164029e+00
 7.117117e-01 -1.955166e-01  1.775257e+00 3.189765e+00
 7.127127e-01 -4.540068e-01  1.734683e+00 3.215247e+00
 7.137137e-01 -7.053070e-01  1.656201e+00 3.240460e+00
 7.147147e-01 -9.438049e-01  1.540979e+00 3.265385e+00
 7.157157e-01 -1.164067e+00  1.391024e+00 3.289999e+00
 7.167167e-01 -1.360964e+00  1.209155e+00 3.314279e+00
 7.177177e-01 -1.529799e+00  9.989594e-01 3.338204e+00
 7.187187e-01 -1.666418e+00  7.647285e-01 3.361759e+00
 7.197197e-01 -1.767323e+00  5.113752e-01 3.384934e+00
 7.207207e-01 -1.829762e+00  2.443350e-01 3.407727e+00
 7.217217e-01 -1.851812e+00 -3.054744e-02 3.430141e+00
 7.227227e-01 -1.832442e+00 -3.071444e-01 3.452183e+00
 7.237237e-01 -1.771555e+00 -5.791816e-01 3.473860e+00
 7.247247e-01 -1.670010e+00 -8.403813e-01 3.495174e+00
 7.257257e-01 -1.529623e+00 -1.084609e+00 3.516124e+00
 7.267267e-01 -1.353144e+00 -1.306023e+00 3.536695e+00
 7.277277e-01 -1.144214e+00 -1.499214e+00 3.556868e+00
 7.287287e-01 -9.072931e-01 -1.659348e+00 3.576615e+00
 7.297297e-01 -6.475741e-01 -1.782289e+00 3.595905e+00
 7.307307e-01 -3.708731e-01 -1.864715e+00 3.614710e+00
 7.317317e-01 -8.350174e-02 -1.904215e+00 3.633006e+00
 7.327327e-01  2.078739e-01 -1.899360e+00 3.650780e+00
 7.337337e-01  4.963879e-01 -1.849765e+00 3.668033e+00
 7.347347e-01  7.751368e-01 -1.756114e+00 3.684772e+00
 7.357357e-01  1.037347e+00 -1.620163e+00 3.701018e+00
 7.367367e-01  1.276545e+00 -1.444723e+00 3.716791e+00
 7.377377e-01  1.486716e+00 -1.233606e+00 3.732108e+00
 7.387387e-01  1.662469e+00 -9.915522e-01 3.746978e+00
 7.397397e-01  1.799176e+00 -7.241289e-01 3.761397e+00
 7.407407e-01  1.893104e+00 -4.376082e-01 3.775345e+00
 7.417417e-01  1.941525e+00 -1.388224e-01 3.788789e+00
 7.427427e-01  1.942798e+00  1.649966e-01 3.801690e+00
 7.437437e-01  1.896439e+00  4.663924e-01 3.814004e+00
 7.447447e-01  1.803145e+00  7.578678e-01 3.825697e+00
 7.457457e-01  1.664803e+00  1.032075e+00 3.836747e+00
 7.467467e-01  1.484459e+00  1.282003e+00 3.847151e+00
 7.477477e-01  1.266265e+00  1.501166e+00 3.856926e+00
 7.487487e-01  1.015388e+00  1.683773e+00 3.866104e+00
 7.497497e-01  7.378929e-01  1.824895e+00 3.874727e+00
 7.507508e-01  4.406065e-01  1.920600e+00 3.882837e+00
 7.517518e-01  1.309472e-01  1.968074e+00 3.890462e+00
 7.527528e-01 -1.832560e-01  1.965714e+00 3.897616e+00
 7.537538e-01 -4.939621e-01  1.913187e+00 3.904284e+00
 7.547548e-01 -7.931258e-01  1.811458e+00 3.910430e+00
 7.557558e-01 -1.072910e+00  1.662788e+00 3.916000e+00
 7.567568e-01 -1.325894e+00  1.470693e+00 3.920932e+00
 7.577578e-01 -1.545282e+00  1.239867e+00 3.925169e+00
 7.587588e-01 -1.725089e+00  9.760835e-01 3.928671e+00
 7.597598e-01 -1.860313e+00  6.860486e-01 3.931426e+00
 7.607608e-01 -1.947086e+00  3.772409e-01 3.933455e+00
 7.617618e-01 -1.982794e+00  5.771952e-02 3.934805e+00
 7.627628e-01 -1.966165e+00 -2.640842e-01 3.935547e+00
 7.637638e-01 -1.897322e+00 -5.795901e-01 3.935756e+00
 7.647648e-01 -1.777798e+00 -8.803009e-01 3.935496e+00
 7.657658e-01 -1.610516e+00 -1.158035e+00 3.934806e+00
 7.667668e-01 -1.399725e+00 -1.405155e+00 3.933690e+00
 7.677678e-01 -1.150902e+00 -1.614787e+00 3.932111e+00
 7.687688e-01 -8.706150e-01 -1.781018e+00 3.929997e+00
 7.697698e-01 -5.663583e-01 -1.899078e+00 3.927257e+00
 7.707708e-01 -2.463529e-01 -1.965480e+00 3.923801e+00
 7.717718e-01  8.067253e-02 -1.978142e+00 3.919555e+00
 7.727728e-01  4.057196e-01 -1.936460e+00 3.914485e+00
 7.737738e-01  7.197696e-01 -1.841341e+00 3.908605e+00
 7.747748e-01  1.014038e+00 -1.695201e+00 3.901980e+00
 7.757758e-01  1.280223e+00 -1.501912e+00 3.894711e+00
 7.767768e-01  1.510753e+00 -1.266707e+00 3.886922e+00
 7.777778e-01  1.699003e+00 -9.960511e-01 3.878728e+00
 7.787788e-01  1.839499e+00 -6.974653e-01 3.870215e+00
 7.797798e-01  1.928089e+00 -3.793248e-01 3.861416e+00
 7.807808e-01  1.962075e+00 -5.062494e-02 3.852300e+00
 7.817818e-01  1.940306e+00  2.792728e-01 3.842782e+00
 7.827828e-01  1.863234e+00  6.009091e-01 3.832731e+00
 7.837838e-01  1.732909e+00  9.050022e-01 3.822003e+00
 7.847848e-01  1.552946e+00  1.182722e+00 3.810472e+00
 7.857858e-01  1.328428e+00  1.425952e+00 3.798059e+00
 7.867868e-01  1.065774e+00  1.627539e+00 3.784758e+00
 7.877878e-01  7.725639e-01  1.781512e+00 3.770639e+00
 7.887888e-01  4.573247e-01  1.883267e+00 3.755842e+00
 7.897898e-01  1.292849e-01  1.929724e+00 3.740549e+00
 7.907908e-01 -2.018936e-01  1.919424e+00 3.724951e+00
 7.917918e-01 -5.264013e-01  1.852594e+00 3.709203e+00
 7.927928e-01 -8.345758e-01  1.731148e+00 3.693389e+00
 7.937938e-01 -1.117194e+00  1.558647e+00 3.677505e+00
 7.947948e-01 -1.365759e+00  1.340207e+00 3.661450e+00
 7.957958e-01 -1.572759e+00  1.082347e+00 3.645047e+00
 7.967968e-01 -1.731914e+00  7.928137e-01 3.628080e+00
 7.977978e-01 -1.838371e+00  4.803437e-01 3.610340e+00
 7.987988e-01 -1.888871e+00  1.544094e-01 3.591675e+00
 7.997998e-01 -1.881856e+00 -1.750689e-01 3.572032e+00
 8.008008e-01 -1.817538e+00 -4.980252e-01 3.551472e+00
 8.018018e-01 -1.697897e+00 -8.045587e-01 3.530169e+00
 8.028028e-01 -1.526640e+00 -1.085242e+00 3.508378e+00
 8.038038e-01 -1.309090e+00 -1.331417e+00 3.486388e+00
 8.048048e-01 -1.052034e+00 -1.535473e+00 3.464454e+00
 8.058058e-01 -7.635145e-01 -1.691092e+00 3.442748e+00
 8.068068e-01 -4.525855e-01 -1.793454e+00 3.421312e+00
 8.078078e-01 -1.290287e-01 -1.839401e+00 3.400045e+00
 8.088088e-01  1.969530e-01 -1.827547e+00 3.378720e+00
 8.098098e-01  5.150599e-01 -1.758335e+00 3.357027e+00
 8.108108e-01  8.152253e-01 -1.634029e+00 3.334642e+00
 8.118118e-01  1.087940e+00 -1.458659e+00 3.311301e+00
 8.128128e-01  1.324564e+00 -1.237900e+00 3.286865e+00
 8.138138e-01  1.517606e+00 -9.788926e-01 3.261359e+00
 8.148148e-01  1.660976e+00 -6.900290e-01 3.234981e+00
 8.158158e-01  1.750185e+00 -3.806802e-01 3.208066e+00
 8.168168e-01  1.782503e+00 -6.089762e-02 3.181024e+00
 8.178178e-01  1.757048e+00  2.589129e-01 3.154253e+00
 8.188188e-01  1.674829e+00  5.683320e-01 3.128052e+00
 8.198198e-01  1.538712e+00  8.572708e-01 3.102548e+00
 8.208208e-01  1.353338e+00  1.116307e+00 3.077664e+00
 8.218218e-01  1.124968e+00  1.337001e+00 3.053125e+00
 8.228228e-01  8.612851e-01  1.512184e+00 3.028513e+00
 8.238238e-01  5.711400e-01  1.636200e+00 3.003353e+00
 8.248248e-01  2.642582e-01  1.705106e+00 2.977220e+00
 8.258258e-01 -4.908294e-02  1.716808e+00 2.949840e+00
 8.268268e-01 -3.583981e-01  1.671141e+00 2.921162e+00
 8.278278e-01 -6.533473e-01  1.569879e+00 2.891383e+00
 8.288288e-01 -9.240855e-01  1.416680e+00 2.860917e+00
 8.298298e-01 -1.161598e+00  1.216968e+00 2.830321e+00
 8.308308e-01 -1.358007e+00  9.777478e-01 2.800173e+00
 8.318318e-01 -1.506845e+00  7.073678e-01 2.770952e+00
 8.328328e-01 -1.603278e+00  4.152347e-01 2.742922e+00
 8.338338e-01 -1.644275e+00  1.114872e-01 2.716068e+00
 8.348348e-01 -1.628711e+00 -1.933554e-01 2.690087e+00
 8.358358e-01 -1.557419e+00 -4.887606e-01 2.664441e+00
 8.368368e-01 -1.433155e+00 -7.645521e-01 2.638472e+00
 8.378378e-01 -1.260508e+00 -1.011267e+00 2.611542e+00
 8.388388e-01 -1.045748e+00 -1.220490e+00 2.583184e+00
 8.398398e-01 -7.965988e-01 -1.385151e+00 2.553212e+00
 8.408408e-01 -5.219775e-01 -1.499774e+00 2.521783e+00
 8.418418e-01 -2.316762e-01 -1.560674e+00 2.489377e+00
 8.428428e-01  6.398221e-02 -1.566083e+00 2.456711e+00
 8.438438e-01  3.545109e-01 -1.516215e+00 2.424585e+00
 8.448448e-01  6.296331e-01 -1.413251e+00 2.393715e+00
 8.458458e-01  8.796508e-01 -1.261262e+00 2.364566e+00
 8.468468e-01  1.095794e+00 -1.066057e+00 2.337241e+00
 8.478478e-01  1.270537e+00 -8.349703e-01 2.311441e+00
 8.488488e-01  1.397876e+00 -5.765921e-01 2.286515e+00
 8.498498e-01  1.473542e+00 -3.004538e-01 2.261597e+00
 8.508509e-01  1.495162e+00 -1.667925e-02 2.235786e+00
 8.518519e-01  1.462345e+00  2.643864e-01 2.208352e+00
 8.528529e-01  1.376696e+00  5.325557e-01 2.178909e+00
 8.538539e-01  1.241758e+00  7.781715e-01 2.147515e+00
 8.548549e-01  1.062877e+00  9.924606e-01 2.114685e+00
 8.558559e-01  8.470028e-01  1.167853e+00 2.081295e+00
 8.568569e-01  6.024298e-01  1.298260e+00 2.048401e+00
 8.578579e-01  3.384825e-01  1.379290e+00 2.017012e+00
 8.588589e-01  6.516403e-02  1.408411e+00 1.987868e+00
 8.598599e-01 -2.072231e-01  1.385033e+00 1.961257e+00
 8.608609e-01 -4.684681e-01  1.310526e+00 1.936940e+00
 8.618619e-01 -7.088401e-01  1.188161e+00 1.914181e+00
 8.628629e-01 -9.194585e-01  1.022981e+00 1.891893e+00
 8.638639e-01 -1.092631e+00  8.216015e-01 1.868872e+00
 8.648649e-01 -1.222146e+00  5.919594e-01 1.844057e+00
 8.658659e-01 -1.303506e+00  3.430047e-01 1.816781e+00
 8.668669e-01 -1.334099e+00  8.435878e-02 1.786936e+00
 8.678679e-01 -1.313287e+00 -1.740549e-01 1.755017e+00
 8.688689e-01 -1.242426e+00 -4.223902e-01 1.722037e+00
 8.698699e-01 -1.124807e+00 -6.512550e-01 1.689324e+00
 8.708709e-01 -9.655107e-01 -8.520699e-01 1.658234e+00
 8.718719e-01 -7.712038e-01 -1.017396e+00 1.629850e+00
 8.728729e-01 -5.498662e-01 -1.141218e+00 1.604731e+00
 8.738739e-01 -3.104684e-01 -1.219171e+00 1.582769e+00
 8.748749e-01 -6.260962e-02 -1.248707e+00 1.563190e+00
 8.758759e-01  1.838670e-01 -1.229184e+00 1.544702e+00
 8.768769e-01  4.192685e-01 -1.161888e+00 1.525769e+00
 8.778779e-01  6.344374e-01 -1.049969e+00 1.504946e+00
 8.788789e-01  8.211150e-01 -8.983190e-01 1.481207e+00
 8.798799e-01  9.722654e-01 -7.133626e-01 1.454186e+00
 8.808809e-01  1.082349e+00 -5.028015e-01 1.424289e+00
 8.818819e-01  1.147533e+00 -2.753002e-01 1.392623e+00
 8.828829e-01  1.165833e+00 -4.013560e-02 1.360779e+00
 8.838839e-01  1.137177e+00  1.931783e-01 1.330489e+00
 8.848849e-01  1.063387e+00  4.152752e-01 1.303246e+00
 8.858859e-01  9.480956e-01  6.173154e-01 1.279964e+00
 8.868869e-01  7.965728e-01  7.913435e-01 1.260753e+00
 8.878879e-01  6.154991e-01  9.306087e-01 1.244872e+00
 8.888889e-01  4.126770e-01  1.029837e+00 1.230866e+00
 8.898899e-01  1.966995e-01  1.085441e+00 1.216873e+00
 8.908909e-01 -2.341100e-02  1.095661e+00 1.201022e+00
 8.918919e-01 -2.385789e-01  1.060630e+00 1.181855e+00
 8.928929e-01 -4.400502e-01  9.823555e-01 1.158666e+00
 8.938939e-01 -6.197512e-01  8.646311e-01 1.131678e+00
 8.948949e-01 -7.706151e-01  7.128646e-01 1.102024e+00
 8.958959e-01 -8.868645e-01  5.338430e-01 1.071517e+00
 8.968969e-01 -9.642369e-01  3.354372e-01 1.042271e+00
 8.978979e-01 -1.000145e+00  1.262624e-01 1.016233e+00
 8.988989e-01 -9.937669e-01 -8.469405e-02 9.947457e-01
 8.998999e-01 -9.460574e-01 -2.884584e-01 9.782328e-01
 9.009009e-01 -8.596902e-01 -4.764562e-01 9.660778e-01
 9.019019e-01 -7.389243e-01 -6.408784e-01 9.567343e-01
 9.029029e-01 -5.894062e-01 -7.750139e-01 9.480462e-01
 9.039039e-01 -4.179156e-01 -8.735326e-01 9.377126e-01
 9.049049e-01 -2.320656e-01 -9.327068e-01 9.237964e-01
 9.059059e-01 -3.997018e-02 -9.505621e-01 9.051659e-01
 9.069069e-01  1.501060e-01 -9.269495e-01 8.817672e-01
 9.079079e-01  3.301014e-01 -8.635367e-01 8.546626e-01
 9.089089e-01  4.924987e-01 -7.637187e-01 8.258213e-01
 9.099099e-01  6.306401e-01 -6.324522e-01 7.977027e-01
 9.109109e-01  7.390025e-01 -4.760205e-01 7.727202e-01
 9.119119e-01  8.134215e-01 -3.017410e-01 7.527021e-01
 9.129129e-01  8.512552e-01 -1.176275e-01 7.384717e-01
 9.139139e-01  8.514807e-01  6.797650e-02 7.296402e-01
 9.149149e-01  8.147196e-01  2.467766e-01 7.246668e-01
 9.159159e-01  7.431925e-01  4.109017e-01 7.211753e-01
 9.169169e-01  6.406040e-01  5.532555e-01 7.164652e-01
 9.179179e-01  5.119647e-01  6.678302e-01 7.081049e-01
 9.189189e-01  3.633568e-01  7.499668e-01 6.944784e-01
 9.199199e-01  2.016559e-01  7.965523e-01 6.751606e-01
 9.209209e-01  3.421908e-02  8.061422e-01 6.510362e-01
 9.219219e-01 -1.314446e-01  7.790061e-01 6.241282e-01
 9.229229e-01 -2.880084e-01  7.170923e-01 5.971702e-01
 9.239239e-01 -4.286512e-01  6.239152e-01 5.730121e-01
 9.249249e-01 -5.473559e-01  5.043710e-01 5.539886e-01
 9.259259e-01 -6.391692e-01  3.644901e-01 5.413904e-01
 9.269269e-01 -7.004128e-01  2.111402e-01 5.351583e-01
 9.279279e-01 -7.288347e-01  5.169271e-02 5.338722e-01
 9.289289e-01 -7.236962e-01 -1.063300e-01 5.350423e-01
 9.299299e-01 -6.857892e-01 -2.556104e-01 5.356435e-01
 9.309309e-01 -6.173843e-01 -3.893767e-01 5.327776e-01
 9.319319e-01 -5.221122e-01 -5.017141e-01 5.243182e-01
 9.329329e-01 -4.047834e-01 -5.878308e-01 5.093946e-01
 9.339339e-01 -2.711559e-01 -6.442658e-01 4.886040e-01
 9.349349e-01 -1.276604e-01 -6.690318e-01 4.639008e-01
 9.359359e-01  1.890344e-02 -6.616836e-01 4.381826e-01
 9.369369e-01  1.616856e-01 -6.233127e-01 4.146610e-01
 9.379379e-01  2.941043e-01 -5.564672e-01 3.961531e-01
 9.389389e-01  4.101505e-01 -4.650029e-01 3.844511e-01
 9.399399e-01  5.046627e-01 -3.538735e-01 3.799109e-01
 9.409409e-01  5.735606e-01 -2.288710e-01 3.813538e-01
 9.419419e-01  6.140263e-01 -9.632946e-02 3.863077e-01
 9.429429e-01  6.246243e-01  3.719285e-02 3.915388e-01
 9.439439e-01  6.053550e-01  1.652362e-01 3.937576e-01
 9.449449e-01  5.576401e-01  2.817523e-01 3.903469e-01
 9.459459e-01  4.842400e-01  3.813914e-01 3.799478e-01
 9.469469e-01  3.891070e-01  4.597498e-01 3.627741e-01
 9.479479e-01  2.771831e-01  5.135660e-01 3.405805e-01
 9.489489e-01  1.541512e-01  5.408577e-01 3.162897e-01
 9.499499e-01  2.615221e-02  5.409920e-01 2.933563e-01
 9.509510e-01 -1.005179e-01  5.146876e-01 2.750072e-01
 9.519520e-01 -2.197165e-01  4.639503e-01 2.635252e-01
 9.529530e-01 -3.257526e-01  3.919446e-01 2.597353e-01
 9.539540e-01 -4.136609e-01  3.028113e-01 2.628100e-01
 9.549550e-01 -4.794381e-01  2.014382e-01 2.704382e-01
 9.559560e-01 -5.202289e-01  9.319973e-02 2.793243e-01
 9.569570e-01 -5.344553e-01 -1.632409e-02 2.859089e-01
 9.579580e-01 -5.218795e-01 -1.216324e-01 2.871527e-01
 9.589590e-01 -4.836009e-01 -2.175789e-01 2.812104e-01
 9.599600e-01 -4.219853e-01 -2.996227e-01 2.678454e-01
 9.609610e-01 -3.405316e-01 -3.640444e-01 2.484901e-01
 9.619620e-01 -2.436825e-01 -4.081144e-01 2.259386e-01
 9.629630e-01 -1.365894e-01 -4.302084e-01 2.037359e-01
 9.639640e-01 -2.484309e-02 -4.298626e-01 1.853990e-01
 9.649650e-01  8.581471e-02 -4.077694e-01 1.736400e-01
 9.659660e-01  1.897855e-01 -3.657129e-01 1.697645e-01
 9.669670e-01  2.818975e-01 -3.064504e-01 1.733780e-01
 9.679680e-01  3.576648e-01 -2.335456e-01 1.824677e-01
 9.689690e-01  4.135089e-01 -1.511641e-01 1.938402e-01
 9.699700e-01  4.469307e-01 -6.384285e-02 2.038229e-01
 9.709710e-01  4.566253e-01  2.375550e-02 2.090709e-01
 9.719720e-01  4.425341e-01  1.070882e-01 2.073043e-01
 9.729730e-01  4.058311e-01  1.819663e-01 1.978106e-01
 9.739740e-01  3.488451e-01  2.447650e-01 1.816028e-01
 9.749750e-01  2.749232e-01  2.925984e-01 1.611966e-01
 9.759760e-01  1.882412e-01  3.234522e-01 1.400561e-01
 9.769770e-01  9.357416e-02  3.362666e-01 1.218314e-01
 9.779780e-01 -3.963256e-03  3.309664e-01 1.095544e-01
 9.789790e-01 -9.919053e-02  3.084385e-01 1.049730e-01
 9.799800e-01 -1.871357e-01  2.704584e-01 1.081675e-01
 9.809810e-01 -2.632951e-01  2.195712e-01 1.175358e-01
 9.819820e-01 -3.238657e-01  1.589335e-01 1.301489e-01
 9.829830e-01 -3.659365e-01  9.212710e-02 1.423969e-01
 9.839840e-01 -3.876304e-01  2.295376e-02 1.507842e-01
 9.849850e-01 -3.881888e-01 -4.477641e-02 1.526954e-01
 9.859860e-01 -3.679954e-01 -1.074522e-01 1.469666e-01
 9.869870e-01 -3.285379e-01 -1.618524e-01 1.341334e-01
 9.879880e-01 -2.723115e-01 -2.053105e-01 1.163060e-01
 9.889890e-01 -2.026680e-01 -2.358456e-01 9.669747e-02
 9.899900e-01 -1.236224e-01 -2.522512e-01 7.891316e-02
 9.909910e-01 -3.962490e-02 -2.541400e-01 6.615728e-02
 9.919920e-01  4.468704e-02 -2.419417e-01 6.053272e-02
 9.929930e-01  1.247432e-01 -2.168554e-01 6.258711e-02
 9.939940e-01  1.962879e-01 -1.807601e-01 7.120314e-02
 9.949950e-01  2.556065e-01 -1.360902e-01 8.385521e-02
 9.959960e-01  2.997190e-01 -8.568183e-02 9.717284e-02
 9.969970e-01  3.265304e-01 -3.260093e-02 1.076849e-01
 9.979980e-01  3.349302e-01  2.003711e-02 1.125797e-01
 9.989990e-01  3.248363e-01  6.924651e-02 1.103137e-01
 1.000000e+00  2.971813e-01  1.123381e-01 1.009366e-01
