# x psi_r psi_i psi2 
 0.000000e+00  1.755902e-01  1.896676e-01 6.680569e-02
 1.001001e-03  1.211626e-01  1.949912e-01 5.270193e-02
 2.002002e-03  6.153354e-02  1.883507e-01 3.926235e-02
 3.003003e-03  8.416779e-05  1.705147e-01 2.907529e-02
 4.004004e-03 -5.978486e-02  1.429020e-01 2.399520e-02
 5.005005e-03 -1.148413e-01  1.074811e-01 2.474071e-02
 6.006006e-03 -1.621961e-01  6.664099e-02 3.074861e-02
 7.007007e-03 -1.994556e-01  2.303754e-02 4.031327e-02
 8.008008e-03 -2.248420e-01 -2.057179e-02 5.097711e-02
 9.009009e-03 -2.372774e-01 -6.149673e-02 6.008241e-02
 1.001001e-02 -2.364267e-01 -9.727568e-02 6.536012e-02
 1.101101e-02 -2.226972e-01 -1.258204e-01 6.542480e-02
 1.201201e-02 -1.971974e-01 -1.455356e-01 6.006745e-02
 1.301301e-02 -1.616569e-01 -1.554068e-01 5.028422e-02
 1.401401e-02 -1.183132e-01 -1.550506e-01 3.803872e-02
 1.501502e-02 -6.977313e-02 -1.447273e-01 2.581429e-02
 1.601602e-02 -1.885659e-02 -1.253125e-01 1.605878e-02
 1.701702e-02  3.156713e-02 -9.823223e-02 1.064605e-02
 1.801802e-02  7.874183e-02 -6.536605e-02 1.047300e-02
 1.901902e-02  1.201758e-01 -2.892261e-02 1.527873e-02
 2.002002e-02  1.537737e-01  8.702251e-03 2.372208e-02
 2.102102e-02  1.779425e-01  4.507726e-02 3.369550e-02
 2.202202e-02  1.916653e-01  7.788745e-02 4.280204e-02
 2.302302e-02  1.945399e-01  1.050768e-01 4.888692e-02
 2.402402e-02  1.867816e-01  1.249729e-01 5.050561e-02
 2.502503e-02  1.691899e-01  1.363866e-01 4.722651e-02
 2.602603e-02  1.430831e-01  1.386799e-01 3.970490e-02
 2.702703e-02  1.102056e-01  1.318002e-01 2.951657e-02
 2.802803e-02  7.261322e-02  1.162762e-01 1.879283e-02
 2.902903e-02  3.254501e-02  9.317939e-02 9.741576e-03
 3.003003e-02 -7.710765e-03  6.405113e-02 4.162004e-03
 3.103103e-02 -4.594871e-02  3.080195e-02 3.060044e-03
 3.203203e-02 -8.016847e-02 -4.411405e-03 6.446445e-03
 3.303303e-02 -1.086801e-01 -3.932289e-02 1.335766e-02
 3.403403e-02 -1.301873e-01 -7.169971e-02 2.208957e-02
 3.503504e-02 -1.438436e-01 -9.948146e-02 3.058755e-02
 3.603604e-02 -1.492810e-01 -1.209075e-01 3.690345e-02
 3.703704e-02 -1.466080e-01 -1.346245e-01 3.961766e-02
 3.803804e-02 -1.363802e-01 -1.397682e-01 3.813471e-02
 3.903904e-02 -1.195464e-01 -1.360137e-01 3.279106e-02
 4.004004e-02 -9.737304e-02 -1.235926e-01 2.475663e-02
 4.104104e-02 -7.135419e-02 -1.032752e-01 1.575718e-02
 4.204204e-02 -4.311240e-02 -7.631965e-02 7.683367e-03
 4.304304e-02 -1.429695e-02 -4.439165e-02 2.175021e-03
 4.404404e-02  1.351385e-02 -9.459261e-03 2.721018e-04
 4.504505e-02  3.890072e-02  2.632968e-02 2.206518e-03
 4.604605e-02  6.067658e-02  6.078040e-02 7.375905e-03
 4.704705e-02  7.794133e-02  9.178577e-02 1.449948e-02
 4.804805e-02  9.011547e-02  1.174544e-01 2.191634e-02
 4.904905e-02  9.695181e-02  1.362245e-01 2.795677e-02
 5.005005e-02  9.852563e-02  1.469565e-01 3.130351e-02
 5.105105e-02  9.520528e-02  1.489992e-01 3.126480e-02
 5.205205e-02  8.760608e-02  1.422255e-01 2.790291e-02
 5.305305e-02  7.653185e-02  1.270360e-01 2.199528e-02
 5.405405e-02  6.290844e-02  1.043308e-01 1.484238e-02
 5.505506e-02  4.771437e-02  7.545060e-02 7.969453e-03
 5.605606e-02  3.191340e-02  4.209307e-02 2.790291e-03
 5.705706e-02  1.639362e-02  6.207787e-03 3.072875e-04
 5.805806e-02  1.916770e-03 -3.012221e-02 9.110216e-04
 5.905906e-02 -1.091927e-02 -6.480533e-02 4.318961e-03
 6.006006e-02 -2.170296e-02 -9.586506e-02 9.661128e-03
 6.106106e-02 -3.021601e-02 -1.215548e-01 1.568857e-02
 6.206206e-02 -3.642525e-02 -1.404571e-01 2.105498e-02
 6.306306e-02 -4.046089e-02 -1.515615e-01 2.460798e-02
 6.406406e-02 -4.258409e-02 -1.543173e-01 2.562723e-02
 6.506507e-02 -4.314662e-02 -1.486568e-01 2.396048e-02
 6.606607e-02 -4.254674e-02 -1.349910e-01 2.003278e-02
 6.706707e-02 -4.118468e-02 -1.141755e-01 1.473221e-02
 6.806807e-02 -3.942186e-02 -8.745229e-02 9.201987e-03
 6.906907e-02 -3.754661e-02 -5.636932e-02 4.587249e-03
 7.007007e-02 -3.574945e-02 -2.268416e-02 1.792594e-03
 7.107107e-02 -3.410928e-02  1.174185e-02 1.301314e-03
 7.207207e-02 -3.259169e-02  4.505258e-02 3.091953e-03
 7.307307e-02 -3.105878e-02  7.550267e-02 6.665301e-03
 7.407407e-02 -2.928976e-02  1.015531e-01 1.117092e-02
 7.507508e-02 -2.701001e-02  1.219516e-01 1.560173e-02
 7.607608e-02 -2.392622e-02  1.357934e-01 1.901230e-02
 7.707708e-02 -1.976418e-02  1.425592e-01 2.071376e-02
 7.807808e-02 -1.430621e-02  1.421297e-01 2.040552e-02
 7.907908e-02 -7.424625e-03  1.347753e-01 1.821950e-02
 8.008008e-02  8.915097e-04  1.211239e-01 1.467180e-02
 8.108108e-02  1.051893e-02  1.021097e-01 1.053703e-02
 8.208208e-02  2.119365e-02  7.890517e-02 6.675197e-03
 8.308308e-02  3.251634e-02  5.284417e-02 3.849818e-03
 8.408408e-02  4.396944e-02  2.533830e-02 2.575341e-03
 8.508509e-02  5.494512e-02 -2.205854e-03 3.023832e-03
 8.608609e-02  6.478217e-02 -2.846458e-02 5.006962e-03
 8.708709e-02  7.280943e-02 -5.226508e-02 8.032852e-03
 8.808809e-02  7.839245e-02 -7.264010e-02 1.142196e-02
 8.908909e-02  8.098038e-02 -8.886644e-02 1.445507e-02
 9.009009e-02  8.014923e-02 -1.004861e-01 1.652136e-02
 9.109109e-02  7.563864e-02 -1.073097e-01 1.723657e-02
 9.209209e-02  6.737925e-02 -1.094031e-01 1.650901e-02
 9.309309e-02  5.550840e-02 -1.070599e-01 1.454301e-02
 9.409409e-02  4.037301e-02 -1.007615e-01 1.178286e-02
 9.509510e-02  2.251900e-02 -9.112961e-02 8.811712e-03
 9.609610e-02  2.667748e-03 -7.887453e-02 6.228309e-03
 9.709710e-02 -1.831900e-02 -6.474278e-02 4.527213e-03
 9.809810e-02 -3.948374e-02 -4.946840e-02 4.006089e-03
 9.909910e-02 -5.982453e-02 -3.373078e-02 4.716740e-03
 1.001001e-01 -7.834971e-02 -1.812161e-02 6.467069e-03
 1.011011e-01 -9.413267e-02 -3.122590e-03 8.870711e-03
 1.021021e-01 -1.063633e-01  1.090531e-02 1.143208e-02
 1.031031e-01 -1.143926e-01  2.372144e-02 1.364838e-02
 1.041041e-01 -1.177685e-01  3.519468e-02 1.510809e-02
 1.051051e-01 -1.162596e-01  4.528454e-02 1.556698e-02
 1.061061e-01 -1.098667e-01  5.401612e-02 1.498844e-02
 1.071071e-01 -9.882143e-02  6.145207e-02 1.354203e-02
 1.081081e-01 -8.357147e-02  6.766421e-02 1.156264e-02
 1.091091e-01 -6.475486e-02  7.270778e-02 9.479613e-03
 1.101101e-01 -4.316439e-02  7.660055e-02 7.730809e-03
 1.111111e-01 -1.970489e-02  7.930901e-02 6.678202e-03
 1.121121e-01  4.653813e-03  8.074258e-02 6.541022e-03
 1.131131e-01  2.892534e-02  8.075665e-02 7.358313e-03
 1.141141e-01  5.215366e-02  7.916405e-02 8.986951e-03
 1.151151e-01  7.345578e-02  7.575388e-02 1.113440e-02
 1.161161e-01  9.205797e-02  7.031623e-02 1.341904e-02
 1.171171e-01  1.073239e-01  6.267054e-02 1.544601e-02
 1.181181e-01  1.187735e-01  5.269497e-02 1.688389e-02
 1.191191e-01  1.260924e-01  4.035444e-02 1.752777e-02
 1.201201e-01  1.291323e-01  2.572458e-02 1.733690e-02
 1.211211e-01  1.279027e-01  9.009340e-03 1.644026e-02
 1.221221e-01  1.225562e-01 -9.449483e-03 1.510932e-02
 1.231231e-01  1.133687e-01 -2.917209e-02 1.370347e-02
 1.241241e-01  1.007160e-01 -4.955051e-02 1.259896e-02
 1.251251e-01  8.505026e-02 -6.986808e-02 1.211510e-02
 1.261261e-01  6.687642e-02 -8.932796e-02 1.245194e-02
 1.271271e-01  4.673128e-02 -1.070889e-01 1.365184e-02
 1.281281e-01  2.516609e-02 -1.223063e-01 1.559215e-02
 1.291291e-01  2.733225e-03 -1.341763e-01 1.801075e-02
 1.301301e-01 -2.002280e-02 -1.419800e-01 2.055924e-02
 1.311311e-01 -4.257022e-02 -1.451252e-01 2.287355e-02
 1.321321e-01 -6.439180e-02 -1.431828e-01 2.464763e-02
 1.331331e-01 -8.498431e-02 -1.359167e-01 2.569569e-02
 1.341341e-01 -1.038573e-01 -1.233039e-01 2.599020e-02
 1.351351e-01 -1.205324e-01 -1.055447e-01 2.566774e-02
 1.361361e-01 -1.345445e-01 -8.306174e-02 2.500148e-02
 1.371371e-01 -1.454459e-01 -5.648897e-02 2.434552e-02
 1.381381e-01 -1.528142e-01 -2.664943e-02 2.406237e-02
 1.391391e-01 -1.562644e-01  5.475223e-03 2.444853e-02
 1.401401e-01 -1.554648e-01  3.878271e-02 2.567339e-02
 1.411411e-01 -1.501563e-01  7.209347e-02 2.774438e-02
 1.421421e-01 -1.401741e-01  1.041970e-01 3.050579e-02
 1.431431e-01 -1.254696e-01  1.338992e-01 3.367162e-02
 1.441441e-01 -1.061317e-01  1.600685e-01 3.688587e-02
 1.451451e-01 -8.240522e-02  1.816786e-01 3.979773e-02
 1.461461e-01 -5.470370e-02  1.978464e-01 4.213569e-02
 1.471471e-01 -2.361638e-02  2.078641e-01 4.376522e-02
 1.481481e-01  1.009350e-02  2.112236e-01 4.471729e-02
 1.491491e-01  4.549935e-02  2.076339e-01 4.518204e-02
 1.501502e-01  8.153154e-02  1.970305e-01 4.546840e-02
 1.511512e-01  1.170071e-01  1.795771e-01 4.593859e-02
 1.521522e-01  1.506683e-01  1.556607e-01 4.693120e-02
 1.531532e-01  1.812284e-01  1.258799e-01 4.868948e-02
 1.541542e-01  2.074227e-01  9.102741e-02 5.131017e-02
 1.551552e-01  2.280633e-01  5.206786e-02 5.472392e-02
 1.561562e-01  2.420931e-01  1.011142e-02 5.871132e-02
 1.571572e-01  2.486389e-01 -3.361594e-02 6.295132e-02
 1.581582e-01  2.470577e-01 -7.780510e-02 6.709113e-02
 1.591592e-01  2.369766e-01 -1.210983e-01 7.082272e-02
 1.601602e-01  2.183220e-01 -1.621256e-01 7.394921e-02
 1.611612e-01  1.913371e-01 -1.995417e-01 7.642679e-02
 1.621622e-01  1.565862e-01 -2.320647e-01 7.837323e-02
 1.631632e-01  1.149460e-01 -2.585127e-01 8.004137e-02
 1.641642e-01  6.758305e-02 -2.778418e-01 8.176354e-02
 1.651652e-01  1.591876e-02 -2.891813e-01 8.387921e-02
 1.661662e-01 -3.841710e-02 -2.918663e-01 8.666180e-02
 1.671672e-01 -9.364192e-02 -2.854675e-01 9.026053e-02
 1.681682e-01 -1.478830e-01 -2.698159e-01 9.467000e-02
 1.691692e-01 -1.992447e-01 -2.450208e-01 9.973364e-02
 1.701702e-01 -2.458770e-01 -2.114820e-01 1.051801e-01
 1.711712e-01 -2.860436e-01 -1.698924e-01 1.106844e-01
 1.721722e-01 -3.181856e-01 -1.212320e-01 1.159393e-01
 1.731732e-01 -3.409794e-01 -6.675184e-02 1.207227e-01
 1.741742e-01 -3.533863e-01 -7.947525e-03 1.249450e-01
 1.751752e-01 -3.546924e-01  5.347731e-02 1.286665e-01
 1.761762e-01 -3.445374e-01  1.156571e-01 1.320826e-01
 1.771772e-01 -3.229309e-01  1.766193e-01 1.354788e-01
 1.781782e-01 -2.902571e-01  2.343458e-01 1.391672e-01
 1.791792e-01 -2.472671e-01  2.868402e-01 1.434184e-01
 1.801802e-01 -1.950595e-01  3.321972e-01 1.484032e-01
 1.811812e-01 -1.350497e-01  3.686722e-01 1.541576e-01
 1.821822e-01 -6.893036e-02  3.947487e-01 1.605779e-01
 1.831832e-01  1.378175e-03  4.091995e-01 1.674461e-01
 1.841842e-01  7.378315e-02  4.111406e-01 1.744805e-01
 1.851852e-01  1.460810e-01  4.000737e-01 1.813986e-01
 1.861862e-01  2.160224e-01  3.759166e-01 1.879789e-01
 1.871872e-01  2.813795e-01  3.390191e-01 1.941084e-01
 1.881882e-01  3.400135e-01  2.901640e-01 1.998043e-01
 1.891892e-01  3.899404e-01  2.305519e-01 2.052077e-01
 1.901902e-01  4.293938e-01  1.617711e-01 2.105489e-01
 1.911912e-01  4.568828e-01  8.575320e-02 2.160955e-01
 1.921922e-01  4.712427e-01  4.715283e-03 2.220919e-01
 1.931932e-01  4.716779e-01 -7.890856e-02 2.287066e-01
 1.941942e-01  4.577948e-01 -1.625442e-01 2.359967e-01
 1.951952e-01  4.296243e-01 -2.435600e-01 2.438986e-01
 1.961962e-01  3.876316e-01 -3.193527e-01 2.522444e-01
 1.971972e-01  3.327136e-01 -3.874321e-01 2.608019e-01
 1.981982e-01  2.661832e-01 -4.455032e-01 2.693267e-01
 1.991992e-01  1.897409e-01 -4.915427e-01 2.776158e-01
 2.002002e-01  1.054321e-01 -5.238657e-01 2.855512e-01
 2.012012e-01  1.559477e-02 -5.411832e-01 2.931225e-01
 2.022022e-01 -7.720595e-02 -5.426463e-01 3.004257e-01
 2.032032e-01 -1.702504e-01 -5.278768e-01 3.076392e-01
 2.042042e-01 -2.607448e-01 -4.969842e-01 3.149811e-01
 2.052052e-01 -3.459059e-01 -4.505660e-01 3.226606e-01
 2.062062e-01 -4.230476e-01 -3.896956e-01 3.308319e-01
 2.072072e-01 -4.896663e-01 -3.158936e-01 3.395619e-01
 2.082082e-01 -5.435227e-01 -2.310880e-01 3.488186e-01
 2.092092e-01 -5.827161e-01 -1.375605e-01 3.584810e-01
 2.102102e-01 -6.057507e-01 -3.788388e-02 3.683691e-01
 2.112112e-01 -6.115883e-01  6.515056e-02 3.782849e-01
 2.122122e-01 -5.996890e-01  1.686113e-01 3.880567e-01
 2.132132e-01 -5.700353e-01  2.695098e-01 3.975758e-01
 2.142142e-01 -5.231405e-01  3.648860e-01 4.068178e-01
 2.152152e-01 -4.600408e-01  4.518934e-01 4.158452e-01
 2.162162e-01 -3.822699e-01  5.278820e-01 4.247897e-01
 2.172172e-01 -2.918188e-01  5.904766e-01 4.338208e-01
 2.182182e-01 -1.910807e-01  6.376480e-01 4.431068e-01
 2.192192e-01 -8.278336e-02  6.677754e-01 4.527771e-01
 2.202202e-01  3.008911e-02  6.796981e-01 4.628949e-01
 2.212212e-01  1.443823e-01  6.727546e-01 4.734451e-01
 2.222222e-01  2.568631e-01  6.468084e-01 4.843397e-01
 2.232232e-01  3.643132e-01  6.022585e-01 4.954394e-01
 2.242242e-01  4.636226e-01  5.400357e-01 5.065845e-01
 2.252252e-01  5.518797e-01  4.615829e-01 5.176300e-01
 2.262262e-01  6.264557e-01  3.688203e-01 5.284752e-01
 2.272272e-01  6.850804e-01  2.640973e-01 5.390826e-01
 2.282282e-01  7.259080e-01  1.501305e-01 5.494816e-01
 2.292292e-01  7.475707e-01  2.993079e-02 5.597579e-01
 2.302302e-01  7.492189e-01 -9.327864e-02 5.700298e-01
 2.312312e-01  7.305464e-01 -2.161515e-01 5.804195e-01
 2.322322e-01  6.918021e-01 -3.353117e-01 5.910240e-01
 2.332332e-01  6.337844e-01 -4.474485e-01 6.018928e-01
 2.342342e-01  5.578226e-01 -5.494099e-01 6.130174e-01
 2.352352e-01  4.657430e-01 -6.382925e-01 6.243338e-01
 2.362362e-01  3.598214e-01 -7.115238e-01 6.357376e-01
 2.372372e-01  2.427245e-01 -7.669365e-01 6.471067e-01
 2.382382e-01  1.174397e-01 -8.028299e-01 6.583279e-01
 2.392392e-01 -1.280277e-02 -8.180194e-01 6.693196e-01
 2.402402e-01 -1.446152e-01 -8.118709e-01 6.800480e-01
 2.412412e-01 -2.745415e-01 -7.843197e-01 6.905304e-01
 2.422422e-01 -3.991488e-01 -7.358734e-01 7.008294e-01
 2.432432e-01 -5.151184e-01 -6.675995e-01 7.110360e-01
 2.442442e-01 -6.193339e-01 -5.810974e-01 7.212487e-01
 2.452452e-01 -7.089649e-01 -4.784558e-01 7.315511e-01
 2.462462e-01 -7.815423e-01 -3.621973e-01 7.419953e-01
 2.472472e-01 -8.350253e-01 -2.352118e-01 7.525919e-01
 2.482482e-01 -8.678561e-01 -1.006806e-01 7.633108e-01
 2.492492e-01 -8.790029e-01  3.800748e-02 7.740907e-01
 2.502503e-01 -8.679884e-01  1.773439e-01 7.848547e-01
 2.512513e-01 -8.349034e-01  3.137912e-01 7.955287e-01
 2.522523e-01 -7.804064e-01  4.438744e-01 8.060586e-01
 2.532533e-01 -7.057067e-01  5.642692e-01 8.164216e-01
 2.542543e-01 -6.125340e-01  6.718868e-01 8.266298e-01
 2.552553e-01 -5.030945e-01  7.639518e-01 8.367263e-01
 2.562563e-01 -3.800131e-01  8.380713e-01 8.467735e-01
 2.572573e-01 -2.462670e-01  8.922951e-01 8.568380e-01
 2.582583e-01 -1.051085e-01  9.251633e-01 8.669750e-01
 2.592593e-01  4.001775e-02  9.357424e-01 8.772153e-01
 2.602603e-01  1.855627e-01  9.236471e-01 8.875575e-01
 2.612613e-01  3.279621e-01  8.890497e-01 8.979686e-01
 2.622623e-01  4.637267e-01  8.326742e-01 9.083889e-01
 2.632633e-01  5.895283e-01  7.557780e-01 9.187441e-01
 2.642643e-01  7.022820e-01  6.601197e-01 9.289580e-01
 2.652653e-01  7.992213e-01  5.479150e-01 9.389656e-01
 2.662663e-01  8.779645e-01  4.217816e-01 9.487214e-01
 2.672673e-01  9.365707e-01  2.846743e-01 9.582042e-01
 2.682683e-01  9.735850e-01  1.398121e-01 9.674151e-01
 2.692693e-01  9.880702e-01 -9.400402e-03 9.763711e-01
 2.702703e-01  9.796270e-01 -1.594563e-01 9.850954e-01
 2.712713e-01  9.483999e-01 -3.068309e-01 9.936075e-01
 2.722723e-01  8.950702e-01 -4.480670e-01 1.001915e+00
 2.732733e-01  8.208368e-01 -5.798566e-01 1.010007e+00
 2.742743e-01  7.273847e-01 -6.991199e-01 1.017857e+00
 2.752753e-01  6.168417e-01 -8.030765e-01 1.025425e+00
 2.762763e-01  4.917261e-01 -8.893098e-01 1.032667e+00
 2.772773e-01  3.548854e-01 -9.558216e-01 1.039539e+00
 2.782783e-01  2.094282e-01 -1.001076e+00 1.046013e+00
 2.792793e-01  5.865011e-02 -1.024031e+00 1.052079e+00
 2.802803e-01 -9.404300e-02 -1.024161e+00 1.057750e+00
 2.812813e-01 -2.452141e-01 -1.001462e+00 1.063056e+00
 2.822823e-01 -3.914736e-01 -9.564495e-01 1.068047e+00
 2.832833e-01 -5.295568e-01 -8.901402e-01 1.072780e+00
 2.842843e-01 -6.563961e-01 -8.040252e-01 1.077312e+00
 2.852853e-01 -7.691898e-01 -7.000310e-01 1.081696e+00
 2.862863e-01 -8.654628e-01 -5.804722e-01 1.085974e+00
 2.872873e-01 -9.431190e-01 -4.479949e-01 1.090173e+00
 2.882883e-01 -1.000486e+00 -3.055146e-01 1.094311e+00
 2.892893e-01 -1.036347e+00 -1.561485e-01 1.098397e+00
 2.902903e-01 -1.049965e+00 -3.144080e-03 1.102436e+00
 2.912913e-01 -1.041094e+00  1.501938e-01 1.106434e+00
 2.922923e-01 -1.009978e+00  3.005758e-01 1.110402e+00
 2.932933e-01 -9.573438e-01  4.447998e-01 1.114354e+00
 2.942943e-01 -8.843749e-01  5.798194e-01 1.118309e+00
 2.952953e-01 -7.926843e-01  7.028082e-01 1.122288e+00
 2.962963e-01 -6.842727e-01  8.112179e-01 1.126304e+00
 2.972973e-01 -5.614808e-01  9.028301e-01 1.130363e+00
 2.982983e-01 -4.269346e-01  9.757991e-01 1.134457e+00
 2.992993e-01 -2.834853e-01  1.028688e+00 1.138562e+00
 3.003003e-01 -1.341459e-01  1.060491e+00 1.142637e+00
 3.013013e-01  1.797536e-02  1.070655e+00 1.146626e+00
 3.023023e-01  1.697414e-01  1.059080e+00 1.150462e+00
 3.033033e-01  3.180532e-01  1.026116e+00 1.154071e+00
 3.043043e-01  4.599133e-01  9.725530e-01 1.157380e+00
 3.053053e-01  5.924874e-01  8.995964e-01 1.160315e+00
 3.063063e-01  7.131596e-01  8.088358e-01 1.162812e+00
 3.073073e-01  8.195841e-01  7.022073e-01 1.164813e+00
 3.083083e-01  9.097282e-01  5.819488e-01 1.166270e+00
 3.093093e-01  9.819094e-01  4.505491e-01 1.167141e+00
 3.103103e-01  1.034824e+00  3.106938e-01 1.167391e+00
 3.113113e-01  1.067567e+00  1.652072e-01 1.166994e+00
 3.123123e-01  1.079646e+00  1.699310e-02 1.165925e+00
 3.133133e-01  1.070982e+00 -1.310250e-01 1.164170e+00
 3.143143e-01  1.041904e+00 -2.759629e-01 1.161720e+00
 3.153153e-01  9.931392e-01 -4.150327e-01 1.158578e+00
 3.163163e-01  9.257886e-01 -5.455961e-01 1.154760e+00
 3.173173e-01  8.413007e-01 -6.652146e-01 1.150297e+00
 3.183183e-01  7.414365e-01 -7.716935e-01 1.145239e+00
 3.193193e-01  6.282299e-01 -8.631203e-01 1.139649e+00
 3.203203e-01  5.039435e-01 -9.378974e-01 1.133611e+00
 3.213213e-01  3.710202e-01 -9.947666e-01 1.127216e+00
 3.223223e-01  2.320331e-01 -1.032827e+00 1.120572e+00
 3.233233e-01  8.963351e-02 -1.051547e+00 1.113786e+00
 3.243243e-01 -5.350154e-02 -1.050766e+00 1.106971e+00
 3.253253e-01 -1.947206e-01 -1.030689e+00 1.100236e+00
 3.263263e-01 -3.314478e-01 -9.918788e-01 1.093681e+00
 3.273273e-01 -4.612302e-01 -9.352370e-01 1.087402e+00
 3.283283e-01 -5.817813e-01 -8.619798e-01 1.081479e+00
 3.293293e-01 -6.910208e-01 -7.736098e-01 1.075982e+00
 3.303303e-01 -7.871092e-01 -6.718822e-01 1.070967e+00
 3.313313e-01 -8.684766e-01 -5.587670e-01 1.066472e+00
 3.323323e-01 -9.338465e-01 -4.364089e-01 1.062522e+00
 3.333333e-01 -9.822527e-01 -3.070836e-01 1.059121e+00
 3.343343e-01 -1.013051e+00 -1.731544e-01 1.056254e+00
 3.353353e-01 -1.025922e+00 -3.702661e-02 1.053887e+00
 3.363363e-01 -1.020873e+00  9.889632e-02 1.051962e+00
 3.373373e-01 -9.982276e-01  2.322564e-01 1.050401e+00
 3.383383e-01 -9.586147e-01  3.607821e-01 1.049106e+00
 3.393393e-01 -9.029495e-01  4.823274e-01 1.047958e+00
 3.403403e-01 -8.324114e-01  5.949068e-01 1.046823e+00
 3.413413e-01 -7.484168e-01  6.967268e-01 1.045556e+00
 3.423423e-01 -6.525887e-01  7.862131e-01 1.044003e+00
 3.433433e-01 -5.467239e-01  8.620334e-01 1.042009e+00
 3.443443e-01 -4.327573e-01  9.231143e-01 1.039419e+00
 3.453453e-01 -3.127255e-01  9.686542e-01 1.036088e+00
 3.463463e-01 -1.887290e-01  9.981305e-01 1.031883e+00
 3.473473e-01 -6.289455e-02  1.011302e+00 1.026686e+00
 3.483483e-01  6.266150e-02  1.008204e+00 1.020401e+00
 3.493493e-01  1.858693e-01  9.891447e-01 1.012955e+00
 3.503504e-01  3.047390e-01  9.546900e-01 1.004299e+00
 3.513514e-01  4.173930e-01  9.056480e-01 9.944153e-01
 3.523524e-01  5.220936e-01  8.430499e-01 9.833149e-01
 3.533534e-01  6.172698e-01  7.681263e-01 9.710400e-01
 3.543544e-01  7.015378e-01  6.822821e-01 9.576642e-01
 3.553554e-01  7.737201e-01  5.870686e-01 9.432923e-01
 3.563564e-01  8.328590e-01  4.841536e-01 9.280588e-01
 3.573574e-01  8.782266e-01  3.752919e-01 9.121259e-01
 3.583584e-01  9.093306e-01  2.622934e-01 8.956800e-01
 3.593594e-01  9.259160e-01  1.469930e-01 8.789274e-01
 3.603604e-01  9.279625e-01  3.121999e-02 8.620891e-01
 3.613614e-01  9.156788e-01 -8.323127e-02 8.453952e-01
 3.623624e-01  8.894927e-01 -1.946290e-01 8.290778e-01
 3.633634e-01  8.500382e-01 -3.013299e-01 8.133647e-01
 3.643644e-01  7.981399e-01 -4.018027e-01 7.984727e-01
 3.653654e-01  7.347944e-01 -4.946492e-01 7.846006e-01
 3.663664e-01  6.611499e-01 -5.786224e-01 7.719231e-01
 3.673674e-01  5.784843e-01 -6.526418e-01 7.605854e-01
 3.683684e-01  4.881812e-01 -7.158055e-01 7.506984e-01
 3.693694e-01  3.917060e-01 -7.673986e-01 7.423342e-01
 3.703704e-01  2.905807e-01 -8.068993e-01 7.355236e-01
 3.713714e-01  1.863593e-01 -8.339807e-01 7.302535e-01
 3.723724e-01  8.060316e-02 -8.485103e-01 7.264666e-01
 3.733734e-01 -2.514241e-02 -8.505462e-01 7.240609e-01
 3.743744e-01 -1.293713e-01 -8.403302e-01 7.228918e-01
 3.753754e-01 -2.306376e-01 -8.182789e-01 7.227740e-01
 3.763764e-01 -3.275753e-01 -7.849720e-01 7.234866e-01
 3.773774e-01 -4.189158e-01 -7.411386e-01 7.247769e-01
 3.783784e-01 -5.035040e-01 -6.876419e-01 7.263677e-01
 3.793794e-01 -5.803109e-01 -6.254623e-01 7.279638e-01
 3.803804e-01 -6.484455e-01 -5.556792e-01 7.292608e-01
 3.813814e-01 -7.071622e-01 -4.794523e-01 7.299529e-01
 3.823824e-01 -7.558679e-01 -3.980024e-01 7.297422e-01
 3.833834e-01 -7.941248e-01 -3.125916e-01 7.283477e-01
 3.843844e-01 -8.216518e-01 -2.245040e-01 7.255138e-01
 3.853854e-01 -8.383233e-01 -1.350264e-01 7.210182e-01
 3.863864e-01 -8.441658e-01 -4.543058e-02 7.146799e-01
 3.873874e-01 -8.393522e-01  4.304503e-02 7.063649e-01
 3.883884e-01 -8.241945e-01  1.292110e-01 6.959920e-01
 3.893894e-01 -7.991347e-01  2.119424e-01 6.835358e-01
 3.903904e-01 -7.647342e-01  2.901921e-01 6.690299e-01
 3.913914e-01 -7.216619e-01  3.630027e-01 6.525668e-01
 3.923924e-01 -6.706809e-01  4.295169e-01 6.342977e-01
 3.933934e-01 -6.126354e-01  4.889860e-01 6.144294e-01
 3.943944e-01 -5.484356e-01  5.407761e-01 5.932205e-01
 3.953954e-01 -4.790437e-01  5.843734e-01 5.709752e-01
 3.963964e-01 -4.054584e-01  6.193865e-01 5.480362e-01
 3.973974e-01 -3.287009e-01  6.455480e-01 5.247765e-01
 3.983984e-01 -2.497997e-01  6.627136e-01 5.015891e-01
 3.993994e-01 -1.697773e-01  6.708597e-01 4.788771e-01
 4.004004e-01 -8.963660e-02  6.700801e-01 4.570421e-01
 4.014014e-01 -1.034839e-02  6.605802e-01 4.364732e-01
 4.024024e-01  6.716001e-02  6.426704e-01 4.175358e-01
 4.034034e-01  1.420154e-01  6.167594e-01 4.005605e-01
 4.044044e-01  2.134077e-01  5.833441e-01 3.858332e-01
 4.054054e-01  2.805984e-01  5.430016e-01 3.735862e-01
 4.064064e-01  3.429270e-01  4.963778e-01 3.639899e-01
 4.074074e-01  3.998166e-01  4.441782e-01 3.571476e-01
 4.084084e-01  4.507780e-01  3.871556e-01 3.530903e-01
 4.094094e-01  4.954123e-01  3.261002e-01 3.517748e-01
 4.104104e-01  5.334128e-01  2.618278e-01 3.530830e-01
 4.114114e-01  5.645645e-01  1.951694e-01 3.568241e-01
 4.124124e-01  5.887437e-01  1.269600e-01 3.627380e-01
 4.134134e-01  6.059157e-01  5.802911e-02 3.705013e-01
 4.144144e-01  6.161315e-01 -1.080990e-02 3.797349e-01
 4.154154e-01  6.195236e-01 -7.876801e-02 3.900139e-01
 4.164164e-01  6.163010e-01 -1.450897e-01 4.008780e-01
 4.174174e-01  6.067438e-01 -2.090601e-01 4.118441e-01
 4.184184e-01  5.911961e-01 -2.700121e-01 4.224194e-01
 4.194194e-01  5.700598e-01 -3.273320e-01 4.321144e-01
 4.204204e-01  5.437866e-01 -3.804652e-01 4.404576e-01
 4.214214e-01  5.128708e-01 -4.289192e-01 4.470081e-01
 4.224224e-01  4.778412e-01 -4.722682e-01 4.513695e-01
 4.234234e-01  4.392536e-01 -5.101538e-01 4.532007e-01
 4.244244e-01  3.976822e-01 -5.422879e-01 4.522273e-01
 4.254254e-01  3.537126e-01 -5.684519e-01 4.482502e-01
 4.264264e-01  3.079336e-01 -5.884974e-01 4.411522e-01
 4.274274e-01  2.609305e-01 -6.023440e-01 4.309031e-01
 4.284284e-01  2.132779e-01 -6.099789e-01 4.175617e-01
 4.294294e-01  1.655333e-01 -6.114527e-01 4.012757e-01
 4.304304e-01  1.182311e-01 -6.068780e-01 3.822795e-01
 4.314314e-01  7.187757e-02 -5.964242e-01 3.608882e-01
 4.324324e-01  2.694543e-02 -5.803147e-01 3.374912e-01
 4.334334e-01 -1.612968e-02 -5.588215e-01 3.125416e-01
 4.344344e-01 -5.695333e-02 -5.322611e-01 2.865455e-01
 4.354354e-01 -9.517472e-02 -5.009888e-01 2.600480e-01
 4.364364e-01 -1.304893e-01 -4.653944e-01 2.336194e-01
 4.374374e-01 -1.626402e-01 -4.258959e-01 2.078391e-01
 4.384384e-01 -1.914190e-01 -3.829352e-01 1.832806e-01
 4.394394e-01 -2.166666e-01 -3.369717e-01 1.604943e-01
 4.404404e-01 -2.382724e-01 -2.884784e-01 1.399935e-01
 4.414414e-01 -2.561738e-01 -2.379355e-01 1.222383e-01
 4.424424e-01 -2.703550e-01 -1.858269e-01 1.076235e-01
 4.434434e-01 -2.808446e-01 -1.326342e-01 9.646553e-02
 4.444444e-01 -2.877142e-01 -7.883368e-02 8.899419e-02
 4.454454e-01 -2.910748e-01 -2.489082e-02 8.534407e-02
 4.464464e-01 -2.910747e-01  2.874190e-02 8.555058e-02
 4.474474e-01 -2.878955e-01  8.162988e-02 8.954728e-02
 4.484484e-01 -2.817492e-01  1.333580e-01 9.716696e-02
 4.494494e-01 -2.728735e-01  1.835347e-01 1.081449e-01
 4.504505e-01 -2.615292e-01  2.317927e-01 1.221254e-01
 4.514515e-01 -2.479950e-01  2.777928e-01 1.386704e-01
 4.524525e-01 -2.325642e-01  3.212233e-01 1.572705e-01
 4.534535e-01 -2.155404e-01  3.618032e-01 1.773592e-01
 4.544545e-01 -1.972337e-01  3.992812e-01 1.983266e-01
 4.554555e-01 -1.779563e-01  4.334380e-01 2.195370e-01
 4.564565e-01 -1.580194e-01  4.640849e-01 2.403449e-01
 4.574575e-01 -1.377286e-01  4.910653e-01 2.601143e-01
 4.584585e-01 -1.173818e-01  5.142523e-01 2.782339e-01
 4.594595e-01 -9.726429e-02  5.335509e-01 2.941369e-01
 4.604605e-01 -7.764741e-02  5.488941e-01 3.073138e-01
 4.614615e-01 -5.878416e-02  5.602451e-01 3.173301e-01
 4.624625e-01 -4.090847e-02  5.675929e-01 3.238352e-01
 4.634635e-01 -2.423116e-02  5.709547e-01 3.265764e-01
 4.644645e-01 -8.940058e-03  5.703704e-01 3.254023e-01
 4.654655e-01  4.803670e-03  5.659057e-01 3.202723e-01
 4.664665e-01  1.686446e-02  5.576459e-01 3.112533e-01
 4.674675e-01  2.713576e-02  5.456990e-01 2.985238e-01
 4.684685e-01  3.553789e-02  5.301898e-01 2.823641e-01
 4.694695e-01  4.202131e-02  5.112626e-01 2.631553e-01
 4.704705e-01  4.656327e-02  4.890752e-01 2.413626e-01
 4.714715e-01  4.917117e-02  4.638025e-01 2.175306e-01
 4.724725e-01  4.987774e-02  4.356292e-01 1.922606e-01
 4.734735e-01  4.874495e-02  4.047553e-01 1.662029e-01
 4.744745e-01  4.585725e-02  3.713868e-01 1.400311e-01
 4.754755e-01  4.132662e-02  3.357440e-01 1.144319e-01
 4.764765e-01  3.528334e-02  2.980486e-01 9.007790e-02
 4.774775e-01  2.788317e-02  2.585371e-01 6.761891e-02
 4.784785e-01  1.929421e-02  2.174422e-01 4.765339e-02
 4.794795e-01  9.708657e-03  1.750136e-01 3.072400e-02
 4.804805e-01 -6.778922e-04  1.314891e-01 1.728983e-02
 4.814815e-01 -1.164383e-02  8.713162e-02 7.727498e-03
 4.824825e-01 -2.298094e-02  4.217389e-02 2.306761e-03
 4.834835e-01 -3.443717e-02 -3.093770e-03 1.195490e-03
 4.844845e-01 -4.583807e-02 -4.850153e-02 4.453527e-03
 4.854855e-01 -5.660123e-02 -9.323613e-02 1.189667e-02
 4.864865e-01 -6.425131e-02 -1.331863e-01 2.186682e-02
 4.874875e-01 -6.791495e-02 -1.657886e-01 3.209831e-02
 4.884885e-01 -6.731107e-02 -1.892857e-01 4.035985e-02
 4.894895e-01 -6.235142e-02 -2.023244e-01 4.482288e-02
 4.904905e-01 -5.326083e-02 -2.041737e-01 4.452362e-02
 4.914915e-01 -4.051170e-02 -1.946892e-01 3.954508e-02
 4.924925e-01 -2.483497e-02 -1.743729e-01 3.102270e-02
 4.934935e-01 -7.153678e-03 -1.443112e-01 2.087688e-02
 4.944945e-01  1.145276e-02 -1.061446e-01 1.139783e-02
 4.954955e-01  2.982878e-02 -6.195603e-02 4.728306e-03
 4.964965e-01  4.680173e-02 -1.417782e-02 2.391412e-03
 4.974975e-01  6.126628e-02  3.455994e-02 4.947946e-03
 4.984985e-01  7.224600e-02  8.155598e-02 1.187086e-02
 4.994995e-01  7.896626e-02  1.242036e-01 2.166219e-02
 5.005005e-01  8.089882e-02  1.601176e-01 3.218226e-02
 5.015015e-01  7.780820e-02  1.872844e-01 4.112957e-02
 5.025025e-01  6.976458e-02  2.041563e-01 4.654690e-02
 5.035035e-01  5.715393e-02  2.097583e-01 4.726510e-02
 5.045045e-01  4.065204e-02  2.037232e-01 4.315574e-02
 5.055055e-01  2.119754e-02  1.863388e-01 3.517149e-02
 5.065065e-01 -7.103477e-05  1.585078e-01 2.512474e-02
 5.075075e-01 -2.187067e-02  1.217325e-01 1.529713e-02
 5.085085e-01 -4.286361e-02  7.799799e-02 7.920976e-03
 5.095095e-01 -6.172368e-02  2.970982e-02 4.692486e-03
 5.105105e-01 -7.723798e-02 -2.049268e-02 6.385656e-03
 5.115115e-01 -8.835975e-02 -6.980777e-02 1.268057e-02
 5.125125e-01 -9.430987e-02 -1.155255e-01 2.224048e-02
 5.135135e-01 -9.458260e-02 -1.550311e-01 3.298050e-02
 5.145145e-01 -8.905969e-02 -1.861895e-01 4.259815e-02
 5.155155e-01 -7.787642e-02 -2.069944e-01 4.891143e-02
 5.165165e-01 -6.199426e-02 -2.175908e-01 5.118906e-02
 5.175175e-01 -4.457517e-02 -2.258011e-01 5.297309e-02
 5.185185e-01 -2.618594e-02 -2.328207e-01 5.489116e-02
 5.195195e-01 -6.846831e-03 -2.383097e-01 5.683839e-02
 5.205205e-01  1.329804e-02 -2.422513e-01 5.886251e-02
 5.215215e-01  3.414324e-02 -2.444866e-01 6.093946e-02
 5.225225e-01  5.554076e-02 -2.449534e-01 6.308696e-02
 5.235235e-01  7.735038e-02 -2.435418e-01 6.529569e-02
 5.245245e-01  9.940648e-02 -2.401946e-01 6.757508e-02
 5.255255e-01  1.215434e-01 -2.348367e-01 6.992109e-02
 5.265265e-01  1.435777e-01 -2.274316e-01 7.233971e-02
 5.275275e-01  1.653241e-01 -2.179390e-01 7.482944e-02
 5.285285e-01  1.865845e-01 -2.063509e-01 7.739448e-02
 5.295295e-01  2.071598e-01 -1.926645e-01 8.003478e-02
 5.305305e-01  2.268425e-01 -1.769067e-01 8.275353e-02
 5.315315e-01  2.454263e-01 -1.591148e-01 8.555158e-02
 5.325325e-01  2.627008e-01 -1.393549e-01 8.843149e-02
 5.335335e-01  2.784598e-01 -1.177068e-01 9.139473e-02
 5.345345e-01  2.924980e-01 -9.427830e-02 9.444346e-02
 5.355355e-01  3.046176e-01 -6.919319e-02 9.757959e-02
 5.365365e-01  3.146269e-01 -4.260207e-02 1.008050e-01
 5.375375e-01  3.223456e-01 -1.467233e-02 1.041220e-01
 5.385385e-01  3.276045e-01  1.440337e-02 1.075321e-01
 5.395395e-01  3.302503e-01  4.441597e-02 1.110381e-01
 5.405405e-01  3.301458e-01  7.513353e-02 1.146413e-01
 5.415415e-01  3.271742e-01  1.063093e-01 1.183446e-01
 5.425425e-01  3.212391e-01  1.376767e-01 1.221494e-01
 5.435435e-01  3.122691e-01  1.689575e-01 1.260586e-01
 5.445445e-01  3.002177e-01  1.998576e-01 1.300737e-01
 5.455455e-01  2.850669e-01  2.300750e-01 1.341976e-01
 5.465465e-01  2.668274e-01  2.592973e-01 1.384319e-01
 5.475475e-01  2.455415e-01  2.872089e-01 1.427796e-01
 5.485485e-01  2.212828e-01  3.134901e-01 1.472421e-01
 5.495495e-01  1.941590e-01  3.378238e-01 1.518227e-01
 5.505506e-01  1.643107e-01  3.598956e-01 1.565229e-01
 5.515516e-01  1.319133e-01  3.794003e-01 1.613457e-01
 5.525526e-01  9.717552e-02  3.960428e-01 1.662929e-01
 5.535536e-01  6.034055e-02  4.095444e-01 1.713676e-01
 5.545546e-01  2.168377e-02  4.196444e-01 1.765716e-01
 5.555556e-01 -1.848728e-02  4.261057e-01 1.819079e-01
 5.565566e-01 -5.983552e-02  4.287167e-01 1.873783e-01
 5.575576e-01 -1.019955e-01  4.272972e-01 1.929860e-01
 5.585586e-01 -1.445768e-01  4.216995e-01 1.987329e-01
 5.595596e-01 -1.871663e-01  4.118140e-01 2.046220e-01
 5.605606e-01 -2.293318e-01  3.975705e-01 2.106554e-01
 5.615616e-01 -2.706259e-01  3.789427e-01 2.168359e-01
 5.625626e-01 -3.105902e-01  3.559491e-01 2.231660e-01
 5.635636e-01 -3.487595e-01  3.286567e-01 2.296484e-01
 5.645646e-01 -3.846672e-01  2.971812e-01 2.362855e-01
 5.655656e-01 -4.178500e-01  2.616895e-01 2.430801e-01
 5.665666e-01 -4.478538e-01  2.223994e-01 2.500345e-01
 5.675676e-01 -4.742389e-01  1.795804e-01 2.571516e-01
 5.685686e-01 -4.965860e-01  1.335526e-01 2.644339e-01
 5.695696e-01 -5.145019e-01  8.468639e-02 2.718840e-01
 5.705706e-01 -5.276258e-01  3.339943e-02 2.795045e-01
 5.715716e-01 -5.356344e-01 -1.984436e-02 2.872980e-01
 5.725726e-01 -5.382482e-01 -7.453938e-02 2.952673e-01
 5.735736e-01 -5.352364e-01 -1.301409e-01 3.034147e-01
 5.745746e-01 -5.264226e-01 -1.860709e-01 3.117431e-01
 5.755756e-01 -5.116889e-01 -2.417219e-01 3.202550e-01
 5.765766e-01 -4.909808e-01 -2.964641e-01 3.289531e-01
 5.775776e-01 -4.643104e-01 -3.496508e-01 3.378399e-01
 5.785786e-01 -4.317601e-01 -4.006262e-01 3.469182e-01
 5.795796e-01 -3.934843e-01 -4.487320e-01 3.561903e-01
 5.805806e-01 -3.497114e-01 -4.933163e-01 3.656591e-01
 5.815816e-01 -3.007446e-01 -5.337411e-01 3.753268e-01
 5.825826e-01 -2.469613e-01 -5.693913e-01 3.851963e-01
 5.835836e-01 -1.888125e-01 -5.996829e-01 3.952697e-01
 5.845846e-01 -1.268206e-01 -6.240725e-01 4.055499e-01
 5.855856e-01 -6.157555e-02 -6.420650e-01 4.160390e-01
 5.865866e-01  6.268286e-03 -6.532231e-01 4.267397e-01
 5.875876e-01  7.599829e-02 -6.571746e-01 4.376542e-01
 5.885886e-01  1.468493e-01 -6.536211e-01 4.487852e-01
 5.895896e-01  2.180115e-01 -6.423441e-01 4.601349e-01
 5.905906e-01  2.886379e-01 -6.232126e-01 4.717057e-01
 5.915916e-01  3.578545e-01 -5.961880e-01 4.834999e-01
 5.925926e-01  4.247697e-01 -5.613294e-01 4.955199e-01
 5.935936e-01  4.884851e-01 -5.187968e-01 5.077678e-01
 5.945946e-01  5.481073e-01 -4.688541e-01 5.202458e-01
 5.955956e-01  6.027597e-01 -4.118698e-01 5.329560e-01
 5.965966e-01  6.515946e-01 -3.483175e-01 5.459005e-01
 5.975976e-01  6.938059e-01 -2.787733e-01 5.590812e-01
 5.985986e-01  7.286419e-01 -2.039143e-01 5.725001e-01
 5.995996e-01  7.554177e-01 -1.245122e-01 5.861591e-01
 6.006006e-01  7.735268e-01 -4.142871e-02 6.000601e-01
 6.016016e-01  7.824539e-01  4.439328e-02 6.142049e-01
 6.026026e-01  7.817849e-01  1.319382e-01 6.285953e-01
 6.036036e-01  7.712175e-01  2.201290e-01 6.432332e-01
 6.046046e-01  7.505699e-01  3.078388e-01 6.581200e-01
 6.056056e-01  7.197891e-01  3.939049e-01 6.732575e-01
 6.066066e-01  6.789566e-01  4.771425e-01 6.886470e-01
 6.076076e-01  6.282931e-01  5.563612e-01 7.042901e-01
 6.086086e-01  5.681620e-01  6.303806e-01 7.201878e-01
 6.096096e-01  4.990697e-01  6.980480e-01 7.363416e-01
 6.106106e-01  4.216646e-01  7.582553e-01 7.527522e-01
 6.116116e-01  3.367343e-01  8.099573e-01 7.694208e-01
 6.126126e-01  2.451998e-01  8.521885e-01 7.863482e-01
 6.136136e-01  1.481081e-01  8.840811e-01 8.035354e-01
 6.146146e-01  4.662226e-02  9.048809e-01 8.209831e-01
 6.156156e-01 -5.799058e-02  9.139635e-01 8.386922e-01
 6.166166e-01 -1.643734e-01  9.108482e-01 8.566631e-01
 6.176176e-01 -2.710954e-01  8.952117e-01 8.748968e-01
 6.186186e-01 -3.766701e-01  8.668985e-01 8.933934e-01
 6.196196e-01 -4.795749e-01  8.259306e-01 9.121535e-01
 6.206206e-01 -5.782723e-01  7.725141e-01 9.311770e-01
 6.216216e-01 -6.712325e-01  7.070438e-01 9.504639e-01
 6.226226e-01 -7.569561e-01  6.301044e-01 9.700140e-01
 6.236236e-01 -8.339983e-01  5.424701e-01 9.898270e-01
 6.246246e-01 -9.009931e-01  4.450997e-01 1.009902e+00
 6.256256e-01 -9.566768e-01  3.391295e-01 1.030239e+00
 6.266266e-01 -9.999116e-01  2.258633e-01 1.050837e+00
 6.276276e-01 -1.029708e+00  1.067586e-01 1.071696e+00
 6.286286e-01 -1.045246e+00 -1.658976e-02 1.092814e+00
 6.296296e-01 -1.045894e+00 -1.424690e-01 1.114191e+00
 6.306306e-01 -1.031226e+00 -2.690706e-01 1.135826e+00
 6.316316e-01 -1.001037e+00 -3.945147e-01 1.157718e+00
 6.326326e-01 -9.553550e-01 -5.168771e-01 1.179865e+00
 6.336336e-01 -8.944461e-01 -6.342181e-01 1.202266e+00
 6.346346e-01 -8.188238e-01 -7.446125e-01 1.224920e+00
 6.356356e-01 -7.292473e-01 -8.461809e-01 1.247824e+00
 6.366366e-01 -6.267198e-01 -9.371219e-01 1.270975e+00
 6.376376e-01 -5.124809e-01 -1.015744e+00 1.294372e+00
 6.386386e-01 -3.879957e-01 -1.080496e+00 1.318011e+00
 6.396396e-01 -2.549388e-01 -1.129999e+00 1.341891e+00
 6.406406e-01 -1.151756e-01 -1.163074e+00 1.366007e+00
 6.416416e-01  2.926244e-02 -1.178771e+00 1.390358e+00
 6.426426e-01  1.762043e-01 -1.176390e+00 1.414942e+00
 6.436436e-01  3.233710e-01 -1.155502e+00 1.439754e+00
 6.446446e-01  4.684092e-01 -1.115968e+00 1.464793e+00
 6.456456e-01  6.089281e-01 -1.057951e+00 1.490055e+00
 6.466466e-01  7.425383e-01 -9.819232e-01 1.515536e+00
 6.476476e-01  8.668921e-01 -8.886684e-01 1.541233e+00
 6.486486e-01  9.797250e-01 -7.792823e-01 1.567142e+00
 6.496496e-01  1.078897e+00 -6.551627e-01 1.593257e+00
 6.506507e-01  1.162434e+00 -5.179968e-01 1.619574e+00
 6.516517e-01  1.228568e+00 -3.697420e-01 1.646087e+00
 6.526527e-01  1.275771e+00 -2.126017e-01 1.672792e+00
 6.536537e-01  1.302798e+00 -4.899558e-02 1.699683e+00
 6.546547e-01  1.308709e+00  1.184757e-01 1.726756e+00
 6.556557e-01  1.292902e+00  2.870694e-01 1.754005e+00
 6.566567e-01  1.255134e+00  4.539444e-01 1.781427e+00
 6.576577e-01  1.195535e+00  6.162081e-01 1.809016e+00
 6.586587e-01  1.114620e+00  7.709662e-01 1.836767e+00
 6.596597e-01  1.013294e+00  9.153742e-01 1.864675e+00
 6.606607e-01  8.928458e-01  1.046690e+00 1.892733e+00
 6.616617e-01  7.549387e-01  1.162327e+00 1.920936e+00
 6.626627e-01  6.015931e-01  1.259905e+00 1.949274e+00
 6.636637e-01  4.351606e-01  1.337302e+00 1.977742e+00
 6.646647e-01  2.582924e-01  1.392701e+00 2.006331e+00
 6.656657e-01  7.389971e-02  1.424630e+00 2.035032e+00
 6.666667e-01 -1.148911e-01  1.432005e+00 2.063840e+00
 6.676677e-01 -3.047899e-01  1.414160e+00 2.092745e+00
 6.686687e-01 -4.923986e-01  1.370870e+00 2.121742e+00
 6.696697e-01 -6.742710e-01  1.302376e+00 2.150823e+00
 6.706707e-01 -8.469767e-01  1.209386e+00 2.179984e+00
 6.716717e-01 -1.007165e+00  1.093085e+00 2.209216e+00
 6.726727e-01 -1.151633e+00  9.551204e-01 2.238514e+00
 6.736737e-01 -1.277388e+00  7.975891e-01 2.267869e+00
 6.746747e-01 -1.381713e+00  6.230086e-01 2.297271e+00
 6.756757e-01 -1.462228e+00  4.342827e-01 2.326713e+00
 6.766767e-01 -1.516944e+00  2.346567e-01 2.356182e+00
 6.776777e-01 -1.544313e+00  2.766462e-02 2.385669e+00
 6.786787e-01 -1.543275e+00 -1.829305e-01 2.415161e+00
 6.796797e-01 -1.513288e+00 -3.932036e-01 2.444650e+00
 6.806807e-01 -1.454358e+00 -5.991402e-01 2.474126e+00
 6.816817e-01 -1.367051e+00 -7.967120e-01 2.503580e+00
 6.826827e-01 -1.252503e+00 -9.819571e-01 2.533004e+00
 6.836837e-01 -1.112408e+00 -1.151060e+00 2.562391e+00
 6.846847e-01 -9.490048e-01 -1.300433e+00 2.591735e+00
 6.856857e-01 -7.650445e-01 -1.426792e+00 2.621027e+00
 6.866867e-01 -5.637514e-01 -1.527234e+00 2.650259e+00
 6.876877e-01 -3.487701e-01 -1.599306e+00 2.679421e+00
 6.886887e-01 -1.241028e-01 -1.641067e+00 2.708501e+00
 6.896897e-01  1.059616e-01 -1.651139e+00 2.737487e+00
 6.906907e-01  3.369285e-01 -1.628755e+00 2.766364e+00
 6.916917e-01  5.641839e-01 -1.573790e+00 2.795118e+00
 6.926927e-01  7.830869e-01 -1.486779e+00 2.823738e+00
 6.936937e-01  9.890650e-01 -1.368927e+00 2.852211e+00
 6.946947e-01  1.177711e+00 -1.222098e+00 2.880527e+00
 6.956957e-01  1.344882e+00 -1.048795e+00 2.908679e+00
 6.966967e-01  1.486788e+00 -8.521270e-01 2.936660e+00
 6.976977e-01  1.600088e+00 -6.357535e-01 2.964463e+00
 6.986987e-01  1.681965e+00 -4.038254e-01 2.992083e+00
 6.996997e-01  1.730208e+00 -1.609076e-01 3.019511e+00
 7.007007e-01  1.743266e+00  8.810771e-02 3.046738e+00
 7.017017e-01  1.720303e+00  3.380985e-01 3.073752e+00
 7.027027e-01  1.661233e+00  5.838170e-01 3.100538e+00
 7.037037e-01  1.566741e+00  8.200007e-01 3.127079e+00
 7.047047e-01  1.438286e+00  1.041486e+00 3.153360e+00
 7.057057e-01  1.278088e+00  1.243324e+00 3.179364e+00
 7.067067e-01  1.089098e+00  1.420895e+00 3.205077e+00
 7.077077e-01  8.749530e-01  1.570015e+00 3.230489e+00
 7.087087e-01  6.399085e-01  1.687041e+00 3.255592e+00
 7.097097e-01  3.887607e-01  1.768967e+00 3.280381e+00
 7.107107e-01  1.267517e-01  1.813502e+00 3.304854e+00
 7.117117e-01 -1.405372e-01  1.819136e+00 3.329008e+00
 7.127127e-01 -4.073035e-01  1.785201e+00 3.352839e+00
 7.137137e-01 -6.676490e-01  1.711895e+00 3.376341e+00
 7.147147e-01 -9.157120e-01  1.600304e+00 3.399502e+00
 7.157157e-01 -1.145801e+00  1.452393e+00 3.422306e+00
 7.167167e-01 -1.352529e+00  1.270985e+00 3.444737e+00
 7.177177e-01 -1.530944e+00  1.059710e+00 3.466773e+00
 7.187187e-01 -1.676651e+00  8.229438e-01 3.488396e+00
 7.197197e-01 -1.785930e+00  5.657207e-01 3.509588e+00
 7.207207e-01 -1.855833e+00  2.936310e-01 3.530337e+00
 7.217217e-01 -1.884271e+00  1.270286e-02 3.550637e+00
 7.227227e-01 -1.870078e+00 -2.707295e-01 3.570488e+00
 7.237237e-01 -1.813065e+00 -5.501684e-01 3.589891e+00
 7.247247e-01 -1.714037e+00 -8.191026e-01 3.608852e+00
 7.257257e-01 -1.574798e+00 -1.071161e+00 3.627375e+00
 7.267267e-01 -1.398127e+00 -1.300268e+00 3.645458e+00
 7.277277e-01 -1.187734e+00 -1.500794e+00 3.663094e+00
 7.287287e-01 -9.481861e-01 -1.667697e+00 3.680271e+00
 7.297297e-01 -6.848149e-01 -1.796663e+00 3.696969e+00
 7.307307e-01 -4.036047e-01 -1.884215e+00 3.713162e+00
 7.317317e-01 -1.110583e-01 -1.927821e+00 3.728826e+00
 7.327327e-01  1.859512e-01 -1.925971e+00 3.743941e+00
 7.337337e-01  4.803416e-01 -1.878234e+00 3.758490e+00
 7.347347e-01  7.649913e-01 -1.785289e+00 3.772467e+00
 7.357357e-01  1.032914e+00 -1.648929e+00 3.785877e+00
 7.367367e-01  1.277434e+00 -1.472037e+00 3.798730e+00
 7.377377e-01  1.492358e+00 -1.258535e+00 3.811043e+00
 7.387387e-01  1.672139e+00 -1.013303e+00 3.822831e+00
 7.397397e-01  1.812024e+00 -7.420758e-01 3.834106e+00
 7.407407e-01  1.908189e+00 -4.513137e-01 3.844870e+00
 7.417417e-01  1.957854e+00 -1.480500e-01 3.855112e+00
 7.427427e-01  1.959368e+00  1.602756e-01 3.864812e+00
 7.437437e-01  1.912272e+00  4.659999e-01 3.873940e+00
 7.447447e-01  1.817330e+00  7.614284e-01 3.882463e+00
 7.457457e-01  1.676533e+00  1.039032e+00 3.890351e+00
 7.467467e-01  1.493064e+00  1.291643e+00 3.897582e+00
 7.477477e-01  1.271237e+00  1.512648e+00 3.904148e+00
 7.487487e-01  1.016407e+00  1.696164e+00 3.910055e+00
 7.497497e-01  7.348397e-01  1.837209e+00 3.915327e+00
 7.507508e-01  4.335710e-01  1.931841e+00 3.919995e+00
 7.517518e-01  1.202282e-01  1.977280e+00 3.924093e+00
 7.527528e-01 -1.971590e-01  1.971999e+00 3.927651e+00
 7.537538e-01 -5.103654e-01  1.915780e+00 3.930685e+00
 7.547548e-01 -8.111853e-01  1.809744e+00 3.933196e+00
 7.557558e-01 -1.091652e+00  1.656338e+00 3.935161e+00
 7.567568e-01 -1.344253e+00  1.459290e+00 3.936545e+00
 7.577578e-01 -1.562141e+00  1.223526e+00 3.937300e+00
 7.587588e-01 -1.739325e+00  9.550544e-01 3.937382e+00
 7.597598e-01 -1.870846e+00  6.608232e-01 3.936754e+00
 7.607608e-01 -1.952926e+00  3.485395e-01 3.935400e+00
 7.617618e-01 -1.983086e+00  2.647287e-02 3.933329e+00
 7.627628e-01 -1.960231e+00 -2.967632e-01 3.930574e+00
 7.637638e-01 -1.884701e+00 -6.124427e-01 3.927186e+00
 7.647648e-01 -1.758279e+00 -9.119658e-01 3.923227e+00
 7.657658e-01 -1.584157e+00 -1.187098e+00 3.918754e+00
 7.667668e-01 -1.366869e+00 -1.430202e+00 3.913807e+00
 7.677678e-01 -1.112181e+00 -1.634459e+00 3.908402e+00
 7.687688e-01 -8.269414e-01 -1.794070e+00 3.902521e+00
 7.697698e-01 -5.189073e-01 -1.904430e+00 3.896117e+00
 7.707708e-01 -1.965320e-01 -1.962269e+00 3.889126e+00
 7.717718e-01  1.312634e-01 -1.965768e+00 3.881476e+00
 7.727728e-01  4.553374e-01 -1.914621e+00 3.873106e+00
 7.737738e-01  7.665863e-01 -1.810063e+00 3.863981e+00
 7.747748e-01  1.056204e+00 -1.654853e+00 3.854105e+00
 7.757758e-01  1.315937e+00 -1.453214e+00 3.843520e+00
 7.767768e-01  1.538327e+00 -1.210723e+00 3.832302e+00
 7.777778e-01  1.716938e+00 -9.341689e-01 3.820547e+00
 7.787788e-01  1.846546e+00 -6.313651e-01 3.808353e+00
 7.797798e-01  1.923309e+00 -3.109353e-01 3.795798e+00
 7.807808e-01  1.944891e+00  1.793185e-02 3.782921e+00
 7.817818e-01  1.910543e+00  3.457456e-01 3.769715e+00
 7.827828e-01  1.821144e+00  6.629900e-01 3.756123e+00
 7.837838e-01  1.679189e+00  9.604045e-01 3.742053e+00
 7.847848e-01  1.488729e+00  1.229261e+00 3.727396e+00
 7.857858e-01  1.255267e+00  1.461627e+00 3.712049e+00
 7.867868e-01  9.856082e-01  1.650612e+00 3.695944e+00
 7.877878e-01  6.876667e-01  1.790581e+00 3.679066e+00
 7.887888e-01  3.702394e-01  1.877334e+00 3.661461e+00
 7.897898e-01  4.274851e-02  1.908246e+00 3.643231e+00
 7.907908e-01 -2.850373e-01  1.882358e+00 3.624520e+00
 7.917918e-01 -6.032964e-01  1.800420e+00 3.605478e+00
 7.927928e-01 -9.024519e-01  1.664878e+00 3.586240e+00
 7.937938e-01 -1.173467e+00  1.479818e+00 3.566885e+00
 7.947948e-01 -1.408124e+00  1.250846e+00 3.547427e+00
 7.957958e-01 -1.599286e+00  9.849291e-01 3.527801e+00
 7.967968e-01 -1.741124e+00  6.901917e-01 3.507879e+00
 7.977978e-01 -1.829309e+00  3.756683e-01 3.487497e+00
 7.987988e-01 -1.861152e+00  5.103101e-02 3.466492e+00
 7.997998e-01 -1.835708e+00 -2.737081e-01 3.444739e+00
 8.008008e-01 -1.753809e+00 -5.885078e-01 3.422186e+00
 8.018018e-01 -1.618055e+00 -8.836122e-01 3.398872e+00
 8.028028e-01 -1.432742e+00 -1.149859e+00 3.374927e+00
 8.038038e-01 -1.203737e+00 -1.378972e+00 3.350546e+00
 8.048048e-01 -9.382971e-01 -1.563827e+00 3.325958e+00
 8.058058e-01 -6.448515e-01 -1.698687e+00 3.301371e+00
 8.068068e-01 -3.327345e-01 -1.779388e+00 3.276933e+00
 8.078078e-01 -1.189172e-02 -1.803482e+00 3.252690e+00
 8.088088e-01  3.074380e-01 -1.770327e+00 3.228577e+00
 8.098098e-01  6.150518e-01 -1.681112e+00 3.204426e+00
 8.108108e-01  9.011148e-01 -1.538828e+00 3.180001e+00
 8.118118e-01  1.156481e+00 -1.348184e+00 3.155049e+00
 8.128128e-01  1.372997e+00 -1.115455e+00 3.129361e+00
 8.138138e-01  1.543770e+00 -8.482897e-01 3.102822e+00
 8.148148e-01  1.663402e+00 -5.554644e-01 3.075447e+00
 8.158158e-01  1.728171e+00 -2.465985e-01 3.047385e+00
 8.168168e-01  1.736160e+00  6.815822e-02 3.018897e+00
 8.178178e-01  1.687327e+00  3.784592e-01 2.990305e+00
 8.188188e-01  1.583512e+00  6.741041e-01 2.961926e+00
 8.198198e-01  1.428376e+00  9.453792e-01 2.934000e+00
 8.208208e-01  1.227289e+00  1.183384e+00 2.906634e+00
 8.218218e-01  9.871470e-01  1.380332e+00 2.879775e+00
 8.228228e-01  7.161482e-01  1.529818e+00 2.853211e+00
 8.238238e-01  4.235143e-01  1.627038e+00 2.826617e+00
 8.248248e-01  1.191814e-01  1.668958e+00 2.799625e+00
 8.258258e-01 -1.865372e-01  1.654421e+00 2.771903e+00
 8.268268e-01 -4.833017e-01  1.584190e+00 2.743240e+00
 8.278278e-01 -7.610996e-01  1.460933e+00 2.713598e+00
 8.288288e-01 -1.010589e+00  1.289126e+00 2.683136e+00
 8.298298e-01 -1.223419e+00  1.074910e+00 2.652185e+00
 8.308308e-01 -1.392520e+00  8.258755e-01 2.621183e+00
 8.318318e-01 -1.512350e+00  5.508037e-01 2.590587e+00
 8.328328e-01 -1.579082e+00  2.593603e-01 2.560767e+00
 8.338338e-01 -1.590743e+00 -3.824295e-02 2.531925e+00
 8.348348e-01 -1.547281e+00 -3.316062e-01 2.504040e+00
 8.358358e-01 -1.450566e+00 -6.105090e-01 2.476864e+00
 8.368368e-01 -1.304328e+00 -8.652727e-01 2.449969e+00
 8.378378e-01 -1.114021e+00 -1.087104e+00 2.422838e+00
 8.388388e-01 -8.866317e-01 -1.268409e+00 2.394977e+00
 8.398398e-01 -6.304335e-01 -1.403064e+00 2.366035e+00
 8.408408e-01 -3.546903e-01 -1.486635e+00 2.335890e+00
 8.418418e-01 -6.932600e-02 -1.516536e+00 2.304688e+00
 8.428428e-01  2.154303e-01 -1.492119e+00 2.272830e+00
 8.438438e-01  4.894119e-01 -1.414696e+00 2.240889e+00
 8.448448e-01  7.428803e-01 -1.287488e+00 2.209496e+00
 8.458458e-01  9.668771e-01 -1.115503e+00 2.179197e+00
 8.468468e-01  1.153548e+00 -9.053490e-01 2.150330e+00
 8.478478e-01  1.296428e+00 -6.649906e-01 2.122938e+00
 8.488488e-01  1.390676e+00 -4.034486e-01 2.096749e+00
 8.498498e-01  1.433250e+00 -1.304667e-01 2.071226e+00
 8.508509e-01  1.423018e+00  1.438515e-01 2.045673e+00
 8.518519e-01  1.360799e+00  4.094181e-01 2.019396e+00
 8.528529e-01  1.249326e+00  6.565355e-01 1.991854e+00
 8.538539e-01  1.093146e+00  8.762568e-01 1.962793e+00
 8.548549e-01  8.984445e-01  1.060716e+00 1.932321e+00
 8.558559e-01  6.728145e-01  1.203419e+00 1.900897e+00
 8.568569e-01  4.249648e-01  1.299480e+00 1.869243e+00
 8.578579e-01  1.643915e-01  1.345798e+00 1.838197e+00
 8.588589e-01 -9.898401e-02  1.341167e+00 1.808528e+00
 8.598599e-01 -3.551931e-01  1.286311e+00 1.780759e+00
 8.608609e-01 -5.946006e-01  1.183845e+00 1.755038e+00
 8.618619e-01 -8.082731e-01  1.038167e+00 1.731097e+00
 8.628629e-01 -9.883203e-01  8.552835e-01 1.708287e+00
 8.638639e-01 -1.128197e+00  6.425656e-01 1.685718e+00
 8.648649e-01 -1.222950e+00  4.084636e-01 1.662450e+00
 8.658659e-01 -1.269410e+00  1.621748e-01 1.637703e+00
 8.668669e-01 -1.266303e+00 -8.671491e-02 1.611043e+00
 8.678679e-01 -1.214297e+00 -3.286028e-01 1.582497e+00
 8.688689e-01 -1.115965e+00 -5.542412e-01 1.552561e+00
 8.698699e-01 -9.756773e-01 -7.550937e-01 1.522113e+00
 8.708709e-01 -7.994185e-01 -9.236631e-01 1.492223e+00
 8.718719e-01 -5.945429e-01 -1.053777e+00 1.463927e+00
 8.728729e-01 -3.694741e-01 -1.140822e+00 1.437986e+00
 8.738739e-01 -1.333626e-01 -1.181913e+00 1.414705e+00
 8.748749e-01  1.042856e-01 -1.176000e+00 1.393851e+00
 8.758759e-01  3.339926e-01 -1.123891e+00 1.374683e+00
 8.768769e-01  5.466918e-01 -1.028218e+00 1.356105e+00
 8.778779e-01  7.340912e-01 -8.933138e-01 1.336899e+00
 8.788789e-01  8.890049e-01 -7.250310e-01 1.316000e+00
 8.798799e-01  1.005637e+00 -5.305009e-01 1.292737e+00
 8.808809e-01  1.079809e+00 -3.178384e-01 1.267009e+00
 8.818819e-01  1.109116e+00 -9.581035e-02 1.239318e+00
 8.828829e-01  1.093012e+00  1.265219e-01 1.210684e+00
 8.838839e-01  1.032817e+00  3.401706e-01 1.182428e+00
 8.848849e-01  9.316448e-01  5.365856e-01 1.155886e+00
 8.858859e-01  7.942574e-01  7.080001e-01 1.132109e+00
 8.868869e-01  6.268534e-01  8.477426e-01 1.111613e+00
 8.878879e-01  4.367953e-01  9.505038e-01 1.094248e+00
 8.888889e-01  2.322903e-01  1.012547e+00 1.079210e+00
 8.898899e-01  2.203902e-02  1.031851e+00 1.065202e+00
 8.908909e-01 -1.851345e-01  1.008185e+00 1.050711e+00
 8.918919e-01 -3.806547e-01  9.431050e-01 1.034345e+00
 8.928929e-01 -5.565530e-01  8.398803e-01 1.015150e+00
 8.938939e-01 -7.057969e-01  7.033420e-01 9.928392e-01
 8.948949e-01 -8.225763e-01  5.396721e-01 9.678778e-01
 8.958959e-01 -9.025355e-01  3.561333e-01 9.414013e-01
 8.968969e-01 -9.429404e-01  1.607536e-01 9.149783e-01
 8.978979e-01 -9.427744e-01 -3.801953e-02 8.902690e-01
 8.988989e-01 -9.027606e-01 -2.316828e-01 8.686536e-01
 8.998999e-01 -8.253081e-01 -4.120421e-01 8.509122e-01
 9.009009e-01 -7.143874e-01 -5.715621e-01 8.370326e-01
 9.019019e-01 -5.753385e-01 -7.036876e-01 8.261907e-01
 9.029029e-01 -4.146236e-01 -8.031197e-01 8.169140e-01
 9.039039e-01 -2.395330e-01 -8.660373e-01 8.073967e-01
 9.049049e-01 -5.785905e-02 -8.902527e-01 7.958975e-01
 9.059059e-01  1.224481e-01 -8.752945e-01 7.811340e-01
 9.069069e-01  2.936273e-01 -8.224150e-01 7.625834e-01
 9.079079e-01  4.484407e-01 -7.345208e-01 7.406199e-01
 9.089089e-01  5.804817e-01 -6.160301e-01 7.164522e-01
 9.099099e-01  6.844422e-01 -4.726635e-01 6.918718e-01
 9.109109e-01  7.563283e-01 -3.111769e-01 6.688636e-01
 9.119119e-01  7.936167e-01 -1.390503e-01 6.491625e-01
 9.129129e-01  7.953433e-01  3.585609e-02 6.338567e-01
 9.139139e-01  7.621229e-01  2.056593e-01 6.231272e-01
 9.149149e-01  6.960987e-01  3.628114e-01 6.161855e-01
 9.159159e-01  6.008248e-01  5.004387e-01 6.114293e-01
 9.169169e-01  4.810883e-01  6.126486e-01 6.067842e-01
 9.179179e-01  3.426784e-01  6.947892e-01 6.001605e-01
 9.189189e-01  1.921144e-01  7.436493e-01 5.899222e-01
 9.199199e-01  3.634426e-02  7.575909e-01 5.752649e-01
 9.209209e-01 -1.175719e-01  7.366074e-01 5.564136e-01
 9.219219e-01 -2.627790e-01  6.823049e-01 5.345927e-01
 9.229229e-01 -3.929316e-01  5.978086e-01 5.117703e-01
 9.239239e-01 -5.024712e-01  4.875990e-01 4.902300e-01
 9.249249e-01 -5.868650e-01  3.572849e-01 4.720630e-01
 9.259259e-01 -6.427951e-01  2.133260e-01 4.586935e-01
 9.269269e-01 -6.682909e-01  6.271733e-02 4.505462e-01
 9.279279e-01 -6.627982e-01 -8.734875e-02 4.469313e-01
 9.289289e-01 -6.271837e-01 -2.298260e-01 4.461794e-01
 9.299299e-01 -5.636741e-01 -3.581480e-01 4.459985e-01
 9.309309e-01 -4.757348e-01 -4.665342e-01 4.439778e-01
 9.319319e-01 -3.678927e-01 -5.502559e-01 4.381267e-01
 9.329329e-01 -2.455125e-01 -6.058479e-01 4.273280e-01
 9.339339e-01 -1.145373e-01 -6.312559e-01 4.116028e-01
 9.349349e-01  1.879416e-02 -6.259152e-01 3.921230e-01
 9.359359e-01  1.482408e-01 -5.907539e-01 3.709655e-01
 9.369369e-01  2.678493e-01 -5.281252e-01 3.506595e-01
 9.379379e-01  3.722273e-01 -4.416690e-01 3.336247e-01
 9.389389e-01  4.567871e-01 -3.361135e-01 3.216268e-01
 9.399399e-01  5.179491e-01 -2.170250e-01 3.153711e-01
 9.409409e-01  5.532955e-01 -9.052035e-02 3.143298e-01
 9.419419e-01  5.616676e-01  3.704402e-02 3.168428e-01
 9.429429e-01  5.432032e-01  1.593905e-01 3.204751e-01
 9.439439e-01  4.993108e-01  2.706299e-01 3.225518e-01
 9.449449e-01  4.325855e-01  3.655470e-01 3.207548e-01
 9.459459e-01  3.466678e-01  4.398482e-01 3.136450e-01
 9.469469e-01  2.460554e-01  4.903589e-01 3.009951e-01
 9.479479e-01  1.358752e-01  5.151610e-01 2.838530e-01
 9.489489e-01  2.162758e-02  5.136656e-01 2.643201e-01
 9.499499e-01 -9.108376e-02  4.866166e-01 2.450919e-01
 9.509510e-01 -1.968247e-01  4.360267e-01 2.288592e-01
 9.519520e-01 -2.905920e-01  3.650505e-01 2.177056e-01
 9.529530e-01 -3.680506e-01  2.778009e-01 2.126346e-01
 9.539540e-01 -4.257362e-01  1.791201e-01 2.133353e-01
 9.549550e-01 -4.612123e-01  7.431737e-02 2.182398e-01
 9.559560e-01 -4.731753e-01 -3.111280e-02 2.248629e-01
 9.569570e-01 -4.615032e-01 -1.317765e-01 2.303502e-01
 9.579580e-01 -4.272440e-01 -2.226560e-01 2.321131e-01
 9.589590e-01 -3.725478e-01 -2.993604e-01 2.284085e-01
 9.599600e-01 -3.005437e-01 -3.583394e-01 2.187337e-01
 9.609610e-01 -2.151700e-01 -3.970490e-01 2.039460e-01
 9.619620e-01 -1.209656e-01 -4.140609e-01 1.860791e-01
 9.629630e-01 -2.283357e-02 -4.091125e-01 1.678944e-01
 9.639640e-01  7.421077e-02 -3.830937e-01 1.522681e-01
 9.649650e-01  1.652942e-01 -3.379741e-01 1.415486e-01
 9.659660e-01  2.459302e-01 -2.766738e-01 1.370300e-01
 9.669670e-01  3.122407e-01 -2.028880e-01 1.386578e-01
 9.679680e-01  3.611444e-01 -1.208724e-01 1.450354e-01
 9.689690e-01  3.905021e-01 -3.520485e-02 1.537313e-01
 9.699700e-01  3.992117e-01  4.946636e-02 1.618169e-01
 9.709710e-01  3.872490e-01  1.286720e-01 1.665182e-01
 9.719720e-01  3.556528e-01  1.983567e-01 1.658343e-01
 9.729730e-01  3.064547e-01  2.550866e-01 1.589837e-01
 9.739740e-01  2.425588e-01  2.962188e-01 1.465804e-01
 9.749750e-01  1.675774e-01  3.200246e-01 1.304979e-01
 9.759760e-01  8.563212e-02  3.257603e-01 1.134526e-01
 9.769770e-01  1.131234e-03  3.136831e-01 9.839837e-02
 9.779780e-01 -8.146544e-02  2.850121e-01 8.786853e-02
 9.789790e-01 -1.578808e-01  2.418376e-01 8.341175e-02
 9.799800e-01 -2.242420e-01  1.869842e-01 8.524756e-02
 9.809810e-01 -2.772775e-01  1.238377e-01 9.221859e-02
 9.819820e-01 -3.144800e-01  5.614332e-02 1.020498e-01
 9.829830e-01 -3.342257e-01 -1.220970e-02 1.118559e-01
 9.839840e-01 -3.358455e-01 -7.740802e-02 1.187842e-01
 9.849850e-01 -3.196443e-01 -1.359243e-01 1.206479e-01
 9.859860e-01 -2.868678e-01 -1.847067e-01 1.164097e-01
 9.869870e-01 -2.396196e-01 -2.213376e-01 1.064079e-01
 9.879880e-01 -1.807335e-01 -2.441531e-01 9.227532e-02
 9.889890e-01 -1.136084e-01 -2.523177e-01 7.657109e-02
 9.899900e-01 -4.201625e-02 -2.458498e-01 6.220748e-02
 9.909910e-01  3.010852e-02 -2.255992e-01 5.180151e-02
 9.919920e-01  9.888358e-02 -1.931772e-01 4.709539e-02
 9.929930e-01  1.606875e-01 -1.508454e-01 4.857480e-02
 9.939940e-01  2.123509e-01 -1.013692e-01 5.536861e-02
 9.949950e-01  2.513193e-01 -4.784634e-02 6.545067e-02
 9.959960e-01  2.757802e-01  6.480181e-03 7.609671e-02
 9.969970e-01  2.847467e-01  5.841364e-02 8.449285e-02
 9.979980e-01  2.780951e-01  1.049879e-01 8.835935e-02
 9.989990e-01  2.565538e-01  1.436345e-01 8.645073e-02
 1.000000e+00  2.216461e-01  1.723232e-01 7.882229e-02
