# x psi_r psi_i psi2 
 0.000000e+00  1.980323e-02 -9.840686e-03 4.890069e-04
 1.001001e-03  2.121824e-02  5.705546e-04 4.505393e-04
 2.002002e-03  2.031672e-02  1.048777e-02 5.227623e-04
 3.003003e-03  1.740512e-02  1.888077e-02 6.594219e-04
 4.004004e-03  1.298272e-02  2.492078e-02 7.895963e-04
 5.005005e-03  7.670831e-03  2.805883e-02 8.461394e-04
 6.006006e-03  2.133331e-03  2.807195e-02 7.925854e-04
 7.007007e-03 -3.002061e-03  2.507365e-02 6.377004e-04
 8.008008e-03 -7.212688e-03  1.948905e-02 4.318461e-04
 9.009009e-03 -1.013268e-02  1.199871e-02 2.466402e-04
 1.001001e-02 -1.158256e-02  3.458195e-03 1.461148e-04
 1.101101e-02 -1.157453e-02 -5.197168e-03 1.609804e-04
 1.201201e-02 -1.029444e-02 -1.305217e-02 2.763346e-04
 1.301301e-02 -8.063806e-03 -1.930553e-02 4.377285e-04
 1.401401e-02 -5.287895e-03 -2.334844e-02 5.731115e-04
 1.501502e-02 -2.396887e-03 -2.482029e-02 6.217920e-04
 1.601602e-02  2.120977e-04 -2.363694e-02 5.587500e-04
 1.701702e-02  2.224953e-03 -1.998975e-02 4.045407e-04
 1.801802e-02  3.446524e-03 -1.431673e-02 2.168473e-04
 1.901902e-02  3.818670e-03 -7.249822e-03 6.714217e-05
 2.002002e-02  3.418840e-03  4.552357e-04 1.189571e-05
 2.102102e-02  2.440194e-03  7.998826e-03 6.993576e-05
 2.202202e-02  1.156502e-03  1.461868e-02 2.150433e-04
 2.302302e-02 -1.229875e-04  1.966432e-02 3.867008e-04
 2.402402e-02 -1.102465e-03  2.265772e-02 5.145879e-04
 2.502503e-02 -1.545557e-03  2.333475e-02 5.468991e-04
 2.602603e-02 -1.312274e-03  2.166431e-02 4.710646e-04
 2.702703e-02 -3.819418e-04  1.784438e-02 3.185677e-04
 2.802803e-02  1.140900e-03  1.227614e-02 1.520053e-04
 2.902903e-02  3.038543e-03  5.520010e-03 3.970325e-05
 3.003003e-02  5.008568e-03 -1.761749e-03 2.818951e-05
 3.103103e-02  6.705187e-03 -8.869687e-03 1.236309e-04
 3.203203e-02  7.788136e-03 -1.513285e-02 2.896583e-04
 3.303303e-02  7.972872e-03 -1.996948e-02 4.623467e-04
 3.403403e-02  7.075462e-03 -2.293738e-02 5.761857e-04
 3.503504e-02  5.046202e-03 -2.377022e-02 5.904874e-04
 3.603604e-02  1.987203e-03 -2.239695e-02 5.055722e-04
 3.703704e-02 -1.848855e-03 -1.894376e-02 3.622845e-04
 3.803804e-02 -6.079432e-03 -1.371911e-02 2.251733e-04
 3.903904e-02 -1.023047e-02 -7.183783e-03 1.562692e-04
 4.004004e-02 -1.378848e-02  9.060866e-05 1.901303e-04
 4.104104e-02 -1.626055e-02  7.471150e-03 3.202237e-04
 4.204204e-02 -1.723559e-02  1.431670e-02 5.020335e-04
 4.304304e-02 -1.643938e-02  2.003038e-02 6.714694e-04
 4.404404e-02 -1.377695e-02  2.410753e-02 7.709773e-04
 4.504505e-02 -9.356624e-03  2.617571e-02 7.727144e-04
 4.604605e-02 -3.492294e-03  2.602415e-02 6.894525e-04
 4.704705e-02  3.317395e-03  2.362071e-02 5.689430e-04
 4.804805e-02  1.043156e-02  1.911558e-02 4.742230e-04
 4.904905e-02  1.712762e-02  1.283151e-02 4.580031e-04
 5.005005e-02  2.267387e-02  5.241364e-03 5.415762e-04
 5.105105e-02  2.640693e-02 -3.065501e-03 7.067230e-04
 5.205205e-02  2.780579e-02 -1.142584e-02 9.037117e-04
 5.305305e-02  2.655461e-02 -1.915150e-02 1.071927e-03
 5.405405e-02  2.258712e-02 -2.558150e-02 1.164591e-03
 5.505506e-02  1.610740e-02 -3.013396e-02 1.167504e-03
 5.605606e-02  7.583927e-03 -3.235408e-02 1.104303e-03
 5.705706e-02 -2.283433e-03 -3.195492e-02 1.026331e-03
 5.805806e-02 -1.262113e-02 -2.884740e-02 9.914657e-04
 5.905906e-02 -2.245943e-02 -2.315699e-02 1.040672e-03
 6.006006e-02 -3.082267e-02 -1.522483e-02 1.181833e-03
 6.106106e-02 -3.682383e-02 -5.592298e-03 1.387268e-03
 6.206206e-02 -3.975426e-02  5.031132e-03 1.605713e-03
 6.306306e-02 -3.915978e-02  1.581532e-02 1.783612e-03
 6.406406e-02 -3.489539e-02  2.586968e-02 1.886928e-03
 6.506507e-02 -2.715272e-02  3.431228e-02 1.914603e-03
 6.606607e-02 -1.645680e-02  4.034294e-02 1.898379e-03
 6.706707e-02 -3.631504e-03  4.331458e-02 1.889341e-03
 6.806807e-02  1.026391e-02  4.279683e-02 1.936917e-03
 6.906907e-02  2.402225e-02  3.862579e-02 2.069020e-03
 7.007007e-02  3.639242e-02  3.093494e-02 2.281379e-03
 7.107107e-02  4.619105e-02  2.016289e-02 2.540155e-03
 7.207207e-02  5.241181e-02  7.035751e-03 2.796499e-03
 7.307307e-02  5.432257e-02 -7.476242e-03 3.006835e-03
 7.407407e-02  5.154138e-02 -2.222596e-02 3.150508e-03
 7.507508e-02  4.408401e-02 -3.597623e-02 3.237689e-03
 7.607608e-02  3.237796e-02 -4.750007e-02 3.304589e-03
 7.707708e-02  1.724100e-02 -5.568643e-02 3.398230e-03
 7.807808e-02 -1.750605e-04 -5.964255e-02 3.557265e-03
 7.907908e-02 -1.847135e-02 -5.878369e-02 3.796713e-03
 8.008008e-02 -3.611310e-02 -5.290151e-02 4.102726e-03
 8.108108e-02 -5.155616e-02 -4.220396e-02 4.439212e-03
 8.208208e-02 -6.337857e-02 -2.732122e-02 4.763292e-03
 8.308308e-02 -7.040613e-02 -9.275529e-03 5.043058e-03
 8.408408e-02 -7.182136e-02  1.058475e-02 5.270345e-03
 8.508509e-02 -6.724609e-02  3.068286e-02 5.463475e-03
 8.608609e-02 -5.679012e-02  4.933631e-02 5.659189e-03
 8.708709e-02 -4.106071e-02  6.489508e-02 5.897354e-03
 8.808809e-02 -2.113121e-02  7.588405e-02 6.204918e-03
 8.908909e-02  1.530209e-03  8.113751e-02 6.585637e-03
 9.009009e-02  2.516690e-02  7.991363e-02 7.019561e-03
 9.109109e-02  4.786757e-02  7.197815e-02 7.472158e-03
 9.209209e-02  6.771770e-02  5.764859e-02 7.909046e-03
 9.309309e-02  8.295655e-02  3.779348e-02 8.310136e-03
 9.409409e-02  9.212740e-02  1.378477e-02 8.677477e-03
 9.509510e-02  9.420841e-02 -1.259444e-02 9.033844e-03
 9.609610e-02  8.871291e-02 -3.928079e-02 9.412962e-03
 9.709710e-02  7.574997e-02 -6.409066e-02 9.845671e-03
 9.809810e-02  5.603889e-02 -8.489659e-02 1.034779e-02
 9.909910e-02  3.087500e-02 -9.980623e-02 1.091455e-02
 1.001001e-01  2.047603e-03 -1.073285e-01 1.152360e-02
 1.011011e-01 -2.828480e-02 -1.065128e-01 1.214501e-02
 1.021021e-01 -5.775363e-02 -9.704899e-02 1.275399e-02
 1.031031e-01 -8.396214e-02 -7.931765e-02 1.334093e-02
 1.041041e-01 -1.046762e-01 -5.438601e-02 1.391494e-02
 1.051051e-01 -1.180089e-01 -2.394724e-02 1.449958e-02
 1.061061e-01 -1.225850e-01  9.793389e-03 1.512300e-02
 1.071071e-01 -1.176692e-01  4.427767e-02 1.580656e-02
 1.081081e-01 -1.032493e-01  7.678764e-02 1.655676e-02
 1.091091e-01 -8.006412e-02  1.046578e-01 1.736353e-02
 1.101101e-01 -4.957348e-02  1.254903e-01 1.820535e-02
 1.111111e-01 -1.386927e-02  1.373548e-01 1.905870e-02
 1.121121e-01  2.446599e-02  1.389583e-01 1.990798e-02
 1.131131e-01  6.254450e-02  1.297684e-01 2.075165e-02
 1.141141e-01  9.738873e-02  1.100812e-01 2.160244e-02
 1.151151e-01  1.261614e-01  8.102498e-02 2.248176e-02
 1.161161e-01  1.463922e-01  4.449880e-02 2.341082e-02
 1.171171e-01  1.561827e-01  3.049218e-03 2.440232e-02
 1.181181e-01  1.543738e-01 -4.030744e-02 2.545596e-02
 1.191191e-01  1.406608e-01 -8.230424e-02 2.655943e-02
 1.201201e-01  1.156449e-01 -1.196684e-01 2.769427e-02
 1.211211e-01  8.081704e-02 -1.493734e-01 2.884380e-02
 1.221221e-01  3.847153e-02 -1.688785e-01 3.000001e-02
 1.231231e-01 -8.444521e-03 -1.763383e-01 3.116652e-02
 1.241241e-01 -5.653646e-02 -1.707638e-01 3.235664e-02
 1.251251e-01 -1.022076e-01 -1.521225e-01 3.358766e-02
 1.261261e-01 -1.419273e-01 -1.213688e-01 3.487375e-02
 1.271271e-01 -1.725006e-01 -8.039989e-02 3.622061e-02
 1.281281e-01 -1.913207e-01 -3.193890e-02 3.762372e-02
 1.291291e-01 -1.965824e-01  2.064645e-02 3.907091e-02
 1.301301e-01 -1.874404e-01  7.357885e-02 4.054777e-02
 1.311311e-01 -1.641001e-01  1.229425e-01 4.204372e-02
 1.321321e-01 -1.278301e-01  1.649715e-01 4.355612e-02
 1.331331e-01 -8.089626e-02  1.963331e-01 4.509089e-02
 1.341341e-01 -2.641912e-02  2.143868e-01 4.665967e-02
 1.351351e-01  3.183550e-02  2.173966e-01 4.827476e-02
 1.361361e-01  8.971876e-02  2.046818e-01 4.994411e-02
 1.371371e-01  1.429951e-01  1.766939e-01 5.166836e-02
 1.381381e-01  1.876515e-01  1.350107e-01 5.344099e-02
 1.391391e-01  2.201966e-01  8.224825e-02 5.525131e-02
 1.401401e-01  2.379277e-01  2.189522e-02 5.708898e-02
 1.411411e-01  2.391457e-01 -4.192048e-02 5.894797e-02
 1.421421e-01  2.233007e-01 -1.047160e-01 6.082866e-02
 1.431431e-01  1.910572e-01 -1.619696e-01 6.273700e-02
 1.441441e-01  1.442718e-01 -2.094451e-01 6.468162e-02
 1.451451e-01  8.588549e-02 -2.435027e-01 6.666990e-02
 1.461461e-01  1.973469e-02 -2.613722e-01 6.870486e-02
 1.471471e-01 -4.970420e-02 -2.613684e-01 7.078393e-02
 1.481481e-01 -1.176210e-01 -2.430337e-01 7.290009e-02
 1.491491e-01 -1.792067e-01 -2.071945e-01 7.504463e-02
 1.501502e-01 -2.299935e-01 -1.559277e-01 7.721046e-02
 1.511512e-01 -2.661761e-01 -9.243753e-02 7.939440e-02
 1.521522e-01 -2.848912e-01 -2.085112e-02 8.159778e-02
 1.531532e-01 -2.844350e-01  5.405455e-02 8.382514e-02
 1.541542e-01 -2.644013e-01  1.271753e-01 8.608163e-02
 1.551552e-01 -2.257326e-01  1.934301e-01 8.837041e-02
 1.561562e-01 -1.706758e-01  2.481144e-01 9.069096e-02
 1.571572e-01 -1.026478e-01  2.872323e-01 9.303896e-02
 1.581582e-01 -2.601779e-02  3.077837e-01 9.540771e-02
 1.591592e-01  5.417869e-02  3.079854e-01 9.779034e-02
 1.601602e-01  1.325756e-01  2.874119e-01 1.001819e-01
 1.611612e-01  2.038384e-01  2.470434e-01 1.025806e-01
 1.621622e-01  2.630279e-01  1.892181e-01 1.049872e-01
 1.631632e-01  3.059411e-01  1.174913e-01 1.074042e-01
 1.641642e-01  3.294053e-01  3.641008e-02 1.098335e-01
 1.651652e-01  3.315049e-01 -4.878199e-02 1.122752e-01
 1.661662e-01  3.117255e-01 -1.324896e-01 1.147263e-01
 1.671672e-01  2.710046e-01 -2.091371e-01 1.171818e-01
 1.681682e-01  2.116846e-01 -2.735424e-01 1.196358e-01
 1.691692e-01  1.373716e-01 -3.212659e-01 1.220827e-01
 1.701702e-01  5.270835e-02 -3.489135e-01 1.245188e-01
 1.711712e-01 -3.692329e-02 -3.543713e-01 1.269423e-01
 1.721722e-01 -1.257513e-01 -3.369568e-01 1.293533e-01
 1.731732e-01 -2.079902e-01 -2.974759e-01 1.317519e-01
 1.741742e-01 -2.782208e-01 -2.381822e-01 1.341376e-01
 1.751752e-01 -3.317473e-01 -1.626403e-01 1.365082e-01
 1.761762e-01 -3.649096e-01 -7.550286e-02 1.388597e-01
 1.771772e-01 -3.753277e-01  1.778465e-02 1.411872e-01
 1.781782e-01 -3.620642e-01  1.113320e-01 1.434853e-01
 1.791792e-01 -3.256930e-01  1.991821e-01 1.457495e-01
 1.801802e-01 -2.682709e-01  2.756942e-01 1.479766e-01
 1.811812e-01 -1.932118e-01  3.359076e-01 1.501647e-01
 1.821822e-01 -1.050747e-01  3.758616e-01 1.523126e-01
 1.831832e-01 -9.276706e-03  3.928524e-01 1.544191e-01
 1.841842e-01  8.824836e-02  3.856088e-01 1.564819e-01
 1.851852e-01  1.814248e-01  3.543769e-01 1.584980e-01
 1.861862e-01  2.644188e-01  3.009081e-01 1.604630e-01
 1.871872e-01  3.320059e-01  2.283518e-01 1.623725e-01
 1.881882e-01  3.799004e-01  1.410589e-01 1.642219e-01
 1.891892e-01  4.050237e-01  4.431149e-02 1.660077e-01
 1.901902e-01  4.056971e-01 -5.600719e-02 1.677270e-01
 1.911912e-01  3.817460e-01 -1.537782e-01 1.693777e-01
 1.921922e-01  3.345090e-01 -2.430266e-01 1.709582e-01
 1.931932e-01  2.667539e-01 -3.182901e-01 1.724663e-01
 1.941942e-01  1.825045e-01 -3.749553e-01 1.738994e-01
 1.951952e-01  8.679043e-02 -4.095384e-01 1.752543e-01
 1.961962e-01 -1.466302e-02 -4.198957e-01 1.765274e-01
 1.971972e-01 -1.157868e-01 -4.053498e-01 1.777150e-01
 1.981982e-01 -2.105386e-01 -3.667252e-01 1.788138e-01
 1.991992e-01 -2.932685e-01 -3.062919e-01 1.798211e-01
 2.002002e-01 -3.590592e-01 -2.276210e-01 1.807348e-01
 2.012012e-01 -4.040175e-01 -1.353627e-01 1.815532e-01
 2.022022e-01 -4.255025e-01 -3.495999e-02 1.822746e-01
 2.032032e-01 -4.222753e-01  6.768174e-02 1.828972e-01
 2.042042e-01 -3.945628e-01  1.665509e-01 1.834190e-01
 2.052052e-01 -3.440334e-01  2.558878e-01 1.838375e-01
 2.062062e-01 -2.736860e-01  3.305245e-01 1.841505e-01
 2.072072e-01 -1.876610e-01  3.861851e-01 1.843556e-01
 2.082082e-01 -9.098583e-02  4.197292e-01 1.844510e-01
 2.092092e-01  1.072938e-02  4.293254e-01 1.844354e-01
 2.102102e-01  1.116264e-01  4.145448e-01 1.843078e-01
 2.112112e-01  2.059440e-01  3.763703e-01 1.840675e-01
 2.122122e-01  2.883517e-01  3.171232e-01 1.837138e-01
 2.132132e-01  3.542546e-01  2.403118e-01 1.832461e-01
 2.142142e-01  4.000491e-01  1.504133e-01 1.826634e-01
 2.152152e-01  4.233181e-01  5.260234e-02 1.819652e-01
 2.162162e-01  4.229529e-01 -4.755634e-02 1.811507e-01
 2.172172e-01  3.991977e-01 -1.444328e-01 1.802196e-01
 2.182182e-01  3.536150e-01 -2.326549e-01 1.791719e-01
 2.192192e-01  2.889756e-01 -3.074101e-01 1.780079e-01
 2.202202e-01  2.090807e-01 -3.647101e-01 1.767282e-01
 2.212212e-01  1.185291e-01 -4.016026e-01 1.753338e-01
 2.222222e-01  2.244273e-02 -4.163193e-01 1.738255e-01
 2.232232e-01 -7.383154e-02 -4.083543e-01 1.722043e-01
 2.242242e-01 -1.650267e-01 -3.784674e-01 1.704714e-01
 2.252252e-01 -2.462492e-01 -3.286172e-01 1.686279e-01
 2.262262e-01 -3.132448e-01 -2.618266e-01 1.666754e-01
 2.272272e-01 -3.626219e-01 -1.819915e-01 1.646156e-01
 2.282282e-01 -3.920216e-01 -9.364579e-02 1.624505e-01
 2.292292e-01 -4.002242e-01 -1.694734e-03 1.601823e-01
 2.302302e-01 -3.871910e-01  8.886433e-02 1.578137e-01
 2.312312e-01 -3.540371e-01  1.732201e-01 1.553474e-01
 2.322322e-01 -3.029418e-01  2.470072e-01 1.527863e-01
 2.332332e-01 -2.370018e-01  3.065344e-01 1.501332e-01
 2.342342e-01 -1.600373e-01  3.489691e-01 1.473914e-01
 2.352352e-01 -7.636383e-02  3.724684e-01 1.445641e-01
 2.362362e-01  9.456771e-03  3.762518e-01 1.416548e-01
 2.372372e-01  9.287140e-02  3.606137e-01 1.386673e-01
 2.382382e-01  1.695824e-01  3.268751e-01 1.356055e-01
 2.392392e-01  2.357726e-01  2.772810e-01 1.324735e-01
 2.402402e-01  2.882963e-01  2.148508e-01 1.292756e-01
 2.412412e-01  3.248275e-01  1.431898e-01 1.260162e-01
 2.422422e-01  3.439584e-01  6.627650e-02 1.226999e-01
 2.432432e-01  3.452433e-01 -1.176386e-02 1.193313e-01
 2.442442e-01  3.291900e-01 -8.688592e-02 1.159152e-01
 2.452452e-01  2.971979e-01 -1.553379e-01 1.124564e-01
 2.462462e-01  2.514509e-01 -2.138514e-01 1.089600e-01
 2.472472e-01  1.947716e-01 -2.597983e-01 1.054311e-01
 2.482482e-01  1.304456e-01 -2.913057e-01 1.018751e-01
 2.492492e-01  6.202839e-02 -3.073268e-01 9.829730e-02
 2.502503e-01 -6.855006e-03 -3.076626e-01 9.470326e-02
 2.512513e-01 -7.270580e-02 -2.929375e-01 9.109852e-02
 2.522523e-01 -1.323323e-01 -2.645314e-01 8.748872e-02
 2.532533e-01 -1.830064e-01 -2.244731e-01 8.387953e-02
 2.542543e-01 -2.225879e-01 -1.753036e-01 8.027671e-02
 2.552553e-01 -2.496115e-01 -1.199172e-01 7.668604e-02
 2.562563e-01 -2.633333e-01 -6.139151e-02 7.311336e-02
 2.572573e-01 -2.637359e-01 -2.814101e-03 6.956453e-02
 2.582583e-01 -2.514933e-01  5.288230e-02 6.604544e-02
 2.592593e-01 -2.279009e-01  1.030687e-01 6.256196e-02
 2.602603e-01 -1.947733e-01  1.455449e-01 5.911995e-02
 2.612613e-01 -1.543207e-01  1.786346e-01 5.572520e-02
 2.622623e-01 -1.090081e-01  2.012479e-01 5.238348e-02
 2.632633e-01 -6.140884e-02  2.129070e-01 4.910045e-02
 2.642643e-01 -1.405933e-02  2.137383e-01 4.588172e-02
 2.652653e-01  3.067667e-02  2.044303e-01 4.273282e-02
 2.662663e-01  7.072667e-02  1.861636e-01 3.965916e-02
 2.672673e-01  1.044057e-01  1.605164e-01 3.666606e-02
 2.682683e-01  1.304853e-01  1.293534e-01 3.375872e-02
 2.692693e-01  1.482338e-01  9.470456e-02 3.094222e-02
 2.702703e-01  1.574251e-01  5.864141e-02 2.822147e-02
 2.712713e-01  1.583193e-01  2.315764e-02 2.560129e-02
 2.722723e-01  1.516164e-01 -9.938958e-03 2.308630e-02
 2.732733e-01  1.383865e-01 -3.911775e-02 2.068102e-02
 2.742743e-01  1.199838e-01 -6.319536e-02 1.838977e-02
 2.752753e-01  9.794792e-02 -8.138155e-02 1.621675e-02
 2.762763e-01  7.389991e-02 -9.329934e-02 1.416596e-02
 2.772773e-01  4.943981e-02 -9.897957e-02 1.224125e-02
 2.782783e-01  2.605059e-02 -9.883132e-02 1.044626e-02
 2.792793e-01  5.014508e-03 -9.359118e-02 8.784455e-03
 2.802803e-01 -1.265379e-02 -8.425528e-02 7.259071e-03
 2.812813e-01 -2.625438e-02 -7.199889e-02 5.873132e-03
 2.822823e-01 -3.542728e-02 -5.808899e-02 4.629423e-03
 2.832833e-01 -4.015525e-02 -4.379538e-02 3.530479e-03
 2.842843e-01 -4.074489e-02 -3.030563e-02 2.578577e-03
 2.852853e-01 -3.778801e-02 -1.864901e-02 1.775719e-03
 2.862863e-01 -3.210641e-02 -9.633571e-03 1.123627e-03
 2.872873e-01 -2.468385e-02 -3.799861e-03 6.237315e-04
 2.882883e-01 -1.659002e-02 -1.393449e-03 2.771703e-04
 2.892893e-01 -8.901087e-03 -2.357458e-03 8.478696e-05
 2.902903e-01 -2.622125e-03 -6.344963e-03 4.713410e-05
 2.912913e-01  1.384259e-03 -1.275002e-02 1.644792e-04
 2.922923e-01  2.458543e-03 -2.075499e-02 4.368140e-04
 2.932933e-01  1.909229e-04 -2.939097e-02 8.638658e-04
 2.942943e-01 -5.548804e-03 -3.760745e-02 1.445110e-03
 2.952953e-01 -1.459954e-02 -4.434676e-02 2.179782e-03
 2.962963e-01 -2.651595e-02 -4.861887e-02 3.066890e-03
 2.972973e-01 -4.059365e-02 -4.957198e-02 4.105225e-03
 2.982983e-01 -5.591086e-02 -4.655474e-02 5.293368e-03
 2.992993e-01 -7.138400e-02 -3.916648e-02 6.629688e-03
 3.003003e-01 -8.583396e-02 -2.729248e-02 8.112348e-03
 3.013013e-01 -9.805907e-02 -1.112233e-02 9.739288e-03
 3.023023e-01 -1.069107e-01  8.849815e-03 1.150822e-02
 3.033033e-01 -1.113671e-01  3.184305e-02 1.341660e-02
 3.043043e-01 -1.106010e-01  5.682471e-02 1.546163e-02
 3.053053e-01 -1.040382e-01  8.256064e-02 1.764021e-02
 3.063063e-01 -9.140208e-02  1.076781e-01 1.994892e-02
 3.073073e-01 -7.274316e-02  1.307381e-01 2.238403e-02
 3.083083e-01 -4.845117e-02  1.503128e-01 2.494144e-02
 3.093093e-01 -1.924877e-02  1.650643e-01 2.761672e-02
 3.103103e-01  1.383255e-02  1.738210e-01 3.040509e-02
 3.113113e-01  4.949364e-02  1.756468e-01 3.330143e-02
 3.123123e-01  8.622375e-02  1.698993e-01 3.630031e-02
 3.133133e-01  1.223689e-01  1.562751e-01 3.939608e-02
 3.143143e-01  1.562094e-01  1.348387e-01 4.258284e-02
 3.153153e-01  1.860416e-01  1.060334e-01 4.585456e-02
 3.163163e-01  2.102625e-01  7.067424e-02 4.920515e-02
 3.173173e-01  2.274493e-01  2.992259e-02 5.262853e-02
 3.183183e-01  2.364337e-01 -1.475700e-02 5.611869e-02
 3.193193e-01  2.363651e-01 -6.165471e-02 5.966978e-02
 3.203203e-01  2.267596e-01 -1.088863e-01 6.327616e-02
 3.213213e-01  2.075340e-01 -1.544737e-01 6.693247e-02
 3.223223e-01  1.790210e-01 -1.964308e-01 7.063359e-02
 3.233233e-01  1.419668e-01 -2.328522e-01 7.437472e-02
 3.243243e-01  9.750906e-02 -2.619986e-01 7.815128e-02
 3.253253e-01  4.713765e-02 -2.823773e-01 8.195891e-02
 3.263263e-01 -7.360863e-03 -2.928125e-01 8.579332e-02
 3.273273e-01 -6.397256e-02 -2.925026e-01 8.965027e-02
 3.283283e-01 -1.205363e-01 -2.810629e-01 9.352537e-02
 3.293293e-01 -1.748309e-01 -2.585501e-01 9.741401e-02
 3.303303e-01 -2.246666e-01 -2.254685e-01 1.013112e-01
 3.313313e-01 -2.679754e-01 -1.827581e-01 1.052113e-01
 3.323323e-01 -3.028973e-01 -1.317634e-01 1.091084e-01
 3.333333e-01 -3.278597e-01 -7.418581e-02 1.129955e-01
 3.343343e-01 -3.416441e-01 -1.202082e-02 1.168652e-01
 3.353353e-01 -3.434403e-01  5.251733e-02 1.207093e-01
 3.363363e-01 -3.328832e-01  1.170803e-01 1.245190e-01
 3.373373e-01 -3.100728e-01  1.792759e-01 1.282850e-01
 3.383383e-01 -2.755754e-01  2.367613e-01 1.319977e-01
 3.393393e-01 -2.304063e-01  2.873332e-01 1.356474e-01
 3.403403e-01 -1.759953e-01  3.290145e-01 1.392249e-01
 3.413413e-01 -1.141348e-01  3.601309e-01 1.427210e-01
 3.423423e-01 -4.691520e-02  3.793769e-01 1.461279e-01
 3.433433e-01  2.335196e-02  3.858667e-01 1.494384e-01
 3.443443e-01  9.421942e-02  3.791698e-01 1.526470e-01
 3.453453e-01  1.631943e-01  3.593291e-01 1.557498e-01
 3.463463e-01  2.278298e-01  3.268608e-01 1.587444e-01
 3.473473e-01  2.858151e-01  2.827366e-01 1.616303e-01
 3.483483e-01  3.350600e-01  2.283496e-01 1.644087e-01
 3.493493e-01  3.737701e-01  1.654637e-01 1.670824e-01
 3.503504e-01  4.005125e-01  9.615071e-02 1.696552e-01
 3.513514e-01  4.142657e-01  2.271564e-02 1.721321e-01
 3.523524e-01  4.144563e-01 -5.238543e-02 1.745182e-01
 3.533534e-01  4.009776e-01 -1.266325e-01 1.768188e-01
 3.543544e-01  3.741922e-01 -1.975306e-01 1.790381e-01
 3.553554e-01  3.349177e-01 -2.626967e-01 1.811794e-01
 3.563564e-01  2.843961e-01 -3.199421e-01 1.832441e-01
 3.573574e-01  2.242485e-01 -3.673471e-01 1.852313e-01
 3.583584e-01  1.564173e-01 -4.033253e-01 1.871376e-01
 3.593594e-01  8.309792e-02 -4.266754e-01 1.889571e-01
 3.603604e-01  6.661619e-03 -4.366195e-01 1.906810e-01
 3.613614e-01 -7.042544e-02 -4.328258e-01 1.922979e-01
 3.623624e-01 -1.456862e-01 -4.154155e-01 1.937946e-01
 3.633634e-01 -2.167157e-01 -3.849550e-01 1.951560e-01
 3.643644e-01 -2.812600e-01 -3.424318e-01 1.963667e-01
 3.653654e-01 -3.372895e-01 -2.892178e-01 1.974111e-01
 3.663664e-01 -3.830627e-01 -2.270192e-01 1.982748e-01
 3.673674e-01 -4.171801e-01 -1.578171e-01 1.989454e-01
 3.683684e-01 -4.386248e-01 -8.379870e-02 1.994139e-01
 3.693694e-01 -4.467907e-01 -7.284273e-03 1.996750e-01
 3.703704e-01 -4.414960e-01  6.934994e-02 1.997282e-01
 3.713714e-01 -4.229826e-01  1.437486e-01 1.995779e-01
 3.723724e-01 -3.919019e-01  2.136522e-01 1.992343e-01
 3.733734e-01 -3.492873e-01  2.769671e-01 1.987124e-01
 3.743744e-01 -2.965157e-01  3.318292e-01 1.980322e-01
 3.753754e-01 -2.352575e-01  3.766580e-01 1.972174e-01
 3.763764e-01 -1.674197e-01  4.102017e-01 1.962948e-01
 3.773774e-01 -9.508172e-02  4.315692e-01 1.952925e-01
 3.783784e-01 -2.042812e-02  4.402516e-01 1.942388e-01
 3.793794e-01  5.432102e-02  4.361295e-01 1.931597e-01
 3.803804e-01  1.269787e-01  4.194697e-01 1.920784e-01
 3.813814e-01  1.954571e-01  3.909080e-01 1.910125e-01
 3.823824e-01  2.578286e-01  3.514228e-01 1.899735e-01
 3.833834e-01  3.123805e-01  3.022976e-01 1.889655e-01
 3.843844e-01  3.576617e-01  2.450759e-01 1.879841e-01
 3.853854e-01  3.925196e-01  1.815084e-01 1.870169e-01
 3.863864e-01  4.161275e-01  1.134970e-01 1.860436e-01
 3.873874e-01  4.280009e-01  4.303386e-02 1.850367e-01
 3.883884e-01  4.280034e-01 -2.785860e-02 1.839630e-01
 3.893894e-01  4.163415e-01 -9.718821e-02 1.827858e-01
 3.903904e-01  3.935495e-01 -1.630501e-01 1.814665e-01
 3.913914e-01  3.604656e-01 -2.236796e-01 1.799680e-01
 3.923924e-01  3.181988e-01 -2.774994e-01 1.782564e-01
 3.933934e-01  2.680902e-01 -3.231594e-01 1.763044e-01
 3.943944e-01  2.116670e-01 -3.595692e-01 1.740929e-01
 3.953954e-01  1.505945e-01 -3.859211e-01 1.716138e-01
 3.963964e-01  8.662438e-02 -4.017050e-01 1.688707e-01
 3.973974e-01  2.154271e-02 -4.067136e-01 1.658800e-01
 3.983984e-01 -4.288121e-02 -4.010391e-01 1.626712e-01
 3.993994e-01 -1.049438e-01 -3.850612e-01 1.592853e-01
 4.004004e-01 -1.630524e-01 -3.594275e-01 1.557743e-01
 4.014014e-01 -2.157661e-01 -3.250272e-01 1.521977e-01
 4.024024e-01 -2.618301e-01 -2.829583e-01 1.486204e-01
 4.034034e-01 -3.002041e-01 -2.344912e-01 1.451086e-01
 4.044044e-01 -3.300839e-01 -1.810281e-01 1.417266e-01
 4.054054e-01 -3.509143e-01 -1.240607e-01 1.385319e-01
 4.064064e-01 -3.623965e-01 -6.512667e-02 1.355727e-01
 4.074074e-01 -3.644862e-01 -5.767159e-03 1.328834e-01
 4.084084e-01 -3.573866e-01  5.251446e-02 1.304829e-01
 4.094094e-01 -3.415335e-01  1.082910e-01 1.283721e-01
 4.104104e-01 -3.175755e-01  1.602464e-01 1.265331e-01
 4.114114e-01 -2.863490e-01  2.072057e-01 1.249299e-01
 4.124124e-01 -2.488493e-01  2.481606e-01 1.235096e-01
 4.134134e-01 -2.061984e-01  2.822889e-01 1.222048e-01
 4.144144e-01 -1.596114e-01  3.089688e-01 1.209375e-01
 4.154154e-01 -1.103610e-01  3.277862e-01 1.196233e-01
 4.164164e-01 -5.974295e-02  3.385373e-01 1.181767e-01
 4.174174e-01 -9.041626e-03  3.412248e-01 1.165161e-01
 4.184184e-01  4.050186e-02  3.360495e-01 1.145697e-01
 4.194194e-01  8.771958e-02  3.233964e-01 1.122799e-01
 4.204204e-01  1.315430e-01  3.038173e-01 1.096085e-01
 4.214214e-01  1.710259e-01  2.780095e-01 1.065392e-01
 4.224224e-01  2.053626e-01  2.467923e-01 1.030802e-01
 4.234234e-01  2.339020e-01  2.110807e-01 9.926518e-02
 4.244244e-01  2.561571e-01  1.718589e-01 9.515195e-02
 4.254254e-01  2.718101e-01  1.301527e-01 9.082047e-02
 4.264264e-01  2.807124e-01  8.700230e-02 8.636886e-02
 4.274274e-01  2.828810e-01  4.343660e-02 8.190841e-02
 4.284284e-01  2.784907e-01  4.484570e-04 7.755729e-02
 4.294294e-01  2.678631e-01 -4.102746e-02 7.343388e-02
 4.304304e-01  2.514518e-01 -8.013429e-02 6.964952e-02
 4.314314e-01  2.298264e-01 -1.161097e-01 6.630166e-02
 4.324324e-01  2.036533e-01 -1.482994e-01 6.346737e-02
 4.334334e-01  1.736756e-01 -1.761671e-01 6.119807e-02
 4.344344e-01  1.406927e-01 -1.993013e-01 5.951544e-02
 4.354354e-01  1.055391e-01 -2.174182e-01 5.840917e-02
 4.364364e-01  6.906326e-02 -2.303621e-01 5.783643e-02
 4.374374e-01  3.210815e-02 -2.381019e-01 5.772346e-02
 4.384384e-01 -4.507844e-03 -2.407253e-01 5.796898e-02
 4.394394e-01 -4.000785e-02 -2.384300e-01 5.844948e-02
 4.404404e-01 -7.367196e-02 -2.315133e-01 5.902595e-02
 4.414414e-01 -1.048501e-01 -2.203596e-01 5.955189e-02
 4.424424e-01 -1.329730e-01 -2.054265e-01 5.988186e-02
 4.434434e-01 -1.575603e-01 -1.872302e-01 5.988037e-02
 4.444444e-01 -1.782265e-01 -1.663300e-01 5.943035e-02
 4.454454e-01 -1.946845e-01 -1.433132e-01 5.844071e-02
 4.464464e-01 -2.067462e-01 -1.187798e-01 5.685263e-02
 4.474474e-01 -2.143218e-01 -9.332796e-02 5.464394e-02
 4.484484e-01 -2.174161e-01 -6.754052e-02 5.183148e-02
 4.494494e-01 -2.161236e-01 -4.197239e-02 4.847111e-02
 4.504505e-01 -2.106219e-01 -1.713959e-02 4.465537e-02
 4.514515e-01 -2.011633e-01  6.490163e-03 4.050880e-02
 4.524525e-01 -1.880659e-01  2.850531e-02 3.618135e-02
 4.534535e-01 -1.717038e-01  4.855632e-02 3.183990e-02
 4.544545e-01 -1.524963e-01  6.636003e-02 2.765878e-02
 4.554555e-01 -1.308977e-01  8.170184e-02 2.380940e-02
 4.564565e-01 -1.073864e-01  9.443654e-02 2.045011e-02
 4.574575e-01 -8.245443e-02  1.044872e-01 1.771631e-02
 4.584585e-01 -5.659757e-02  1.118428e-01 1.571209e-02
 4.594595e-01 -3.030596e-02  1.165540e-01 1.450329e-02
 4.604605e-01 -4.055595e-03  1.187288e-01 1.411297e-02
 4.614615e-01  2.169956e-02  1.185255e-01 1.451916e-02
 4.624625e-01  4.653407e-02  1.161466e-01 1.565544e-02
 4.634635e-01  7.005698e-02  1.118308e-01 1.741410e-02
 4.644645e-01  9.191618e-02  1.058455e-01 1.965184e-02
 4.654655e-01  1.118023e-01  9.847817e-02 2.219769e-02
 4.664665e-01  1.294508e-01  9.002888e-02 2.486270e-02
 4.674675e-01  1.446440e-01  8.080168e-02 2.745081e-02
 4.684685e-01  1.572116e-01  7.109745e-02 2.977032e-02
 4.694695e-01  1.670300e-01  6.120645e-02 3.164525e-02
 4.704705e-01  1.740220e-01  5.140203e-02 3.292582e-02
 4.714715e-01  1.781546e-01  4.193453e-02 3.349758e-02
 4.724725e-01  1.794373e-01  3.302660e-02 3.328851e-02
 4.734735e-01  1.779190e-01  2.486866e-02 3.227362e-02
 4.744745e-01  1.736853e-01  1.761615e-02 3.047691e-02
 4.754755e-01  1.668552e-01  1.138675e-02 2.797030e-02
 4.764765e-01  1.575777e-01  6.259631e-03 2.486991e-02
 4.774775e-01  1.460283e-01  2.274434e-03 2.132942e-02
 4.784785e-01  1.324058e-01 -5.673877e-04 1.753162e-02
 4.794795e-01  1.169284e-01 -2.302171e-03 1.367754e-02
 4.804805e-01  9.983128e-02 -3.000494e-03 9.975288e-03
 4.814815e-01  8.136182e-02 -2.765996e-03 6.627396e-03
 4.824825e-01  6.177995e-02 -1.729163e-03 3.819752e-03
 4.834835e-01  4.134922e-02 -4.732170e-05 1.709760e-03
 4.844845e-01  2.034574e-02  2.108409e-03 4.183945e-04
 4.854855e-01 -9.662932e-04  4.521664e-03 2.137916e-05
 4.864865e-01 -2.215672e-02  6.803762e-03 5.372114e-04
 4.874875e-01 -4.200980e-02  8.621922e-03 1.839161e-03
 4.884885e-01 -5.926562e-02  9.692469e-03 3.606358e-03
 4.894895e-01 -7.284367e-02  9.788091e-03 5.402007e-03
 4.904905e-01 -8.188148e-02  8.769159e-03 6.781474e-03
 4.914915e-01 -8.579956e-02  6.597957e-03 7.405098e-03
 4.924925e-01 -8.433170e-02  3.350265e-03 7.123059e-03
 4.934935e-01 -7.754492e-02 -7.869815e-04 6.013834e-03
 4.944945e-01 -6.583548e-02 -5.524687e-03 4.364832e-03
 4.954955e-01 -4.990584e-02 -1.049271e-02 2.600690e-03
 4.964965e-01 -3.072418e-02 -1.526658e-02 1.177044e-03
 4.974975e-01 -9.464842e-03 -1.940246e-02 4.660386e-04
 4.984985e-01  1.255981e-02 -2.247333e-02 6.627993e-04
 4.994995e-01  3.398186e-02 -2.410780e-02 1.735953e-03
 5.005005e-01  5.345738e-02 -2.402421e-02 3.434854e-03
 5.015015e-01  6.975346e-02 -2.206127e-02 5.352245e-03
 5.025025e-01  8.181947e-02 -1.819828e-02 7.025603e-03
 5.035035e-01  8.885948e-02 -1.256754e-02 8.053950e-03
 5.045045e-01  9.037646e-02 -5.452336e-03 8.197633e-03
 5.055055e-01  8.621482e-02  2.724021e-03 7.440416e-03
 5.065065e-01  7.656372e-02  1.142447e-02 5.992521e-03
 5.075075e-01  6.196228e-02  2.003070e-02 4.240553e-03
 5.085085e-01  4.325584e-02  2.788862e-02 2.648843e-03
 5.095095e-01  2.156724e-02  3.435331e-02 1.645296e-03
 5.105105e-01 -1.792707e-03  3.884294e-02 1.511988e-03
 5.115115e-01 -2.537092e-02  4.088157e-02 2.314986e-03
 5.125125e-01 -4.770425e-02  4.014867e-02 3.887611e-03
 5.135135e-01 -6.734377e-02  3.650216e-02 5.867591e-03
 5.145145e-01 -8.305295e-02  3.001594e-02 7.798749e-03
 5.155155e-01 -9.367364e-02  2.095628e-02 9.213916e-03
 5.165165e-01 -9.906982e-02  9.879892e-03 9.912441e-03
 5.175175e-01 -1.026577e-01 -2.242326e-03 1.054362e-02
 5.185185e-01 -1.048744e-01 -1.514752e-02 1.122809e-02
 5.195195e-01 -1.054722e-01 -2.869130e-02 1.194758e-02
 5.205205e-01 -1.043636e-01 -4.267719e-02 1.271311e-02
 5.215215e-01 -1.014144e-01 -5.689730e-02 1.352218e-02
 5.225225e-01 -9.655472e-02 -7.111501e-02 1.438016e-02
 5.235235e-01 -8.971731e-02 -8.507920e-02 1.528767e-02
 5.245245e-01 -8.088564e-02 -9.851969e-02 1.624862e-02
 5.255255e-01 -7.006491e-02 -1.111568e-01 1.726492e-02
 5.265265e-01 -5.730950e-02 -1.227014e-01 1.834001e-02
 5.275275e-01 -4.270602e-02 -1.328636e-01 1.947654e-02
 5.285285e-01 -2.639062e-02 -1.413555e-01 2.067784e-02
 5.295295e-01 -8.537193e-03 -1.478994e-01 2.194711e-02
 5.305305e-01  1.063176e-02 -1.522323e-01 2.328770e-02
 5.315315e-01  3.085491e-02 -1.541143e-01 2.470326e-02
 5.325325e-01  5.182601e-02 -1.533342e-01 2.619730e-02
 5.335335e-01  7.320345e-02 -1.497168e-01 2.777385e-02
 5.345345e-01  9.460807e-02 -1.431292e-01 2.943666e-02
 5.355355e-01  1.156334e-01 -1.334879e-01 3.119009e-02
 5.365365e-01  1.358468e-01 -1.207634e-01 3.303816e-02
 5.375375e-01  1.548011e-01 -1.049867e-01 3.498558e-02
 5.385385e-01  1.720384e-01 -8.625243e-02 3.703668e-02
 5.395395e-01  1.871027e-01 -6.472305e-02 3.919651e-02
 5.405405e-01  1.995467e-01 -4.063023e-02 4.146972e-02
 5.415415e-01  2.089447e-01 -1.427613e-02 4.386169e-02
 5.425425e-01  2.149008e-01  1.396790e-02 4.637744e-02
 5.435435e-01  2.170626e-01  4.366328e-02 4.902267e-02
 5.445445e-01  2.151302e-01  7.430880e-02 5.180281e-02
 5.455455e-01  2.088685e-01  1.053461e-01 5.472385e-02
 5.465465e-01  1.981160e-01  1.361679e-01 5.779164e-02
 5.475475e-01  1.827960e-01  1.661269e-01 6.101252e-02
 5.485485e-01  1.629230e-01  1.945477e-01 6.439272e-02
 5.495495e-01  1.386115e-01  2.207391e-01 6.793891e-02
 5.505506e-01  1.100792e-01  2.440089e-01 7.165777e-02
 5.515516e-01  7.765213e-02  2.636787e-01 7.555629e-02
 5.525526e-01  4.176368e-02  2.791010e-01 7.964159e-02
 5.535536e-01  2.954568e-03  2.896761e-01 8.392098e-02
 5.545546e-01 -3.813265e-02  2.948693e-01 8.840201e-02
 5.555556e-01 -8.075953e-02  2.942282e-01 9.309234e-02
 5.565566e-01 -1.241027e-01  2.873995e-01 9.799993e-02
 5.575576e-01 -1.672654e-01  2.741443e-01 1.031328e-01
 5.585586e-01 -2.092943e-01  2.543525e-01 1.084993e-01
 5.595596e-01 -2.491964e-01  2.280548e-01 1.141078e-01
 5.605606e-01 -2.859604e-01  1.954322e-01 1.199671e-01
 5.615616e-01 -3.185788e-01  1.568229e-01 1.260859e-01
 5.625626e-01 -3.460725e-01  1.127255e-01 1.324732e-01
 5.635636e-01 -3.675160e-01  6.379864e-02 1.391383e-01
 5.645646e-01 -3.820636e-01  1.085698e-02 1.460905e-01
 5.655656e-01 -3.889753e-01 -4.513775e-02 1.533392e-01
 5.665666e-01 -3.876428e-01 -1.030894e-01 1.608944e-01
 5.675676e-01 -3.776127e-01 -1.617846e-01 1.687656e-01
 5.685686e-01 -3.586093e-01 -2.199146e-01 1.769631e-01
 5.695696e-01 -3.305533e-01 -2.761003e-01 1.854968e-01
 5.705706e-01 -2.935772e-01 -3.289220e-01 1.943773e-01
 5.715716e-01 -2.480372e-01 -3.769513e-01 2.036147e-01
 5.725726e-01 -1.945187e-01 -4.187866e-01 2.132197e-01
 5.735736e-01 -1.338379e-01 -4.530899e-01 2.232030e-01
 5.745746e-01 -6.703658e-02 -4.786246e-01 2.335754e-01
 5.755756e-01  4.629420e-03 -4.942937e-01 2.443477e-01
 5.765766e-01  7.970737e-02 -4.991769e-01 2.555309e-01
 5.775776e-01  1.565722e-01 -4.925659e-01 2.671360e-01
 5.785786e-01  2.334564e-01 -4.739962e-01 2.791743e-01
 5.795796e-01  3.084866e-01 -4.432751e-01 2.916568e-01
 5.805806e-01  3.797250e-01 -4.005043e-01 3.045948e-01
 5.815816e-01  4.452157e-01 -3.460964e-01 3.179997e-01
 5.825826e-01  5.030341e-01 -2.807834e-01 3.318826e-01
 5.835836e-01  5.513402e-01 -2.056184e-01 3.462549e-01
 5.845846e-01  5.884316e-01 -1.219678e-01 3.611279e-01
 5.855856e-01  6.127977e-01 -3.149493e-02 3.765130e-01
 5.865866e-01  6.231712e-01  6.386584e-02 3.924212e-01
 5.875876e-01  6.185775e-01  1.619439e-01 4.088639e-01
 5.885886e-01  5.983783e-01  2.603759e-01 4.258523e-01
 5.895896e-01  5.623098e-01  3.566582e-01 4.433973e-01
 5.905906e-01  5.105117e-01  4.482052e-01 4.615100e-01
 5.915916e-01  4.435484e-01  5.324153e-01 4.802013e-01
 5.925926e-01  3.624187e-01  6.067409e-01 4.994819e-01
 5.935936e-01  2.685538e-01  6.687609e-01 5.193623e-01
 5.945946e-01  1.638039e-01  7.162552e-01 5.398532e-01
 5.955956e-01  5.041127e-02  7.472773e-01 5.609646e-01
 5.965966e-01 -6.902947e-02  7.602248e-01 5.827068e-01
 5.975976e-01 -1.916228e-01  7.539033e-01 6.050895e-01
 5.985986e-01 -3.142368e-01  7.275834e-01 6.281224e-01
 5.995996e-01 -4.335771e-01  6.810475e-01 6.518148e-01
 6.006006e-01 -5.462712e-01  6.146248e-01 6.761758e-01
 6.016016e-01 -6.489596e-01  5.292124e-01 7.012143e-01
 6.026026e-01 -7.383921e-01  4.262814e-01 7.269387e-01
 6.036036e-01 -8.115266e-01  3.078667e-01 7.533572e-01
 6.046046e-01 -8.656280e-01  1.765386e-01 7.804777e-01
 6.056056e-01 -8.983636e-01  3.535896e-02 8.083074e-01
 6.066066e-01 -9.078925e-01 -1.121821e-01 8.368537e-01
 6.076076e-01 -8.929451e-01 -2.622442e-01 8.661229e-01
 6.086086e-01 -8.528906e-01 -4.107301e-01 8.961215e-01
 6.096096e-01 -7.877892e-01 -5.533926e-01 9.268551e-01
 6.106106e-01 -6.984264e-01 -6.859517e-01 9.583291e-01
 6.116116e-01 -5.863275e-01 -8.042191e-01 9.905483e-01
 6.126126e-01 -4.537501e-01 -9.042278e-01 1.023517e+00
 6.136136e-01 -3.036546e-01 -9.823609e-01 1.057239e+00
 6.146146e-01 -1.396509e-01 -1.035478e+00 1.091718e+00
 6.156156e-01  3.407710e-02 -1.061034e+00 1.126955e+00
 6.166166e-01  2.128694e-01 -1.057186e+00 1.162955e+00
 6.176176e-01  3.917075e-01 -1.022879e+00 1.199717e+00
 6.186186e-01  5.653491e-01 -9.579264e-01 1.237243e+00
 6.196196e-01  7.284779e-01 -8.630485e-01 1.275533e+00
 6.206206e-01  8.758626e-01 -7.398994e-01 1.314586e+00
 6.216216e-01  1.002522e+00 -5.910597e-01 1.354403e+00
 6.226226e-01  1.103893e+00 -4.200006e-01 1.394980e+00
 6.236236e-01  1.175988e+00 -2.310182e-01 1.436316e+00
 6.246246e-01  1.215549e+00 -2.913837e-02 1.478408e+00
 6.256256e-01  1.220184e+00  1.800067e-01 1.521251e+00
 6.266266e-01  1.188481e+00  3.903277e-01 1.564842e+00
 6.276276e-01  1.120096e+00  5.954494e-01 1.609175e+00
 6.286286e-01  1.015815e+00  7.888996e-01 1.654243e+00
 6.296296e-01  8.775793e-01  9.643110e-01 1.700041e+00
 6.306306e-01  7.084724e-01  1.115629e+00 1.746561e+00
 6.316316e-01  5.126749e-01  1.237319e+00 1.793794e+00
 6.326326e-01  2.953762e-01  1.324569e+00 1.841731e+00
 6.336336e-01  6.265139e-02  1.373476e+00 1.890362e+00
 6.346346e-01 -1.786981e-01  1.381211e+00 1.939678e+00
 6.356356e-01 -4.213349e-01  1.346158e+00 1.989665e+00
 6.366366e-01 -6.576033e-01  1.268018e+00 2.040313e+00
 6.376376e-01 -8.797667e-01  1.147875e+00 2.091607e+00
 6.386386e-01 -1.080260e+00  9.882168e-01 2.143535e+00
 6.396396e-01 -1.251948e+00  7.929108e-01 2.196080e+00
 6.406406e-01 -1.388376e+00  5.671332e-01 2.249229e+00
 6.416416e-01 -1.484021e+00  3.172483e-01 2.302964e+00
 6.426426e-01 -1.534505e+00  5.064325e-02 2.357269e+00
 6.436436e-01 -1.536794e+00 -2.244790e-01 2.412125e+00
 6.446446e-01 -1.489352e+00 -4.993451e-01 2.467514e+00
 6.456456e-01 -1.392252e+00 -7.648860e-01 2.523417e+00
 6.466466e-01 -1.247237e+00 -1.012034e+00 2.579813e+00
 6.476476e-01 -1.057721e+00 -1.232034e+00 2.636681e+00
 6.486486e-01 -8.287411e-01 -1.416752e+00 2.693999e+00
 6.496496e-01 -5.668417e-01 -1.558986e+00 2.751745e+00
 6.506507e-01 -2.799064e-01 -1.652740e+00 2.809896e+00
 6.516517e-01  2.306664e-02 -1.693486e+00 2.868428e+00
 6.526527e-01  3.322366e-01 -1.678373e+00 2.927316e+00
 6.536537e-01  6.372340e-01 -1.606383e+00 2.986534e+00
 6.546547e-01  9.275054e-01 -1.478442e+00 3.046057e+00
 6.556557e-01  1.192679e+00 -1.297449e+00 3.105858e+00
 6.566567e-01  1.422938e+00 -1.068249e+00 3.165910e+00
 6.576577e-01  1.609390e+00 -7.975250e-01 3.226184e+00
 6.586587e-01  1.744415e+00 -4.936266e-01 3.286652e+00
 6.596597e-01  1.821982e+00 -1.663276e-01 3.347285e+00
 6.606607e-01  1.837922e+00  1.734770e-01 3.408053e+00
 6.616617e-01  1.790140e+00  5.141259e-01 3.468927e+00
 6.626627e-01  1.678759e+00  8.435883e-01 3.529874e+00
 6.636637e-01  1.506194e+00  1.149889e+00 3.590865e+00
 6.646647e-01  1.277132e+00  1.421549e+00 3.651867e+00
 6.656657e-01  9.984414e-01  1.648018e+00 3.712848e+00
 6.666667e-01  6.789850e-01  1.820098e+00 3.773776e+00
 6.676677e-01  3.293577e-01  1.930322e+00 3.834618e+00
 6.686687e-01 -3.845179e-02  1.973287e+00 3.895341e+00
 6.696697e-01 -4.114630e-01  1.945921e+00 3.955911e+00
 6.706707e-01 -7.761586e-01  1.847667e+00 4.016294e+00
 6.716717e-01 -1.118974e+00  1.680581e+00 4.076457e+00
 6.726727e-01 -1.426809e+00  1.449339e+00 4.136365e+00
 6.736737e-01 -1.687531e+00  1.161130e+00 4.195984e+00
 6.746747e-01 -1.890472e+00  8.254667e-01 4.255278e+00
 6.756757e-01 -2.026870e+00  4.538863e-01 4.314214e+00
 6.766767e-01 -2.090265e+00  5.956948e-02 4.372757e+00
 6.776777e-01 -2.076810e+00 -3.431174e-01 4.430871e+00
 6.786787e-01 -1.985495e+00 -7.391425e-01 4.488523e+00
 6.796797e-01 -1.818264e+00 -1.113370e+00 4.545676e+00
 6.806807e-01 -1.580022e+00 -1.451147e+00 4.602296e+00
 6.816817e-01 -1.278528e+00 -1.738883e+00 4.658350e+00
 6.826827e-01 -9.241679e-01 -1.964616e+00 4.713801e+00
 6.836837e-01 -5.296149e-01 -2.118519e+00 4.768615e+00
 6.846847e-01 -1.093945e-01 -2.193352e+00 4.822760e+00
 6.856857e-01  3.206424e-01 -2.184808e+00 4.876199e+00
 6.866867e-01  7.439144e-01 -2.091768e+00 4.928901e+00
 6.876877e-01  1.143752e+00 -1.916419e+00 4.980830e+00
 6.886887e-01  1.504060e+00 -1.664260e+00 5.031955e+00
 6.896897e-01  1.809980e+00 -1.343955e+00 5.082243e+00
 6.906907e-01  2.048520e+00 -9.670706e-01 5.131661e+00
 6.916917e-01  2.209125e+00 -5.476728e-01 5.180177e+00
 6.926927e-01  2.284161e+00 -1.018204e-01 5.227761e+00
 6.936937e-01  2.269304e+00  3.530435e-01 5.274381e+00
 6.946947e-01  2.163786e+00  7.987716e-01 5.320007e+00
 6.956957e-01  1.970516e+00  1.217241e+00 5.364609e+00
 6.966967e-01  1.696040e+00  1.591102e+00 5.408158e+00
 6.976977e-01  1.350358e+00  1.904510e+00 5.450626e+00
 6.986987e-01  9.465821e-01  2.143821e+00 5.491984e+00
 6.996997e-01  5.004596e-01  2.298205e+00 5.532207e+00
 7.007007e-01  2.977401e-02  2.360165e+00 5.571266e+00
 7.017017e-01 -4.463591e-01  2.325919e+00 5.609137e+00
 7.027027e-01 -9.082689e-01  2.195642e+00 5.645795e+00
 7.037037e-01 -1.336550e+00  1.973538e+00 5.681216e+00
 7.047047e-01 -1.712890e+00  1.667748e+00 5.715376e+00
 7.057057e-01 -2.020875e+00  1.290083e+00 5.748253e+00
 7.067067e-01 -2.246728e+00  8.555932e-01 5.779825e+00
 7.077077e-01 -2.379950e+00  3.819827e-01 5.810073e+00
 7.087087e-01 -2.413842e+00 -1.110967e-01 5.838976e+00
 7.097097e-01 -2.345863e+00 -6.028600e-01 5.866515e+00
 7.107107e-01 -2.177823e+00 -1.072269e+00 5.892673e+00
 7.117117e-01 -1.915881e+00 -1.498944e+00 5.917434e+00
 7.127127e-01 -1.570361e+00 -1.864067e+00 5.940780e+00
 7.137137e-01 -1.155370e+00 -2.151236e+00 5.962698e+00
 7.147147e-01 -6.882491e-01 -2.347230e+00 5.983173e+00
 7.157157e-01 -1.888589e-01 -2.442647e+00 6.002194e+00
 7.167167e-01  3.212547e-01 -2.432395e+00 6.019748e+00
 7.177177e-01  8.197918e-01 -2.315981e+00 6.035825e+00
 7.187187e-01  1.284683e+00 -2.097619e+00 6.050415e+00
 7.197197e-01  1.695082e+00 -1.786115e+00 6.063509e+00
 7.207207e-01  2.032326e+00 -1.394544e+00 6.075102e+00
 7.217217e-01  2.280809e+00 -9.397315e-01 6.085185e+00
 7.227227e-01  2.428743e+00 -4.415428e-01 6.093755e+00
 7.237237e-01  2.468750e+00  7.796862e-02 6.100807e+00
 7.247247e-01  2.398264e+00  5.955378e-01 6.106337e+00
 7.257257e-01  2.219724e+00  1.087736e+00 6.110346e+00
 7.267267e-01  1.940531e+00  1.532048e+00 6.112830e+00
 7.277277e-01  1.572778e+00  1.907920e+00 6.113792e+00
 7.287287e-01  1.132759e+00  2.197746e+00 6.113232e+00
 7.297297e-01  6.402613e-01  2.387722e+00 6.111153e+00
 7.307307e-01  1.176975e-01  2.468543e+00 6.107558e+00
 7.317317e-01 -4.109156e-01  2.435898e+00 6.102453e+00
 7.327327e-01 -9.210631e-01  2.290739e+00 6.095843e+00
 7.337337e-01 -1.388882e+00  2.039299e+00 6.087736e+00
 7.347347e-01 -1.792301e+00  1.692866e+00 6.078138e+00
 7.357357e-01 -2.112107e+00  1.267306e+00 6.067059e+00
 7.367367e-01 -2.332900e+00  7.823586e-01 6.054509e+00
 7.377377e-01 -2.443872e+00  2.607426e-01 6.040499e+00
 7.387387e-01 -2.439378e+00 -2.729070e-01 6.025041e+00
 7.397397e-01 -2.319262e+00 -7.932023e-01 6.008148e+00
 7.407407e-01 -2.088932e+00 -1.275224e+00 5.989834e+00
 7.417417e-01 -1.759148e+00 -1.695734e+00 5.970114e+00
 7.427427e-01 -1.345554e+00 -2.034327e+00 5.949004e+00
 7.437437e-01 -8.679662e-01 -2.274457e+00 5.926520e+00
 7.447447e-01 -3.494357e-01 -2.404283e+00 5.902681e+00
 7.457457e-01  1.848524e-01 -2.417299e+00 5.877504e+00
 7.467467e-01  7.088054e-01 -2.312705e+00 5.851009e+00
 7.477477e-01  1.196709e+00 -2.095496e+00 5.823216e+00
 7.487487e-01  1.624508e+00 -1.776265e+00 5.794146e+00
 7.497497e-01  1.971027e+00 -1.370720e+00 5.763822e+00
 7.507508e-01  2.219049e+00 -8.989370e-01 5.732265e+00
 7.517518e-01  2.356214e+00 -3.843877e-01 5.699498e+00
 7.527528e-01  2.375684e+00  1.472218e-01 5.665547e+00
 7.537538e-01  2.276523e+00  6.692357e-01 5.630434e+00
 7.547548e-01  2.063793e+00  1.155397e+00 5.594185e+00
 7.557558e-01  1.748332e+00  1.581190e+00 5.556827e+00
 7.567568e-01  1.346239e+00  1.925104e+00 5.518385e+00
 7.577578e-01  8.780800e-01  2.169761e+00 5.478886e+00
 7.587588e-01  3.678535e-01  2.302834e+00 5.438359e+00
 7.597598e-01 -1.582287e-01  2.317713e+00 5.396831e+00
 7.607608e-01 -6.730912e-01  2.213883e+00 5.354330e+00
 7.617618e-01 -1.150201e+00  1.996979e+00 5.310885e+00
 7.627628e-01 -1.564956e+00  1.678522e+00 5.266526e+00
 7.637638e-01 -1.895987e+00  1.275349e+00 5.221282e+00
 7.647648e-01 -2.126292e+00  8.087415e-01 5.175183e+00
 7.657658e-01 -2.244159e+00  3.033260e-01 5.128258e+00
 7.667668e-01 -2.243802e+00 -2.142194e-01 5.080539e+00
 7.677678e-01 -2.125694e+00 -7.165763e-01 5.032058e+00
 7.687688e-01 -1.896561e+00 -1.177242e+00 4.982843e+00
 7.697698e-01 -1.569044e+00 -1.571950e+00 4.932928e+00
 7.707708e-01 -1.161035e+00 -1.879984e+00 4.882343e+00
 7.717718e-01 -6.947274e-01 -2.085300e+00 4.831120e+00
 7.727728e-01 -1.954240e-01 -2.177407e+00 4.779290e+00
 7.737738e-01  3.098281e-01 -2.151950e+00 4.726884e+00
 7.747748e-01  7.937091e-01 -2.010960e+00 4.673934e+00
 7.757758e-01  1.230119e+00 -1.762747e+00 4.620472e+00
 7.767768e-01  1.595612e+00 -1.421461e+00 4.566529e+00
 7.777778e-01  1.870687e+00 -1.006314e+00 4.512137e+00
 7.787788e-01  2.040873e+00 -5.405230e-01 4.457329e+00
 7.797798e-01  2.097530e+00 -5.003144e-02 4.402135e+00
 7.807808e-01  2.038332e+00  4.379387e-01 4.346586e+00
 7.817818e-01  1.867398e+00  8.964027e-01 4.290713e+00
 7.827828e-01  1.595062e+00  1.300124e+00 4.234548e+00
 7.837838e-01  1.237288e+00  1.627034e+00 4.178119e+00
 7.847848e-01  8.147632e-01  1.859467e+00 4.121458e+00
 7.857858e-01  3.517310e-01  1.985165e+00 4.064594e+00
 7.867868e-01 -1.253957e-01  1.997958e+00 4.007559e+00
 7.877878e-01 -5.895387e-01  1.898111e+00 3.950382e+00
 7.887888e-01 -1.014503e+00  1.692299e+00 3.893093e+00
 7.897898e-01 -1.376479e+00  1.393207e+00 3.835719e+00
 7.907908e-01 -1.655402e+00  1.018792e+00 3.778291e+00
 7.917918e-01 -1.836105e+00  5.912296e-01 3.720834e+00
 7.927928e-01 -1.909184e+00  1.356223e-01 3.663376e+00
 7.937938e-01 -1.871524e+00 -3.214713e-01 3.605944e+00
 7.947948e-01 -1.726462e+00 -7.535879e-01 3.548565e+00
 7.957958e-01 -1.483570e+00 -1.135907e+00 3.491266e+00
 7.967968e-01 -1.158070e+00 -1.446702e+00 3.434072e+00
 7.977978e-01 -7.699115e-01 -1.668606e+00 3.377011e+00
 7.987988e-01 -3.425777e-01 -1.789622e+00 3.320107e+00
 7.997998e-01  9.832587e-02 -1.803806e+00 3.263383e+00
 8.008008e-01  5.266028e-01 -1.711594e+00 3.206864e+00
 8.018018e-01  9.170327e-01 -1.519744e+00 3.150571e+00
 8.028028e-01  1.246876e+00 -1.240898e+00 3.094526e+00
 8.038038e-01  1.497224e+00 -8.927883e-01 3.038751e+00
 8.048048e-01  1.654121e+00 -4.971417e-01 2.983268e+00
 8.058058e-01  1.709374e+00 -7.834049e-02 2.928097e+00
 8.068068e-01  1.661014e+00  3.380734e-01 2.873262e+00
 8.078078e-01  1.513377e+00  7.269605e-01 2.818781e+00
 8.088088e-01  1.276794e+00  1.065116e+00 2.764675e+00
 8.098098e-01  9.669180e-01  1.332678e+00 2.710960e+00
 8.108108e-01  6.037211e-01  1.514323e+00 2.657654e+00
 8.118118e-01  2.102310e-01  1.600180e+00 2.604772e+00
 8.128128e-01 -1.889178e-01  1.586392e+00 2.552329e+00
 8.138138e-01 -5.690261e-01  1.475314e+00 2.500341e+00
 8.148148e-01 -9.068686e-01  1.275309e+00 2.448825e+00
 8.158158e-01 -1.182133e+00  1.000179e+00 2.397796e+00
 8.168168e-01 -1.378665e+00  6.682463e-01 2.347270e+00
 8.178178e-01 -1.485450e+00  3.011637e-01 2.297261e+00
 8.188188e-01 -1.497257e+00 -7.748299e-02 2.247782e+00
 8.198198e-01 -1.414915e+00 -4.436873e-01 2.198843e+00
 8.208208e-01 -1.245201e+00 -7.745499e-01 2.150454e+00
 8.218218e-01 -1.000348e+00 -1.049727e+00 2.102623e+00
 8.228228e-01 -6.972058e-01 -1.252702e+00 2.055359e+00
 8.238238e-01 -3.561124e-01 -1.371807e+00 2.008672e+00
 8.248248e-01  4.517502e-04 -1.400918e+00 1.962572e+00
 8.258258e-01  3.493389e-01 -1.339788e+00 1.917071e+00
 8.268268e-01  6.682397e-01 -1.193999e+00 1.872178e+00
 8.278278e-01  9.371222e-01 -9.745273e-01 1.827902e+00
 8.288288e-01  1.139510e+00 -6.969683e-01 1.784247e+00
 8.298298e-01  1.263515e+00 -3.804586e-01 1.741219e+00
 8.308308e-01  1.302562e+00 -4.637824e-02 1.698818e+00
 8.318318e-01  1.255750e+00  2.830842e-01 1.657046e+00
 8.328328e-01  1.127845e+00  5.864061e-01 1.615906e+00
 8.338338e-01  9.288817e-01  8.441464e-01 1.575404e+00
 8.348348e-01  6.734327e-01  1.040209e+00 1.535546e+00
 8.358358e-01  3.795732e-01  1.162868e+00 1.496338e+00
 8.368368e-01  6.762459e-02  1.205492e+00 1.457785e+00
 8.378378e-01 -2.412395e-01  1.166916e+00 1.419889e+00
 8.388388e-01 -5.264294e-01  1.051438e+00 1.382650e+00
 8.398398e-01 -7.693196e-01  8.684533e-01 1.346064e+00
 8.408408e-01 -9.544800e-01  6.317385e-01 1.310126e+00
 8.418418e-01 -1.070674e+00  3.584519e-01 1.274832e+00
 8.428428e-01 -1.111561e+00  6.791224e-02 1.240181e+00
 8.438438e-01 -1.076049e+00 -2.197548e-01 1.206175e+00
 8.448448e-01 -9.682889e-01 -4.850085e-01 1.172817e+00
 8.458458e-01 -7.973012e-01 -7.102264e-01 1.140111e+00
 8.468468e-01 -5.762761e-01 -8.808878e-01 1.108057e+00
 8.478478e-01 -3.215905e-01 -9.865260e-01 1.076654e+00
 8.488488e-01 -5.161724e-02 -1.021386e+00 1.045893e+00
 8.498498e-01  2.145876e-01 -9.847415e-01 1.015764e+00
 8.508509e-01  4.586267e-01 -8.808619e-01 9.862562e-01
 8.518519e-01  6.640386e-01 -7.186204e-01 9.573626e-01
 8.528529e-01  8.174185e-01 -5.107900e-01 9.290794e-01
 8.538539e-01  9.093069e-01 -2.730718e-01 9.014073e-01
 8.548549e-01  9.347851e-01 -2.293164e-02 8.743490e-01
 8.558559e-01  8.937382e-01  2.216716e-01 8.479063e-01
 8.568569e-01  7.907721e-01  4.435722e-01 8.220768e-01
 8.578579e-01  6.347937e-01  6.276061e-01 7.968525e-01
 8.588589e-01  4.382891e-01  7.616576e-01 7.722196e-01
 8.598599e-01  2.163573e-01  8.374675e-01 7.481623e-01
 8.608609e-01 -1.442909e-02  8.511509e-01 7.246660e-01
 8.618619e-01 -2.372507e-01  8.033885e-01 7.017209e-01
 8.628629e-01 -4.362638e-01  6.992837e-01 6.793237e-01
 8.638639e-01 -5.977311e-01  5.478997e-01 6.574766e-01
 8.648649e-01 -7.109778e-01  3.615160e-01 6.361832e-01
 8.658659e-01 -7.691062e-01  1.546619e-01 6.154446e-01
 8.668669e-01 -7.694197e-01 -5.699649e-02 5.952553e-01
 8.678679e-01 -7.135292e-01 -2.578332e-01 5.756018e-01
 8.688689e-01 -6.071388e-01 -4.334137e-01 5.564649e-01
 8.698699e-01 -4.595327e-01 -5.715360e-01 5.378237e-01
 8.708709e-01 -2.828054e-01 -6.630854e-01 5.196612e-01
 8.718719e-01 -9.089798e-02 -7.026420e-01 5.019683e-01
 8.728729e-01  1.014853e-01 -6.888000e-01 4.847447e-01
 8.738739e-01  2.799948e-01 -6.241786e-01 4.679961e-01
 8.748749e-01  4.317045e-01 -5.151307e-01 4.517284e-01
 8.758759e-01  5.460509e-01 -3.711748e-01 4.359423e-01
 8.768769e-01  6.155737e-01 -2.041998e-01 4.206286e-01
 8.778779e-01  6.364052e-01 -2.750670e-02 4.057682e-01
 8.788789e-01  6.084753e-01  1.452373e-01 3.913361e-01
 8.798799e-01  5.354227e-01  3.010488e-01 3.773079e-01
 8.808809e-01  4.242234e-01  4.286036e-01 3.636666e-01
 8.818819e-01  2.845714e-01  5.190623e-01 3.504065e-01
 8.828829e-01  1.280641e-01  5.666856e-01 3.375329e-01
 8.838839e-01 -3.274102e-02  5.691966e-01 3.250568e-01
 8.848849e-01 -1.853222e-01  5.278660e-01 3.129868e-01
 8.858859e-01 -3.181636e-01  4.473190e-01 3.013224e-01
 8.868869e-01 -4.216238e-01  3.350865e-01 2.900496e-01
 8.878879e-01 -4.886377e-01  2.009385e-01 2.791430e-01
 8.888889e-01 -5.151988e-01  5.605930e-02 2.685725e-01
 8.898899e-01 -5.005903e-01 -8.786907e-02 2.583116e-01
 8.908909e-01 -4.473500e-01 -2.195998e-01 2.483461e-01
 8.918919e-01 -3.609796e-01 -3.291966e-01 2.386767e-01
 8.928929e-01 -2.494260e-01 -4.087824e-01 2.293164e-01
 8.938939e-01 -1.223805e-01 -4.531061e-01 2.202822e-01
 8.948949e-01  9.542171e-03 -4.598844e-01 2.115848e-01
 8.958959e-01  1.356781e-01 -4.298979e-01 2.032208e-01
 8.968969e-01  2.461698e-01 -3.668385e-01 1.951700e-01
 8.978979e-01  3.327336e-01 -2.769271e-01 1.874003e-01
 8.988989e-01  3.892804e-01 -1.683376e-01 1.798767e-01
 8.998999e-01  4.123417e-01 -5.047771e-02 1.725737e-01
 9.009009e-01  4.012717e-01  6.680927e-02 1.654825e-01
 9.019019e-01  3.582134e-01  1.740573e-01 1.586128e-01
 9.029029e-01  2.878388e-01  2.629364e-01 1.519867e-01
 9.039039e-01  1.968883e-01  3.268971e-01 1.456267e-01
 9.049049e-01  9.355471e-02  3.616510e-01 1.395439e-01
 9.059059e-01 -1.323666e-02  3.654512e-01 1.337298e-01
 9.069069e-01 -1.145863e-01  3.391553e-01 1.281563e-01
 9.079079e-01 -2.023552e-01  2.860710e-01 1.227842e-01
 9.089089e-01 -2.698152e-01  2.116027e-01 1.175760e-01
 9.099099e-01 -3.121622e-01  1.227354e-01 1.125092e-01
 9.109109e-01 -3.268533e-01  2.740042e-02 1.075839e-01
 9.119119e-01 -3.137449e-01 -6.621721e-02 1.028206e-01
 9.129129e-01 -2.750246e-01 -1.503727e-01 9.825047e-02
 9.139139e-01 -2.149491e-01 -2.183966e-01 9.390017e-02
 9.149149e-01 -1.394151e-01 -2.652200e-01 8.977820e-02
 9.159159e-01 -5.540505e-02 -2.877478e-01 8.586852e-02
 9.169169e-01  2.964251e-02 -2.850533e-01 8.213404e-02
 9.179179e-01  1.084809e-01 -2.583816e-01 7.852913e-02
 9.189189e-01  1.746663e-01 -2.109687e-01 7.501610e-02
 9.199199e-01  2.230809e-01 -1.476954e-01 7.157903e-02
 9.209209e-01  2.503239e-01 -7.461213e-02 6.822902e-02
 9.219219e-01  2.549429e-01  1.622250e-03 6.499851e-02
 9.229229e-01  2.374887e-01  7.433466e-02 6.192653e-02
 9.239239e-01  2.003951e-01  1.374143e-01 5.904089e-02
 9.249249e-01  1.476988e-01  1.858212e-01 5.634444e-02
 9.259259e-01  8.462959e-02  2.159843e-01 5.381138e-02
 9.269269e-01  1.711037e-02  2.260587e-01 5.139529e-02
 9.279279e-01 -4.878670e-02  2.160230e-01 4.904609e-02
 9.289289e-01 -1.073777e-01  1.876138e-01 4.672891e-02
 9.299299e-01 -1.538519e-01  1.441075e-01 4.443738e-02
 9.309309e-01 -1.846617e-01  8.997495e-02 4.219545e-02
 9.319319e-01 -1.977881e-01  3.044158e-02 4.004681e-02
 9.329329e-01 -1.928594e-01 -2.900311e-02 3.803593e-02
 9.339339e-01 -1.711205e-01 -8.310267e-02 3.618828e-02
 9.349349e-01 -1.352579e-01 -1.272922e-01 3.449800e-02
 9.359359e-01 -8.910295e-02 -1.580787e-01 3.292819e-02
 9.369369e-01 -3.724273e-02 -1.733120e-01 3.142406e-02
 9.379379e-01  1.542177e-02 -1.723251e-01 2.993378e-02
 9.389389e-01  6.412971e-02 -1.559361e-01 2.842869e-02
 9.399399e-01  1.046843e-01 -1.263156e-01 2.691443e-02
 9.409409e-01  1.338091e-01 -8.673699e-02 2.542819e-02
 9.419419e-01  1.494078e-01 -4.123562e-02 2.402308e-02
 9.429429e-01  1.507050e-01  5.788543e-03 2.274551e-02
 9.439439e-01  1.382619e-01  4.998675e-02 2.161502e-02
 9.449449e-01  1.138684e-01  8.745691e-02 2.061472e-02
 9.459459e-01  8.032689e-02  1.150831e-01 1.969652e-02
 9.469469e-01  4.115119e-02  1.307897e-01 1.879935e-02
 9.479479e-01  2.121343e-04  1.336899e-01 1.787303e-02
 9.489489e-01 -3.863554e-02  1.241186e-01 1.689814e-02
 9.499499e-01 -7.190947e-02  1.035507e-01 1.589372e-02
 9.509510e-01 -9.680669e-02  7.441602e-02 1.490928e-02
 9.519520e-01 -1.114344e-01  3.983338e-02 1.400433e-02
 9.529530e-01 -1.149461e-01  3.289858e-03 1.322343e-02
 9.539540e-01 -1.075737e-01 -3.170136e-02 1.257707e-02
 9.549550e-01 -9.055691e-02 -6.193217e-02 1.203615e-02
 9.559560e-01 -6.598104e-02 -8.478864e-02 1.154261e-02
 9.569570e-01 -3.654128e-02 -9.847247e-02 1.103209e-02
 9.579580e-01 -5.259968e-03 -1.021361e-01 1.045945e-02
 9.589590e-01  2.481509e-02 -9.592203e-02 9.816825e-03
 9.599600e-01  5.090133e-02 -8.090640e-02 9.136791e-03
 9.609610e-01  7.073391e-02 -5.895531e-02 8.479015e-03
 9.619620e-01  8.275738e-02 -3.251172e-02 7.905796e-03
 9.629630e-01  8.624063e-02 -4.335539e-03 7.456243e-03
 9.639640e-01  8.130733e-02  2.277598e-02 7.129627e-03
 9.649650e-01  6.888256e-02  4.625985e-02 6.884781e-03
 9.659660e-01  5.056444e-02  6.402497e-02 6.655959e-03
 9.669670e-01  2.843645e-02  7.463399e-02 6.378864e-03
 9.679680e-01  4.841496e-03  7.741391e-02 6.016353e-03
 9.689690e-01 -1.785877e-02  7.248750e-02 5.573373e-03
 9.699700e-01 -3.751488e-02  6.072550e-02 5.094953e-03
 9.709710e-01 -5.238868e-02  4.362760e-02 4.647942e-03
 9.719720e-01 -6.130245e-02  2.314654e-02 4.293752e-03
 9.729730e-01 -6.372552e-02  1.475161e-03 4.063118e-03
 9.739740e-01 -5.979291e-02 -1.918118e-02 3.943110e-03
 9.749750e-01 -5.025702e-02 -3.682370e-02 3.881753e-03
 9.759760e-01 -3.638061e-02 -4.984934e-02 3.808506e-03
 9.769770e-01 -1.978437e-02 -5.719240e-02 3.662392e-03
 9.779780e-01 -2.266543e-03 -5.840641e-02 3.416445e-03
 9.789790e-01  1.438590e-02 -5.368060e-02 3.088561e-03
 9.799800e-01  2.857518e-02 -4.379192e-02 2.734273e-03
 9.809810e-01  3.904232e-02 -3.000003e-02 2.424305e-03
 9.819820e-01  4.497459e-02 -1.389834e-02 2.215878e-03
 9.829830e-01  4.606223e-02  2.762308e-03 2.129359e-03
 9.839840e-01  4.250092e-02  1.825810e-02 2.139686e-03
 9.849850e-01  3.494287e-02  3.106608e-02 2.186105e-03
 9.859860e-01  2.440390e-02  4.000997e-02 2.196348e-03
 9.869870e-01  1.213852e-02  4.436442e-02 2.115545e-03
 9.879880e-01 -5.024756e-04  4.390871e-02 1.928227e-03
 9.889890e-01 -1.221627e-02  3.892664e-02 1.664520e-03
 9.899900e-01 -2.187900e-02  3.015465e-02 1.387994e-03
 9.909910e-01 -2.865055e-02  1.868589e-02 1.170016e-03
 9.919920e-01 -3.204367e-02  5.841667e-03 1.060922e-03
 9.929930e-01 -3.195214e-02 -6.975035e-03 1.069590e-03
 9.939940e-01 -2.863715e-02 -1.842816e-02 1.159683e-03
 9.949950e-01 -2.267599e-02 -2.738395e-02 1.264081e-03
 9.959960e-01 -1.488033e-02 -3.301967e-02 1.311723e-03
 9.969970e-01 -6.194844e-03 -3.489550e-02 1.256072e-03
 9.979980e-01  2.412086e-03 -3.298371e-02 1.093743e-03
 9.989990e-01  1.005303e-02 -2.765397e-02 8.658058e-04
 1.000000e+00  1.601079e-02 -1.961795e-02 6.412092e-04
