# x psi_r psi_i psi2 
 0.000000e+00 -4.006428e-01 -7.808541e-01 7.702478e-01
 1.001001e-03 -3.466915e-01 -8.957546e-01 9.225713e-01
 2.002002e-03 -2.665849e-01 -9.774439e-01 1.026464e+00
 3.003003e-03 -1.654718e-01 -1.025011e+00 1.078029e+00
 4.004004e-03 -4.981025e-02 -1.038740e+00 1.081462e+00
 5.005005e-03  7.298156e-02 -1.020004e+00 1.045735e+00
 6.006006e-03  1.949349e-01 -9.711241e-01 9.810816e-01
 7.007007e-03  3.079797e-01 -8.952089e-01 8.962504e-01
 8.008008e-03  4.044098e-01 -7.959789e-01 7.971298e-01
 9.009009e-03  4.773381e-01 -6.775904e-01 6.869804e-01
 1.001001e-02  5.211165e-01 -5.444652e-01 5.680048e-01
 1.101101e-02  5.316961e-01 -4.011355e-01 4.436105e-01
 1.201201e-02  5.069048e-01 -2.521076e-01 3.205107e-01
 1.301301e-02  4.466251e-01 -1.017477e-01 2.098265e-01
 1.401401e-02  3.528591e-01  4.580783e-02 1.266079e-01
 1.501502e-02  2.296731e-01  1.867212e-01 8.761454e-02
 1.601602e-02  8.302248e-02  3.175017e-01 1.077000e-01
 1.701702e-02 -7.953728e-02  4.350389e-01 1.955851e-01
 1.801802e-02 -2.492392e-01  5.366258e-01 3.500875e-01
 1.901902e-02 -4.165737e-01  6.199752e-01 5.579028e-01
 2.002002e-02 -5.718131e-01  6.832349e-01 7.937801e-01
 2.102102e-02 -7.055624e-01  7.250054e-01 1.023451e+00
 2.202202e-02 -8.093056e-01  7.443609e-01 1.209049e+00
 2.302302e-02 -8.759150e-01  7.408747e-01 1.316123e+00
 2.402402e-02 -9.000947e-01  7.146490e-01 1.320894e+00
 2.502503e-02 -8.787292e-01  6.663434e-01 1.216179e+00
 2.602603e-02 -8.111160e-01  5.972016e-01 1.014559e+00
 2.702703e-02 -6.990666e-01  5.090672e-01 7.478436e-01
 2.802803e-02 -5.468661e-01  4.043868e-01 4.625911e-01
 2.902903e-02 -3.610921e-01  2.861911e-01 2.122929e-01
 3.003003e-02 -1.503018e-01  1.580526e-01 4.757125e-02
 3.103103e-02  7.539945e-02  2.401385e-02 6.261742e-03
 3.203203e-02  3.048818e-01 -1.115142e-01 1.053883e-01
 3.303303e-02  5.265800e-01 -2.438835e-01 3.367656e-01
 3.403403e-02  7.291140e-01 -3.683670e-01 6.673015e-01
 3.503504e-02  9.019063e-01 -4.803379e-01 1.044159e+00
 3.603604e-02  1.035760e+00 -5.754627e-01 1.403955e+00
 3.703704e-02  1.123364e+00 -6.498986e-01 1.684315e+00
 3.803804e-02  1.159700e+00 -7.004833e-01 1.835581e+00
 3.903904e-02  1.142322e+00 -7.249076e-01 1.830390e+00
 4.004004e-02  1.071496e+00 -7.218565e-01 1.669180e+00
 4.104104e-02  9.501922e-01 -6.911115e-01 1.380500e+00
 4.204204e-02  7.839335e-01 -6.336026e-01 1.016004e+00
 4.304304e-02  5.804996e-01 -5.514053e-01 6.410275e-01
 4.404404e-02  3.495175e-01 -4.476790e-01 3.225790e-01
 4.504505e-02  1.019535e-01 -3.265477e-01 1.170279e-01
 4.604605e-02 -1.504605e-01 -1.929254e-01 5.985860e-02
 4.704705e-02 -3.958340e-01 -5.229608e-02 1.594194e-01
 4.804805e-02 -6.227239e-01  8.954307e-02 3.958030e-01
 4.904905e-02 -8.207069e-01  2.267600e-01 7.249799e-01
 5.005005e-02 -9.808863e-01  3.537733e-01 1.087293e+00
 5.105105e-02 -1.096308e+00  4.655283e-01 1.418608e+00
 5.205205e-02 -1.162266e+00  5.577474e-01 1.661945e+00
 5.305305e-02 -1.176482e+00  6.271386e-01 1.777414e+00
 5.405405e-02 -1.139155e+00  6.715518e-01 1.748656e+00
 5.505506e-02 -1.052883e+00  6.900692e-01 1.584757e+00
 5.605606e-02 -9.224639e-01  6.830274e-01 1.317466e+00
 5.705706e-02 -7.545967e-01  6.519671e-01 9.944772e-01
 5.805806e-02 -5.574913e-01  5.995134e-01 6.702129e-01
 5.905906e-02 -3.404259e-01  5.291951e-01 3.959373e-01
 6.006006e-02 -1.132680e-01  4.452124e-01 2.110437e-01
 6.106106e-02  1.140105e-01  3.521692e-01 1.370215e-01
 6.206206e-02  3.317983e-01  2.547855e-01 1.750057e-01
 6.306306e-02  5.312689e-01  1.576101e-01 3.070876e-01
 6.406406e-02  7.047427e-01  6.475051e-02 5.008549e-01
 6.506507e-02  8.459739e-01 -2.036141e-02 7.160865e-01
 6.606607e-02  9.503520e-01 -9.515281e-02 9.122231e-01
 6.706707e-02  1.015015e+00 -1.580303e-01 1.055228e+00
 6.806807e-02  1.038872e+00 -2.084295e-01 1.122698e+00
 6.906907e-02  1.022549e+00 -2.467908e-01 1.106513e+00
 7.007007e-02  9.682547e-01 -2.744624e-01 1.012847e+00
 7.107107e-02  8.795902e-01 -2.935383e-01 8.598436e-01
 7.207207e-02  7.613122e-01 -3.066416e-01 6.736254e-01
 7.307307e-02  6.190648e-01 -3.166690e-01 4.835205e-01
 7.407407e-02  4.590956e-01 -3.265143e-01 3.173804e-01
 7.507508e-02  2.879712e-01 -3.387903e-01 1.977063e-01
 7.607608e-02  1.123042e-01 -3.555695e-01 1.390419e-01
 7.707708e-02 -6.149789e-02 -3.781626e-01 1.467890e-01
 7.807808e-02 -2.274535e-01 -4.069525e-01 2.173454e-01
 7.907908e-02 -3.801916e-01 -4.412947e-01 3.392867e-01
 8.008008e-02 -5.150981e-01 -4.794970e-01 4.952433e-01
 8.108108e-02 -6.284211e-01 -5.188785e-01 6.641480e-01
 8.208208e-02 -7.173389e-01 -5.559096e-01 8.236106e-01
 8.308308e-02 -7.799898e-01 -5.864233e-01 9.522763e-01
 8.408408e-02 -8.154700e-01 -6.058881e-01 1.032092e+00
 8.508509e-02 -8.238020e-01 -6.097249e-01 1.050414e+00
 8.608609e-02 -8.058782e-01 -5.936482e-01 1.001858e+00
 8.708709e-02 -7.633841e-01 -5.540099e-01 8.896823e-01
 8.808809e-02 -6.987053e-01 -4.881230e-01 7.264532e-01
 8.908909e-02 -6.148207e-01 -3.945432e-01 5.336688e-01
 9.009009e-02 -5.151868e-01 -2.732879e-01 3.401037e-01
 9.109109e-02 -4.036147e-01 -1.259767e-01 1.787750e-01
 9.209209e-02 -2.841429e-01  4.411864e-02 8.268366e-02
 9.309309e-02 -1.609080e-01  2.321234e-01 7.977264e-02
 9.409409e-02 -3.801607e-02  4.317064e-01 1.878156e-01
 9.509510e-02  8.058229e-02  6.353214e-01 4.101268e-01
 9.609610e-02  1.912118e-01  8.345317e-01 7.330052e-01
 9.709710e-02  2.905831e-01  1.020402e+00 1.125659e+00
 9.809810e-02  3.758915e-01  1.183937e+00 1.543002e+00
 9.909910e-02  4.449007e-01  1.316547e+00 1.931232e+00
 1.001001e-01  4.960089e-01  1.410506e+00 2.235552e+00
 1.011011e-01  5.282935e-01  1.459391e+00 2.408915e+00
 1.021021e-01  5.415331e-01  1.458463e+00 2.420374e+00
 1.031031e-01  5.362054e-01  1.404982e+00 2.261490e+00
 1.041041e-01  5.134583e-01  1.298418e+00 1.949530e+00
 1.051051e-01  4.750575e-01  1.140574e+00 1.526588e+00
 1.061061e-01  4.233090e-01  9.355765e-01 1.054494e+00
 1.071071e-01  3.609607e-01  6.897663e-01 6.060702e-01
 1.081081e-01  2.910859e-01  4.114668e-01 2.540359e-01
 1.091091e-01  2.169532e-01  1.106552e-01 5.931329e-02
 1.101101e-01  1.418875e-01 -2.014541e-01 6.071584e-02
 1.111111e-01  6.912882e-02 -5.128935e-01 2.678385e-01
 1.121121e-01  1.693590e-03 -8.114686e-01 6.584841e-01
 1.131131e-01 -5.775415e-02 -1.085304e+00 1.181220e+00
 1.141141e-01 -1.070173e-01 -1.323378e+00 1.762783e+00
 1.151151e-01 -1.444599e-01 -1.516027e+00 2.319208e+00
 1.161161e-01 -1.690768e-01 -1.655384e+00 2.768884e+00
 1.171171e-01 -1.805355e-01 -1.735741e+00 3.045388e+00
 1.181181e-01 -1.791881e-01 -1.753810e+00 3.107957e+00
 1.191191e-01 -1.660511e-01 -1.708877e+00 2.947833e+00
 1.201201e-01 -1.427554e-01 -1.602833e+00 2.589453e+00
 1.211211e-01 -1.114661e-01 -1.440088e+00 2.086279e+00
 1.221221e-01 -7.477644e-02 -1.227370e+00 1.512029e+00
 1.231231e-01 -3.557852e-02 -9.734171e-01 9.488067e-01
 1.241241e-01  3.082436e-03 -6.885831e-01 4.741562e-01
 1.251251e-01  3.816556e-02 -3.843697e-01 1.491967e-01
 1.261261e-01  6.679618e-02 -7.291214e-02 9.777909e-03
 1.271271e-01  8.642503e-02  2.335586e-01 6.201892e-02
 1.281281e-01  9.497719e-02  5.232513e-01 2.828126e-01
 1.291291e-01  9.098363e-02  7.853217e-01 6.250082e-01
 1.301301e-01  7.368793e-02  1.010329e+00 1.026194e+00
 1.311311e-01  4.312225e-02  1.190617e+00 1.419429e+00
 1.321321e-01  1.466468e-04  1.320614e+00 1.744021e+00
 1.331331e-01 -5.355188e-02  1.397017e+00 1.954524e+00
 1.341341e-01 -1.155036e-01  1.418879e+00 2.026558e+00
 1.351351e-01 -1.825434e-01  1.387577e+00 1.958693e+00
 1.361361e-01 -2.509412e-01  1.306680e+00 1.770383e+00
 1.371371e-01 -3.165697e-01  1.181704e+00 1.496640e+00
 1.381381e-01 -3.751057e-01  1.019800e+00 1.180695e+00
 1.391391e-01 -4.222554e-01  8.293606e-01 8.661386e-01
 1.401401e-01 -4.539942e-01  6.195892e-01 5.900015e-01
 1.411411e-01 -4.668096e-01  4.000394e-01 3.779427e-01
 1.421421e-01 -4.579335e-01  1.801595e-01 2.421605e-01
 1.431431e-01 -4.255517e-01 -3.114123e-02 1.820641e-01
 1.441441e-01 -3.689766e-01 -2.258812e-01 1.871660e-01
 1.451451e-01 -2.887706e-01 -3.973316e-01 2.412609e-01
 1.461461e-01 -1.868112e-01 -5.402635e-01 3.267831e-01
 1.471471e-01 -6.628756e-02 -6.511061e-01 4.283332e-01
 1.481481e-01  6.837418e-02 -7.280123e-01 5.346770e-01
 1.491491e-01  2.116598e-01 -7.708311e-01 6.389805e-01
 1.501502e-01  3.571853e-01 -7.809925e-01 7.375306e-01
 1.511512e-01  4.979786e-01 -7.613148e-01 8.275829e-01
 1.521522e-01  6.268123e-01 -7.157499e-01 9.051915e-01
 1.531532e-01  7.365723e-01 -6.490821e-01 9.638462e-01
 1.541542e-01  8.206438e-01 -5.666016e-01 9.944937e-01
 1.551552e-01  8.732943e-01 -4.737727e-01 9.871036e-01
 1.561562e-01  8.900301e-01 -3.759160e-01 9.334665e-01
 1.571572e-01  8.679069e-01 -2.779237e-01 8.305040e-01
 1.581582e-01  8.057719e-01 -1.840234e-01 6.831330e-01
 1.591592e-01  7.044211e-01 -9.760219e-02 5.057353e-01
 1.601602e-01  5.666583e-01 -2.109928e-02 3.215468e-01
 1.611612e-01  3.972466e-01  4.403114e-02 1.597436e-01
 1.621622e-01  2.027508e-01  9.728723e-02 5.057269e-02
 1.631632e-01 -8.725636e-03  1.390243e-01 1.940390e-02
 1.641642e-01 -2.278992e-01  1.703072e-01 8.094259e-02
 1.651652e-01 -4.447435e-01  1.927236e-01 2.349392e-01
 1.661662e-01 -6.489839e-01  2.081742e-01 4.645167e-01
 1.671672e-01 -8.306234e-01  2.186566e-01 7.377459e-01
 1.681682e-01 -9.804702e-01  2.260593e-01 1.012425e+00
 1.691692e-01 -1.090639e+00  2.319808e-01 1.243310e+00
 1.701702e-01 -1.154997e+00  2.375873e-01 1.390466e+00
 1.711712e-01 -1.169521e+00  2.435181e-01 1.427080e+00
 1.721722e-01 -1.132555e+00  2.498444e-01 1.345103e+00
 1.731732e-01 -1.044945e+00  2.560831e-01 1.157488e+00
 1.741742e-01 -9.100334e-01  2.612630e-01 8.964191e-01
 1.751752e-01 -7.335285e-01  2.640365e-01 6.077793e-01
 1.761762e-01 -5.232358e-01  2.628260e-01 3.428532e-01
 1.771772e-01 -2.886777e-01  2.559935e-01 1.488675e-01
 1.781782e-01 -4.061456e-02  2.420182e-01 6.022236e-02
 1.791792e-01  2.095041e-01  2.196680e-01 9.214598e-02
 1.801802e-01  4.501282e-01  1.881496e-01 2.380157e-01
 1.811812e-01  6.702028e-01  1.472273e-01 4.708477e-01
 1.821822e-01  8.597371e-01  9.729729e-02 7.486147e-01
 1.831832e-01  1.010315e+00  3.941513e-02 1.022289e+00
 1.841842e-01  1.115515e+00 -2.472943e-02 1.244985e+00
 1.851852e-01  1.171226e+00 -9.288664e-02 1.380399e+00
 1.861862e-01  1.175827e+00 -1.623656e-01 1.408931e+00
 1.871872e-01  1.130232e+00 -2.301884e-01 1.330410e+00
 1.881882e-01  1.037798e+00 -2.932690e-01 1.163031e+00
 1.891892e-01  9.040986e-01 -3.486030e-01 9.389183e-01
 1.901902e-01  7.365807e-01 -3.934539e-01 6.973570e-01
 1.911912e-01  5.441240e-01 -4.255242e-01 4.771418e-01
 1.921922e-01  3.365328e-01 -4.430971e-01 3.095894e-01
 1.931932e-01  1.239875e-01 -4.451399e-01 2.135224e-01
 1.941942e-01 -8.351048e-02 -4.313618e-01 1.930470e-01
 1.951952e-01 -2.766679e-01 -4.022239e-01 2.383292e-01
 1.961962e-01 -4.473741e-01 -3.588999e-01 3.289527e-01
 1.971972e-01 -5.890932e-01 -3.031928e-01 4.389567e-01
 1.981982e-01 -6.971541e-01 -2.374147e-01 5.423896e-01
 1.991992e-01 -7.689234e-01 -1.642388e-01 6.182176e-01
 2.002002e-01 -8.038550e-01 -8.653581e-02 6.536713e-01
 2.012012e-01 -8.034157e-01 -7.207148e-03 6.455287e-01
 2.022022e-01 -7.708960e-01  7.097312e-02 5.993178e-01
 2.032032e-01 -7.111200e-01  1.454963e-01 5.268608e-01
 2.042042e-01 -6.300750e-01  2.142278e-01 4.428880e-01
 2.052052e-01 -5.344849e-01  2.754805e-01 3.615637e-01
 2.062062e-01 -4.313564e-01  3.280490e-01 2.936844e-01
 2.072072e-01 -3.275239e-01  3.712050e-01 2.450651e-01
 2.082082e-01 -2.292245e-01  4.046577e-01 2.162917e-01
 2.092092e-01 -1.417243e-01  4.284833e-01 2.036837e-01
 2.102102e-01 -6.902152e-02  4.430350e-01 2.010440e-01
 2.112112e-01 -1.364044e-02  4.488408e-01 2.016441e-01
 2.122122e-01  2.347242e-02  4.465005e-01 1.999137e-01
 2.132132e-01  4.294558e-02  4.365934e-01 1.924581e-01
 2.142142e-01  4.687581e-02  4.196032e-01 1.782642e-01
 2.152152e-01  3.862629e-02  3.958699e-01 1.582050e-01
 2.162162e-01  2.254359e-02  3.655711e-01 1.341504e-01
 2.172172e-01  3.612873e-03  3.287357e-01 1.080802e-01
 2.182182e-01 -1.292658e-02  2.852882e-01 8.155648e-02
 2.192192e-01 -2.198050e-02  2.351183e-01 5.576376e-02
 2.202202e-01 -1.898883e-02  1.781701e-01 3.210517e-02
 2.212212e-01 -2.801607e-04  1.145416e-01 1.311985e-02
 2.222222e-01  3.663014e-02  4.458359e-02 3.329463e-03
 2.232232e-01  9.281683e-02 -3.101127e-02 9.576663e-03
 2.242242e-01  1.678104e-01 -1.111403e-01 4.051249e-02
 2.252252e-01  2.595602e-01 -1.942511e-01 1.051050e-01
 2.262262e-01  3.644976e-01 -2.783378e-01 2.103304e-01
 2.272272e-01  4.776967e-01 -3.609753e-01 3.584973e-01
 2.282282e-01  5.931234e-01 -4.393942e-01 5.448627e-01
 2.292292e-01  7.039596e-01 -5.105922e-01 7.562635e-01
 2.302302e-01  8.029842e-01 -5.714767e-01 9.713692e-01
 2.312312e-01  8.829901e-01 -6.190310e-01 1.162871e+00
 2.322322e-01  9.372136e-01 -6.504931e-01 1.301511e+00
 2.332332e-01  9.597521e-01 -6.635351e-01 1.361403e+00
 2.342342e-01  9.459465e-01 -6.564314e-01 1.325717e+00
 2.352352e-01  8.927071e-01 -6.282039e-01 1.191566e+00
 2.362362e-01  7.987633e-01 -5.787323e-01 9.729539e-01
 2.372372e-01  6.648233e-01 -5.088222e-01 7.008900e-01
 2.382382e-01  4.936326e-01 -4.202235e-01 4.202610e-01
 2.392392e-01  2.899276e-01 -3.155974e-01 1.836597e-01
 2.402402e-01  6.028376e-02 -1.984299e-01 4.300856e-02
 2.412412e-01 -1.871347e-01 -7.289782e-02 4.033349e-02
 2.422422e-01 -4.429125e-01  5.630843e-02 1.993421e-01
 2.432432e-01 -6.967926e-01  1.841951e-01 5.194477e-01
 2.442442e-01 -9.381382e-01  3.056973e-01 9.735542e-01
 2.452452e-01 -1.156424e+00  4.159214e-01 1.510307e+00
 2.462462e-01 -1.341732e+00  5.103836e-01 2.060736e+00
 2.472472e-01 -1.485232e+00  5.852317e-01 2.548412e+00
 2.482482e-01 -1.579617e+00  6.374393e-01 2.901518e+00
 2.492492e-01 -1.619471e+00  6.649602e-01 3.064858e+00
 2.502503e-01 -1.601563e+00  6.668358e-01 3.009675e+00
 2.512513e-01 -1.525037e+00  6.432502e-01 2.739509e+00
 2.522523e-01 -1.391492e+00  5.955281e-01 2.290904e+00
 2.532533e-01 -1.204955e+00  5.260780e-01 1.728674e+00
 2.542543e-01 -9.717388e-01  4.382816e-01 1.136367e+00
 2.552553e-01 -7.001949e-01  3.363359e-01 6.033947e-01
 2.562563e-01 -4.003682e-01  2.250548e-01 2.109444e-01
 2.572573e-01 -8.357540e-02  1.096418e-01 1.900617e-02
 2.582583e-01  2.380783e-01 -4.558584e-03 5.670208e-02
 2.592593e-01  5.522202e-01 -1.123152e-01 3.175619e-01
 2.602603e-01  8.467438e-01 -2.087609e-01 7.605562e-01
 2.612613e-01  1.110332e+00 -2.896267e-01 1.316720e+00
 2.622623e-01  1.332942e+00 -3.514483e-01 1.900250e+00
 2.632633e-01  1.506237e+00 -3.917351e-01 2.422205e+00
 2.642643e-01  1.623932e+00 -4.090940e-01 2.804512e+00
 2.652653e-01  1.682053e+00 -4.033012e-01 2.991953e+00
 2.662663e-01  1.679084e+00 -3.753180e-01 2.960188e+00
 2.672673e-01  1.616010e+00 -3.272492e-01 2.718579e+00
 2.682683e-01  1.496233e+00 -2.622454e-01 2.307487e+00
 2.692693e-01  1.325402e+00 -1.843511e-01 1.790675e+00
 2.702703e-01  1.111119e+00 -9.830716e-02 1.244250e+00
 2.712713e-01  8.625844e-01 -9.313389e-03 7.441385e-01
 2.722723e-01  5.901606e-01  7.723680e-02 3.542550e-01
 2.732733e-01  3.049012e-01  1.560380e-01 1.173126e-01
 2.742743e-01  1.805583e-02  2.221574e-01 4.967993e-02
 2.752753e-01 -2.594206e-01  2.713080e-01 1.409071e-01
 2.762763e-01 -5.173314e-01  3.000966e-01 3.576897e-01
 2.772773e-01 -7.466527e-01  3.062324e-01 6.512686e-01
 2.782783e-01 -9.398814e-01  2.886843e-01 9.667157e-01
 2.792793e-01 -1.091299e+00  2.477766e-01 1.252328e+00
 2.802803e-01 -1.197146e+00  1.852149e-01 1.467463e+00
 2.812813e-01 -1.255691e+00  1.040380e-01 1.587585e+00
 2.822823e-01 -1.267212e+00  8.495479e-03 1.605898e+00
 2.832833e-01 -1.233872e+00 -9.614625e-02 1.531684e+00
 2.842843e-01 -1.159522e+00 -2.038623e-01 1.386052e+00
 2.852853e-01 -1.049430e+00 -3.081800e-01 1.196278e+00
 2.862863e-01 -9.099534e-01 -4.025278e-01 9.900439e-01
 2.872873e-01 -7.481865e-01 -4.806046e-01 7.907638e-01
 2.882883e-01 -5.715895e-01 -5.367490e-01 6.148140e-01
 2.892893e-01 -3.876280e-01 -5.662881e-01 4.709377e-01
 2.902903e-01 -2.034376e-01 -5.658460e-01 3.615686e-01
 2.912913e-01 -2.553263e-02 -5.335902e-01 2.853704e-01
 2.922923e-01  1.404291e-01 -4.694017e-01 2.400583e-01
 2.932933e-01  2.898169e-01 -3.749542e-01 2.245845e-01
 2.942943e-01  4.191262e-01 -2.536945e-01 2.400277e-01
 2.952953e-01  5.260093e-01 -1.107212e-01 2.889450e-01
 2.962963e-01  6.092380e-01  4.743516e-02 3.734211e-01
 2.972973e-01  6.686101e-01  2.131218e-01 4.924604e-01
 2.982983e-01  7.048084e-01  3.779487e-01 6.396001e-01
 2.992993e-01  7.192276e-01  5.332285e-01 8.016210e-01
 3.003003e-01  7.137833e-01  6.704482e-01 9.589875e-01
 3.013013e-01  6.907188e-01  7.817469e-01 1.088221e+00
 3.023023e-01  6.524232e-01  8.603695e-01 1.165892e+00
 3.033033e-01  6.012755e-01  9.010728e-01 1.173464e+00
 3.043043e-01  5.395207e-01  9.004560e-01 1.101904e+00
 3.053053e-01  4.691877e-01  8.571959e-01 9.549219e-01
 3.063063e-01  3.920503e-01  7.721701e-01 7.499501e-01
 3.073073e-01  3.096290e-01  6.484599e-01 5.163703e-01
 3.083083e-01  2.232307e-01  4.912273e-01 2.911362e-01
 3.093093e-01  1.340177e-01  3.074746e-01 1.125013e-01
 3.103103e-01  4.309390e-02  1.056949e-01 1.302850e-02
 3.113113e-01 -4.839963e-02 -1.045646e-01 1.327628e-02
 3.123123e-01 -1.391964e-01 -3.132054e-01 1.174733e-01
 3.133133e-01 -2.278320e-01 -5.101160e-01 3.121258e-01
 3.143143e-01 -3.125990e-01 -6.857150e-01 5.679232e-01
 3.153153e-01 -3.915359e-01 -8.314692e-01 8.446414e-01
 3.163163e-01 -4.624565e-01 -9.403541e-01 1.098132e+00
 3.173173e-01 -5.230173e-01 -1.007232e+00 1.288063e+00
 3.183183e-01 -5.708237e-01 -1.029121e+00 1.384931e+00
 3.193193e-01 -6.035655e-01 -1.005351e+00 1.375023e+00
 3.203203e-01 -6.191750e-01 -9.375771e-01 1.262429e+00
 3.213213e-01 -6.159925e-01 -8.296704e-01 1.067800e+00
 3.223223e-01 -5.929296e-01 -6.874839e-01 8.241997e-01
 3.233233e-01 -5.496120e-01 -5.185063e-01 5.709222e-01
 3.243243e-01 -4.864929e-01 -3.314280e-01 3.465199e-01
 3.253253e-01 -4.049219e-01 -1.356454e-01 1.823614e-01
 3.263263e-01 -3.071630e-01  5.926768e-02 9.786178e-02
 3.273273e-01 -1.963551e-01  2.440894e-01 9.813498e-02
 3.283283e-01 -7.641421e-02  4.104493e-01 1.743078e-01
 3.293293e-01  4.811988e-02  5.512673e-01 3.062112e-01
 3.303303e-01  1.722848e-01  6.611089e-01 4.667470e-01
 3.313313e-01  2.909348e-01  7.364346e-01 6.269790e-01
 3.323323e-01  3.990028e-01  7.757328e-01 7.609646e-01
 3.333333e-01  4.917704e-01  7.795279e-01 8.495019e-01
 3.343343e-01  5.651278e-01  7.502678e-01 8.822712e-01
 3.353353e-01  6.158073e-01  6.920985e-01 8.582189e-01
 3.363363e-01  6.415752e-01  6.105420e-01 7.843803e-01
 3.373373e-01  6.413683e-01  5.121010e-01 6.736007e-01
 3.383383e-01  6.153656e-01  4.038133e-01 5.417400e-01
 3.393393e-01  5.649916e-01  2.927878e-01 4.049402e-01
 3.403403e-01  4.928467e-01  1.857492e-01 2.774007e-01
 3.413413e-01  4.025725e-01  8.862047e-02 1.699182e-01
 3.423423e-01  2.986564e-01  6.169475e-03 8.923369e-02
 3.433433e-01  1.861905e-01 -5.826067e-02 3.806121e-02
 3.443443e-01  7.059691e-02 -1.029205e-01 1.557655e-02
 3.453453e-01 -4.266205e-02 -1.277137e-01 1.813084e-02
 3.463463e-01 -1.483723e-01 -1.341454e-01 4.000934e-02
 3.473473e-01 -2.418371e-01 -1.251632e-01 7.415104e-02
 3.483483e-01 -3.191124e-01 -1.049037e-01 1.128375e-01
 3.493493e-01 -3.771938e-01 -7.836021e-02 1.484155e-01
 3.503504e-01 -4.141473e-01 -5.099558e-02 1.741185e-01
 3.513514e-01 -4.291761e-01 -2.832381e-02 1.849944e-01
 3.523524e-01 -4.226234e-01 -1.548872e-02 1.788505e-01
 3.533534e-01 -3.959114e-01 -1.686609e-02 1.570303e-01
 3.543544e-01 -3.514250e-01 -3.571537e-02 1.247751e-01
 3.553554e-01 -2.923475e-01 -7.390293e-02 9.092872e-02
 3.563564e-01 -2.224615e-01 -1.317152e-01 6.683802e-02
 3.573574e-01 -1.459260e-01 -2.077739e-01 6.446439e-02
 3.583584e-01 -6.704660e-02 -2.990595e-01 9.393186e-02
 3.593594e-01  9.950452e-03 -4.010430e-01 1.609345e-01
 3.603604e-01  8.112663e-02 -5.079184e-01 2.645626e-01
 3.613614e-01  1.430125e-01 -6.129238e-01 3.961282e-01
 3.623624e-01  1.927528e-01 -7.087324e-01 5.394552e-01
 3.633634e-01  2.282123e-01 -7.878903e-01 6.728520e-01
 3.643644e-01  2.480376e-01 -8.432776e-01 7.726398e-01
 3.653654e-01  2.516775e-01 -8.685637e-01 8.177444e-01
 3.663664e-01  2.393629e-01 -8.586318e-01 7.945431e-01
 3.673674e-01  2.120532e-01 -8.099468e-01 7.009804e-01
 3.683684e-01  1.713528e-01 -7.208450e-01 5.489794e-01
 3.693694e-01  1.194079e-01 -5.917268e-01 3.643988e-01
 3.703704e-01  5.878682e-02 -4.251411e-01 1.842008e-01
 3.713714e-01 -7.644386e-03 -2.257542e-01 5.102341e-02
 3.723724e-01 -7.684912e-02 -2.027912e-04 5.905828e-03
 3.733734e-01 -1.457417e-01  2.431636e-01 8.036921e-02
 3.743744e-01 -2.113018e-01  4.946375e-01 2.893147e-01
 3.753754e-01 -2.706763e-01  7.435895e-01 6.261909e-01
 3.763764e-01 -3.212697e-01  9.789644e-01 1.061586e+00
 3.773774e-01 -3.608205e-01  1.189811e+00 1.545843e+00
 3.783784e-01 -3.874643e-01  1.365823e+00 2.015600e+00
 3.793794e-01 -3.997836e-01  1.497852e+00 2.403388e+00
 3.803804e-01 -3.968472e-01  1.578390e+00 2.648802e+00
 3.813814e-01 -3.782349e-01  1.601965e+00 2.709354e+00
 3.823824e-01 -3.440539e-01  1.565460e+00 2.569038e+00
 3.833834e-01 -2.949410e-01  1.468315e+00 2.242938e+00
 3.843844e-01 -2.320547e-01  1.312615e+00 1.776809e+00
 3.853854e-01 -1.570525e-01  1.103059e+00 1.241404e+00
 3.863864e-01 -7.205626e-02  8.467903e-01 7.222460e-01
 3.873874e-01  2.039891e-02  5.531315e-01 3.063706e-01
 3.883884e-01  1.174293e-01  2.331954e-01 6.816975e-02
 3.893894e-01  2.158838e-01 -1.005800e-01 5.672214e-02
 3.903904e-01  3.124374e-01 -4.349675e-01 2.868138e-01
 3.913914e-01  4.036987e-01 -7.565272e-01 7.353061e-01
 3.923924e-01  4.863249e-01 -1.052199e+00 1.343634e+00
 3.933934e-01  5.571440e-01 -1.309881e+00 2.026198e+00
 3.943944e-01  6.132750e-01 -1.518975e+00 2.683390e+00
 3.953954e-01  6.522469e-01 -1.670857e+00 3.217188e+00
 3.963964e-01  6.721039e-01 -1.759274e+00 3.546769e+00
 3.973974e-01  6.714973e-01 -1.780629e+00 3.621547e+00
 3.983984e-01  6.497549e-01 -1.734145e+00 3.429441e+00
 3.993994e-01  6.069264e-01 -1.621913e+00 2.998963e+00
 4.004004e-01  5.437992e-01 -1.448800e+00 2.394738e+00
 4.014014e-01  4.618865e-01 -1.222235e+00 1.707197e+00
 4.024024e-01  3.633827e-01 -9.518835e-01 1.038129e+00
 4.034034e-01  2.510933e-01 -6.492155e-01 4.845287e-01
 4.044044e-01  1.283372e-01 -3.269915e-01 1.233939e-01
 4.054054e-01 -1.169443e-03  1.307312e-03 3.076662e-06
 4.064064e-01 -1.334464e-01  3.220827e-01 1.215452e-01
 4.074074e-01 -2.643894e-01  6.222262e-01 4.570672e-01
 4.084084e-01 -3.899148e-01  8.897026e-01 9.436043e-01
 4.094094e-01 -5.060971e-01  1.114081e+00 1.497310e+00
 4.104104e-01 -6.092995e-01  1.286987e+00 2.027582e+00
 4.114114e-01 -6.962863e-01  1.402463e+00 2.451717e+00
 4.124124e-01 -7.643200e-01  1.457203e+00 2.707625e+00
 4.134134e-01 -8.112336e-01  1.450669e+00 2.762539e+00
 4.144144e-01 -8.354835e-01  1.385069e+00 2.616449e+00
 4.154154e-01 -8.361782e-01  1.265212e+00 2.299955e+00
 4.164164e-01 -8.130882e-01  1.098227e+00 1.867216e+00
 4.174174e-01 -7.666356e-01  8.931880e-01 1.385515e+00
 4.184184e-01 -6.978703e-01  6.606346e-01 9.234610e-01
 4.194194e-01 -6.084317e-01  4.120394e-01 5.399656e-01
 4.204204e-01 -5.005030e-01  1.592303e-01 2.758576e-01
 4.214214e-01 -3.767566e-01 -8.619270e-02 1.493747e-01
 4.224224e-01 -2.402967e-01 -3.134189e-01 1.559739e-01
 4.234234e-01 -9.459557e-02 -5.129372e-01 2.720529e-01
 4.244244e-01  5.657089e-02 -6.769696e-01 4.614881e-01
 4.254254e-01  2.091951e-01 -7.998051e-01 6.834508e-01
 4.264264e-01  3.591111e-01 -8.780183e-01 8.998769e-01
 4.274274e-01  5.020785e-01 -9.105624e-01 1.081207e+00
 4.284284e-01  6.338701e-01 -8.987333e-01 1.209513e+00
 4.294294e-01  7.503733e-01 -8.460092e-01 1.278792e+00
 4.304304e-01  8.476958e-01 -7.577763e-01 1.292813e+00
 4.314314e-01  9.222852e-01 -6.409595e-01 1.261439e+00
 4.324324e-01  9.710499e-01 -5.035789e-01 1.196530e+00
 4.334334e-01  9.914891e-01 -3.542607e-01 1.108551e+00
 4.344344e-01  9.818154e-01 -2.017304e-01 1.004657e+00
 4.354354e-01  9.410762e-01 -5.431928e-02 8.885749e-01
 4.364364e-01  8.692539e-01  8.048878e-02 7.620808e-01
 4.374374e-01  7.673516e-01  1.964420e-01 6.274180e-01
 4.384384e-01  6.374408e-01  2.888189e-01 4.897471e-01
 4.394394e-01  4.826801e-01  3.546206e-01 3.587358e-01
 4.404404e-01  3.072828e-01  3.926528e-01 2.485989e-01
 4.414414e-01  1.164452e-01  4.034908e-01 1.763643e-01
 4.424424e-01 -8.378455e-02  3.893391e-01 1.586048e-01
 4.434434e-01 -2.866768e-01  3.537907e-01 2.073514e-01
 4.444444e-01 -4.850474e-01  3.015123e-01 3.261807e-01
 4.454454e-01 -6.715144e-01  2.378708e-01 5.075142e-01
 4.464464e-01 -8.387951e-01  1.685340e-01 7.319810e-01
 4.474474e-01 -9.800110e-01  9.906589e-02 9.702355e-01
 4.484484e-01 -1.089008e+00  3.455134e-02 1.187132e+00
 4.494494e-01 -1.160654e+00 -2.073359e-02 1.347547e+00
 4.504505e-01 -1.191119e+00 -6.357644e-02 1.422806e+00
 4.514515e-01 -1.178101e+00 -9.200117e-02 1.396386e+00
 4.524525e-01 -1.121006e+00 -1.053409e-01 1.267751e+00
 4.534535e-01 -1.021040e+00 -1.042176e-01 1.053384e+00
 4.544545e-01 -8.812390e-01 -9.042226e-02 7.847583e-01
 4.554555e-01 -7.063937e-01 -6.671848e-02 5.034434e-01
 4.564565e-01 -5.029070e-01 -3.657271e-02 2.542530e-01
 4.574575e-01 -2.785463e-01 -3.846126e-03 7.760281e-02
 4.584585e-01 -4.214277e-02  2.754330e-02 2.534646e-03
 4.594595e-01  1.967950e-01  5.394680e-02 4.163852e-02
 4.604605e-01  4.284876e-01  7.229291e-02 1.888279e-01
 4.614615e-01  6.433441e-01  8.033500e-02 4.203454e-01
 4.624625e-01  8.323944e-01  7.684271e-02 6.987853e-01
 4.634635e-01  9.877335e-01  6.169849e-02 9.794242e-01
 4.644645e-01  1.102887e+00  3.592058e-02 1.217651e+00
 4.654655e-01  1.173153e+00  1.579396e-03 1.376290e+00
 4.664665e-01  1.195813e+00 -3.835080e-02 1.431439e+00
 4.674675e-01  1.170302e+00 -8.023411e-02 1.376044e+00
 4.684685e-01  1.098212e+00 -1.200462e-01 1.220480e+00
 4.694695e-01  9.832512e-01 -1.537100e-01 9.904096e-01
 4.704705e-01  8.310274e-01 -1.774106e-01 7.220811e-01
 4.714715e-01  6.488099e-01 -1.879343e-01 4.562736e-01
 4.724725e-01  4.451225e-01 -1.829286e-01 2.315969e-01
 4.734735e-01  2.293705e-01 -1.611556e-01 7.858195e-02
 4.744745e-01  1.131180e-02 -1.226107e-01 1.516134e-02
 4.754755e-01 -1.993542e-01 -6.862774e-02 4.445185e-02
 4.764765e-01 -3.935474e-01 -1.804269e-03 1.548828e-01
 4.774775e-01 -5.631395e-01  7.405882e-02 3.226108e-01
 4.784785e-01 -7.014657e-01  1.542369e-01 5.158432e-01
 4.794795e-01 -8.034566e-01  2.332647e-01 6.999549e-01
 4.804805e-01 -8.660671e-01  3.054019e-01 8.433425e-01
 4.814815e-01 -8.880719e-01  3.648247e-01 9.217688e-01
 4.824825e-01 -8.705131e-01  4.062796e-01 9.228561e-01
 4.834835e-01 -8.158518e-01  4.250135e-01 8.462506e-01
 4.844845e-01 -7.292088e-01  4.179889e-01 7.064602e-01
 4.854855e-01 -6.124290e-01  3.806867e-01 5.199917e-01
 4.864865e-01 -4.495603e-01  2.984903e-01 2.912009e-01
 4.874875e-01 -2.525779e-01  1.755010e-01 9.459619e-02
 4.884885e-01 -4.116786e-02  2.379690e-02 2.261085e-03
 4.894895e-01  1.654546e-01 -1.413614e-01 4.735826e-02
 4.904905e-01  3.488229e-01 -3.021834e-01 2.129923e-01
 4.914915e-01  4.936217e-01 -4.406545e-01 4.378388e-01
 4.924925e-01  5.885117e-01 -5.402331e-01 6.381978e-01
 4.934935e-01  6.272917e-01 -5.878826e-01 7.391009e-01
 4.944945e-01  6.090194e-01 -5.755051e-01 7.021107e-01
 4.954955e-01  5.380093e-01 -5.010912e-01 5.405463e-01
 4.964965e-01  4.230656e-01 -3.691218e-01 3.152355e-01
 4.974975e-01  2.765546e-01 -1.903876e-01 1.127299e-01
 4.984985e-01  1.130269e-01  1.892419e-02 1.313321e-02
 4.994995e-01 -5.215357e-02  2.387052e-01 5.970016e-02
 5.005005e-01 -2.042879e-01  4.468684e-01 2.414249e-01
 5.015015e-01 -3.305949e-01  6.215693e-01 4.956413e-01
 5.025025e-01 -4.212818e-01  7.434396e-01 7.301808e-01
 5.035035e-01 -4.702377e-01  7.976884e-01 8.574303e-01
 5.045045e-01 -4.753822e-01  7.757248e-01 8.277372e-01
 5.055055e-01 -4.386195e-01  6.762987e-01 6.497670e-01
 5.065065e-01 -3.654344e-01  5.058050e-01 3.893810e-01
 5.075075e-01 -2.642173e-01  2.779908e-01 1.470897e-01
 5.085085e-01 -1.453311e-01  1.271247e-02 2.128274e-02
 5.095095e-01 -2.013163e-02 -2.656868e-01 7.099478e-02
 5.105105e-01  1.001383e-01 -5.308271e-01 2.918050e-01
 5.115115e-01  2.052278e-01 -7.565577e-01 6.144981e-01
 5.125125e-01  2.868314e-01 -9.198753e-01 9.284429e-01
 5.135135e-01  3.389898e-01 -1.002717e+00 1.120355e+00
 5.145145e-01  3.587990e-01 -9.947149e-01 1.118194e+00
 5.155155e-01  3.458122e-01 -8.927060e-01 9.165101e-01
 5.165165e-01  3.046666e-01 -7.078126e-01 5.938204e-01
 5.175175e-01  2.518152e-01 -4.806381e-01 2.944238e-01
 5.185185e-01  1.925667e-01 -2.241209e-01 8.731210e-02
 5.195195e-01  1.297271e-01  5.369070e-02 1.971182e-02
 5.205205e-01  6.650048e-02  3.422721e-01 1.215725e-01
 5.215215e-01  5.653236e-03  6.309008e-01 3.980678e-01
 5.225225e-01 -5.020074e-02  9.081733e-01 8.272988e-01
 5.235235e-01 -9.888211e-02  1.163044e+00 1.362448e+00
 5.245245e-01 -1.385429e-01  1.384913e+00 1.937177e+00
 5.255255e-01 -1.677991e-01  1.564355e+00 2.475363e+00
 5.265265e-01 -1.856679e-01  1.693321e+00 2.901809e+00
 5.275275e-01 -1.916313e-01  1.765655e+00 3.154259e+00
 5.285285e-01 -1.855844e-01  1.777242e+00 3.193030e+00
 5.295295e-01 -1.678612e-01  1.726316e+00 3.008343e+00
 5.305305e-01 -1.391845e-01  1.613471e+00 2.622660e+00
 5.315315e-01 -1.006666e-01  1.441746e+00 2.088765e+00
 5.325325e-01 -5.375535e-02  1.216470e+00 1.482688e+00
 5.335335e-01 -2.128817e-04  9.451301e-01 8.932709e-01
 5.345345e-01  5.794851e-02  6.370555e-01 4.091978e-01
 5.355355e-01  1.185096e-01  3.031081e-01 1.059190e-01
 5.365365e-01  1.791219e-01 -4.476526e-02 3.408859e-02
 5.375375e-01  2.373716e-01 -3.939575e-01 2.115478e-01
 5.385385e-01  2.908696e-01 -7.317193e-01 6.200182e-01
 5.395395e-01  3.373288e-01 -1.045629e+00 1.207131e+00
 5.405405e-01  3.746583e-01 -1.324107e+00 1.893627e+00
 5.415415e-01  4.010413e-01 -1.556847e+00 2.584607e+00
 5.425425e-01  4.150187e-01 -1.735254e+00 3.183349e+00
 5.435435e-01  4.155507e-01 -1.852768e+00 3.605432e+00
 5.445445e-01  4.020735e-01 -1.905148e+00 3.791251e+00
 5.455455e-01  3.745288e-01 -1.890634e+00 3.714770e+00
 5.465465e-01  3.333792e-01 -1.810042e+00 3.387396e+00
 5.475475e-01  2.795953e-01 -1.666721e+00 2.856133e+00
 5.485485e-01  2.146261e-01 -1.466438e+00 2.196503e+00
 5.495495e-01  1.403416e-01 -1.217138e+00 1.501120e+00
 5.505506e-01  5.896306e-02 -9.286377e-01 8.658447e-01
 5.515516e-01 -2.702718e-02 -6.122147e-01 3.755373e-01
 5.525526e-01 -1.149813e-01 -2.801557e-01 9.170793e-02
 5.535536e-01 -2.021903e-01  5.475671e-02 4.387923e-02
 5.545546e-01 -2.859846e-01  3.797648e-01 2.260085e-01
 5.555556e-01 -3.638304e-01  6.826719e-01 5.984134e-01
 5.565566e-01 -4.334138e-01  9.523402e-01 1.094799e+00
 5.575576e-01 -4.927120e-01  1.179158e+00 1.633179e+00
 5.585586e-01 -5.400446e-01  1.355426e+00 2.128829e+00
 5.595596e-01 -5.741094e-01  1.475673e+00 2.507212e+00
 5.605606e-01 -5.939968e-01  1.536855e+00 2.714754e+00
 5.615616e-01 -5.991895e-01  1.538463e+00 2.725897e+00
 5.625626e-01 -5.895465e-01  1.482500e+00 2.545373e+00
 5.635636e-01 -5.652774e-01  1.373355e+00 2.205642e+00
 5.645646e-01 -5.269083e-01  1.217554e+00 1.760069e+00
 5.655656e-01 -4.752470e-01  1.023432e+00 1.273272e+00
 5.665666e-01 -4.113476e-01  8.007069e-01 8.103383e-01
 5.675676e-01 -3.364804e-01  5.600054e-01 4.268250e-01
 5.685686e-01 -2.521078e-01  3.123412e-01 1.611153e-01
 5.695696e-01 -1.598685e-01  6.859355e-02 3.026303e-02
 5.705706e-01 -6.156807e-02 -1.610074e-01 2.971402e-02
 5.715716e-01  4.082465e-02 -3.673460e-01 1.366097e-01
 5.725726e-01  1.451780e-01 -5.428272e-01 3.157380e-01
 5.735736e-01  2.491989e-01 -6.816905e-01 5.268020e-01
 5.745746e-01  3.504399e-01 -7.802288e-01 7.315651e-01
 5.755756e-01  4.463154e-01 -8.368888e-01 8.995804e-01
 5.765766e-01  5.341313e-01 -8.522628e-01 1.011648e+00
 5.775776e-01  6.111321e-01 -8.289608e-01 1.060658e+00
 5.785786e-01  6.745673e-01 -7.713855e-01 1.050077e+00
 5.795796e-01  7.217771e-01 -6.854114e-01 9.907510e-01
 5.805806e-01  7.502964e-01 -5.779998e-01 8.970285e-01
 5.815816e-01  7.579745e-01 -4.567628e-01 7.831576e-01
 5.825826e-01  7.431048e-01 -3.295114e-01 6.607825e-01
 5.835836e-01  7.045575e-01 -2.038050e-01 5.379377e-01
 5.845846e-01  6.419074e-01 -8.653823e-02 4.195339e-01
 5.855856e-01  5.555477e-01  1.642239e-02 3.089030e-01
 5.865866e-01  4.467800e-01  1.005207e-01 2.097167e-01
 5.875876e-01  3.178705e-01  1.627081e-01 1.275156e-01
 5.885886e-01  1.720664e-01  2.015369e-01 7.022398e-02
 5.895896e-01  1.356304e-02  2.171567e-01 4.734100e-02
 5.905906e-01 -1.525805e-01  2.112073e-01 6.788934e-02
 5.915916e-01 -3.205797e-01  1.866284e-01 1.376015e-01
 5.925926e-01 -4.841147e-01  1.473913e-01 2.560913e-01
 5.935936e-01 -6.365679e-01  9.818159e-02 4.148583e-01
 5.945946e-01 -7.712992e-01  4.404533e-02 5.968425e-01
 5.955956e-01 -8.819495e-01 -9.967339e-03 7.779343e-01
 5.965966e-01 -9.627562e-01 -5.914661e-02 9.303978e-01
 5.975976e-01 -1.008866e+00 -9.942566e-02 1.027695e+00
 5.985986e-01 -1.016625e+00 -1.276293e-01 1.049816e+00
 5.995996e-01 -9.838382e-01 -1.416482e-01 9.880018e-01
 6.006006e-01 -9.099611e-01 -1.405343e-01 8.477791e-01
 6.016016e-01 -7.962356e-01 -1.245102e-01 6.494940e-01
 6.026026e-01 -6.457365e-01 -9.489734e-02 4.259812e-01
 6.036036e-01 -4.633314e-01 -5.396887e-02 2.175886e-01
 6.046046e-01 -2.555479e-01 -4.742580e-03 6.532722e-02
 6.056056e-01 -3.034989e-02  4.927286e-02 3.348931e-03
 6.066066e-01  2.031704e-01  1.043544e-01 5.216806e-02
 6.076076e-01  4.351728e-01  1.568480e-01 2.139766e-01
 6.086086e-01  6.555049e-01  2.034334e-01 4.710718e-01
 6.096096e-01  8.541736e-01  2.413562e-01 7.878654e-01
 6.106106e-01  1.021828e+00  2.686070e-01 1.116283e+00
 6.116116e-01  1.150231e+00  2.840396e-01 1.403710e+00
 6.126126e-01  1.232688e+00  2.874183e-01 1.602129e+00
 6.136136e-01  1.264419e+00  2.793943e-01 1.676816e+00
 6.146146e-01  1.242841e+00  2.614140e-01 1.612992e+00
 6.156156e-01  1.167755e+00  2.355681e-01 1.419144e+00
 6.166166e-01  1.041410e+00  2.043937e-01 1.126311e+00
 6.176176e-01  8.684532e-01  1.706462e-01 7.833311e-01
 6.186186e-01  6.557591e-01  1.370574e-01 4.488047e-01
 6.196196e-01  4.121380e-01  1.061016e-01 1.811153e-01
 6.206206e-01  1.479491e-01  7.978429e-02 2.825447e-02
 6.216216e-01 -1.253720e-01  5.947207e-02 1.925506e-02
 6.226226e-01 -3.958449e-01  4.577575e-02 1.587886e-01
 6.236236e-01 -6.515084e-01  3.849674e-02 4.259452e-01
 6.246246e-01 -8.809885e-01  3.663896e-02 7.774831e-01
 6.256256e-01 -1.074040e+00  3.848864e-02 1.155042e+00
 6.266266e-01 -1.222034e+00  4.175329e-02 1.495110e+00
 6.276276e-01 -1.318369e+00  4.375304e-02 1.740012e+00
 6.286286e-01 -1.358782e+00  4.164753e-02 1.848024e+00
 6.296296e-01 -1.341541e+00  3.268492e-02 1.800800e+00
 6.306306e-01 -1.267516e+00  1.445186e-02 1.606806e+00
 6.316316e-01 -1.140130e+00 -1.489104e-02 1.300117e+00
 6.326326e-01 -9.651751e-01 -5.640864e-02 9.347449e-01
 6.336336e-01 -7.505307e-01 -1.102381e-01 5.754488e-01
 6.346346e-01 -5.057769e-01 -1.754980e-01 2.866098e-01
 6.356356e-01 -2.417392e-01 -2.502649e-01 1.210704e-01
 6.366366e-01  3.001855e-02 -3.316242e-01 1.108757e-01
 6.376376e-01  2.977254e-01 -4.157898e-01 2.615215e-01
 6.386386e-01  5.499319e-01 -4.982907e-01 5.507187e-01
 6.396396e-01  7.760114e-01 -5.742108e-01 9.319117e-01
 6.406406e-01  9.666115e-01 -6.384694e-01 1.341981e+00
 6.416416e-01  1.114035e+00 -6.861247e-01 1.711841e+00
 6.426426e-01  1.212538e+00 -7.126826e-01 1.978164e+00
 6.436436e-01  1.258530e+00 -7.143909e-01 2.094251e+00
 6.446446e-01  1.250678e+00 -6.885012e-01 2.038228e+00
 6.456456e-01  1.189909e+00 -6.334814e-01 1.817182e+00
 6.466466e-01  1.079317e+00 -5.491670e-01 1.466510e+00
 6.476476e-01  9.239845e-01 -4.368381e-01 1.044575e+00
 6.486486e-01  7.307271e-01 -2.992208e-01 6.234951e-01
 6.496496e-01  5.077818e-01 -1.404079e-01 2.775568e-01
 6.506507e-01  2.644480e-01  3.429424e-02 7.110882e-02
 6.516517e-01  1.070102e-02  2.185875e-01 4.789501e-02
 6.526527e-01 -2.432047e-01  4.054584e-01 2.235450e-01
 6.536537e-01 -4.871300e-01  5.874964e-01 5.824477e-01
 6.546547e-01 -7.114272e-01  7.572359e-01 1.079535e+00
 6.556557e-01 -9.072861e-01  9.075050e-01 1.646734e+00
 6.566567e-01 -1.067041e+00  1.031762e+00 2.203110e+00
 6.576577e-01 -1.184431e+00  1.124404e+00 2.667160e+00
 6.586587e-01 -1.254800e+00  1.181028e+00 2.969352e+00
 6.596597e-01 -1.275253e+00  1.198644e+00 3.063018e+00
 6.606607e-01 -1.244734e+00  1.175809e+00 2.931889e+00
 6.616617e-01 -1.164059e+00  1.112700e+00 2.593135e+00
 6.626627e-01 -1.035882e+00  1.011109e+00 2.095392e+00
 6.636637e-01 -8.645999e-01  8.743630e-01 1.512044e+00
 6.646647e-01 -6.562089e-01  7.071847e-01 9.307202e-01
 6.656657e-01 -4.181030e-01  5.154856e-01 4.405355e-01
 6.666667e-01 -1.588301e-01  3.061171e-01 1.189346e-01
 6.676677e-01  1.121949e-01  8.658419e-02 2.008452e-02
 6.686687e-01  3.850082e-01 -1.352628e-01 1.665273e-01
 6.696697e-01  6.494406e-01 -3.515438e-01 5.453562e-01
 6.706707e-01  8.954756e-01 -5.546597e-01 1.109524e+00
 6.716717e-01  1.113611e+00 -7.375829e-01 1.784157e+00
 6.726727e-01  1.295210e+00 -8.941206e-01 2.477022e+00
 6.736737e-01  1.432840e+00 -1.019136e+00 3.091669e+00
 6.746747e-01  1.520564e+00 -1.108726e+00 3.541388e+00
 6.756757e-01  1.554199e+00 -1.160344e+00 3.761933e+00
 6.766767e-01  1.531512e+00 -1.172871e+00 3.721155e+00
 6.776777e-01  1.452343e+00 -1.146632e+00 3.424064e+00
 6.786787e-01  1.318663e+00 -1.083353e+00 2.912526e+00
 6.796797e-01  1.134542e+00 -9.860758e-01 2.259531e+00
 6.806807e-01  9.060349e-01 -8.590176e-01 1.558810e+00
 6.816817e-01  6.409876e-01 -7.073986e-01 9.112779e-01
 6.826827e-01  3.487629e-01 -5.372307e-01 4.102524e-01
 6.836837e-01  3.989838e-02 -3.550833e-01 1.276760e-01
 6.846847e-01 -2.742918e-01 -1.678314e-01 1.034033e-01
 6.856857e-01 -5.821567e-01  1.760473e-02 3.392163e-01
 6.866867e-01 -8.721719e-01  1.945190e-01 7.985214e-01
 6.876877e-01 -1.133405e+00  3.566705e-01 1.411822e+00
 6.886887e-01 -1.355967e+00  4.985152e-01 2.087165e+00
 6.896897e-01 -1.531421e+00  6.154126e-01 2.723982e+00
 6.906907e-01 -1.653137e+00  7.037978e-01 3.228193e+00
 6.916917e-01 -1.716577e+00  7.613131e-01 3.526234e+00
 6.926927e-01 -1.719484e+00  7.868928e-01 3.575826e+00
 6.936937e-01 -1.661980e+00  7.807980e-01 3.371824e+00
 6.946947e-01 -1.546560e+00  7.445973e-01 2.946271e+00
 6.956957e-01 -1.377978e+00  6.810945e-01 2.362712e+00
 6.966967e-01 -1.163044e+00  5.942025e-01 1.705747e+00
 6.976977e-01 -9.103215e-01  4.887688e-01 1.067580e+00
 6.986987e-01 -6.297577e-01  3.703578e-01 5.337597e-01
 6.996997e-01 -3.322484e-01  2.449979e-01 1.704130e-01
 7.007007e-01 -2.917145e-02  1.189036e-01 1.498905e-02
 7.017017e-01  2.680983e-01 -1.814924e-03 7.187999e-02
 7.027027e-01  5.486660e-01 -1.114432e-01 3.134539e-01
 7.037037e-01  8.025638e-01 -2.049387e-01 6.861085e-01
 7.047047e-01  1.021148e+00 -2.781806e-01 1.120127e+00
 7.057057e-01  1.197427e+00 -3.281775e-01 1.541531e+00
 7.067067e-01  1.326307e+00 -3.532230e-01 1.883858e+00
 7.077077e-01  1.404748e+00 -3.529894e-01 2.097920e+00
 7.087087e-01  1.431817e+00 -3.285508e-01 2.158046e+00
 7.097097e-01  1.408647e+00 -2.823351e-01 2.064000e+00
 7.107107e-01  1.338306e+00 -2.180020e-01 1.838589e+00
 7.117117e-01  1.225580e+00 -1.402536e-01 1.521718e+00
 7.127127e-01  1.076687e+00 -5.458363e-02 1.162234e+00
 7.137137e-01  8.989390e-01  3.302167e-02 8.091818e-01
 7.147147e-01  7.003737e-01  1.164173e-01 5.040763e-01
 7.157157e-01  4.893684e-01  1.896503e-01 2.754486e-01
 7.167167e-01  2.742631e-01  2.473084e-01 1.363817e-01
 7.177177e-01  6.300821e-02  2.848483e-01 8.510862e-02
 7.187187e-01 -1.371459e-01  2.988828e-01 1.081399e-01
 7.197197e-01 -3.199045e-01  2.874111e-01 1.849440e-01
 7.207207e-01 -4.801190e-01  2.499767e-01 2.930025e-01
 7.217217e-01 -6.139074e-01  1.877416e-01 4.121291e-01
 7.227227e-01 -7.187042e-01  1.034701e-01 5.272418e-01
 7.237237e-01 -7.932418e-01  1.420244e-03 6.292345e-01
 7.247247e-01 -8.374707e-01 -1.128546e-01 7.140934e-01
 7.257257e-01 -8.524299e-01 -2.327843e-01 7.808252e-01
 7.267267e-01 -8.400776e-01 -3.511286e-01 8.290217e-01
 7.277277e-01 -8.030989e-01 -4.603748e-01 8.569128e-01
 7.287287e-01 -7.447028e-01 -5.531636e-01 8.605722e-01
 7.297297e-01 -6.684230e-01 -6.227217e-01 8.345716e-01
 7.307307e-01 -5.779349e-01 -6.632764e-01 7.739444e-01
 7.317317e-01 -4.768986e-01 -6.704271e-01 6.769048e-01
 7.327327e-01 -3.688339e-01 -6.414530e-01 5.475005e-01
 7.337337e-01 -2.570331e-01 -5.755356e-01 3.973072e-01
 7.347347e-01 -1.445088e-01 -4.738827e-01 2.454476e-01
 7.357357e-01 -3.397717e-02 -3.397425e-01 1.165794e-01
 7.367367e-01  7.213221e-02 -1.783044e-01 3.699550e-02
 7.377377e-01  1.716455e-01  3.512145e-03 2.947453e-02
 7.387387e-01  2.626036e-01  1.973704e-01 1.079157e-01
 7.397397e-01  3.432192e-01  3.939188e-01 2.729714e-01
 7.407407e-01  4.118434e-01  5.832602e-01 5.098075e-01
 7.417417e-01  4.669474e-01  7.554665e-01 7.887695e-01
 7.427427e-01  5.071264e-01  9.011078e-01 1.069173e+00
 7.437437e-01  5.311293e-01  1.011771e+00 1.305780e+00
 7.447447e-01  5.379130e-01  1.080537e+00 1.456911e+00
 7.457457e-01  5.267193e-01  1.102386e+00 1.492689e+00
 7.467467e-01  4.971679e-01  1.074515e+00 1.401758e+00
 7.477477e-01  4.493576e-01  9.965378e-01 1.195010e+00
 7.487487e-01  3.839642e-01  8.705687e-01 9.053183e-01
 7.497497e-01  3.023254e-01  7.011644e-01 5.830322e-01
 7.507508e-01  2.065002e-01  4.951425e-01 2.878084e-01
 7.517518e-01  9.929221e-02  2.612744e-01 7.812324e-02
 7.527528e-01 -1.576974e-02  9.871930e-03 3.461398e-04
 7.537538e-01 -1.345013e-01 -2.477128e-01 7.945226e-02
 7.547548e-01 -2.521837e-01 -4.996478e-01 3.132445e-01
 7.557558e-01 -3.637336e-01 -7.342107e-01 6.713675e-01
 7.567568e-01 -4.639186e-01 -9.403786e-01 1.099532e+00
 7.577578e-01 -5.476053e-01 -1.108383e+00 1.528384e+00
 7.587588e-01 -6.100294e-01 -1.230203e+00 1.885536e+00
 7.597598e-01 -6.470721e-01 -1.299971e+00 2.108627e+00
 7.607608e-01 -6.555243e-01 -1.314263e+00 2.156999e+00
 7.617618e-01 -6.333227e-01 -1.272267e+00 2.019762e+00
 7.627628e-01 -5.797394e-01 -1.175821e+00 1.718653e+00
 7.637638e-01 -4.955122e-01 -1.029306e+00 1.305003e+00
 7.647648e-01 -3.829008e-01 -8.394224e-01 8.512431e-01
 7.657658e-01 -2.456648e-01 -6.148465e-01 4.383874e-01
 7.667668e-01 -8.895632e-02 -3.657939e-01 1.417184e-01
 7.677678e-01  8.086712e-02 -1.035125e-01 1.725432e-02
 7.687688e-01  2.565054e-01  1.602662e-01 9.148028e-02
 7.697698e-01  4.300409e-01  4.138892e-01 3.562394e-01
 7.707708e-01  5.933101e-01  6.463286e-01 7.697575e-01
 7.717718e-01  7.383035e-01  8.476839e-01 1.263660e+00
 7.727728e-01  8.575705e-01  1.009617e+00 1.754754e+00
 7.737738e-01  9.446090e-01  1.125702e+00 2.159490e+00
 7.747748e-01  9.942162e-01  1.191667e+00 2.408536e+00
 7.757758e-01  1.002782e+00  1.205537e+00 2.458891e+00
 7.767768e-01  9.685047e-01  1.167656e+00 2.301422e+00
 7.777778e-01  8.915240e-01  1.080603e+00 1.962518e+00
 7.787788e-01  7.739498e-01  9.490130e-01 1.499624e+00
 7.797798e-01  6.197982e-01  7.793100e-01 9.914739e-01
 7.807808e-01  4.348278e-01  5.793725e-01 5.247477e-01
 7.817818e-01  2.262883e-01  3.581516e-01 1.794790e-01
 7.827828e-01  2.593667e-03  1.252604e-01 1.569689e-02
 7.837838e-01 -2.270641e-01 -1.094442e-01 6.353612e-02
 7.847848e-01 -4.531387e-01 -3.362681e-01 3.184110e-01
 7.857858e-01 -6.661708e-01 -5.460601e-01 7.419652e-01
 7.867868e-01 -8.572228e-01 -7.305491e-01 1.268533e+00
 7.877878e-01 -1.018286e+00 -8.826302e-01 1.815942e+00
 7.887888e-01 -1.142638e+00 -9.965917e-01 2.298817e+00
 7.897898e-01 -1.225140e+00 -1.068279e+00 2.642187e+00
 7.907908e-01 -1.262446e+00 -1.095196e+00 2.793223e+00
 7.917918e-01 -1.253135e+00 -1.076543e+00 2.729291e+00
 7.927928e-01 -1.197743e+00 -1.013199e+00 2.461161e+00
 7.937938e-01 -1.098709e+00 -9.076521e-01 2.030994e+00
 7.947948e-01 -9.602291e-01 -7.638805e-01 1.505553e+00
 7.957958e-01 -7.880412e-01 -5.871975e-01 9.658098e-01
 7.967968e-01 -5.891407e-01 -3.840613e-01 4.945898e-01
 7.977978e-01 -3.714502e-01 -1.618579e-01 1.641732e-01
 7.987988e-01 -1.434590e-01  7.133706e-02 2.566946e-02
 7.997998e-01  8.615038e-02  3.070138e-01 1.016794e-01
 8.008008e-01  3.088697e-01  5.364941e-01 3.832264e-01
 8.018018e-01  5.167102e-01  7.512042e-01 8.312971e-01
 8.028028e-01  7.025109e-01  9.429490e-01 1.382674e+00
 8.038038e-01  8.601976e-01  1.104182e+00 1.959158e+00
 8.048048e-01  9.849836e-01  1.228265e+00 2.478827e+00
 8.058058e-01  1.073506e+00  1.309710e+00 2.867755e+00
 8.068068e-01  1.123897e+00  1.344397e+00 3.070547e+00
 8.078078e-01  1.135787e+00  1.329758e+00 3.058269e+00
 8.088088e-01  1.110250e+00  1.264921e+00 2.832680e+00
 8.098098e-01  1.049691e+00  1.150799e+00 2.426188e+00
 8.108108e-01  9.576847e-01  9.901297e-01 1.897517e+00
 8.118118e-01  8.387846e-01  7.874456e-01 1.323630e+00
 8.128128e-01  6.982965e-01  5.489784e-01 7.889953e-01
 8.138138e-01  5.420426e-01  2.824943e-01 3.736132e-01
 8.148148e-01  3.761183e-01 -2.939438e-03 1.414736e-01
 8.158158e-01  2.066538e-01 -2.972505e-01 1.310637e-01
 8.168168e-01  3.958965e-02 -5.897137e-01 3.493296e-01
 8.178178e-01 -1.195280e-01 -8.693463e-01 7.700500e-01
 8.188188e-01 -2.657248e-01 -1.125334e+00 1.336986e+00
 8.198198e-01 -3.947451e-01 -1.347466e+00 1.971488e+00
 8.208208e-01 -5.031659e-01 -1.526569e+00 2.583588e+00
 8.218218e-01 -5.884748e-01 -1.654908e+00 3.085023e+00
 8.228228e-01 -6.491132e-01 -1.726548e+00 3.402316e+00
 8.238238e-01 -6.844858e-01 -1.737645e+00 3.487932e+00
 8.248248e-01 -6.949363e-01 -1.686662e+00 3.327764e+00
 8.258258e-01 -6.816938e-01 -1.574483e+00 2.943704e+00
 8.268268e-01 -6.467913e-01 -1.404438e+00 2.390785e+00
 8.278278e-01 -5.929603e-01 -1.182206e+00 1.749214e+00
 8.288288e-01 -5.235057e-01 -9.156246e-01 1.112427e+00
 8.298298e-01 -4.421637e-01 -6.143922e-01 5.729866e-01
 8.308308e-01 -3.529483e-01 -2.896887e-01 2.084921e-01
 8.318318e-01 -2.599907e-01  4.628054e-02 6.973705e-02
 8.328328e-01 -1.673758e-01  3.807898e-01 1.730155e-01
 8.338338e-01 -7.898179e-02  7.011277e-01 4.978181e-01
 8.348348e-01  1.672035e-03  9.951365e-01 9.902994e-01
 8.358358e-01  7.156473e-02  1.251730e+00 1.571948e+00
 8.368368e-01  1.282938e-01  1.461364e+00 2.152044e+00
 8.378378e-01  1.701721e-01  1.616444e+00 2.641851e+00
 8.388388e-01  1.962959e-01  1.711640e+00 2.968243e+00
 8.398398e-01  2.065811e-01  1.744098e+00 3.084552e+00
 8.408408e-01  2.017644e-01  1.713545e+00 2.976947e+00
 8.418418e-01  1.833675e-01  1.622275e+00 2.665401e+00
 8.428428e-01  1.536243e-01  1.475013e+00 2.199263e+00
 8.438438e-01  1.153730e-01  1.278676e+00 1.648324e+00
 8.448448e-01  7.191512e-02  1.042042e+00 1.091023e+00
 8.458458e-01  2.684824e-02  7.753254e-01 6.018503e-01
 8.468468e-01 -1.612329e-02  4.897098e-01 2.400756e-01
 8.478478e-01 -5.338933e-02  1.968347e-01 4.159434e-02
 8.488488e-01 -8.163853e-02 -9.172217e-02 1.507781e-02
 8.498498e-01 -9.805581e-02 -3.649500e-01 1.428034e-01
 8.508509e-01 -1.005024e-01 -6.128691e-01 3.857093e-01
 8.518519e-01 -8.766761e-02 -8.269355e-01 6.915080e-01
 8.528529e-01 -5.918362e-02 -1.000366e+00 1.004234e+00
 8.538539e-01 -1.569357e-02 -1.128370e+00 1.273464e+00
 8.548549e-01  4.113200e-02 -1.208281e+00 1.461634e+00
 8.558559e-01  1.086354e-01 -1.239582e+00 1.548365e+00
 8.568569e-01  1.832694e-01 -1.223831e+00 1.531350e+00
 8.578579e-01  2.607507e-01 -1.164486e+00 1.424019e+00
 8.588589e-01  3.362638e-01 -1.066652e+00 1.250820e+00
 8.598599e-01  4.047079e-01 -9.367579e-01 1.041304e+00
 8.608609e-01  4.609748e-01 -7.821874e-01 8.243149e-01
 8.618619e-01  5.002449e-01 -6.108819e-01 6.234216e-01
 8.628629e-01  5.182861e-01 -4.309381e-01 4.543281e-01
 8.638639e-01  5.117383e-01 -2.502221e-01 3.244872e-01
 8.648649e-01  4.783677e-01 -7.601815e-02 2.346144e-01
 8.658659e-01  4.172734e-01  8.527007e-02 1.813881e-01
 8.668669e-01  3.290332e-01  2.283538e-01 1.604083e-01
 8.678679e-01  2.157754e-01  3.492197e-01 1.685134e-01
 8.688689e-01  8.116941e-02  4.452124e-01 2.048026e-01
 8.698699e-01 -6.967176e-02  5.150401e-01 2.701205e-01
 8.708709e-01 -2.303739e-01  5.587073e-01 3.652260e-01
 8.718719e-01 -3.935661e-01  5.773845e-01 4.882671e-01
 8.728729e-01 -5.512166e-01  5.732265e-01 6.324283e-01
 8.738739e-01 -6.950251e-01  5.491542e-01 7.846302e-01
 8.748749e-01 -8.168531e-01  5.086154e-01 9.259387e-01
 8.758759e-01 -9.091707e-01  4.553410e-01 1.033927e+00
 8.768769e-01 -9.654943e-01  3.931122e-01 1.086716e+00
 8.778779e-01 -9.807927e-01  3.255519e-01 1.067938e+00
 8.788789e-01 -9.518347e-01  2.559520e-01 9.715008e-01
 8.798799e-01 -8.774578e-01  1.871434e-01 8.049548e-01
 8.808809e-01 -7.587372e-01  1.214152e-01 5.904238e-01
 8.818819e-01 -5.990435e-01  6.048066e-02 3.625110e-01
 8.828829e-01 -4.039776e-01  5.490485e-03 1.632281e-01
 8.838839e-01 -1.811834e-01 -4.291529e-02 3.466915e-02
 8.848849e-01  5.995820e-02 -8.452376e-02 1.073925e-02
 8.858859e-01  3.087408e-01 -1.194448e-01 1.095879e-01
 8.868869e-01  5.536320e-01 -1.479973e-01 3.284116e-01
 8.878879e-01  7.828360e-01 -1.705966e-01 6.419354e-01
 8.888889e-01  9.848905e-01 -1.876543e-01 1.005223e+00
 8.898899e-01  1.149267e+00 -1.994988e-01 1.360614e+00
 8.908909e-01  1.266939e+00 -2.063221e-01 1.647702e+00
 8.918919e-01  1.330891e+00 -2.081586e-01 1.814602e+00
 8.928929e-01  1.336535e+00 -2.048943e-01 1.828308e+00
 8.938939e-01  1.282005e+00 -1.963053e-01 1.682074e+00
 8.948949e-01  1.168324e+00 -1.821209e-01 1.398148e+00
 8.958959e-01  9.994129e-01 -1.621036e-01 1.025104e+00
 8.968969e-01  7.819600e-01 -1.361371e-01 6.299947e-01
 8.978979e-01  5.251315e-01 -1.043127e-01 2.866442e-01
 8.988989e-01  2.401563e-01 -6.700617e-02 6.216489e-02
 8.998999e-01 -6.020502e-02 -2.493328e-02 4.246313e-03
 9.009009e-01 -3.622767e-01  2.082030e-02 1.316779e-01
 9.019019e-01 -6.521365e-01  6.880131e-02 4.300156e-01
 9.029029e-01 -9.163028e-01  1.172251e-01 8.533526e-01
 9.039039e-01 -1.142402e+00  1.640453e-01 1.331994e+00
 9.049049e-01 -1.319783e+00  2.070535e-01 1.784699e+00
 9.059059e-01 -1.440042e+00  2.440021e-01 2.133257e+00
 9.069069e-01 -1.497433e+00  2.727433e-01 2.316693e+00
 9.079079e-01 -1.489146e+00  2.913726e-01 2.302453e+00
 9.089089e-01 -1.415433e+00  2.983664e-01 2.092474e+00
 9.099099e-01 -1.279581e+00  2.927042e-01 1.723003e+00
 9.109109e-01 -1.087731e+00  2.739628e-01 1.258214e+00
 9.119119e-01 -8.485627e-01  2.423763e-01 7.788049e-01
 9.129129e-01 -5.728582e-01  1.988551e-01 3.677099e-01
 9.139139e-01 -2.729658e-01  1.449608e-01 9.552396e-02
 9.149149e-01  3.779863e-02  8.283732e-02 8.290758e-03
 9.159159e-01  3.457850e-01  1.510117e-02 1.197953e-01
 9.169169e-01  6.376444e-01 -5.530182e-02 4.096487e-01
 9.179179e-01  9.009337e-01 -1.252649e-01 8.273729e-01
 9.189189e-01  1.124661e+00 -1.917024e-01 1.301611e+00
 9.199199e-01  1.299744e+00 -2.517327e-01 1.752705e+00
 9.209209e-01  1.419373e+00 -3.028497e-01 2.106339e+00
 9.219219e-01  1.479247e+00 -3.430702e-01 2.305868e+00
 9.229229e-01  1.477691e+00 -3.710466e-01 2.321246e+00
 9.239239e-01  1.415655e+00 -3.861368e-01 2.153182e+00
 9.249249e-01  1.296591e+00 -3.884253e-01 1.832023e+00
 9.259259e-01  1.126224e+00 -3.786940e-01 1.411789e+00
 9.269269e-01  9.122373e-01 -3.583447e-01 9.605877e-01
 9.279279e-01  6.638892e-01 -3.292777e-01 5.491727e-01
 9.289289e-01  3.915767e-01 -2.937363e-01 2.396134e-01
 9.299299e-01  1.063759e-01 -2.541276e-01 7.589669e-02
 9.309309e-01 -1.804235e-01 -2.128329e-01 7.785048e-02
 9.319319e-01 -4.577684e-01 -1.720221e-01 2.391435e-01
 9.329329e-01 -7.152609e-01 -1.334867e-01 5.294168e-01
 9.339339e-01 -9.435287e-01 -9.850275e-02 8.999492e-01
 9.349349e-01 -1.134538e+00 -6.773684e-02 1.291766e+00
 9.359359e-01 -1.281842e+00 -4.120125e-02 1.644816e+00
 9.369369e-01 -1.380752e+00 -1.826399e-02 1.906810e+00
 9.379379e-01 -1.428450e+00  2.286559e-03 2.040473e+00
 9.389389e-01 -1.424015e+00  2.212552e-02 2.028309e+00
 9.399399e-01 -1.368400e+00  4.323169e-02 1.874387e+00
 9.409409e-01 -1.264332e+00  6.769472e-02 1.603118e+00
 9.419419e-01 -1.116173e+00  9.750320e-02 1.255348e+00
 9.429429e-01 -9.297227e-01  1.343289e-01 8.824286e-01
 9.439439e-01 -7.119940e-01  1.793236e-01 5.390923e-01
 9.449449e-01 -4.709498e-01  2.329442e-01 2.760567e-01
 9.459459e-01 -2.152248e-01  2.948206e-01 1.332409e-01
 9.469469e-01  4.616939e-02  3.636783e-01 1.343935e-01
 9.479479e-01  3.041432e-01  4.373233e-01 2.837547e-01
 9.489489e-01  5.498260e-01  5.126946e-01 5.651644e-01
 9.499499e-01  7.748534e-01  5.859839e-01 9.437749e-01
 9.509510e-01  9.716372e-01  6.528169e-01 1.370249e+00
 9.519520e-01  1.133611e+00  7.084882e-01 1.787030e+00
 9.529530e-01  1.255446e+00  7.482360e-01 2.136003e+00
 9.539540e-01  1.333226e+00  7.675410e-01 2.366611e+00
 9.549550e-01  1.364580e+00  7.624313e-01 2.443381e+00
 9.559560e-01  1.348770e+00  7.297742e-01 2.351751e+00
 9.569570e-01  1.286715e+00  6.675356e-01 2.101240e+00
 9.579580e-01  1.180974e+00  5.749902e-01 1.725313e+00
 9.589590e-01  1.035654e+00  4.528681e-01 1.277670e+00
 9.599600e-01  8.562813e-01  3.034241e-01 8.252839e-01
 9.609610e-01  6.496001e-01  1.304265e-01 4.389914e-01
 9.619620e-01  4.233376e-01 -6.094103e-02 1.829285e-01
 9.629630e-01  1.859199e-01 -2.642582e-01 1.043986e-01
 9.639640e-01 -5.384084e-02 -4.721228e-01 2.257987e-01
 9.649650e-01 -2.870804e-01 -6.764671e-01 5.400229e-01
 9.659660e-01 -5.052238e-01 -8.689224e-01 1.010277e+00
 9.669670e-01 -7.003216e-01 -1.041211e+00 1.574570e+00
 9.679680e-01 -8.653651e-01 -1.185544e+00 2.154372e+00
 9.689690e-01 -9.945691e-01 -1.295014e+00 2.666228e+00
 9.699700e-01 -1.083608e+00 -1.363939e+00 3.034535e+00
 9.709710e-01 -1.129792e+00 -1.388171e+00 3.203450e+00
 9.719720e-01 -1.132184e+00 -1.365321e+00 3.145942e+00
 9.729730e-01 -1.091632e+00 -1.294909e+00 2.868452e+00
 9.739740e-01 -1.010739e+00 -1.178426e+00 2.410282e+00
 9.749750e-01 -8.937424e-01 -1.019297e+00 1.837742e+00
 9.759760e-01 -7.463364e-01 -8.227542e-01 1.233942e+00
 9.769770e-01 -5.754174e-01 -5.956284e-01 6.858784e-01
 9.779780e-01 -3.887811e-01 -3.460587e-01 2.709074e-01
 9.789790e-01 -1.947751e-01 -8.314498e-02 4.485044e-02
 9.799800e-01 -1.926628e-03  1.834445e-01 3.365559e-02
 9.809810e-01  1.814413e-01  4.438890e-01 2.299583e-01
 9.819820e-01  3.475843e-01  6.886360e-01 5.950343e-01
 9.829830e-01  4.896872e-01  9.088052e-01 1.065720e+00
 9.839840e-01  6.021721e-01  1.096557e+00 1.565049e+00
 9.849850e-01  6.809493e-01  1.245410e+00 2.014738e+00
 9.859860e-01  7.236003e-01  1.350488e+00 2.347416e+00
 9.869870e-01  7.294805e-01  1.408698e+00 2.516571e+00
 9.879880e-01  6.997384e-01  1.418814e+00 2.502666e+00
 9.889890e-01  6.372474e-01  1.381487e+00 2.314592e+00
 9.899900e-01  5.464543e-01  1.299168e+00 1.986450e+00
 9.909910e-01  4.331486e-01  1.175947e+00 1.570469e+00
 9.919920e-01  3.041648e-01  1.017338e+00 1.127492e+00
 9.929930e-01  1.670305e-01  8.300020e-01 7.168025e-01
 9.939940e-01  2.957703e-02  6.214345e-01 3.870557e-01
 9.949950e-01 -1.004680e-01  3.996285e-01 1.697968e-01
 9.959960e-01 -2.158864e-01  1.727342e-01 7.644407e-02
 9.969970e-01 -3.103525e-01 -5.127168e-02 9.894748e-02
 9.979980e-01 -3.787734e-01 -2.648905e-01 2.136362e-01
 9.989990e-01 -4.175681e-01 -4.613679e-01 3.872234e-01
 1.000000e+00 -4.248706e-01 -6.349117e-01 5.836279e-01
