# x psi_r psi_i psi2 
 0.000000e+00 -3.791504e-01 -2.607133e-01 2.117265e-01
 1.001001e-03 -5.524870e-01 -2.596990e-01 3.726855e-01
 2.002002e-03 -7.015908e-01 -2.577740e-01 5.586771e-01
 3.003003e-03 -8.231981e-01 -2.538155e-01 7.420774e-01
 4.004004e-03 -9.150293e-01 -2.465159e-01 8.980487e-01
 5.005005e-03 -9.758178e-01 -2.344912e-01 1.007206e+00
 6.006006e-03 -1.005304e+00 -2.164016e-01 1.057465e+00
 7.007007e-03 -1.004196e+00 -1.910734e-01 1.044918e+00
 8.008008e-03 -9.741054e-01 -1.576180e-01 9.737248e-01
 9.009009e-03 -9.174544e-01 -1.155375e-01 8.550715e-01
 1.001001e-02 -8.373612e-01 -6.481201e-02 7.053744e-01
 1.101101e-02 -7.375132e-01 -5.960775e-03 5.439613e-01
 1.201201e-02 -6.220262e-01  5.992664e-02 3.905078e-01
 1.301301e-02 -4.952990e-01  1.311931e-01 2.625327e-01
 1.401401e-02 -3.618657e-01  2.056520e-01 1.732396e-01
 1.501502e-02 -2.262522e-01  2.806598e-01 1.299600e-01
 1.601602e-02 -9.283846e-02  3.532212e-01 1.333842e-01
 1.701702e-02  3.426716e-02  4.201215e-01 1.776763e-01
 1.801802e-02  1.513411e-01  4.780814e-01 2.514660e-01
 1.901902e-02  2.551415e-01  5.239248e-01 3.395944e-01
 2.002002e-02  3.429868e-01  5.547524e-01 4.253902e-01
 2.102102e-02  4.128164e-01  5.681108e-01 4.931673e-01
 2.202202e-02  4.632301e-01  5.621481e-01 5.305926e-01
 2.302302e-02  4.935089e-01  5.357467e-01 5.305755e-01
 2.402402e-02  5.036144e-01  4.886250e-01 4.923819e-01
 2.502503e-02  4.941702e-01  4.214022e-01 4.217840e-01
 2.602603e-02  4.664235e-01  3.356193e-01 3.301911e-01
 2.702703e-02  4.221908e-01  2.337157e-01 2.328681e-01
 2.802803e-02  3.637878e-01  1.189597e-01 1.464930e-01
 2.902903e-02  2.939452e-01 -4.665469e-03 8.642558e-02
 3.003003e-02  2.157146e-01 -1.326147e-01 6.411943e-02
 3.103103e-02  1.323647e-01 -2.599674e-01 8.510346e-02
 3.203203e-02  4.727290e-02 -3.816389e-01 1.478829e-01
 3.303303e-02 -3.618610e-02 -4.926059e-01 2.439701e-01
 3.403403e-02 -1.147513e-01 -5.881372e-01 3.590732e-01
 3.503504e-02 -1.853816e-01 -6.640153e-01 4.752827e-01
 3.603604e-02 -2.453556e-01 -7.167414e-01 5.739176e-01
 3.703704e-02 -2.923598e-01 -7.437100e-01 6.385788e-01
 3.803804e-02 -3.245640e-01 -7.433463e-01 6.579056e-01
 3.903904e-02 -3.406807e-01 -7.151984e-01 6.275721e-01
 4.004004e-02 -3.400054e-01 -6.599784e-01 5.511751e-01
 4.104104e-02 -3.224379e-01 -5.795513e-01 4.398460e-01
 4.204204e-02 -2.884827e-01 -4.768706e-01 3.106278e-01
 4.304304e-02 -2.392279e-01 -3.558631e-01 1.838685e-01
 4.404404e-02 -1.763055e-01 -2.212686e-01 8.004343e-02
 4.504505e-02 -1.018312e-01 -7.844186e-02 1.652272e-02
 4.604605e-02 -1.832923e-02  6.687497e-02 4.808223e-03
 4.704705e-02  7.135732e-02  2.087975e-01 4.868828e-02
 4.804805e-02  1.641657e-01  3.415518e-01 1.436080e-01
 4.904905e-02  2.569190e-01  4.597215e-01 2.773512e-01
 5.005005e-02  3.464339e-01  5.584796e-01 4.319159e-01
 5.105105e-02  4.296262e-01  6.337929e-01 5.862721e-01
 5.205205e-02  5.036097e-01  6.825913e-01 7.195536e-01
 5.305305e-02  5.657864e-01  7.028932e-01 8.141731e-01
 5.405405e-02  6.139223e-01  6.938838e-01 8.583754e-01
 5.505506e-02  6.462091e-01  6.559413e-01 8.478452e-01
 5.605606e-02  6.613077e-01  5.906123e-01 7.861508e-01
 5.705706e-02  6.583748e-01  5.005378e-01 6.839954e-01
 5.805806e-02  6.370709e-01  3.893333e-01 5.574397e-01
 5.905906e-02  5.975518e-01  2.614307e-01 4.254142e-01
 6.006006e-02  5.404453e-01  1.218887e-01 3.069380e-01
 6.106106e-02  4.668145e-01 -2.381984e-02 2.184832e-01
 6.206206e-02  3.781113e-01 -1.700320e-01 1.718790e-01
 6.306306e-02  2.761233e-01 -3.111224e-01 1.730412e-01
 6.406406e-02  1.629169e-01 -4.417231e-01 2.216612e-01
 6.506507e-02  4.077903e-02 -5.569284e-01 3.118322e-01
 6.606607e-02 -8.783835e-02 -6.524740e-01 4.334379e-01
 6.706707e-02 -2.203705e-01 -7.248869e-01 5.740241e-01
 6.806807e-02 -3.541862e-01 -7.715986e-01 7.208123e-01
 6.906907e-02 -4.866282e-01 -7.910198e-01 8.625193e-01
 7.007007e-02 -6.150472e-01 -7.825740e-01 9.907050e-01
 7.107107e-02 -7.368303e-01 -7.466914e-01 1.100467e+00
 7.207207e-02 -8.494257e-01 -6.847644e-01 1.190426e+00
 7.307307e-02 -9.503644e-01 -5.990683e-01 1.262075e+00
 7.407407e-02 -1.037282e+00 -4.926516e-01 1.318660e+00
 7.507508e-02 -1.107943e+00 -3.692028e-01 1.363847e+00
 7.607608e-02 -1.160266e+00 -2.328980e-01 1.400459e+00
 7.707708e-02 -1.192362e+00 -8.823828e-02 1.429513e+00
 7.807808e-02 -1.202569e+00  6.011807e-02 1.449786e+00
 7.907908e-02 -1.189502e+00  2.075212e-01 1.457980e+00
 8.008008e-02 -1.152106e+00  3.494873e-01 1.449491e+00
 8.108108e-02 -1.089717e+00  4.818421e-01 1.419656e+00
 8.208208e-02 -1.002120e+00  6.008473e-01 1.365263e+00
 8.308308e-02 -8.896131e-01  7.033046e-01 1.286049e+00
 8.408408e-02 -7.530634e-01  7.866362e-01 1.185901e+00
 8.508509e-02 -5.939570e-01  8.489389e-01 1.073482e+00
 8.608609e-02 -4.144330e-01  8.890132e-01 9.620992e-01
 8.708709e-02 -2.173021e-01  9.063664e-01 8.687202e-01
 8.808809e-02 -6.041986e-03  9.011916e-01 8.121828e-01
 8.908909e-02  2.152318e-01  8.743256e-01 8.107699e-01
 9.009009e-02  4.418231e-01  8.271874e-01 8.794466e-01
 9.109109e-02  6.685409e-01  7.617015e-01 1.027136e+00
 9.209209e-02  8.898144e-01  6.802091e-01 1.254454e+00
 9.309309e-02  1.099834e+00  5.853718e-01 1.552296e+00
 9.409409e-02  1.292718e+00  4.800708e-01 1.901587e+00
 9.509510e-02  1.462693e+00  3.673059e-01 2.274384e+00
 9.609610e-02  1.604294e+00  2.500980e-01 2.636308e+00
 9.709710e-02  1.712562e+00  1.313979e-01 2.950134e+00
 9.809810e-02  1.783244e+00  1.400403e-02 3.180156e+00
 9.909910e-02  1.812978e+00 -9.950833e-02 3.296792e+00
 1.001001e-01  1.799456e+00 -2.068442e-01 3.280827e+00
 1.011011e-01  1.741562e+00 -3.060326e-01 3.126693e+00
 1.021021e-01  1.639468e+00 -3.954551e-01 2.844241e+00
 1.031031e-01  1.494694e+00 -4.738595e-01 2.458654e+00
 1.041041e-01  1.310113e+00 -5.403605e-01 2.008386e+00
 1.051051e-01  1.089910e+00 -5.944264e-01 1.541245e+00
 1.061061e-01  8.394874e-01 -6.358548e-01 1.109050e+00
 1.071071e-01  5.653284e-01 -6.647396e-01 7.614748e-01
 1.081081e-01  2.748042e-01 -6.814296e-01 5.398636e-01
 1.091091e-01 -2.404990e-02 -6.864837e-01 4.718382e-01
 1.101101e-01 -3.227927e-01 -6.806225e-01 5.674420e-01
 1.111111e-01 -6.128567e-01 -6.646806e-01 8.173937e-01
 1.121121e-01 -8.858391e-01 -6.395616e-01 1.193750e+00
 1.131131e-01 -1.133792e+00 -6.061963e-01 1.652957e+00
 1.141141e-01 -1.349499e+00 -5.655084e-01 2.140947e+00
 1.151151e-01 -1.526734e+00 -5.183871e-01 2.599643e+00
 1.161161e-01 -1.660480e+00 -4.656682e-01 2.974041e+00
 1.171171e-01 -1.747105e+00 -4.081244e-01 3.218943e+00
 1.181181e-01 -1.784494e+00 -3.464643e-01 3.304458e+00
 1.191191e-01 -1.772118e+00 -2.813398e-01 3.219554e+00
 1.201201e-01 -1.711045e+00 -2.133613e-01 2.973198e+00
 1.211211e-01 -1.603897e+00 -1.431182e-01 2.592970e+00
 1.221221e-01 -1.454744e+00 -7.120438e-02 2.121351e+00
 1.231231e-01 -1.268945e+00  1.754892e-03 1.610225e+00
 1.241241e-01 -1.052945e+00  7.507579e-02 1.114330e+00
 1.251251e-01 -8.140342e-01  1.479913e-01 6.845532e-01
 1.261261e-01 -5.600755e-01  2.196314e-01 3.619225e-01
 1.271271e-01 -2.992199e-01  2.890101e-01 1.730594e-01
 1.281281e-01 -3.961359e-02  3.550211e-01 1.276092e-01
 1.291291e-01  2.108867e-01  4.164437e-01 2.178985e-01
 1.301301e-01  4.449810e-01  4.719596e-01 4.207540e-01
 1.311311e-01  6.561654e-01  5.201816e-01 7.011420e-01
 1.321321e-01  8.389331e-01  5.596929e-01 1.017065e+00
 1.331331e-01  9.889328e-01  5.890967e-01 1.325023e+00
 1.341341e-01  1.103076e+00  6.070752e-01 1.585318e+00
 1.351351e-01  1.179597e+00  6.124538e-01 1.766548e+00
 1.361361e-01  1.218050e+00  6.042696e-01 1.848787e+00
 1.371371e-01  1.219271e+00  5.818400e-01 1.825159e+00
 1.381381e-01  1.185279e+00  5.448278e-01 1.701723e+00
 1.391391e-01  1.119145e+00  4.932991e-01 1.495829e+00
 1.401401e-01  1.024823e+00  4.277707e-01 1.233250e+00
 1.411411e-01  9.069602e-01  3.492422e-01 9.445469e-01
 1.421421e-01  7.706877e-01  2.592110e-01 6.611498e-01
 1.431431e-01  6.214069e-01  1.596667e-01 4.116399e-01
 1.441441e-01  4.645792e-01  5.306369e-02 2.186496e-01
 1.451451e-01  3.055270e-01 -5.772932e-02 9.667945e-02
 1.461461e-01  1.492540e-01 -1.695025e-01 5.100784e-02
 1.471471e-01  2.911666e-04 -2.787990e-01 7.772899e-02
 1.481481e-01 -1.374264e-01 -3.820284e-01 1.648317e-01
 1.491491e-01 -2.606499e-01 -4.755944e-01 2.941284e-01
 1.501502e-01 -3.668723e-01 -5.560332e-01 4.437682e-01
 1.511512e-01 -4.543495e-01 -6.201573e-01 5.910286e-01
 1.521522e-01 -5.220903e-01 -6.651968e-01 7.150651e-01
 1.531532e-01 -5.698164e-01 -6.889334e-01 7.993199e-01
 1.541542e-01 -5.978995e-01 -6.898197e-01 8.333350e-01
 1.551552e-01 -6.072795e-01 -6.670773e-01 8.137805e-01
 1.561562e-01 -5.993693e-01 -6.207684e-01 7.445970e-01
 1.571572e-01 -5.759529e-01 -5.518358e-01 6.362446e-01
 1.581582e-01 -5.390824e-01 -4.621073e-01 5.041530e-01
 1.591592e-01 -4.909782e-01 -3.542627e-01 3.665617e-01
 1.601602e-01 -4.339372e-01 -2.317641e-01 2.420161e-01
 1.611612e-01 -3.702528e-01 -9.874804e-02 1.468383e-01
 1.621622e-01 -3.021482e-01  4.011460e-02 9.290273e-02
 1.631632e-01 -2.317245e-01  1.797875e-01 8.601979e-02
 1.641642e-01 -1.609234e-01  3.150599e-01 1.251591e-01
 1.651652e-01 -9.150396e-02  4.407519e-01 2.026352e-01
 1.661662e-01 -2.503153e-02  5.519256e-01 3.052485e-01
 1.671672e-01  3.712370e-02  6.440917e-01 4.162323e-01
 1.681682e-01  9.378096e-02  7.134038e-01 5.177399e-01
 1.691692e-01  1.439391e-01  7.568298e-01 5.935099e-01
 1.701702e-01  1.867653e-01  7.722930e-01 6.313177e-01
 1.711712e-01  2.215844e-01  7.587748e-01 6.248388e-01
 1.721722e-01  2.478719e-01  7.163751e-01 5.746338e-01
 1.731732e-01  2.652502e-01  6.463254e-01 4.880942e-01
 1.741742e-01  2.734901e-01  5.509535e-01 3.783466e-01
 1.751752e-01  2.725167e-01  4.336016e-01 2.622757e-01
 1.761762e-01  2.624195e-01  2.985003e-01 1.579664e-01
 1.771772e-01  2.434639e-01  1.506030e-01 8.195592e-02
 1.781782e-01  2.161042e-01 -4.610031e-03 4.672227e-02
 1.791792e-01  1.809943e-01 -1.613517e-01 5.879330e-02
 1.801802e-01  1.389949e-01 -3.137600e-01 1.177649e-01
 1.811812e-01  9.117434e-02 -4.561338e-01 2.163708e-01
 1.821822e-01  3.880236e-02 -5.831591e-01 3.415801e-01
 1.831832e-01 -1.666582e-02 -6.901183e-01 4.765410e-01
 1.841842e-01 -7.361496e-02 -7.730715e-01 6.030587e-01
 1.851852e-01 -1.303050e-01 -8.290028e-01 7.042251e-01
 1.861862e-01 -1.849160e-01 -8.559254e-01 7.668021e-01
 1.871872e-01 -2.356001e-01 -8.529409e-01 7.830157e-01
 1.881882e-01 -2.805409e-01 -8.202532e-01 7.515185e-01
 1.891892e-01 -3.180148e-01 -7.591343e-01 6.774183e-01
 1.901902e-01 -3.464547e-01 -6.718480e-01 5.714107e-01
 1.911912e-01 -3.645105e-01 -5.615348e-01 4.481892e-01
 1.921922e-01 -3.711052e-01 -4.320639e-01 3.243982e-01
 1.931932e-01 -3.654826e-01 -2.878624e-01 2.164423e-01
 1.941942e-01 -3.472454e-01 -1.337289e-01 1.384628e-01
 1.951952e-01 -3.163806e-01  2.535952e-02 1.007398e-01
 1.961962e-01 -2.732715e-01  1.844363e-01 1.086941e-01
 1.971972e-01 -2.186955e-01  3.387227e-01 1.625608e-01
 1.981982e-01 -1.538076e-01  4.837864e-01 2.577061e-01
 1.991992e-01 -8.011058e-02  6.156742e-01 3.854724e-01
 2.002002e-01  5.874302e-04  7.310148e-01 5.343830e-01
 2.012012e-01  8.622567e-02  8.270898e-01 6.915124e-01
 2.022022e-01  1.745517e-01  9.018703e-01 8.438383e-01
 2.032032e-01  2.631885e-01  9.540229e-01 9.794278e-01
 2.042042e-01  3.497043e-01  9.828855e-01 1.088357e+00
 2.052052e-01  4.316839e-01  9.884189e-01 1.163323e+00
 2.062062e-01  5.067975e-01  9.711387e-01 1.199954e+00
 2.072072e-01  5.728661e-01  9.320342e-01 1.196863e+00
 2.082082e-01  6.279212e-01  8.724803e-01 1.155507e+00
 2.092092e-01  6.702572e-01  7.941489e-01 1.079917e+00
 2.102102e-01  6.984756e-01  6.989259e-01 9.763655e-01
 2.112112e-01  7.115197e-01  5.888383e-01 8.529909e-01
 2.122122e-01  7.087010e-01  4.659956e-01 7.194090e-01
 2.132132e-01  6.897153e-01  3.325464e-01 5.862943e-01
 2.142142e-01  6.546495e-01  1.906540e-01 4.649149e-01
 2.152152e-01  6.039803e-01  4.248686e-02 3.665973e-01
 2.162162e-01  5.385634e-01 -1.097754e-01 3.021011e-01
 2.172172e-01  4.596155e-01 -2.639255e-01 2.809030e-01
 2.182182e-01  3.686883e-01 -4.177048e-01 3.104084e-01
 2.192192e-01  2.676363e-01 -5.687776e-01 3.951372e-01
 2.202202e-01  1.585765e-01 -7.147094e-01 5.359560e-01
 2.212212e-01  4.384448e-02 -8.529522e-01 7.294498e-01
 2.222222e-01 -7.405716e-02 -9.808445e-01 9.675403e-01
 2.232232e-01 -1.925136e-01 -1.095626e+00 1.237458e+00
 2.242242e-01 -3.088575e-01 -1.194474e+00 1.522162e+00
 2.252252e-01 -4.204313e-01 -1.274558e+00 1.801261e+00
 2.262262e-01 -5.246519e-01 -1.333116e+00 2.052457e+00
 2.272272e-01 -6.190757e-01 -1.367546e+00 2.253436e+00
 2.282282e-01 -7.014628e-01 -1.375519e+00 2.384103e+00
 2.292292e-01 -7.698386e-01 -1.355096e+00 2.428937e+00
 2.302302e-01 -8.225510e-01 -1.304849e+00 2.379220e+00
 2.312312e-01 -8.583203e-01 -1.223981e+00 2.234844e+00
 2.322322e-01 -8.762815e-01 -1.112440e+00 2.005392e+00
 2.332332e-01 -8.760152e-01 -9.710049e-01 1.710253e+00
 2.342342e-01 -8.575669e-01 -8.013577e-01 1.377595e+00
 2.352352e-01 -8.214524e-01 -6.061189e-01 1.042164e+00
 2.362362e-01 -7.686486e-01 -3.888493e-01 7.420245e-01
 2.372372e-01 -7.005703e-01 -1.540124e-01 5.145186e-01
 2.382382e-01 -6.190308e-01  9.310328e-02 3.918673e-01
 2.392392e-01 -5.261896e-01  3.465032e-01 3.969399e-01
 2.402402e-01 -4.244873e-01  5.996429e-01 5.397611e-01
 2.412412e-01 -3.165704e-01  8.456177e-01 8.152861e-01
 2.422422e-01 -2.052071e-01  1.077380e+00 1.202858e+00
 2.432432e-01 -9.320000e-02  1.287977e+00 1.667570e+00
 2.442442e-01  1.670421e-02  1.470794e+00 2.163514e+00
 2.452452e-01  1.219020e-01  1.619806e+00 2.638632e+00
 2.462462e-01  2.200147e-01  1.729812e+00 3.040654e+00
 2.472472e-01  3.089618e-01  1.796648e+00 3.323400e+00
 2.482482e-01  3.870212e-01  1.817376e+00 3.452642e+00
 2.492492e-01  4.528757e-01  1.790430e+00 3.410735e+00
 2.502503e-01  5.056419e-01  1.715707e+00 3.199325e+00
 2.512513e-01  5.448825e-01  1.594623e+00 2.839718e+00
 2.522523e-01  5.705994e-01  1.430092e+00 2.370747e+00
 2.532533e-01  5.832095e-01  1.226469e+00 1.844360e+00
 2.542543e-01  5.835041e-01  9.894197e-01 1.319428e+00
 2.552553e-01  5.725935e-01  7.257499e-01 8.545762e-01
 2.562563e-01  5.518406e-01  4.431848e-01 5.009408e-01
 2.572573e-01  5.227857e-01  1.501110e-01 2.958382e-01
 2.582583e-01  4.870670e-01 -1.447076e-01 2.581746e-01
 2.592593e-01  4.463401e-01 -4.324323e-01 3.862172e-01
 2.602603e-01  4.022013e-01 -7.044551e-01 6.580229e-01
 2.612613e-01  3.561177e-01 -9.526984e-01 1.034454e+00
 2.622623e-01  3.093683e-01 -1.169894e+00 1.464360e+00
 2.632633e-01  2.629982e-01 -1.349832e+00 1.891214e+00
 2.642643e-01  2.177886e-01 -1.487571e+00 2.260300e+00
 2.652653e-01  1.742444e-01 -1.579600e+00 2.525496e+00
 2.662663e-01  1.325986e-01 -1.623941e+00 2.654766e+00
 2.672673e-01  9.283488e-02 -1.620204e+00 2.633679e+00
 2.682683e-01  5.472496e-02 -1.569572e+00 2.466551e+00
 2.692693e-01  1.788014e-02 -1.474735e+00 2.175164e+00
 2.702703e-01 -1.818706e-02 -1.339768e+00 1.795309e+00
 2.712713e-01 -5.399419e-02 -1.169957e+00 1.371715e+00
 2.722723e-01 -9.001793e-02 -9.715894e-01 9.520891e-01
 2.732733e-01 -1.266245e-01 -7.517094e-01 5.811008e-01
 2.742743e-01 -1.640069e-01 -5.178524e-01 2.950693e-01
 2.752753e-01 -2.021315e-01 -2.777689e-01 1.180127e-01
 2.762763e-01 -2.407004e-01 -3.915016e-02 5.946940e-02
 2.772773e-01 -2.791290e-01  1.906365e-01 1.142553e-01
 2.782783e-01 -3.165449e-01  4.047900e-01 2.640556e-01
 2.792793e-01 -3.518061e-01  5.972881e-01 4.805206e-01
 2.802803e-01 -3.835406e-01  7.630632e-01 7.293689e-01
 2.812813e-01 -4.102047e-01  8.981362e-01 9.749165e-01
 2.822823e-01 -4.301595e-01  9.997038e-01 1.184445e+00
 2.832833e-01 -4.417601e-01  1.066180e+00 1.331891e+00
 2.842843e-01 -4.434550e-01  1.097191e+00 1.400479e+00
 2.852853e-01 -4.338893e-01  1.093526e+00 1.384059e+00
 2.862863e-01 -4.120065e-01  1.057052e+00 1.287108e+00
 2.872873e-01 -3.771432e-01  9.905905e-01 1.123507e+00
 2.882883e-01 -3.291102e-01  8.977712e-01 9.143067e-01
 2.892893e-01 -2.682551e-01  7.828644e-01 6.848375e-01
 2.902903e-01 -1.955021e-01  6.506028e-01 4.615051e-01
 2.912913e-01 -1.123643e-01  5.059987e-01 2.686605e-01
 2.922923e-01 -2.092669e-02  3.541646e-01 1.258705e-01
 2.932933e-01  7.620139e-02  2.001428e-01 4.586378e-02
 2.942943e-01  1.759629e-01  4.875068e-02 3.333957e-02
 2.952953e-01  2.749580e-01 -9.555498e-02 8.473267e-02
 2.962963e-01  3.695724e-01 -2.287913e-01 1.889292e-01
 2.972973e-01  4.561241e-01 -3.475381e-01 3.288319e-01
 2.982983e-01  5.310221e-01 -4.490018e-01 4.835870e-01
 2.992993e-01  5.909303e-01 -5.310547e-01 6.312177e-01
 3.003003e-01  6.329275e-01 -5.922510e-01 7.513585e-01
 3.013013e-01  6.546565e-01 -6.318220e-01 8.277742e-01
 3.023023e-01  6.544538e-01 -6.496521e-01 8.503577e-01
 3.033033e-01  6.314532e-01 -6.462407e-01 8.163602e-01
 3.043043e-01  5.856569e-01 -6.226500e-01 7.306871e-01
 3.053053e-01  5.179701e-01 -5.804444e-01 6.052088e-01
 3.063063e-01  4.301951e-01 -5.216228e-01 4.571581e-01
 3.073073e-01  3.249855e-01 -4.485460e-01 3.068091e-01
 3.083083e-01  2.057606e-01 -3.638624e-01 1.747333e-01
 3.093093e-01  7.658246e-02 -2.704323e-01 7.899849e-02
 3.103103e-01 -5.799708e-02 -1.712520e-01 3.269089e-02
 3.113113e-01 -1.931155e-01 -6.937986e-02 4.210715e-02
 3.123123e-01 -3.237950e-01  3.213680e-02 1.058760e-01
 3.133133e-01 -4.451458e-01  1.303324e-01 2.151414e-01
 3.143143e-01 -5.525684e-01  2.223917e-01 3.547899e-01
 3.153153e-01 -6.419436e-01  3.057143e-01 5.055528e-01
 3.163163e-01 -7.098046e-01  3.779768e-01 6.466890e-01
 3.173173e-01 -7.534790e-01  4.371886e-01 7.588645e-01
 3.183183e-01 -7.711981e-01  4.817433e-01 8.268231e-01
 3.193193e-01 -7.621651e-01  5.104616e-01 8.414667e-01
 3.203203e-01 -7.265826e-01  5.226254e-01 8.010596e-01
 3.213213e-01 -6.656356e-01  5.180016e-01 7.113964e-01
 3.223223e-01 -5.814331e-01  4.968536e-01 5.849279e-01
 3.233233e-01 -4.769118e-01  4.599383e-01 4.389881e-01
 3.243243e-01 -3.557059e-01  4.084896e-01 2.933904e-01
 3.253253e-01 -2.219910e-01  3.441852e-01 1.677435e-01
 3.263263e-01 -8.030958e-02  2.690989e-01 7.886384e-02
 3.273273e-01  6.461325e-02  1.856371e-01 3.863602e-02
 3.283283e-01  2.080548e-01  9.646349e-02 5.259199e-02
 3.293293e-01  3.454717e-01  4.410524e-03 1.193702e-01
 3.303303e-01  4.726614e-01 -8.761548e-02 2.310853e-01
 3.313313e-01  5.859002e-01 -1.767356e-01 3.745145e-01
 3.323323e-01  6.820539e-01 -2.601997e-01 5.329014e-01
 3.333333e-01  7.586565e-01 -3.354848e-01 6.881098e-01
 3.343343e-01  8.139551e-01 -4.003858e-01 8.228316e-01
 3.353353e-01  8.469219e-01 -4.530947e-01 9.225715e-01
 3.363363e-01  8.572345e-01 -4.922643e-01 9.771750e-01
 3.373373e-01  8.452282e-01 -5.170532e-01 9.817547e-01
 3.383383e-01  8.118253e-01 -5.271504e-01 9.369479e-01
 3.393393e-01  7.584479e-01 -5.227773e-01 8.485393e-01
 3.403403e-01  6.869187e-01 -5.046671e-01 7.265462e-01
 3.413413e-01  5.993599e-01 -4.740229e-01 5.839299e-01
 3.423423e-01  4.980921e-01 -4.324554e-01 4.351134e-01
 3.433433e-01  3.855438e-01 -3.819043e-01 2.944950e-01
 3.443443e-01  2.641721e-01 -3.245453e-01 1.751166e-01
 3.453453e-01  1.364007e-01 -2.626892e-01 8.761079e-02
 3.463463e-01  4.575881e-03 -1.986763e-01 3.949319e-02
 3.473473e-01 -1.290582e-01 -1.347721e-01 3.481953e-02
 3.483483e-01 -2.623670e-01 -7.306872e-02 7.417547e-02
 3.493493e-01 -3.933169e-01 -1.539751e-02 1.549353e-01
 3.503504e-01 -5.199559e-01  3.674481e-02 2.717043e-01
 3.513514e-01 -6.403860e-01  8.225043e-02 4.168594e-01
 3.523524e-01 -7.527345e-01  1.204356e-01 5.811139e-01
 3.533534e-01 -8.551275e-01  1.510527e-01 7.540600e-01
 3.543544e-01 -9.456730e-01  1.742813e-01 9.246713e-01
 3.553554e-01 -1.022455e+00  1.906970e-01 1.081779e+00
 3.563564e-01 -1.083544e+00  2.012214e-01 1.214557e+00
 3.573574e-01 -1.127027e+00  2.070545e-01 1.313061e+00
 3.583584e-01 -1.151056e+00  2.095958e-01 1.368861e+00
 3.593594e-01 -1.153913e+00  2.103537e-01 1.375763e+00
 3.603604e-01 -1.134091e+00  2.108530e-01 1.330621e+00
 3.613614e-01 -1.090390e+00  2.125406e-01 1.234124e+00
 3.623624e-01 -1.022018e+00  2.166975e-01 1.091478e+00
 3.633634e-01 -9.286876e-01  2.243584e-01 9.127974e-01
 3.643644e-01 -8.107178e-01  2.362453e-01 7.130751e-01
 3.653654e-01 -6.691108e-01  2.527158e-01 5.115745e-01
 3.663664e-01 -5.056168e-01  2.737317e-01 3.305774e-01
 3.673674e-01 -3.227691e-01  2.988451e-01 1.934883e-01
 3.683684e-01 -1.238891e-01  3.272074e-01 1.224132e-01
 3.693694e-01  8.694435e-02  3.575966e-01 1.354346e-01
 3.703704e-01  3.049617e-01  3.884650e-01 2.439067e-01
 3.713714e-01  5.248080e-01  4.180032e-01 4.501501e-01
 3.723724e-01  7.406829e-01  4.442193e-01 7.459419e-01
 3.733734e-01  9.465123e-01  4.650280e-01 1.112137e+00
 3.743744e-01  1.136146e+00  4.783485e-01 1.519646e+00
 3.753754e-01  1.303575e+00  4.822043e-01 1.931829e+00
 3.763764e-01  1.443155e+00  4.748232e-01 2.308154e+00
 3.773774e-01  1.549836e+00  4.547312e-01 2.608771e+00
 3.783784e-01  1.619374e+00  4.208386e-01 2.799476e+00
 3.793794e-01  1.648530e+00  3.725116e-01 2.856418e+00
 3.803804e-01  1.635237e+00  3.096300e-01 2.769872e+00
 3.813814e-01  1.578722e+00  2.326239e-01 2.546478e+00
 3.823824e-01  1.479591e+00  1.424922e-01 2.209494e+00
 3.833834e-01  1.339858e+00  4.079728e-02 1.796884e+00
 3.843844e-01  1.162920e+00 -7.036106e-02 1.357333e+00
 3.853854e-01  9.534779e-01 -1.883947e-01 9.446127e-01
 3.863864e-01  7.174027e-01 -3.102956e-01 6.109499e-01
 3.873874e-01  4.615522e-01 -4.327238e-01 4.002803e-01
 3.883884e-01  1.935448e-01 -5.521104e-01 3.422855e-01
 3.893894e-01 -7.850136e-02 -6.647738e-01 4.480866e-01
 3.903904e-01 -3.462543e-01 -7.670426e-01 7.082464e-01
 3.913914e-01 -6.014668e-01 -8.553852e-01 1.093446e+00
 3.923924e-01 -8.362763e-01 -9.265360e-01 1.557827e+00
 3.933934e-01 -1.043493e+00 -9.776188e-01 2.044617e+00
 3.943944e-01 -1.216867e+00 -1.006258e+00 2.493321e+00
 3.953954e-01 -1.351313e+00 -1.010680e+00 2.847522e+00
 3.963964e-01 -1.443104e+00 -9.897899e-01 3.062232e+00
 3.973974e-01 -1.489996e+00 -9.432327e-01 3.109778e+00
 3.983984e-01 -1.491313e+00 -8.714289e-01 2.983403e+00
 3.993994e-01 -1.447952e+00 -7.755841e-01 2.698096e+00
 4.004004e-01 -1.362341e+00 -6.576717e-01 2.288505e+00
 4.014014e-01 -1.238329e+00 -5.203906e-01 1.804266e+00
 4.024024e-01 -1.081026e+00 -3.670966e-01 1.303377e+00
 4.034034e-01 -8.965871e-01 -2.017117e-01 8.445559e-01
 4.044044e-01 -6.919693e-01 -2.861068e-02 4.796400e-01
 4.054054e-01 -4.746495e-01  1.475055e-01 2.470500e-01
 4.064064e-01 -2.523328e-01  3.217528e-01 1.671967e-01
 4.074074e-01 -3.265377e-02  4.892122e-01 2.403949e-01
 4.084084e-01  1.771110e-01  6.450829e-01 4.475002e-01
 4.094094e-01  3.703113e-01  7.848312e-01 7.530905e-01
 4.104104e-01  5.411584e-01  9.043356e-01 1.110675e+00
 4.114114e-01  6.849195e-01  1.000016e+00 1.469148e+00
 4.124124e-01  7.980631e-01  1.068953e+00 1.779566e+00
 4.134134e-01  8.783509e-01  1.108979e+00 2.001334e+00
 4.144144e-01  9.248724e-01  1.118754e+00 2.106999e+00
 4.154154e-01  9.380244e-01  1.097814e+00 2.085085e+00
 4.164164e-01  9.194349e-01  1.046592e+00 1.940715e+00
 4.174174e-01  8.718399e-01  9.664106e-01 1.694054e+00
 4.184184e-01  7.989162e-01  8.594529e-01 1.376926e+00
 4.194194e-01  7.050838e-01  7.286997e-01 1.028147e+00
 4.204204e-01  5.952830e-01  5.778501e-01 6.882725e-01
 4.214214e-01  4.747411e-01  4.112141e-01 3.944761e-01
 4.224224e-01  3.487373e-01  2.335922e-01 1.761830e-01
 4.234234e-01  2.223787e-01  5.013386e-02 5.196569e-02
 4.244244e-01  1.003944e-01 -1.338091e-01 2.798390e-02
 4.254254e-01 -1.303945e-02 -3.128421e-01 9.804018e-02
 4.264264e-01 -1.144418e-01 -4.816842e-01 2.451166e-01
 4.274274e-01 -2.011257e-01 -6.353285e-01 4.440939e-01
 4.284284e-01 -2.712569e-01 -7.691898e-01 6.652332e-01
 4.294294e-01 -3.238663e-01 -8.792479e-01 8.779662e-01
 4.304304e-01 -3.588231e-01 -9.621702e-01 1.054525e+00
 4.314314e-01 -3.767673e-01 -1.015421e+00 1.173034e+00
 4.324324e-01 -3.790131e-01 -1.037345e+00 1.219736e+00
 4.334334e-01 -3.674227e-01 -1.027228e+00 1.190196e+00
 4.344344e-01 -3.442675e-01 -9.853258e-01 1.089387e+00
 4.354354e-01 -3.120753e-01 -9.128763e-01 9.307341e-01
 4.364364e-01 -2.734820e-01 -8.120650e-01 7.342419e-01
 4.374374e-01 -2.310859e-01 -6.859763e-01 5.239642e-01
 4.384384e-01 -1.873219e-01 -5.385044e-01 3.250765e-01
 4.394394e-01 -1.443507e-01 -3.742466e-01 1.608977e-01
 4.404404e-01 -1.039791e-01 -1.983628e-01 5.015945e-02
 4.414414e-01 -6.760202e-02 -1.642356e-02 4.839767e-03
 4.424424e-01 -3.617921e-02  1.657680e-01 2.878796e-02
 4.434434e-01 -1.023353e-02  3.423557e-01 1.173121e-01
 4.444444e-01  1.011877e-02  5.076263e-01 2.577869e-01
 4.454454e-01  2.512283e-02  6.561935e-01 4.312211e-01
 4.464464e-01  3.531628e-02  7.831866e-01 6.146285e-01
 4.474474e-01  4.145628e-02  8.844135e-01 7.839058e-01
 4.484484e-01  4.443380e-02  9.565163e-01 9.168979e-01
 4.494494e-01  4.519603e-02  9.970880e-01 9.962272e-01
 4.504505e-01  4.466653e-02  1.004772e+00 1.011561e+00
 4.514515e-01  4.368433e-02  9.793097e-01 9.609559e-01
 4.524525e-01  4.294780e-02  9.215708e-01 8.511373e-01
 4.534535e-01  4.298439e-02  8.335196e-01 6.966025e-01
 4.544545e-01  4.412735e-02  7.181641e-01 5.177069e-01
 4.554555e-01  4.652020e-02  5.794458e-01 3.379216e-01
 4.564565e-01  5.012497e-02  4.221138e-01 1.806926e-01
 4.574575e-01  5.475544e-02  2.515461e-01 6.627359e-02
 4.584585e-01  6.010679e-02  7.356905e-02 9.025231e-03
 4.594595e-01  6.580443e-02 -1.057660e-01 1.551667e-02
 4.604605e-01  7.143954e-02 -2.803896e-01 8.372191e-02
 4.614615e-01  7.661774e-02 -4.444511e-01 2.034071e-01
 4.624625e-01  8.098465e-02 -5.925170e-01 3.576349e-01
 4.634635e-01  8.426083e-02 -7.197863e-01 5.251921e-01
 4.644645e-01  8.624598e-02 -8.222450e-01 6.835252e-01
 4.654655e-01  8.683303e-02 -8.968293e-01 8.118428e-01
 4.664665e-01  8.598710e-02 -9.415064e-01 8.938281e-01
 4.674675e-01  8.374015e-02 -9.553626e-01 9.197302e-01
 4.684685e-01  8.014914e-02 -9.385927e-01 8.873802e-01
 4.694695e-01  7.528084e-02 -8.925044e-01 8.022314e-01
 4.704705e-01  6.916010e-02 -8.194117e-01 6.762187e-01
 4.714715e-01  6.175990e-02 -7.225640e-01 5.259130e-01
 4.724725e-01  5.295299e-02 -6.059532e-01 3.699833e-01
 4.734735e-01  4.252363e-02 -4.741919e-01 2.266662e-01
 4.744745e-01  3.013313e-02 -3.322553e-01 1.113016e-01
 4.754755e-01  1.536705e-02 -1.853467e-01 3.458954e-02
 4.764765e-01 -2.283173e-03 -3.859959e-02 1.495141e-03
 4.774775e-01 -2.332846e-02  1.030200e-01 1.115733e-02
 4.784785e-01 -4.829579e-02  2.350340e-01 5.757348e-02
 4.794795e-01 -7.758475e-02  3.534495e-01 1.309459e-01
 4.804805e-01 -1.115099e-01  4.551157e-01 2.195647e-01
 4.814815e-01 -1.500837e-01  5.375174e-01 3.114501e-01
 4.824825e-01 -1.931742e-01  5.992892e-01 3.964638e-01
 4.834835e-01 -2.400903e-01  6.394962e-01 4.665987e-01
 4.844845e-01 -2.902599e-01  6.590771e-01 5.186335e-01
 4.854855e-01 -3.402625e-01  6.549344e-01 5.447176e-01
 4.864865e-01 -3.749372e-01  6.037551e-01 5.050982e-01
 4.874875e-01 -3.886637e-01  5.072001e-01 4.083114e-01
 4.884885e-01 -3.788679e-01  3.752207e-01 2.843314e-01
 4.894895e-01 -3.437290e-01  2.192899e-01 1.662377e-01
 4.904905e-01 -2.831872e-01  5.280583e-02 8.298344e-02
 4.914915e-01 -1.988462e-01 -1.107967e-01 5.181573e-02
 4.924925e-01 -9.432369e-02 -2.587191e-01 7.583251e-02
 4.934935e-01  2.491336e-02 -3.801171e-01 1.451097e-01
 4.944945e-01  1.516295e-01 -4.666952e-01 2.407959e-01
 4.954955e-01  2.772760e-01 -5.134309e-01 3.404933e-01
 4.964965e-01  3.924637e-01 -5.187076e-01 4.230854e-01
 4.974975e-01  4.877008e-01 -4.843775e-01 4.724736e-01
 4.984985e-01  5.541192e-01 -4.153490e-01 4.795628e-01
 4.994995e-01  5.843203e-01 -3.190835e-01 4.432446e-01
 5.005005e-01  5.731014e-01 -2.047802e-01 3.703802e-01
 5.015015e-01  5.181345e-01 -8.255675e-02 2.752790e-01
 5.025025e-01  4.203919e-01  3.748753e-02 1.781347e-01
 5.035035e-01  2.843843e-01  1.460846e-01 1.022151e-01
 5.045045e-01  1.180486e-01  2.355508e-01 6.941962e-02
 5.055055e-01 -6.761303e-02  3.003116e-01 9.475859e-02
 5.065065e-01 -2.592516e-01  3.372493e-01 1.809485e-01
 5.075075e-01 -4.420879e-01  3.457874e-01 3.150106e-01
 5.085085e-01 -6.010873e-01  3.277633e-01 4.687347e-01
 5.095095e-01 -7.221683e-01  2.870917e-01 6.039487e-01
 5.105105e-01 -7.934937e-01  2.292538e-01 6.821896e-01
 5.115115e-01 -8.065538e-01  1.607098e-01 6.763566e-01
 5.125125e-01 -7.571531e-01  8.820592e-02 5.810611e-01
 5.135135e-01 -6.459221e-01  1.820155e-02 4.175467e-01
 5.145145e-01 -4.786777e-01 -4.381445e-02 2.310520e-01
 5.155155e-01 -2.659753e-01 -9.350930e-02 7.948683e-02
 5.165165e-01 -2.307459e-02 -1.290873e-01 1.719597e-02
 5.175175e-01  2.325204e-01 -1.547207e-01 7.800422e-02
 5.185185e-01  4.925088e-01 -1.723334e-01 2.722637e-01
 5.195195e-01  7.498181e-01 -1.834421e-01 5.958782e-01
 5.205205e-01  9.968002e-01 -1.899512e-01 1.029692e+00
 5.215215e-01  1.225914e+00 -1.938186e-01 1.540430e+00
 5.225225e-01  1.429777e+00 -1.970647e-01 2.083098e+00
 5.235235e-01  1.601560e+00 -2.016004e-01 2.605636e+00
 5.245245e-01  1.735151e+00 -2.091743e-01 3.054504e+00
 5.255255e-01  1.825464e+00 -2.212546e-01 3.381273e+00
 5.265265e-01  1.868596e+00 -2.389772e-01 3.548762e+00
 5.275275e-01  1.862039e+00 -2.630713e-01 3.536396e+00
 5.285285e-01  1.804777e+00 -2.938311e-01 3.343556e+00
 5.295295e-01  1.697387e+00 -3.310860e-01 2.990739e+00
 5.305305e-01  1.542038e+00 -3.742060e-01 2.517911e+00
 5.315315e-01  1.342473e+00 -4.221153e-01 1.980414e+00
 5.325325e-01  1.103896e+00 -4.733331e-01 1.442631e+00
 5.335335e-01  8.328394e-01 -5.260261e-01 9.703249e-01
 5.345345e-01  5.369485e-01 -5.780800e-01 6.224902e-01
 5.355355e-01  2.247516e-01 -6.271808e-01 4.438690e-01
 5.365365e-01 -9.462943e-02 -6.709077e-01 4.590719e-01
 5.375375e-01 -4.117721e-01 -7.068309e-01 6.691662e-01
 5.385385e-01 -7.172785e-01 -7.326120e-01 1.051209e+00
 5.395395e-01 -1.002086e+00 -7.461033e-01 1.560846e+00
 5.405405e-01 -1.257781e+00 -7.454414e-01 2.137697e+00
 5.415415e-01 -1.476882e+00 -7.291332e-01 2.712816e+00
 5.425425e-01 -1.653095e+00 -6.961284e-01 3.217316e+00
 5.435435e-01 -1.781520e+00 -6.458790e-01 3.590974e+00
 5.445445e-01 -1.858822e+00 -5.783800e-01 3.789741e+00
 5.455455e-01 -1.883322e+00 -4.941931e-01 3.791127e+00
 5.465465e-01 -1.855053e+00 -3.944483e-01 3.596811e+00
 5.475475e-01 -1.775735e+00 -2.808280e-01 3.232101e+00
 5.485485e-01 -1.648702e+00 -1.555293e-01 2.742407e+00
 5.495495e-01 -1.478758e+00 -2.120879e-02 2.187176e+00
 5.505506e-01 -1.272000e+00  1.190901e-01 1.632166e+00
 5.515516e-01 -1.035575e+00  2.620228e-01 1.141071e+00
 5.525526e-01 -7.774210e-01  4.040426e-01 7.676338e-01
 5.535536e-01 -5.059719e-01  5.415058e-01 5.492361e-01
 5.545546e-01 -2.298551e-01  6.707833e-01 5.027836e-01
 5.555556e-01  4.241474e-02  7.883710e-01 6.233278e-01
 5.565566e-01  3.027266e-01  8.909999e-01 8.855241e-01
 5.575576e-01  5.436463e-01  9.757370e-01 1.247614e+00
 5.585586e-01  7.586524e-01  1.040080e+00 1.657319e+00
 5.595596e-01  9.423353e-01  1.082035e+00 2.058795e+00
 5.605606e-01  1.090544e+00  1.100185e+00 2.399693e+00
 5.615616e-01  1.200483e+00  1.093737e+00 2.637418e+00
 5.625626e-01  1.270752e+00  1.062551e+00 2.743825e+00
 5.635636e-01  1.301334e+00  1.007155e+00 2.707833e+00
 5.645646e-01  1.293526e+00  9.287362e-01 2.535760e+00
 5.655656e-01  1.249823e+00  8.291115e-01 2.249483e+00
 5.665666e-01  1.173764e+00  7.106880e-01 1.882799e+00
 5.675676e-01  1.069740e+00  5.763989e-01 1.476579e+00
 5.685686e-01  9.427813e-01  4.296290e-01 1.073418e+00
 5.695696e-01  7.983295e-01  2.741251e-01 7.124745e-01
 5.705706e-01  6.420058e-01  1.138974e-01 4.251441e-01
 5.715716e-01  4.793889e-01 -4.688904e-02 2.320123e-01
 5.725726e-01  3.158053e-01 -2.040261e-01 1.413596e-01
 5.735736e-01  1.561489e-01 -3.533791e-01 1.492592e-01
 5.745746e-01  4.727774e-03 -4.910014e-01 2.411047e-01
 5.755756e-01 -1.348486e-01 -6.132472e-01 3.942562e-01
 5.765766e-01 -2.597459e-01 -7.168768e-01 5.813802e-01
 5.775776e-01 -3.679377e-01 -7.991547e-01 7.740265e-01
 5.785786e-01 -4.582019e-01 -8.579347e-01 9.460009e-01
 5.795796e-01 -5.300778e-01 -8.917315e-01 1.076167e+00
 5.805806e-01 -5.837942e-01 -8.997749e-01 1.150411e+00
 5.815816e-01 -6.201696e-01 -8.820468e-01 1.162617e+00
 5.825826e-01 -6.404953e-01 -8.392950e-01 1.114650e+00
 5.835836e-01 -6.464067e-01 -7.730277e-01 1.015414e+00
 5.845846e-01 -6.397524e-01 -6.854829e-01 8.791699e-01
 5.855856e-01 -6.224658e-01 -5.795761e-01 7.233722e-01
 5.865866e-01 -5.964507e-01 -4.588239e-01 5.662728e-01
 5.875876e-01 -5.634802e-01 -3.272468e-01 4.246004e-01
 5.885886e-01 -5.251196e-01 -1.892517e-01 3.115668e-01
 5.895896e-01 -4.826717e-01 -4.949781e-02 2.354220e-01
 5.905906e-01 -4.371483e-01  8.725239e-02 1.987116e-01
 5.915916e-01 -3.892656e-01  2.162894e-01 1.983089e-01
 5.925926e-01 -3.394644e-01  3.331194e-01 2.262046e-01
 5.935936e-01 -2.879478e-01  4.336241e-01 2.709438e-01
 5.945946e-01 -2.347375e-01  5.142149e-01 3.195186e-01
 5.955956e-01 -1.797381e-01  5.719732e-01 3.594591e-01
 5.965966e-01 -1.228090e-01  6.047723e-01 3.808316e-01
 5.975976e-01 -6.383446e-02  6.113746e-01 3.778537e-01
 5.985986e-01 -2.790006e-03  5.914992e-01 3.498790e-01
 5.995996e-01  6.020238e-02  5.458561e-01 3.015832e-01
 6.006006e-01  1.248309e-01  4.761442e-01 2.422961e-01
 6.016016e-01  1.905680e-01  3.850106e-01 1.845493e-01
 6.026026e-01  2.566606e-01  2.759719e-01 1.420352e-01
 6.036036e-01  3.221387e-01  1.532990e-01 1.272739e-01
 6.046046e-01  3.858398e-01  2.186798e-02 1.493506e-01
 6.056056e-01  4.464490e-01 -1.130180e-01 2.120897e-01
 6.066066e-01  5.025489e-01 -2.458286e-01 3.129871e-01
 6.076076e-01  5.526797e-01 -3.710225e-01 4.431126e-01
 6.086086e-01  5.954018e-01 -4.832694e-01 5.880526e-01
 6.096096e-01  6.293592e-01 -5.776697e-01 7.297953e-01
 6.106106e-01  6.533391e-01 -6.499623e-01 8.493030e-01
 6.116116e-01  6.663248e-01 -6.967116e-01 9.293958e-01
 6.126126e-01  6.675380e-01 -7.154639e-01 9.574956e-01
 6.136136e-01  6.564704e-01 -7.048671e-01 9.277910e-01
 6.146146e-01  6.329011e-01 -6.647465e-01 8.424518e-01
 6.156156e-01  5.969029e-01 -5.961328e-01 7.116674e-01
 6.166166e-01  5.488341e-01 -5.012390e-01 5.524594e-01
 6.176176e-01  4.893219e-01 -3.833881e-01 3.864224e-01
 6.186186e-01  4.192351e-01 -2.468906e-01 2.367130e-01
 6.196196e-01  3.396522e-01 -9.687905e-02 1.247492e-01
 6.206206e-01  2.518253e-01  6.089581e-02 6.712427e-02
 6.216216e-01  1.571435e-01  2.202979e-01 7.322526e-02
 6.226226e-01  5.709806e-02  3.750593e-01 1.439297e-01
 6.236236e-01 -4.674846e-02  5.190415e-01 2.715895e-01
 6.246246e-01 -1.527883e-01  6.464954e-01 4.413006e-01
 6.256256e-01 -2.593881e-01  7.523066e-01 6.332474e-01
 6.266266e-01 -3.649027e-01  8.322165e-01 8.257382e-01
 6.276276e-01 -4.676837e-01  8.830077e-01 9.984307e-01
 6.286286e-01 -5.660840e-01  9.026478e-01 1.135224e+00
 6.296296e-01 -6.584595e-01  8.903809e-01 1.226347e+00
 6.306306e-01 -7.431718e-01  8.467671e-01 1.269319e+00
 6.316316e-01 -8.185921e-01  7.736643e-01 1.268649e+00
 6.326326e-01 -8.831103e-01  6.741541e-01 1.234368e+00
 6.336336e-01 -9.351497e-01  5.524155e-01 1.179668e+00
 6.346346e-01 -9.731906e-01  4.135505e-01 1.118124e+00
 6.356356e-01 -9.958014e-01  2.633693e-01 1.060984e+00
 6.366366e-01 -1.001680e+00  1.081456e-01 1.015058e+00
 6.376376e-01 -9.897002e-01 -4.565036e-02 9.815904e-01
 6.386386e-01 -9.589693e-01 -1.916255e-01 9.563424e-01
 6.396396e-01 -9.088842e-01 -3.237366e-01 9.308760e-01
 6.406406e-01 -8.391930e-01 -4.365478e-01 8.948188e-01
 6.416416e-01 -7.500505e-01 -5.254628e-01 8.386870e-01
 6.426426e-01 -6.420704e-01 -5.869215e-01 7.567314e-01
 6.436436e-01 -5.163644e-01 -6.185541e-01 6.492414e-01
 6.446446e-01 -3.745689e-01 -6.192840e-01 5.238145e-01
 6.456456e-01 -2.188538e-01 -5.893780e-01 3.952633e-01
 6.466466e-01 -5.191130e-02 -5.304390e-01 2.840603e-01
 6.476476e-01  1.230768e-01 -4.453445e-01 2.134796e-01
 6.486486e-01  3.024942e-01 -3.381303e-01 2.058348e-01
 6.496496e-01  4.823678e-01 -2.138276e-01 2.784010e-01
 6.506507e-01  6.584648e-01 -7.825759e-02 4.397001e-01
 6.516517e-01  8.264081e-01  6.220660e-02 6.868200e-01
 6.526527e-01  9.818060e-01  2.009018e-01 1.004304e+00
 6.536537e-01  1.120390e+00  3.311493e-01 1.364934e+00
 6.546547e-01  1.238160e+00  4.465317e-01 1.732430e+00
 6.556557e-01  1.331520e+00  5.411604e-01 2.065799e+00
 6.566567e-01  1.397417e+00  6.099242e-01 2.324782e+00
 6.576577e-01  1.433459e+00  6.487080e-01 2.475626e+00
 6.586587e-01  1.438014e+00  6.545740e-01 2.496350e+00
 6.596597e-01  1.410289e+00  6.258973e-01 2.380664e+00
 6.606607e-01  1.350384e+00  5.624520e-01 2.139888e+00
 6.616617e-01  1.259303e+00  4.654425e-01 1.802481e+00
 6.626627e-01  1.138952e+00  3.374796e-01 1.411104e+00
 6.636637e-01  9.920903e-01  1.825020e-01 1.017550e+00
 6.646647e-01  8.222581e-01  5.645442e-03 6.761402e-01
 6.656657e-01  6.336745e-01 -1.869355e-01 4.364883e-01
 6.666667e-01  4.311107e-01 -3.882869e-01 3.366231e-01
 6.676677e-01  2.197432e-01 -5.909080e-01 3.974594e-01
 6.686687e-01  4.992260e-03 -7.870281e-01 6.194381e-01
 6.696697e-01 -2.076476e-01 -9.688964e-01 9.818777e-01
 6.706707e-01 -4.127804e-01 -1.129075e+00 1.445199e+00
 6.716717e-01 -6.052767e-01 -1.260727e+00 1.955792e+00
 6.726727e-01 -7.804318e-01 -1.357877e+00 2.452903e+00
 6.736737e-01 -9.341071e-01 -1.415656e+00 2.876637e+00
 6.746747e-01 -1.062852e+00 -1.430495e+00 3.175972e+00
 6.756757e-01 -1.163999e+00 -1.400285e+00 3.315692e+00
 6.766767e-01 -1.235732e+00 -1.324470e+00 3.281255e+00
 6.776777e-01 -1.277123e+00 -1.204101e+00 3.080901e+00
 6.786787e-01 -1.288136e+00 -1.041815e+00 2.744673e+00
 6.796797e-01 -1.269608e+00 -8.417680e-01 2.320478e+00
 6.806807e-01 -1.223188e+00 -6.095033e-01 1.867684e+00
 6.816817e-01 -1.151263e+00 -3.517704e-01 1.449148e+00
 6.826827e-01 -1.056848e+00 -7.629874e-02 1.122749e+00
 6.836837e-01 -9.434705e-01  2.084672e-01 9.335952e-01
 6.846847e-01 -8.150305e-01  4.936606e-01 9.079755e-01
 6.856857e-01 -6.756579e-01  7.703016e-01 1.049878e+00
 6.866867e-01 -5.295670e-01  1.029613e+00 1.340543e+00
 6.876877e-01 -3.809128e-01  1.263327e+00 1.741091e+00
 6.886887e-01 -2.336568e-01  1.463981e+00 2.197836e+00
 6.896897e-01 -9.144586e-02  1.625172e+00 2.649548e+00
 6.906907e-01  4.249124e-02  1.741787e+00 3.035627e+00
 6.916917e-01  1.654261e-01  1.810172e+00 3.304088e+00
 6.926927e-01  2.751893e-01  1.828258e+00 3.418258e+00
 6.936937e-01  3.702038e-01  1.795625e+00 3.361322e+00
 6.946947e-01  4.494929e-01  1.713503e+00 3.138137e+00
 6.956957e-01  5.126639e-01  1.584716e+00 2.774149e+00
 6.966967e-01  5.598672e-01  1.413570e+00 2.311631e+00
 6.976977e-01  5.917371e-01  1.205686e+00 1.803831e+00
 6.986987e-01  6.093143e-01  9.677898e-01 1.307881e+00
 6.996997e-01  6.139568e-01  7.074629e-01 8.774467e-01
 7.007007e-01  6.072427e-01  4.328688e-01 5.561191e-01
 7.017017e-01  5.908710e-01  1.524629e-01 3.723735e-01
 7.027027e-01  5.665643e-01 -1.253020e-01 3.366957e-01
 7.037037e-01  5.359790e-01 -3.922634e-01 4.411440e-01
 7.047047e-01  5.006280e-01 -6.408182e-01 6.612764e-01
 7.057057e-01  4.618182e-01 -8.641657e-01 9.600584e-01
 7.067067e-01  4.206067e-01 -1.056513e+00 1.293130e+00
 7.077077e-01  3.777779e-01 -1.213239e+00 1.614665e+00
 7.087087e-01  3.338411e-01 -1.331009e+00 1.883036e+00
 7.097097e-01  2.890493e-01 -1.407843e+00 2.065573e+00
 7.107107e-01  2.434367e-01 -1.443127e+00 2.141877e+00
 7.117117e-01  1.968731e-01 -1.437579e+00 2.105391e+00
 7.127127e-01  1.491306e-01 -1.393168e+00 1.963157e+00
 7.137137e-01  9.995872e-02 -1.312994e+00 1.733944e+00
 7.147147e-01  4.916243e-02 -1.201127e+00 1.445123e+00
 7.157157e-01 -3.321825e-03 -1.062428e+00 1.128764e+00
 7.167167e-01 -5.735798e-02 -9.023435e-01 8.175136e-01
 7.177177e-01 -1.125546e-01 -7.266955e-01 5.407549e-01
 7.187187e-01 -1.682266e-01 -5.414670e-01 3.214867e-01
 7.197197e-01 -2.233773e-01 -3.525953e-01 1.742209e-01
 7.207207e-01 -2.767040e-01 -1.657792e-01 1.040478e-01
 7.217217e-01 -3.266277e-01  1.369446e-02 1.068732e-01
 7.227227e-01 -3.713469e-01  1.810979e-01 1.706949e-01
 7.237237e-01 -4.089132e-01  3.323815e-01 2.776875e-01
 7.247247e-01 -4.373272e-01  4.642618e-01 4.067941e-01
 7.257257e-01 -4.546473e-01  5.742767e-01 5.364980e-01
 7.267267e-01 -4.591092e-01  6.608100e-01 6.474511e-01
 7.277277e-01 -4.492462e-01  7.230853e-01 7.246744e-01
 7.287287e-01 -4.240069e-01  7.611331e-01 7.591054e-01
 7.297297e-01 -3.828597e-01  7.757334e-01 7.483438e-01
 7.307307e-01 -3.258799e-01  7.683384e-01 6.965416e-01
 7.317317e-01 -2.538119e-01  7.409792e-01 6.134707e-01
 7.327327e-01 -1.681013e-01  6.961614e-01 5.128987e-01
 7.337337e-01 -7.089380e-02  6.367523e-01 4.104794e-01
 7.347347e-01  3.500218e-02  5.658665e-01 3.214301e-01
 7.357357e-01  1.461888e-01  4.867502e-01 2.582970e-01
 7.367367e-01  2.587868e-01  4.026704e-01 2.291141e-01
 7.377377e-01  3.685753e-01  3.168096e-01 2.362161e-01
 7.387387e-01  4.711564e-01  2.321699e-01 2.758913e-01
 7.397397e-01  5.621400e-01  1.514874e-01 3.389499e-01
 7.407407e-01  6.373384e-01  7.715799e-02 4.121536e-01
 7.417417e-01  6.929629e-01  1.117722e-02 4.803225e-01
 7.427427e-01  7.258126e-01 -4.490674e-02 5.288205e-01
 7.437437e-01  7.334449e-01 -9.002554e-02 5.460460e-01
 7.447447e-01  7.143197e-01 -1.236081e-01 5.255316e-01
 7.457457e-01  6.679088e-01 -1.455833e-01 4.672966e-01
 7.467467e-01  5.947627e-01 -1.563676e-01 3.781935e-01
 7.477477e-01  4.965325e-01 -1.568378e-01 2.711427e-01
 7.487487e-01  3.759417e-01 -1.482896e-01 1.633219e-01
 7.497497e-01  2.367084e-01 -1.323821e-01 7.355588e-02
 7.507508e-01  8.342133e-02 -1.110695e-01 1.929555e-02
 7.517518e-01 -7.862826e-02 -8.652273e-02 1.366859e-02
 7.527528e-01 -2.436503e-01 -6.104015e-02 6.309136e-02
 7.537538e-01 -4.055871e-01 -3.695246e-02 1.658664e-01
 7.547548e-01 -5.583628e-01 -1.652297e-02 3.120421e-01
 7.557558e-01 -6.961383e-01 -1.847239e-03 4.846120e-01
 7.567568e-01 -8.135618e-01  5.244761e-03 6.619104e-01
 7.577578e-01 -9.060018e-01  3.279577e-03 8.208499e-01
 7.587588e-01 -9.697526e-01 -8.779041e-03 9.404972e-01
 7.597598e-01 -1.002202e+00 -3.146420e-02 1.005400e+00
 7.607608e-01 -1.001955e+00 -6.475769e-02 1.008108e+00
 7.617618e-01 -9.689017e-01 -1.080632e-01 9.504482e-01
 7.627628e-01 -9.042325e-01 -1.602028e-01 8.433013e-01
 7.637638e-01 -8.103982e-01 -2.194392e-01 7.048987e-01
 7.647648e-01 -6.910116e-01 -2.835225e-01 5.578821e-01
 7.657658e-01 -5.507001e-01 -3.497639e-01 4.256054e-01
 7.667668e-01 -3.949134e-01 -4.151302e-01 3.282897e-01
 7.677678e-01 -2.296945e-01 -4.763615e-01 2.796799e-01
 7.687688e-01 -6.142615e-02 -5.301025e-01 2.847818e-01
 7.697698e-01  1.034391e-01 -5.730466e-01 3.390820e-01
 7.707708e-01  2.586503e-01 -6.020849e-01 4.294061e-01
 7.717718e-01  3.984205e-01 -6.144537e-01 5.362923e-01
 7.727728e-01  5.176692e-01 -6.078748e-01 6.374931e-01
 7.737738e-01  6.122327e-01 -5.806806e-01 7.120188e-01
 7.747748e-01  6.790349e-01 -5.319193e-01 7.440266e-01
 7.757758e-01  7.162101e-01 -4.614342e-01 7.258785e-01
 7.767768e-01  7.231745e-01 -3.699110e-01 6.598155e-01
 7.777778e-01  7.006415e-01 -2.588931e-01 5.579241e-01
 7.787788e-01  6.505827e-01 -1.307601e-01 4.403560e-01
 7.797798e-01  5.761355e-01  1.132912e-02 3.320604e-01
 7.807808e-01  4.814617e-01  1.635274e-01 2.585466e-01
 7.817818e-01  3.715642e-01  3.214223e-01 2.413722e-01
 7.827828e-01  2.520686e-01  4.801847e-01 2.941160e-01
 7.837838e-01  1.289810e-01  6.347399e-01 4.195308e-01
 7.847848e-01  8.429239e-03  7.799511e-01 6.083948e-01
 7.857858e-01 -1.035977e-01  9.108113e-01 8.403097e-01
 7.867868e-01 -2.015058e-01  1.022632e+00 1.086380e+00
 7.877878e-01 -2.803336e-01  1.111223e+00 1.313404e+00
 7.887888e-01 -3.359647e-01  1.173059e+00 1.488940e+00
 7.897898e-01 -3.653045e-01  1.205414e+00 1.586470e+00
 7.907908e-01 -3.664164e-01  1.206474e+00 1.589842e+00
 7.917918e-01 -3.386109e-01  1.175416e+00 1.496259e+00
 7.927928e-01 -2.824851e-01  1.112439e+00 1.317318e+00
 7.937938e-01 -1.999107e-01  1.018771e+00 1.077860e+00
 7.947948e-01 -9.397121e-02  8.966296e-01 8.127752e-01
 7.957958e-01  3.114887e-02  7.491423e-01 5.621844e-01
 7.967968e-01  1.703190e-01  5.802440e-01 3.656917e-01
 7.977978e-01  3.176562e-01  3.945378e-01 2.565655e-01
 7.987988e-01  4.667492e-01  1.971357e-01 2.567173e-01
 7.997998e-01  6.109060e-01 -6.516345e-03 3.732486e-01
 8.008008e-01  7.434149e-01 -2.108231e-01 5.971121e-01
 8.018018e-01  8.578095e-01 -4.102265e-01 9.041229e-01
 8.028028e-01  9.481284e-01 -5.993861e-01 1.258211e+00
 8.038038e-01  1.009159e+00 -7.733481e-01 1.616470e+00
 8.048048e-01  1.036658e+00 -9.276958e-01 1.935279e+00
 8.058058e-01  1.027536e+00 -1.058677e+00 2.176627e+00
 8.068068e-01  9.800065e-01 -1.163304e+00 2.313689e+00
 8.078078e-01  8.936840e-01 -1.239424e+00 2.334843e+00
 8.088088e-01  7.696346e-01 -1.285760e+00 2.245515e+00
 8.098098e-01  6.103723e-01 -1.301914e+00 2.067535e+00
 8.108108e-01  4.198008e-01 -1.288351e+00 1.836082e+00
 8.118118e-01  2.031039e-01 -1.246344e+00 1.594624e+00
 8.128128e-01 -3.341493e-02 -1.177898e+00 1.388561e+00
 8.138138e-01 -2.825370e-01 -1.085659e+00 1.258482e+00
 8.148148e-01 -5.363703e-01 -9.727941e-01 1.234021e+00
 8.158158e-01 -7.866218e-01 -8.428756e-01 1.329213e+00
 8.168168e-01 -1.024888e+00 -6.997457e-01 1.540040e+00
 8.178178e-01 -1.242958e+00 -5.473873e-01 1.844577e+00
 8.188188e-01 -1.433107e+00 -3.897967e-01 2.205738e+00
 8.198198e-01 -1.588391e+00 -2.308641e-01 2.576284e+00
 8.208208e-01 -1.702900e+00 -7.426570e-02 2.905383e+00
 8.218218e-01 -1.771991e+00  7.662874e-02 3.145822e+00
 8.228228e-01 -1.792470e+00  2.188315e-01 3.260834e+00
 8.238238e-01 -1.762727e+00  3.497936e-01 3.229561e+00
 8.248248e-01 -1.682811e+00  4.674423e-01 3.050357e+00
 8.258258e-01 -1.554450e+00  5.701986e-01 2.741442e+00
 8.268268e-01 -1.381002e+00  6.569769e-01 2.338784e+00
 8.278278e-01 -1.167350e+00  7.271671e-01 1.891477e+00
 8.288288e-01 -9.197435e-01  7.806020e-01 1.455268e+00
 8.298298e-01 -6.455840e-01  8.175119e-01 1.085104e+00
 8.308308e-01 -3.531672e-01  8.384702e-01 8.277593e-01
 8.318318e-01 -5.139533e-02  8.443317e-01 7.155375e-01
 8.328328e-01  2.505350e-01  8.361688e-01 7.619461e-01
 8.338338e-01  5.434546e-01  8.152066e-01 9.599046e-01
 8.348348e-01  8.185418e-01  7.827609e-01 1.282725e+00
 8.358358e-01  1.067628e+00  7.401829e-01 1.687699e+00
 8.368368e-01  1.283474e+00  6.888099e-01 2.121766e+00
 8.378378e-01  1.460019e+00  6.299275e-01 2.528464e+00
 8.388388e-01  1.592567e+00  5.647409e-01 2.855200e+00
 8.398398e-01  1.677936e+00  4.943593e-01 3.059861e+00
 8.408408e-01  1.714543e+00  4.197905e-01 3.115883e+00
 8.418418e-01  1.702425e+00  3.419472e-01 3.015178e+00
 8.428428e-01  1.643202e+00  2.616626e-01 2.768581e+00
 8.438438e-01  1.539988e+00  1.797142e-01 2.403859e+00
 8.448448e-01  1.397235e+00  9.685256e-02 1.961646e+00
 8.458458e-01  1.220548e+00  1.383405e-02 1.489928e+00
 8.468468e-01  1.016445e+00 -6.854688e-02 1.037860e+00
 8.478478e-01  7.921077e-01 -1.494278e-01 6.497633e-01
 8.488488e-01  5.550984e-01 -2.278541e-01 3.600517e-01
 8.498498e-01  3.130858e-01 -3.027627e-01 1.896880e-01
 8.508509e-01  7.357016e-02 -3.729767e-01 1.445242e-01
 8.518519e-01 -1.563724e-01 -4.372114e-01 2.156061e-01
 8.528529e-01 -3.703192e-01 -4.940944e-01 3.812656e-01
 8.538539e-01 -5.626946e-01 -5.421988e-01 6.106048e-01
 8.548549e-01 -7.289244e-01 -5.800888e-01 8.678338e-01
 8.558559e-01 -8.655421e-01 -6.063784e-01 1.116858e+00
 8.568569e-01 -9.702502e-01 -6.197979e-01 1.325535e+00
 8.578579e-01 -1.041931e+00 -6.192679e-01 1.469114e+00
 8.588589e-01 -1.080616e+00 -6.039755e-01 1.532516e+00
 8.598599e-01 -1.087405e+00 -5.734492e-01 1.511293e+00
 8.608609e-01 -1.064361e+00 -5.276280e-01 1.411257e+00
 8.618619e-01 -1.014367e+00 -4.669198e-01 1.246954e+00
 8.628629e-01 -9.409586e-01 -3.922444e-01 1.039259e+00
 8.638639e-01 -8.481547e-01 -3.050586e-01 8.124270e-01
 8.648649e-01 -7.402706e-01 -2.073575e-01 5.909977e-01
 8.658659e-01 -6.217411e-01 -1.016522e-01 3.968951e-01
 8.668669e-01 -4.969505e-01  9.079843e-03 2.470422e-01
 8.678679e-01 -3.700802e-01  1.214700e-01 1.517143e-01
 8.688689e-01 -2.449772e-01  2.318591e-01 1.137725e-01
 8.698699e-01 -1.250480e-01  3.364200e-01 1.288154e-01
 8.708709e-01 -1.317979e-02  4.312992e-01 1.861927e-01
 8.718719e-01  8.830966e-02  5.127703e-01 2.707319e-01
 8.728729e-01  1.776947e-01  5.773952e-01 3.649606e-01
 8.738739e-01  2.538387e-01  6.221839e-01 4.515469e-01
 8.748749e-01  3.161672e-01  6.447461e-01 5.156592e-01
 8.758759e-01  3.646224e-01  6.434269e-01 5.469477e-01
 8.768769e-01  3.996026e-01  6.174189e-01 5.408884e-01
 8.778779e-01  4.218897e-01  5.668435e-01 4.993025e-01
 8.788789e-01  4.325724e-01  4.927961e-01 4.299669e-01
 8.798799e-01  4.329657e-01  3.973513e-01 3.453473e-01
 8.808809e-01  4.245336e-01  2.835240e-01 2.606146e-01
 8.818819e-01  4.088162e-01  1.551879e-01 1.912140e-01
 8.828829e-01  3.873647e-01  1.695089e-02 1.503387e-01
 8.838839e-01  3.616853e-01 -1.260075e-01 1.466942e-01
 8.848849e-01  3.331944e-01 -2.681319e-01 1.829132e-01
 8.858859e-01  3.031829e-01 -4.037116e-01 2.549029e-01
 8.868869e-01  2.727921e-01 -5.271181e-01 3.522690e-01
 8.878879e-01  2.429980e-01 -6.330475e-01 4.597972e-01
 8.888889e-01  2.146038e-01 -7.167586e-01 5.597976e-01
 8.898899e-01  1.882391e-01 -7.742935e-01 6.349644e-01
 8.908909e-01  1.643644e-01 -8.026723e-01 6.712984e-01
 8.918919e-01  1.432784e-01 -8.000495e-01 6.606078e-01
 8.928929e-01  1.251286e-01 -7.658254e-01 6.021457e-01
 8.938939e-01  1.099224e-01 -7.007056e-01 5.030712e-01
 8.948949e-01  9.753944e-02 -6.067030e-01 3.776025e-01
 8.958959e-01  8.774338e-02 -4.870836e-01 2.449493e-01
 8.968969e-01  8.019459e-02 -3.462532e-01 1.263224e-01
 8.978979e-01  7.446262e-02 -1.895928e-01 4.149010e-02
 8.988989e-01  7.003933e-02 -2.324610e-02 5.445889e-03
 8.998999e-01  6.635323e-02  1.461306e-01 2.575689e-02
 9.009009e-01  6.278503e-02  3.116460e-01 1.010652e-01
 9.019019e-01  5.868522e-02  4.664666e-01 2.210350e-01
 9.029029e-01  5.339348e-02  6.041112e-01 3.678012e-01
 9.039039e-01  4.626009e-02  7.187348e-01 5.187198e-01
 9.049049e-01  3.666895e-02  8.053876e-01 6.499938e-01
 9.059059e-01  2.406176e-02  8.602378e-01 7.405881e-01
 9.069069e-01  7.962356e-03  8.807489e-01 7.757820e-01
 9.079079e-01 -1.199949e-02  8.658002e-01 7.497540e-01
 9.089089e-01 -3.606626e-02  8.157483e-01 6.667461e-01
 9.099099e-01 -6.433374e-02  7.324240e-01 5.405837e-01
 9.109109e-01 -9.673628e-02  6.190650e-01 3.925994e-01
 9.119119e-01 -1.330371e-01  4.801885e-01 2.482799e-01
 9.129129e-01 -1.728244e-01  3.214073e-01 1.331709e-01
 9.139139e-01 -2.155140e-01  1.491988e-01 6.870659e-02
 9.149149e-01 -2.603584e-01 -2.936305e-02 6.864869e-02
 9.159159e-01 -3.064617e-01 -2.069019e-01 1.367272e-01
 9.169169e-01 -3.528011e-01 -3.760454e-01 2.658788e-01
 9.179179e-01 -3.982523e-01 -5.297310e-01 4.392199e-01
 9.189189e-01 -4.416195e-01 -6.614985e-01 6.326081e-01
 9.199199e-01 -4.816670e-01 -7.657558e-01 8.183851e-01
 9.209209e-01 -5.171528e-01 -8.380081e-01 9.697046e-01
 9.219219e-01 -5.468607e-01 -8.750402e-01 1.064752e+00
 9.229229e-01 -5.696323e-01 -8.750454e-01 1.090185e+00
 9.239239e-01 -5.843953e-01 -8.376957e-01 1.043252e+00
 9.249249e-01 -5.901892e-01 -7.641517e-01 9.322511e-01
 9.259259e-01 -5.861868e-01 -6.570122e-01 7.752800e-01
 9.269269e-01 -5.717126e-01 -5.202062e-01 5.974698e-01
 9.279279e-01 -5.462566e-01 -3.588334e-01 4.271577e-01
 9.289289e-01 -5.094862e-01 -1.789595e-01 2.916027e-01
 9.299299e-01 -4.612547e-01  1.262415e-02 2.129153e-01
 9.309309e-01 -4.016088e-01  2.086668e-01 2.048315e-01
 9.319319e-01 -3.307949e-01  4.017389e-01 2.708194e-01
 9.329329e-01 -2.492656e-01  5.845163e-01 4.037927e-01
 9.339339e-01 -1.576863e-01  7.500573e-01 5.874509e-01
 9.349349e-01 -5.694216e-02  8.920603e-01 7.990139e-01
 9.359359e-01  5.185457e-02  1.005095e+00 1.012904e+00
 9.369369e-01  1.673581e-01  1.084796e+00 1.204791e+00
 9.379379e-01  2.879840e-01  1.128017e+00 1.355356e+00
 9.389389e-01  4.119072e-01  1.132932e+00 1.453201e+00
 9.399399e-01  5.370648e-01  1.099092e+00 1.496442e+00
 9.409409e-01  6.611659e-01  1.027428e+00 1.492749e+00
 9.419419e-01  7.817098e-01  9.202022e-01 1.457842e+00
 9.429429e-01  8.960146e-01  7.809122e-01 1.412666e+00
 9.439439e-01  1.001258e+00  6.141545e-01 1.379703e+00
 9.449449e-01  1.094529e+00  4.254482e-01 1.379001e+00
 9.459459e-01  1.172899e+00  2.210288e-01 1.424545e+00
 9.469469e-01  1.233492e+00  7.620754e-03 1.521561e+00
 9.479479e-01  1.273585e+00 -2.078043e-01 1.665201e+00
 9.489489e-01  1.290697e+00 -4.182738e-01 1.840852e+00
 9.499499e-01  1.282699e+00 -6.170563e-01 2.026076e+00
 9.509510e-01  1.247918e+00 -7.978907e-01 2.193930e+00
 9.519520e-01  1.185239e+00 -9.551955e-01 2.317190e+00
 9.529530e-01  1.094200e+00 -1.084250e+00 2.372870e+00
 9.539540e-01  9.750711e-01 -1.181340e+00 2.346327e+00
 9.549550e-01  8.289219e-01 -1.243871e+00 2.234326e+00
 9.559560e-01  6.576551e-01 -1.270432e+00 2.046509e+00
 9.569570e-01  4.640208e-01 -1.260825e+00 1.804996e+00
 9.579580e-01  2.515969e-01 -1.216042e+00 1.542059e+00
 9.589590e-01  2.473709e-02 -1.138207e+00 1.296128e+00
 9.599600e-01 -2.115139e-01 -1.030478e+00 1.106623e+00
 9.609610e-01 -4.515380e-01 -8.969113e-01 1.008336e+00
 9.619620e-01 -6.892904e-01 -7.422997e-01 1.026130e+00
 9.629630e-01 -9.184730e-01 -5.719869e-01 1.170762e+00
 9.639640e-01 -1.132727e+00 -3.916660e-01 1.436474e+00
 9.649650e-01 -1.325842e+00 -2.071713e-01 1.800777e+00
 9.659660e-01 -1.491964e+00 -2.426928e-02 2.226546e+00
 9.669670e-01 -1.625811e+00  1.515416e-01 2.666226e+00
 9.679680e-01 -1.722868e+00  3.152161e-01 3.067637e+00
 9.689690e-01 -1.779571e+00  4.623253e-01 3.380619e+00
 9.699700e-01 -1.793455e+00  5.891912e-01 3.563628e+00
 9.709710e-01 -1.763274e+00  6.929894e-01 3.589370e+00
 9.719720e-01 -1.689078e+00  7.718153e-01 3.448683e+00
 9.729730e-01 -1.572244e+00  8.247133e-01 3.152104e+00
 9.739740e-01 -1.415465e+00  8.516676e-01 2.728879e+00
 9.749750e-01 -1.222682e+00  8.535571e-01 2.223510e+00
 9.759760e-01 -9.989794e-01  8.320756e-01 1.690310e+00
 9.769770e-01 -7.504334e-01  7.896234e-01 1.186655e+00
 9.779780e-01 -4.839206e-01  7.291744e-01 7.658745e-01
 9.789790e-01 -2.068993e-01  6.541256e-01 4.706876e-01
 9.799800e-01  7.283301e-02  5.681352e-01 3.280822e-01
 9.809810e-01  3.473958e-01  4.749580e-01 3.462689e-01
 9.819820e-01  6.090848e-01  3.782847e-01 5.140836e-01
 9.829830e-01  8.506257e-01  2.815915e-01 8.028579e-01
 9.839840e-01  1.065411e+00  1.880083e-01 1.170449e+00
 9.849850e-01  1.247715e+00  1.002090e-01 1.566834e+00
 9.859860e-01  1.392869e+00  2.033027e-02 1.940498e+00
 9.869870e-01  1.497409e+00 -5.008022e-02 2.244742e+00
 9.879880e-01  1.559167e+00 -1.100830e-01 2.443121e+00
 9.889890e-01  1.577326e+00 -1.593342e-01 2.513344e+00
 9.899900e-01  1.552418e+00 -1.980435e-01 2.449222e+00
 9.909910e-01  1.486283e+00 -2.269040e-01 2.260523e+00
 9.919920e-01  1.381979e+00 -2.470011e-01 1.970877e+00
 9.929930e-01  1.243653e+00 -2.597029e-01 1.614119e+00
 9.939940e-01  1.076376e+00 -2.665421e-01 1.229630e+00
 9.949950e-01  8.859542e-01 -2.690929e-01 8.573258e-01
 9.959960e-01  6.787189e-01 -2.688523e-01 5.329408e-01
 9.969970e-01  4.613049e-01 -2.671320e-01 2.841618e-01
 9.979980e-01  2.404269e-01 -2.649667e-01 1.280124e-01
 9.989990e-01  2.265986e-02 -2.630443e-01 6.970575e-02
 1.000000e+00 -1.857657e-01 -2.616623e-01 1.029760e-01
