# x psi_r psi_i psi2 
 0.000000e+00 -3.705907e-03 -8.158893e-02 6.670487e-03
 1.001001e-03  3.157215e-02 -7.249297e-02 6.252031e-03
 2.002002e-03  6.210802e-02 -5.592205e-02 6.984682e-03
 3.003003e-03  8.492771e-02 -3.420543e-02 8.382728e-03
 4.004004e-03  9.798264e-02 -1.012765e-02 9.703167e-03
 5.005005e-03  1.003235e-01  1.340970e-02 1.024463e-02
 6.006006e-03  9.215215e-02  3.372491e-02 9.629388e-03
 7.007007e-03  7.475105e-02  4.865358e-02 7.954890e-03
 8.008008e-03  5.030342e-02  5.677432e-02 5.753757e-03
 9.009009e-03  2.162726e-02  5.753945e-02 3.778527e-03
 1.001001e-02 -8.144669e-03  5.129927e-02 2.697951e-03
 1.101101e-02 -3.590314e-02  3.922083e-02 2.827309e-03
 1.201201e-02 -5.888260e-02  2.311436e-02 4.001435e-03
 1.301301e-02 -7.493064e-02  5.190684e-03 5.641544e-03
 1.401401e-02 -8.270092e-02 -1.221998e-02 6.988770e-03
 1.501502e-02 -8.175326e-02 -2.695343e-02 7.410084e-03
 1.601602e-02 -7.255511e-02 -3.726767e-02 6.653123e-03
 1.701702e-02 -5.638923e-02 -4.204038e-02 4.947139e-03
 1.801802e-02 -3.518236e-02 -4.088605e-02 2.909468e-03
 1.901902e-02 -1.127677e-02 -3.418109e-02 1.295512e-03
 2.002002e-02  1.282817e-02 -2.299600e-02 6.933780e-04
 2.102102e-02  3.473613e-02 -8.945229e-03 1.286616e-03
 2.202202e-02  5.238835e-02  6.025877e-03 2.780850e-03
 2.302302e-02  6.425024e-02  1.989011e-02 4.523710e-03
 2.402402e-02  6.943362e-02  3.079299e-02 5.769236e-03
 2.502503e-02  6.774633e-02  3.728241e-02 5.979543e-03
 2.602603e-02  5.966909e-02  3.848603e-02 5.041575e-03
 2.702703e-02  4.626701e-02  3.421615e-02 3.311381e-03
 2.802803e-02  2.904958e-02  2.499008e-02 1.468382e-03
 2.902903e-02  9.797223e-03  1.196462e-02 2.391377e-04
 3.003003e-02 -9.625543e-03 -3.206842e-03 1.029349e-04
 3.103103e-02 -2.745032e-02 -1.857714e-02 1.098630e-03
 3.203203e-02 -4.216120e-02 -3.214352e-02 2.810773e-03
 3.303303e-02 -5.261395e-02 -4.209295e-02 4.540045e-03
 3.403403e-02 -5.810985e-02 -4.702544e-02 5.588148e-03
 3.503504e-02 -5.842163e-02 -4.612926e-02 5.540995e-03
 3.603604e-02 -5.377420e-02 -3.928739e-02 4.435163e-03
 3.703704e-02 -4.478717e-02 -2.710293e-02 2.740459e-03
 3.803804e-02 -3.238928e-02 -1.084007e-02 1.166572e-03
 3.903904e-02 -1.771631e-02  7.712455e-03 3.733497e-04
 4.004004e-02 -2.004201e-03  2.644023e-02 7.031028e-04
 4.104104e-02  1.351244e-02  4.314179e-02 2.043800e-03
 4.204204e-02  2.768840e-02  5.578004e-02 3.878060e-03
 4.304304e-02  3.953747e-02  6.271825e-02 5.496790e-03
 4.404404e-02  4.828171e-02  6.291402e-02 6.289297e-03
 4.504505e-02  5.338074e-02  5.604940e-02 5.991039e-03
 4.604605e-02  5.454395e-02  4.258238e-02 4.788301e-03
 4.704705e-02  5.172908e-02  2.371373e-02 3.238239e-03
 4.804805e-02  4.513114e-02  1.272360e-03 2.038439e-03
 4.904905e-02  3.516489e-02 -2.246892e-02 1.741422e-03
 5.005005e-02  2.244281e-02 -4.502757e-02 2.531161e-03
 5.105105e-02  7.749077e-03 -6.397091e-02 4.152325e-03
 5.205205e-02 -7.991145e-03 -7.717352e-02 6.019610e-03
 5.305305e-02 -2.374904e-02 -8.304559e-02 7.460588e-03
 5.405405e-02 -3.843788e-02 -8.070825e-02 7.991293e-03
 5.505506e-02 -5.096868e-02 -7.009755e-02 7.511473e-03
 5.605606e-02 -6.031577e-02 -5.198639e-02 6.340577e-03
 5.705706e-02 -6.559037e-02 -2.792198e-02 5.081733e-03
 5.805806e-02 -6.611815e-02 -8.492923e-05 4.371617e-03
 5.905906e-02 -6.151434e-02  2.891581e-02 4.620138e-03
 6.006006e-02 -5.174850e-02  5.629203e-02 5.846699e-03
 6.106106e-02 -3.719013e-02  7.934481e-02 7.678704e-03
 6.206206e-02 -1.862654e-02  9.572641e-02 9.510494e-03
 6.306306e-02  2.753956e-03  1.036703e-01 1.075512e-02
 6.406406e-02  2.541771e-02  1.021675e-01 1.108425e-02
 6.506507e-02  4.758079e-02  9.107238e-02 1.055811e-02
 6.606607e-02  6.733943e-02  7.112897e-02 9.593930e-03
 6.706707e-02  8.282727e-02  4.391463e-02 8.788851e-03
 6.806807e-02  9.238695e-02  1.170729e-02 8.672409e-03
 6.906907e-02  9.474029e-02 -2.271170e-02 9.491544e-03
 7.007007e-02  8.913965e-02 -5.630112e-02 1.111569e-02
 7.107107e-02  7.548335e-02 -8.602793e-02 1.309854e-02
 7.207207e-02  5.438004e-02 -1.091362e-01 1.486789e-02
 7.307307e-02  2.715086e-02 -1.233933e-01 1.596307e-02
 7.407407e-02 -4.236150e-03 -1.272924e-01 1.622130e-02
 7.507508e-02 -3.729858e-02 -1.201940e-01 1.583779e-02
 7.607608e-02 -6.923104e-02 -1.023943e-01 1.527752e-02
 7.707708e-02 -9.714104e-02 -7.511500e-02 1.507864e-02
 7.807808e-02 -1.183094e-01 -4.041584e-02 1.563056e-02
 7.907908e-02 -1.304513e-01 -1.035602e-03 1.701862e-02
 8.008008e-02 -1.319530e-01  3.982435e-02 1.899757e-02
 8.108108e-02 -1.220592e-01  7.875749e-02 2.110119e-02
 8.208208e-02 -1.009918e-01  1.124298e-01 2.283980e-02
 8.308308e-02 -6.998315e-02  1.378559e-01 2.390188e-02
 8.408408e-02 -3.121791e-02  1.526514e-01 2.427701e-02
 8.508509e-02  1.231618e-02  1.552419e-01 2.425174e-02
 8.608609e-02  5.705842e-02  1.450106e-01 2.428374e-02
 8.708709e-02  9.916817e-02  1.223730e-01 2.480947e-02
 8.808809e-02  1.348560e-01  8.877054e-02 2.606635e-02
 8.908909e-02  1.607239e-01  4.658320e-02 2.800216e-02
 9.009009e-02  1.740834e-01 -1.035589e-03 3.030612e-02
 9.109109e-02  1.732223e-01 -5.038927e-02 3.254504e-02
 9.209209e-02  1.575928e-01 -9.751844e-02 3.434532e-02
 9.309309e-02  1.279034e-01 -1.385102e-01 3.554437e-02
 9.409409e-02  8.610258e-02 -1.698135e-01 3.625029e-02
 9.509510e-02  3.525178e-02 -1.885358e-01 3.678845e-02
 9.609610e-02 -2.070144e-02 -1.926971e-01 3.756072e-02
 9.709710e-02 -7.723474e-02 -1.814199e-01 3.887838e-02
 9.809810e-02 -1.296203e-01 -1.550380e-01 4.083822e-02
 9.909910e-02 -1.733216e-01 -1.151124e-01 4.329125e-02
 1.001001e-01 -2.043835e-01 -6.434926e-02 4.591342e-02
 1.011011e-01 -2.197821e-01 -6.423818e-03 4.834543e-02
 1.021021e-01 -2.177045e-01  5.428013e-02 5.034159e-02
 1.031031e-01 -1.977319e-01  1.129968e-01 5.186619e-02
 1.041041e-01 -1.609102e-01  1.649477e-01 5.309983e-02
 1.051051e-01 -1.097003e-01  2.057246e-01 5.435677e-02
 1.061061e-01 -4.781011e-02  2.316571e-01 5.595081e-02
 1.071071e-01  2.007974e-02  2.401328e-01 5.806694e-02
 1.081081e-01  8.867446e-02  2.298438e-01 6.069131e-02
 1.091091e-01  1.524807e-01  2.009361e-01 6.362567e-02
 1.101101e-01  2.062458e-01  1.550467e-01 6.657680e-02
 1.111111e-01  2.453849e-01  9.522198e-02 6.928097e-02
 1.121121e-01  2.663627e-01  2.571895e-02 7.161056e-02
 1.131131e-01  2.669973e-01 -4.829635e-02 7.362012e-02
 1.141141e-01  2.466621e-01 -1.211335e-01 7.551551e-02
 1.151151e-01  2.063675e-01 -1.870158e-01 7.756247e-02
 1.161161e-01  1.487161e-01 -2.405377e-01 7.997488e-02
 1.171171e-01  7.773078e-02 -2.771058e-01 8.282967e-02
 1.181181e-01 -1.429713e-03 -2.933256e-01 8.604196e-02
 1.191191e-01 -8.284932e-02 -2.873040e-01 8.940761e-02
 1.201201e-01 -1.602979e-01 -2.588382e-01 9.269261e-02
 1.211211e-01 -2.277064e-01 -2.094752e-01 9.573007e-02
 1.221221e-01 -2.796377e-01 -1.424343e-01 9.848478e-02
 1.231231e-01 -3.117167e-01 -6.239455e-02 1.010604e-01
 1.241241e-01 -3.209868e-01  2.483690e-02 1.036494e-01
 1.251251e-01 -3.061637e-01  1.127522e-01 1.064493e-01
 1.261261e-01 -2.677664e-01  1.946333e-01 1.095809e-01
 1.271271e-01 -2.081131e-01  2.640684e-01 1.130432e-01
 1.281281e-01 -1.311809e-01  3.154534e-01 1.167193e-01
 1.291291e-01 -4.233718e-02  3.444391e-01 1.204307e-01
 1.301301e-01  5.203876e-02  3.482885e-01 1.240129e-01
 1.311311e-01  1.450162e-01  3.261156e-01 1.273811e-01
 1.321321e-01  2.296233e-01  2.789854e-01 1.305597e-01
 1.331331e-01  2.993687e-01  2.098660e-01 1.336653e-01
 1.341341e-01  3.487357e-01  1.234350e-01 1.368528e-01
 1.351351e-01  3.736114e-01  2.575403e-02 1.402488e-01
 1.361361e-01  3.716181e-01 -7.616553e-02 1.439012e-01
 1.371371e-01  3.423193e-01 -1.748733e-01 1.477632e-01
 1.381381e-01  2.872857e-01 -2.630289e-01 1.517173e-01
 1.391391e-01  2.100120e-01 -3.339489e-01 1.556269e-01
 1.401401e-01  1.156897e-01 -3.821097e-01 1.593920e-01
 1.411411e-01  1.085162e-02 -4.035701e-01 1.629866e-01
 1.421421e-01 -9.708793e-02 -3.962799e-01 1.664638e-01
 1.431431e-01 -2.003636e-01 -3.602528e-01 1.699276e-01
 1.441441e-01 -2.914220e-01 -2.975889e-01 1.734860e-01
 1.451451e-01 -3.634757e-01 -2.123459e-01 1.772054e-01
 1.461461e-01 -4.110071e-01 -1.102658e-01 1.810854e-01
 1.471471e-01 -4.301847e-01  1.622168e-03 1.850615e-01
 1.481481e-01 -4.191612e-01  1.154943e-01 1.890351e-01
 1.491491e-01 -3.782292e-01  2.232859e-01 1.929139e-01
 1.501502e-01 -3.098235e-01  3.172663e-01 1.966485e-01
 1.511512e-01 -2.183685e-01  3.905926e-01 2.002474e-01
 1.521522e-01 -1.099813e-01  4.378042e-01 2.037684e-01
 1.531532e-01  7.949818e-03  4.552218e-01 2.072901e-01
 1.541542e-01  1.272794e-01  4.412217e-01 2.108766e-01
 1.551552e-01  2.396766e-01  3.963665e-01 2.145513e-01
 1.561562e-01  3.372125e-01  3.233820e-01 2.182882e-01
 1.571572e-01  4.129219e-01  2.269817e-01 2.220252e-01
 1.581582e-01  4.612982e-01  1.135508e-01 2.256898e-01
 1.591592e-01  4.786878e-01 -9.287816e-03 2.292283e-01
 1.601602e-01  4.635548e-01 -1.331958e-01 2.326242e-01
 1.611612e-01  4.165982e-01 -2.496932e-01 2.359008e-01
 1.621622e-01  3.407131e-01 -3.507439e-01 2.391067e-01
 1.631632e-01  2.407993e-01 -4.293118e-01 2.422929e-01
 1.641642e-01  1.234305e-01 -4.798485e-01 2.454897e-01
 1.651652e-01 -3.591558e-03 -4.986799e-01 2.486946e-01
 1.661662e-01 -1.317677e-01 -4.842639e-01 2.518743e-01
 1.671672e-01 -2.524797e-01 -4.373018e-01 2.549789e-01
 1.681682e-01 -3.575749e-01 -3.606968e-01 2.579620e-01
 1.691692e-01 -4.399197e-01 -2.593612e-01 2.607975e-01
 1.701702e-01 -4.938812e-01 -1.398878e-01 2.634872e-01
 1.711712e-01 -5.157070e-01 -1.010747e-02 2.660559e-01
 1.721722e-01 -5.037768e-01  1.214370e-01 2.685381e-01
 1.731732e-01 -4.587094e-01  2.460632e-01 2.709614e-01
 1.741742e-01 -3.833192e-01  3.555291e-01 2.733346e-01
 1.751752e-01 -2.824270e-01  4.425821e-01 2.756440e-01
 1.761762e-01 -1.625363e-01  5.014394e-01 2.778595e-01
 1.771772e-01 -3.140042e-02  5.281676e-01 2.799470e-01
 1.781782e-01  1.024910e-01  5.209381e-01 2.818809e-01
 1.791792e-01  2.304719e-01  4.801407e-01 2.836524e-01
 1.801802e-01  3.442679e-01  4.083508e-01 2.852708e-01
 1.811812e-01  4.365343e-01  3.101515e-01 2.867562e-01
 1.821822e-01  5.013307e-01  1.918260e-01 2.881296e-01
 1.831832e-01  5.344993e-01  6.094046e-02 2.894033e-01
 1.841842e-01  5.339254e-01 -7.415302e-02 2.905750e-01
 1.851852e-01  4.996616e-01 -2.048609e-01 2.916297e-01
 1.861862e-01  4.339116e-01 -3.229028e-01 2.925455e-01
 1.871872e-01  3.408749e-01 -4.208408e-01 2.933026e-01
 1.881882e-01  2.264634e-01 -4.925488e-01 2.938900e-01
 1.891892e-01  9.791194e-02 -5.335931e-01 2.943084e-01
 1.901902e-01 -3.669245e-02 -5.414997e-01 2.945682e-01
 1.911912e-01 -1.689310e-01 -5.158936e-01 2.946839e-01
 1.921922e-01 -2.905885e-01 -4.585032e-01 2.946669e-01
 1.931932e-01 -3.941691e-01 -3.730304e-01 2.945210e-01
 1.941942e-01 -4.733604e-01 -2.648980e-01 2.942410e-01
 1.951952e-01 -5.234170e-01 -1.408914e-01 2.938158e-01
 1.961962e-01 -5.414392e-01 -8.719989e-03 2.932325e-01
 1.971972e-01 -5.265326e-01  1.234736e-01 2.924823e-01
 1.981982e-01 -4.798392e-01  2.476243e-01 2.915635e-01
 1.991992e-01 -4.044410e-01  3.562421e-01 2.904809e-01
 2.002002e-01 -3.051439e-01  4.428673e-01 2.892442e-01
 2.012012e-01 -1.881584e-01  5.024535e-01 2.878631e-01
 2.022022e-01 -6.069818e-02  5.316574e-01 2.863439e-01
 2.032032e-01  6.947651e-02  5.290185e-01 2.846875e-01
 2.042042e-01  1.945405e-01  4.950196e-01 2.828904e-01
 2.052052e-01  3.070813e-01  4.320275e-01 2.809467e-01
 2.062062e-01  4.005418e-01  3.441188e-01 2.788515e-01
 2.072072e-01  4.696030e-01  2.368051e-01 2.766036e-01
 2.082082e-01  5.104832e-01  1.166756e-01 2.742062e-01
 2.092092e-01  5.211381e-01 -9.018143e-03 2.716662e-01
 2.102102e-01  5.013516e-01 -1.328093e-01 2.689918e-01
 2.112112e-01  4.527142e-01 -2.474669e-01 2.661900e-01
 2.122122e-01  3.784930e-01 -3.464225e-01 2.632655e-01
 2.132132e-01  2.834037e-01 -4.241484e-01 2.602196e-01
 2.142142e-01  1.733019e-01 -4.764643e-01 2.570518e-01
 2.152152e-01  5.481227e-02 -5.007564e-01 2.537614e-01
 2.162162e-01 -6.507887e-02 -4.960987e-01 2.503492e-01
 2.172172e-01 -1.794425e-01 -4.632699e-01 2.468186e-01
 2.182182e-01 -2.818123e-01 -4.046693e-01 2.431754e-01
 2.192192e-01 -3.665527e-01 -3.241389e-01 2.394269e-01
 2.202202e-01 -4.291684e-01 -2.267046e-01 2.355804e-01
 2.212212e-01 -4.665384e-01 -1.182544e-01 2.316422e-01
 2.222222e-01 -4.770638e-01 -5.175160e-03 2.276166e-01
 2.232232e-01 -4.607215e-01  1.060307e-01 2.235069e-01
 2.242242e-01 -4.190254e-01  2.091245e-01 2.193154e-01
 2.252252e-01 -3.548978e-01  2.984839e-01 2.150451e-01
 2.262262e-01 -2.724636e-01  3.694102e-01 2.107003e-01
 2.272272e-01 -1.767800e-01  4.183724e-01 2.062866e-01
 2.282282e-01 -7.352069e-02  4.431767e-01 2.018109e-01
 2.292292e-01  3.136673e-02  4.430534e-01 1.972802e-01
 2.302302e-01  1.320079e-01  4.186589e-01 1.927013e-01
 2.312312e-01  2.229340e-01  3.719956e-01 1.880803e-01
 2.322322e-01  2.993804e-01  3.062569e-01 1.834219e-01
 2.332332e-01  3.575349e-01  2.256094e-01 1.787308e-01
 2.342342e-01  3.947231e-01  1.349257e-01 1.740113e-01
 2.352352e-01  4.095229e-01  3.948709e-02 1.692682e-01
 2.362362e-01  4.018035e-01 -5.532838e-02 1.645073e-01
 2.372372e-01  3.726896e-01 -1.443513e-01 1.597349e-01
 2.382382e-01  3.244548e-01 -2.229047e-01 1.549574e-01
 2.392392e-01  2.603546e-01 -2.870488e-01 1.501815e-01
 2.402402e-01  1.844091e-01 -3.337762e-01 1.454133e-01
 2.412412e-01  1.011506e-01 -3.611463e-01 1.406581e-01
 2.422422e-01  1.535150e-02 -3.683551e-01 1.359212e-01
 2.432432e-01 -6.825057e-02 -3.557374e-01 1.312072e-01
 2.442442e-01 -1.452158e-01 -3.247054e-01 1.265212e-01
 2.452452e-01 -2.116378e-01 -2.776289e-01 1.218684e-01
 2.462462e-01 -2.643400e-01 -2.176659e-01 1.172541e-01
 2.472472e-01 -3.010234e-01 -1.485560e-01 1.126840e-01
 2.482482e-01 -3.203589e-01 -7.438929e-02 1.081636e-01
 2.492492e-01 -3.220215e-01  6.348842e-04 1.036983e-01
 2.502503e-01 -3.066667e-01  7.244556e-02 9.929281e-02
 2.512513e-01 -2.758531e-01  1.373205e-01 9.495183e-02
 2.522523e-01 -2.319175e-01  1.920777e-01 9.067957e-02
 2.532533e-01 -1.778120e-01  2.342287e-01 8.648020e-02
 2.542543e-01 -1.169132e-01  2.620862e-01 8.235785e-02
 2.552553e-01 -5.281624e-02  2.748220e-01 7.831668e-02
 2.562563e-01  1.087433e-02  2.724750e-01 7.436085e-02
 2.572573e-01  7.074522e-02  2.559092e-01 7.049439e-02
 2.582583e-01  1.237552e-01  2.267283e-01 6.672110e-02
 2.592593e-01  1.673873e-01  1.871524e-01 6.304451e-02
 2.602603e-01  1.997639e-01  1.398650e-01 5.946783e-02
 2.612613e-01  2.197219e-01  8.784247e-02 5.599400e-02
 2.622623e-01  2.268435e-01  3.417313e-02 5.262576e-02
 2.632633e-01  2.214438e-01 -1.812022e-02 4.936569e-02
 2.642643e-01  2.045180e-01 -6.624675e-02 4.621623e-02
 2.652653e-01  1.776525e-01 -1.077930e-01 4.317972e-02
 2.662663e-01  1.429069e-01 -1.408401e-01 4.025832e-02
 2.672673e-01  1.026747e-01 -1.640483e-01 3.745395e-02
 2.682683e-01  5.953169e-02 -1.767039e-01 3.476829e-02
 2.692693e-01  1.608064e-02 -1.787293e-01 3.220275e-02
 2.702703e-01 -2.519772e-02 -1.706563e-01 2.975848e-02
 2.712713e-01 -6.208046e-02 -1.535657e-01 2.743641e-02
 2.722723e-01 -9.271711e-02 -1.289992e-01 2.523726e-02
 2.732733e-01 -1.157179e-01 -9.884805e-02 2.316157e-02
 2.742743e-01 -1.302117e-01 -6.522754e-02 2.120972e-02
 2.752753e-01 -1.358718e-01 -3.034391e-02 1.938189e-02
 2.762763e-01 -1.329091e-01  3.637981e-03 1.767806e-02
 2.772773e-01 -1.220352e-01  3.471884e-02 1.609800e-02
 2.782783e-01 -1.043979e-01  6.117435e-02 1.464122e-02
 2.792793e-01 -8.149420e-02  8.164403e-02 1.330705e-02
 2.802803e-01 -5.506742e-02  9.519554e-02 1.209461e-02
 2.812813e-01 -2.699354e-02  1.013616e-01 1.100283e-02
 2.822823e-01  8.352499e-04  1.001488e-01 1.003048e-02
 2.832833e-01  2.662358e-02  9.201808e-02 9.176143e-03
 2.842843e-01  4.877610e-02  7.784051e-02 8.438252e-03
 2.852853e-01  6.598538e-02  5.883015e-02 7.815056e-03
 2.862863e-01  7.730010e-02  3.645985e-02 7.304626e-03
 2.872873e-01  8.217039e-02  1.236469e-02 6.904859e-03
 2.882883e-01  8.046842e-02 -1.176077e-02 6.613482e-03
 2.892893e-01  7.248404e-02 -3.426560e-02 6.428067e-03
 2.902903e-01  5.889647e-02 -5.363999e-02 6.346043e-03
 2.912913e-01  4.072433e-02 -6.860200e-02 6.364706e-03
 2.922923e-01  1.925748e-02 -7.816889e-02 6.481226e-03
 2.932933e-01 -4.024942e-03 -8.170956e-02 6.692653e-03
 2.942943e-01 -2.754544e-02 -7.897574e-02 6.995919e-03
 2.952953e-01 -4.972263e-02 -7.011068e-02 7.387847e-03
 2.962963e-01 -6.906409e-02 -5.563551e-02 7.865158e-03
 2.972973e-01 -8.425236e-02 -3.641456e-02 8.424480e-03
 2.982983e-01 -9.421971e-02 -1.360205e-02 9.062370e-03
 2.992993e-01 -9.820770e-02  1.142656e-02 9.775318e-03
 3.003003e-01 -9.580869e-02  3.715448e-02 1.055976e-02
 3.013013e-01 -8.698757e-02  6.201012e-02 1.141209e-02
 3.023023e-01 -7.208264e-02  8.445566e-02 1.232867e-02
 3.033033e-01 -5.178630e-02  1.030727e-01 1.330580e-02
 3.043043e-01 -2.710678e-02  1.166405e-01 1.433977e-02
 3.053053e-01  6.866937e-04  1.242030e-01 1.542685e-02
 3.063063e-01  3.013212e-02  1.251212e-01 1.656327e-02
 3.073073e-01  5.965262e-02  1.191084e-01 1.774525e-02
 3.083083e-01  8.763971e-02  1.062464e-01 1.896901e-02
 3.093093e-01  1.125377e-01  8.698282e-02 2.023075e-02
 3.103103e-01  1.329250e-01  6.210985e-02 2.152668e-02
 3.113113e-01  1.475876e-01  3.272480e-02 2.285302e-02
 3.123123e-01  1.555825e-01  1.759957e-04 2.420596e-02
 3.133133e-01  1.562865e-01 -3.400384e-02 2.558173e-02
 3.143143e-01  1.494289e-01 -6.817308e-02 2.697657e-02
 3.153153e-01  1.351073e-01 -1.006616e-01 2.838674e-02
 3.163163e-01  1.137844e-01 -1.298524e-01 2.980855e-02
 3.173173e-01  8.626796e-02 -1.542601e-01 3.123834e-02
 3.183183e-01  5.367363e-02 -1.726027e-01 3.267255e-02
 3.193193e-01  1.737365e-02 -1.838636e-01 3.410767e-02
 3.203203e-01 -2.106650e-02 -1.873406e-01 3.554030e-02
 3.213213e-01 -5.996009e-02 -1.826799e-01 3.696716e-02
 3.223223e-01 -9.757653e-02 -1.698937e-01 3.838505e-02
 3.233233e-01 -1.322202e-01 -1.493611e-01 3.979092e-02
 3.243243e-01 -1.623075e-01 -1.218119e-01 4.118187e-02
 3.253253e-01 -1.864380e-01 -8.829482e-02 4.255512e-02
 3.263263e-01 -2.034573e-01 -5.013153e-02 4.390803e-02
 3.273273e-01 -2.125080e-01 -8.858666e-03 4.523813e-02
 3.283283e-01 -2.130680e-01  3.383911e-02 4.654306e-02
 3.293293e-01 -2.049728e-01  7.620208e-02 4.782060e-02
 3.303303e-01 -1.884226e-01  1.164712e-01 4.906864e-02
 3.313313e-01 -1.639738e-01  1.529633e-01 5.028517e-02
 3.323323e-01 -1.325142e-01  1.841418e-01 5.146824e-02
 3.333333e-01 -9.522599e-02  2.086816e-01 5.261600e-02
 3.343343e-01 -5.353485e-02  2.255231e-01 5.372663e-02
 3.353353e-01 -9.050644e-03  2.339155e-01 5.479837e-02
 3.363363e-01  3.649958e-02  2.334464e-01 5.582946e-02
 3.373373e-01  8.134250e-02  2.240572e-01 5.681821e-02
 3.383383e-01  1.237305e-01  2.060430e-01 5.776296e-02
 3.393393e-01  1.620119e-01  1.800395e-01 5.866207e-02
 3.403403e-01  1.946960e-01  1.469947e-01 5.951399e-02
 3.413413e-01  2.205113e-01  1.081296e-01 6.031724e-02
 3.423423e-01  2.384535e-01  6.488775e-02 6.107047e-02
 3.433433e-01  2.478227e-01  1.887673e-02 6.177244e-02
 3.443443e-01  2.482481e-01 -2.819543e-02 6.242212e-02
 3.453453e-01  2.396985e-01 -7.458739e-02 6.301867e-02
 3.463463e-01  2.224804e-01 -1.185916e-01 6.356148e-02
 3.473473e-01  1.972223e-01 -1.585989e-01 6.405022e-02
 3.483483e-01  1.648473e-01 -1.931584e-01 6.448482e-02
 3.493493e-01  1.265348e-01 -2.210304e-01 6.486548e-02
 3.503504e-01  8.367283e-02 -2.412293e-01 6.519271e-02
 3.513514e-01  3.780367e-02 -2.530576e-01 6.546724e-02
 3.523524e-01 -9.435312e-03 -2.561270e-01 6.569004e-02
 3.533534e-01 -5.637325e-02 -2.503684e-01 6.586226e-02
 3.543544e-01 -1.013674e-01 -2.360293e-01 6.598519e-02
 3.553554e-01 -1.428621e-01 -2.136600e-01 6.606017e-02
 3.563564e-01 -1.794440e-01 -1.840880e-01 6.608856e-02
 3.573574e-01 -2.098899e-01 -1.483844e-01 6.607167e-02
 3.583584e-01 -2.332069e-01 -1.078204e-01 6.601067e-02
 3.593594e-01 -2.486638e-01 -6.381913e-02 6.590657e-02
 3.603604e-01 -2.558118e-01 -1.790217e-02 6.576016e-02
 3.613614e-01 -2.544943e-01  2.836577e-02 6.557198e-02
 3.623624e-01 -2.448470e-01  7.343235e-02 6.534235e-02
 3.633634e-01 -2.272864e-01  1.158112e-01 6.507134e-02
 3.643644e-01 -2.024900e-01  1.541319e-01 6.475884e-02
 3.653654e-01 -1.713668e-01  1.871844e-01 6.440458e-02
 3.663664e-01 -1.350212e-01  2.139568e-01 6.400826e-02
 3.673674e-01 -9.471088e-02  2.336652e-01 6.356959e-02
 3.683684e-01 -5.180039e-02  2.457745e-01 6.308841e-02
 3.693694e-01 -7.712979e-03  2.500106e-01 6.256478e-02
 3.703704e-01  3.611870e-02  2.463627e-01 6.199913e-02
 3.713714e-01  7.830048e-02  2.350772e-01 6.139225e-02
 3.723724e-01  1.175219e-01  2.166427e-01 6.074546e-02
 3.733734e-01  1.525969e-01  1.917675e-01 6.006058e-02
 3.743744e-01  1.824997e-01  1.613501e-01 5.933999e-02
 3.753754e-01  2.063936e-01  1.264448e-01 5.858659e-02
 3.763764e-01  2.236524e-01  8.822321e-02 5.780373e-02
 3.773774e-01  2.338752e-01  4.793269e-02 5.699516e-02
 3.783784e-01  2.368922e-01  6.854235e-03 5.616488e-02
 3.793794e-01  2.327630e-01 -3.373953e-02 5.531699e-02
 3.803804e-01  2.217683e-01 -7.262457e-02 5.445553e-02
 3.813814e-01  2.043936e-01 -1.086627e-01 5.358431e-02
 3.823824e-01  1.813074e-01 -1.408345e-01 5.270673e-02
 3.833834e-01  1.533348e-01 -1.682679e-01 5.182564e-02
 3.843844e-01  1.214263e-01 -1.902598e-01 5.094316e-02
 3.853854e-01  8.662419e-02 -2.062932e-01 5.006063e-02
 3.863864e-01  5.002727e-02 -2.160458e-01 4.917853e-02
 3.873874e-01  1.275526e-02 -2.193942e-01 4.829650e-02
 3.883884e-01 -2.408628e-02 -2.164098e-01 4.741335e-02
 3.893894e-01 -5.943900e-02 -2.073505e-01 4.652724e-02
 3.903904e-01 -9.232210e-02 -1.926457e-01 4.563575e-02
 3.913914e-01 -1.218591e-01 -1.728772e-01 4.473617e-02
 3.923924e-01 -1.473001e-01 -1.487562e-01 4.382570e-02
 3.933934e-01 -1.680395e-01 -1.210968e-01 4.290170e-02
 3.943944e-01 -1.836284e-01 -9.078865e-02 4.196196e-02
 3.953954e-01 -1.937819e-01 -5.876693e-02 4.100498e-02
 3.963964e-01 -1.983809e-01 -2.598353e-02 4.003015e-02
 3.973974e-01 -1.974692e-01  6.621672e-03 3.903792e-02
 3.983984e-01 -1.912452e-01  3.814769e-02 3.802996e-02
 3.993994e-01 -1.800504e-01  6.775698e-02 3.700915e-02
 4.004004e-01 -1.643533e-01  9.469701e-02 3.597953e-02
 4.014014e-01 -1.447307e-01  1.183184e-01 3.494621e-02
 4.024024e-01 -1.218467e-01  1.380889e-01 3.391516e-02
 4.034034e-01 -9.642987e-02  1.536040e-01 3.289291e-02
 4.044044e-01 -6.925005e-02  1.645924e-01 3.188622e-02
 4.054054e-01 -4.109473e-02  1.709181e-01 3.090176e-02
 4.064064e-01 -1.274622e-02  1.725781e-01 2.994566e-02
 4.074074e-01  1.503996e-02  1.696967e-01 2.902317e-02
 4.084084e-01  4.155480e-02  1.625163e-01 2.813834e-02
 4.094094e-01  6.615332e-02  1.513850e-01 2.729367e-02
 4.104104e-01  8.826924e-02  1.367425e-01 2.648997e-02
 4.114114e-01  1.074268e-01  1.191037e-01 2.572621e-02
 4.124124e-01  1.232496e-01  9.904097e-02 2.499957e-02
 4.134134e-01  1.354655e-01  7.716617e-02 2.430551e-02
 4.144144e-01  1.439094e-01  5.411197e-02 2.363803e-02
 4.154154e-01  1.485224e-01  3.051402e-02 2.299000e-02
 4.164164e-01  1.493475e-01  6.993810e-03 2.235358e-02
 4.174174e-01  1.465239e-01 -1.585721e-02 2.172070e-02
 4.184184e-01  1.402783e-01 -3.749169e-02 2.108362e-02
 4.194194e-01  1.309141e-01 -5.741860e-02 2.043539e-02
 4.204204e-01  1.187998e-01 -7.521319e-02 1.977040e-02
 4.214214e-01  1.043557e-01 -9.052463e-02 1.908481e-02
 4.224224e-01  8.804031e-02 -1.030813e-01 1.837684e-02
 4.234234e-01  7.033643e-02 -1.126935e-01 1.764703e-02
 4.244244e-01  5.173719e-02 -1.192542e-01 1.689829e-02
 4.254254e-01  3.273298e-02 -1.227370e-01 1.613583e-02
 4.264264e-01  1.379893e-02 -1.231930e-01 1.536693e-02
 4.274274e-01 -4.616305e-03 -1.207446e-01 1.460058e-02
 4.284284e-01 -2.210049e-02 -1.155791e-01 1.384696e-02
 4.294294e-01 -3.828619e-02 -1.079400e-01 1.311687e-02
 4.304304e-01 -5.285741e-02 -9.811803e-02 1.242105e-02
 4.314314e-01 -6.555464e-02 -8.644135e-02 1.176952e-02
 4.324324e-01 -7.617801e-02 -7.326519e-02 1.117088e-02
 4.334334e-01 -8.458881e-02 -5.896170e-02 1.063175e-02
 4.344344e-01 -9.070929e-02 -4.390997e-02 1.015626e-02
 4.354354e-01 -9.452099e-02 -2.848642e-02 9.745694e-03
 4.364364e-01 -9.606161e-02 -1.305597e-02 9.398292e-03
 4.374374e-01 -9.542073e-02  2.035962e-03 9.109262e-03
 4.384384e-01 -9.273446e-02  1.647050e-02 8.870957e-03
 4.394394e-01 -8.817927e-02  2.996116e-02 8.673255e-03
 4.404404e-01 -8.196526e-02  4.225860e-02 8.504093e-03
 4.414414e-01 -7.432897e-02  5.315407e-02 8.350151e-03
 4.424424e-01 -6.552607e-02  6.248169e-02 8.197628e-03
 4.434434e-01 -5.582401e-02  7.011955e-02 8.033072e-03
 4.444444e-01 -4.549489e-02  7.598968e-02 7.844217e-03
 4.454454e-01 -3.480869e-02  8.005690e-02 7.620753e-03
 4.464464e-01 -2.402697e-02  8.232691e-02 7.355015e-03
 4.474474e-01 -1.339727e-02  8.284334e-02 7.042506e-03
 4.484484e-01 -3.148081e-03  8.168434e-02 6.682242e-03
 4.494494e-01  6.515219e-03  7.895844e-02 6.276884e-03
 4.504505e-01  1.541376e-02  7.480014e-02 5.832645e-03
 4.514515e-01  2.339764e-02  6.936515e-02 5.358973e-03
 4.524525e-01  3.034754e-02  6.282557e-02 4.868025e-03
 4.534535e-01  3.617554e-02  5.536503e-02 4.373956e-03
 4.544545e-01  4.082514e-02  4.717396e-02 3.892074e-03
 4.554555e-01  4.427053e-02  3.844510e-02 3.437905e-03
 4.564565e-01  4.651525e-02  2.936929e-02 3.026224e-03
 4.574575e-01  4.759020e-02  2.013168e-02 2.670111e-03
 4.584585e-01  4.755120e-02  1.090836e-02 2.380109e-03
 4.594595e-01  4.647616e-02  1.863500e-03 2.163506e-03
 4.604605e-01  4.446189e-02 -6.853007e-03 2.023823e-03
 4.614615e-01  4.162073e-02 -1.510741e-02 1.960519e-03
 4.624625e-01  3.807705e-02 -2.278336e-02 1.968943e-03
 4.634635e-01  3.396371e-02 -2.978278e-02 2.040547e-03
 4.644645e-01  2.941854e-02 -3.602616e-02 2.163335e-03
 4.654655e-01  2.458097e-02 -4.145249e-02 2.322533e-03
 4.664665e-01  1.958880e-02 -4.601873e-02 2.501445e-03
 4.674675e-01  1.457521e-02 -4.969900e-02 2.682428e-03
 4.684685e-01  9.666085e-03 -5.248345e-02 2.847945e-03
 4.694695e-01  4.977599e-03 -5.437689e-02 2.981623e-03
 4.704705e-01  6.141683e-04 -5.539733e-02 3.069241e-03
 4.714715e-01 -3.333212e-03 -5.557426e-02 3.099609e-03
 4.724725e-01 -6.788333e-03 -5.494703e-02 3.065258e-03
 4.734735e-01 -9.690663e-03 -5.356311e-02 2.962916e-03
 4.744745e-01 -1.199601e-02 -5.147645e-02 2.793729e-03
 4.754755e-01 -1.367666e-02 -4.874587e-02 2.563211e-03
 4.764765e-01 -1.472141e-02 -4.543369e-02 2.280940e-03
 4.774775e-01 -1.513493e-02 -4.160422e-02 1.959977e-03
 4.784785e-01 -1.493740e-02 -3.732288e-02 1.616123e-03
 4.794795e-01 -1.416309e-02 -3.265485e-02 1.266933e-03
 4.804805e-01 -1.285976e-02 -2.766485e-02 9.307170e-04
 4.814815e-01 -1.108643e-02 -2.241565e-02 6.253701e-04
 4.824825e-01 -8.913053e-03 -1.696898e-02 3.673888e-04
 4.834835e-01 -6.416861e-03 -1.138321e-02 1.707535e-04
 4.844845e-01 -3.684211e-03 -5.716935e-03 4.625676e-05
 4.854855e-01 -7.973827e-04 -2.073383e-05 6.362490e-07
 4.864865e-01  2.165334e-03  5.622128e-03 3.629700e-05
 4.874875e-01  4.982303e-03  1.091255e-02 1.439071e-04
 4.884885e-01  7.418097e-03  1.553831e-02 2.964671e-04
 4.894895e-01  9.269839e-03  1.923285e-02 4.558325e-04
 4.904905e-01  1.037726e-02  2.178200e-02 5.821429e-04
 4.914915e-01  1.063801e-02  2.303901e-02 6.439632e-04
 4.924925e-01  1.001472e-02  2.293078e-02 6.261155e-04
 4.934935e-01  8.539405e-03  2.146259e-02 5.335643e-04
 4.944945e-01  6.311419e-03  1.871732e-02 3.901722e-04
 4.954955e-01  3.491042e-03  1.485091e-02 2.327369e-04
 4.964965e-01  2.881690e-04  1.008397e-02 1.017695e-04
 4.974975e-01 -3.052984e-03  4.689332e-03 3.131054e-05
 4.984985e-01 -6.271552e-03 -1.022357e-03 4.037758e-05
 4.994995e-01 -9.109877e-03 -6.720477e-03 1.281547e-04
 5.005005e-01 -1.133258e-02 -1.207182e-02 2.741563e-04
 5.015015e-01 -1.274548e-02 -1.676036e-02 4.433570e-04
 5.025025e-01 -1.321042e-02 -2.050383e-02 5.949222e-04
 5.035035e-01 -1.265796e-02 -2.307161e-02 6.925230e-04
 5.045045e-01 -1.109331e-02 -2.429658e-02 7.133851e-04
 5.055055e-01 -8.599219e-03 -2.408782e-02 6.541698e-04
 5.065065e-01 -5.330470e-03 -2.243444e-02 5.317178e-04
 5.075075e-01 -1.506330e-03 -1.941086e-02 3.790506e-04
 5.085085e-01  2.606046e-03 -1.517043e-02 2.369334e-04
 5.095095e-01  6.707015e-03 -9.943235e-03 1.438520e-04
 5.105105e-01  1.048916e-02 -4.018336e-03 1.261696e-04
 5.115115e-01  1.365479e-02  2.263052e-03 1.915746e-04
 5.125125e-01  1.594474e-02  8.537660e-03 3.271263e-04
 5.135135e-01  1.714878e-02  1.442337e-02 5.021143e-04
 5.145145e-01  1.713872e-02  1.956936e-02 6.766953e-04
 5.155155e-01  1.584899e-02  2.362109e-02 8.091461e-04
 5.165165e-01  1.340691e-02  2.647179e-02 8.805010e-04
 5.175175e-01  1.044050e-02  2.895435e-02 9.473582e-04
 5.185185e-01  7.063734e-03  3.115425e-02 1.020484e-03
 5.195195e-01  3.285236e-03  3.297901e-02 1.098408e-03
 5.205205e-01 -8.534534e-04  3.437374e-02 1.182282e-03
 5.215215e-01 -5.311127e-03  3.526828e-02 1.272060e-03
 5.225225e-01 -1.002992e-02  3.560640e-02 1.368415e-03
 5.235235e-01 -1.494567e-02  3.533039e-02 1.471609e-03
 5.245245e-01 -1.998129e-02  3.439429e-02 1.582219e-03
 5.255255e-01 -2.505232e-02  3.275722e-02 1.700654e-03
 5.265265e-01 -3.006402e-02  3.039142e-02 1.827483e-03
 5.275275e-01 -3.491541e-02  2.727886e-02 1.963222e-03
 5.285285e-01 -3.949831e-02  2.341687e-02 2.108467e-03
 5.295295e-01 -4.370097e-02  1.881621e-02 2.263825e-03
 5.305305e-01 -4.740838e-02  1.350506e-02 2.429941e-03
 5.315315e-01 -5.050589e-02  7.527659e-03 2.607511e-03
 5.325325e-01 -5.288047e-02  9.470689e-04 2.797241e-03
 5.335335e-01 -5.442441e-02 -6.156249e-03 2.999916e-03
 5.345345e-01 -5.503723e-02 -1.368287e-02 3.216318e-03
 5.355355e-01 -5.462943e-02 -2.151619e-02 3.447322e-03
 5.365365e-01 -5.312478e-02 -2.952210e-02 3.693797e-03
 5.375375e-01 -5.046392e-02 -3.755139e-02 3.956714e-03
 5.385385e-01 -4.660671e-02 -4.544066e-02 4.237038e-03
 5.395395e-01 -4.153550e-02 -5.301553e-02 4.535844e-03
 5.405405e-01 -3.525713e-02 -6.009275e-02 4.854204e-03
 5.415415e-01 -2.780555e-02 -6.648421e-02 5.193299e-03
 5.425425e-01 -1.924312e-02 -7.200016e-02 5.554320e-03
 5.435435e-01 -9.662248e-03 -7.645395e-02 5.938566e-03
 5.445445e-01  8.143293e-04 -7.966612e-02 6.347353e-03
 5.455455e-01  1.203328e-02 -8.146967e-02 6.782107e-03
 5.465465e-01  2.381175e-02 -8.171464e-02 7.244282e-03
 5.475475e-01  3.593863e-02 -8.027361e-02 7.735437e-03
 5.485485e-01  4.817725e-02 -7.704627e-02 8.257175e-03
 5.495495e-01  6.026841e-02 -7.196469e-02 8.811197e-03
 5.505506e-01  7.193472e-02 -6.499741e-02 9.399267e-03
 5.515516e-01  8.288540e-02 -5.615381e-02 1.002324e-02
 5.525526e-01  9.282222e-02 -4.548719e-02 1.068505e-02
 5.535536e-01  1.014458e-01 -3.309764e-02 1.138671e-02
 5.545546e-01  1.084631e-01 -1.913347e-02 1.213034e-02
 5.555556e-01  1.135947e-01 -3.792072e-03 1.291813e-02
 5.565566e-01  1.165829e-01  1.268090e-02 1.375238e-02
 5.575576e-01  1.172002e-01  2.999313e-02 1.463547e-02
 5.585586e-01  1.152571e-01  4.780906e-02 1.556991e-02
 5.595596e-01  1.106103e-01  6.575430e-02 1.655827e-02
 5.605606e-01  1.031701e-01  8.342181e-02 1.760327e-02
 5.615616e-01  9.290706e-02  1.003792e-01 1.870770e-02
 5.625626e-01  7.985794e-02  1.161774e-01 1.987448e-02
 5.635636e-01  6.413024e-02  1.303608e-01 2.110663e-02
 5.645646e-01  4.590540e-02  1.424781e-01 2.240731e-02
 5.655656e-01  2.544016e-02  1.520939e-01 2.377976e-02
 5.665666e-01  3.066357e-03  1.588017e-01 2.522739e-02
 5.675676e-01 -2.081164e-02  1.622361e-01 2.675367e-02
 5.685686e-01 -4.572132e-02  1.620858e-01 2.836225e-02
 5.695696e-01 -7.112889e-02  1.581062e-01 3.005688e-02
 5.705706e-01 -9.644812e-02  1.501307e-01 3.184146e-02
 5.715716e-01 -1.210516e-01  1.380815e-01 3.372000e-02
 5.725726e-01 -1.442838e-01  1.219789e-01 3.569666e-02
 5.735736e-01 -1.654762e-01  1.019477e-01 3.777571e-02
 5.745746e-01 -1.839640e-01  7.822316e-02 3.996161e-02
 5.755756e-01 -1.991038e-01  5.115242e-02 4.225890e-02
 5.765766e-01 -2.102929e-01  2.119438e-02 4.467230e-02
 5.775776e-01 -2.169881e-01 -1.108418e-02 4.720667e-02
 5.785786e-01 -2.187249e-01 -4.501554e-02 4.986700e-02
 5.795796e-01 -2.151366e-01 -7.984148e-02 5.265844e-02
 5.805806e-01 -2.059709e-01 -1.147269e-01 5.558627e-02
 5.815816e-01 -1.911054e-01 -1.487771e-01 5.865593e-02
 5.825826e-01 -1.705614e-01 -1.810575e-01 6.187301e-02
 5.835836e-01 -1.445131e-01 -2.106163e-01 6.524325e-02
 5.845846e-01 -1.132943e-01 -2.365099e-01 6.877252e-02
 5.855856e-01 -7.740098e-02 -2.578293e-01 7.246688e-02
 5.865866e-01 -3.748930e-02 -2.737280e-01 7.633249e-02
 5.875876e-01  5.631389e-03 -2.834502e-01 8.037570e-02
 5.885886e-01  5.101009e-02 -2.863581e-01 8.460299e-02
 5.895896e-01  9.757086e-02 -2.819591e-01 8.902100e-02
 5.905906e-01  1.441344e-01 -2.699292e-01 9.363649e-02
 5.915916e-01  1.894443e-01 -2.501345e-01 9.845641e-02
 5.925926e-01  2.321972e-01 -2.226484e-01 1.034878e-01
 5.935936e-01  2.710772e-01 -1.877634e-01 1.087379e-01
 5.945946e-01  3.047927e-01 -1.459984e-01 1.142141e-01
 5.955956e-01  3.321151e-01 -9.809897e-02 1.199239e-01
 5.965966e-01  3.519190e-01 -4.503135e-02 1.258748e-01
 5.975976e-01  3.632216e-01  1.203083e-02 1.320747e-01
 5.985986e-01  3.652215e-01  7.172678e-02 1.385315e-01
 5.995996e-01  3.573336e-01  1.325359e-01 1.452531e-01
 6.006006e-01  3.392216e-01  1.928121e-01 1.522478e-01
 6.016016e-01  3.108235e-01  2.508237e-01 1.595238e-01
 6.026026e-01  2.723721e-01  3.047998e-01 1.670895e-01
 6.036036e-01  2.244068e-01  3.529801e-01 1.749533e-01
 6.046046e-01  1.677777e-01  3.936682e-01 1.831240e-01
 6.056056e-01  1.036399e-01  4.252869e-01 1.916102e-01
 6.066066e-01  3.343815e-02  4.464331e-01 2.004207e-01
 6.076076e-01 -4.111840e-02  4.559316e-01 2.095643e-01
 6.086086e-01 -1.180915e-01  4.528847e-01 2.190501e-01
 6.096096e-01 -1.953584e-01  4.367176e-01 2.288872e-01
 6.106106e-01 -2.706658e-01  4.072156e-01 2.390845e-01
 6.116116e-01 -3.416903e-01  3.645533e-01 2.496514e-01
 6.126126e-01 -4.061065e-01  3.093129e-01 2.605970e-01
 6.136136e-01 -4.616586e-01  2.424912e-01 2.719306e-01
 6.146146e-01 -5.062346e-01  1.654937e-01 2.836616e-01
 6.156156e-01 -5.379413e-01  8.011517e-02 2.957993e-01
 6.166166e-01 -5.551765e-01 -1.149298e-02 3.083530e-01
 6.176176e-01 -5.566966e-01 -1.068695e-01 3.213322e-01
 6.186186e-01 -5.416774e-01 -2.033024e-01 3.347463e-01
 6.196196e-01 -5.097643e-01 -2.979008e-01 3.486045e-01
 6.206206e-01 -4.611115e-01 -3.876758e-01 3.629163e-01
 6.216216e-01 -3.964060e-01 -4.696311e-01 3.776911e-01
 6.226226e-01 -3.168767e-01 -5.408578e-01 3.929380e-01
 6.236236e-01 -2.242852e-01 -5.986339e-01 4.086664e-01
 6.246246e-01 -1.208996e-01 -6.405222e-01 4.248854e-01
 6.256256e-01 -9.448989e-03 -6.644658e-01 4.416041e-01
 6.266266e-01  1.069394e-01 -6.688763e-01 4.588315e-01
 6.276276e-01  2.248205e-01 -6.527116e-01 4.765766e-01
 6.286286e-01  3.405266e-01 -6.155403e-01 4.948482e-01
 6.296296e-01  4.502765e-01 -5.575895e-01 5.136550e-01
 6.306306e-01  5.502940e-01 -4.797729e-01 5.330055e-01
 6.316316e-01  6.369335e-01 -3.836977e-01 5.529081e-01
 6.326326e-01  7.068086e-01 -2.716481e-01 5.733711e-01
 6.336336e-01  7.569195e-01 -1.465453e-01 5.944026e-01
 6.346346e-01  7.847733e-01 -1.188277e-02 6.160104e-01
 6.356356e-01  7.884957e-01  1.283613e-01 6.382022e-01
 6.366366e-01  7.669259e-01  2.698333e-01 6.609854e-01
 6.376376e-01  7.196934e-01  4.079324e-01 6.843674e-01
 6.386386e-01  6.472709e-01  5.379548e-01 7.083550e-01
 6.396396e-01  5.510018e-01  6.552497e-01 7.329551e-01
 6.406406e-01  4.330976e-01  7.553810e-01 7.581740e-01
 6.416416e-01  2.966058e-01  8.342919e-01 7.840180e-01
 6.426426e-01  1.453462e-01  8.884635e-01 8.104929e-01
 6.436436e-01 -1.618354e-02  9.150641e-01 8.376042e-01
 6.446446e-01 -1.829314e-01  9.120819e-01 8.653573e-01
 6.456456e-01 -3.494402e-01  8.784352e-01 8.937569e-01
 6.466466e-01 -5.100201e-01  8.140560e-01 9.228076e-01
 6.476476e-01 -6.589377e-01  7.199408e-01 9.525136e-01
 6.486486e-01 -7.906168e-01  5.981669e-01 9.828785e-01
 6.496496e-01 -8.998443e-01  4.518696e-01 1.013906e+00
 6.506507e-01 -9.819728e-01  2.851806e-01 1.045599e+00
 6.516517e-01 -1.033114e+00  1.031267e-01 1.077959e+00
 6.526527e-01 -1.050312e+00 -8.850905e-02 1.110990e+00
 6.536537e-01 -1.031697e+00 -2.833611e-01 1.144692e+00
 6.546547e-01 -9.765967e-01 -4.746846e-01 1.179067e+00
 6.556557e-01 -8.856212e-01 -6.555838e-01 1.214115e+00
 6.566567e-01 -7.606946e-01 -8.192562e-01 1.249837e+00
 6.576577e-01 -6.050457e-01 -9.592455e-01 1.286232e+00
 6.586587e-01 -4.231464e-01 -1.069695e+00 1.323300e+00
 6.596597e-01 -2.206022e-01 -1.145589e+00 1.361039e+00
 6.606607e-01 -3.994282e-03 -1.182976e+00 1.399448e+00
 6.616617e-01  2.193221e-01 -1.179161e+00 1.438523e+00
 6.626627e-01  4.414590e-01 -1.132862e+00 1.478262e+00
 6.636637e-01  6.542675e-01 -1.044316e+00 1.518662e+00
 6.646647e-01  8.496330e-01 -9.153370e-01 1.559718e+00
 6.656657e-01  1.019782e+00 -7.493126e-01 1.601426e+00
 6.666667e-01  1.157593e+00 -5.511428e-01 1.643780e+00
 6.676677e-01  1.256889e+00 -3.271161e-01 1.686774e+00
 6.686687e-01  1.312716e+00 -8.472787e-02 1.730402e+00
 6.696697e-01  1.321583e+00  1.675579e-01 1.774657e+00
 6.706707e-01  1.281652e+00  4.205934e-01 1.819532e+00
 6.716717e-01  1.192879e+00  6.648727e-01 1.865017e+00
 6.726727e-01  1.057085e+00  8.908846e-01 1.911103e+00
 6.736737e-01  8.779590e-01  1.089482e+00 1.957782e+00
 6.746747e-01  6.609914e-01  1.252251e+00 2.005043e+00
 6.756757e-01  4.133257e-01  1.371874e+00 2.052875e+00
 6.766767e-01  1.435437e-01  1.442450e+00 2.101267e+00
 6.776777e-01 -1.386171e-01  1.459792e+00 2.150206e+00
 6.786787e-01 -4.226048e-01  1.421649e+00 2.199680e+00
 6.796797e-01 -6.974411e-01  1.327874e+00 2.249675e+00
 6.806807e-01 -9.521422e-01  1.180509e+00 2.300177e+00
 6.816817e-01 -1.176158e+00  9.837799e-01 2.351171e+00
 6.826827e-01 -1.359812e+00  7.440119e-01 2.402643e+00
 6.836837e-01 -1.494721e+00  4.694505e-01 2.454575e+00
 6.846847e-01 -1.574183e+00  1.699977e-01 2.506952e+00
 6.856857e-01 -1.593509e+00 -1.431301e-01 2.559757e+00
 6.866867e-01 -1.550284e+00 -4.578114e-01 2.612971e+00
 6.876877e-01 -1.444548e+00 -7.614831e-01 2.666576e+00
 6.886887e-01 -1.278881e+00 -1.041640e+00 2.720552e+00
 6.896897e-01 -1.058385e+00 -1.286353e+00 2.774881e+00
 6.906907e-01 -7.905559e-01 -1.484777e+00 2.829542e+00
 6.916917e-01 -4.850623e-01 -1.627645e+00 2.884514e+00
 6.926927e-01 -1.534112e-01 -1.707701e+00 2.939776e+00
 6.936937e-01  1.914690e-01 -1.720071e+00 2.995306e+00
 6.946947e-01  5.357226e-01 -1.662553e+00 3.051082e+00
 6.956957e-01  8.651191e-01 -1.535789e+00 3.107079e+00
 6.966967e-01  1.165642e+00 -1.343337e+00 3.163276e+00
 6.976977e-01  1.424088e+00 -1.091614e+00 3.219647e+00
 6.986987e-01  1.628657e+00 -7.897127e-01 3.276169e+00
 6.996997e-01  1.769498e+00 -4.491015e-01 3.332815e+00
 7.007007e-01  1.839195e+00 -8.320717e-02 3.389562e+00
 7.017017e-01  1.833160e+00  2.931008e-01 3.446383e+00
 7.027027e-01  1.749918e+00  6.641067e-01 3.503251e+00
 7.037037e-01  1.591270e+00  1.013903e+00 3.560140e+00
 7.047047e-01  1.362311e+00  1.327076e+00 3.617023e+00
 7.057057e-01  1.071309e+00  1.589393e+00 3.673873e+00
 7.067067e-01  7.294376e-01  1.788458e+00 3.730661e+00
 7.077077e-01  3.503708e-01  1.914314e+00 3.787359e+00
 7.087087e-01 -5.024523e-02  1.959953e+00 3.843939e+00
 7.097097e-01 -4.554279e-01  1.921707e+00 3.900373e+00
 7.107107e-01 -8.475732e-01  1.799514e+00 3.956631e+00
 7.117117e-01 -1.209223e+00  1.597018e+00 4.012684e+00
 7.127127e-01 -1.523847e+00  1.321512e+00 4.068503e+00
 7.137137e-01 -1.776616e+00  9.837143e-01 4.124059e+00
 7.147147e-01 -1.955111e+00  5.973795e-01 4.179321e+00
 7.157157e-01 -2.049952e+00  1.787593e-01 4.234260e+00
 7.167167e-01 -2.055309e+00 -2.540660e-01 4.288845e+00
 7.177177e-01 -1.969258e+00 -6.819616e-01 4.343047e+00
 7.187187e-01 -1.793974e+00 -1.085584e+00 4.396835e+00
 7.197197e-01 -1.535742e+00 -1.446263e+00 4.450180e+00
 7.207207e-01 -1.204771e+00 -1.746877e+00 4.503051e+00
 7.217217e-01 -8.148251e-01 -1.972683e+00 4.555418e+00
 7.227227e-01 -3.826767e-01 -2.112063e+00 4.607252e+00
 7.237237e-01  7.259829e-02 -2.157140e+00 4.658522e+00
 7.247247e-01  5.304526e-01 -2.104238e+00 4.709199e+00
 7.257257e-01  9.697936e-01 -1.954163e+00 4.759252e+00
 7.267267e-01  1.369961e+00 -1.712267e+00 4.808652e+00
 7.277277e-01  1.711713e+00 -1.388311e+00 4.857369e+00
 7.287287e-01  1.978168e+00 -9.961061e-01 4.905376e+00
 7.297297e-01  2.155663e+00 -5.529528e-01 4.952642e+00
 7.307307e-01  2.234483e+00 -7.889811e-02 4.999139e+00
 7.317317e-01  2.209410e+00  4.041598e-01 5.044840e+00
 7.327327e-01  2.080083e+00  8.734806e-01 5.089716e+00
 7.337337e-01  1.851120e+00  1.306558e+00 5.133739e+00
 7.347347e-01  1.532006e+00  1.682213e+00 5.176883e+00
 7.357357e-01  1.136741e+00  1.981651e+00 5.219120e+00
 7.367367e-01  6.832587e-01  2.189425e+00 5.260423e+00
 7.377377e-01  1.926294e-01  2.294267e+00 5.300767e+00
 7.387387e-01 -3.119015e-01  2.289726e+00 5.340127e+00
 7.397397e-01 -8.060134e-01  2.174585e+00 5.378479e+00
 7.407407e-01 -1.265489e+00  1.953032e+00 5.415797e+00
 7.417417e-01 -1.667414e+00  1.634561e+00 5.452059e+00
 7.427427e-01 -1.991346e+00  1.233606e+00 5.487241e+00
 7.437437e-01 -2.220378e+00  7.689213e-01 5.521320e+00
 7.447447e-01 -2.342061e+00  2.627270e-01 5.554275e+00
 7.457457e-01 -2.349107e+00 -2.603412e-01 5.586083e+00
 7.467467e-01 -2.239863e+00 -7.744267e-01 5.616723e+00
 7.477477e-01 -2.018495e+00 -1.253737e+00 5.646177e+00
 7.487487e-01 -1.694886e+00 -1.673854e+00 5.674426e+00
 7.497497e-01 -1.284240e+00 -2.013002e+00 5.701452e+00
 7.507508e-01 -8.063975e-01 -2.253211e+00 5.727237e+00
 7.517518e-01 -2.849011e-01 -2.381302e+00 5.751766e+00
 7.527528e-01  2.541497e-01 -2.389650e+00 5.775021e+00
 7.537538e-01  7.834032e-01 -2.276679e+00 5.796987e+00
 7.547548e-01  1.275651e+00 -2.047037e+00 5.817648e+00
 7.557558e-01  1.705247e+00 -1.711468e+00 5.836992e+00
 7.567568e-01  2.049468e+00 -1.286346e+00 5.855004e+00
 7.577578e-01  2.289753e+00 -7.929091e-01 5.871675e+00
 7.587588e-01  2.412746e+00 -2.562260e-01 5.886993e+00
 7.597598e-01  2.411077e+00  2.960698e-01 5.900951e+00
 7.607608e-01  2.283852e+00  8.352006e-01 5.913539e+00
 7.617618e-01  2.036791e+00  1.332754e+00 5.924750e+00
 7.627628e-01  1.682027e+00  1.762204e+00 5.934576e+00
 7.637638e-01  1.237550e+00  2.100352e+00 5.943008e+00
 7.647648e-01  7.263294e-01  2.328623e+00 5.950041e+00
 7.657658e-01  1.751428e-01  2.434131e+00 5.955669e+00
 7.667668e-01 -3.868109e-01  2.410449e+00 5.959889e+00
 7.677678e-01 -9.294636e-01  2.258052e+00 5.962701e+00
 7.687688e-01 -1.423500e+00  1.984377e+00 5.964104e+00
 7.697698e-01 -1.841967e+00  1.603515e+00 5.964100e+00
 7.707708e-01 -2.161778e+00  1.135521e+00 5.962690e+00
 7.717718e-01 -2.365032e+00  6.053900e-01 5.959874e+00
 7.727728e-01 -2.440064e+00  4.174160e-02 5.955653e+00
 7.737738e-01 -2.382162e+00 -5.247210e-01 5.950029e+00
 7.747748e-01 -2.193917e+00 -1.062888e+00 5.943003e+00
 7.757758e-01 -1.885158e+00 -1.542971e+00 5.934580e+00
 7.767768e-01 -1.472488e+00 -1.938181e+00 5.924768e+00
 7.777778e-01 -9.784301e-01 -2.226264e+00 5.913576e+00
 7.787788e-01 -4.302211e-01 -2.390800e+00 5.901015e+00
 7.797798e-01  1.416716e-01 -2.422195e+00 5.887098e+00
 7.807808e-01  7.052435e-01 -2.318289e+00 5.871833e+00
 7.817818e-01  1.228755e+00 -2.084560e+00 5.855230e+00
 7.827828e-01  1.682542e+00 -1.733883e+00 5.837298e+00
 7.837838e-01  2.040734e+00 -1.285864e+00 5.818044e+00
 7.847848e-01  2.282774e+00 -7.657818e-01 5.797479e+00
 7.857858e-01  2.394647e+00 -2.031790e-01 5.775618e+00
 7.867868e-01  2.369752e+00  3.698021e-01 5.752479e+00
 7.877878e-01  2.209344e+00  9.202628e-01 5.728083e+00
 7.887888e-01  1.922527e+00  1.416454e+00 5.702451e+00
 7.897898e-01  1.525789e+00  1.829637e+00 5.675603e+00
 7.907908e-01  1.042091e+00  2.135791e+00 5.647558e+00
 7.917918e-01  4.995695e-01  2.317058e+00 5.618329e+00
 7.927928e-01 -7.008564e-02  2.362841e+00 5.587931e+00
 7.937938e-01 -6.334782e-01  2.270481e+00 5.556376e+00
 7.947948e-01 -1.157475e+00  2.045467e+00 5.523685e+00
 7.957958e-01 -1.611182e+00  1.701168e+00 5.489880e+00
 7.967968e-01 -1.967798e+00  1.258079e+00 5.454989e+00
 7.977978e-01 -2.206249e+00  7.426363e-01 5.419045e+00
 7.987988e-01 -2.312489e+00  1.856672e-01 5.382077e+00
 7.997998e-01 -2.280380e+00 -3.794492e-01 5.344113e+00
 8.008008e-01 -2.112109e+00 -9.187860e-01 5.305174e+00
 8.018018e-01 -1.818099e+00 -1.399926e+00 5.265276e+00
 8.028028e-01 -1.416408e+00 -1.793941e+00 5.224435e+00
 8.038038e-01 -9.316624e-01 -2.077179e+00 5.182668e+00
 8.048048e-01 -3.935785e-01 -2.232733e+00 5.140000e+00
 8.058058e-01  1.648492e-01 -2.251508e+00 5.096464e+00
 8.068068e-01  7.093690e-01 -2.132813e+00 5.052098e+00
 8.078078e-01  1.206588e+00 -1.884433e+00 5.006943e+00
 8.088088e-01  1.626049e+00 -1.522170e+00 4.961036e+00
 8.098098e-01  1.942136e+00 -1.068885e+00 4.914407e+00
 8.108108e-01  2.135689e+00 -5.530884e-01 4.867076e+00
 8.118118e-01  2.195223e+00 -7.164042e-03 4.819056e+00
 8.128128e-01  2.117664e+00  5.346580e-01 4.770359e+00
 8.138138e-01  1.908562e+00  1.038459e+00 4.721006e+00
 8.148148e-01  1.581756e+00  1.472778e+00 4.671026e+00
 8.158158e-01  1.158502e+00  1.810617e+00 4.620462e+00
 8.168168e-01  6.661325e-01  2.031165e+00 4.569363e+00
 8.178178e-01  1.363126e-01  2.121131e+00 4.517777e+00
 8.188188e-01 -3.969888e-01  2.075607e+00 4.465745e+00
 8.198198e-01 -8.996820e-01  1.898385e+00 4.413293e+00
 8.208208e-01 -1.339758e+00  1.601711e+00 4.360431e+00
 8.218218e-01 -1.689362e+00  1.205497e+00 4.307165e+00
 8.228228e-01 -1.926598e+00  7.360183e-01 4.253502e+00
 8.238238e-01 -2.036957e+00  2.242038e-01 4.199461e+00
 8.248248e-01 -2.014257e+00 -2.963939e-01 4.145080e+00
 8.258258e-01 -1.861039e+00 -7.918005e-01 4.090414e+00
 8.268268e-01 -1.588388e+00 -1.229855e+00 4.035521e+00
 8.278278e-01 -1.215190e+00 -1.582331e+00 3.980456e+00
 8.288288e-01 -7.668611e-01 -1.826795e+00 3.925257e+00
 8.298298e-01 -2.736525e-01 -1.948089e+00 3.869936e+00
 8.308308e-01  2.313820e-01 -1.939317e+00 3.814489e+00
 8.318318e-01  7.146007e-01 -1.802291e+00 3.758907e+00
 8.328328e-01  1.144032e+00 -1.547379e+00 3.703189e+00
 8.338338e-01  1.491519e+00 -1.192782e+00 3.647358e+00
 8.348348e-01  1.734606e+00 -7.632846e-01 3.591462e+00
 8.358358e-01  1.858040e+00 -2.885458e-01 3.535571e+00
 8.368368e-01  1.854773e+00  1.989284e-01 3.479754e+00
 8.378378e-01  1.726411e+00  6.660122e-01 3.424068e+00
 8.388388e-01  1.483067e+00  1.081226e+00 3.368537e+00
 8.398398e-01  1.142623e+00  1.416886e+00 3.313153e+00
 8.408408e-01  7.294662e-01  1.650990e+00 3.257888e+00
 8.418418e-01  2.727728e-01  1.768702e+00 3.202713e+00
 8.428428e-01 -1.955373e-01  1.763345e+00 3.147622e+00
 8.438438e-01 -6.430300e-01  1.636813e+00 3.092646e+00
 8.448448e-01 -1.039017e+00  1.399391e+00 3.037852e+00
 8.458458e-01 -1.356689e+00  1.068982e+00 2.983328e+00
 8.468468e-01 -1.574964e+00  6.698081e-01 2.929155e+00
 8.478478e-01 -1.679934e+00  2.306616e-01 2.875381e+00
 8.488488e-01 -1.665789e+00 -2.171533e-01 2.822008e+00
 8.498498e-01 -1.535175e+00 -6.420525e-01 2.768993e+00
 8.508509e-01 -1.298939e+00 -1.014414e+00 2.716278e+00
 8.518519e-01 -9.752954e-01 -1.308669e+00 2.663815e+00
 8.528529e-01 -5.884677e-01 -1.505093e+00 2.611598e+00
 8.538539e-01 -1.669064e-01 -1.591170e+00 2.559679e+00
 8.548549e-01  2.587888e-01 -1.562428e+00 2.508152e+00
 8.558559e-01  6.580897e-01 -1.422689e+00 2.457127e+00
 8.568569e-01  1.002743e+00 -1.183721e+00 2.406690e+00
 8.578579e-01  1.268796e+00 -8.643066e-01 2.356870e+00
 8.588589e-01  1.438295e+00 -4.888132e-01 2.307631e+00
 8.598599e-01  1.500533e+00 -8.536279e-02 2.258886e+00
 8.608609e-01  1.452762e+00  3.162621e-01 2.210540e+00
 8.618619e-01  1.300313e+00  6.868187e-01 2.162534e+00
 8.628629e-01  1.056116e+00  9.997483e-01 2.114877e+00
 8.638639e-01  7.396665e-01  1.233105e+00 2.067654e+00
 8.648649e-01  3.755113e-01  1.371126e+00 2.020996e+00
 8.658659e-01 -8.630436e-03  1.405333e+00 1.975037e+00
 8.668669e-01 -3.839669e-01  1.335075e+00 1.929855e+00
 8.678679e-01 -7.227950e-01  1.167481e+00 1.885444e+00
 8.688689e-01 -1.000561e+00  9.168374e-01 1.841714e+00
 8.698699e-01 -1.197667e+00  6.034216e-01 1.798523e+00
 8.708709e-01 -1.300881e+00  2.519008e-01 1.755746e+00
 8.718719e-01 -1.304260e+00 -1.105871e-01 1.713324e+00
 8.728729e-01 -1.209500e+00 -4.565213e-01 1.671301e+00
 8.738739e-01 -1.025705e+00 -7.600927e-01 1.629812e+00
 8.748749e-01 -7.685963e-01 -9.991463e-01 1.589034e+00
 8.758759e-01 -4.592130e-01 -1.156822e+00 1.549114e+00
 8.768769e-01 -1.222265e-01 -1.222771e+00 1.510108e+00
 8.778779e-01  2.160104e-01 -1.193856e+00 1.471953e+00
 8.788789e-01  5.295207e-01 -1.074288e+00 1.434487e+00
 8.798799e-01  7.947068e-01 -8.751890e-01 1.397515e+00
 8.808809e-01  9.921451e-01 -6.136260e-01 1.360889e+00
 8.818819e-01  1.108032e+00 -3.111924e-01 1.324577e+00
 8.828829e-01  1.135174e+00  7.746975e-03 1.288680e+00
 8.838839e-01  1.073440e+00  3.180045e-01 1.253400e+00
 8.848849e-01  9.296594e-01  5.955582e-01 1.218956e+00
 8.858859e-01  7.169686e-01  8.194221e-01 1.185497e+00
 8.868869e-01  4.536653e-01  9.732502e-01 1.153028e+00
 8.878879e-01  1.616724e-01  1.046551e+00 1.121407e+00
 8.888889e-01 -1.352664e-01  1.035420e+00 1.090391e+00
 8.898899e-01 -4.135086e-01  9.427343e-01 1.059737e+00
 8.908909e-01 -6.513993e-01  7.778052e-01 1.029302e+00
 8.918919e-01 -8.309686e-01  5.555162e-01 9.991070e-01
 8.928929e-01 -9.393055e-01  2.950282e-01 9.693365e-01
 8.938939e-01 -9.695029e-01  1.815814e-02 9.402655e-01
 8.948949e-01 -9.210996e-01 -2.524317e-01 9.121462e-01
 8.958959e-01 -7.999936e-01 -4.950847e-01 8.850987e-01
 8.968969e-01 -6.178376e-01 -6.908895e-01 8.590517e-01
 8.978979e-01 -3.909761e-01 -8.251666e-01 8.337623e-01
 8.988989e-01 -1.390158e-01 -8.885848e-01 8.089084e-01
 8.998999e-01  1.168454e-01 -8.778189e-01 7.842189e-01
 9.009009e-01  3.555925e-01 -7.957022e-01 7.595881e-01
 9.019019e-01  5.581187e-01 -6.508674e-01 7.351249e-01
 9.029029e-01  7.087620e-01 -4.569136e-01 7.111136e-01
 9.039039e-01  7.965280e-01 -2.311751e-01 6.878987e-01
 9.049049e-01  8.159004e-01  6.798233e-03 6.657396e-01
 9.059059e-01  7.671796e-01  2.369179e-01 6.446946e-01
 9.069069e-01  6.563285e-01  4.402484e-01 6.245857e-01
 9.079079e-01  4.943459e-01  6.005690e-01 6.050610e-01
 9.089089e-01  2.962293e-01  7.056776e-01 5.857326e-01
 9.099099e-01  7.962167e-02  7.483290e-01 5.663359e-01
 9.109109e-01 -1.367389e-01  7.267352e-01 5.468416e-01
 9.119119e-01 -3.346290e-01  6.445910e-01 5.274742e-01
 9.129129e-01 -4.978737e-01  5.106321e-01 5.086233e-01
 9.139139e-01 -6.136726e-01  3.377708e-01 4.906832e-01
 9.149149e-01 -6.736096e-01  1.418925e-01 4.738833e-01
 9.159159e-01 -6.742656e-01 -5.957968e-02 4.581838e-01
 9.169169e-01 -6.173881e-01 -2.492203e-01 4.432789e-01
 9.179179e-01 -5.096127e-01 -4.111054e-01 4.287128e-01
 9.189189e-01 -3.617681e-01 -5.321526e-01 4.140626e-01
 9.199199e-01 -1.878343e-01 -6.031839e-01 3.991125e-01
 9.209209e-01 -3.650405e-03 -6.196244e-01 3.839478e-01
 9.219219e-01  1.745091e-01 -5.817827e-01 3.689245e-01
 9.229229e-01  3.313640e-01 -4.946958e-01 3.545260e-01
 9.239239e-01  4.539364e-01 -3.675628e-01 3.411607e-01
 9.249249e-01  5.326272e-01 -2.128242e-01 3.289859e-01
 9.259259e-01  5.619683e-01 -4.497720e-02 3.178313e-01
 9.269269e-01  5.409934e-01  1.207627e-01 3.072575e-01
 9.279279e-01  4.732012e-01  2.698311e-01 2.967281e-01
 9.289289e-01  3.661233e-01  3.895914e-01 2.858278e-01
 9.299299e-01  2.305450e-01  4.704080e-01 2.744347e-01
 9.309309e-01  7.945441e-02  5.064217e-01 2.627759e-01
 9.319319e-01 -7.317821e-02  4.959667e-01 2.513380e-01
 9.329329e-01 -2.136783e-01  4.415988e-01 2.406679e-01
 9.339339e-01 -3.298860e-01  3.497404e-01 2.311431e-01
 9.349349e-01 -4.122065e-01  2.299859e-01 2.228077e-01
 9.359359e-01 -4.544020e-01  9.413713e-02 2.153430e-01
 9.369369e-01 -4.540586e-01 -4.493603e-02 2.081884e-01
 9.379379e-01 -4.126930e-01 -1.745005e-01 2.007659e-01
 9.389389e-01 -3.354992e-01 -2.831192e-01 1.927162e-01
 9.399399e-01 -2.307655e-01 -3.616579e-01 1.840491e-01
 9.409409e-01 -1.090238e-01 -4.040518e-01 1.751441e-01
 9.419419e-01  1.798289e-02 -4.077666e-01 1.665970e-01
 9.429429e-01  1.384173e-01 -3.739192e-01 1.589749e-01
 9.439439e-01  2.414416e-01 -3.070561e-01 1.525775e-01
 9.449449e-01  3.181887e-01 -2.146201e-01 1.473058e-01
 9.459459e-01  3.625227e-01 -1.061617e-01 1.426930e-01
 9.469469e-01  3.715242e-01  7.621120e-03 1.380883e-01
 9.479479e-01  3.456617e-01  1.159227e-01 1.329201e-01
 9.489489e-01  2.886404e-01  2.088460e-01 1.269299e-01
 9.499499e-01  2.069527e-01  2.783025e-01 1.202817e-01
 9.509510e-01  1.091795e-01  3.187123e-01 1.134977e-01
 9.519520e-01  5.114725e-03  3.274440e-01 1.072457e-01
 9.529530e-01 -9.519846e-02  3.049612e-01 1.020641e-01
 9.539540e-01 -1.824264e-01  2.546689e-01 9.813565e-02
 9.549550e-01 -2.488075e-01  1.824843e-01 9.520570e-02
 9.559560e-01 -2.888391e-01  9.618135e-02 9.267887e-02
 9.569570e-01 -2.997271e-01  4.579306e-03 8.985731e-02
 9.579580e-01 -2.815632e-01 -8.334225e-02 8.622377e-02
 9.589590e-01 -2.372189e-01 -1.593135e-01 8.165360e-02
 9.599600e-01 -1.719756e-01 -2.165462e-01 7.646786e-02
 9.609610e-01 -9.293363e-02 -2.503348e-01 7.130418e-02
 9.619620e-01 -8.264135e-03 -2.584343e-01 6.685657e-02
 9.629630e-01  7.361957e-02 -2.411848e-01 6.358994e-02
 9.639640e-01  1.448873e-01 -2.013792e-01 6.154591e-02
 9.649650e-01  1.990342e-01 -1.438950e-01 6.032036e-02
 9.659660e-01  2.314691e-01 -7.513455e-02 5.922314e-02
 9.669670e-01  2.398969e-01 -2.335983e-03 5.755598e-02
 9.679680e-01  2.244623e-01  6.717380e-02 5.489565e-02
 9.689690e-01  1.876490e-01  1.267067e-01 5.126676e-02
 9.699700e-01  1.339517e-01  1.708507e-01 4.713303e-02
 9.709710e-01  6.935967e-02  1.959556e-01 4.320936e-02
 9.719720e-01  7.099318e-04  2.004249e-01 4.017065e-02
 9.729730e-01 -6.502196e-02  1.847903e-01 3.837532e-02
 9.739740e-01 -1.214210e-01  1.515700e-01 3.771653e-02
 9.749750e-01 -1.632519e-01  1.049320e-01 3.766190e-02
 9.759760e-01 -1.869388e-01  5.020426e-02 3.746660e-02
 9.769770e-01 -1.908627e-01 -6.713256e-03 3.647364e-02
 9.779780e-01 -1.754508e-01 -5.997151e-02 3.437956e-02
 9.789790e-01 -1.430579e-01 -1.043649e-01 3.135760e-02
 9.799800e-01 -9.765710e-02 -1.358340e-01 2.798779e-02
 9.809810e-01 -4.437733e-02 -1.518308e-01 2.502193e-02
 9.819820e-01  1.105886e-02 -1.515126e-01 2.307835e-02
 9.829830e-01  6.293829e-02 -1.357530e-01 2.239009e-02
 9.839840e-01  1.061373e-01 -1.069741e-01 2.270858e-02
 9.849850e-01  1.366207e-01 -6.882563e-02 2.340217e-02
 9.859860e-01  1.518119e-01 -2.574872e-02 2.370985e-02
 9.869870e-01  1.508001e-01  1.752329e-02 2.304773e-02
 9.879880e-01  1.343690e-01  5.647412e-02 2.124434e-02
 9.889890e-01  1.048511e-01  8.726889e-02 1.860961e-02
 9.899900e-01  6.582812e-02  1.071264e-01 1.580940e-02
 9.909910e-01  2.171382e-02  1.145634e-01 1.359627e-02
 9.919920e-01 -2.273304e-02  1.094908e-01 1.250504e-02
 9.929930e-01 -6.291292e-02  9.315587e-02 1.263605e-02
 9.939940e-01 -9.485402e-02  6.794440e-02 1.361373e-02
 9.949950e-01 -1.155980e-01  3.706915e-02 1.473702e-02
 9.959960e-01 -1.234657e-01  4.182554e-03 1.526128e-02
 9.969970e-01 -1.181799e-01 -2.704092e-02 1.469770e-02
 9.979980e-01 -1.008376e-01 -5.330615e-02 1.300978e-02
 9.989990e-01 -7.374095e-02 -7.203939e-02 1.062740e-02
 1.000000e+00 -4.010893e-02 -8.163578e-02 8.273127e-03
