# x psi_r psi_i psi2 
 0.000000e+00 -4.421585e-09 -2.213890e-08 5.096811e-16
 1.001001e-03  4.417404e-09  2.214374e-08 5.098585e-16
 2.002002e-03 -4.412485e-09 -2.214319e-08 5.097909e-16
 3.003003e-03  4.407080e-09  2.214892e-08 5.099972e-16
 4.004004e-03 -4.403775e-09 -2.214969e-08 5.100020e-16
 5.005005e-03  4.397163e-09  2.215548e-08 5.102005e-16
 6.006006e-03 -4.395104e-09 -2.215819e-08 5.103023e-16
 7.007007e-03  4.387941e-09  2.216357e-08 5.104779e-16
 8.008008e-03 -4.386446e-09 -2.216871e-08 5.106927e-16
 9.009009e-03  4.379473e-09  2.217335e-08 5.108371e-16
 1.001001e-02 -4.377780e-09 -2.218090e-08 5.111575e-16
 1.101101e-02  4.371667e-09  2.218502e-08 5.112865e-16
 1.201201e-02 -4.369131e-09 -2.219461e-08 5.116902e-16
 1.301301e-02  4.364458e-09  2.219883e-08 5.118363e-16
 1.401401e-02 -4.360591e-09 -2.220975e-08 5.122878e-16
 1.501502e-02  4.357670e-09  2.221487e-08 5.124898e-16
 1.601602e-02 -4.352485e-09 -2.222619e-08 5.129476e-16
 1.701702e-02  4.351029e-09  2.223306e-08 5.132404e-16
 1.801802e-02 -4.345005e-09 -2.224403e-08 5.136760e-16
 1.901902e-02  4.344367e-09  2.225340e-08 5.140871e-16
 2.002002e-02 -4.338150e-09 -2.226358e-08 5.144864e-16
 2.102102e-02  4.337660e-09  2.227554e-08 5.150148e-16
 2.202202e-02 -4.332077e-09 -2.228498e-08 5.153871e-16
 2.302302e-02  4.330860e-09  2.229923e-08 5.160121e-16
 2.402402e-02 -4.326573e-09 -2.230848e-08 5.163875e-16
 2.502503e-02  4.324177e-09  2.232443e-08 5.170788e-16
 2.602603e-02 -4.321543e-09 -2.233423e-08 5.174937e-16
 2.702703e-02  4.317840e-09  2.235093e-08 5.182077e-16
 2.802803e-02 -4.316700e-09 -2.236223e-08 5.187034e-16
 2.902903e-02  4.312015e-09  2.237884e-08 5.194061e-16
 3.003003e-02 -4.311952e-09 -2.239245e-08 5.200147e-16
 3.103103e-02  4.306815e-09  2.240842e-08 5.206857e-16
 3.203203e-02 -4.307187e-09 -2.242452e-08 5.214110e-16
 3.303303e-02  4.302363e-09  2.243989e-08 5.220591e-16
 3.403403e-02 -4.302321e-09 -2.245840e-08 5.228897e-16
 3.503504e-02  4.298401e-09  2.247331e-08 5.235257e-16
 3.603604e-02 -4.297561e-09 -2.249384e-08 5.244420e-16
 3.703704e-02  4.294965e-09  2.250906e-08 5.251044e-16
 3.803804e-02 -4.292992e-09 -2.253073e-08 5.260635e-16
 3.903904e-02  4.291889e-09  2.254705e-08 5.267896e-16
 4.004004e-02 -4.288823e-09 -2.256912e-08 5.277594e-16
 4.104104e-02  4.288925e-09  2.258724e-08 5.285782e-16
 4.204204e-02 -4.285247e-09 -2.260918e-08 5.295385e-16
 4.304304e-02  4.285924e-09  2.262961e-08 5.304683e-16
 4.404404e-02 -4.282230e-09 -2.265103e-08 5.314066e-16
 4.504505e-02  4.283045e-09  2.267389e-08 5.324496e-16
 4.604605e-02 -4.279868e-09 -2.269487e-08 5.333745e-16
 4.704705e-02  4.280145e-09  2.271986e-08 5.345117e-16
 4.804805e-02 -4.278010e-09 -2.274099e-08 5.354538e-16
 4.904905e-02  4.277392e-09  2.276748e-08 5.366542e-16
 5.005005e-02 -4.276457e-09 -2.278931e-08 5.376408e-16
 5.105105e-02  4.274966e-09  2.281677e-08 5.388802e-16
 5.205205e-02 -4.275210e-09 -2.283993e-08 5.399397e-16
 5.305305e-02  4.272955e-09  2.286775e-08 5.411921e-16
 5.405405e-02 -4.274041e-09 -2.289281e-08 5.423482e-16
 5.505506e-02  4.271513e-09  2.292054e-08 5.435968e-16
 5.605606e-02 -4.272950e-09 -2.294781e-08 5.448599e-16
 5.705706e-02  4.270572e-09  2.297529e-08 5.461018e-16
 5.805806e-02 -4.271931e-09 -2.300468e-08 5.474645e-16
 5.905906e-02  4.270209e-09  2.303224e-08 5.487187e-16
 6.006006e-02 -4.270969e-09 -2.306355e-08 5.501686e-16
 6.106106e-02  4.270198e-09  2.309142e-08 5.514485e-16
 6.206206e-02 -4.270288e-09 -2.312416e-08 5.529623e-16
 6.306306e-02  4.270610e-09  2.315305e-08 5.543016e-16
 6.406406e-02 -4.269935e-09 -2.318656e-08 5.558489e-16
 6.506507e-02  4.271127e-09  2.321691e-08 5.572674e-16
 6.606607e-02 -4.270015e-09 -2.325094e-08 5.588391e-16
 6.706707e-02  4.271810e-09  2.328311e-08 5.603516e-16
 6.806807e-02 -4.270577e-09 -2.331730e-08 5.619343e-16
 6.906907e-02  4.272627e-09  2.335149e-08 5.635475e-16
 7.007007e-02 -4.271625e-09 -2.338582e-08 5.651433e-16
 7.107107e-02  4.273557e-09  2.342196e-08 5.668514e-16
 7.207207e-02 -4.273112e-09 -2.345658e-08 5.684708e-16
 7.307307e-02  4.274670e-09  2.349446e-08 5.702624e-16
 7.407407e-02 -4.274952e-09 -2.352981e-08 5.719271e-16
 7.507508e-02  4.276009e-09  2.356901e-08 5.737824e-16
 7.607608e-02 -4.277200e-09 -2.360535e-08 5.755069e-16
 7.707708e-02  4.277685e-09  2.364558e-08 5.774121e-16
 7.807808e-02 -4.279666e-09 -2.368336e-08 5.792172e-16
 7.907908e-02  4.279728e-09  2.372426e-08 5.811565e-16
 8.008008e-02 -4.282226e-09 -2.376379e-08 5.830551e-16
 8.108108e-02  4.282231e-09  2.380512e-08 5.850214e-16
 8.208208e-02 -4.284989e-09 -2.384658e-08 5.870206e-16
 8.308308e-02  4.285253e-09  2.388838e-08 5.890180e-16
 8.408408e-02 -4.287864e-09 -2.393163e-08 5.911089e-16
 8.508509e-02  4.288622e-09  2.397401e-08 5.931455e-16
 8.608609e-02 -4.290919e-09 -2.401898e-08 5.953232e-16
 8.708709e-02  4.292409e-09  2.406219e-08 5.974136e-16
 8.808809e-02 -4.294261e-09 -2.410850e-08 5.996605e-16
 8.908909e-02  4.296453e-09  2.415299e-08 6.018263e-16
 9.009009e-02 -4.298000e-09 -2.420034e-08 6.041290e-16
 9.109109e-02  4.300790e-09  2.424626e-08 6.063778e-16
 9.209209e-02 -4.302056e-09 -2.429455e-08 6.087330e-16
 9.309309e-02  4.305279e-09  2.434214e-08 6.110751e-16
 9.409409e-02 -4.306568e-09 -2.439120e-08 6.134774e-16
 9.509510e-02  4.309962e-09  2.444052e-08 6.159148e-16
 9.609610e-02 -4.311492e-09 -2.449040e-08 6.183685e-16
 9.709710e-02  4.314818e-09  2.454143e-08 6.208994e-16
 9.809810e-02 -4.316759e-09 -2.459229e-08 6.234149e-16
 9.909910e-02  4.319945e-09  2.464482e-08 6.260290e-16
 1.001001e-01 -4.322435e-09 -2.469680e-08 6.286156e-16
 1.011011e-01  4.325352e-09  2.475081e-08 6.313111e-16
 1.021021e-01 -4.328408e-09 -2.480408e-08 6.339777e-16
 1.031031e-01  4.331062e-09  2.485935e-08 6.367455e-16
 1.041041e-01 -4.334606e-09 -2.491405e-08 6.394989e-16
 1.051051e-01  4.337217e-09  2.497061e-08 6.423428e-16
 1.061061e-01 -4.340981e-09 -2.502684e-08 6.451867e-16
 1.071071e-01  4.343746e-09  2.508453e-08 6.481017e-16
 1.081081e-01 -4.347595e-09 -2.514241e-08 6.510422e-16
 1.091091e-01  4.350644e-09  2.520124e-08 6.540308e-16
 1.101101e-01 -4.354501e-09 -2.526077e-08 6.570682e-16
 1.111111e-01  4.357900e-09  2.532083e-08 6.601356e-16
 1.121121e-01 -4.361635e-09 -2.538199e-08 6.632694e-16
 1.131131e-01  4.365469e-09  2.544339e-08 6.664233e-16
 1.141141e-01 -4.369171e-09 -2.550605e-08 6.696481e-16
 1.151151e-01  4.373289e-09  2.556883e-08 6.728908e-16
 1.161161e-01 -4.377004e-09 -2.563307e-08 6.762125e-16
 1.171171e-01  4.381370e-09  2.569732e-08 6.795485e-16
 1.181181e-01 -4.385260e-09 -2.576300e-08 6.829627e-16
 1.191191e-01  4.389760e-09  2.582885e-08 6.863993e-16
 1.201201e-01 -4.393824e-09 -2.589604e-08 6.899105e-16
 1.211211e-01  4.398402e-09  2.596351e-08 6.934497e-16
 1.221221e-01 -4.402759e-09 -2.603223e-08 6.970614e-16
 1.231231e-01  4.407403e-09  2.610122e-08 7.006988e-16
 1.241241e-01 -4.411963e-09 -2.617148e-08 7.044117e-16
 1.251251e-01  4.416715e-09  2.624225e-08 7.081631e-16
 1.261261e-01 -4.421496e-09 -2.631395e-08 7.119735e-16
 1.271271e-01  4.426336e-09  2.638650e-08 7.158398e-16
 1.281281e-01 -4.431311e-09 -2.645968e-08 7.197510e-16
 1.291291e-01  4.436326e-09  2.653409e-08 7.237389e-16
 1.301301e-01 -4.441452e-09 -2.660874e-08 7.277518e-16
 1.311311e-01  4.446579e-09  2.668508e-08 7.318656e-16
 1.321321e-01 -4.451936e-09 -2.676132e-08 7.359880e-16
 1.331331e-01  4.457214e-09  2.683940e-08 7.402202e-16
 1.341341e-01 -4.462698e-09 -2.691738e-08 7.444611e-16
 1.351351e-01  4.468155e-09  2.699717e-08 7.488118e-16
 1.361361e-01 -4.473852e-09 -2.707704e-08 7.531815e-16
 1.371371e-01  4.479436e-09  2.715844e-08 7.576464e-16
 1.381381e-01 -4.485286e-09 -2.724032e-08 7.621528e-16
 1.391391e-01  4.491037e-09  2.732334e-08 7.667345e-16
 1.401401e-01 -4.497052e-09 -2.740736e-08 7.713869e-16
 1.411411e-01  4.503035e-09  2.749187e-08 7.760801e-16
 1.421421e-01 -4.509158e-09 -2.757806e-08 7.808818e-16
 1.431431e-01  4.515387e-09  2.766423e-08 7.856981e-16
 1.441441e-01 -4.521507e-09 -2.775261e-08 7.906514e-16
 1.451451e-01  4.528143e-09  2.784047e-08 7.955957e-16
 1.461461e-01 -4.534171e-09 -2.793093e-08 8.006957e-16
 1.471471e-01  4.541281e-09  2.802076e-08 8.057861e-16
 1.481481e-01 -4.547097e-09 -2.811315e-08 8.110251e-16
 1.491491e-01  4.554767e-09  2.820524e-08 8.162816e-16
 1.501502e-01 -4.560359e-09 -2.829926e-08 8.216449e-16
 1.511512e-01  4.568638e-09  2.839384e-08 8.270824e-16
 1.521522e-01 -4.573992e-09 -2.848950e-08 8.325728e-16
 1.531532e-01  4.582779e-09  2.858668e-08 8.382003e-16
 1.541542e-01 -4.588079e-09 -2.868394e-08 8.438186e-16
 1.551552e-01  4.597155e-09  2.878381e-08 8.496417e-16
 1.561562e-01 -4.602540e-09 -2.888276e-08 8.553973e-16
 1.571572e-01  4.611944e-09  2.898510e-08 8.614062e-16
 1.581582e-01 -4.617263e-09 -2.908614e-08 8.673227e-16
 1.591592e-01  4.627196e-09  2.919073e-08 8.735094e-16
 1.601602e-01 -4.632168e-09 -2.929419e-08 8.796064e-16
 1.611612e-01  4.643082e-09  2.940075e-08 8.859626e-16
 1.621622e-01 -4.647103e-09 -2.950687e-08 8.922508e-16
 1.631632e-01  4.659763e-09  2.961544e-08 8.987877e-16
 1.641642e-01 -4.661848e-09 -2.972421e-08 9.052617e-16
 1.651652e-01  4.677322e-09  2.983504e-08 9.120071e-16
 1.661662e-01 -4.676360e-09 -2.994602e-08 9.186323e-16
 1.671672e-01  4.695933e-09  3.005995e-08 9.256522e-16
 1.681682e-01 -4.690503e-09 -3.017221e-08 9.323631e-16
 1.691692e-01  4.715685e-09  3.029055e-08 9.397549e-16
 1.701702e-01 -4.704123e-09 -3.040259e-08 9.464462e-16
 1.711712e-01  4.736784e-09  3.052730e-08 9.543535e-16
 1.721722e-01 -4.717171e-09 -3.063680e-08 9.608653e-16
 1.731732e-01  4.759237e-09  3.077069e-08 9.694857e-16
 1.741742e-01 -4.729479e-09 -3.087461e-08 9.756093e-16
 1.751752e-01  4.783361e-09  3.102139e-08 9.852074e-16
 1.761762e-01 -4.740733e-09 -3.111545e-08 9.906460e-16
 1.771772e-01  4.809415e-09  3.128035e-08 1.001591e-15
 1.781782e-01 -4.750615e-09 -3.135849e-08 1.005923e-15
 1.791792e-01  4.837700e-09  3.154884e-08 1.018732e-15
 1.801802e-01 -4.758847e-09 -3.160243e-08 1.021360e-15
 1.811812e-01  4.868702e-09  3.182865e-08 1.036767e-15
 1.821822e-01 -4.764985e-09 -3.184540e-08 1.036835e-15
 1.831832e-01  4.902393e-09  3.212245e-08 1.055885e-15
 1.841842e-01 -4.769247e-09 -3.208446e-08 1.052158e-15
 1.851852e-01  4.938627e-09  3.243406e-08 1.076358e-15
 1.861862e-01 -4.772311e-09 -3.231543e-08 1.067062e-15
 1.871872e-01  4.976119e-09  3.276871e-08 1.098550e-15
 1.881882e-01 -4.775717e-09 -3.253246e-08 1.081168e-15
 1.891892e-01  5.012828e-09  3.313348e-08 1.122956e-15
 1.901902e-01 -4.782466e-09 -3.272804e-08 1.093997e-15
 1.911912e-01  5.044580e-09  3.353706e-08 1.150182e-15
 1.921922e-01 -4.798032e-09 -3.289287e-08 1.104962e-15
 1.931932e-01  5.064221e-09  3.398983e-08 1.180955e-15
 1.941942e-01 -4.831975e-09 -3.301585e-08 1.113395e-15
 1.951952e-01  5.059315e-09  3.450448e-08 1.216156e-15
 1.961962e-01 -4.900112e-09 -3.308336e-08 1.118520e-15
 1.971972e-01  5.009880e-09  3.509638e-08 1.256855e-15
 1.981982e-01 -5.026914e-09 -3.307886e-08 1.119481e-15
 1.991992e-01  4.886698e-09  3.578409e-08 1.304381e-15
 2.002002e-01 -5.247110e-09 -3.298289e-08 1.115403e-15
 2.012012e-01  4.648861e-09  3.658773e-08 1.360274e-15
 2.022022e-01 -5.608689e-09 -3.277660e-08 1.105763e-15
 2.032032e-01  4.239881e-09  3.752426e-08 1.426047e-15
 2.042042e-01 -6.178388e-09 -3.244749e-08 1.091012e-15
 2.052052e-01  3.580458e-09  3.860050e-08 1.502818e-15
 2.062062e-01 -7.050938e-09 -3.199670e-08 1.073505e-15
 2.072072e-01  2.557613e-09  3.980650e-08 1.591099e-15
 2.082082e-01 -8.360021e-09 -3.144574e-08 1.058724e-15
 2.092092e-01  1.015062e-09  4.110855e-08 1.690943e-15
 2.102102e-01 -1.028536e-08 -3.084341e-08 1.057104e-15
 2.112112e-01 -1.249843e-09  4.244009e-08 1.802723e-15
 2.122122e-01 -1.305080e-08 -3.028040e-08 1.087226e-15
 2.132132e-01 -4.479566e-09  4.367933e-08 1.927950e-15
 2.142142e-01 -1.691500e-08 -2.992151e-08 1.181414e-15
 2.152152e-01 -8.946981e-09  4.460544e-08 2.069694e-15
 2.162162e-01 -2.216392e-08 -3.006031e-08 1.394862e-15
 2.172172e-01 -1.495179e-08  4.483626e-08 2.233847e-15
 2.182182e-01 -2.911285e-08 -3.118502e-08 1.820064e-15
 2.192192e-01 -2.282590e-08  4.376428e-08 2.436334e-15
 2.202202e-01 -3.810811e-08 -3.403455e-08 2.610579e-15
 2.212212e-01 -3.292193e-08  4.051269e-08 2.725132e-15
 2.222222e-01 -4.949123e-08 -3.963002e-08 4.019920e-15
 2.232232e-01 -4.554046e-08  3.391162e-08 3.223932e-15
 2.242242e-01 -6.347866e-08 -4.930008e-08 6.460038e-15
 2.252252e-01 -6.075804e-08  2.245832e-08 4.195916e-15
 2.262262e-01 -7.994074e-08 -6.474923e-08 1.058298e-14
 2.272272e-01 -7.816754e-08  4.210781e-09 6.127895e-15
 2.282282e-01 -9.812335e-08 -8.820306e-08 1.740797e-14
 2.292292e-01 -9.660469e-08 -2.338431e-08 9.879292e-15
 2.302302e-01 -1.163979e-07 -1.225790e-07 2.857408e-14
 2.312312e-01 -1.139305e-07 -6.361916e-08 1.702756e-14
 2.322322e-01 -1.320699e-07 -1.715196e-07 4.686144e-14
 2.332332e-01 -1.268378e-07 -1.204113e-07 3.058672e-14
 2.342342e-01 -1.411339e-07 -2.390913e-07 7.708344e-14
 2.352352e-01 -1.304918e-07 -1.977968e-07 5.615170e-14
 2.362362e-01 -1.377361e-07 -3.290856e-07 1.272686e-13
 2.372372e-01 -1.177693e-07 -2.990876e-07 1.033230e-13
 2.382382e-01 -1.131835e-07 -4.441075e-07 2.100420e-13
 2.392392e-01 -7.808407e-08 -4.259761e-07 1.875527e-13
 2.402402e-01 -5.469482e-08 -5.847667e-07 3.449436e-13
 2.412412e-01  3.767071e-09 -5.778371e-07 3.339099e-13
 2.422422e-01  5.545381e-08 -7.490416e-07 5.641385e-13
 2.432432e-01  1.479556e-07 -7.510190e-07 5.859204e-13
 2.442442e-01  2.396160e-07 -9.312783e-07 9.246951e-13
 2.452452e-01  3.785721e-07 -9.372731e-07 1.021798e-12
 2.462462e-01  5.230423e-07 -1.119768e-06 1.527454e-12
 2.472472e-01  7.213928e-07 -1.120264e-06 1.775400e-12
 2.482482e-01  9.314313e-07 -1.292121e-06 2.537140e-12
 2.492492e-01  1.201542e-06 -1.269943e-06 3.056457e-12
 2.502503e-01  1.488971e-06 -1.409013e-06 4.202353e-12
 2.512513e-01  1.842003e-06 -1.336283e-06 5.178627e-12
 2.522523e-01  2.217137e-06 -1.408681e-06 6.900080e-12
 2.532533e-01  2.662181e-06 -1.245303e-06 8.637986e-12
 2.542543e-01  3.132149e-06 -1.205105e-06 1.126264e-11
 2.552553e-01  3.673130e-06 -8.997466e-07 1.430143e-11
 2.562563e-01  4.236790e-06 -6.910619e-07 1.842796e-11
 2.572573e-01  4.864984e-06 -1.838838e-07 2.370189e-11
 2.582583e-01  5.502934e-06  2.563545e-07 3.034800e-11
 2.592593e-01  6.184800e-06  1.031474e-06 3.931569e-11
 2.602603e-01  6.845827e-06  1.772309e-06 5.000643e-11
 2.612613e-01  7.509277e-06  2.887669e-06 6.472788e-11
 2.622623e-01  8.097909e-06  4.004602e-06 8.161297e-11
 2.632633e-01  8.622576e-06  5.538567e-06 1.050245e-10
 2.642643e-01  8.993176e-06  7.111039e-06 1.314441e-10
 2.652653e-01  9.208827e-06  9.140856e-06 1.683577e-10
 2.662663e-01  9.167945e-06  1.123805e-05 2.103451e-10
 2.672673e-01  8.859477e-06  1.381673e-05 2.693923e-10
 2.682683e-01  8.171474e-06  1.646455e-05 3.378545e-10
 2.692693e-01  7.082841e-06  1.957831e-05 4.334769e-10
 2.702703e-01  5.470125e-06  2.270941e-05 5.456395e-10
 2.712713e-01  3.299973e-06  2.622397e-05 6.985864e-10
 2.722723e-01  4.349191e-07  2.962510e-05 8.778359e-10
 2.732733e-01 -3.172010e-06  3.323948e-05 1.114924e-09
 2.742743e-01 -7.670556e-06  3.651644e-05 1.392288e-09
 2.752753e-01 -1.311423e-05  3.974192e-05 1.751403e-09
 2.762763e-01 -1.965048e-05  4.231300e-05 2.176531e-09
 2.772773e-01 -2.731574e-05  4.447830e-05 2.724469e-09
 2.782783e-01 -3.622202e-05  4.558527e-05 3.390052e-09
 2.792793e-01 -4.634681e-05  4.584574e-05 4.249858e-09
 2.802803e-01 -5.771845e-05  4.455346e-05 5.316430e-09
 2.812813e-01 -7.020478e-05  4.187532e-05 6.682254e-09
 2.822823e-01 -8.370194e-05  3.703978e-05 8.377960e-09
 2.832833e-01 -9.792645e-05  3.015801e-05 1.049910e-08
 2.842843e-01 -1.126116e-04  2.038809e-05 1.309704e-08
 2.852853e-01 -1.273052e-04  7.794083e-06 1.626736e-08
 2.862863e-01 -1.415733e-04 -8.507086e-06 2.011537e-08
 2.872873e-01 -1.548009e-04 -2.844086e-05 2.477219e-08
 2.882883e-01 -1.663972e-04 -5.284192e-05 3.048029e-08
 2.892893e-01 -1.755926e-04 -8.150203e-05 3.747534e-08
 2.902903e-01 -1.816391e-04 -1.150558e-04 4.623058e-08
 2.912913e-01 -1.835986e-04 -1.529893e-04 5.711415e-08
 2.922923e-01 -1.805385e-04 -1.955594e-04 7.083764e-08
 2.932933e-01 -1.713174e-04 -2.417790e-04 8.780673e-08
 2.942943e-01 -1.547885e-04 -2.913864e-04 1.088655e-07
 2.952953e-01 -1.296013e-04 -3.428200e-04 1.343220e-07
 2.962963e-01 -9.443708e-05 -3.952473e-04 1.651388e-07
 2.972973e-01 -4.785147e-05 -4.465269e-04 2.016760e-07
 2.982983e-01  1.143768e-05 -4.952895e-04 2.454426e-07
 2.992993e-01  8.465279e-05 -5.388697e-04 2.975466e-07
 3.003003e-01  1.726160e-04 -5.754186e-04 3.609029e-07
 3.013013e-01  2.758123e-04 -6.017842e-04 4.382166e-07
 3.023023e-01  3.940277e-04 -6.156429e-04 5.342740e-07
 3.033033e-01  5.264190e-04 -6.133259e-04 6.532856e-07
 3.043043e-01  6.711853e-04 -5.919882e-04 8.009397e-07
 3.053053e-01  8.257005e-04 -5.474165e-04 9.814460e-07
 3.063063e-01  9.862663e-04 -4.762932e-04 1.199576e-06
 3.073073e-01  1.148339e-03 -3.740541e-04 1.458599e-06
 3.083083e-01  1.306371e-03 -2.373207e-04 1.762926e-06
 3.093093e-01  1.454112e-03 -6.186951e-05 2.118270e-06
 3.103103e-01  1.584497e-03  1.547277e-04 2.534572e-06
 3.113113e-01  1.689961e-03  4.150244e-04 3.028214e-06
 3.123123e-01  1.762307e-03  7.188953e-04 3.622537e-06
 3.133133e-01  1.792988e-03  1.065446e-03 4.349980e-06
 3.143143e-01  1.772934e-03  1.450188e-03 5.246341e-06
 3.153153e-01  1.692832e-03  1.867111e-03 6.351781e-06
 3.163163e-01  1.542993e-03  2.306021e-03 7.698559e-06
 3.173173e-01  1.313758e-03  2.754951e-03 9.315714e-06
 3.183183e-01  9.955929e-04  3.197783e-03 1.121702e-05
 3.193193e-01  5.798009e-04  3.617058e-03 1.341928e-05
 3.203203e-01  5.901068e-05  3.991866e-03 1.593848e-05
 3.213213e-01 -5.716851e-04  4.300959e-03 1.882507e-05
 3.223223e-01 -1.313844e-03  4.520738e-03 2.216326e-05
 3.233233e-01 -2.164230e-03  4.628475e-03 2.610667e-05
 3.243243e-01 -3.113789e-03  4.600207e-03 3.085759e-05
 3.253253e-01 -4.146297e-03  4.413924e-03 3.667451e-05
 3.263263e-01 -5.237713e-03  4.047329e-03 4.381451e-05
 3.273273e-01 -6.355480e-03  3.481082e-03 5.251005e-05
 3.283283e-01 -7.458793e-03  2.696645e-03 6.290549e-05
 3.293293e-01 -8.499024e-03  1.679922e-03 7.505554e-05
 3.303303e-01 -9.421192e-03  4.195945e-04 8.893492e-05
 3.313313e-01 -1.016557e-02 -1.088449e-03 1.045236e-04
 3.323323e-01 -1.067020e-02 -2.842003e-03 1.219301e-04
 3.333333e-01 -1.087323e-02 -4.827242e-03 1.415294e-04
 3.343343e-01 -1.071586e-02 -7.019065e-03 1.640970e-04
 3.353353e-01 -1.014479e-02 -9.375485e-03 1.908164e-04
 3.363363e-01 -9.114800e-03 -1.183837e-02 2.232265e-04
 3.373373e-01 -7.590771e-03 -1.432877e-02 2.629335e-04
 3.383383e-01 -5.549693e-03 -1.674954e-02 3.113461e-04
 3.393393e-01 -2.982119e-03 -1.898310e-02 3.692509e-04
 3.403403e-01  1.060223e-04 -2.089726e-02 4.367065e-04
 3.413413e-01  3.691916e-03 -2.234645e-02 5.129943e-04
 3.423423e-01  7.733581e-03 -2.318120e-02 5.971765e-04
 3.433433e-01  1.216761e-02 -2.325251e-02 6.887298e-04
 3.443443e-01  1.690604e-02 -2.242396e-02 7.886482e-04
 3.453453e-01  2.183341e-02 -2.057765e-02 9.001373e-04
 3.463463e-01  2.680359e-02 -1.762661e-02 1.029130e-03
 3.473473e-01  3.163772e-02 -1.351966e-02 1.183726e-03
 3.483483e-01  3.612320e-02 -8.251635e-03 1.372975e-03
 3.493493e-01  4.001545e-02 -1.864845e-03 1.604714e-03
 3.503504e-01  4.304225e-02  5.544535e-03 1.883377e-03
 3.513514e-01  4.491228e-02  1.382931e-02 2.208363e-03
 3.523524e-01  4.532727e-02  2.278870e-02 2.573887e-03
 3.533534e-01  4.399863e-02  3.217460e-02 2.971085e-03
 3.543544e-01  4.066711e-02  4.169149e-02 3.391995e-03
 3.553554e-01  3.512539e-02  5.100452e-02 3.835254e-03
 3.563564e-01  2.724125e-02  5.974040e-02 4.311001e-03
 3.573574e-01  1.698026e-02  6.749667e-02 4.844129e-03
 3.583584e-01  4.425166e-03  7.384395e-02 5.472512e-03
 3.593594e-01 -1.020926e-02  7.833794e-02 6.241062e-03
 3.603604e-01 -2.656852e-02  8.052584e-02 7.190298e-03
 3.613614e-01 -4.415842e-02  7.996490e-02 8.344352e-03
 3.623624e-01 -6.235427e-02  7.623718e-02 9.700162e-03
 3.633634e-01 -8.041850e-02  6.897824e-02 1.122513e-02
 3.643644e-01 -9.752681e-02  5.790256e-02 1.286419e-02
 3.653654e-01 -1.128004e-01  4.284228e-02 1.455940e-02
 3.663664e-01 -1.253437e-01  2.377993e-02 1.627652e-02
 3.673674e-01 -1.342833e-01  8.903640e-04 1.803280e-02
 3.683684e-01 -1.388092e-01 -2.542996e-02 1.991467e-02
 3.693694e-01 -1.382123e-01 -5.453196e-02 2.207638e-02
 3.703704e-01 -1.319211e-01 -8.550448e-02 2.471419e-02
 3.713714e-01 -1.195326e-01 -1.171714e-01 2.801716e-02
 3.723724e-01 -1.008410e-01 -1.481179e-01 3.210782e-02
 3.733734e-01 -7.586156e-02 -1.767293e-01 3.698822e-02
 3.743744e-01 -4.485183e-02 -2.012608e-01 4.251761e-02
 3.753754e-01 -8.329795e-03 -2.199187e-01 4.843361e-02
 3.763764e-01  3.291046e-02 -2.309674e-01 5.442902e-02
 3.773774e-01  7.778720e-02 -2.328380e-01 6.026438e-02
 3.783784e-01  1.249247e-01 -2.242505e-01 6.589447e-02
 3.793794e-01  1.726560e-01 -2.043203e-01 7.155688e-02
 3.803804e-01  2.190376e-01 -1.726630e-01 7.778998e-02
 3.813814e-01  2.618822e-01 -1.294656e-01 8.534363e-02
 3.823824e-01  2.988121e-01 -7.554176e-02 9.499523e-02
 3.833834e-01  3.273390e-01 -1.234081e-02 1.073031e-01
 3.843844e-01  3.449708e-01  5.806644e-02 1.223766e-01
 3.853854e-01  3.493461e-01  1.330506e-01 1.397451e-01
 3.863864e-01  3.383922e-01  2.095077e-01 1.584028e-01
 3.873874e-01  3.105010e-01  2.839851e-01 1.770584e-01
 3.883884e-01  2.647103e-01  3.528170e-01 1.945514e-01
 3.893894e-01  2.008787e-01  4.122893e-01 2.103347e-01
 3.903904e-01  1.198371e-01  4.587993e-01 2.248577e-01
 3.913914e-01  2.349982e-02  4.890305e-01 2.397031e-01
 3.923924e-01 -8.508072e-02  5.001096e-01 2.573483e-01
 3.933934e-01 -2.017312e-01  4.897680e-01 2.805682e-01
 3.943944e-01 -3.212558e-01  4.564767e-01 3.115763e-01
 3.953954e-01 -4.376207e-01  3.995786e-01 3.511749e-01
 3.963964e-01 -5.442228e-01  3.193877e-01 3.981869e-01
 3.973974e-01 -6.342343e-01  2.172807e-01 4.494640e-01
 3.983984e-01 -7.010038e-01  9.574621e-02 5.005736e-01
 3.993994e-01 -7.384939e-01 -4.158412e-02 5.471024e-01
 4.004004e-01 -7.417240e-01 -1.899605e-01 5.862395e-01
 4.014014e-01 -7.071892e-01 -3.435737e-01 6.181594e-01
 4.024024e-01 -6.332210e-01 -4.956894e-01 6.466767e-01
 4.034034e-01 -5.202615e-01 -6.388319e-01 6.787783e-01
 4.044044e-01 -3.710241e-01 -7.650601e-01 7.229759e-01
 4.054054e-01 -1.905219e-01 -8.662983e-01 7.867714e-01
 4.064064e-01  1.404606e-02 -9.347572e-01 8.739682e-01
 4.074074e-01  2.335526e-01 -9.633931e-01 9.826731e-01
 4.084084e-01  4.573347e-01 -9.464258e-01 1.104877e+00
 4.094094e-01  6.737027e-01 -8.798453e-01 1.228003e+00
 4.104104e-01  8.705408e-01 -7.619126e-01 1.338352e+00
 4.114114e-01  1.035965e+00 -5.935726e-01 1.425552e+00
 4.124124e-01  1.159004e+00 -3.787763e-01 1.486761e+00
 4.134134e-01  1.230263e+00 -1.246271e-01 1.529080e+00
 4.144144e-01  1.242538e+00  1.586416e-01 1.569068e+00
 4.154154e-01  1.191332e+00  4.579308e-01 1.628972e+00
 4.164164e-01  1.075263e+00  7.577482e-01 1.730373e+00
 4.174174e-01  8.963230e-01  1.040933e+00 1.886937e+00
 4.184184e-01  6.599735e-01  1.289564e+00 2.098541e+00
 4.194194e-01  3.750690e-01  1.486051e+00 2.349025e+00
 4.204204e-01  5.360293e-02  1.614309e+00 2.608868e+00
 4.214214e-01 -2.897228e-01  1.660980e+00 2.842794e+00
 4.224224e-01 -6.380911e-01  1.616567e+00 3.020448e+00
 4.234234e-01 -9.733123e-01  1.476446e+00 3.127229e+00
 4.244244e-01 -1.276687e+00  1.241606e+00 3.171517e+00
 4.254254e-01 -1.529964e+00  9.190988e-01 3.185534e+00
 4.264264e-01 -1.716344e+00  5.220719e-01 3.218397e+00
 4.274274e-01 -1.821498e+00  6.942147e-02 3.322674e+00
 4.284284e-01 -1.834533e+00 -4.150226e-01 3.537754e+00
 4.294294e-01 -1.748865e+00 -9.036817e-01 3.875169e+00
 4.304304e-01 -1.562930e+00 -1.366800e+00 4.310892e+00
 4.314314e-01 -1.280680e+00 -1.774245e+00 4.788088e+00
 4.324324e-01 -9.118091e-01 -2.097508e+00 5.230934e+00
 4.334334e-01 -4.716694e-01 -2.311678e+00 5.566329e+00
 4.344344e-01  1.915786e-02 -2.397362e+00 5.747709e+00
 4.354354e-01  5.356479e-01 -2.342285e+00 5.773216e+00
 4.364364e-01  1.049468e+00 -2.142569e+00 5.691984e+00
 4.374374e-01  1.530422e+00 -1.803455e+00 5.594641e+00
 4.384384e-01  1.948159e+00 -1.339497e+00 5.589576e+00
 4.394394e-01  2.274039e+00 -7.740839e-01 5.770459e+00
 4.404404e-01  2.483073e+00 -1.383753e-01 6.184800e+00
 4.414414e-01  2.555789e+00  5.303947e-01 6.813377e+00
 4.424424e-01  2.479907e+00  1.191071e+00 7.568590e+00
 4.434434e-01  2.251674e+00  1.801164e+00 8.314226e+00
 4.444444e-01  1.876741e+00  2.319602e+00 8.902707e+00
 4.454454e-01  1.370474e+00  2.709584e+00 9.220042e+00
 4.464464e-01  7.576299e-01  2.941217e+00 9.224760e+00
 4.474474e-01  7.135248e-02  2.993873e+00 8.968367e+00
 4.484484e-01 -6.484788e-01  2.857951e+00 8.588410e+00
 4.494494e-01 -1.357502e+00  2.536035e+00 8.274286e+00
 4.504505e-01 -2.009588e+00  2.043189e+00 8.213068e+00
 4.514515e-01 -2.559892e+00  1.406480e+00 8.531233e+00
 4.524525e-01 -2.967992e+00  6.635653e-01 9.249294e+00
 4.534535e-01 -3.200949e+00 -1.394302e-01 1.026552e+01
 4.544545e-01 -3.236009e+00 -9.508141e-01 1.137580e+01
 4.554555e-01 -3.062751e+00 -1.716638e+00 1.232729e+01
 4.564565e-01 -2.684470e+00 -2.384412e+00 1.289180e+01
 4.574575e-01 -2.118666e+00 -2.906755e+00 1.293797e+01
 4.584585e-01 -1.396502e+00 -3.244944e+00 1.247988e+01
 4.594595e-01 -5.612776e-01 -3.371868e+00 1.168453e+01
 4.604605e-01  3.341081e-01 -3.274390e+00 1.083326e+01
 4.614615e-01  1.230480e+00 -2.954655e+00 1.024407e+01
 4.624625e-01  2.066382e+00 -2.430492e+00 1.017723e+01
 4.634635e-01  2.782383e+00 -1.734532e+00 1.075026e+01
 4.644645e-01  3.325482e+00 -9.123854e-01 1.189128e+01
 4.654655e-01  3.653180e+00 -1.961294e-02 1.334611e+01
 4.664665e-01  3.737003e+00  8.819238e-01 1.474298e+01
 4.674675e-01  3.565054e+00  1.728537e+00 1.569745e+01
 4.684685e-01  3.143505e+00  2.459207e+00 1.592932e+01
 4.694695e-01  2.496698e+00  3.020301e+00 1.535572e+01
 4.704705e-01  1.665979e+00  3.369562e+00 1.412944e+01
 4.714715e-01  7.070870e-01  3.479706e+00 1.260833e+01
 4.724725e-01 -3.135103e-01  3.340584e+00 1.125779e+01
 4.734735e-01 -1.323369e+00  2.960546e+00 1.051614e+01
 4.744745e-01 -2.249250e+00  2.365897e+00 1.065660e+01
 4.754755e-01 -3.022740e+00  1.599560e+00 1.169555e+01
 4.764765e-01 -3.585391e+00  7.176956e-01 1.337012e+01
 4.774775e-01 -3.893563e+00 -2.139256e-01 1.520560e+01
 4.784785e-01 -3.921834e+00 -1.125438e+00 1.664740e+01
 4.794795e-01 -3.665605e+00 -1.947531e+00 1.722954e+01
 4.804805e-01 -3.141435e+00 -2.617821e+00 1.672160e+01
 4.814815e-01 -2.386697e+00 -3.084556e+00 1.521081e+01
 4.824825e-01 -1.456166e+00 -3.312723e+00 1.309455e+01
 4.834835e-01 -4.194532e-01 -3.283957e+00 1.096031e+01
 4.844845e-01  6.471806e-01 -3.004131e+00 9.443644e+00
 4.854855e-01  1.653462e+00 -2.480096e+00 8.884812e+00
 4.864865e-01  2.454504e+00 -1.662803e+00 8.789502e+00
 4.874875e-01  2.945250e+00 -6.394082e-01 9.083342e+00
 4.884885e-01  3.065599e+00  4.551234e-01 9.605036e+00
 4.894895e-01  2.800929e+00  1.481457e+00 1.003992e+01
 4.904905e-01  2.186186e+00  2.307674e+00 1.010477e+01
 4.914915e-01  1.300393e+00  2.829609e+00 9.697711e+00
 4.924925e-01  2.572394e-01  2.982395e+00 8.960853e+00
 4.934935e-01 -8.099646e-01  2.750134e+00 8.219279e+00
 4.944945e-01 -1.765144e+00  2.166780e+00 7.810669e+00
 4.954955e-01 -2.487236e+00  1.312186e+00 7.908172e+00
 4.964965e-01 -2.885655e+00  3.007100e-01 8.417432e+00
 4.974975e-01 -2.912054e+00 -7.335842e-01 9.018202e+00
 4.984985e-01 -2.566380e+00 -1.655230e+00 9.326092e+00
 4.994995e-01 -1.896716e+00 -2.344937e+00 9.096259e+00
 5.005005e-01 -9.927621e-01 -2.715632e+00 8.360232e+00
 5.015015e-01  2.614141e-02 -2.723430e+00 7.417752e+00
 5.025025e-01  1.026784e+00 -2.373347e+00 6.687063e+00
 5.035035e-01  1.879731e+00 -1.717811e+00 6.484263e+00
 5.045045e-01  2.476192e+00 -8.493683e-01 6.852955e+00
 5.055055e-01  2.742300e+00  1.125344e-01 7.532872e+00
 5.065065e-01  2.648326e+00  1.037682e+00 8.090414e+00
 5.075075e-01  2.212362e+00  1.803148e+00 8.145889e+00
 5.085085e-01  1.497086e+00  2.309469e+00 7.574913e+00
 5.095095e-01  6.012519e-01  2.494209e+00 6.582583e+00
 5.105105e-01 -3.543854e-01  2.339377e+00 5.598274e+00
 5.115115e-01 -1.242827e+00  1.873792e+00 5.055717e+00
 5.125125e-01 -1.948752e+00  1.167522e+00 5.160741e+00
 5.135135e-01 -2.382415e+00  3.227654e-01 5.780080e+00
 5.145145e-01 -2.493385e+00 -5.427048e-01 6.511499e+00
 5.155155e-01 -2.272372e+00 -1.308230e+00 6.875142e+00
 5.165165e-01 -1.768091e+00 -1.882907e+00 6.671486e+00
 5.175175e-01 -1.119338e+00 -2.267480e+00 6.394382e+00
 5.185185e-01 -4.009313e-01 -2.443255e+00 6.130240e+00
 5.195195e-01  3.241666e-01 -2.400416e+00 5.867083e+00
 5.205205e-01  9.911067e-01 -2.151097e+00 5.609511e+00
 5.215215e-01  1.543671e+00 -1.724400e+00 5.356475e+00
 5.225225e-01  1.936839e+00 -1.165054e+00 5.108697e+00
 5.235235e-01  2.141982e+00 -5.278226e-01 4.866685e+00
 5.245245e-01  2.148072e+00  1.270427e-01 4.630352e+00
 5.255255e-01  1.962844e+00  7.400562e-01 4.400439e+00
 5.265265e-01  1.610996e+00  1.257538e+00 4.176710e+00
 5.275275e-01  1.131748e+00  1.636745e+00 3.959789e+00
 5.285285e-01  5.743878e-01  1.849207e+00 3.749487e+00
 5.295295e-01 -6.427757e-03  1.883128e+00 3.546212e+00
 5.305305e-01 -5.562130e-01  1.743702e+00 3.349870e+00
 5.315315e-01 -1.025606e+00  1.452166e+00 3.160653e+00
 5.325325e-01 -1.375006e+00  1.043025e+00 2.978544e+00
 5.335335e-01 -1.577826e+00  5.603836e-01 2.803565e+00
 5.345345e-01 -1.622622e+00  5.321913e-02 2.635735e+00
 5.355355e-01 -1.513461e+00 -4.294140e-01 2.474961e+00
 5.365365e-01 -1.268955e+00 -8.432143e-01 2.321257e+00
 5.375375e-01 -9.197364e-01 -1.152627e+00 2.174464e+00
 5.385385e-01 -5.050126e-01 -1.333987e+00 2.034558e+00
 5.395395e-01 -6.827000e-02 -1.377206e+00 1.901357e+00
 5.405405e-01  3.471340e-01 -1.286188e+00 1.774781e+00
 5.415415e-01  7.022913e-01 -1.077697e+00 1.654644e+00
 5.425425e-01  9.663225e-01 -7.791215e-01 1.540809e+00
 5.435435e-01  1.119082e+00 -4.251523e-01 1.433099e+00
 5.445445e-01  1.152568e+00 -5.399291e-02 1.331327e+00
 5.455455e-01  1.071115e+00  2.967056e-01 1.235321e+00
 5.465465e-01  8.902534e-01  5.935606e-01 1.144865e+00
 5.475475e-01  6.345479e-01  8.106374e-01 1.059784e+00
 5.485485e-01  3.345605e-01  9.316215e-01 9.798493e-01
 5.495495e-01  2.341616e-02  9.509624e-01 9.048779e-01
 5.505506e-01 -2.667683e-01  8.737724e-01 8.346435e-01
 5.515516e-01 -5.081019e-01  7.146921e-01 7.689523e-01
 5.525526e-01 -6.795645e-01  4.957629e-01 7.075888e-01
 5.535536e-01 -7.687369e-01  2.437087e-01 6.503504e-01
 5.545546e-01 -7.725685e-01 -1.317515e-02 5.970356e-01
 5.555556e-01 -6.970705e-01 -2.480557e-01 5.474389e-01
 5.565566e-01 -5.561065e-01 -4.383122e-01 5.013720e-01
 5.575576e-01 -3.693862e-01 -5.676155e-01 4.586335e-01
 5.585586e-01 -1.599951e-01 -6.272540e-01 4.190460e-01
 5.595596e-01  4.831128e-02 -6.165102e-01 3.824188e-01
 5.605606e-01  2.336784e-01 -5.421969e-01 3.485831e-01
 5.615616e-01  3.783762e-01 -4.173668e-01 3.173636e-01
 5.625626e-01  4.703970e-01 -2.594728e-01 2.885995e-01
 5.635636e-01  5.043457e-01 -8.813522e-02 2.621324e-01
 5.645646e-01  4.815191e-01  7.713389e-02 2.378103e-01
 5.655656e-01  4.092676e-01  2.190702e-01 2.154917e-01
 5.665666e-01  2.997115e-01  3.243584e-01 1.950354e-01
 5.675676e-01  1.680449e-01  3.848057e-01 1.763145e-01
 5.685686e-01  3.060253e-02  3.978243e-01 1.592007e-01
 5.695696e-01 -9.703550e-02  3.662841e-01 1.435800e-01
 5.705706e-01 -2.017272e-01  2.977319e-01 1.293381e-01
 5.715716e-01 -2.740293e-01  2.031752e-01 1.163722e-01
 5.725726e-01 -3.089570e-01  9.554111e-02 1.045825e-01
 5.735736e-01 -3.061599e-01 -1.193146e-02 9.387627e-02
 5.745746e-01 -2.695710e-01 -1.072323e-01 8.416730e-02
 5.755756e-01 -2.065786e-01 -1.808261e-01 7.537282e-02
 5.765766e-01 -1.268848e-01 -2.265367e-01 6.741863e-02
 5.775776e-01 -4.117877e-02 -2.419429e-01 6.023204e-02
 5.785786e-01  4.017721e-02 -2.283302e-01 5.374890e-02
 5.795796e-01  1.083227e-01 -1.901915e-01 4.790660e-02
 5.805806e-01  1.567831e-01 -1.344192e-01 4.264945e-02
 5.815816e-01  1.820073e-01 -6.926576e-02 3.792442e-02
 5.825826e-01  1.835007e-01 -3.259384e-03 3.368315e-02
 5.835836e-01  1.635958e-01  5.583609e-02 2.988125e-02
 5.845846e-01  1.268973e-01  1.018532e-01 2.647700e-02
 5.855856e-01  7.951884e-02  1.308058e-01 2.343339e-02
 5.865866e-01  2.820068e-02  1.411370e-01 2.071492e-02
 5.875876e-01 -2.055403e-02  1.336719e-01 1.829064e-02
 5.885886e-01 -6.124012e-02  1.112677e-01 1.613085e-02
 5.895896e-01 -8.990709e-02  7.827052e-02 1.420956e-02
 5.905906e-01 -1.044805e-01  3.982672e-02 1.250235e-02
 5.915916e-01 -1.048137e-01  1.182761e-03 1.098732e-02
 5.925926e-01 -9.250614e-02 -3.297360e-02 9.644645e-03
 5.935936e-01 -7.051718e-02 -5.901952e-02 8.455976e-03
 5.945946e-01 -4.265970e-02 -7.473573e-02 7.405279e-03
 5.955956e-01 -1.303278e-02 -7.941985e-02 6.477366e-03
 5.965966e-01  1.451419e-02 -7.381442e-02 5.659230e-03
 5.975976e-01  3.683622e-02 -5.984660e-02 4.938523e-03
 5.985986e-01  5.180331e-02 -4.026208e-02 4.304618e-03
 5.995996e-01  5.845609e-02 -1.818089e-02 3.747660e-03
 6.006006e-01  5.698975e-02  3.331169e-03 3.258928e-03
 6.016016e-01  4.859942e-02  2.165075e-02 2.830659e-03
 6.026026e-01  3.520917e-02  3.487176e-02 2.455726e-03
 6.036036e-01  1.914421e-02  4.197063e-02 2.128035e-03
 6.046046e-01  2.783026e-03  4.282633e-02 1.841840e-03
 6.056056e-01 -1.175165e-02  3.813437e-02 1.592331e-03
 6.066066e-01 -2.283848e-02  2.921251e-02 1.374967e-03
 6.076076e-01 -2.950378e-02  1.776059e-02 1.185911e-03
 6.086086e-01 -3.147119e-02  5.586790e-03 1.021648e-03
 6.096096e-01 -2.910901e-02 -5.635855e-03 8.790976e-04
 6.106106e-01 -2.330395e-02 -1.457746e-02 7.555763e-04
 6.116116e-01 -1.527691e-02 -2.037736e-02 6.486207e-04
 6.126126e-01 -6.381806e-03 -2.270375e-02 5.561878e-04
 6.136136e-01  2.093186e-03 -2.172459e-02 4.763392e-04
 6.146146e-01  9.086286e-03 -1.802613e-02 4.075021e-04
 6.156156e-01  1.387668e-02 -1.247505e-02 3.481892e-04
 6.166166e-01  1.613434e-02 -6.070631e-03 2.971695e-04
 6.176176e-01  1.591494e-02  2.123025e-04 2.533304e-04
 6.186186e-01  1.359894e-02  5.546853e-03 2.156988e-04
 6.196196e-01  9.798430e-03  9.351251e-03 1.834551e-04
 6.206206e-01  5.240510e-03  1.133014e-02 1.558350e-04
 6.216216e-01  6.541778e-04  1.148063e-02 1.322329e-04
 6.226226e-01 -3.331830e-03  1.004795e-02 1.120625e-04
 6.236236e-01 -6.259935e-03  7.461902e-03 9.486677e-05
 6.246246e-01 -7.884931e-03  4.247245e-03 8.021122e-05
 6.256256e-01 -8.176450e-03  9.419691e-04 6.774164e-05
 6.266266e-01 -7.294550e-03 -1.983865e-03 5.714619e-05
 6.276276e-01 -5.538533e-03 -4.179921e-03 4.814709e-05
 6.286286e-01 -3.286615e-03 -5.451788e-03 4.052383e-05
 6.296296e-01 -9.296215e-04 -5.761722e-03 3.406164e-05
 6.306306e-01  1.184534e-03 -5.215265e-03 2.860211e-05
 6.316316e-01  2.795510e-03 -4.021270e-03 2.398549e-05
 6.326326e-01  3.753196e-03 -2.450845e-03 2.009313e-05
 6.336336e-01  4.024309e-03 -7.854511e-04 1.681200e-05
 6.346346e-01  3.678236e-03  7.212353e-04 1.404960e-05
 6.356356e-01  2.863018e-03  1.879459e-03 1.172924e-05
 6.366366e-01  1.770608e-03  2.577438e-03 9.778236e-06
 6.376376e-01  6.036842e-04  2.789350e-03 8.144908e-06
 6.386386e-01 -4.568862e-04  2.562297e-03 6.774111e-06
 6.396396e-01 -1.273801e-03  2.001689e-03 5.629329e-06
 6.406406e-01 -1.768010e-03  1.243201e-03 4.671407e-06
 6.416416e-01 -1.919953e-03  4.314898e-04 3.872405e-06
 6.426426e-01 -1.764347e-03 -3.060158e-04 3.206565e-06
 6.436436e-01 -1.375176e-03 -8.719459e-04 2.651399e-06
 6.446446e-01 -8.496262e-04 -1.212004e-03 2.190820e-06
 6.456456e-01 -2.886273e-04 -1.312912e-03 1.807043e-06
 6.466466e-01  2.177250e-04 -1.200984e-03 1.489767e-06
 6.476476e-01  6.031322e-04 -9.285601e-04 1.225992e-06
 6.486486e-01  8.300899e-04 -5.649595e-04 1.008228e-06
 6.496496e-01  8.919537e-04 -1.800841e-04 8.280118e-07
 6.506507e-01  8.077460e-04  1.632790e-04 6.791136e-07
 6.516517e-01  6.160500e-04  4.208736e-04 5.566522e-07
 6.526527e-01  3.647549e-04  5.676920e-04 4.553204e-07
 6.536537e-01  1.031561e-04  6.015083e-04 3.724534e-07
 6.546547e-01 -1.269238e-04  5.364701e-04 3.039098e-07
 6.556557e-01 -2.953382e-04  4.009651e-04 2.479977e-07
 6.566567e-01 -3.872969e-04  2.279452e-04 2.019579e-07
 6.576577e-01 -4.020513e-04  5.177313e-05 1.643257e-07
 6.586587e-01 -3.515366e-04 -1.001539e-04 1.336088e-07
 6.596597e-01 -2.553356e-04 -2.077871e-04 1.083717e-07
 6.606607e-01 -1.371770e-04 -2.629798e-04 8.797591e-08
 6.616617e-01 -1.952815e-05 -2.660334e-04 7.115510e-08
 6.626627e-01  7.885104e-05 -2.267635e-04 5.763915e-08
 6.636637e-01  1.461283e-04 -1.586556e-04 4.652508e-08
 6.646647e-01  1.771762e-04 -7.859807e-05 3.756908e-08
 6.656657e-01  1.740491e-04 -1.034746e-06 3.029414e-08
 6.666667e-01  1.435004e-04  6.143075e-05 2.436610e-08
 6.676677e-01  9.587037e-05  1.022001e-04 1.963599e-08
 6.686687e-01  4.192521e-05  1.182192e-04 1.573350e-08
 6.696697e-01 -8.163618e-06  1.122270e-04 1.266155e-08
 6.706707e-01 -4.717292e-05  8.885881e-05 1.012117e-08
 6.716717e-01 -7.067559e-05  5.588162e-05 8.117794e-09
 6.726727e-01 -7.802400e-05  2.000674e-05 6.488013e-09
 6.736737e-01 -7.097984e-05 -1.172423e-05 5.175595e-09
 6.746747e-01 -5.372224e-05 -3.544040e-05 4.142101e-09
 6.756757e-01 -3.094806e-05 -4.823762e-05 3.284650e-09
 6.766767e-01 -7.723481e-06 -5.069977e-05 2.630119e-09
 6.776777e-01  1.216026e-05 -4.393500e-05 2.078156e-09
 6.786787e-01  2.586381e-05 -3.146102e-05 1.658733e-09
 6.796797e-01  3.249912e-05 -1.599545e-05 1.312047e-09
 6.806807e-01  3.220441e-05 -1.277687e-06 1.038757e-09
 6.816817e-01  2.660586e-05  1.086968e-05 8.260217e-10
 6.826827e-01  1.757094e-05  1.839345e-05 6.470567e-10
 6.836837e-01  7.509228e-06  2.146577e-05 5.171677e-10
 6.846847e-01 -1.807846e-06  1.997505e-05 4.022710e-10
 6.856857e-01 -8.774251e-06  1.561831e-05 3.209191e-10
 6.866867e-01 -1.283574e-05  9.249709e-06 2.503134e-10
 6.876877e-01 -1.374036e-05  2.877448e-06 1.970771e-10
 6.886887e-01 -1.214673e-05 -2.874180e-06 1.558041e-10
 6.896897e-01 -8.706368e-06 -6.657130e-06 1.201182e-10
 6.906907e-01 -4.560830e-06 -8.699341e-06 9.647971e-11
 6.916917e-01 -4.384249e-07 -8.544661e-06 7.320345e-11
 6.926927e-01  2.794356e-06 -7.152120e-06 5.896124e-11
 6.936937e-01  4.902050e-06 -4.573953e-06 4.495114e-11
 6.946947e-01  5.610696e-06 -1.976016e-06 3.538455e-11
 6.956957e-01  5.237653e-06  6.256409e-07 2.782443e-11
 6.966967e-01  3.944794e-06  2.320863e-06 2.094780e-11
 6.976977e-01  2.301435e-06  3.445142e-06 1.716561e-11
 6.986987e-01  5.432193e-07  3.484533e-06 1.243706e-11
 6.996997e-01 -8.536009e-07  3.103226e-06 1.035864e-11
 7.007007e-01 -1.849165e-06  2.034045e-06 7.556750e-12
 7.017017e-01 -2.220616e-06  1.048078e-06 6.029605e-12
 7.027027e-01 -2.168928e-06 -1.147857e-07 4.717423e-12
 7.037037e-01 -1.669803e-06 -7.857457e-07 3.405639e-12
 7.047047e-01 -1.041716e-06 -1.365500e-06 2.949763e-12
 7.057057e-01 -3.037824e-07 -1.358574e-06 1.938008e-12
 7.067067e-01  2.592699e-07 -1.304653e-06 1.769341e-12
 7.077077e-01  7.054909e-07 -8.222202e-07 1.173763e-12
 7.087087e-01  8.575941e-07 -4.969758e-07 9.824526e-13
 7.097097e-01  8.743064e-07  4.151690e-08 7.661354e-13
 7.107107e-01  6.651573e-07  2.521821e-07 5.060300e-13
 7.117117e-01  4.385375e-07  5.592299e-07 5.050533e-13
 7.127127e-01  1.252348e-07  4.979110e-07 2.635992e-13
 7.137137e-01 -8.093185e-08  5.467610e-07 3.054976e-13
 7.147147e-01 -2.792972e-07  2.927354e-07 1.637010e-13
 7.157157e-01 -3.218956e-07  2.298296e-07 1.564384e-13
 7.167167e-01 -3.481606e-07 -4.657277e-08 1.233848e-13
 7.177177e-01 -2.471634e-07 -6.476551e-08 6.528432e-14
 7.187187e-01 -1.769989e-07 -2.478403e-07 9.275343e-14
 7.197197e-01 -3.636471e-08 -1.590222e-07 2.661046e-14
 7.207207e-01  2.445585e-08 -2.396798e-07 5.804452e-14
 7.217217e-01  1.180456e-07 -7.721820e-08 1.989740e-14
 7.227227e-01  1.142026e-07 -1.150844e-07 2.628666e-14
 7.237237e-01  1.402667e-07  5.301207e-08 2.248502e-14
 7.247247e-01  8.186520e-08 -3.382326e-09 6.713351e-15
 7.257257e-01  7.197347e-08  1.262750e-07 2.112554e-14
 7.267267e-01  7.178709e-10  2.894343e-08 8.382374e-16
 7.277277e-01 -3.841359e-09  1.188219e-07 1.413340e-14
 7.287287e-01 -5.518597e-08 -4.613426e-09 3.066775e-15
 7.297297e-01 -3.455972e-08  6.982219e-08 6.069513e-15
 7.307307e-01 -5.995026e-08 -5.312591e-08 6.416396e-15
 7.317317e-01 -1.972491e-08  2.900340e-08 1.230270e-15
 7.327327e-01 -3.250136e-08 -7.769103e-08 7.092235e-15
 7.337337e-01  1.083899e-08  1.928410e-08 4.893602e-16
 7.347347e-01 -4.922904e-09 -7.208134e-08 5.219955e-15
 7.357357e-01  2.979798e-08  3.302217e-08 1.978383e-15
 7.367367e-01  4.556368e-09 -5.286300e-08 2.815257e-15
 7.377377e-01  2.947949e-08  5.027620e-08 3.396737e-15
 7.387387e-01 -2.226847e-09 -3.846594e-08 1.484587e-15
 7.397397e-01  1.849760e-08  5.750711e-08 3.649229e-15
 7.407407e-01 -1.332638e-08 -3.598523e-08 1.472529e-15
 7.417417e-01  8.848711e-09  5.390858e-08 2.984435e-15
 7.427427e-01 -1.917460e-08 -4.134598e-08 2.077155e-15
 7.437437e-01  6.307525e-09  4.636748e-08 2.189728e-15
 7.447447e-01 -1.802725e-08 -4.698173e-08 2.532264e-15
 7.457457e-01  9.245196e-09  4.138576e-08 1.798255e-15
 7.467467e-01 -1.368991e-08 -4.853665e-08 2.543220e-15
 7.477477e-01  1.302795e-08  4.080885e-08 1.835090e-15
 7.487487e-01 -1.044136e-08 -4.641876e-08 2.263723e-15
 7.497497e-01  1.453907e-08  4.263776e-08 2.029363e-15
 7.507508e-01 -9.878090e-09 -4.338567e-08 1.979893e-15
 7.517518e-01  1.364622e-08  4.413337e-08 2.133974e-15
 7.527528e-01 -1.101906e-08 -4.158065e-08 1.850370e-15
 7.537538e-01  1.194510e-08  4.404764e-08 2.082880e-15
 7.547548e-01 -1.215398e-08 -4.132273e-08 1.855288e-15
 7.557558e-01  1.086419e-08  4.281418e-08 1.951084e-15
 7.567568e-01 -1.236787e-08 -4.171498e-08 1.893103e-15
 7.577578e-01  1.074266e-08  4.147690e-08 1.835738e-15
 7.587588e-01 -1.181776e-08 -4.182936e-08 1.889355e-15
 7.597598e-01  1.109253e-08  4.067638e-08 1.777612e-15
 7.607608e-01 -1.112810e-08 -4.137392e-08 1.835635e-15
 7.617618e-01  1.132470e-08  4.038446e-08 1.759153e-15
 7.627628e-01 -1.073291e-08 -4.060414e-08 1.763892e-15
 7.637638e-01  1.121295e-08  4.023423e-08 1.744523e-15
 7.647648e-01 -1.065627e-08 -3.988650e-08 1.704489e-15
 7.657658e-01  1.088561e-08  3.993905e-08 1.713624e-15
 7.667668e-01 -1.068694e-08 -3.938487e-08 1.665379e-15
 7.677678e-01  1.056715e-08  3.945967e-08 1.668730e-15
 7.687688e-01 -1.064009e-08 -3.903824e-08 1.637196e-15
 7.697698e-01  1.037164e-08  3.891527e-08 1.621969e-15
 7.707708e-01 -1.047795e-08 -3.871084e-08 1.608316e-15
 7.717718e-01  1.027285e-08  3.842225e-08 1.581801e-15
 7.727728e-01 -1.026688e-08 -3.832553e-08 1.574255e-15
 7.737738e-01  1.018993e-08  3.801111e-08 1.548679e-15
 7.747748e-01 -1.007946e-08 -3.789149e-08 1.537361e-15
 7.757758e-01  1.007225e-08  3.764516e-08 1.518608e-15
 7.767768e-01 -9.938499e-09 -3.745588e-08 1.501716e-15
 7.777778e-01  9.921876e-09  3.727950e-08 1.488205e-15
 7.787788e-01 -9.824368e-09 -3.705095e-08 1.469291e-15
 7.797798e-01  9.766251e-09  3.689767e-08 1.456818e-15
 7.807808e-01 -9.709757e-09 -3.667724e-08 1.439499e-15
 7.817818e-01  9.625798e-09  3.650980e-08 1.425621e-15
 7.827828e-01 -9.583700e-09 -3.631840e-08 1.410873e-15
 7.837838e-01  9.501984e-09  3.613183e-08 1.395797e-15
 7.847848e-01 -9.451434e-09 -3.596175e-08 1.382577e-15
 7.857858e-01  9.385573e-09  3.577078e-08 1.367638e-15
 7.867868e-01 -9.322543e-09 -3.560530e-08 1.354647e-15
 7.877878e-01  9.268704e-09  3.542369e-08 1.340746e-15
 7.887888e-01 -9.201636e-09 -3.525411e-08 1.327522e-15
 7.897898e-01  9.149895e-09  3.508456e-08 1.314647e-15
 7.907908e-01 -9.087207e-09 -3.491260e-08 1.301467e-15
 7.917918e-01  9.032153e-09  3.475038e-08 1.289169e-15
 7.927928e-01 -8.975772e-09 -3.458156e-08 1.276449e-15
 7.937938e-01  8.918154e-09  3.442164e-08 1.264383e-15
 7.947948e-01 -8.865501e-09 -3.425906e-08 1.252280e-15
 7.957958e-01  8.808430e-09  3.410002e-08 1.240400e-15
 7.967968e-01 -8.756616e-09 -3.394333e-08 1.228828e-15
 7.977978e-01  8.702045e-09  3.378640e-08 1.217246e-15
 7.987988e-01 -8.650073e-09 -3.363374e-08 1.206052e-15
 7.997998e-01  8.597915e-09  3.348049e-08 1.194867e-15
 8.008008e-01 -8.546492e-09 -3.333062e-08 1.183973e-15
 8.018018e-01  8.495806e-09  3.318141e-08 1.173184e-15
 8.028028e-01 -8.445671e-09 -3.303447e-08 1.162606e-15
 8.038038e-01  8.395885e-09  3.288865e-08 1.152154e-15
 8.048048e-01 -8.347196e-09 -3.274506e-08 1.141915e-15
 8.058058e-01  8.298469e-09  3.260220e-08 1.131768e-15
 8.068068e-01 -8.250713e-09 -3.246209e-08 1.121861e-15
 8.078078e-01  8.203526e-09  3.232211e-08 1.112017e-15
 8.088088e-01 -8.156315e-09 -3.218518e-08 1.102411e-15
 8.098098e-01  8.110837e-09  3.204836e-08 1.092883e-15
 8.108108e-01 -8.064146e-09 -3.191413e-08 1.083542e-15
 8.118118e-01  8.020151e-09  3.178077e-08 1.074340e-15
 8.128128e-01 -7.974219e-09 -3.164891e-08 1.065241e-15
 8.138138e-01  7.931286e-09  3.151913e-08 1.056361e-15
 8.148148e-01 -7.886552e-09 -3.138950e-08 1.047499e-15
 8.158158e-01  7.844310e-09  3.126316e-08 1.038919e-15
 8.168168e-01 -7.801016e-09 -3.113583e-08 1.030296e-15
 8.178178e-01  7.759073e-09  3.101259e-08 1.021984e-15
 8.188188e-01 -7.717494e-09 -3.088783e-08 1.013618e-15
 8.198198e-01  7.675748e-09  3.076731e-08 1.005544e-15
 8.208208e-01 -7.635848e-09 -3.064541e-08 9.974473e-16
 8.218218e-01  7.594304e-09  3.052716e-08 9.895811e-16
 8.228228e-01 -7.555881e-09 -3.040848e-08 9.817667e-16
 8.238238e-01  7.514822e-09  3.029208e-08 9.740826e-16
 8.248248e-01 -7.477577e-09 -3.017680e-08 9.665532e-16
 8.258258e-01  7.437340e-09  3.006205e-08 9.590411e-16
 8.268268e-01 -7.400716e-09 -2.995012e-08 9.517802e-16
 8.278278e-01  7.361768e-09  2.983704e-08 9.444449e-16
 8.288288e-01 -7.325339e-09 -2.972825e-08 9.374297e-16
 8.298298e-01  7.288014e-09  2.961710e-08 9.302877e-16
 8.308308e-01 -7.251485e-09 -2.951098e-08 9.234821e-16
 8.318318e-01  7.215978e-09  2.940214e-08 9.165560e-16
 8.328328e-01 -7.179226e-09 -2.929813e-08 9.099216e-16
 8.338338e-01  7.145465e-09  2.919214e-08 9.032385e-16
 8.348348e-01 -7.108599e-09 -2.908967e-08 8.967409e-16
 8.358358e-01  7.076246e-09  2.898686e-08 8.903114e-16
 8.368368e-01 -7.039826e-09 -2.888556e-08 8.839347e-16
 8.378378e-01  7.008287e-09  2.878615e-08 8.777584e-16
 8.388388e-01 -6.972775e-09 -2.868588e-08 8.714991e-16
 8.398398e-01  6.941448e-09  2.858965e-08 8.655518e-16
 8.408408e-01 -6.907553e-09 -2.849068e-08 8.594332e-16
 8.418418e-01  6.875770e-09  2.839727e-08 8.536811e-16
 8.428428e-01 -6.843813e-09 -2.830000e-08 8.477278e-16
 8.438438e-01  6.811462e-09  2.820868e-08 8.421258e-16
 8.448448e-01 -6.781443e-09 -2.811380e-08 8.363739e-16
 8.458458e-01  6.748568e-09  2.802384e-08 8.308788e-16
 8.468468e-01 -6.720259e-09 -2.793204e-08 8.253607e-16
 8.478478e-01  6.687255e-09  2.784283e-08 8.199426e-16
 8.488488e-01 -6.660041e-09 -2.775435e-08 8.146599e-16
 8.498498e-01  6.627651e-09  2.766566e-08 8.093143e-16
 8.508509e-01 -6.600638e-09 -2.758055e-08 8.042552e-16
 8.518519e-01  6.569675e-09  2.749251e-08 7.989988e-16
 8.528529e-01 -6.542239e-09 -2.741030e-08 7.941255e-16
 8.538539e-01  6.513186e-09  2.732346e-08 7.889932e-16
 8.548549e-01 -6.484838e-09 -2.724339e-08 7.842553e-16
 8.558559e-01  6.457995e-09  2.715853e-08 7.792916e-16
 8.568569e-01 -6.428682e-09 -2.707970e-08 7.746383e-16
 8.578579e-01  6.403811e-09  2.699771e-08 7.698853e-16
 8.588589e-01 -6.373899e-09 -2.691937e-08 7.652791e-16
 8.598599e-01  6.350381e-09  2.684060e-08 7.607453e-16
 8.608609e-01 -6.320777e-09 -2.676245e-08 7.561810e-16
 8.618619e-01  6.297624e-09  2.668702e-08 7.518571e-16
 8.628629e-01 -6.269125e-09 -2.660912e-08 7.473473e-16
 8.638639e-01  6.245514e-09  2.653661e-08 7.431982e-16
 8.648649e-01 -6.218959e-09 -2.645953e-08 7.387823e-16
 8.658659e-01  6.194221e-09  2.638916e-08 7.347564e-16
 8.668669e-01 -6.169953e-09 -2.631373e-08 7.304808e-16
 8.678679e-01  6.144026e-09  2.624463e-08 7.265296e-16
 8.688689e-01 -6.121801e-09 -2.617159e-08 7.224285e-16
 8.698699e-01  6.095112e-09  2.610296e-08 7.185150e-16
 8.708709e-01 -6.074327e-09 -2.603302e-08 7.146157e-16
 8.718719e-01  6.047678e-09  2.596438e-08 7.107232e-16
 8.728729e-01 -6.027313e-09 -2.589759e-08 7.070135e-16
 8.738739e-01  6.001637e-09  2.582899e-08 7.031563e-16
 8.748749e-01 -5.980924e-09 -2.576504e-08 6.996086e-16
 8.758759e-01  5.956910e-09  2.569703e-08 6.958222e-16
 8.768769e-01 -5.935183e-09 -2.563519e-08 6.923894e-16
 8.778779e-01  5.913177e-09  2.556847e-08 6.887124e-16
 8.788789e-01 -5.890490e-09 -2.550799e-08 6.853555e-16
 8.798799e-01  5.870287e-09  2.544333e-08 6.818234e-16
 8.808809e-01 -5.846814e-09 -2.538337e-08 6.785006e-16
 8.818819e-01  5.827922e-09  2.532135e-08 6.751355e-16
 8.828829e-01 -5.804460e-09 -2.526150e-08 6.718354e-16
 8.838839e-01  5.786151e-09  2.520232e-08 6.686365e-16
 8.848849e-01 -5.763265e-09 -2.514259e-08 6.653653e-16
 8.858859e-01  5.744888e-09  2.508597e-08 6.623096e-16
 8.868869e-01 -5.723225e-09 -2.502671e-08 6.590915e-16
 8.878879e-01  5.704233e-09  2.497211e-08 6.561446e-16
 8.888889e-01 -5.684127e-09 -2.491395e-08 6.530143e-16
 8.898899e-01  5.664363e-09  2.486067e-08 6.501381e-16
 8.908909e-01 -5.645825e-09 -2.480417e-08 6.471222e-16
 8.918919e-01  5.625500e-09  2.475172e-08 6.442939e-16
 8.928929e-01 -5.608067e-09 -2.469732e-08 6.414080e-16
 8.938939e-01  5.587588e-09  2.464532e-08 6.386130e-16
 8.948949e-01 -5.570869e-09 -2.459309e-08 6.358546e-16
 8.958959e-01  5.550808e-09  2.454152e-08 6.330979e-16
 8.968969e-01 -5.534147e-09 -2.449149e-08 6.304596e-16
 8.978979e-01  5.514937e-09  2.444045e-08 6.277504e-16
 8.988989e-01 -5.498072e-09 -2.439226e-08 6.252112e-16
 8.998999e-01  5.479895e-09  2.434211e-08 6.225676e-16
 9.009009e-01 -5.462668e-09 -2.429541e-08 6.201075e-16
 9.019019e-01  5.445591e-09  2.424646e-08 6.175454e-16
 9.029029e-01 -5.428109e-09 -2.420088e-08 6.151469e-16
 9.039039e-01  5.411843e-09  2.415344e-08 6.126767e-16
 9.049049e-01 -5.394380e-09 -2.410871e-08 6.103293e-16
 9.059059e-01  5.378724e-09  2.406292e-08 6.079546e-16
 9.069069e-01 -5.361433e-09 -2.401891e-08 6.056530e-16
 9.079079e-01  5.346137e-09  2.397489e-08 6.033764e-16
 9.089089e-01 -5.329241e-09 -2.393154e-08 6.011195e-16
 9.099099e-01  5.314234e-09  2.388918e-08 5.989342e-16
 9.109109e-01 -5.297796e-09 -2.384660e-08 5.967268e-16
 9.119119e-01  5.282901e-09  2.380576e-08 5.946233e-16
 9.129129e-01 -5.267078e-09 -2.376405e-08 5.924723e-16
 9.139139e-01  5.252192e-09  2.372458e-08 5.904413e-16
 9.149149e-01 -5.236932e-09 -2.368391e-08 5.883530e-16
 9.159159e-01  5.222104e-09  2.364555e-08 5.863826e-16
 9.169169e-01 -5.207537e-09 -2.360612e-08 5.843674e-16
 9.179179e-01  5.192652e-09  2.356873e-08 5.824485e-16
 9.189189e-01 -5.178722e-09 -2.353068e-08 5.805119e-16
 9.199199e-01  5.163819e-09  2.349403e-08 5.786345e-16
 9.209209e-01 -5.150453e-09 -2.345749e-08 5.767812e-16
 9.219219e-01  5.135696e-09  2.342163e-08 5.749480e-16
 9.229229e-01 -5.122725e-09 -2.338659e-08 5.731750e-16
 9.239239e-01  5.108250e-09  2.335133e-08 5.713788e-16
 9.249249e-01 -5.095507e-09 -2.331775e-08 5.696817e-16
 9.259259e-01  5.081562e-09  2.328329e-08 5.679340e-16
 9.269269e-01 -5.068693e-09 -2.325101e-08 5.663012e-16
 9.279279e-01  5.055447e-09  2.321749e-08 5.646094e-16
 9.289289e-01 -5.042444e-09 -2.318628e-08 5.630297e-16
 9.299299e-01  5.029932e-09  2.315399e-08 5.614073e-16
 9.309309e-01 -5.016738e-09 -2.312353e-08 5.598653e-16
 9.319319e-01  5.004911e-09  2.309258e-08 5.583163e-16
 9.329329e-01 -4.991722e-09 -2.306276e-08 5.568083e-16
 9.339339e-01  4.980381e-09  2.303336e-08 5.553399e-16
 9.349349e-01 -4.967325e-09 -2.300413e-08 5.538641e-16
 9.359359e-01  4.956186e-09  2.297611e-08 5.524654e-16
 9.369369e-01 -4.943633e-09 -2.294752e-08 5.510282e-16
 9.379379e-01  4.932431e-09  2.292079e-08 5.496915e-16
 9.389389e-01 -4.920592e-09 -2.289313e-08 5.483076e-16
 9.399399e-01  4.909171e-09  2.286743e-08 5.470191e-16
 9.409409e-01 -4.898090e-09 -2.284082e-08 5.456943e-16
 9.419419e-01  4.886315e-09  2.281589e-08 5.444409e-16
 9.429429e-01 -4.875994e-09 -2.279062e-08 5.431879e-16
 9.439439e-01  4.864165e-09  2.276625e-08 5.419624e-16
 9.449449e-01 -4.854258e-09 -2.274249e-08 5.407846e-16
 9.459459e-01  4.842698e-09  2.271862e-08 5.395872e-16
 9.469469e-01 -4.832919e-09 -2.269619e-08 5.384742e-16
 9.479479e-01  4.821790e-09  2.267301e-08 5.373151e-16
 9.489489e-01 -4.811889e-09 -2.265171e-08 5.362543e-16
 9.499499e-01  4.801536e-09  2.262947e-08 5.351478e-16
 9.509510e-01 -4.791276e-09 -2.260908e-08 5.341269e-16
 9.519520e-01  4.781729e-09  2.258798e-08 5.330817e-16
 9.529530e-01 -4.771240e-09 -2.256822e-08 5.320895e-16
 9.539540e-01  4.762251e-09  2.254847e-08 5.311127e-16
 9.549550e-01 -4.751783e-09 -2.252919e-08 5.301440e-16
 9.559560e-01  4.743108e-09  2.251087e-08 5.292362e-16
 9.569570e-01 -4.732946e-09 -2.249213e-08 5.282966e-16
 9.579580e-01  4.724238e-09  2.247510e-08 5.274488e-16
 9.589590e-01 -4.714689e-09 -2.245701e-08 5.265456e-16
 9.599600e-01  4.705713e-09  2.244101e-08 5.257426e-16
 9.609610e-01 -4.696995e-09 -2.242398e-08 5.248965e-16
 9.619620e-01  4.687671e-09  2.240865e-08 5.241217e-16
 9.629630e-01 -4.679639e-09 -2.239284e-08 5.233381e-16
 9.639640e-01  4.670158e-09  2.237801e-08 5.225858e-16
 9.649650e-01 -4.662557e-09 -2.236369e-08 5.218739e-16
 9.659660e-01  4.653241e-09  2.234918e-08 5.211384e-16
 9.669670e-01 -4.645738e-09 -2.233629e-08 5.204929e-16
 9.679680e-01  4.636903e-09  2.232227e-08 5.197845e-16
 9.689690e-01 -4.629206e-09 -2.231061e-08 5.191927e-16
 9.699700e-01  4.621185e-09  2.229741e-08 5.185299e-16
 9.709710e-01 -4.612981e-09 -2.228655e-08 5.179697e-16
 9.719720e-01  4.605787e-09  2.227449e-08 5.173660e-16
 9.729730e-01 -4.597216e-09 -2.226409e-08 5.168239e-16
 9.739740e-01  4.590804e-09  2.225359e-08 5.162979e-16
 9.749750e-01 -4.582023e-09 -2.224331e-08 5.157599e-16
 9.759760e-01  4.575996e-09  2.223452e-08 5.153134e-16
 9.769770e-01 -4.567507e-09 -2.222439e-08 5.147855e-16
 9.779780e-01  4.561325e-09  2.221711e-08 5.144058e-16
 9.789790e-01 -4.553564e-09 -2.220737e-08 5.139022e-16
 9.799800e-01  4.546841e-09  2.220131e-08 5.135720e-16
 9.809810e-01 -4.540170e-09 -2.219239e-08 5.131153e-16
 9.819820e-01  4.532729e-09  2.218703e-08 5.128098e-16
 9.829830e-01 -4.527143e-09 -2.217945e-08 5.124230e-16
 9.839840e-01  4.519070e-09  2.217421e-08 5.121177e-16
 9.849850e-01 -4.514383e-09 -2.216849e-08 5.118214e-16
 9.859860e-01  4.506015e-09  2.216311e-08 5.115078e-16
 9.869870e-01 -4.501646e-09 -2.215932e-08 5.113004e-16
 9.879880e-01  4.493670e-09  2.215381e-08 5.109846e-16
 9.889890e-01 -4.489005e-09 -2.215187e-08 5.108564e-16
 9.899900e-01  4.482007e-09  2.214640e-08 5.105516e-16
 9.909910e-01 -4.476489e-09 -2.214585e-08 5.104778e-16
 9.919920e-01  4.470797e-09  2.214116e-08 5.102192e-16
 9.929930e-01 -4.464276e-09 -2.214128e-08 5.101661e-16
 9.939940e-01  4.459992e-09  2.213798e-08 5.099817e-16
 9.949950e-01 -4.452583e-09 -2.213815e-08 5.099230e-16
 9.959960e-01  4.449361e-09  2.213683e-08 5.098359e-16
 9.969970e-01 -4.441525e-09 -2.213658e-08 5.097554e-16
 9.979980e-01  4.438723e-09  2.213754e-08 5.097732e-16
 9.989990e-01 -4.431225e-09 -2.213679e-08 5.096734e-16
 1.000000e+00  4.428032e-09  2.213988e-08 5.097817e-16
