# x psi_r psi_i psi2 
 0.000000e+00 -6.013409e-04 -8.673034e-04 1.113826e-06
 1.001001e-03 -1.872790e-04 -1.222542e-03 1.529683e-06
 2.002002e-03  2.140866e-04 -1.417130e-03 2.054092e-06
 3.003003e-03  5.460992e-04 -1.440668e-03 2.373749e-06
 4.004004e-03  7.656758e-04 -1.302328e-03 2.282317e-06
 5.005005e-03  8.485271e-04 -1.028188e-03 1.777168e-06
 6.006006e-03  7.914891e-04 -6.569857e-04 1.058085e-06
 7.007007e-03  6.119124e-04 -2.348828e-04 4.296067e-07
 8.008008e-03  3.442020e-04  1.900436e-04 1.545916e-07
 9.009009e-03  3.421680e-05  5.729839e-04 3.294813e-07
 1.001001e-02 -2.677532e-04  8.767014e-04 8.402972e-07
 1.101101e-02 -5.143087e-04  1.074639e-03 1.419363e-06
 1.201201e-02 -6.676844e-04  1.152612e-03 1.774317e-06
 1.301301e-02 -7.048989e-04  1.109122e-03 1.727035e-06
 1.401401e-02 -6.207825e-04  9.544109e-04 1.296271e-06
 1.501502e-02 -4.284082e-04  7.085366e-04 6.855577e-07
 1.601602e-02 -1.570470e-04  3.987667e-04 1.836786e-07
 1.701702e-02  1.521485e-04  5.664786e-05 2.635813e-08
 1.801802e-02  4.519927e-04 -2.849814e-04 2.855118e-07
 1.901902e-02  6.959671e-04 -5.947494e-04 8.380971e-07
 2.002002e-02  8.447466e-04 -8.451487e-04 1.427873e-06
 2.102102e-02  8.718097e-04 -1.014427e-03 1.789115e-06
 2.202202e-02  7.672781e-04 -1.087973e-03 1.772400e-06
 2.302302e-02  5.396068e-04 -1.059149e-03 1.412973e-06
 2.402402e-02  2.147874e-04 -9.296480e-04 9.103789e-07
 2.502503e-02 -1.667155e-04 -7.093337e-04 5.309484e-07
 2.602603e-02 -5.550290e-04 -4.156536e-04 4.808251e-07
 2.702703e-02 -8.971815e-04 -7.256853e-05 8.102008e-07
 2.802803e-02 -1.143987e-03  2.909412e-04 1.393353e-06
 2.902903e-02 -1.256523e-03  6.428204e-04 1.992069e-06
 3.003003e-02 -1.211516e-03  9.502487e-04 2.370744e-06
 3.103103e-02 -1.004822e-03  1.182264e-03 2.407415e-06
 3.203203e-02 -6.526872e-04  1.312513e-03 2.148691e-06
 3.303303e-02 -1.904642e-04  1.321971e-03 1.783883e-06
 3.403403e-02  3.309687e-04  1.201319e-03 1.552709e-06
 3.503504e-02  8.508314e-04  9.527692e-04 1.631683e-06
 3.603604e-02  1.305353e-03  5.909827e-04 2.053207e-06
 3.703704e-02  1.635311e-03  1.429283e-04 2.694672e-06
 3.803804e-02  1.793215e-03 -3.535359e-04 3.340608e-06
 3.903904e-02  1.749415e-03 -8.523307e-04 3.786922e-06
 4.004004e-02  1.496301e-03 -1.303005e-03 3.936737e-06
 4.104104e-02  1.050178e-03 -1.655456e-03 3.843409e-06
 4.204204e-02  4.504464e-04 -1.865158e-03 3.681716e-06
 4.304304e-02 -2.437994e-04 -1.898337e-03 3.663120e-06
 4.404404e-02 -9.595420e-04 -1.736556e-03 3.936349e-06
 4.504505e-02 -1.617318e-03 -1.380106e-03 4.520411e-06
 4.604605e-02 -2.139751e-03 -8.497236e-04 5.300564e-06
 4.704705e-02 -2.460132e-03 -1.862525e-04 6.086939e-06
 4.804805e-02 -2.530255e-03  5.518831e-04 6.706766e-06
 4.904905e-02 -2.326526e-03  1.293363e-03 7.085509e-06
 5.005005e-02 -1.853758e-03  1.960448e-03 7.279775e-06
 5.105105e-02 -1.146063e-03  2.476738e-03 7.447690e-06
 5.205205e-02 -2.647436e-04  2.775425e-03 7.773075e-06
 5.305305e-02  7.068210e-04  2.807226e-03 8.380112e-06
 5.405405e-02  1.670763e-03  2.547042e-03 9.278871e-06
 5.505506e-02  2.524244e-03  1.998587e-03 1.036616e-05
 5.605606e-02  3.169877e-03  1.196258e-03 1.147915e-05
 5.705706e-02  3.526167e-03  2.038944e-04 1.247542e-05
 5.805806e-02  3.536781e-03 -8.897212e-04 1.330042e-05
 5.905906e-02  3.177791e-03 -1.978321e-03 1.401211e-05
 6.006006e-02  2.461940e-03 -2.948035e-03 1.475206e-05
 6.106106e-02  1.439479e-03 -3.688759e-03 1.567904e-05
 6.206206e-02  1.952139e-04 -4.105962e-03 1.689703e-05
 6.306306e-02 -1.158033e-03 -4.131657e-03 1.841163e-05
 6.406406e-02 -2.489191e-03 -3.733383e-03 2.013422e-05
 6.506507e-02 -3.661019e-03 -2.920073e-03 2.192989e-05
 6.606607e-02 -4.543560e-03 -1.744049e-03 2.368564e-05
 6.706707e-02 -5.027578e-03 -2.986468e-04 2.536573e-05
 6.806807e-02 -5.036792e-03  1.288518e-03 2.702956e-05
 6.906907e-02 -4.537508e-03  2.866265e-03 2.880446e-05
 7.007007e-02 -3.544673e-03  4.273636e-03 3.082867e-05
 7.107107e-02 -2.123436e-03  5.355596e-03 3.319139e-05
 7.207207e-02 -3.859250e-04  5.979111e-03 3.589870e-05
 7.307307e-02  1.516864e-03  6.048045e-03 3.887972e-05
 7.407407e-02  3.407424e-03  5.515270e-03 4.202874e-05
 7.507508e-02  5.097524e-03  4.390642e-03 4.526249e-05
 7.607608e-02  6.405973e-03  2.743760e-03 4.856471e-05
 7.707708e-02  7.176865e-03  7.009793e-04 5.199877e-05
 7.807808e-02  7.296456e-03 -1.563421e-03 5.568256e-05
 7.907908e-02  6.707058e-03 -3.841325e-03 5.974040e-05
 8.008008e-02  5.416308e-03 -5.909096e-03 6.425380e-05
 8.108108e-02  3.500751e-03 -7.548530e-03 6.923556e-05
 8.208208e-02  1.102911e-03 -8.568582e-03 7.463702e-05
 8.308308e-02 -1.578137e-03 -8.825768e-03 8.038471e-05
 8.408408e-02 -4.302328e-03 -8.241212e-03 8.642759e-05
 8.508509e-02 -6.809029e-03 -6.812458e-03 9.277246e-05
 8.608609e-02 -8.840830e-03 -4.618648e-03 9.949219e-05
 8.708709e-02 -1.016846e-02 -1.818128e-03 1.067031e-04
 8.808809e-02 -1.061465e-02  1.361682e-03 1.145250e-04
 8.908909e-02 -1.007453e-02  4.641682e-03 1.230415e-04
 9.009009e-02 -8.530403e-03  7.714461e-03 1.322807e-04
 9.109109e-02 -6.059111e-03  1.027184e-02 1.422235e-04
 9.209209e-02 -2.830983e-03  1.203414e-02 1.528349e-04
 9.309309e-02  9.002773e-04  1.277856e-02 1.641020e-04
 9.409409e-02  4.816150e-03  1.236394e-02 1.760623e-04
 9.509510e-02  8.559214e-03  1.074930e-02 1.888075e-04
 9.609610e-02  1.176431e-02  8.004089e-03 2.024643e-04
 9.709710e-02  1.409241e-02  4.308748e-03 2.171614e-04
 9.809810e-02  1.526417e-02 -5.518525e-05 2.329978e-04
 9.909910e-02  1.508989e-02 -4.724952e-03 2.500300e-04
 1.001001e-01  1.349308e-02 -9.285285e-03 2.682798e-04
 1.011011e-01  1.052482e-02 -1.330374e-02 2.877614e-04
 1.021021e-01  6.367109e-03 -1.636982e-02 3.085110e-04
 1.031031e-01  1.324408e-03 -1.813436e-02 3.306090e-04
 1.041041e-01 -4.196891e-03 -1.834576e-02 3.541809e-04
 1.051051e-01 -9.719514e-03 -1.687933e-02 3.793806e-04
 1.061061e-01 -1.473489e-02 -1.375670e-02 4.063638e-04
 1.071071e-01 -1.874794e-02 -9.153082e-03 4.352640e-04
 1.081081e-01 -2.132339e-02 -3.390724e-03 4.661841e-04
 1.091091e-01 -2.212936e-02  3.081367e-03 4.992036e-04
 1.101101e-01 -2.097411e-02  9.720537e-03 5.344021e-04
 1.111111e-01 -1.783216e-02  1.593412e-02 5.718821e-04
 1.121121e-01 -1.285692e-02  2.113019e-02 6.117851e-04
 1.131131e-01 -6.377671e-03  2.477127e-02 6.542906e-04
 1.141141e-01  1.119392e-03  2.642630e-02 6.996026e-04
 1.151151e-01  9.025600e-03  2.581602e-02 7.479282e-04
 1.161161e-01  1.665716e-02  2.284728e-02 7.994594e-04
 1.171171e-01  2.331212e-02  1.763276e-02 8.543692e-04
 1.181181e-01  2.833216e-02  1.049316e-02 9.128180e-04
 1.191191e-01  3.116417e-02  1.941013e-03 9.749729e-04
 1.201201e-01  3.141575e-02 -7.353606e-03 1.041025e-03
 1.211211e-01  2.889976e-02 -1.661339e-02 1.111201e-03
 1.221221e-01  2.366293e-02 -2.501650e-02 1.185760e-03
 1.231231e-01  1.599551e-02 -3.176677e-02 1.264984e-03
 1.241241e-01  6.419696e-03 -3.616557e-02 1.349161e-03
 1.251251e-01 -4.342861e-03 -3.767903e-02 1.438570e-03
 1.261261e-01 -1.542312e-02 -3.599458e-02 1.533483e-03
 1.271271e-01 -2.587242e-02 -3.106099e-02 1.634167e-03
 1.281281e-01 -3.474095e-02 -2.310779e-02 1.740904e-03
 1.291291e-01 -4.116066e-02 -1.264113e-02 1.853998e-03
 1.301301e-01 -4.442541e-02 -4.152895e-04 1.973790e-03
 1.311311e-01 -4.406138e-02  1.261904e-02 2.100646e-03
 1.321321e-01 -3.988106e-02  2.538616e-02 2.234956e-03
 1.331331e-01 -3.201520e-02  3.677154e-02 2.377119e-03
 1.341341e-01 -2.091904e-02  4.571571e-02 2.527532e-03
 1.351351e-01 -7.350758e-03  5.130845e-02 2.686591e-03
 1.361361e-01  7.677116e-03  5.287496e-02 2.854699e-03
 1.371371e-01  2.297076e-02  5.004618e-02 3.032276e-03
 1.381381e-01  3.724724e-02  4.280662e-02 3.219764e-03
 1.391391e-01  4.923902e-02  3.151440e-02 3.417639e-03
 1.401401e-01  5.780239e-02  1.689040e-02 3.626402e-03
 1.411411e-01  6.202076e-02 -2.386068e-05 3.846575e-03
 1.421421e-01  6.129381e-02 -1.793763e-02 4.078689e-03
 1.431431e-01  5.540430e-02 -3.540688e-02 4.323283e-03
 1.441441e-01  4.455577e-02 -5.094782e-02 4.580897e-03
 1.451451e-01  2.937675e-02 -6.315926e-02 4.852085e-03
 1.461461e-01  1.088948e-02 -7.084374e-02 5.137417e-03
 1.471471e-01 -9.555739e-03 -7.311754e-02 5.437486e-03
 1.481481e-01 -3.037666e-02 -6.949945e-02 5.752915e-03
 1.491491e-01 -4.987890e-02 -5.997034e-02 6.084346e-03
 1.501502e-01 -6.639057e-02 -4.499703e-02 6.432441e-03
 1.511512e-01 -7.840120e-02 -2.551709e-02 6.797869e-03
 1.521522e-01 -8.469352e-02 -2.884073e-03 7.181311e-03
 1.531532e-01 -8.445706e-02  2.122386e-02 7.583447e-03
 1.541542e-01 -7.737331e-02  4.492601e-02 8.004976e-03
 1.551552e-01 -6.366438e-02  6.628312e-02 8.446605e-03
 1.561562e-01 -4.409962e-02  8.345231e-02 8.909064e-03
 1.571572e-01 -1.995802e-02  9.484081e-02 9.393102e-03
 1.581582e-01  7.052360e-03  9.924588e-02 9.899481e-03
 1.591592e-01  3.491306e-02  9.596902e-02 1.042898e-02
 1.601602e-01  6.144379e-02  8.489420e-02 1.098236e-02
 1.611612e-01  8.447010e-02  6.652243e-02 1.156043e-02
 1.621622e-01  1.019974e-01  4.195821e-02 1.216396e-02
 1.631632e-01  1.123774e-01  1.284718e-02 1.279374e-02
 1.641642e-01  1.144538e-01 -1.873191e-02 1.345056e-02
 1.651652e-01  1.076740e-01 -5.041377e-02 1.413523e-02
 1.661662e-01  9.215755e-02 -7.972165e-02 1.484855e-02
 1.671672e-01  6.871438e-02 -1.042578e-01 1.559135e-02
 1.681682e-01  3.880848e-02 -1.218947e-01 1.636442e-02
 1.691692e-01  4.469438e-03 -1.309527e-01 1.716858e-02
 1.701702e-01 -3.184378e-02 -1.303480e-01 1.800462e-02
 1.711712e-01 -6.741752e-02 -1.197004e-01 1.887331e-02
 1.721722e-01 -9.948420e-02 -9.938987e-02 1.977545e-02
 1.731732e-01 -1.254343e-01 -7.055524e-02 2.071179e-02
 1.741742e-01 -1.430232e-01 -3.503517e-02 2.168310e-02
 1.751752e-01 -1.505575e-01  4.747624e-03 2.269011e-02
 1.761762e-01 -1.470444e-01  4.595080e-02 2.373354e-02
 1.771772e-01 -1.322928e-01  8.551447e-02 2.481412e-02
 1.781782e-01 -1.069560e-01  1.203865e-01 2.593251e-02
 1.791792e-01 -7.251170e-02  1.477546e-01 2.708938e-02
 1.801802e-01 -3.117815e-02  1.652672e-01 2.828533e-02
 1.811812e-01  1.422778e-02  1.712266e-01 2.952098e-02
 1.821822e-01  6.048275e-02  1.647383e-01 3.079686e-02
 1.831832e-01  1.041852e-01  1.458045e-01 3.211352e-02
 1.841842e-01  1.420038e-01  1.153532e-01 3.347142e-02
 1.851852e-01  1.709278e-01  7.519788e-02 3.487103e-02
 1.861862e-01  1.885008e-01  2.793136e-02 3.631273e-02
 1.871872e-01  1.930198e-01 -2.324270e-02 3.779687e-02
 1.881882e-01  1.836833e-01 -7.472738e-02 3.932374e-02
 1.891892e-01  1.606777e-01 -1.227855e-01 4.089359e-02
 1.901902e-01  1.251921e-01 -1.638094e-01 4.250657e-02
 1.911912e-01  7.936078e-02 -1.945885e-01 4.416282e-02
 1.921922e-01  2.613419e-02 -2.125544e-01 4.586237e-02
 1.931932e-01 -3.091256e-02 -2.159852e-01 4.760521e-02
 1.941942e-01 -8.782142e-02 -2.041535e-01 4.939125e-02
 1.951952e-01 -1.405267e-01 -1.774051e-01 5.122033e-02
 1.961962e-01 -1.851447e-01 -1.371628e-01 5.309220e-02
 1.971972e-01 -2.182566e-01 -8.585201e-02 5.500653e-02
 1.981982e-01 -2.371649e-01 -2.675257e-02 5.696291e-02
 1.991992e-01 -2.401030e-01  3.621335e-02 5.896084e-02
 2.002002e-01 -2.263831e-01  9.874430e-02 6.099974e-02
 2.012012e-01 -1.964709e-01  1.564548e-01 6.307892e-02
 2.022022e-01 -1.519792e-01  2.051827e-01 6.519763e-02
 2.032032e-01 -9.558040e-02  2.412869e-01 6.735497e-02
 2.042042e-01 -3.084323e-02  2.619135e-01 6.955000e-02
 2.052052e-01  3.799746e-02  2.652128e-01 7.178164e-02
 2.062062e-01  1.063211e-01  2.504886e-01 7.404871e-02
 2.072072e-01  1.694342e-01  2.182705e-01 7.634993e-02
 2.082082e-01  2.228928e-01  1.703018e-01 7.868392e-02
 2.092092e-01  2.628142e-01  1.094434e-01 8.104918e-02
 2.102102e-01  2.861538e-01  3.949791e-02 8.344411e-02
 2.112112e-01  2.909290e-01 -3.503257e-02 8.586697e-02
 2.122122e-01  2.763734e-01 -1.092413e-01 8.831594e-02
 2.132132e-01  2.430104e-01 -1.781433e-01 9.078907e-02
 2.142142e-01  1.926389e-01 -2.370117e-01 9.328429e-02
 2.152152e-01  1.282332e-01 -2.817014e-01 9.579941e-02
 2.162162e-01  5.376108e-02 -3.089367e-01 9.833213e-02
 2.172172e-01 -2.606706e-02 -3.165447e-01 1.008800e-01
 2.182182e-01 -1.061022e-01 -3.036164e-01 1.034406e-01
 2.192192e-01 -1.810932e-01 -2.705853e-01 1.060112e-01
 2.202202e-01 -2.460346e-01 -2.192167e-01 1.085890e-01
 2.212212e-01 -2.965002e-01 -1.525085e-01 1.111712e-01
 2.222222e-01 -3.289427e-01 -7.450864e-02 1.137548e-01
 2.232232e-01 -3.409370e-01  9.937941e-03 1.163368e-01
 2.242242e-01 -3.313519e-01  9.549789e-02 1.189140e-01
 2.252252e-01 -3.004380e-01  1.766920e-01 1.214830e-01
 2.262262e-01 -2.498251e-01  2.482501e-01 1.240407e-01
 2.272272e-01 -1.824307e-01  3.054548e-01 1.265836e-01
 2.282282e-01 -1.022825e-01  3.444508e-01 1.291081e-01
 2.292292e-01 -1.426928e-02  3.625012e-01 1.316107e-01
 2.302302e-01  7.616618e-02  3.581711e-01 1.340878e-01
 2.312312e-01  1.633709e-01  3.314296e-01 1.365356e-01
 2.322322e-01  2.418402e-01  2.836613e-01 1.389505e-01
 2.332332e-01  3.065686e-01  2.175871e-01 1.413285e-01
 2.342342e-01  3.533688e-01  1.370995e-01 1.436658e-01
 2.352352e-01  3.791403e-01  4.702346e-02 1.459586e-01
 2.362362e-01  3.820687e-01 -4.718292e-02 1.482027e-01
 2.372372e-01  3.617449e-01 -1.397675e-01 1.503944e-01
 2.382382e-01  3.191948e-01 -2.250423e-01 1.525294e-01
 2.392392e-01  2.568196e-01 -2.977371e-01 1.546037e-01
 2.402402e-01  1.782499e-01 -3.533275e-01 1.566134e-01
 2.412412e-01  8.812305e-02 -3.883149e-01 1.585541e-01
 2.422422e-01 -8.201032e-03 -4.004432e-01 1.604220e-01
 2.432432e-01 -1.049687e-01 -3.888373e-01 1.622129e-01
 2.442442e-01 -1.963844e-01 -3.540562e-01 1.639227e-01
 2.452452e-01 -2.769638e-01 -2.980578e-01 1.655474e-01
 2.462462e-01 -3.418662e-01 -2.240773e-01 1.670831e-01
 2.472472e-01 -3.871862e-01 -1.364289e-01 1.685260e-01
 2.482482e-01 -4.101863e-01 -4.024283e-02 1.698723e-01
 2.492492e-01 -4.094574e-01  5.884642e-02 1.711182e-01
 2.502503e-01 -3.849978e-01  1.550391e-01 1.722604e-01
 2.512513e-01 -3.382064e-01  2.427176e-01 1.732954e-01
 2.522523e-01 -2.717920e-01  3.167792e-01 1.742200e-01
 2.532533e-01 -1.896047e-01  3.729360e-01 1.750312e-01
 2.542543e-01 -9.640035e-02  4.079620e-01 1.757260e-01
 2.552553e-01  2.445833e-03  4.198760e-01 1.763018e-01
 2.562563e-01  1.012600e-01  4.080471e-01 1.767561e-01
 2.572573e-01  1.944043e-01  3.732202e-01 1.770864e-01
 2.582583e-01  2.766050e-01  3.174591e-01 1.772906e-01
 2.592593e-01  3.432553e-01  2.440131e-01 1.773666e-01
 2.602603e-01  3.906751e-01  1.571163e-01 1.773126e-01
 2.612613e-01  4.163124e-01  6.173128e-02 1.771267e-01
 2.622623e-01  4.188763e-01 -3.674538e-02 1.768075e-01
 2.632633e-01  3.983945e-01 -1.327981e-01 1.763535e-01
 2.642643e-01  3.561938e-01 -2.211096e-01 1.757634e-01
 2.652653e-01  2.948049e-01 -2.968607e-01 1.750362e-01
 2.662663e-01  2.178010e-01 -3.559966e-01 1.741708e-01
 2.672673e-01  1.295780e-01 -3.954444e-01 1.731667e-01
 2.682683e-01  3.509282e-02 -4.132698e-01 1.720234e-01
 2.692693e-01 -6.042553e-02 -4.087659e-01 1.707408e-01
 2.702703e-01 -1.517745e-01 -3.824703e-01 1.693190e-01
 2.712713e-01 -2.340684e-01 -3.361109e-01 1.677585e-01
 2.722723e-01 -3.030044e-01 -2.724861e-01 1.660603e-01
 2.732733e-01 -3.550902e-01 -1.952861e-01 1.642257e-01
 2.742743e-01 -3.878193e-01 -1.088695e-01 1.622564e-01
 2.752753e-01 -3.997879e-01 -1.800712e-02 1.601546e-01
 2.762763e-01 -3.907461e-01  7.239112e-02 1.579230e-01
 2.772773e-01 -3.615837e-01  1.575492e-01 1.555645e-01
 2.782783e-01 -3.142528e-01  2.330835e-01 1.530827e-01
 2.792793e-01 -2.516328e-01  2.952326e-01 1.504814e-01
 2.802803e-01 -1.773488e-01  3.410455e-01 1.477646e-01
 2.812813e-01 -9.555300e-02  3.685194e-01 1.449369e-01
 2.822823e-01 -1.068406e-02  3.766812e-01 1.420028e-01
 2.832833e-01  7.278175e-02  3.656090e-01 1.389672e-01
 2.842843e-01  1.505737e-01  3.363961e-01 1.358347e-01
 2.852853e-01  2.188504e-01  2.910585e-01 1.326105e-01
 2.862863e-01  2.743924e-01  2.323970e-01 1.292995e-01
 2.872873e-01  3.147537e-01  1.638194e-01 1.259067e-01
 2.882883e-01  3.383662e-01  8.913666e-02 1.224371e-01
 2.892893e-01  3.445915e-01  1.234438e-02 1.188957e-01
 2.902903e-01  3.337204e-01 -6.259791e-02 1.152878e-01
 2.912913e-01  3.069216e-01 -1.319765e-01 1.116187e-01
 2.922923e-01  2.661447e-01 -1.925120e-01 1.078939e-01
 2.932933e-01  2.139842e-01 -2.415159e-01 1.041192e-01
 2.942943e-01  1.535147e-01 -2.770091e-01 1.003008e-01
 2.952953e-01  8.810601e-02 -2.977964e-01 9.644538e-02
 2.962963e-01  2.123130e-02 -3.034950e-01 9.256001e-02
 2.972973e-01 -4.372259e-02 -2.945176e-01 8.865227e-02
 2.982983e-01 -1.036311e-01 -2.720127e-01 8.473030e-02
 2.992993e-01 -1.557854e-01 -2.377680e-01 8.080269e-02
 3.003003e-01 -1.980159e-01 -1.940830e-01 7.687848e-02
 3.013013e-01 -2.287800e-01 -1.436202e-01 7.296705e-02
 3.023023e-01 -2.472117e-01 -8.924367e-02 6.907804e-02
 3.033033e-01 -2.531304e-01 -3.385490e-02 6.522117e-02
 3.043043e-01 -2.470132e-01  1.976504e-02 6.140616e-02
 3.053053e-01 -2.299304e-01  6.909806e-02 5.764252e-02
 3.063063e-01 -2.034536e-01  1.120096e-01 5.393949e-02
 3.073073e-01 -1.695395e-01  1.468409e-01 5.030587e-02
 3.083083e-01 -1.303996e-01  1.724700e-01 4.674995e-02
 3.093093e-01 -8.836294e-02  1.883387e-01 4.327948e-02
 3.103103e-01 -4.573947e-02  1.944467e-01 3.990162e-02
 3.113113e-01 -4.693562e-03  1.913138e-01 3.662300e-02
 3.123123e-01  3.286732e-02  1.799154e-01 3.344979e-02
 3.133133e-01  6.538239e-02  1.615951e-01 3.038782e-02
 3.143143e-01  9.170163e-02  1.379618e-01 2.744266e-02
 3.153153e-01  1.111223e-01  1.107775e-01 2.461981e-02
 3.163163e-01  1.233963e-01  8.184238e-02 2.192482e-02
 3.173173e-01  1.287111e-01  5.288571e-02 1.936345e-02
 3.183183e-01  1.276445e-01  2.546690e-02 1.694167e-02
 3.193193e-01  1.210993e-01  8.932499e-04 1.466584e-02
 3.203203e-01  1.102219e-01 -1.984194e-02 1.254256e-02
 3.213213e-01  9.631028e-02 -3.609814e-02 1.057875e-02
 3.223223e-01  8.071842e-02 -4.760194e-02 8.781408e-03
 3.233233e-01  6.476201e-02 -5.443735e-02 7.157543e-03
 3.243243e-01  4.963220e-02 -5.701362e-02 5.713909e-03
 3.253253e-01  3.632183e-02 -5.601375e-02 4.456815e-03
 3.263263e-01  2.556821e-02 -5.232747e-02 3.391898e-03
 3.273273e-01  1.781573e-02 -4.697370e-02 2.523929e-03
 3.283283e-01  1.319941e-02 -4.101762e-02 1.856669e-03
 3.293293e-01  1.155014e-02 -3.548781e-02 1.392790e-03
 3.303303e-01  1.242027e-02 -3.129867e-02 1.133870e-03
 3.313313e-01  1.512766e-02 -2.918290e-02 1.080488e-03
 3.323323e-01  1.881451e-02 -2.963799e-02 1.232396e-03
 3.333333e-01  2.251738e-02 -3.288986e-02 1.588776e-03
 3.343343e-01  2.524340e-02 -3.887561e-02 2.148542e-03
 3.353353e-01  2.604801e-02 -4.724604e-02 2.910687e-03
 3.363363e-01  2.410910e-02 -5.738774e-02 3.874601e-03
 3.373373e-01  1.879334e-02 -6.846295e-02 5.040366e-03
 3.383383e-01  9.710059e-03 -7.946483e-02 6.408944e-03
 3.393393e-01 -3.249885e-03 -8.928439e-02 7.982263e-03
 3.403403e-01 -1.989331e-02 -9.678533e-02 9.763145e-03
 3.413413e-01 -3.972266e-02 -1.008820e-01 1.175506e-02
 3.423423e-01 -6.195339e-02 -1.006158e-01 1.396176e-02
 3.433433e-01 -8.554945e-02 -9.522592e-02 1.638668e-02
 3.443443e-01 -1.092753e-01 -8.420952e-02 1.903233e-02
 3.453453e-01 -1.317612e-01 -6.736843e-02 2.189951e-02
 3.463463e-01 -1.515787e-01 -4.483916e-02 2.498665e-02
 3.473473e-01 -1.673216e-01 -1.710452e-02 2.828907e-02
 3.483483e-01 -1.776884e-01  1.501418e-02 3.179858e-02
 3.493493e-01 -1.815615e-01  5.038405e-02 3.550311e-02
 3.503504e-01 -1.780788e-01  8.760559e-02 3.938679e-02
 3.513514e-01 -1.666940e-01  1.250734e-01 4.343024e-02
 3.523524e-01 -1.472218e-01  1.610500e-01 4.761134e-02
 3.533534e-01 -1.198657e-01  1.937484e-01 5.190623e-02
 3.543544e-01 -8.522703e-02  2.214205e-01 5.629068e-02
 3.553554e-01 -4.429344e-02  2.424453e-01 6.074164e-02
 3.563564e-01  1.591567e-03  2.554142e-01 6.523895e-02
 3.573574e-01  5.077793e-02  2.592075e-01 6.976695e-02
 3.583584e-01  1.013742e-01  2.530598e-01 7.431598e-02
 3.593594e-01  1.513261e-01  2.366093e-01 7.888355e-02
 3.603604e-01  1.985051e-01  2.099300e-01 8.347489e-02
 3.613614e-01  2.408017e-01  1.735444e-01 8.810314e-02
 3.623624e-01  2.762212e-01  1.284151e-01 9.278858e-02
 3.633634e-01  3.029751e-01  7.591711e-02 9.755732e-02
 3.643644e-01  3.195664e-01  1.779044e-02 1.024392e-01
 3.653654e-01  3.248624e-01 -4.392407e-02 1.074649e-01
 3.663664e-01  3.181541e-01 -1.069636e-01 1.126633e-01
 3.673674e-01  2.991969e-01 -1.689332e-01 1.180572e-01
 3.683684e-01  2.682328e-01 -2.274025e-01 1.236607e-01
 3.693694e-01  2.259924e-01 -2.800057e-01 1.294757e-01
 3.703704e-01  1.736750e-01 -3.245401e-01 1.354893e-01
 3.713714e-01  1.129107e-01 -3.590591e-01 1.416723e-01
 3.723724e-01  4.570257e-02 -3.819556e-01 1.479788e-01
 3.733734e-01 -2.564646e-02 -3.920324e-01 1.543471e-01
 3.743744e-01 -9.861948e-02 -3.885563e-01 1.607018e-01
 3.753754e-01 -1.705811e-01 -3.712943e-01 1.669574e-01
 3.763764e-01 -2.388784e-01 -3.405298e-01 1.730234e-01
 3.773774e-01 -3.009432e-01 -2.970581e-01 1.788104e-01
 3.783784e-01 -3.543917e-01 -2.421624e-01 1.842361e-01
 3.793794e-01 -3.971167e-01 -1.775695e-01 1.892326e-01
 3.803804e-01 -4.273704e-01 -1.053892e-01 1.937523e-01
 3.813814e-01 -4.438328e-01 -2.803770e-02 1.977736e-01
 3.823824e-01 -4.456640e-01  5.184964e-02 2.013048e-01
 3.833834e-01 -4.325384e-01  1.315152e-01 2.043857e-01
 3.843844e-01 -4.046595e-01  2.081797e-01 2.070881e-01
 3.853854e-01 -3.627545e-01  2.791440e-01 2.095122e-01
 3.863864e-01 -3.080500e-01  3.418871e-01 2.117816e-01
 3.873874e-01 -2.422286e-01  3.941582e-01 2.140353e-01
 3.883884e-01 -1.673698e-01  4.340573e-01 2.164184e-01
 3.893894e-01 -8.587588e-02  4.601038e-01 2.190702e-01
 3.903904e-01 -3.872679e-04  4.712884e-01 2.221129e-01
 3.913914e-01  8.631091e-02  4.671084e-01 2.256398e-01
 3.923924e-01  1.713859e-01  4.475841e-01 2.297047e-01
 3.933934e-01  2.520559e-01  4.132570e-01 2.343136e-01
 3.943944e-01  3.256854e-01  3.651691e-01 2.394194e-01
 3.953954e-01  3.898748e-01  3.048245e-01 2.449204e-01
 3.963964e-01  4.425406e-01  2.341364e-01 2.506620e-01
 3.973974e-01  4.819834e-01  1.553591e-01 2.564445e-01
 3.983984e-01  5.069425e-01  7.100981e-02 2.620331e-01
 3.993994e-01  5.166336e-01 -1.621745e-02 2.671733e-01
 4.004004e-01  5.107706e-01 -1.035435e-01 2.716078e-01
 4.014014e-01  4.895696e-01 -1.881967e-01 2.750964e-01
 4.024024e-01  4.537364e-01 -2.675040e-01 2.774351e-01
 4.034034e-01  4.044368e-01 -3.389776e-01 2.784749e-01
 4.044044e-01  3.432528e-01 -4.003935e-01 2.781374e-01
 4.054054e-01  2.721258e-01 -4.498606e-01 2.764270e-01
 4.064064e-01  1.932883e-01 -4.858769e-01 2.734367e-01
 4.074074e-01  1.091881e-01 -5.073723e-01 2.693487e-01
 4.084084e-01  2.240615e-02 -5.137365e-01 2.644272e-01
 4.094094e-01 -6.442735e-02 -5.048312e-01 2.590055e-01
 4.104104e-01 -1.487173e-01 -4.809872e-01 2.534655e-01
 4.114114e-01 -2.279845e-01 -4.429860e-01 2.482135e-01
 4.124124e-01 -2.999416e-01 -3.920281e-01 2.436509e-01
 4.134134e-01 -3.625602e-01 -3.296882e-01 2.401442e-01
 4.144144e-01 -4.141291e-01 -2.578603e-01 2.379948e-01
 4.154154e-01 -4.533000e-01 -1.786934e-01 2.374122e-01
 4.164164e-01 -4.791215e-01 -9.452176e-02 2.384918e-01
 4.174174e-01 -4.910593e-01 -7.790253e-03 2.412000e-01
 4.184184e-01 -4.890032e-01  7.902070e-02 2.453684e-01
 4.194194e-01 -4.732599e-01  1.634698e-01 2.506973e-01
 4.204204e-01 -4.445344e-01  2.432262e-01 2.567698e-01
 4.214214e-01 -4.038987e-01  3.161350e-01 2.630755e-01
 4.224224e-01 -3.527503e-01  3.802762e-01 2.690428e-01
 4.234234e-01 -2.927627e-01  4.340139e-01 2.740780e-01
 4.244244e-01 -2.258279e-01  4.760363e-01 2.776088e-01
 4.254254e-01 -1.539950e-01  5.053846e-01 2.791281e-01
 4.264264e-01 -7.940561e-02  5.214700e-01 2.782362e-01
 4.274274e-01 -4.228479e-03  5.240800e-01 2.746777e-01
 4.284284e-01  6.940444e-02  5.133733e-01 2.683691e-01
 4.294294e-01  1.394590e-01  4.898637e-01 2.594152e-01
 4.304304e-01  2.040546e-01  4.543950e-01 2.481131e-01
 4.314314e-01  2.615142e-01  4.081067e-01 2.349408e-01
 4.324324e-01  3.104058e-01  3.523933e-01 2.205328e-01
 4.334334e-01  3.495765e-01  2.888568e-01 2.056420e-01
 4.344344e-01  3.781763e-01  2.192567e-01 1.910908e-01
 4.354354e-01  3.956734e-01  1.454562e-01 1.777149e-01
 4.364364e-01  4.018586e-01  6.936843e-02 1.663023e-01
 4.374374e-01  3.968420e-01 -7.096353e-03 1.575339e-01
 4.384384e-01  3.810391e-01 -8.208165e-02 1.519282e-01
 4.394394e-01  3.551505e-01 -1.538316e-01 1.497961e-01
 4.404404e-01  3.201327e-01 -2.207329e-01 1.512080e-01
 4.414414e-01  2.771645e-01 -2.813513e-01 1.559787e-01
 4.424424e-01  2.276069e-01 -3.344609e-01 1.636690e-01
 4.434434e-01  1.729614e-01 -3.790668e-01 1.736073e-01
 4.444444e-01  1.148240e-01 -4.144204e-01 1.849288e-01
 4.454454e-01  5.483991e-02 -4.400268e-01 1.966310e-01
 4.464464e-01 -5.342039e-03 -4.556458e-01 2.076417e-01
 4.474474e-01 -6.411309e-02 -4.612853e-01 2.168946e-01
 4.484484e-01 -1.199458e-01 -4.571884e-01 2.234082e-01
 4.494494e-01 -1.714311e-01 -4.438158e-01 2.263611e-01
 4.504505e-01 -2.173112e-01 -4.218222e-01 2.251581e-01
 4.514515e-01 -2.565070e-01 -3.920298e-01 2.194832e-01
 4.524525e-01 -2.881402e-01 -3.553984e-01 2.093328e-01
 4.534535e-01 -3.115489e-01 -3.129938e-01 1.950278e-01
 4.544545e-01 -3.262975e-01 -2.659553e-01 1.772023e-01
 4.554555e-01 -3.321804e-01 -2.154634e-01 1.567683e-01
 4.564565e-01 -3.292196e-01 -1.627078e-01 1.348594e-01
 4.574575e-01 -3.176573e-01 -1.088586e-01 1.127563e-01
 4.584585e-01 -2.979426e-01 -5.503810e-02 9.179896e-02
 4.594595e-01 -2.707144e-01 -2.297612e-03 7.329155e-02
 4.604605e-01 -2.367802e-01  4.840378e-02 5.840780e-02
 4.614615e-01 -1.970916e-01  9.621516e-02 4.810247e-02
 4.624625e-01 -1.527174e-01  1.404070e-01 4.303673e-02
 4.634635e-01 -1.048150e-01  1.803785e-01 4.352260e-02
 4.644645e-01 -5.460097e-02  2.156631e-01 4.949182e-02
 4.654655e-01 -3.321383e-03  2.459269e-01 6.049105e-02
 4.664665e-01  4.777760e-02  2.709670e-01 7.570582e-02
 4.674675e-01  9.747757e-02  2.907031e-01 9.401016e-02
 4.684685e-01  1.446148e-01  3.051692e-01 1.140417e-01
 4.694695e-01  1.881041e-01  3.144997e-01 1.342932e-01
 4.704705e-01  2.269610e-01  3.189180e-01 1.532200e-01
 4.714715e-01  2.603199e-01  3.187181e-01 1.693477e-01
 4.724725e-01  2.874511e-01  3.142521e-01 1.813825e-01
 4.734735e-01  3.077714e-01  3.059105e-01 1.883044e-01
 4.744745e-01  3.208551e-01  2.941104e-01 1.894489e-01
 4.754755e-01  3.264371e-01  2.792758e-01 1.845561e-01
 4.764765e-01  3.244187e-01  2.618300e-01 1.738024e-01
 4.774775e-01  3.148614e-01  2.421761e-01 1.577870e-01
 4.784785e-01  2.979900e-01  2.206967e-01 1.375051e-01
 4.794795e-01  2.741761e-01  1.977333e-01 1.142709e-01
 4.804805e-01  2.439409e-01  1.735975e-01 8.964327e-02
 4.814815e-01  2.079263e-01  1.485448e-01 6.529888e-02
 4.824825e-01  1.669063e-01  1.228083e-01 4.293961e-02
 4.834835e-01  1.217289e-01  9.654322e-02 2.413851e-02
 4.844845e-01  7.338104e-02  6.994192e-02 1.027665e-02
 4.854855e-01  2.269482e-02  4.282043e-02 2.348644e-03
 4.864865e-01 -2.985304e-02  1.375257e-02 1.080337e-03
 4.874875e-01 -8.093850e-02 -1.615969e-02 6.812176e-03
 4.884885e-01 -1.268208e-01 -4.528994e-02 1.813470e-02
 4.894895e-01 -1.641779e-01 -7.213663e-02 3.215807e-02
 4.904905e-01 -1.902230e-01 -9.525956e-02 4.525916e-02
 4.914915e-01 -2.029628e-01 -1.134106e-01 5.405587e-02
 4.924925e-01 -2.013154e-01 -1.255566e-01 5.629237e-02
 4.934935e-01 -1.852140e-01 -1.309566e-01 5.145387e-02
 4.944945e-01 -1.556121e-01 -1.291882e-01 4.090470e-02
 4.954955e-01 -1.144334e-01 -1.201895e-01 2.754052e-02
 4.964965e-01 -6.444634e-02 -1.042677e-01 1.502509e-02
 4.974975e-01 -9.078272e-03 -8.210422e-02 6.823518e-03
 4.984985e-01  4.781339e-02 -5.473378e-02 5.281907e-03
 4.994995e-01  1.022120e-01 -2.350962e-02 1.100000e-02
 5.005005e-01  1.502142e-01  9.950693e-03 2.266333e-02
 5.015015e-01  1.883150e-01  4.383949e-02 3.738442e-02
 5.025025e-01  2.136474e-01  7.624291e-02 5.145820e-02
 5.035035e-01  2.242082e-01  1.052456e-01 6.134596e-02
 5.045045e-01  2.189937e-01  1.290312e-01 6.460729e-02
 5.055055e-01  1.981074e-01  1.460004e-01 6.056263e-02
 5.065065e-01  1.627453e-01  1.548650e-01 5.046920e-02
 5.075075e-01  1.151617e-01  1.547570e-01 3.721192e-02
 5.085085e-01  5.849076e-02  1.452869e-01 2.452946e-02
 5.095095e-01 -3.409028e-03  1.266206e-01 1.604439e-02
 5.105105e-01 -6.627440e-02  9.947210e-02 1.428700e-02
 5.115115e-01 -1.256464e-01  6.513505e-02 2.002960e-02
 5.125125e-01 -1.772933e-01  2.538046e-02 3.207708e-02
 5.135135e-01 -2.173431e-01 -1.753927e-02 4.754565e-02
 5.145145e-01 -2.428380e-01 -6.114426e-02 6.270891e-02
 5.155155e-01 -2.514165e-01 -1.025870e-01 7.373434e-02
 5.165165e-01 -2.436664e-01 -1.400021e-01 7.897391e-02
 5.175175e-01 -2.291175e-01 -1.764257e-01 8.362086e-02
 5.185185e-01 -2.092745e-01 -2.117488e-01 8.863339e-02
 5.195195e-01 -1.839022e-01 -2.450321e-01 9.386074e-02
 5.205205e-01 -1.532637e-01 -2.754871e-01 9.938292e-02
 5.215215e-01 -1.175740e-01 -3.022428e-01 1.051744e-01
 5.225225e-01 -7.728343e-02 -3.244934e-01 1.112687e-01
 5.235235e-01 -3.290873e-02 -3.414399e-01 1.176642e-01
 5.245245e-01  1.485358e-02 -3.523651e-01 1.243818e-01
 5.255255e-01  6.521579e-02 -3.566168e-01 1.314286e-01
 5.265265e-01  1.172443e-01 -3.536588e-01 1.388208e-01
 5.275275e-01  1.699219e-01 -3.430689e-01 1.465697e-01
 5.285285e-01  2.221235e-01 -3.245774e-01 1.546894e-01
 5.295295e-01  2.726689e-01 -2.980696e-01 1.631938e-01
 5.305305e-01  3.203180e-01 -2.636140e-01 1.720960e-01
 5.315315e-01  3.638207e-01 -2.214635e-01 1.814116e-01
 5.325325e-01  4.019254e-01 -1.720733e-01 1.911532e-01
 5.335335e-01  4.334274e-01 -1.160968e-01 2.013378e-01
 5.345345e-01  4.571863e-01 -5.439223e-02 2.119778e-01
 5.355355e-01  4.721728e-01  1.198970e-02 2.230909e-01
 5.365365e-01  4.774902e-01  8.181150e-02 2.346900e-01
 5.375375e-01  4.724175e-01  1.536709e-01 2.467930e-01
 5.385385e-01  4.564304e-01  2.260190e-01 2.594133e-01
 5.395395e-01  4.292382e-01  2.971927e-01 2.725689e-01
 5.405405e-01  3.907996e-01  3.654443e-01 2.862739e-01
 5.415415e-01  3.413496e-01  4.289833e-01 3.005462e-01
 5.425425e-01  2.814062e-01  4.860154e-01 3.154004e-01
 5.435435e-01  2.117838e-01  5.347914e-01 3.308542e-01
 5.445445e-01  1.335874e-01  5.736526e-01 3.469229e-01
 5.455455e-01  4.820998e-02  6.010820e-01 3.636237e-01
 5.465465e-01 -4.268874e-02  6.157517e-01 3.809725e-01
 5.475475e-01 -1.372022e-01  6.165725e-01 3.989861e-01
 5.485485e-01 -2.332145e-01  6.027368e-01 4.176807e-01
 5.495495e-01 -3.284374e-01  5.737609e-01 4.370727e-01
 5.505506e-01 -4.204632e-01  5.295178e-01 4.571784e-01
 5.515516e-01 -5.068169e-01  4.702664e-01 4.780138e-01
 5.525526e-01 -5.850208e-01  3.966685e-01 4.995952e-01
 5.535536e-01 -6.526579e-01  3.097995e-01 5.219381e-01
 5.545546e-01 -7.074437e-01  2.111447e-01 5.450587e-01
 5.555556e-01 -7.472934e-01  1.025877e-01 5.689716e-01
 5.565566e-01 -7.703944e-01 -1.361668e-02 5.936930e-01
 5.575576e-01 -7.752706e-01 -1.348786e-01 6.192367e-01
 5.585586e-01 -7.608463e-01 -2.583241e-01 6.456184e-01
 5.595596e-01 -7.264989e-01 -3.808550e-01 6.728513e-01
 5.605606e-01 -6.721068e-01 -4.992219e-01 7.009501e-01
 5.615616e-01 -5.980813e-01 -6.101034e-01 7.299274e-01
 5.625626e-01 -5.053903e-01 -7.101955e-01 7.597970e-01
 5.635636e-01 -3.955633e-01 -7.963041e-01 7.905706e-01
 5.645646e-01 -2.706838e-01 -8.654428e-01 8.222609e-01
 5.655656e-01 -1.333624e-01 -9.149279e-01 8.548787e-01
 5.665666e-01  1.330443e-02 -9.424745e-01 8.884352e-01
 5.675676e-01  1.657952e-01 -9.462834e-01 9.229404e-01
 5.685686e-01  3.202381e-01 -9.251225e-01 9.584040e-01
 5.695696e-01  4.725031e-01 -8.783938e-01 9.948348e-01
 5.705706e-01  6.183050e-01 -8.061885e-01 1.032241e+00
 5.715716e-01  7.533202e-01 -7.093225e-01 1.070630e+00
 5.725726e-01  8.733089e-01 -5.893550e-01 1.110008e+00
 5.735736e-01  9.742454e-01 -4.485833e-01 1.150381e+00
 5.745746e-01  1.052447e+00 -2.900174e-01 1.191754e+00
 5.755756e-01  1.104701e+00 -1.173303e-01 1.234131e+00
 5.765766e-01  1.128389e+00  6.521470e-02 1.277515e+00
 5.775776e-01  1.121593e+00  2.528585e-01 1.321909e+00
 5.785786e-01  1.083192e+00  4.404619e-01 1.367312e+00
 5.795796e-01  1.012940e+00  6.226396e-01 1.413727e+00
 5.805806e-01  9.115146e-01  7.939092e-01 1.461151e+00
 5.815816e-01  7.805520e-01  9.488526e-01 1.509583e+00
 5.825826e-01  6.226412e-01  1.082283e+00 1.559019e+00
 5.835836e-01  4.412971e-01  1.189417e+00 1.609456e+00
 5.845846e-01  2.408987e-01  1.266040e+00 1.660888e+00
 5.855856e-01  2.659871e-02  1.308664e+00 1.713310e+00
 5.865866e-01 -1.957973e-01  1.314677e+00 1.766712e+00
 5.875876e-01 -4.199785e-01  1.282461e+00 1.821087e+00
 5.885886e-01 -6.393011e-01  1.211494e+00 1.876425e+00
 5.895896e-01 -8.469794e-01  1.102424e+00 1.932713e+00
 5.905906e-01 -1.036293e+00  9.570982e-01 1.989941e+00
 5.915916e-01 -1.200803e+00  7.785661e-01 2.048093e+00
 5.925926e-01 -1.334567e+00  5.710400e-01 2.107156e+00
 5.935936e-01 -1.432354e+00  3.398145e-01 2.167112e+00
 5.945946e-01 -1.489845e+00  9.114815e-02 2.227945e+00
 5.955956e-01 -1.503811e+00 -1.678934e-01 2.289635e+00
 5.965966e-01 -1.472271e+00 -4.296281e-01 2.352163e+00
 5.975976e-01 -1.394611e+00 -6.859785e-01 2.415506e+00
 5.985986e-01 -1.271663e+00 -9.287166e-01 2.479642e+00
 5.995996e-01 -1.105748e+00 -1.149726e+00 2.544548e+00
 6.006006e-01 -9.006575e-01 -1.341273e+00 2.610198e+00
 6.016016e-01 -6.616005e-01 -1.496279e+00 2.676565e+00
 6.026026e-01 -3.950878e-01 -1.608579e+00 2.743622e+00
 6.036036e-01 -1.087727e-01 -1.673173e+00 2.811340e+00
 6.046046e-01  1.887555e-01 -1.686434e+00 2.879688e+00
 6.056056e-01  4.882201e-01 -1.646292e+00 2.948636e+00
 6.066066e-01  7.799407e-01 -1.552366e+00 3.018149e+00
 6.076076e-01  1.054143e+00 -1.406050e+00 3.088196e+00
 6.086086e-01  1.301288e+00 -1.210533e+00 3.158740e+00
 6.096096e-01  1.512402e+00 -9.707652e-01 3.229745e+00
 6.106106e-01  1.679412e+00 -6.933602e-01 3.301175e+00
 6.116116e-01  1.795456e+00 -3.864319e-01 3.372991e+00
 6.126126e-01  1.855162e+00 -5.937383e-02 3.445153e+00
 6.136136e-01  1.854902e+00  2.774161e-01 3.517622e+00
 6.146146e-01  1.792975e+00  6.128588e-01 3.590356e+00
 6.156156e-01  1.669745e+00  9.355555e-01 3.663314e+00
 6.166166e-01  1.487704e+00  1.234174e+00 3.736451e+00
 6.176176e-01  1.251464e+00  1.497852e+00 3.809724e+00
 6.186186e-01  9.676707e-01  1.716596e+00 3.883088e+00
 6.196196e-01  6.448419e-01  1.881669e+00 3.956498e+00
 6.206206e-01  2.931326e-01  1.985946e+00 4.029907e+00
 6.216216e-01 -7.597172e-02  2.024227e+00 4.103269e+00
 6.226226e-01 -4.500204e-01  1.993494e+00 4.176535e+00
 6.236236e-01 -8.160130e-01  1.893088e+00 4.249659e+00
 6.246246e-01 -1.160852e+00  1.724823e+00 4.322592e+00
 6.256256e-01 -1.471814e+00  1.492999e+00 4.395283e+00
 6.266266e-01 -1.737030e+00  1.204330e+00 4.467685e+00
 6.276276e-01 -1.945947e+00  8.677774e-01 4.539746e+00
 6.286286e-01 -2.089759e+00  4.942947e-01 4.611418e+00
 6.296296e-01 -2.161791e+00  9.648691e-02 4.682649e+00
 6.306306e-01 -2.157816e+00 -3.118042e-01 4.753390e+00
 6.316316e-01 -2.076287e+00 -7.159768e-01 4.823589e+00
 6.326326e-01 -1.918482e+00 -1.101192e+00 4.893197e+00
 6.336336e-01 -1.688543e+00 -1.452923e+00 4.962161e+00
 6.346346e-01 -1.393405e+00 -1.757514e+00 5.030433e+00
 6.356356e-01 -1.042622e+00 -2.002723e+00 5.097961e+00
 6.366366e-01 -6.480786e-01 -2.178231e+00 5.164695e+00
 6.376376e-01 -2.236047e-01 -2.276090e+00 5.230585e+00
 6.386386e-01  2.154952e-01 -2.291101e+00 5.295582e+00
 6.396396e-01  6.529914e-01 -2.221089e+00 5.359635e+00
 6.406406e-01  1.072329e+00 -2.067077e+00 5.422698e+00
 6.416416e-01  1.457261e+00 -1.833333e+00 5.484720e+00
 6.426426e-01  1.792491e+00 -1.527296e+00 5.545655e+00
 6.436436e-01  2.064297e+00 -1.159368e+00 5.605454e+00
 6.446446e-01  2.261113e+00 -7.425893e-01 5.664073e+00
 6.456456e-01  2.374045e+00 -2.921940e-01 5.721465e+00
 6.466466e-01  2.397286e+00  1.749387e-01 5.777584e+00
 6.476476e-01  2.328438e+00  6.409105e-01 5.832388e+00
 6.486486e-01  2.168684e+00  1.087493e+00 5.885833e+00
 6.496496e-01  1.922840e+00  1.496851e+00 5.937877e+00
 6.506507e-01  1.599245e+00  1.852267e+00 5.988479e+00
 6.516517e-01  1.209513e+00  2.138849e+00 6.037599e+00
 6.526527e-01  7.681407e-01  2.344175e+00 6.085197e+00
 6.536537e-01  2.919864e-01  2.458858e+00 6.131237e+00
 6.546547e-01 -2.003652e-01  2.477001e+00 6.175681e+00
 6.556557e-01 -6.893252e-01  2.396524e+00 6.218496e+00
 6.566567e-01 -1.155086e+00  2.219329e+00 6.259645e+00
 6.576577e-01 -1.578434e+00  1.951318e+00 6.299098e+00
 6.586587e-01 -1.941566e+00  1.602232e+00 6.336824e+00
 6.596597e-01 -2.228854e+00  1.185328e+00 6.372792e+00
 6.606607e-01 -2.427556e+00  7.169001e-01 6.406974e+00
 6.616617e-01 -2.528405e+00  2.156602e-01 6.439344e+00
 6.626627e-01 -2.526078e+00 -2.980058e-01 6.469876e+00
 6.636637e-01 -2.419495e+00 -8.028650e-01 6.498548e+00
 6.646647e-01 -2.211957e+00 -1.277725e+00 6.525337e+00
 6.656657e-01 -1.911088e+00 -1.702341e+00 6.550223e+00
 6.666667e-01 -1.528592e+00 -2.058299e+00 6.573187e+00
 6.676677e-01 -1.079825e+00 -2.329848e+00 6.594213e+00
 6.686687e-01 -5.832034e-01 -2.504628e+00 6.613286e+00
 6.696697e-01 -5.945768e-02 -2.574268e+00 6.630391e+00
 6.706707e-01  4.692280e-01 -2.534826e+00 6.645517e+00
 6.716717e-01  9.801607e-01 -2.387036e+00 6.658655e+00
 6.726727e-01  1.451126e+00 -2.136359e+00 6.669795e+00
 6.736737e-01  1.861376e+00 -1.792822e+00 6.678931e+00
 6.746747e-01  2.192572e+00 -1.370652e+00 6.686059e+00
 6.756757e-01  2.429639e+00 -8.877092e-01 6.691176e+00
 6.766767e-01  2.561491e+00 -3.647531e-01 6.694280e+00
 6.776777e-01  2.581587e+00  1.754457e-01 6.695371e+00
 6.786787e-01  2.488300e+00  7.090964e-01 6.694453e+00
 6.796797e-01  2.285061e+00  1.212446e+00 6.691530e+00
 6.806807e-01  1.980279e+00  1.662859e+00 6.686606e+00
 6.816817e-01  1.587031e+00  2.039858e+00 6.679690e+00
 6.826827e-01  1.122529e+00  2.326096e+00 6.670791e+00
 6.836837e-01  6.073870e-01  2.508187e+00 6.659919e+00
 6.846847e-01  6.472252e-02  2.577382e+00 6.647087e+00
 6.856857e-01 -4.808837e-01  2.530032e+00 6.632310e+00
 6.866867e-01 -1.004507e+00  2.367820e+00 6.615604e+00
 6.876877e-01 -1.482034e+00  2.097751e+00 6.596985e+00
 6.886887e-01 -1.891302e+00  1.731891e+00 6.576472e+00
 6.896897e-01 -2.213162e+00  1.286858e+00 6.554087e+00
 6.906907e-01 -2.432411e+00  7.830901e-01 6.529851e+00
 6.916917e-01 -2.538560e+00  2.439274e-01 6.503789e+00
 6.926927e-01 -2.526383e+00 -3.054699e-01 6.475923e+00
 6.936937e-01 -2.396218e+00 -8.392989e-01 6.446282e+00
 6.946947e-01 -2.154010e+00 -1.332342e+00 6.414893e+00
 6.956957e-01 -1.811081e+00 -1.761185e+00 6.381785e+00
 6.966967e-01 -1.383636e+00 -2.105360e+00 6.346988e+00
 6.976977e-01 -8.920232e-01 -2.348367e+00 6.310534e+00
 6.986987e-01 -3.597833e-01 -2.478510e+00 6.272455e+00
 6.996997e-01  1.874713e-01 -2.489506e+00 6.232785e+00
 7.007007e-01  7.232928e-01 -2.380842e+00 6.191560e+00
 7.017017e-01  1.221691e+00 -2.157843e+00 6.148815e+00
 7.027027e-01  1.658420e+00 -1.831456e+00 6.104587e+00
 7.037037e-01  2.012188e+00 -1.417750e+00 6.058914e+00
 7.047047e-01  2.265741e+00 -9.371510e-01 6.011836e+00
 7.057057e-01  2.406750e+00 -4.134549e-01 5.963391e+00
 7.067067e-01  2.428457e+00  1.273441e-01 5.913620e+00
 7.077077e-01  2.330052e+00  6.583463e-01 5.862564e+00
 7.087087e-01  2.116749e+00  1.153099e+00 5.810266e+00
 7.097097e-01  1.799553e+00  1.586940e+00 5.756767e+00
 7.107107e-01  1.394729e+00  1.938257e+00 5.702111e+00
 7.117117e-01  9.230036e-01  2.189613e+00 5.646342e+00
 7.127127e-01  4.085167e-01  2.328651e+00 5.589503e+00
 7.137137e-01 -1.224014e-01  2.348756e+00 5.531638e+00
 7.147147e-01 -6.425825e-01  2.249418e+00 5.472794e+00
 7.157157e-01 -1.125424e+00  2.036280e+00 5.413014e+00
 7.167167e-01 -1.546276e+00  1.720865e+00 5.352345e+00
 7.177177e-01 -1.883733e+00  1.319993e+00 5.290831e+00
 7.187187e-01 -2.120764e+00  8.549146e-01 5.228519e+00
 7.197197e-01 -2.245621e+00  3.502015e-01 5.165454e+00
 7.207207e-01 -2.252468e+00 -1.675427e-01 5.101682e+00
 7.217217e-01 -2.141702e+00 -6.710884e-01 5.037249e+00
 7.227227e-01 -1.919943e+00 -1.134028e+00 4.972201e+00
 7.237237e-01 -1.599682e+00 -1.532188e+00 4.906583e+00
 7.247247e-01 -1.198624e+00 -1.844923e+00 4.840441e+00
 7.257257e-01 -7.387334e-01 -2.056233e+00 4.773820e+00
 7.267267e-01 -2.450499e-01 -2.155624e+00 4.706765e+00
 7.277277e-01  2.556670e-01 -2.138681e+00 4.639321e+00
 7.287287e-01  7.363953e-01 -2.007300e+00 4.571533e+00
 7.297297e-01  1.171326e+00 -1.769587e+00 4.503443e+00
 7.307307e-01  1.537277e+00 -1.439401e+00 4.435096e+00
 7.317317e-01  1.814962e+00 -1.035590e+00 4.366535e+00
 7.327327e-01  1.990053e+00 -5.809392e-01 4.297802e+00
 7.337337e-01  2.053962e+00 -1.009014e-01 4.228940e+00
 7.347347e-01  2.004305e+00  3.778232e-01 4.159989e+00
 7.357357e-01  1.845024e+00  8.287813e-01 4.090991e+00
 7.367367e-01  1.586143e+00  1.227248e+00 4.021986e+00
 7.377377e-01  1.243188e+00  1.551611e+00 3.953012e+00
 7.387387e-01  8.362936e-01  1.784579e+00 3.884109e+00
 7.397397e-01  3.890413e-01  1.914148e+00 3.815315e+00
 7.407407e-01 -7.289184e-02  1.934258e+00 3.746667e+00
 7.417417e-01 -5.232087e-01  1.845116e+00 3.678201e+00
 7.427427e-01 -9.365005e-01  1.653154e+00 3.609952e+00
 7.437437e-01 -1.289702e+00  1.370629e+00 3.541956e+00
 7.447447e-01 -1.563412e+00  1.014883e+00 3.474246e+00
 7.457457e-01 -1.742993e+00  6.073156e-01 3.406856e+00
 7.467467e-01 -1.819394e+00  1.721108e-01 3.339816e+00
 7.477477e-01 -1.789647e+00 -2.651855e-01 3.273158e+00
 7.487487e-01 -1.656997e+00 -6.791714e-01 3.206913e+00
 7.497497e-01 -1.430673e+00 -1.046080e+00 3.141108e+00
 7.507508e-01 -1.125299e+00 -1.345168e+00 3.075773e+00
 7.517518e-01 -7.599885e-01 -1.559921e+00 3.010935e+00
 7.527528e-01 -3.571791e-01 -1.679000e+00 2.946619e+00
 7.537538e-01  5.873574e-02 -1.696880e+00 2.882851e+00
 7.547548e-01  4.628786e-01 -1.614125e+00 2.819656e+00
 7.557558e-01  8.313863e-01 -1.437307e+00 2.757055e+00
 7.567568e-01  1.142837e+00 -1.178556e+00 2.695072e+00
 7.577578e-01  1.379525e+00 -8.547732e-01 2.633727e+00
 7.587588e-01  1.528495e+00 -4.865628e-01 2.573040e+00
 7.597598e-01  1.582288e+00 -9.694014e-02 2.513031e+00
 7.607608e-01  1.539338e+00  2.900982e-01 2.453718e+00
 7.617618e-01  1.404010e+00  6.510557e-01 2.395117e+00
 7.627628e-01  1.186264e+00  9.643765e-01 2.337245e+00
 7.637638e-01  9.009824e-01  1.211754e+00 2.280117e+00
 7.647648e-01  5.669868e-01  1.379229e+00 2.223747e+00
 7.657658e-01  2.058265e-01  1.458006e+00 2.168147e+00
 7.667668e-01 -1.596009e-01  1.444942e+00 2.113330e+00
 7.677678e-01 -5.064990e-01  1.342671e+00 2.059308e+00
 7.687688e-01 -8.136041e-01  1.159370e+00 2.006089e+00
 7.697698e-01 -1.062506e+00  9.081658e-01 1.953685e+00
 7.707708e-01 -1.238776e+00  6.062469e-01 1.902102e+00
 7.717718e-01 -1.332828e+00  2.737118e-01 1.851348e+00
 7.727728e-01 -1.340462e+00 -6.775020e-02 1.801430e+00
 7.737738e-01 -1.263062e+00 -3.962676e-01 1.752353e+00
 7.747748e-01 -1.107418e+00 -6.911934e-01 1.704123e+00
 7.757758e-01 -8.852172e-01 -9.344158e-01 1.656742e+00
 7.767768e-01 -6.122116e-01 -1.111491e+00 1.610215e+00
 7.777778e-01 -3.071354e-01 -1.212523e+00 1.564544e+00
 7.787788e-01  9.560520e-03 -1.232736e+00 1.519730e+00
 7.797798e-01  3.170705e-01 -1.172706e+00 1.475773e+00
 7.807808e-01  5.956031e-01 -1.038235e+00 1.432675e+00
 7.817818e-01  8.276653e-01 -8.398830e-01 1.390433e+00
 7.827828e-01  9.991770e-01 -5.921935e-01 1.349048e+00
 7.837838e-01  1.100345e+00 -3.126603e-01 1.308516e+00
 7.847848e-01  1.126239e+00 -2.051570e-02 1.268836e+00
 7.857858e-01  1.077033e+00  2.645822e-01 1.230003e+00
 7.867868e-01  9.578999e-01  5.238717e-01 1.192014e+00
 7.877878e-01  7.785778e-01  7.407297e-01 1.154864e+00
 7.887888e-01  5.526242e-01  9.017509e-01 1.118548e+00
 7.897898e-01  2.964301e-01  9.975921e-01 1.083061e+00
 7.907908e-01  2.805427e-02  1.023528e+00 1.048396e+00
 7.917918e-01 -2.340378e-01  9.796798e-01 1.014546e+00
 7.927928e-01 -4.722419e-01  8.709149e-01 9.815051e-01
 7.937938e-01 -6.710027e-01  7.064137e-01 9.492649e-01
 7.947948e-01 -8.178409e-01  4.989527e-01 9.178175e-01
 7.957958e-01 -9.041491e-01  2.639487e-01 8.871546e-01
 7.967968e-01 -9.257057e-01  1.833701e-02 8.572672e-01
 7.977978e-01 -8.828736e-01 -2.206365e-01 8.281464e-01
 7.987988e-01 -7.804762e-01 -4.366226e-01 7.997824e-01
 7.997998e-01 -6.273615e-01 -6.152912e-01 7.721656e-01
 8.008008e-01 -4.356926e-01 -7.452904e-01 7.452859e-01
 8.018018e-01 -2.200177e-01 -8.189780e-01 7.191327e-01
 8.028028e-01  3.811758e-03 -8.328752e-01 6.936956e-01
 8.038038e-01  2.197928e-01 -7.878165e-01 6.689637e-01
 8.048048e-01  4.129114e-01 -6.887888e-01 6.449258e-01
 8.058058e-01  5.701889e-01 -5.444772e-01 6.215708e-01
 8.068068e-01  6.815605e-01 -3.665549e-01 5.988872e-01
 8.078078e-01  7.405262e-01 -1.687726e-01 5.768633e-01
 8.088088e-01  7.445307e-01  3.408211e-02 5.554875e-01
 8.098098e-01  6.950484e-01  2.272788e-01 5.347480e-01
 8.108108e-01  5.973752e-01  3.972097e-01 5.146327e-01
 8.118118e-01  4.601452e-01  5.323496e-01 4.951297e-01
 8.128128e-01  2.946145e-01  6.240426e-01 4.762269e-01
 8.138138e-01  1.137692e-01  6.670598e-01 4.579122e-01
 8.148148e-01 -6.867403e-02  6.598918e-01 4.401733e-01
 8.158158e-01 -2.392970e-01  6.047603e-01 4.229981e-01
 8.168168e-01 -3.859636e-01  5.073525e-01 4.063744e-01
 8.178178e-01 -4.986835e-01  3.763041e-01 3.902900e-01
 8.188188e-01 -5.702957e-01  2.224760e-01 3.747328e-01
 8.198198e-01 -5.969230e-01  5.808095e-02 3.596905e-01
 8.208208e-01 -5.781690e-01 -1.042679e-01 3.451511e-01
 8.218218e-01 -5.170478e-01 -2.525159e-01 3.311027e-01
 8.228228e-01 -4.196585e-01 -3.760584e-01 3.175332e-01
 8.238238e-01 -2.946338e-01 -4.664993e-01 3.044307e-01
 8.248248e-01 -1.524108e-01 -5.182225e-01 2.917836e-01
 8.258258e-01 -4.383263e-03 -5.287351e-01 2.795800e-01
 8.268268e-01  1.379961e-01 -4.987639e-01 2.678084e-01
 8.278278e-01  2.640940e-01 -4.321015e-01 2.564573e-01
 8.288288e-01  3.648876e-01 -3.352201e-01 2.455155e-01
 8.298298e-01  4.336091e-01 -2.166906e-01 2.349717e-01
 8.308308e-01  4.661980e-01 -8.645359e-02 2.248148e-01
 8.318318e-01  4.615296e-01  4.499356e-02 2.150340e-01
 8.328328e-01  4.214086e-01  1.674312e-01 2.056185e-01
 8.338338e-01  3.503338e-01  2.717054e-01 1.965576e-01
 8.348348e-01  2.550579e-01  3.504089e-01 1.878409e-01
 8.358358e-01  1.439837e-01  3.984054e-01 1.794582e-01
 8.368368e-01  2.644742e-02  4.131583e-01 1.713993e-01
 8.378378e-01 -8.804945e-02  3.948437e-01 1.636542e-01
 8.388388e-01 -1.905989e-01  3.462447e-01 1.562134e-01
 8.398398e-01 -2.735739e-01  2.724416e-01 1.490671e-01
 8.408408e-01 -3.311920e-01  1.803272e-01 1.422060e-01
 8.418418e-01 -3.599139e-01  7.799325e-02 1.356210e-01
 8.428428e-01 -3.586487e-01 -2.596091e-02 1.293029e-01
 8.438438e-01 -3.287552e-01 -1.231381e-01 1.232430e-01
 8.448448e-01 -2.738445e-01 -2.060140e-01 1.174326e-01
 8.458458e-01 -1.994074e-01 -2.685144e-01 1.118633e-01
 8.468468e-01 -1.122996e-01 -3.064565e-01 1.065268e-01
 8.478478e-01 -2.013396e-02 -3.178203e-01 1.014151e-01
 8.488488e-01  6.936962e-02 -3.028338e-01 9.652044e-02
 8.498498e-01  1.490210e-01 -2.638708e-01 9.183503e-02
 8.508509e-01  2.127309e-01 -2.051756e-01 8.735143e-02
 8.518519e-01  2.559715e-01 -1.324422e-01 8.306235e-02
 8.528529e-01  2.760916e-01 -5.228851e-02 7.896066e-02
 8.538539e-01  2.724646e-01  2.832875e-02 7.503945e-02
 8.548549e-01  2.464621e-01  1.027055e-01 7.129201e-02
 8.558559e-01  2.012622e-01  1.649404e-01 6.771181e-02
 8.568569e-01  1.415117e-01  2.103971e-01 6.429252e-02
 8.578579e-01  7.287856e-02  2.360439e-01 6.102800e-02
 8.588589e-01  1.533163e-03  2.406448e-01 5.791227e-02
 8.598599e-01 -6.639275e-02  2.247921e-01 5.493949e-02
 8.608609e-01 -1.253243e-01  1.907822e-01 5.210401e-02
 8.618619e-01 -1.706945e-01  1.423507e-01 4.940035e-02
 8.628629e-01 -1.992924e-01  8.429537e-02 4.682319e-02
 8.638639e-01 -2.094814e-01  2.202148e-02 4.436740e-02
 8.648649e-01 -2.012740e-01 -3.894674e-02 4.202806e-02
 8.658659e-01 -1.762616e-01 -9.344637e-02 3.980038e-02
 8.668669e-01 -1.374107e-01 -1.371060e-01 3.767975e-02
 8.678679e-01 -8.874739e-02 -1.666901e-01 3.566168e-02
 8.688689e-01 -3.496268e-02 -1.803315e-01 3.374182e-02
 8.698699e-01  1.902452e-02 -1.776345e-01 3.191595e-02
 8.708709e-01  6.850670e-02 -1.596460e-01 3.018000e-02
 8.718719e-01  1.093908e-01 -1.287000e-01 2.853003e-02
 8.728729e-01  1.385305e-01 -8.815674e-02 2.696231e-02
 8.738739e-01  1.539614e-01 -4.206072e-02 2.547323e-02
 8.748749e-01  1.550220e-01  5.246950e-03 2.405934e-02
 8.758759e-01  1.423532e-01  4.952648e-02 2.271731e-02
 8.768769e-01  1.177833e-01  8.701156e-02 2.144391e-02
 8.778779e-01  8.411013e-02  1.147235e-01 2.023600e-02
 8.788789e-01  4.480726e-02  1.307013e-01 1.909052e-02
 8.798799e-01  3.681039e-03  1.341306e-01 1.800456e-02
 8.808809e-01 -3.548687e-02  1.253635e-01 1.697532e-02
 8.818819e-01 -6.927934e-02  1.058326e-01 1.600016e-02
 8.828829e-01 -9.493561e-02  7.787041e-02 1.507657e-02
 8.838839e-01 -1.105706e-01  4.445545e-02 1.420215e-02
 8.848849e-01 -1.153048e-01  8.910511e-03 1.337460e-02
 8.858859e-01 -1.092961e-01 -2.541690e-02 1.259166e-02
 8.868869e-01 -9.367556e-02 -5.546194e-02 1.185114e-02
 8.878879e-01 -7.039629e-02 -7.870992e-02 1.115089e-02
 8.888889e-01 -4.201387e-02 -9.340083e-02 1.048888e-02
 8.898899e-01 -1.142079e-02 -9.865471e-02 9.863186e-03
 8.908909e-01  1.843770e-02 -9.450961e-02 9.272015e-03
 8.918919e-01  4.483958e-02 -8.187249e-02 8.713693e-03
 8.928929e-01  6.552819e-02 -6.239144e-02 8.186636e-03
 8.938939e-01  7.889948e-02 -3.826457e-02 7.689305e-03
 8.948949e-01  8.411911e-02 -1.200652e-02 7.220181e-03
 8.958959e-01  8.116168e-02  1.380371e-02 6.777761e-03
 8.968969e-01  7.077171e-02  3.676874e-02 6.360575e-03
 8.978979e-01  5.435381e-02  5.488986e-02 5.967234e-03
 8.988989e-01  3.380555e-02  6.673557e-02 5.596451e-03
 8.998999e-01  1.131174e-02  7.154797e-02 5.247068e-03
 9.009009e-01 -1.087863e-02  6.927975e-02 4.918028e-03
 9.019019e-01 -3.067042e-02  6.056123e-02 4.608337e-03
 9.029029e-01 -4.631477e-02  4.660426e-02 4.317016e-03
 9.039039e-01 -5.655862e-02  2.905492e-02 4.043066e-03
 9.049049e-01 -6.073878e-02  9.811772e-03 3.785470e-03
 9.059059e-01 -5.881427e-02 -9.170950e-03 3.543225e-03
 9.069069e-01 -5.133670e-02 -2.607561e-02 3.315394e-03
 9.079079e-01 -3.936443e-02 -3.939018e-02 3.101145e-03
 9.089089e-01 -2.433197e-02 -4.803878e-02 2.899769e-03
 9.099099e-01 -7.889184e-03 -5.146272e-02 2.710651e-03
 9.109109e-01  8.272010e-03 -4.964667e-02 2.533218e-03
 9.119119e-01  2.258614e-02 -4.308994e-02 2.366877e-03
 9.129129e-01  3.376116e-02 -3.272864e-02 2.210980e-03
 9.139139e-01  4.089072e-02 -1.981873e-02 2.064833e-03
 9.149149e-01  4.352210e-02 -5.793645e-03 1.927740e-03
 9.159159e-01  4.167548e-02  7.888030e-03 1.799067e-03
 9.169169e-01  3.581499e-02  1.988920e-02 1.678294e-03
 9.179179e-01  2.677702e-02  2.912077e-02 1.565028e-03
 9.189189e-01  1.566508e-02  3.483629e-02 1.458962e-03
 9.199199e-01  3.723693e-03  3.668715e-02 1.359813e-03
 9.209209e-01 -7.795134e-03  3.473439e-02 1.267242e-03
 9.219219e-01 -1.775859e-02  2.941870e-02 1.180828e-03
 9.229229e-01 -2.526074e-02  2.149345e-02 1.100073e-03
 9.239239e-01 -2.970106e-02  1.192980e-02 1.024473e-03
 9.249249e-01 -3.082747e-02  1.805039e-03 9.535911e-04
 9.259259e-01 -2.874131e-02 -7.813713e-03 8.871170e-04
 9.269269e-01 -2.386587e-02 -1.597798e-02 8.248756e-04
 9.279279e-01 -1.688362e-02 -2.194808e-02 7.667747e-04
 9.289289e-01 -8.650402e-03 -2.525652e-02 7.127215e-04
 9.299299e-01 -9.663824e-05 -2.573969e-02 6.625411e-04
 9.309309e-01  7.873417e-03 -2.353615e-02 6.159412e-04
 9.319319e-01  1.447387e-02 -1.905376e-02 5.725387e-04
 9.329329e-01  1.911162e-02 -1.291064e-02 5.319384e-04
 9.339339e-01  2.143629e-02 -5.857753e-03 4.938277e-04
 9.349349e-01  2.136183e-02  1.307825e-03 4.580381e-04
 9.359359e-01  1.905907e-02  7.829313e-03 4.245462e-04
 9.369369e-01  1.492167e-02  1.306715e-02 3.934064e-04
 9.379379e-01  9.510642e-03  1.655894e-02 3.646508e-04
 9.389389e-01  3.484485e-03  1.805705e-02 3.381989e-04
 9.399399e-01 -2.476787e-03  1.754112e-02 3.138255e-04
 9.409409e-01 -7.745295e-03  1.520566e-02 2.912017e-04
 9.419419e-01 -1.180884e-02  1.142555e-02 2.699919e-04
 9.429429e-01 -1.431825e-02  6.704379e-03 2.499608e-04
 9.439439e-01 -1.511419e-02  1.612272e-03 2.310382e-04
 9.449449e-01 -1.423208e-02 -3.279619e-03 2.133081e-04
 9.459459e-01 -1.188553e-02 -7.460551e-03 1.969257e-04
 9.469469e-01 -8.431641e-03 -1.053127e-02 1.820001e-04
 9.479479e-01 -4.322892e-03 -1.223975e-02 1.684989e-04
 9.489489e-01 -5.172686e-05 -1.249878e-02 1.562222e-04
 9.499499e-01  3.905767e-03 -1.138438e-02 1.448592e-04
 9.509510e-01  7.140737e-03 -9.116673e-03 1.341038e-04
 9.519520e-01  9.351883e-03 -6.026126e-03 1.237719e-04
 9.529530e-01  1.037131e-02 -2.510002e-03 1.138643e-04
 9.539540e-01  1.017408e-02  1.015745e-03 1.045436e-04
 9.549550e-01  8.871226e-03  4.163452e-03 9.603298e-05
 9.559560e-01  6.688301e-03  6.614529e-03 8.848537e-05
 9.569570e-01  3.932454e-03  8.149898e-03 8.188503e-05
 9.579580e-01  9.526722e-04  8.667398e-03 7.603138e-05
 9.589590e-01 -1.902110e-03  8.185030e-03 7.061273e-05
 9.599600e-01 -4.322061e-03  6.830617e-03 6.533754e-05
 9.609610e-01 -6.068580e-03  4.819900e-03 6.005910e-05
 9.619620e-01 -6.996185e-03  2.426290e-03 5.483349e-05
 9.629630e-01 -7.062469e-03 -5.380258e-05 4.988136e-05
 9.639640e-01 -6.325639e-03 -2.335843e-03 4.546987e-05
 9.649650e-01 -4.930835e-03 -4.178340e-03 4.177167e-05
 9.659660e-01 -3.087399e-03 -5.406994e-03 3.876761e-05
 9.669670e-01 -1.040401e-03 -5.929600e-03 3.624260e-05
 9.679680e-01  9.600446e-04 -5.740606e-03 3.387624e-05
 9.689690e-01  2.687890e-03 -4.915522e-03 3.138711e-05
 9.699700e-01  3.965533e-03 -3.596495e-03 2.866023e-05
 9.709710e-01  4.680851e-03 -1.971317e-03 2.579646e-05
 9.719720e-01  4.795501e-03 -2.486803e-04 2.305867e-05
 9.729730e-01  4.343977e-03  1.367174e-03 2.073931e-05
 9.739740e-01  3.424288e-03  2.699524e-03 1.901318e-05
 9.749750e-01  2.181762e-03  3.617400e-03 1.784566e-05
 9.759760e-01  7.884828e-04  4.047266e-03 1.700207e-05
 9.769770e-01 -5.790412e-04  3.977237e-03 1.615370e-05
 9.779780e-01 -1.761104e-03  3.453884e-03 1.503080e-05
 9.789790e-01 -2.632577e-03  2.572517e-03 1.354830e-05
 9.799800e-01 -3.115241e-03  1.462548e-03 1.184377e-05
 9.809810e-01 -3.183672e-03  2.699756e-04 1.020866e-05
 9.819820e-01 -2.864300e-03 -8.607527e-04 8.945112e-06
 9.829830e-01 -2.228332e-03 -1.803363e-03 8.217583e-06
 9.839840e-01 -1.379692e-03 -2.463015e-03 7.969993e-06
 9.849850e-01 -4.399067e-04 -2.784925e-03 7.949328e-06
 9.859860e-01  4.681448e-04 -2.757676e-03 7.823937e-06
 9.869870e-01  1.235416e-03 -2.411235e-03 7.340308e-06
 9.879880e-01  1.779147e-03 -1.810301e-03 6.442553e-06
 9.889890e-01  2.051115e-03 -1.044129e-03 5.297279e-06
 9.899900e-01  2.041054e-03 -2.142720e-04 4.211815e-06
 9.909910e-01  1.775027e-03  5.781396e-04 3.484968e-06
 9.919920e-01  1.309412e-03  1.244095e-03 3.262330e-06
 9.929930e-01  7.214185e-04  1.716045e-03 3.465255e-06
 9.939940e-01  9.769604e-05  1.954037e-03 3.827806e-06
 9.949950e-01 -4.775405e-04  1.948136e-03 4.023279e-06
 9.959960e-01 -9.331877e-04  1.717199e-03 3.819612e-06
 9.969970e-01 -1.219573e-03  1.304407e-03 3.188837e-06
 9.979980e-01 -1.313377e-03  7.703868e-04 2.318454e-06
 9.989990e-01 -1.218847e-03  1.848777e-04 1.519769e-06
 1.000000e+00 -9.652688e-04 -3.819146e-04 1.077603e-06
