# x psi_r psi_i psi2 
 0.000000e+00 -2.530153e-01 -4.106313e-01 2.326348e-01
 1.001001e-03 -4.031907e-01 -4.946725e-01 4.072636e-01
 2.002002e-03 -5.310933e-01 -5.666771e-01 6.031830e-01
 3.003003e-03 -6.345638e-01 -6.239418e-01 7.919745e-01
 4.004004e-03 -7.124450e-01 -6.640536e-01 9.485449e-01
 5.005005e-03 -7.645438e-01 -6.850074e-01 1.053762e+00
 6.006006e-03 -7.915565e-01 -6.853182e-01 1.096223e+00
 7.007007e-03 -7.949629e-01 -6.641203e-01 1.073022e+00
 8.008008e-03 -7.768980e-01 -6.212490e-01 9.895209e-01
 9.009009e-03 -7.400062e-01 -5.572994e-01 8.581918e-01
 1.001001e-02 -6.872891e-01 -4.736568e-01 6.967170e-01
 1.101101e-02 -6.219521e-01 -3.724958e-01 5.255775e-01
 1.201201e-02 -5.472589e-01 -2.567453e-01 3.654104e-01
 1.301301e-02 -4.663984e-01 -1.300187e-01 2.344324e-01
 1.401401e-02 -3.823713e-01  3.489648e-03 1.462200e-01
 1.501502e-02 -2.978974e-01  1.391409e-01 1.081031e-01
 1.601602e-02 -2.153490e-01  2.720144e-01 1.203670e-01
 1.701702e-02 -1.367078e-01  3.970929e-01 1.763718e-01
 1.801802e-02 -6.354761e-02  5.094627e-01 2.635905e-01
 1.901902e-02  2.961986e-03  6.045190e-01 3.654520e-01
 2.002002e-02  6.203151e-02  6.781701e-01 4.637626e-01
 2.102102e-02  1.132132e-01  7.270275e-01 5.413862e-01
 2.202202e-02  1.563511e-01  7.485757e-01 5.848112e-01
 2.302302e-02  1.915257e-01  7.413107e-01 5.862236e-01
 2.402402e-02  2.189968e-01  7.048406e-01 5.447598e-01
 2.502503e-02  2.391484e-01  6.399409e-01 4.667164e-01
 2.602603e-02  2.524407e-01  5.485618e-01 3.646463e-01
 2.702703e-02  2.593703e-01  4.337826e-01 2.554402e-01
 2.802803e-02  2.604409e-01  2.997165e-01 1.576595e-01
 2.902903e-02  2.561463e-01  1.513659e-01 8.852257e-02
 3.003003e-02  2.469629e-01 -5.565519e-03 6.102163e-02
 3.103103e-02  2.333537e-01 -1.648973e-01 8.164508e-02
 3.203203e-02  2.157798e-01 -3.202231e-01 1.491038e-01
 3.303303e-02  1.947174e-01 -4.651778e-01 2.543052e-01
 3.403403e-02  1.706776e-01 -5.937090e-01 3.816213e-01
 3.503504e-02  1.442270e-01 -7.003406e-01 5.112784e-01
 3.603604e-02  1.160038e-01 -7.804148e-01 6.225041e-01
 3.703704e-02  8.672964e-02 -8.303031e-01 6.969253e-01
 3.803804e-02  5.721349e-02 -8.475750e-01 7.216567e-01
 3.903904e-02  2.834663e-02 -8.311154e-01 6.915563e-01
 4.004004e-02  1.087986e-03 -7.811864e-01 6.102534e-01
 4.104104e-02 -2.355980e-02 -6.994287e-01 4.897555e-01
 4.204204e-02 -4.458312e-02 -5.888022e-01 3.486757e-01
 4.304304e-02 -6.099707e-02 -4.534694e-01 2.093552e-01
 4.404404e-02 -7.189033e-02 -2.986248e-01 9.434501e-02
 4.504505e-02 -7.647226e-02 -1.302798e-01 2.282082e-02
 4.604605e-02 -7.412011e-02  4.498871e-02 7.517774e-03
 4.704705e-02 -6.442278e-02  2.203126e-01 5.268793e-02
 4.804805e-02 -4.721917e-02  3.888194e-01 1.534102e-01
 4.904905e-02 -2.262809e-02  5.439166e-01 2.963573e-01
 5.005005e-02  8.931812e-03  6.795620e-01 4.618843e-01
 5.105105e-02  4.673393e-02  7.905072e-01 6.270857e-01
 5.205205e-02  8.974800e-02  8.725039e-01 7.693177e-01
 5.305305e-02  1.366573e-01  9.224644e-01 8.696158e-01
 5.405405e-02  1.858882e-01  9.385703e-01 9.154686e-01
 5.505506e-02  2.356514e-01  9.203241e-01 9.025280e-01
 5.605606e-02  2.839933e-01  8.685450e-01 8.350226e-01
 5.705706e-02  3.288559e-01  7.853083e-01 7.248553e-01
 5.805806e-02  3.681423e-01  6.738341e-01 5.895812e-01
 5.905906e-02  3.997875e-01  5.383314e-01 4.496308e-01
 6.006006e-02  4.218298e-01  3.838056e-01 3.252471e-01
 6.106106e-02  4.324822e-01  2.158399e-01 2.336277e-01
 6.206206e-02  4.302010e-01  4.036095e-02 1.867019e-01
 6.306306e-02  4.137497e-01 -1.366004e-01 1.898485e-01
 6.406406e-02  3.822559e-01 -3.091418e-01 2.416882e-01
 6.506507e-02  3.352602e-01 -4.717064e-01 3.349063e-01
 6.606607e-02  2.727555e-01 -6.192747e-01 4.578966e-01
 6.706707e-02  1.952148e-01 -7.475242e-01 5.969013e-01
 6.806807e-02  1.036077e-01 -8.529524e-01 7.382623e-01
 6.906907e-02 -5.964067e-04 -9.329581e-01 8.704111e-01
 7.007007e-02 -1.154393e-01 -9.858824e-01 9.852903e-01
 7.107107e-02 -2.384980e-01 -1.011008e+00 1.079019e+00
 7.207207e-02 -3.669243e-01 -1.008523e+00 1.151753e+00
 7.307307e-02 -4.974983e-01 -9.794481e-01 1.206823e+00
 7.407407e-02 -6.266972e-01 -9.255383e-01 1.249371e+00
 7.507508e-02 -7.507768e-01 -8.491666e-01 1.284750e+00
 7.607608e-02 -8.658671e-01 -7.531901e-01 1.317021e+00
 7.707708e-02 -9.680782e-01 -6.408125e-01 1.347816e+00
 7.807808e-02 -1.053616e+00 -5.154476e-01 1.375794e+00
 7.907908e-02 -1.118906e+00 -3.805900e-01 1.396799e+00
 8.008008e-02 -1.160715e+00 -2.396984e-01 1.404714e+00
 8.108108e-02 -1.176280e+00 -9.609650e-02 1.392869e+00
 8.208208e-02 -1.163427e+00  4.710677e-02 1.355782e+00
 8.308308e-02 -1.120683e+00  1.870752e-01 1.290929e+00
 8.408408e-02 -1.047370e+00  3.212820e-01 1.200207e+00
 8.508509e-02 -9.436844e-01  4.475265e-01 1.090820e+00
 8.608609e-02 -8.107483e-01  5.639326e-01 9.753328e-01
 8.708709e-02 -6.506378e-01  6.689326e-01 8.708003e-01
 8.808809e-02 -4.663745e-01  7.612404e-01 7.969921e-01
 8.908909e-02 -2.618869e-01  8.398179e-01 7.738789e-01
 9.009009e-02 -4.193511e-02  9.038388e-01 8.186831e-01
 9.109109e-02  1.879982e-01  9.526538e-01 9.428927e-01
 9.209209e-02  4.218508e-01  9.857617e-01 1.149684e+00
 9.309309e-02  6.531528e-01  1.002787e+00 1.432190e+00
 9.409409e-02  8.752239e-01  1.003468e+00 1.772964e+00
 9.509510e-02  1.081390e+00  9.876562e-01 2.144868e+00
 9.609610e-02  1.265208e+00  9.553267e-01 2.513400e+00
 9.709710e-02  1.420699e+00  9.065964e-01 2.840303e+00
 9.809810e-02  1.542570e+00  8.417532e-01 3.088072e+00
 9.909910e-02  1.626423e+00  7.612892e-01 3.224812e+00
 1.001001e-01  1.668935e+00  6.659372e-01 3.228815e+00
 1.011011e-01  1.668014e+00  5.567053e-01 3.092191e+00
 1.021021e-01  1.622905e+00  4.349086e-01 2.822966e+00
 1.031031e-01  1.534255e+00  3.021909e-01 2.445258e+00
 1.041041e-01  1.404124e+00  1.605371e-01 1.997337e+00
 1.051051e-01  1.235947e+00  1.227076e-02 1.527716e+00
 1.061061e-01  1.034439e+00 -1.399639e-01 1.089653e+00
 1.071071e-01  8.054503e-01 -2.932363e-01 7.347378e-01
 1.081081e-01  5.557815e-01 -4.443817e-01 5.063681e-01
 1.091091e-01  2.929498e-01 -5.900683e-01 4.340001e-01
 1.101101e-01  2.493160e-02 -7.268801e-01 5.289763e-01
 1.111111e-01 -2.401178e-01 -8.514111e-01 7.825575e-01
 1.121121e-01 -4.941544e-01 -9.603681e-01 1.166495e+00
 1.131131e-01 -7.295333e-01 -1.050678e+00 1.636143e+00
 1.141141e-01 -9.392822e-01 -1.119596e+00 2.135747e+00
 1.151151e-01 -1.117350e+00 -1.164811e+00 2.605256e+00
 1.161161e-01 -1.258820e+00 -1.184537e+00 2.987757e+00
 1.171171e-01 -1.360080e+00 -1.177600e+00 3.236559e+00
 1.181181e-01 -1.418936e+00 -1.143499e+00 3.320968e+00
 1.191191e-01 -1.434676e+00 -1.082456e+00 3.230007e+00
 1.201201e-01 -1.408075e+00 -9.954346e-01 2.973564e+00
 1.211211e-01 -1.341332e+00 -8.841425e-01 2.580879e+00
 1.221221e-01 -1.237966e+00 -7.510022e-01 2.096565e+00
 1.231231e-01 -1.102653e+00 -5.991017e-01 1.574767e+00
 1.241241e-01 -9.410178e-01 -4.321201e-01 1.072242e+00
 1.251251e-01 -7.593992e-01 -2.542322e-01 6.413212e-01
 1.261261e-01 -5.645879e-01 -6.999454e-02 3.236587e-01
 1.271271e-01 -3.635528e-01  1.157827e-01 1.455763e-01
 1.281281e-01 -1.631689e-01  2.981747e-01 1.155322e-01
 1.291291e-01  3.004370e-02  4.722870e-01 2.239576e-01
 1.301301e-01  2.101569e-01  6.334012e-01 4.453630e-01
 1.311311e-01  3.720397e-01  7.771180e-01 7.423259e-01
 1.321321e-01  5.115211e-01  8.994912e-01 1.070738e+00
 1.331331e-01  6.255073e-01  9.971501e-01 1.385568e+00
 1.341341e-01  7.120468e-01  1.067405e+00 1.646363e+00
 1.351351e-01  7.703442e-01  1.108332e+00 1.821830e+00
 1.361361e-01  8.007224e-01  1.118839e+00 1.892958e+00
 1.371371e-01  8.045381e-01  1.098704e+00 1.854432e+00
 1.381381e-01  7.840549e-01  1.048587e+00 1.714276e+00
 1.391391e-01  7.422828e-01  9.700184e-01 1.491919e+00
 1.401401e-01  6.827927e-01  8.653627e-01 1.215059e+00
 1.411411e-01  6.095160e-01  7.377517e-01 9.157874e-01
 1.421421e-01  5.265390e-01  5.909992e-01 6.265234e-01
 1.431431e-01  4.379043e-01  4.294930e-01 3.762243e-01
 1.441441e-01  3.474266e-01  2.580686e-01 1.873046e-01
 1.451451e-01  2.585338e-01  8.186859e-02 7.354218e-02
 1.461461e-01  1.741383e-01 -9.380922e-02 3.912430e-02
 1.471471e-01  9.654529e-02 -2.636705e-01 7.884311e-02
 1.481481e-01  2.740034e-02 -4.225849e-01 1.793288e-01
 1.491491e-01 -3.232302e-02 -5.657447e-01 3.211118e-01
 1.501502e-01 -8.229693e-02 -6.888159e-01 4.812401e-01
 1.511512e-01 -1.227775e-01 -7.880777e-01 6.361407e-01
 1.521522e-01 -1.545136e-01 -8.605454e-01 7.644128e-01
 1.531532e-01 -1.786328e-01 -9.040732e-01 8.492579e-01
 1.541542e-01 -1.965126e-01 -9.174317e-01 8.802981e-01
 1.551552e-01 -2.096453e-01 -9.003591e-01 8.545976e-01
 1.561562e-01 -2.195058e-01 -8.535807e-01 7.767828e-01
 1.571572e-01 -2.274299e-01 -7.787982e-01 6.582510e-01
 1.581582e-01 -2.345112e-01 -6.786454e-01 5.155550e-01
 1.591592e-01 -2.415215e-01 -5.566124e-01 3.681500e-01
 1.601602e-01 -2.488610e-01 -4.169393e-01 2.357702e-01
 1.611612e-01 -2.565386e-01 -2.644816e-01 1.357626e-01
 1.621622e-01 -2.641844e-01 -1.045521e-01 8.072456e-02
 1.631632e-01 -2.710914e-01  5.725701e-02 7.676889e-02
 1.641642e-01 -2.762843e-01  2.152653e-01 1.226722e-01
 1.651652e-01 -2.786099e-01  3.639020e-01 2.100481e-01
 1.661662e-01 -2.768413e-01  4.979036e-01 3.245491e-01
 1.671672e-01 -2.697906e-01  6.125045e-01 4.479487e-01
 1.681682e-01 -2.564214e-01  7.036119e-01 5.608216e-01
 1.691692e-01 -2.359523e-01  7.679591e-01 6.454346e-01
 1.701702e-01 -2.079468e-01  8.032304e-01 6.884210e-01
 1.711712e-01 -1.723808e-01  8.081518e-01 6.828245e-01
 1.721722e-01 -1.296842e-01  7.825438e-01 6.291929e-01
 1.731732e-01 -8.075401e-02  7.273334e-01 5.355351e-01
 1.741742e-01 -2.693568e-02  6.445236e-01 4.161362e-01
 1.751752e-01  3.002430e-02  5.371224e-01 2.894020e-01
 1.761762e-01  8.805373e-02  4.090321e-01 1.750607e-01
 1.771772e-01  1.448532e-01  2.649036e-01 9.115636e-02
 1.781782e-01  1.980118e-01  1.099627e-01 5.130047e-02
 1.791792e-01  2.451341e-01 -5.018731e-02 6.260951e-02
 1.801802e-01  2.839697e-01 -2.097757e-01 1.246447e-01
 1.811812e-01  3.125392e-01 -3.630811e-01 2.295086e-01
 1.821822e-01  3.292482e-01 -5.046431e-01 3.630691e-01
 1.831832e-01  3.329831e-01 -6.294632e-01 5.071016e-01
 1.841842e-01  3.231824e-01 -7.331832e-01 6.420045e-01
 1.851852e-01  2.998811e-01 -8.122370e-01 7.496577e-01
 1.861862e-01  2.637230e-01 -8.639677e-01 8.159899e-01
 1.871872e-01  2.159425e-01 -8.867063e-01 8.328793e-01
 1.881882e-01  1.583155e-01 -8.798104e-01 7.991301e-01
 1.891892e-01  9.308329e-02 -8.436602e-01 7.204270e-01
 1.901902e-01  2.285168e-02 -7.796156e-01 6.083227e-01
 1.911912e-01 -4.952647e-02 -6.899359e-01 4.784644e-01
 1.921922e-01 -1.210814e-01 -5.776672e-01 3.483600e-01
 1.931932e-01 -1.888605e-01 -4.465045e-01 2.350346e-01
 1.941942e-01 -2.500612e-01 -3.006353e-01 1.529122e-01
 1.951952e-01 -3.021534e-01 -1.445716e-01 1.121976e-01
 1.961962e-01 -3.429882e-01  1.701992e-02 1.179306e-01
 1.971972e-01 -3.708860e-01  1.794829e-01 1.697706e-01
 1.981982e-01 -3.847006e-01  3.383242e-01 2.624579e-01
 1.991992e-01 -3.838569e-01  4.893484e-01 3.868080e-01
 2.002002e-01 -3.683615e-01  6.287691e-01 5.310408e-01
 2.012012e-01 -3.387865e-01  7.532940e-01 6.822281e-01
 2.022022e-01 -2.962280e-01  8.601821e-01 8.276644e-01
 2.032032e-01 -2.422433e-01  9.472733e-01 9.560085e-01
 2.042042e-01 -1.787701e-01  1.012991e+00 1.058110e+00
 2.052052e-01 -1.080328e-01  1.056323e+00 1.127490e+00
 2.062062e-01 -3.244151e-02  1.076784e+00 1.160516e+00
 2.072072e-01  4.551178e-02  1.074360e+00 1.156322e+00
 2.082082e-01  1.233538e-01  1.049453e+00 1.116569e+00
 2.092092e-01  1.987234e-01  1.002815e+00 1.045129e+00
 2.102102e-01  2.694533e-01  9.354867e-01 9.477404e-01
 2.112112e-01  3.336377e-01  8.487486e-01 8.316883e-01
 2.122122e-01  3.896824e-01  7.440755e-01 7.055007e-01
 2.132132e-01  4.363383e-01  6.231079e-01 5.786546e-01
 2.142142e-01  4.727158e-01  4.876364e-01 4.612495e-01
 2.152152e-01  4.982834e-01  3.395994e-01 3.636141e-01
 2.162162e-01  5.128498e-01  1.810918e-01 2.958092e-01
 2.172172e-01  5.165341e-01  1.438246e-02 2.670143e-01
 2.182182e-01  5.097251e-01 -1.580647e-01 2.848041e-01
 2.192192e-01  4.930345e-01 -3.335702e-01 3.543521e-01
 2.202202e-01  4.672454e-01 -5.092247e-01 4.776281e-01
 2.212212e-01  4.332616e-01 -6.818846e-01 6.526821e-01
 2.222222e-01  3.920579e-01 -8.481842e-01 8.731258e-01
 2.232232e-01  3.446368e-01 -1.004566e+00 1.127928e+00
 2.242242e-01  2.919909e-01 -1.147334e+00 1.401635e+00
 2.252252e-01  2.350745e-01 -1.272727e+00 1.675095e+00
 2.262262e-01  1.747840e-01 -1.377016e+00 1.926724e+00
 2.272272e-01  1.119475e-01 -1.456622e+00 2.134280e+00
 2.282282e-01  4.732388e-02 -1.508245e+00 2.277043e+00
 2.292292e-01 -1.839096e-02 -1.529011e+00 2.338214e+00
 2.302302e-01 -8.455066e-02 -1.516617e+00 2.307277e+00
 2.312312e-01 -1.505403e-01 -1.469472e+00 2.182010e+00
 2.322322e-01 -2.157555e-01 -1.386828e+00 1.969843e+00
 2.332332e-01 -2.795807e-01 -1.268895e+00 1.688261e+00
 2.342342e-01 -3.413687e-01 -1.116918e+00 1.364039e+00
 2.352352e-01 -4.004228e-01 -9.332282e-01 1.031253e+00
 2.362362e-01 -4.559850e-01 -7.212507e-01 7.281248e-01
 2.372372e-01 -5.072293e-01 -4.854683e-01 4.929611e-01
 2.382382e-01 -5.532633e-01 -2.313397e-01 3.596183e-01
 2.392392e-01 -5.931366e-01  3.482763e-02 3.530240e-01
 2.402402e-01 -6.258585e-01  3.060477e-01 4.853641e-01
 2.412412e-01 -6.504228e-01  5.748634e-01 7.535177e-01
 2.422422e-01 -6.658395e-01  8.335852e-01 1.138207e+00
 2.432432e-01 -6.711727e-01  1.074552e+00 1.605134e+00
 2.442442e-01 -6.655828e-01  1.290402e+00 2.108138e+00
 2.452452e-01 -6.483708e-01  1.474348e+00 2.594087e+00
 2.462462e-01 -6.190237e-01  1.620437e+00 3.009005e+00
 2.472472e-01 -5.772572e-01  1.723787e+00 3.304667e+00
 2.482482e-01 -5.230554e-01  1.780796e+00 3.444823e+00
 2.492492e-01 -4.567040e-01  1.789302e+00 3.410181e+00
 2.502503e-01 -3.788149e-01  1.748690e+00 3.201417e+00
 2.512513e-01 -2.903421e-01  1.659946e+00 2.839720e+00
 2.522523e-01 -1.925854e-01  1.525650e+00 2.364698e+00
 2.532533e-01 -8.718238e-02  1.349902e+00 1.829836e+00
 2.542543e-01  2.391240e-02  1.138193e+00 1.296055e+00
 2.552553e-01  1.384612e-01  8.972187e-01 8.241729e-01
 2.562563e-01  2.539888e-01  6.346438e-01 4.672831e-01
 2.572573e-01  3.678397e-01  3.588291e-01 2.640643e-01
 2.582583e-01  4.772452e-01  7.852839e-02 2.339297e-01
 2.592593e-01  5.793988e-01 -1.974293e-01 3.746813e-01
 2.602603e-01  6.715360e-01 -4.604607e-01 6.629846e-01
 2.612613e-01  7.510192e-01 -7.025385e-01 1.057590e+00
 2.622623e-01  8.154215e-01 -9.164789e-01 1.504846e+00
 2.632633e-01  8.626089e-01 -1.096193e+00 1.945733e+00
 2.642643e-01  8.908169e-01 -1.236894e+00 2.323461e+00
 2.652653e-01  8.987195e-01 -1.335249e+00 2.590587e+00
 2.662663e-01  8.854872e-01 -1.389475e+00 2.714728e+00
 2.672673e-01  8.508334e-01 -1.399366e+00 2.682144e+00
 2.682683e-01  7.950443e-01 -1.366266e+00 2.498779e+00
 2.692693e-01  7.189945e-01 -1.292972e+00 2.188730e+00
 2.702703e-01  6.241446e-01 -1.183586e+00 1.790433e+00
 2.712713e-01  5.125212e-01 -1.043322e+00 1.351198e+00
 2.722723e-01  3.866793e-01 -8.782643e-01 9.208691e-01
 2.732733e-01  2.496479e-01 -6.951111e-01 5.455035e-01
 2.742743e-01  1.048590e-01 -5.008891e-01 2.618853e-01
 2.752753e-01 -4.393751e-02 -3.026739e-01 9.354200e-02
 2.762763e-01 -1.927720e-01 -1.073148e-01 4.867750e-02
 2.772773e-01 -3.375628e-01  7.881851e-02 1.201610e-01
 2.782783e-01 -4.742318e-01  2.500585e-01 2.874251e-01
 2.792793e-01 -5.988243e-01  4.016233e-01 5.198919e-01
 2.802803e-01 -7.076295e-01  5.297543e-01 7.813791e-01
 2.812813e-01 -7.972984e-01  6.318029e-01 1.034860e+00
 2.822823e-01 -8.649559e-01  7.062662e-01 1.246961e+00
 2.832833e-01 -9.083028e-01  7.527711e-01 1.391678e+00
 2.842843e-01 -9.257037e-01  7.720112e-01 1.452929e+00
 2.852853e-01 -9.162593e-01  7.656407e-01 1.425737e+00
 2.862863e-01 -8.798578e-01  7.361337e-01 1.316043e+00
 2.872873e-01 -8.172040e-01  6.866165e-01 1.139265e+00
 2.882883e-01 -7.298243e-01  6.206837e-01 9.178917e-01
 2.892893e-01 -6.200447e-01  5.422058e-01 6.784426e-01
 2.902903e-01 -4.909434e-01  4.551414e-01 4.481791e-01
 2.912913e-01 -3.462751e-01  3.633593e-01 2.519364e-01
 2.922923e-01 -1.903716e-01  2.704818e-01 1.094018e-01
 2.932933e-01 -2.801801e-02  1.797537e-01 3.309640e-02
 2.942943e-01  1.356906e-01  9.394177e-02 2.723699e-02
 2.952953e-01  2.955094e-01  1.526888e-02 8.755894e-02
 2.962963e-01  4.462149e-01 -5.461827e-02 2.020909e-01
 2.972973e-01  5.827820e-01 -1.146481e-01 3.527790e-01
 2.982983e-01  7.005604e-01 -1.642929e-01 5.177770e-01
 2.992993e-01  7.954442e-01 -2.035127e-01 6.741490e-01
 3.003003e-01  8.640282e-01 -2.326786e-01 8.006841e-01
 3.013013e-01  9.037435e-01 -2.524840e-01 8.805005e-01
 3.023023e-01  9.129672e-01 -2.638486e-01 9.031252e-01
 3.033033e-01  8.911017e-01 -2.678233e-01 8.657916e-01
 3.043043e-01  8.386170e-01 -2.655019e-01 7.737698e-01
 3.053053e-01  7.570558e-01 -2.579442e-01 6.396686e-01
 3.063063e-01  6.489974e-01 -2.461149e-01 4.817702e-01
 3.073073e-01  5.179834e-01 -2.308422e-01 3.215949e-01
 3.083083e-01  3.684030e-01 -2.127944e-01 1.810023e-01
 3.093093e-01  2.053464e-01 -1.924775e-01 7.921474e-02
 3.103103e-01  3.442623e-02 -1.702490e-01 3.016989e-02
 3.113113e-01 -1.384223e-01 -1.463473e-01 4.057828e-02
 3.123123e-01 -3.071575e-01 -1.209309e-01 1.089700e-01
 3.133133e-01 -4.658535e-01 -9.412393e-02 2.258788e-01
 3.143143e-01 -6.089207e-01 -6.606283e-02 3.751487e-01
 3.153153e-01 -7.313147e-01 -3.693969e-02 5.361858e-01
 3.163163e-01 -8.287254e-01 -7.037504e-03 6.868353e-01
 3.173173e-01 -8.977369e-01  2.324540e-02 8.064719e-01
 3.183183e-01 -9.359539e-01  5.338482e-02 8.788597e-01
 3.193193e-01 -9.420865e-01  8.273471e-02 8.943720e-01
 3.203203e-01 -9.159914e-01  1.105463e-01 8.512607e-01
 3.213213e-01 -8.586676e-01  1.360004e-01 7.558061e-01
 3.223223e-01 -7.722070e-01  1.582511e-01 6.213470e-01
 3.233233e-01 -6.597016e-01  1.764771e-01 4.663503e-01
 3.243243e-01 -5.251134e-01  1.899367e-01 3.118200e-01
 3.253253e-01 -3.731111e-01  1.980221e-01 1.784247e-01
 3.263263e-01 -2.088833e-01  2.003086e-01 8.375580e-02
 3.273273e-01 -3.793419e-02  1.965943e-01 4.008832e-02
 3.283283e-01  1.341262e-01  1.869271e-01 5.293157e-02
 3.293293e-01  3.017903e-01  1.716161e-01 1.205295e-01
 3.303303e-01  4.598494e-01  1.512260e-01 2.343307e-01
 3.313313e-01  6.035706e-01  1.265538e-01 3.803134e-01
 3.323323e-01  7.288472e-01  9.858987e-02 5.409382e-01
 3.333333e-01  8.323167e-01  6.846313e-02 6.974383e-01
 3.343343e-01  9.114428e-01  3.737699e-02 8.321250e-01
 3.353353e-01  9.645603e-01  6.537067e-03 9.304192e-01
 3.363363e-01  9.908813e-01 -2.292262e-02 9.823712e-01
 3.373373e-01  9.904670e-01 -5.001100e-02 9.835260e-01
 3.383383e-01  9.641662e-01 -7.394305e-02 9.350840e-01
 3.393393e-01  9.135279e-01 -9.419090e-02 8.434051e-01
 3.403403e-01  8.406930e-01 -1.105182e-01 7.189790e-01
 3.413413e-01  7.482727e-01 -1.229956e-01 5.750400e-01
 3.423423e-01  6.392196e-01 -1.319952e-01 4.260245e-01
 3.433433e-01  5.167006e-01 -1.381635e-01 2.860687e-01
 3.443443e-01  3.839759e-01 -1.423741e-01 1.677079e-01
 3.453453e-01  2.442916e-01 -1.456632e-01 8.089617e-02
 3.463463e-01  1.007890e-01 -1.491494e-01 3.240399e-02
 3.473473e-01 -4.356584e-02 -1.539453e-01 2.559713e-02
 3.483483e-01 -1.860318e-01 -1.610633e-01 6.054920e-02
 3.493493e-01 -3.241196e-01 -1.713246e-01 1.344056e-01
 3.503504e-01 -4.556010e-01 -1.852742e-01 2.418988e-01
 3.513514e-01 -5.784996e-01 -2.031103e-01 3.759156e-01
 3.523524e-01 -6.910700e-01 -2.246312e-01 5.280369e-01
 3.533534e-01 -7.917682e-01 -2.492051e-01 6.890001e-01
 3.543544e-01 -8.792198e-01 -2.757657e-01 8.490741e-01
 3.553554e-01 -9.521885e-01 -3.028345e-01 9.983716e-01
 3.563564e-01 -1.009553e+00 -3.285707e-01 1.127156e+00
 3.573574e-01 -1.050293e+00 -3.508477e-01 1.226210e+00
 3.583584e-01 -1.073489e+00 -3.673509e-01 1.287324e+00
 3.593594e-01 -1.078332e+00 -3.756968e-01 1.303949e+00
 3.603604e-01 -1.064160e+00 -3.735631e-01 1.271986e+00
 3.613614e-01 -1.030491e+00 -3.588270e-01 1.190669e+00
 3.623624e-01 -9.770820e-01 -3.297035e-01 1.063394e+00
 3.633634e-01 -9.039849e-01 -2.848757e-01 8.983429e-01
 3.643644e-01 -8.116113e-01 -2.236110e-01 7.087148e-01
 3.653654e-01 -7.007904e-01 -1.458566e-01 5.123813e-01
 3.663664e-01 -5.728205e-01 -5.230698e-02 3.308594e-01
 3.673674e-01 -4.295066e-01  5.555934e-02 1.875627e-01
 3.683684e-01 -2.731785e-01  1.754790e-01 1.054194e-01
 3.693694e-01 -1.066871e-01  3.044393e-01 1.040654e-01
 3.703704e-01  6.662523e-02  4.387515e-01 1.969418e-01
 3.713714e-01  2.429817e-01  5.741585e-01 3.886981e-01
 3.723724e-01  4.182543e-01  7.059763e-01 6.733391e-01
 3.733734e-01  5.880735e-01  8.292604e-01 1.033503e+00
 3.743744e-01  7.479581e-01  9.389956e-01 1.441154e+00
 3.753754e-01  8.934642e-01  1.030297e+00 1.859790e+00
 3.763764e-01  1.020344e+00  1.098618e+00 2.248062e+00
 3.773774e-01  1.124707e+00  1.139951e+00 2.564455e+00
 3.783784e-01  1.203184e+00  1.151024e+00 2.772507e+00
 3.793794e-01  1.253070e+00  1.129461e+00 2.845867e+00
 3.803804e-01  1.272456e+00  1.073932e+00 2.772474e+00
 3.813814e-01  1.260333e+00  9.842475e-01 2.557183e+00
 3.823824e-01  1.216661e+00  8.614280e-01 2.222321e+00
 3.833834e-01  1.142403e+00  7.077152e-01 1.805945e+00
 3.843844e-01  1.039523e+00  5.265429e-01 1.357855e+00
 3.853854e-01  9.109379e-01  3.224555e-01 9.337855e-01
 3.863864e-01  7.604341e-01  1.009826e-01 5.884575e-01
 3.873874e-01  5.925424e-01 -1.315306e-01 3.684069e-01
 3.883884e-01  4.123839e-01 -3.681281e-01 3.055788e-01
 3.893894e-01  2.254879e-01 -6.014789e-01 4.126216e-01
 3.903904e-01  3.759056e-02 -8.241321e-01 6.806068e-01
 3.913914e-01 -1.455764e-01 -1.028785e+00 1.079591e+00
 3.923924e-01 -3.184998e-01 -1.208549e+00 1.562032e+00
 3.933934e-01 -4.760896e-01 -1.357208e+00 2.068675e+00
 3.943944e-01 -6.138684e-01 -1.469456e+00 2.536136e+00
 3.953954e-01 -7.281348e-01 -1.541104e+00 2.905181e+00
 3.963964e-01 -8.160951e-01 -1.569246e+00 3.128545e+00
 3.973974e-01 -8.759565e-01 -1.552388e+00 3.177207e+00
 3.983984e-01 -9.069791e-01 -1.490511e+00 3.044235e+00
 3.993994e-01 -9.094817e-01 -1.385099e+00 2.745655e+00
 4.004004e-01 -8.848063e-01 -1.239090e+00 2.318227e+00
 4.014014e-01 -8.352365e-01 -1.056795e+00 1.814435e+00
 4.024024e-01 -7.638807e-01 -8.437443e-01 1.295418e+00
 4.034034e-01 -6.745197e-01 -6.065081e-01 8.228289e-01
 4.044044e-01 -5.714306e-01 -3.524633e-01 4.507633e-01
 4.054054e-01 -4.591906e-01 -8.954073e-02 2.188736e-01
 4.064064e-01 -3.424759e-01  1.740525e-01 1.475840e-01
 4.074074e-01 -2.258571e-01  4.301167e-01 2.360118e-01
 4.084084e-01 -1.136097e-01  6.707431e-01 4.628034e-01
 4.094094e-01 -9.539073e-03  8.885829e-01 7.896705e-01
 4.104104e-01  8.316389e-02  1.077096e+00 1.167051e+00
 4.114114e-01  1.620372e-01  1.230763e+00 1.541034e+00
 4.124124e-01  2.254211e-01  1.345267e+00 1.860557e+00
 4.134134e-01  2.724934e-01  1.417615e+00 2.083886e+00
 4.144144e-01  3.032600e-01  1.446230e+00 2.183547e+00
 4.154154e-01  3.185086e-01  1.430968e+00 2.149118e+00
 4.164164e-01  3.197209e-01  1.373109e+00 1.987649e+00
 4.174174e-01  3.089567e-01  1.275275e+00 1.721781e+00
 4.184184e-01  2.887088e-01  1.141323e+00 1.385972e+00
 4.194194e-01  2.617435e-01  9.761843e-01 1.021446e+00
 4.204204e-01  2.309294e-01  7.856768e-01 6.706163e-01
 4.214214e-01  1.990692e-01  5.762930e-01 3.717422e-01
 4.224224e-01  1.687377e-01  3.549706e-01 1.544766e-01
 4.234234e-01  1.421415e-01  1.288538e-01 3.680751e-02
 4.244244e-01  1.209992e-01 -9.494151e-02 2.365469e-02
 4.254254e-01  1.064579e-01 -3.095564e-01 1.071585e-01
 4.264264e-01  9.904087e-02 -5.085983e-01 2.684814e-01
 4.274274e-01  9.863720e-02 -6.863307e-01 4.807792e-01
 4.284284e-01  1.045254e-01 -8.378314e-01 7.128870e-01
 4.294294e-01  1.154382e-01 -9.591224e-01 9.332417e-01
 4.304304e-01  1.296549e-01 -1.047262e+00 1.113568e+00
 4.314314e-01  1.451253e-01 -1.100405e+00 1.231952e+00
 4.324324e-01  1.596084e-01 -1.117821e+00 1.274999e+00
 4.334334e-01  1.708280e-01 -1.099889e+00 1.238939e+00
 4.344344e-01  1.766241e-01 -1.048046e+00 1.129596e+00
 4.354354e-01  1.751058e-01 -9.647163e-01 9.613395e-01
 4.364364e-01  1.647800e-01 -8.532127e-01 7.551244e-01
 4.374374e-01  1.446663e-01 -7.176143e-01 5.358986e-01
 4.384384e-01  1.143734e-01 -5.626261e-01 3.296294e-01
 4.394394e-01  7.414989e-02 -3.934301e-01 1.602854e-01
 4.404404e-01  2.488908e-02 -2.155217e-01 4.706906e-02
 4.414414e-01 -3.189486e-02 -3.454784e-02 2.210835e-03
 4.424424e-01 -9.413698e-02  1.438610e-01 2.955774e-02
 4.434434e-01 -1.593147e-01  3.142487e-01 1.241334e-01
 4.444444e-01 -2.245789e-01  4.714908e-01 2.727392e-01
 4.454454e-01 -2.868946e-01  6.109337e-01 4.555484e-01
 4.464464e-01 -3.432060e-01  7.285268e-01 6.485416e-01
 4.474474e-01 -3.905933e-01  8.209307e-01 8.264902e-01
 4.484484e-01 -4.264354e-01  8.856127e-01 9.661570e-01
 4.494494e-01 -4.485477e-01  9.209128e-01 1.049275e+00
 4.504505e-01 -4.553092e-01  9.260935e-01 1.064956e+00
 4.514515e-01 -4.457482e-01  9.013552e-01 1.011133e+00
 4.524525e-01 -4.196092e-01  8.478340e-01 8.948944e-01
 4.534535e-01 -3.773663e-01  7.675625e-01 7.315576e-01
 4.544545e-01 -3.202170e-01  6.634132e-01 5.426559e-01
 4.554555e-01 -2.500206e-01  5.390041e-01 3.530357e-01
 4.564565e-01 -1.692227e-01  3.985929e-01 1.875127e-01
 4.574575e-01 -8.073106e-02  2.469339e-01 6.749387e-02
 4.584585e-01  1.220953e-02  8.913201e-02 8.093588e-03
 4.594595e-01  1.061789e-01 -6.953405e-02 1.610895e-02
 4.604605e-01  1.977251e-01 -2.237804e-01 8.917288e-02
 4.614615e-01  2.835320e-01 -3.685086e-01 2.161890e-01
 4.624625e-01  3.605474e-01 -4.989736e-01 3.789691e-01
 4.634635e-01  4.261253e-01 -6.109636e-01 5.548594e-01
 4.644645e-01  4.781097e-01 -7.009400e-01 7.199058e-01
 4.654655e-01  5.149269e-01 -7.661813e-01 8.521835e-01
 4.664665e-01  5.356066e-01 -8.048698e-01 9.346898e-01
 4.674675e-01  5.398148e-01 -8.161771e-01 9.575452e-01
 4.684685e-01  5.278073e-01 -8.002778e-01 9.190251e-01
 4.694695e-01  5.004080e-01 -7.583631e-01 8.255227e-01
 4.704705e-01  4.589039e-01 -6.925706e-01 6.902467e-01
 4.714715e-01  4.049890e-01 -6.059257e-01 5.311621e-01
 4.724725e-01  3.406196e-01 -5.021894e-01 3.682158e-01
 4.734735e-01  2.679520e-01 -3.857400e-01 2.205937e-01
 4.744745e-01  1.891816e-01 -2.613534e-01 1.040953e-01
 4.754755e-01  1.065074e-01 -1.340535e-01 2.931418e-02
 4.764765e-01  2.197144e-02 -8.846492e-03 5.610047e-04
 4.774775e-01 -6.251568e-02  1.094180e-01 1.588051e-02
 4.784785e-01 -1.453352e-01  2.163366e-01 6.792387e-02
 4.794795e-01 -2.250369e-01  3.080250e-01 1.455210e-01
 4.804805e-01 -3.005326e-01  3.814267e-01 2.358062e-01
 4.814815e-01 -3.708111e-01  4.342351e-01 3.260610e-01
 4.824825e-01 -4.352940e-01  4.652878e-01 4.059736e-01
 4.834835e-01 -4.931451e-01  4.741164e-01 4.679785e-01
 4.844845e-01 -5.444854e-01  4.619290e-01 5.098428e-01
 4.854855e-01 -5.851852e-01  4.276897e-01 5.253602e-01
 4.864865e-01 -5.919747e-01  3.578411e-01 4.784843e-01
 4.874875e-01 -5.609103e-01  2.571085e-01 3.807252e-01
 4.884885e-01 -4.942962e-01  1.363177e-01 2.629113e-01
 4.894895e-01 -3.956717e-01  7.285763e-03 1.566092e-01
 4.904905e-01 -2.708573e-01 -1.173436e-01 8.713321e-02
 4.914915e-01 -1.270390e-01 -2.258124e-01 6.713016e-02
 4.924925e-01  2.720657e-02 -3.080641e-01 9.564369e-02
 4.934935e-01  1.826114e-01 -3.568857e-01 1.607143e-01
 4.944945e-01  3.295127e-01 -3.684184e-01 2.443107e-01
 4.954955e-01  4.585310e-01 -3.425891e-01 3.276180e-01
 4.964965e-01  5.610030e-01 -2.829819e-01 3.948031e-01
 4.974975e-01  6.296204e-01 -1.965011e-01 4.350346e-01
 4.984985e-01  6.588572e-01 -9.259929e-02 4.426675e-01
 4.994995e-01  6.454752e-01  1.764655e-02 4.169497e-01
 5.005005e-01  5.887992e-01  1.226840e-01 3.617358e-01
 5.015015e-01  4.909651e-01  2.116171e-01 2.858285e-01
 5.025025e-01  3.569050e-01  2.753120e-01 2.031779e-01
 5.035035e-01  1.942347e-01  3.072928e-01 1.321560e-01
 5.045045e-01  1.286484e-02  3.043939e-01 9.282115e-02
 5.055055e-01 -1.755008e-01  2.670733e-01 1.021286e-01
 5.065065e-01 -3.581082e-01  1.993662e-01 1.679884e-01
 5.075075e-01 -5.219575e-01  1.084967e-01 2.842111e-01
 5.085085e-01 -6.547552e-01  4.143049e-03 4.287216e-01
 5.095095e-01 -7.458120e-01 -1.025003e-01 5.667418e-01
 5.105105e-01 -7.869577e-01 -1.998847e-01 6.592564e-01
 5.115115e-01 -7.732446e-01 -2.772182e-01 6.747572e-01
 5.125125e-01 -7.035455e-01 -3.256548e-01 6.010274e-01
 5.135135e-01 -5.807776e-01 -3.390920e-01 4.522861e-01
 5.145145e-01 -4.119815e-01 -3.150521e-01 2.689866e-01
 5.155155e-01 -2.078526e-01 -2.545797e-01 1.080135e-01
 5.165165e-01  1.769118e-02 -1.638128e-01 2.714761e-02
 5.175175e-01  2.506605e-01 -5.672168e-02 6.604802e-02
 5.185185e-01  4.846008e-01  6.053786e-02 2.385027e-01
 5.195195e-01  7.140424e-01  1.830471e-01 5.433627e-01
 5.205205e-01  9.331216e-01  3.051775e-01 9.638493e-01
 5.215215e-01  1.136071e+00  4.213179e-01 1.468166e+00
 5.225225e-01  1.317253e+00  5.258543e-01 2.011678e+00
 5.235235e-01  1.471443e+00  6.135472e-01 2.541585e+00
 5.245245e-01  1.593955e+00  6.796520e-01 3.002618e+00
 5.255255e-01  1.680862e+00  7.201895e-01 3.343969e+00
 5.265265e-01  1.729123e+00  7.320685e-01 3.525789e+00
 5.275275e-01  1.736740e+00  7.132671e-01 3.525016e+00
 5.285285e-01  1.702840e+00  6.629032e-01 3.339105e+00
 5.295295e-01  1.627753e+00  5.813191e-01 2.987510e+00
 5.305305e-01  1.513018e+00  4.700738e-01 2.510194e+00
 5.315315e-01  1.361382e+00  3.319263e-01 1.963537e+00
 5.325325e-01  1.176716e+00  1.707412e-01 1.413812e+00
 5.335335e-01  9.639212e-01 -8.622434e-03 9.292185e-01
 5.345345e-01  7.287781e-01 -2.004841e-01 5.713114e-01
 5.355355e-01  4.777716e-01 -3.985288e-01 3.870909e-01
 5.365365e-01  2.178777e-01 -5.960371e-01 4.027309e-01
 5.375375e-01 -4.365478e-02 -7.861189e-01 6.198887e-01
 5.385385e-01 -2.995509e-01 -9.619689e-01 1.015115e+00
 5.395395e-01 -5.427427e-01 -1.117111e+00 1.542506e+00
 5.405405e-01 -7.666104e-01 -1.245642e+00 2.139315e+00
 5.415415e-01 -9.651948e-01 -1.342450e+00 2.733772e+00
 5.425425e-01 -1.133398e+00 -1.403411e+00 3.254152e+00
 5.435435e-01 -1.267141e+00 -1.425546e+00 3.637826e+00
 5.445445e-01 -1.363494e+00 -1.407142e+00 3.839166e+00
 5.455455e-01 -1.420758e+00 -1.347825e+00 3.835185e+00
 5.465465e-01 -1.438503e+00 -1.248582e+00 3.628246e+00
 5.475475e-01 -1.417554e+00 -1.111741e+00 3.245428e+00
 5.485485e-01 -1.359948e+00 -9.408969e-01 2.734745e+00
 5.495495e-01 -1.268820e+00 -7.407923e-01 2.158678e+00
 5.505506e-01 -1.148280e+00 -5.171587e-01 1.585999e+00
 5.515516e-01 -1.003228e+00 -2.765210e-01 1.082930e+00
 5.525526e-01 -8.391673e-01 -2.597656e-02 7.048765e-01
 5.535536e-01 -6.619828e-01  2.270485e-01 4.897722e-01
 5.545546e-01 -4.777190e-01  4.750497e-01 4.538877e-01
 5.555556e-01 -2.923535e-01  7.106982e-01 5.905625e-01
 5.565566e-01 -1.115846e-01  9.270839e-01 8.719357e-01
 5.575576e-01  5.936797e-02  1.117943e+00 1.253322e+00
 5.585586e-01  2.159317e-01  1.277861e+00 1.679554e+00
 5.595596e-01  3.543221e-01  1.402436e+00 2.092370e+00
 5.605606e-01  4.716411e-01  1.488416e+00 2.437827e+00
 5.615616e-01  5.659389e-01  1.533785e+00 2.672783e+00
 5.625626e-01  6.362298e-01  1.537807e+00 2.769640e+00
 5.635636e-01  6.824694e-01  1.501028e+00 2.718851e+00
 5.645646e-01  7.054885e-01  1.425230e+00 2.528994e+00
 5.655656e-01  7.068962e-01  1.313346e+00 2.224581e+00
 5.665666e-01  6.889490e-01  1.169343e+00 1.842015e+00
 5.675676e-01  6.544022e-01  9.980658e-01 1.424378e+00
 5.685686e-01  6.063421e-01  8.050605e-01 1.015773e+00
 5.695696e-01  5.480181e-01  5.963819e-01 6.559953e-01
 5.705706e-01  4.826724e-01  3.783874e-01 3.761496e-01
 5.715716e-01  4.133862e-01  1.575292e-01 1.957036e-01
 5.725726e-01  3.429413e-01 -5.984838e-02 1.211905e-01
 5.735736e-01  2.737100e-01 -2.677016e-01 1.465813e-01
 5.745746e-01  2.075733e-01 -4.604628e-01 2.551126e-01
 5.755756e-01  1.458758e-01 -6.331942e-01 4.222146e-01
 5.765766e-01  8.941226e-02 -7.817160e-01 6.190745e-01
 5.775776e-01  3.845243e-02 -9.027061e-01 8.163569e-01
 5.785786e-01 -7.205883e-03 -9.937695e-01 9.876297e-01
 5.795796e-01 -4.815269e-02 -1.053477e+00 1.112132e+00
 5.805806e-01 -8.526320e-02 -1.081374e+00 1.176640e+00
 5.815816e-01 -1.195775e-01 -1.077960e+00 1.176297e+00
 5.825826e-01 -1.521764e-01 -1.044641e+00 1.114433e+00
 5.835836e-01 -1.840557e-01 -9.836580e-01 1.001460e+00
 5.845846e-01 -2.160127e-01 -8.979926e-01 8.530522e-01
 5.855856e-01 -2.485466e-01 -7.912589e-01 6.878661e-01
 5.865866e-01 -2.817850e-01 -6.675772e-01 5.250621e-01
 5.875876e-01 -3.154355e-01 -5.314394e-01 3.819273e-01
 5.885886e-01 -3.487716e-01 -3.875668e-01 2.718497e-01
 5.895896e-01 -3.806489e-01 -2.407661e-01 2.028619e-01
 5.905906e-01 -4.095556e-01 -9.578460e-02 1.769105e-01
 5.915916e-01 -4.336901e-01  4.282980e-02 1.899215e-01
 5.925926e-01 -4.510665e-01  1.708616e-01 2.326546e-01
 5.935936e-01 -4.596368e-01  2.845502e-01 2.922348e-01
 5.945946e-01 -4.574274e-01  3.806995e-01 3.541720e-01
 5.955956e-01 -4.426771e-01  4.567704e-01 4.046022e-01
 5.965966e-01 -4.139733e-01  5.109556e-01 4.324495e-01
 5.975976e-01 -3.703734e-01  5.422322e-01 4.311922e-01
 5.985986e-01 -3.115082e-01  5.503920e-01 3.999687e-01
 5.995996e-01 -2.376558e-01  5.360467e-01 3.438263e-01
 6.006006e-01 -1.497868e-01  5.006071e-01 2.730435e-01
 6.016016e-01 -4.957101e-02  4.462365e-01 2.015843e-01
 6.026026e-01  6.064976e-02  3.757779e-01 1.448874e-01
 6.036036e-01  1.779275e-01  2.926561e-01 1.173058e-01
 6.046046e-01  2.988054e-01  2.007581e-01 1.295885e-01
 6.056056e-01  4.194463e-01  1.042926e-01 1.868122e-01
 6.066066e-01  5.357822e-01  7.634475e-03 2.871209e-01
 6.076076e-01  6.436820e-01 -8.484149e-02 4.215246e-01
 6.086086e-01  7.391243e-01 -1.689324e-01 5.748429e-01
 6.096096e-01  8.183713e-01 -2.407777e-01 7.277054e-01
 6.106106e-01  8.781315e-01 -2.970213e-01 8.593367e-01
 6.116116e-01  9.157063e-01 -3.349599e-01 9.507162e-01
 6.126126e-01  9.291096e-01 -3.526686e-01 9.876198e-01
 6.136136e-01  9.171595e-01 -3.490995e-01 9.630520e-01
 6.146146e-01  8.795326e-01 -3.241470e-01 8.786488e-01
 6.156156e-01  8.167836e-01 -2.786752e-01 7.447953e-01
 6.166166e-01  7.303250e-01 -2.145054e-01 5.793871e-01
 6.176176e-01  6.223727e-01 -1.343617e-01 4.054009e-01
 6.186186e-01  4.958572e-01 -4.177550e-02 2.476196e-01
 6.196196e-01  3.543073e-01  5.904856e-02 1.290204e-01
 6.206206e-01  2.017111e-01  1.634007e-01 6.738715e-02
 6.216216e-01  4.236306e-02  2.662623e-01 7.269023e-02
 6.226226e-01 -1.192987e-01  3.625227e-01 1.456549e-01
 6.236236e-01 -2.788531e-01  4.472073e-01 2.777534e-01
 6.246246e-01 -4.320520e-01  5.157068e-01 4.526224e-01
 6.256256e-01 -5.749597e-01  5.639982e-01 6.486727e-01
 6.266266e-01 -7.040764e-01  5.888464e-01 8.424637e-01
 6.276276e-01 -8.164348e-01  5.879766e-01 1.012282e+00
 6.286286e-01 -9.096727e-01  5.602093e-01 1.141339e+00
 6.296296e-01 -9.820755e-01  5.055504e-01 1.220054e+00
 6.306306e-01 -1.032592e+00  4.252305e-01 1.247068e+00
 6.316316e-01 -1.060824e+00  3.216906e-01 1.228833e+00
 6.326326e-01 -1.066989e+00  1.985133e-01 1.177873e+00
 6.336336e-01 -1.051864e+00  6.030113e-02 1.110054e+00
 6.346346e-01 -1.016716e+00 -8.749436e-02 1.041366e+00
 6.356356e-01 -9.632160e-01 -2.387856e-01 9.848036e-01
 6.366366e-01 -8.933513e-01 -3.870963e-01 9.479202e-01
 6.376376e-01 -8.093325e-01 -5.258323e-01 9.315186e-01
 6.386386e-01 -7.135057e-01 -6.485648e-01 9.297266e-01
 6.396396e-01 -6.082703e-01 -7.493142e-01 9.314644e-01
 6.406406e-01 -4.960070e-01 -8.228205e-01 9.230566e-01
 6.416416e-01 -3.790165e-01 -8.647910e-01 8.915170e-01
 6.426426e-01 -2.594725e-01 -8.721104e-01 8.279026e-01
 6.436436e-01 -1.393862e-01 -8.430078e-01 7.300907e-01
 6.446446e-01 -2.058530e-02 -7.771687e-01 6.044149e-01
 6.456456e-01  9.529673e-02 -6.757891e-01 4.657724e-01
 6.466466e-01  2.068206e-01 -5.415675e-01 3.360702e-01
 6.476476e-01  3.127344e-01 -3.786339e-01 2.411664e-01
 6.486486e-01  4.119598e-01 -1.924181e-01 2.067356e-01
 6.496496e-01  5.035767e-01  1.053716e-02 2.537006e-01
 6.506507e-01  5.868053e-01  2.228131e-01 3.939861e-01
 6.516517e-01  6.609892e-01  4.363906e-01 6.273435e-01
 6.526527e-01  7.255810e-01  6.429559e-01 9.398601e-01
 6.536537e-01  7.801303e-01  8.342226e-01 1.304531e+00
 6.546547e-01  8.242754e-01  1.002258e+00 1.683952e+00
 6.556557e-01  8.577391e-01  1.139802e+00 2.034865e+00
 6.566567e-01  8.803274e-01  1.240561e+00 2.313969e+00
 6.576577e-01  8.919312e-01  1.299474e+00 2.484173e+00
 6.586587e-01  8.925300e-01  1.312926e+00 2.520384e+00
 6.596597e-01  8.821966e-01  1.278921e+00 2.413909e+00
 6.606607e-01  8.611023e-01  1.197181e+00 2.174739e+00
 6.616617e-01  8.295209e-01  1.069191e+00 1.831274e+00
 6.626627e-01  7.878314e-01  8.981737e-01 1.427394e+00
 6.636637e-01  7.365196e-01  6.889956e-01 1.017176e+00
 6.646647e-01  6.761757e-01  4.480142e-01 6.579304e-01
 6.656657e-01  6.074917e-01  1.828654e-01 4.024860e-01
 6.666667e-01  5.312549e-01 -9.779976e-02 2.917966e-01
 6.676677e-01  4.483407e-01 -3.846176e-01 3.489401e-01
 6.686687e-01  3.597033e-01 -6.678447e-01 5.754029e-01
 6.696697e-01  2.663662e-01 -9.377074e-01 9.502460e-01
 6.706707e-01  1.694115e-01 -1.184756e+00 1.432346e+00
 6.716717e-01  6.996993e-02 -1.400208e+00 1.965477e+00
 6.726727e-01 -3.078947e-02 -1.576273e+00 2.485584e+00
 6.736737e-01 -1.316684e-01 -1.706439e+00 2.929272e+00
 6.746747e-01 -2.314484e-01 -1.785719e+00 3.242359e+00
 6.756757e-01 -3.288994e-01 -1.810833e+00 3.387293e+00
 6.766767e-01 -4.227881e-01 -1.780345e+00 3.348378e+00
 6.776777e-01 -5.118864e-01 -1.694714e+00 3.134083e+00
 6.786787e-01 -5.949814e-01 -1.556291e+00 2.776044e+00
 6.796797e-01 -6.708857e-01 -1.369238e+00 2.324900e+00
 6.806807e-01 -7.384500e-01 -1.139387e+00 1.843510e+00
 6.816817e-01 -7.965774e-01 -8.740295e-01 1.398463e+00
 6.826827e-01 -8.442404e-01 -5.816633e-01 1.051074e+00
 6.836837e-01 -8.804989e-01 -2.716856e-01 8.490913e-01
 6.846847e-01 -9.045220e-01  4.594063e-02 8.202706e-01
 6.856857e-01 -9.156098e-01  3.610410e-01 9.686918e-01
 6.866867e-01 -9.132170e-01  6.635912e-01 1.274319e+00
 6.876877e-01 -8.969765e-01  9.440701e-01 1.695835e+00
 6.886887e-01 -8.667223e-01  1.193793e+00 2.176349e+00
 6.896897e-01 -8.225103e-01  1.405209e+00 2.651134e+00
 6.906907e-01 -7.646368e-01  1.572156e+00 3.056344e+00
 6.916917e-01 -6.936527e-01  1.690063e+00 3.337467e+00
 6.926927e-01 -6.103726e-01  1.756084e+00 3.456386e+00
 6.936937e-01 -5.158788e-01  1.769174e+00 3.396109e+00
 6.946947e-01 -4.115181e-01  1.730092e+00 3.162565e+00
 6.956957e-01 -2.988920e-01  1.641335e+00 2.783318e+00
 6.966967e-01 -1.798395e-01  1.507015e+00 2.303436e+00
 6.976977e-01 -5.641260e-02  1.332668e+00 1.779186e+00
 6.986987e-01  6.915568e-02  1.125021e+00 1.270455e+00
 6.996997e-01  1.944898e-01  8.917175e-01 8.329864e-01
 7.007007e-01  3.171163e-01  6.410114e-01 5.114584e-01
 7.017017e-01  4.345146e-01  3.814516e-01 3.343083e-01
 7.027027e-01  5.441715e-01  1.215611e-01 3.108997e-01
 7.037037e-01  6.436397e-01 -1.304716e-01 4.312949e-01
 7.047047e-01  7.305981e-01 -3.670774e-01 6.685193e-01
 7.057057e-01  8.029134e-01 -5.815580e-01 9.828797e-01
 7.067067e-01  8.587009e-01 -7.682930e-01 1.327641e+00
 7.077077e-01  8.963835e-01 -9.228962e-01 1.655241e+00
 7.087087e-01  9.147462e-01 -1.042317e+00 1.923185e+00
 7.097097e-01  9.129867e-01 -1.124882e+00 2.098905e+00
 7.107107e-01  8.907572e-01 -1.170286e+00 2.163019e+00
 7.117117e-01  8.481992e-01 -1.179519e+00 2.110707e+00
 7.127127e-01  7.859660e-01 -1.154750e+00 1.951191e+00
 7.137137e-01  7.052350e-01 -1.099173e+00 1.705538e+00
 7.147147e-01  6.077047e-01 -1.016811e+00 1.403209e+00
 7.157157e-01  4.955782e-01 -9.123039e-01 1.077896e+00
 7.167167e-01  3.715304e-01 -7.906847e-01 7.632172e-01
 7.177177e-01  2.386586e-01 -6.571506e-01 4.888049e-01
 7.187187e-01  1.004178e-01 -5.168457e-01 2.772133e-01
 7.197197e-01 -3.946136e-02 -3.746621e-01 1.419289e-01
 7.207207e-01 -1.770679e-01 -2.350665e-01 8.660933e-02
 7.217217e-01 -3.084200e-01 -1.019602e-01 1.055188e-01
 7.227227e-01 -4.295839e-01  2.142414e-02 1.850013e-01
 7.237237e-01 -5.368006e-01  1.325861e-01 3.057339e-01
 7.247247e-01 -6.266155e-01  2.297818e-01 4.454467e-01
 7.257257e-01 -6.960069e-01  3.120105e-01 5.817761e-01
 7.267267e-01 -7.425084e-01  3.789669e-01 6.949346e-01
 7.277277e-01 -7.643199e-01  4.309648e-01 7.699155e-01
 7.287287e-01 -7.604024e-01  4.688376e-01 7.980205e-01
 7.297297e-01 -7.305510e-01  4.938241e-01 7.775670e-01
 7.307307e-01 -6.754417e-01  5.074456e-01 7.137226e-01
 7.317317e-01 -5.966487e-01  5.113824e-01 6.175017e-01
 7.327327e-01 -4.966281e-01  5.073568e-01 5.040505e-01
 7.337337e-01 -3.786673e-01  4.970277e-01 3.904255e-01
 7.347347e-01 -2.467993e-01  4.819024e-01 2.931399e-01
 7.357357e-01 -1.056832e-01  4.632692e-01 2.257873e-01
 7.367367e-01  3.954673e-02  4.421518e-01 1.970621e-01
 7.377377e-01  1.834586e-01  4.192879e-01 2.094594e-01
 7.387387e-01  3.205210e-01  3.951290e-01 2.588606e-01
 7.397397e-01  4.453157e-01  3.698613e-01 3.351035e-01
 7.407407e-01  5.527548e-01  3.434425e-01 4.234906e-01
 7.417417e-01  6.382953e-01  3.156521e-01 5.070571e-01
 7.427427e-01  6.981392e-01  2.861503e-01 5.692804e-01
 7.437437e-01  7.294128e-01  2.545403e-01 5.968339e-01
 7.447447e-01  7.303136e-01  2.204293e-01 5.819470e-01
 7.457457e-01  7.002178e-01  1.834858e-01 5.239720e-01
 7.467467e-01  6.397433e-01  1.434871e-01 4.298600e-01
 7.477477e-01  5.507606e-01  1.003570e-01 3.134088e-01
 7.487487e-01  4.363522e-01  5.418978e-02 1.933397e-01
 7.497497e-01  3.007172e-01  5.261136e-03 9.045851e-02
 7.507508e-01  1.490262e-01 -4.597375e-02 2.432239e-02
 7.517518e-01 -1.277124e-02 -9.889467e-02 9.943260e-03
 7.527528e-01 -1.781783e-01 -1.527406e-01 5.507721e-02
 7.537538e-01 -3.404129e-01 -2.066417e-01 1.585818e-01
 7.547548e-01 -4.926893e-01 -2.596563e-01 3.101642e-01
 7.557558e-01 -6.285071e-01 -3.108095e-01 4.916238e-01
 7.567568e-01 -7.419356e-01 -3.591316e-01 6.794439e-01
 7.577578e-01 -8.278785e-01 -4.036926e-01 8.483506e-01
 7.587588e-01 -8.823101e-01 -4.436325e-01 9.752808e-01
 7.597598e-01 -9.024674e-01 -4.781834e-01 1.043107e+00
 7.607608e-01 -8.869927e-01 -5.066864e-01 1.043487e+00
 7.617618e-01 -8.360155e-01 -5.285987e-01 9.783385e-01
 7.627628e-01 -7.511721e-01 -5.434958e-01 8.596472e-01
 7.637638e-01 -6.355581e-01 -5.510669e-01 7.076088e-01
 7.647648e-01 -4.936175e-01 -5.511061e-01 5.473761e-01
 7.657658e-01 -3.309696e-01 -5.435012e-01 4.049344e-01
 7.667668e-01 -1.541834e-01 -5.282222e-01 3.027912e-01
 7.677678e-01  2.949376e-02 -5.053102e-01 2.562083e-01
 7.687688e-01  2.124394e-01 -4.748696e-01 2.706317e-01
 7.697698e-01  3.869797e-01 -4.370634e-01 3.407777e-01
 7.707708e-01  5.457182e-01 -3.921133e-01 4.515612e-01
 7.717718e-01  6.818563e-01 -3.403047e-01 5.807353e-01
 7.727728e-01  7.894900e-01 -2.819951e-01 7.028157e-01
 7.737738e-01  8.638711e-01 -2.176263e-01 7.936346e-01
 7.747748e-01  9.016199e-01 -1.477385e-01 8.347450e-01
 7.757758e-01  9.008806e-01 -7.298421e-02 8.169126e-01
 7.767768e-01  8.614133e-01  5.858537e-03 7.420672e-01
 7.777778e-01  7.846164e-01  8.787731e-02 6.233453e-01
 7.787788e-01  6.734802e-01  1.720210e-01 4.831668e-01
 7.797798e-01  5.324730e-01  2.571021e-01 3.496289e-01
 7.807808e-01  3.673640e-01  3.418067e-01 2.517882e-01
 7.817818e-01  1.849921e-01  4.247128e-01 2.146031e-01
 7.827828e-01 -7.012192e-03  5.043159e-01 2.543837e-01
 7.837838e-01 -2.005371e-01  5.790627e-01 3.755287e-01
 7.847848e-01 -3.873214e-01  6.473907e-01 5.691326e-01
 7.857858e-01 -5.592923e-01  7.077725e-01 8.137498e-01
 7.867868e-01 -7.088975e-01  7.587619e-01 1.078255e+00
 7.877878e-01 -8.294151e-01  7.990413e-01 1.326396e+00
 7.887888e-01 -9.152320e-01  8.274659e-01 1.522349e+00
 7.897898e-01 -9.620773e-01  8.431038e-01 1.636417e+00
 7.907908e-01 -9.672024e-01  8.452696e-01 1.649961e+00
 7.917918e-01 -9.295012e-01  8.335497e-01 1.558777e+00
 7.927928e-01 -8.495656e-01  8.078175e-01 1.374331e+00
 7.937938e-01 -7.296744e-01  7.682398e-01 1.122617e+00
 7.947948e-01 -5.737167e-01  7.152715e-01 8.407641e-01
 7.957958e-01 -3.870517e-01  6.496415e-01 5.718431e-01
 7.967968e-01 -1.763130e-01  5.723302e-01 3.586482e-01
 7.977978e-01  5.083712e-02  4.845391e-01 2.373626e-01
 7.987988e-01  2.859932e-01  3.876561e-01 2.320694e-01
 7.997998e-01  5.203206e-01  2.832174e-01 3.509456e-01
 8.008008e-01  7.448862e-01  1.728682e-01 5.847388e-01
 8.018018e-01  9.509941e-01  5.832536e-02 9.077915e-01
 8.028028e-01  1.130513e+00 -5.865809e-02 1.281500e+00
 8.038038e-01  1.276182e+00 -1.763236e-01 1.659732e+00
 8.048048e-01  1.381891e+00 -2.929324e-01 1.995431e+00
 8.058058e-01  1.442906e+00 -4.067859e-01 2.247453e+00
 8.068068e-01  1.456063e+00 -5.162396e-01 2.386624e+00
 8.078078e-01  1.419888e+00 -6.197131e-01 2.400126e+00
 8.088088e-01  1.334663e+00 -7.156954e-01 2.293547e+00
 8.098098e-01  1.202431e+00 -8.027489e-01 2.090246e+00
 8.108108e-01  1.026927e+00 -8.795116e-01 1.828120e+00
 8.118118e-01  8.134572e-01 -9.447007e-01 1.554172e+00
 8.128128e-01  5.687142e-01 -9.971190e-01 1.317682e+00
 8.138138e-01  3.005434e-01 -1.035665e+00 1.162928e+00
 8.148148e-01  1.766650e-02 -1.059347e+00 1.122527e+00
 8.158158e-01 -2.706276e-01 -1.067304e+00 1.212377e+00
 8.168168e-01 -5.548132e-01 -1.058832e+00 1.428943e+00
 8.178178e-01 -8.254672e-01 -1.033415e+00 1.749342e+00
 8.188188e-01 -1.073605e+00 -9.907555e-01 2.134225e+00
 8.198198e-01 -1.291003e+00 -9.308155e-01 2.533106e+00
 8.208208e-01 -1.470487e+00 -8.538494e-01 2.891390e+00
 8.218218e-01 -1.606189e+00 -7.604377e-01 3.158110e+00
 8.228228e-01 -1.693756e+00 -6.515156e-01 3.293281e+00
 8.238238e-01 -1.730491e+00 -5.283927e-01 3.273799e+00
 8.248248e-01 -1.715452e+00 -3.927627e-01 3.097038e+00
 8.258258e-01 -1.649466e+00 -2.467018e-01 2.781599e+00
 8.268268e-01 -1.535092e+00 -9.265152e-02 2.365092e+00
 8.278278e-01 -1.376514e+00  6.661181e-02 1.899227e+00
 8.288288e-01 -1.179373e+00  2.280237e-01 1.442915e+00
 8.298298e-01 -9.505505e-01  3.882922e-01 1.054317e+00
 8.308308e-01 -6.979040e-01  5.439724e-01 7.829759e-01
 8.318318e-01 -4.299700e-01  6.915521e-01 6.631185e-01
 8.328328e-01 -1.556457e-01  8.275466e-01 7.090590e-01
 8.338338e-01  1.161393e-01  9.485987e-01 9.133279e-01
 8.348348e-01  3.767476e-01  1.051581e+00 1.247762e+00
 8.358358e-01  6.181413e-01  1.133698e+00 1.667370e+00
 8.368368e-01  8.331614e-01  1.192579e+00 2.116404e+00
 8.378378e-01  1.015768e+00  1.226367e+00 2.535759e+00
 8.388388e-01  1.161229e+00  1.233787e+00 2.870684e+00
 8.398398e-01  1.266262e+00  1.214211e+00 3.077727e+00
 8.408408e-01  1.329102e+00  1.167691e+00 3.130013e+00
 8.418418e-01  1.349522e+00  1.094981e+00 3.020192e+00
 8.428428e-01  1.328785e+00  9.975332e-01 2.760741e+00
 8.438438e-01  1.269537e+00  8.774783e-01 2.381691e+00
 8.448448e-01  1.175653e+00  7.375769e-01 1.926179e+00
 8.458458e-01  1.052036e+00  5.811575e-01 1.444524e+00
 8.468468e-01  9.043841e-01  4.120330e-01 9.876817e-01
 8.478478e-01  7.389291e-01  2.344025e-01 6.009607e-01
 8.488488e-01  5.621713e-01  5.274024e-02 3.188181e-01
 8.498498e-01  3.806101e-01 -1.283255e-01 1.613315e-01
 8.508509e-01  2.004881e-01 -3.041397e-01 1.326964e-01
 8.518519e-01  2.755933e-02 -4.701499e-01 2.218005e-01
 8.528529e-01 -1.331104e-01 -6.220349e-01 4.046458e-01
 8.538539e-01 -2.773025e-01 -7.558285e-01 6.481735e-01
 8.548549e-01 -4.017586e-01 -8.680348e-01 9.148944e-01
 8.558559e-01 -5.042441e-01 -9.557322e-01 1.167686e+00
 8.568569e-01 -5.835623e-01 -1.016663e+00 1.374148e+00
 8.578579e-01 -6.395196e-01 -1.049304e+00 1.510024e+00
 8.588589e-01 -6.728472e-01 -1.052923e+00 1.561371e+00
 8.598599e-01 -6.850840e-01 -1.027607e+00 1.525317e+00
 8.608609e-01 -6.784296e-01 -9.742734e-01 1.409475e+00
 8.618619e-01 -6.555753e-01 -8.946532e-01 1.230183e+00
 8.628629e-01 -6.195242e-01 -7.912565e-01 1.009897e+00
 8.638639e-01 -5.734081e-01 -6.673089e-01 7.740980e-01
 8.648649e-01 -5.203141e-01 -5.266680e-01 5.481060e-01
 8.658659e-01 -4.631268e-01 -3.737185e-01 3.541519e-01
 8.668669e-01 -4.043948e-01 -2.132482e-01 2.090100e-01
 8.678679e-01 -3.462287e-01 -5.030823e-02 1.224052e-01
 8.688689e-01 -2.902324e-01  1.099400e-01 9.632163e-02
 8.698699e-01 -2.374715e-01  2.623859e-01 1.252390e-01
 8.708709e-01 -1.884783e-01  4.021343e-01 1.972361e-01
 8.718719e-01 -1.432902e-01  5.246703e-01 2.958110e-01
 8.728729e-01 -1.015192e-01  6.260158e-01 4.022019e-01
 8.738739e-01 -6.244475e-02  7.028748e-01 4.979323e-01
 8.748749e-01 -2.512524e-02  7.527608e-01 5.672801e-01
 8.758759e-01  1.148198e-02  7.741005e-01 5.993634e-01
 8.768769e-01  4.839817e-02  7.663095e-01 5.895727e-01
 8.778779e-01  8.650769e-02  7.298358e-01 5.401439e-01
 8.788789e-01  1.264561e-01  6.661672e-01 4.597699e-01
 8.798799e-01  1.685686e-01  5.778012e-01 3.622696e-01
 8.808809e-01  2.127939e-01  4.681756e-01 2.644696e-01
 8.818819e-01  2.586761e-01  3.415624e-01 1.835782e-01
 8.828829e-01  3.053579e-01  2.029249e-01 1.344219e-01
 8.838839e-01  3.516126e-01  5.774376e-02 1.269657e-01
 8.848849e-01  3.959045e-01 -8.818274e-02 1.645165e-01
 8.858859e-01  4.364730e-01 -2.289584e-01 2.429306e-01
 8.868869e-01  4.714352e-01 -3.588190e-01 3.510022e-01
 8.878879e-01  4.989011e-01 -4.723648e-01 4.720309e-01
 8.888889e-01  5.170937e-01 -5.647849e-01 5.863679e-01
 8.898899e-01  5.244666e-01 -6.320645e-01 6.745707e-01
 8.908909e-01  5.198126e-01 -6.711653e-01 7.206680e-01
 8.918919e-01  5.023563e-01 -6.801707e-01 7.149940e-01
 8.928929e-01  4.718238e-01 -6.583873e-01 6.560916e-01
 8.938939e-01  4.284875e-01 -6.063989e-01 5.513212e-01
 8.948949e-01  3.731806e-01 -5.260666e-01 4.160098e-01
 8.958959e-01  3.072816e-01 -4.204759e-01 2.712220e-01
 8.968969e-01  2.326691e-01 -2.938296e-01 1.404707e-01
 8.978979e-01  1.516484e-01 -1.512911e-01 4.588623e-02
 8.988989e-01  6.685403e-02  1.217017e-03 4.470943e-03
 8.998999e-01 -1.886627e-02  1.572510e-01 2.508381e-02
 9.009009e-01 -1.025810e-01  3.101109e-01 1.066917e-01
 9.019019e-01 -1.814101e-01  4.531216e-01 2.382288e-01
 9.029029e-01 -2.526601e-01  5.799167e-01 4.001405e-01
 9.039039e-01 -3.139505e-01  6.847144e-01 5.673988e-01
 9.049049e-01 -3.633272e-01  7.625715e-01 7.135219e-01
 9.059059e-01 -3.993544e-01  8.096047e-01 8.149437e-01
 9.069069e-01 -4.211838e-01  8.231691e-01 8.550031e-01
 9.079079e-01 -4.285946e-01  8.019844e-01 8.268723e-01
 9.089089e-01 -4.220045e-01  7.462048e-01 7.349094e-01
 9.099099e-01 -4.024504e-01  6.574263e-01 5.941757e-01
 9.109109e-01 -3.715399e-01  5.386337e-01 4.281682e-01
 9.119119e-01 -3.313768e-01  3.940863e-01 2.651146e-01
 9.129129e-01 -2.844632e-01  2.291504e-01 1.334292e-01
 9.139139e-01 -2.335836e-01  5.008239e-02 5.706954e-02
 9.149149e-01 -1.816761e-01 -1.362245e-01 5.156332e-02
 9.159159e-01 -1.316968e-01 -3.225215e-01 1.213642e-01
 9.169169e-01 -8.648325e-02 -5.015001e-01 2.589817e-01
 9.179179e-01 -4.862265e-02 -6.660885e-01 4.460381e-01
 9.189189e-01 -2.033126e-02 -8.097383e-01 6.560895e-01
 9.199199e-01 -3.348865e-03 -9.266863e-01 8.587587e-01
 9.209209e-01  1.146480e-03 -1.012183e+00 1.024515e+00
 9.219219e-01 -7.399301e-03 -1.062675e+00 1.129332e+00
 9.229229e-01 -2.887987e-02 -1.075941e+00 1.158482e+00
 9.239239e-01 -6.251880e-02 -1.051165e+00 1.108857e+00
 9.249249e-01 -1.068874e-01 -9.889600e-01 9.894668e-01
 9.259259e-01 -1.599489e-01 -8.913235e-01 8.200413e-01
 9.269269e-01 -2.191280e-01 -7.615477e-01 6.279719e-01
 9.279279e-01 -2.814024e-01 -6.040739e-01 4.440926e-01
 9.289289e-01 -3.434148e-01 -4.243071e-01 2.979702e-01
 9.299299e-01 -4.015991e-01 -2.283955e-01 2.134463e-01
 9.309309e-01 -4.523195e-01 -2.298715e-02 2.051214e-01
 9.319319e-01 -4.920154e-01  1.850265e-01 2.763140e-01
 9.329329e-01 -5.173485e-01  3.887698e-01 4.187914e-01
 9.339339e-01 -5.253465e-01  5.816327e-01 6.142856e-01
 9.349349e-01 -5.135395e-01  7.575030e-01 8.375336e-01
 9.359359e-01 -4.800826e-01  9.109713e-01 1.060348e+00
 9.369369e-01 -4.238608e-01  1.037503e+00 1.256070e+00
 9.379379e-01 -3.445730e-01  1.133569e+00 1.403708e+00
 9.389389e-01 -2.427892e-01  1.196735e+00 1.491122e+00
 9.399399e-01 -1.199797e-01  1.225709e+00 1.516758e+00
 9.409409e-01  2.148731e-02  1.220338e+00 1.489688e+00
 9.419419e-01  1.783803e-01  1.181570e+00 1.427928e+00
 9.429429e-01  3.466725e-01  1.111374e+00 1.355333e+00
 9.439439e-01  5.216419e-01  1.012626e+00 1.297522e+00
 9.449449e-01  6.980020e-01  8.889766e-01 1.277486e+00
 9.459459e-01  8.700606e-01  7.446843e-01 1.311560e+00
 9.469469e-01  1.031901e+00  5.844493e-01 1.406400e+00
 9.479479e-01  1.177581e+00  4.132343e-01 1.557460e+00
 9.489489e-01  1.301346e+00  2.360896e-01 1.749240e+00
 9.499499e-01  1.397843e+00  5.798521e-02 1.957327e+00
 9.509510e-01  1.462332e+00 -1.163428e-01 2.151951e+00
 9.519520e-01  1.490889e+00 -2.825276e-01 2.302573e+00
 9.529530e-01  1.480584e+00 -4.366850e-01 2.382824e+00
 9.539540e-01  1.429635e+00 -5.755016e-01 2.375059e+00
 9.549550e-01  1.337524e+00 -6.962971e-01 2.273800e+00
 9.559560e-01  1.205074e+00 -7.970599e-01 2.087508e+00
 9.569570e-01  1.034479e+00 -8.764576e-01 1.838326e+00
 9.579580e-01  8.292843e-01 -9.338226e-01 1.559737e+00
 9.589590e-01  5.943125e-01 -9.691171e-01 1.292395e+00
 9.599600e-01  3.355462e-01 -9.828792e-01 1.078643e+00
 9.609610e-01  5.995654e-02 -9.761549e-01 9.564731e-01
 9.619620e-01 -2.247081e-01 -9.504185e-01 9.537890e-01
 9.629630e-01 -5.101698e-01 -9.074868e-01 1.083806e+00
 9.639640e-01 -7.878966e-01 -8.494303e-01 1.342313e+00
 9.649650e-01 -1.049395e+00 -7.784844e-01 1.707268e+00
 9.659660e-01 -1.286509e+00 -6.969660e-01 2.140868e+00
 9.669670e-01 -1.491715e+00 -6.071963e-01 2.593901e+00
 9.679680e-01 -1.658396e+00 -5.114333e-01 3.011841e+00
 9.689690e-01 -1.781092e+00 -4.118158e-01 3.341881e+00
 9.699700e-01 -1.855709e+00 -3.103195e-01 3.539953e+00
 9.709710e-01 -1.879679e+00 -2.087265e-01 3.576759e+00
 9.719720e-01 -1.852068e+00 -1.086078e-01 3.441950e+00
 9.729730e-01 -1.773621e+00 -1.131748e-02 3.145860e+00
 9.739740e-01 -1.646748e+00  8.200057e-02 2.718502e+00
 9.749750e-01 -1.475440e+00  1.703977e-01 2.205957e+00
 9.759760e-01 -1.265135e+00  2.530968e-01 1.664625e+00
 9.769770e-01 -1.022525e+00  3.294639e-01 1.154103e+00
 9.779780e-01 -7.553103e-01  3.989759e-01 7.296754e-01
 9.789790e-01 -4.719282e-01  4.611889e-01 4.354114e-01
 9.799800e-01 -1.812450e-01  5.157066e-01 2.988030e-01
 9.809810e-01  1.077605e-01  5.621545e-01 3.276300e-01
 9.819820e-01  3.863161e-01  6.001591e-01 5.094310e-01
 9.829830e-01  6.461636e-01  6.293347e-01 8.135896e-01
 9.839840e-01  8.798422e-01  6.492799e-01 1.195687e+00
 9.849850e-01  1.080937e+00  6.595824e-01 1.603473e+00
 9.859860e-01  1.244282e+00  6.598345e-01 1.983619e+00
 9.869870e-01  1.366114e+00  6.496574e-01 2.288323e+00
 9.879880e-01  1.444166e+00  6.287335e-01 2.480922e+00
 9.889890e-01  1.477703e+00  5.968460e-01 2.539832e+00
 9.899900e-01  1.467497e+00  5.539219e-01 2.460377e+00
 9.909910e-01  1.415746e+00  5.000778e-01 2.254415e+00
 9.919920e-01  1.325940e+00  4.356649e-01 1.947922e+00
 9.929930e-01  1.202684e+00  3.613087e-01 1.576993e+00
 9.939940e-01  1.051480e+00  2.779435e-01 1.182862e+00
 9.949950e-01  8.784889e-01  1.868348e-01 8.066500e-01
 9.959960e-01  6.902745e-01  8.958967e-02 4.845051e-01
 9.969970e-01  4.935424e-01 -1.184807e-02 2.437245e-01
 9.979980e-01  2.948891e-01 -1.152206e-01 1.002354e-01
 9.989990e-01  1.005666e-01 -2.179963e-01 5.763601e-02
 1.000000e+00 -8.372571e-02 -3.174284e-01 1.077708e-01
