# x psi_r psi_i psi2 
 0.000000e+00 -4.144141e-06  9.505888e-06 1.075358e-10
 1.001001e-03 -5.133305e-06  8.007393e-06 9.046917e-11
 2.002002e-03 -4.631740e-06  5.349726e-06 5.007258e-11
 3.003003e-03 -2.888690e-06  2.022982e-06 1.243699e-11
 4.004004e-03 -4.275018e-07 -1.437550e-06 2.249307e-12
 5.005005e-03  2.074866e-06 -4.534757e-06 2.486909e-11
 6.006006e-03  3.955370e-06 -6.853300e-06 6.261267e-11
 7.007007e-03  4.704934e-06 -8.105697e-06 8.783873e-11
 8.008008e-03  4.092030e-06 -8.139943e-06 8.300338e-11
 9.009009e-03  2.206074e-06 -6.956283e-06 5.325664e-11
 1.001001e-02 -5.481338e-07 -4.693338e-06 2.232788e-11
 1.101101e-02 -3.542848e-06 -1.628268e-06 1.520303e-11
 1.201201e-02 -6.049031e-06  1.853358e-06 4.002571e-11
 1.301301e-02 -7.402692e-06  5.277665e-06 8.265359e-11
 1.401401e-02 -7.143845e-06  8.138385e-06 1.172678e-10
 1.501502e-02 -5.139475e-06  9.946110e-06 1.253393e-10
 1.601602e-02 -1.625557e-06  1.031035e-05 1.089457e-10
 1.701702e-02  2.803540e-06  9.003123e-06 8.891606e-11
 1.801802e-02  7.299179e-06  6.034268e-06 8.969040e-11
 1.901902e-02  1.090079e-05  1.680524e-06 1.216513e-10
 2.002002e-02  1.273187e-05 -3.502991e-06 1.743715e-10
 2.102102e-02  1.217512e-05 -8.741243e-06 2.246430e-10
 2.202202e-02  9.032375e-06 -1.312676e-05 2.538956e-10
 2.302302e-02  3.597020e-06 -1.577014e-05 2.616359e-10
 2.402402e-02 -3.341089e-06 -1.595227e-05 2.656378e-10
 2.502503e-02 -1.060611e-05 -1.329332e-05 2.892019e-10
 2.602603e-02 -1.681067e-05 -7.864884e-06 3.444550e-10
 2.702703e-02 -2.060899e-05 -2.576453e-07 4.247968e-10
 2.802803e-02 -2.094804e-05  8.459245e-06 5.103791e-10
 2.902903e-02 -1.731132e-05  1.685310e-05 5.837087e-10
 3.003003e-02 -9.868247e-06  2.334964e-05 6.425882e-10
 3.103103e-02  4.668659e-07  2.649271e-05 7.020816e-10
 3.203203e-02  1.212796e-05  2.524086e-05 7.841883e-10
 3.303303e-02  2.310048e-05  1.920746e-05 9.025588e-10
 3.403403e-02  3.125118e-05  8.833901e-06 1.054674e-09
 3.503504e-02  3.469681e-05 -4.588323e-06 1.224921e-09
 3.603604e-02  3.219071e-05 -1.902845e-05 1.398324e-09
 3.703704e-02  2.341767e-05 -3.199983e-05 1.572376e-09
 3.803804e-02  9.174848e-06 -4.094332e-05 1.760533e-09
 3.903904e-02 -8.648446e-06 -4.369543e-05 1.984086e-09
 4.004004e-02 -2.726990e-05 -3.892346e-05 2.258683e-09
 4.104104e-02 -4.341881e-05 -2.648615e-05 2.586709e-09
 4.204204e-02 -5.385552e-05 -7.602573e-06 2.958216e-09
 4.304304e-02 -5.596788e-05  1.518307e-05 3.362930e-09
 4.404404e-02 -4.830525e-05  3.830141e-05 3.800395e-09
 4.504505e-02 -3.098952e-05  5.765854e-05 4.284858e-09
 4.604605e-02 -5.874074e-06  6.931360e-05 4.838880e-09
 4.704705e-02  2.356499e-05  7.019078e-05 5.482055e-09
 4.804805e-02  5.265877e-05  5.874476e-05 6.223893e-09
 4.904905e-02  7.621610e-05  3.541350e-05 7.063010e-09
 5.005005e-02  8.938609e-05  2.794855e-06 7.997685e-09
 5.105105e-02  8.854133e-05 -3.455810e-05 9.033830e-09
 5.205205e-02  7.207121e-05 -7.068977e-05 1.019130e-08
 5.305305e-02  4.089439e-05 -9.912714e-05 1.149854e-08
 5.405405e-02 -1.389167e-06 -1.139389e-04 1.298400e-08
 5.505506e-02 -4.881578e-05 -1.108446e-04 1.466951e-08
 5.605606e-02 -9.380174e-05 -8.814568e-05 1.656843e-08
 5.705706e-02 -1.282741e-04 -4.733609e-05 1.869495e-08
 5.805806e-02 -1.449952e-04  6.788330e-06 2.106968e-08
 5.905906e-02 -1.389159e-04  6.655759e-05 2.372753e-08
 6.006006e-02 -1.082873e-04  1.224188e-04 2.671250e-08
 6.106106e-02 -5.535444e-05  1.643424e-04 3.007255e-08
 6.206206e-02  1.357439e-05  1.834905e-04 3.385304e-08
 6.306306e-02  8.872095e-05  1.738489e-04 3.809484e-08
 6.406406e-02  1.581076e-04  1.335834e-04 4.284254e-08
 6.506507e-02  2.093214e-04  6.581923e-05 4.814764e-08
 6.606607e-02  2.315691e-04 -2.131093e-05 5.407840e-08
 6.706707e-02  2.176662e-04 -1.154777e-04 6.071368e-08
 6.806807e-02  1.656611e-04 -2.017396e-04 6.814249e-08
 6.906907e-02  7.973966e-05 -2.647601e-04 7.645632e-08
 7.007007e-02 -2.977488e-05 -2.913119e-04 8.574914e-08
 7.107107e-02 -1.474649e-04 -2.727233e-04 9.612388e-08
 7.207207e-02 -2.547998e-04 -2.068122e-04 1.076942e-07
 7.307307e-02 -3.328671e-04 -9.897381e-05 1.205963e-07
 7.407407e-02 -3.654394e-04  3.788611e-05 1.349813e-07
 7.507508e-02 -3.419468e-04  1.846422e-04 1.510204e-07
 7.607608e-02 -2.598166e-04  3.184184e-04 1.688949e-07
 7.707708e-02 -1.257708e-04  4.159118e-04 1.888010e-07
 7.807808e-02  4.427692e-05  4.571563e-04 2.109524e-07
 7.907908e-02  2.268114e-04  4.291157e-04 2.355837e-07
 8.008008e-02  3.937255e-04  3.285469e-04 2.629628e-07
 8.108108e-02  5.163644e-04  1.635547e-04 2.933824e-07
 8.208208e-02  5.700957e-04 -4.650502e-05 3.271719e-07
 8.308308e-02  5.386794e-04 -2.729617e-04 3.646836e-07
 8.408408e-02  4.177586e-04 -4.814386e-04 4.063054e-07
 8.508509e-02  2.167817e-04 -6.367601e-04 4.524577e-07
 8.608609e-02 -4.106234e-05 -7.084603e-04 5.036021e-07
 8.708709e-02 -3.211217e-04 -6.761161e-04 5.602521e-07
 8.808809e-02 -5.815830e-04 -5.335984e-04 6.229661e-07
 8.908909e-02 -7.793525e-04 -2.915062e-04 6.923662e-07
 9.009009e-02 -8.766979e-04  2.281760e-05 7.691198e-07
 9.109109e-02 -8.477196e-04  3.678798e-04 8.539640e-07
 9.209209e-02 -6.835771e-04  6.931203e-04 9.476934e-07
 9.309309e-02 -3.955773e-04  9.458855e-04 1.051181e-06
 9.409409e-02 -1.540079e-05  1.079418e-03 1.165381e-06
 9.509510e-02  4.077937e-04  1.060677e-03 1.291331e-06
 9.609610e-02  8.132677e-04  8.767956e-04 1.430175e-06
 9.709710e-02  1.136925e-03  5.390180e-04 1.583139e-06
 9.809810e-02  1.320846e-03  8.331189e-05 1.751575e-06
 9.909910e-02  1.322739e-03 -4.327735e-04 1.936932e-06
 1.001001e-01  1.123904e-03 -9.368240e-04 2.140800e-06
 1.011011e-01  7.343053e-04 -1.351182e-03 2.364897e-06
 1.021021e-01  1.937741e-04 -1.604226e-03 2.611090e-06
 1.031031e-01 -4.312282e-04 -1.641784e-03 2.881413e-06
 1.041041e-01 -1.055144e-03 -1.436915e-03 3.178052e-06
 1.051051e-01 -1.584425e-03 -9.964888e-04 3.503393e-06
 1.061061e-01 -1.930813e-03 -3.632564e-04 3.859992e-06
 1.071071e-01 -2.025011e-03  3.872550e-04 4.250637e-06
 1.081081e-01 -1.828723e-03  1.155028e-03 4.678317e-06
 1.091091e-01 -1.343133e-03  1.828188e-03 5.146277e-06
 1.101101e-01 -6.122548e-04  2.298511e-03 5.658010e-06
 1.111111e-01  2.797474e-04  2.477704e-03 6.217276e-06
 1.121121e-01  1.217408e-03  2.312154e-03 6.828139e-06
 1.131131e-01  2.068131e-03  1.793817e-03 7.494945e-06
 1.141141e-01  2.700089e-03  9.653613e-04 8.222401e-06
 1.151151e-01  3.001476e-03 -8.167991e-05 9.015527e-06
 1.161161e-01  2.898464e-03 -1.216000e-03 9.879750e-06
 1.171171e-01  2.369106e-03 -2.282148e-03 1.082086e-05
 1.181181e-01  1.450885e-03 -3.120901e-03 1.184509e-05
 1.191191e-01  2.402956e-04 -3.591846e-03 1.295910e-05
 1.201201e-01 -1.116071e-03 -3.595052e-03 1.417001e-05
 1.211211e-01 -2.438338e-03 -3.088685e-03 1.548547e-05
 1.221221e-01 -3.536216e-03 -2.099705e-03 1.691359e-05
 1.231231e-01 -4.235157e-03 -7.256344e-04 1.846310e-05
 1.241241e-01 -4.402289e-03  8.735643e-04 2.014326e-05
 1.251251e-01 -3.968473e-03  2.493030e-03 2.196398e-05
 1.261261e-01 -2.943050e-03  3.908227e-03 2.393578e-05
 1.271271e-01 -1.418698e-03  4.904810e-03 2.606987e-05
 1.281281e-01  4.350125e-04  5.309326e-03 2.837818e-05
 1.291291e-01  2.389244e-03  5.016460e-03 3.087335e-05
 1.301301e-01  4.183064e-03  4.008846e-03 3.356887e-05
 1.311311e-01  5.557013e-03  2.366126e-03 3.647895e-05
 1.321321e-01  6.288917e-03  2.612882e-04 3.961874e-05
 1.331331e-01  6.227095e-03 -2.056092e-03 4.300423e-05
 1.341341e-01  5.316296e-03 -4.288281e-03 4.665236e-05
 1.351351e-01  3.612253e-03 -6.126391e-03 5.058104e-05
 1.361361e-01  1.282177e-03 -7.291446e-03 5.480917e-05
 1.371371e-01 -1.409847e-03 -7.574237e-03 5.935674e-05
 1.381381e-01 -4.131516e-03 -6.868431e-03 6.424477e-05
 1.391391e-01 -6.522097e-03 -5.192087e-03 6.949551e-05
 1.401401e-01 -8.238638e-03 -2.693905e-03 7.513228e-05
 1.411411e-01 -9.002881e-03  3.575526e-04 8.117971e-05
 1.421421e-01 -8.642582e-03  3.601305e-03 8.766362e-05
 1.431431e-01 -7.121458e-03  6.625409e-03 9.461122e-05
 1.441441e-01 -4.553059e-03  9.017796e-03 1.020510e-04
 1.451451e-01 -1.195806e-03  1.042031e-02 1.100129e-04
 1.461461e-01  2.571290e-03  1.057907e-02 1.185282e-04
 1.471471e-01  6.290137e-03  9.384245e-03 1.276299e-04
 1.481481e-01  9.477906e-03  6.893591e-03 1.373523e-04
 1.491491e-01  1.168782e-02  3.335591e-03 1.477314e-04
 1.501502e-01  1.256894e-02 -9.092050e-04 1.588049e-04
 1.511512e-01  1.191704e-02 -5.347528e-03 1.706120e-04
 1.521522e-01  9.709770e-03 -9.429433e-03 1.831939e-04
 1.531532e-01  6.120460e-03 -1.261480e-02 1.965933e-04
 1.541542e-01  1.507970e-03 -1.444234e-02 2.108550e-04
 1.551552e-01 -3.617603e-03 -1.459242e-02 2.260258e-04
 1.561562e-01 -8.650121e-03 -1.293558e-02 2.421540e-04
 1.571572e-01 -1.295770e-02 -9.559734e-03 2.592904e-04
 1.581582e-01 -1.595993e-02 -4.771623e-03 2.774877e-04
 1.591592e-01 -1.720286e-02  9.288047e-04 2.968010e-04
 1.601602e-01 -1.642210e-02  6.899408e-03 3.172873e-04
 1.611612e-01 -1.358588e-02  1.242699e-02 3.390063e-04
 1.621622e-01 -8.911557e-03  1.681083e-02 3.620198e-04
 1.631632e-01 -2.852595e-03  1.944878e-02 3.863925e-04
 1.641642e-01  3.944012e-03  1.991573e-02 4.121916e-04
 1.651652e-01  1.070578e-02  1.802424e-02 4.394868e-04
 1.661662e-01  1.662126e-02  1.385947e-02 4.683512e-04
 1.671672e-01  2.093528e-02  7.782966e-03 4.988605e-04
 1.681682e-01  2.304194e-02  4.034281e-04 5.310938e-04
 1.691692e-01  2.256402e-02 -7.483213e-03 5.651336e-04
 1.701702e-01  1.940887e-02 -1.497871e-02 6.010658e-04
 1.711712e-01  1.379314e-02 -2.118323e-02 6.389802e-04
 1.721722e-01  6.232300e-03 -2.530077e-02 6.789705e-04
 1.731732e-01 -2.505353e-03 -2.673683e-02 7.211348e-04
 1.741742e-01 -1.147600e-02 -2.517691e-02 7.655756e-04
 1.751752e-01 -1.966124e-02 -2.063579e-02 8.124003e-04
 1.761762e-01 -2.608177e-02 -1.347081e-02 8.617213e-04
 1.771772e-01 -2.991117e-02 -4.356484e-03 9.136569e-04
 1.781782e-01 -3.057684e-02  5.778210e-03 9.683311e-04
 1.791792e-01 -2.783605e-02  1.584389e-02 1.025874e-03
 1.801802e-01 -2.181757e-02  2.470663e-02 1.086424e-03
 1.811812e-01 -1.302327e-02  3.131325e-02 1.150125e-03
 1.821822e-01 -2.287839e-03  3.481230e-02 1.217130e-03
 1.831832e-01  9.299872e-03  3.465709e-02 1.287601e-03
 1.841842e-01  2.050668e-02  3.067873e-02 1.361708e-03
 1.851852e-01  3.008466e-02  2.312025e-02 1.439633e-03
 1.861862e-01  3.690708e-02  1.262670e-02 1.521566e-03
 1.871872e-01  4.009583e-02  1.911690e-04 1.607712e-03
 1.881882e-01  3.912639e-02 -1.293882e-02 1.698288e-03
 1.891892e-01  3.389826e-02 -2.538561e-02 1.793521e-03
 1.901902e-01  2.476236e-02 -3.578385e-02 1.893658e-03
 1.911912e-01  1.250118e-02 -4.292645e-02 1.998960e-03
 1.921922e-01 -1.737469e-03 -4.589863e-02 2.109703e-03
 1.931932e-01 -1.654750e-02 -4.418558e-02 2.226185e-03
 1.941942e-01 -3.040208e-02 -3.774169e-02 2.348721e-03
 1.951952e-01 -4.180837e-02 -2.701315e-02 2.477650e-03
 1.961962e-01 -4.946370e-02 -1.291024e-02 2.613331e-03
 1.971972e-01 -5.239718e-02  3.269111e-03 2.756151e-03
 1.981982e-01 -5.008191e-02  1.995803e-02 2.906521e-03
 1.991992e-01 -4.250548e-02  3.547061e-02 3.064880e-03
 2.002002e-01 -3.019055e-02  4.816878e-02 3.231700e-03
 2.012012e-01 -1.416212e-02  5.662964e-02 3.407482e-03
 2.022022e-01  4.136588e-03  5.979676e-02 3.592763e-03
 2.032032e-01  2.297280e-02  5.709963e-02 3.788117e-03
 2.042042e-01  4.048573e-02  4.852898e-02 3.994156e-03
 2.052052e-01  5.486610e-02  3.465898e-02 4.211533e-03
 2.062062e-01  6.453646e-02  1.661300e-02 4.440946e-03
 2.072072e-01  6.831496e-02 -4.025464e-03 4.683138e-03
 2.082082e-01  6.554614e-02 -2.534968e-02 4.938902e-03
 2.092092e-01  5.618519e-02 -4.530238e-02 5.209081e-03
 2.102102e-01  4.082644e-02 -6.186901e-02 5.494573e-03
 2.112112e-01  2.067146e-02 -7.327363e-02 5.796335e-03
 2.122122e-01 -2.561852e-03 -7.815892e-02 6.115379e-03
 2.132132e-01 -2.678254e-02 -7.573296e-02 6.452786e-03
 2.142142e-01 -4.971034e-02 -6.586788e-02 6.809696e-03
 2.152152e-01 -6.908421e-02 -4.913953e-02 7.187322e-03
 2.162162e-01 -8.287681e-02 -2.680259e-02 7.586945e-03
 2.172172e-01 -8.949543e-02 -7.012821e-04 8.009924e-03
 2.182182e-01 -8.795018e-02  2.687852e-02 8.457689e-03
 2.192192e-01 -7.797290e-02  5.340393e-02 8.931753e-03
 2.202202e-01 -6.007393e-02  7.632060e-02 9.433711e-03
 2.212212e-01 -3.552926e-02  9.328940e-02 9.965240e-03
 2.222222e-01 -6.296669e-03  1.024132e-01 1.052811e-02
 2.232232e-01  2.513451e-02  1.024325e-01 1.112416e-02
 2.242242e-01  5.594876e-02  9.287134e-02 1.175535e-02
 2.252252e-01  8.324861e-02  7.411732e-02 1.242371e-02
 2.262262e-01  1.043172e-01  4.742669e-02 1.313137e-02
 2.272272e-01  1.168761e-01  1.485021e-02 1.388056e-02
 2.282282e-01  1.193151e-01 -2.091665e-02 1.467360e-02
 2.292292e-01  1.108714e-01 -5.674903e-02 1.551292e-02
 2.302302e-01  9.174057e-02 -8.935708e-02 1.640102e-02
 2.312312e-01  6.310569e-02 -1.155777e-01 1.734053e-02
 2.322322e-01  2.707821e-02 -1.326684e-01 1.833415e-02
 2.332332e-01 -1.344795e-02 -1.385779e-01 1.938469e-02
 2.342342e-01 -5.502006e-02 -1.321660e-01 2.049506e-02
 2.352352e-01 -9.391166e-02 -1.133528e-01 2.166826e-02
 2.362362e-01 -1.264461e-01 -8.317902e-02 2.290737e-02
 2.372372e-01 -1.493315e-01 -4.376814e-02 2.421556e-02
 2.382382e-01 -1.599775e-01  1.810846e-03 2.559610e-02
 2.392392e-01 -1.567642e-01  4.977267e-02 2.705232e-02
 2.402402e-01 -1.392366e-01  9.592078e-02 2.858764e-02
 2.412412e-01 -1.082053e-01  1.360043e-01 3.020555e-02
 2.422422e-01 -6.573584e-02  1.660976e-01 3.190960e-02
 2.432432e-01 -1.502748e-02  1.829688e-01 3.370339e-02
 2.442442e-01  3.981782e-02  1.844048e-01 3.559058e-02
 2.452452e-01  9.411756e-02  1.694602e-01 3.757488e-02
 2.462462e-01  1.429989e-01  1.386049e-01 3.966002e-02
 2.472472e-01  1.818250e-01  9.375196e-02 4.184975e-02
 2.482482e-01  2.066200e-01  3.815790e-02 4.414784e-02
 2.492492e-01  2.144564e-01 -2.380193e-02 4.655807e-02
 2.502503e-01  2.037662e-01 -8.696868e-02 4.908420e-02
 2.512513e-01  1.745458e-01 -1.458209e-01 5.172998e-02
 2.522523e-01  1.284314e-01 -1.949473e-01 5.449910e-02
 2.532533e-01  6.863127e-02 -2.295321e-01 5.739523e-02
 2.542543e-01 -2.844119e-04 -2.458086e-01 6.042195e-02
 2.552553e-01 -7.272394e-02 -2.414415e-01 6.358279e-02
 2.562563e-01 -1.425207e-01 -2.157985e-01 6.688116e-02
 2.572573e-01 -2.034502e-01 -1.700834e-01 7.032037e-02
 2.582583e-01 -2.497750e-01 -1.073129e-01 7.390360e-02
 2.592593e-01 -2.767695e-01 -3.213239e-02 7.763387e-02
 2.602603e-01 -2.811794e-01  4.951997e-02 8.151406e-02
 2.612613e-01 -2.615688e-01  1.308764e-01 8.554684e-02
 2.622623e-01 -2.185241e-01  2.048949e-01 8.973469e-02
 2.632633e-01 -1.546877e-01  2.648614e-01 9.407987e-02
 2.642643e-01 -7.461330e-02  3.049873e-01 9.858438e-02
 2.652653e-01  1.555096e-02  3.209488e-01 1.032500e-01
 2.662663e-01  1.085309e-01  3.103211e-01 1.080782e-01
 2.672673e-01  1.965103e-01  2.728622e-01 1.130701e-01
 2.682683e-01  2.717835e-01  2.106188e-01 1.182265e-01
 2.692693e-01  3.274227e-01  1.278377e-01 1.235481e-01
 2.702703e-01  3.579015e-01  3.068376e-02 1.290350e-01
 2.712713e-01  3.596193e-01 -7.321740e-02 1.346868e-01
 2.722723e-01  3.312789e-01 -1.753780e-01 1.405032e-01
 2.732733e-01  2.740781e-01 -2.671406e-01 1.464829e-01
 2.742743e-01  1.916943e-01 -3.404084e-01 1.526246e-01
 2.752753e-01  9.005733e-02 -3.883505e-01 1.589264e-01
 2.762763e-01 -2.307774e-02 -4.060214e-01 1.653860e-01
 2.772773e-01 -1.387251e-01 -3.908399e-01 1.720005e-01
 2.782783e-01 -2.473852e-01 -3.428808e-01 1.787667e-01
 2.792793e-01 -3.398260e-01 -2.649510e-01 1.856807e-01
 2.802803e-01 -4.078632e-01 -1.624375e-01 1.927383e-01
 2.812813e-01 -4.450745e-01 -4.293391e-02 1.999347e-01
 2.822823e-01 -4.473847e-01  8.432836e-02 2.072644e-01
 2.832833e-01 -4.134694e-01  2.092000e-01 2.147216e-01
 2.842843e-01 -3.449394e-01  3.214291e-01 2.222999e-01
 2.852853e-01 -2.462860e-01  4.115039e-01 2.299922e-01
 2.862863e-01 -1.245849e-01  4.714550e-01 2.377913e-01
 2.872873e-01  1.101943e-02  4.955477e-01 2.456889e-01
 2.882883e-01  1.500123e-01  4.808045e-01 2.536766e-01
 2.892893e-01  2.813338e-01  4.273134e-01 2.617454e-01
 2.902903e-01  3.942664e-01  3.382895e-01 2.698858e-01
 2.912913e-01  4.793111e-01  2.198830e-01 2.780877e-01
 2.922923e-01  5.289811e-01  8.074381e-02 2.863406e-01
 2.932933e-01  5.384462e-01 -6.862466e-02 2.946337e-01
 2.942943e-01  5.059726e-01 -2.166732e-01 3.029556e-01
 2.952953e-01  4.331200e-01 -3.517122e-01 3.112944e-01
 2.962963e-01  3.246764e-01 -4.628427e-01 3.196381e-01
 2.972973e-01  1.883325e-01 -5.408371e-01 3.279739e-01
 2.982983e-01  3.411924e-02 -5.788996e-01 3.362889e-01
 2.992993e-01 -1.263489e-01 -5.732413e-01 3.445697e-01
 3.003003e-01 -2.807665e-01 -5.234241e-01 3.528026e-01
 3.013013e-01 -4.170939e-01 -4.324422e-01 3.609736e-01
 3.023023e-01 -5.245051e-01 -3.065336e-01 3.690685e-01
 3.033033e-01 -5.942476e-01 -1.547336e-01 3.770727e-01
 3.043043e-01 -6.203486e-01  1.179564e-02 3.849716e-01
 3.053053e-01 -6.001094e-01  1.806077e-01 3.927504e-01
 3.063063e-01 -5.343470e-01  3.389214e-01 4.003944e-01
 3.073073e-01 -4.273651e-01  4.746029e-01 4.078888e-01
 3.083083e-01 -2.866533e-01  5.771039e-01 4.152190e-01
 3.093093e-01 -1.223390e-01  6.382817e-01 4.223704e-01
 3.103103e-01  5.356679e-02  6.530385e-01 4.293287e-01
 3.113113e-01  2.280717e-01  6.197283e-01 4.360798e-01
 3.123123e-01  3.881811e-01  5.403012e-01 4.426099e-01
 3.133133e-01  5.218809e-01  4.201734e-01 4.489054e-01
 3.143143e-01  6.190462e-01  2.678335e-01 4.549529e-01
 3.153153e-01  6.722075e-01  9.421484e-02 4.607394e-01
 3.163163e-01  6.771172e-01 -8.811601e-02 4.662521e-01
 3.173173e-01  6.330709e-01 -2.658940e-01 4.714783e-01
 3.183183e-01  5.429642e-01 -4.261405e-01 4.764058e-01
 3.193193e-01  4.130784e-01 -5.571255e-01 4.810227e-01
 3.203203e-01  2.526154e-01 -6.492324e-01 4.853172e-01
 3.213213e-01  7.301591e-02 -6.956631e-01 4.892784e-01
 3.223223e-01 -1.128835e-01 -6.929308e-01 4.928958e-01
 3.233233e-01 -2.917933e-01 -6.411054e-01 4.961594e-01
 3.243243e-01 -4.509401e-01 -5.437956e-01 4.990606e-01
 3.253253e-01 -5.789927e-01 -4.078710e-01 5.015913e-01
 3.263263e-01 -6.668738e-01 -2.429490e-01 5.037449e-01
 3.273273e-01 -7.084017e-01 -6.068414e-02 5.055156e-01
 3.283283e-01 -7.007156e-01  1.260827e-01 5.068992e-01
 3.293293e-01 -6.444552e-01  3.042531e-01 5.078924e-01
 3.303303e-01 -5.436869e-01  4.614085e-01 5.084932e-01
 3.313313e-01 -4.055837e-01  5.866877e-01 5.087005e-01
 3.323323e-01 -2.398860e-01  6.715420e-01 5.085139e-01
 3.333333e-01 -5.818690e-02  7.103154e-01 5.079337e-01
 3.343343e-01  1.269062e-01  7.006108e-01 5.069606e-01
 3.353353e-01  3.026682e-01  6.434186e-01 5.055956e-01
 3.363363e-01  4.571488e-01  5.430052e-01 5.038397e-01
 3.373373e-01  5.799955e-01  4.065704e-01 5.016944e-01
 3.383383e-01  6.631505e-01  2.437058e-01 4.991611e-01
 3.393393e-01  7.013746e-01  6.569376e-02 4.962419e-01
 3.403403e-01  6.925649e-01 -1.152980e-01 4.929398e-01
 3.413413e-01  6.378480e-01 -2.870688e-01 4.892586e-01
 3.423423e-01  5.414466e-01 -4.382229e-01 4.852037e-01
 3.433433e-01  4.103353e-01 -5.589339e-01 4.807822e-01
 3.443443e-01  2.537138e-01 -6.415860e-01 4.760032e-01
 3.453453e-01  8.233808e-02 -6.812478e-01 4.708782e-01
 3.463463e-01 -9.223933e-02 -6.759529e-01 4.654204e-01
 3.473473e-01 -2.584663e-01 -6.267697e-01 4.596450e-01
 3.483483e-01 -4.055684e-01 -5.376645e-01 4.535688e-01
 3.493493e-01 -5.242547e-01 -4.151700e-01 4.472092e-01
 3.503504e-01 -6.073048e-01 -2.678893e-01 4.405838e-01
 3.513514e-01 -6.500006e-01 -1.058725e-01 4.337097e-01
 3.523524e-01 -6.503788e-01  6.008658e-02 4.266030e-01
 3.533534e-01 -6.092912e-01  2.191849e-01 4.192778e-01
 3.543544e-01 -5.302750e-01  3.613239e-01 4.117465e-01
 3.553554e-01 -4.192479e-01  4.777558e-01 4.040194e-01
 3.563564e-01 -2.840546e-01  5.616212e-01 3.961054e-01
 3.573574e-01 -1.338980e-01  6.083449e-01 3.880122e-01
 3.583584e-01  2.129988e-02  6.158685e-01 3.797477e-01
 3.593594e-01  1.715658e-01  5.847100e-01 3.713206e-01
 3.603604e-01  3.075239e-01  5.178520e-01 3.627417e-01
 3.613614e-01  4.209839e-01  4.204726e-01 3.540247e-01
 3.623624e-01  5.054326e-01  2.995410e-01 3.451869e-01
 3.633634e-01  5.563981e-01  1.633117e-01 3.362496e-01
 3.643644e-01  5.716702e-01  2.075153e-02 3.272375e-01
 3.653654e-01  5.513651e-01 -1.190580e-01 3.181783e-01
 3.663664e-01  4.978379e-01 -2.475045e-01 3.091011e-01
 3.673674e-01  4.154546e-01 -3.569770e-01 3.000351e-01
 3.683684e-01  3.102428e-01 -4.413129e-01 2.910077e-01
 3.693694e-01  1.894493e-01 -4.961365e-01 2.820424e-01
 3.703704e-01  6.103752e-02 -5.190687e-01 2.731578e-01
 3.713714e-01 -6.684179e-02 -5.098023e-01 2.643662e-01
 3.723724e-01 -1.863699e-01 -4.700418e-01 2.556730e-01
 3.733734e-01 -2.905376e-01 -4.033186e-01 2.470780e-01
 3.743744e-01 -3.735522e-01 -3.146974e-01 2.385757e-01
 3.753754e-01 -4.311498e-01 -2.103990e-01 2.301578e-01
 3.763764e-01 -4.607991e-01 -9.736537e-02 2.218159e-01
 3.773774e-01 -4.617874e-01  1.720122e-02 2.135435e-01
 3.783784e-01 -4.351880e-01  1.262962e-01 2.053393e-01
 3.793794e-01 -3.837189e-01  2.235375e-01 1.972092e-01
 3.803804e-01 -3.115037e-01  3.035336e-01 1.891672e-01
 3.813814e-01 -2.237566e-01  3.621724e-01 1.812359e-01
 3.823824e-01 -1.264136e-01  3.968184e-01 1.734453e-01
 3.833834e-01 -2.573585e-02  4.064089e-01 1.658305e-01
 3.843844e-01  7.208878e-02  3.914487e-01 1.584289e-01
 3.853854e-01  1.613209e-01  3.539080e-01 1.512753e-01
 3.863864e-01  2.369997e-01  2.970356e-01 1.443990e-01
 3.873874e-01  2.952096e-01  2.251015e-01 1.378194e-01
 3.883884e-01  3.332694e-01  1.430895e-01 1.315431e-01
 3.893894e-01  3.498379e-01  5.636143e-02 1.255631e-01
 3.903904e-01  3.449314e-01 -2.968616e-02 1.198589e-01
 3.913914e-01  3.198582e-01 -1.099503e-01 1.143983e-01
 3.923924e-01  2.770775e-01 -1.799158e-01 1.091416e-01
 3.933934e-01  2.199954e-01 -2.358996e-01 1.040466e-01
 3.943944e-01  1.527134e-01 -2.752323e-01 9.907420e-02
 3.953954e-01  7.974779e-02 -2.963690e-01 9.419430e-02
 3.963964e-01  5.737512e-03 -2.989276e-01 8.939062e-02
 3.973974e-01 -6.484034e-02 -2.836541e-01 8.466391e-02
 3.983984e-01 -1.279311e-01 -2.523226e-01 8.003305e-02
 3.993994e-01 -1.801246e-01 -2.075782e-01 7.553357e-02
 4.004004e-01 -2.188275e-01 -1.527359e-01 7.121374e-02
 4.014014e-01 -2.423778e-01 -9.154988e-02 6.712839e-02
 4.024024e-01 -2.500984e-01 -2.796779e-02 6.333138e-02
 4.034034e-01 -2.422886e-01  3.411333e-02 5.986750e-02
 4.044044e-01 -2.201593e-01  9.107597e-02 5.676493e-02
 4.054054e-01 -1.857158e-01  1.397828e-01 5.402957e-02
 4.064064e-01 -1.416010e-01  1.777385e-01 5.164183e-02
 4.074074e-01 -9.090847e-02  2.032057e-01 4.955690e-02
 4.084084e-01 -3.697777e-02  2.152700e-01 4.770851e-02
 4.094094e-01  1.681320e-02  2.138536e-01 4.601604e-02
 4.104104e-01  6.724848e-02  1.996791e-01 4.439412e-02
 4.114114e-01  1.114545e-01  1.741884e-01 4.276370e-02
 4.124124e-01  1.470516e-01  1.394232e-01 4.106299e-02
 4.134134e-01  1.722696e-01  9.787721e-02 3.925677e-02
 4.144144e-01  1.860220e-01  5.232927e-02 3.734254e-02
 4.154154e-01  1.879374e-01  5.668033e-03 3.535258e-02
 4.164164e-01  1.783480e-01 -3.928087e-02 3.335099e-02
 4.174174e-01  1.582388e-01 -7.991551e-02 3.142601e-02
 4.184184e-01  1.291617e-01 -1.139979e-01 2.967829e-02
 4.194194e-01  9.312167e-02 -1.397666e-01 2.820635e-02
 4.204204e-01  5.244267e-02 -1.560164e-01 2.709135e-02
 4.214214e-01  9.622373e-03 -1.621433e-01 2.638305e-02
 4.224224e-01 -3.281615e-02 -1.581531e-01 2.608929e-02
 4.234234e-01 -7.246698e-02 -1.446345e-01 2.617060e-02
 4.244244e-01 -1.071705e-01 -1.227025e-01 2.654141e-02
 4.254254e-01 -1.351228e-01 -9.391289e-02 2.707779e-02
 4.264264e-01 -1.549600e-01 -6.015800e-02 2.763159e-02
 4.274274e-01 -1.658150e-01 -2.354711e-02 2.804907e-02
 4.284284e-01 -1.673434e-01  1.371873e-02 2.819200e-02
 4.294294e-01 -1.597205e-01  4.947217e-02 2.795813e-02
 4.304304e-01 -1.436101e-01  8.169696e-02 2.729825e-02
 4.314314e-01 -1.201079e-01  1.086328e-01 2.622701e-02
 4.324324e-01 -9.066519e-02  1.288613e-01 2.482542e-02
 4.334334e-01 -5.699612e-02  1.413706e-01 2.323420e-02
 4.344344e-01 -2.097621e-02  1.455947e-01 2.163781e-02
 4.354354e-01  1.546346e-02  1.414289e-01 2.024126e-02
 4.364364e-01  5.043987e-02  1.292194e-01 1.924182e-02
 4.374374e-01  8.221433e-02  1.097300e-01 1.879986e-02
 4.384384e-01  1.092766e-01  8.408897e-02 1.901234e-02
 4.394394e-01  1.304135e-01  5.371932e-02 1.989344e-02
 4.404404e-01  1.447582e-01  2.025621e-02 2.136524e-02
 4.414414e-01  1.518202e-01 -1.454178e-02 2.326084e-02
 4.424424e-01  1.514942e-01 -4.888530e-02 2.534025e-02
 4.434434e-01  1.440483e-01 -8.104327e-02 2.731793e-02
 4.444444e-01  1.300950e-01 -1.094269e-01 2.889897e-02
 4.454454e-01  1.105448e-01 -1.326619e-01 2.981934e-02
 4.464464e-01  8.654764e-02 -1.496486e-01 2.988520e-02
 4.474474e-01  5.942494e-02 -1.596053e-01 2.900517e-02
 4.484484e-01  3.059617e-02 -1.620959e-01 2.721122e-02
 4.494494e-01  1.503974e-03 -1.570390e-01 2.466351e-02
 4.504505e-01 -2.645839e-02 -1.447009e-01 2.163841e-02
 4.514515e-01 -5.201361e-02 -1.256720e-01 1.849888e-02
 4.524525e-01 -7.405826e-02 -1.008308e-01 1.565148e-02
 4.534535e-01 -9.170920e-02 -7.129413e-02 1.349343e-02
 4.544545e-01 -1.043373e-01 -3.836175e-02 1.235789e-02
 4.554555e-01 -1.115867e-01 -3.452205e-03 1.246351e-02
 4.564565e-01 -1.133805e-01  3.196038e-02 1.387659e-02
 4.574575e-01 -1.099116e-01  6.641260e-02 1.649119e-02
 4.584585e-01 -1.016220e-01  9.851060e-02 2.003136e-02
 4.594595e-01 -8.916945e-02  1.269874e-01 2.407699e-02
 4.604605e-01 -7.338672e-02  1.507475e-01 2.811042e-02
 4.614615e-01 -5.523248e-02  1.689072e-01 3.158028e-02
 4.624625e-01 -3.573953e-02  1.808188e-01 3.397274e-02
 4.634635e-01 -1.596045e-02  1.860897e-01 3.488413e-02
 4.644645e-01  3.084474e-03  1.845844e-01 3.408093e-02
 4.654655e-01  2.045699e-02  1.764228e-01 3.154349e-02
 4.664665e-01  3.534342e-02  1.619608e-01 2.748045e-02
 4.674675e-01  4.709132e-02  1.417725e-01 2.231704e-02
 4.684685e-01  5.523536e-02  1.166147e-01 1.664993e-02
 4.694695e-01  5.951550e-02  8.739806e-02 1.118051e-02
 4.704705e-01  5.988254e-02  5.514178e-02 6.626535e-03
 4.714715e-01  5.649618e-02  2.094243e-02 3.630404e-03
 4.724725e-01  4.971010e-02 -1.407597e-02 2.669227e-03
 4.734735e-01  4.005207e-02 -4.878802e-02 3.984440e-03
 4.744745e-01  2.819175e-02 -8.211636e-02 7.537871e-03
 4.754755e-01  1.490806e-02 -1.130462e-01 1.300168e-02
 4.764765e-01  1.045263e-03 -1.406723e-01 1.978978e-02
 4.774775e-01 -1.252492e-02 -1.641958e-01 2.711713e-02
 4.784785e-01 -2.495264e-02 -1.829719e-01 3.410136e-02
 4.794795e-01 -3.544394e-02 -1.964806e-01 3.986091e-02
 4.804805e-01 -4.331045e-02 -2.043866e-01 4.364968e-02
 4.814815e-01 -4.798846e-02 -2.064659e-01 4.493104e-02
 4.824825e-01 -4.908987e-02 -2.027150e-01 4.350319e-02
 4.834835e-01 -4.638565e-02 -1.931623e-01 3.946330e-02
 4.844845e-01 -3.989273e-02 -1.782215e-01 3.335433e-02
 4.854855e-01 -2.959546e-02 -1.572492e-01 2.560320e-02
 4.864865e-01 -1.482658e-02 -1.248178e-01 1.579931e-02
 4.874875e-01  3.211228e-03 -8.224785e-02 6.775021e-03
 4.884885e-01  2.259224e-02 -3.292952e-02 1.594762e-03
 4.894895e-01  4.119818e-02  1.947021e-02 2.076379e-03
 4.904905e-01  5.685528e-02  7.090542e-02 8.260102e-03
 4.914915e-01  6.760331e-02  1.174357e-01 1.836136e-02
 4.924925e-01  7.188915e-02  1.554095e-01 2.932016e-02
 4.934935e-01  6.876357e-02  1.818114e-01 3.778381e-02
 4.944945e-01  5.799963e-02  1.944435e-01 4.117224e-02
 4.954955e-01  4.015870e-02  1.921360e-01 3.852898e-02
 4.964965e-01  1.656909e-02  1.748232e-01 3.083767e-02
 4.974975e-01 -1.076675e-02  1.435849e-01 2.073254e-02
 4.984985e-01 -3.933964e-02  1.005736e-01 1.166265e-02
 4.994995e-01 -6.635841e-02  4.888206e-02 6.792895e-03
 5.005005e-01 -8.901106e-02 -7.672930e-03 7.981842e-03
 5.015015e-01 -1.047443e-01 -6.482089e-02 1.517311e-02
 5.025025e-01 -1.115248e-01 -1.181455e-01 2.639612e-02
 5.035035e-01 -1.080714e-01 -1.634209e-01 3.838582e-02
 5.045045e-01 -9.401465e-02 -1.969269e-01 4.761897e-02
 5.055055e-01 -6.999062e-02 -2.157599e-01 5.145103e-02
 5.065065e-01 -3.762555e-02 -2.180586e-01 4.896524e-02
 5.075075e-01  5.527888e-04 -2.032034e-01 4.129192e-02
 5.085085e-01  4.132088e-02 -1.718698e-01 3.124665e-02
 5.095095e-01  8.100740e-02 -1.260616e-01 2.245371e-02
 5.105105e-01  1.158394e-01 -6.894332e-02 1.817194e-02
 5.115115e-01  1.422583e-01 -4.711949e-03 2.025962e-02
 5.125125e-01  1.573100e-01  6.180195e-02 2.856592e-02
 5.135135e-01  1.588865e-01  1.253271e-01 4.095180e-02
 5.145145e-01  1.460756e-01  1.808163e-01 5.403261e-02
 5.155155e-01  1.191012e-01  2.233182e-01 6.405613e-02
 5.165165e-01  8.014357e-02  2.505602e-01 6.920342e-02
 5.175175e-01  3.486581e-02  2.695963e-01 7.389781e-02
 5.185185e-01 -1.479504e-02  2.806373e-01 7.897620e-02
 5.195195e-01 -6.748341e-02  2.824179e-01 8.431389e-02
 5.205205e-01 -1.214490e-01  2.742851e-01 8.998216e-02
 5.215215e-01 -1.748330e-01  2.557350e-01 9.596701e-02
 5.225225e-01 -2.256064e-01  2.267178e-01 1.022992e-01
 5.235235e-01 -2.717093e-01  1.875106e-01 1.089862e-01
 5.245245e-01 -3.110784e-01  1.388462e-01 1.160481e-01
 5.255255e-01 -3.417637e-01  8.184078e-02 1.235003e-01
 5.265265e-01 -3.619863e-01  1.804240e-02 1.313596e-01
 5.275275e-01 -3.702440e-01 -5.064258e-02 1.396453e-01
 5.285285e-01 -3.653755e-01 -1.219579e-01 1.483730e-01
 5.295295e-01 -3.466478e-01 -1.933902e-01 1.575645e-01
 5.305305e-01 -3.138071e-01 -2.622224e-01 1.672355e-01
 5.315315e-01 -2.671371e-01 -3.256484e-01 1.774091e-01
 5.325325e-01 -2.074805e-01 -3.808594e-01 1.881021e-01
 5.335335e-01 -1.362564e-01 -4.251732e-01 1.993380e-01
 5.345345e-01 -5.544047e-02 -4.561376e-01 2.111352e-01
 5.355355e-01  3.246640e-02 -4.716603e-01 2.235175e-01
 5.365365e-01  1.245052e-01 -4.701097e-01 2.365047e-01
 5.375375e-01  2.173404e-01 -4.504265e-01 2.501209e-01
 5.385385e-01  3.073725e-01 -4.122010e-01 2.643875e-01
 5.395395e-01  3.908624e-01 -3.557459e-01 2.793286e-01
 5.405405e-01  4.640793e-01 -2.821301e-01 2.949670e-01
 5.415415e-01  5.234522e-01 -1.931962e-01 3.113270e-01
 5.425425e-01  5.657334e-01 -9.153388e-02 3.284327e-01
 5.435435e-01  5.881544e-01  1.956795e-02 3.463084e-01
 5.445445e-01  5.885789e-01  1.362144e-01 3.649795e-01
 5.455455e-01  5.656359e-01  2.540202e-01 3.844702e-01
 5.465465e-01  5.188332e-01  3.682648e-01 4.048069e-01
 5.475475e-01  4.486386e-01  4.740647e-01 4.260139e-01
 5.485485e-01  3.565287e-01  5.665734e-01 4.481181e-01
 5.495495e-01  2.449942e-01  6.411881e-01 4.711443e-01
 5.505506e-01  1.175041e-01  6.937667e-01 4.951194e-01
 5.515516e-01 -2.157797e-02  7.208349e-01 5.200686e-01
 5.525526e-01 -1.671203e-01  7.197843e-01 5.460187e-01
 5.535536e-01 -3.133954e-01  6.890415e-01 5.729949e-01
 5.545546e-01 -4.542889e-01  6.282083e-01 6.010240e-01
 5.555556e-01 -5.835417e-01  5.381547e-01 6.301314e-01
 5.565566e-01 -6.950150e-01  4.210667e-01 6.603431e-01
 5.575576e-01 -7.829695e-01  2.804340e-01 6.916844e-01
 5.585586e-01 -8.423445e-01  1.209817e-01 7.241808e-01
 5.595596e-01 -8.690276e-01 -5.146131e-02 7.578573e-01
 5.605606e-01 -8.600983e-01 -2.301505e-01 7.927383e-01
 5.615616e-01 -8.140348e-01 -4.076712e-01 8.288485e-01
 5.625626e-01 -7.308707e-01 -5.762284e-01 8.662111e-01
 5.635636e-01 -6.122908e-01 -7.279766e-01 9.048499e-01
 5.645646e-01 -4.616572e-01 -8.553711e-01 9.447870e-01
 5.655656e-01 -2.839599e-01 -9.515313e-01 9.860450e-01
 5.665666e-01 -8.568778e-02 -1.010595e+00 1.028645e+00
 5.675676e-01  1.253777e-01 -1.028050e+00 1.072607e+00
 5.685686e-01  3.404441e-01 -1.001024e+00 1.117951e+00
 5.695696e-01  5.500536e-01 -9.285130e-01 1.164695e+00
 5.705706e-01  7.444841e-01 -8.115430e-01 1.212859e+00
 5.715716e-01  9.141865e-01 -6.532381e-01 1.262457e+00
 5.725726e-01  1.050243e+00 -4.587981e-01 1.313506e+00
 5.735736e-01  1.144823e+00 -2.353743e-01 1.366020e+00
 5.745746e-01  1.191615e+00  8.156995e-03 1.420012e+00
 5.755756e-01  1.186214e+00  2.615162e-01 1.475494e+00
 5.765766e-01  1.126439e+00  5.134319e-01 1.532476e+00
 5.775776e-01  1.012560e+00  7.521233e-01 1.590967e+00
 5.785786e-01  8.474254e-01  9.658389e-01 1.650974e+00
 5.795796e-01  6.364633e-01  1.143424e+00 1.712503e+00
 5.805806e-01  3.875620e-01  1.274894e+00 1.775558e+00
 5.815816e-01  1.108189e-01  1.351983e+00 1.840140e+00
 5.825826e-01 -1.818330e-01  1.368644e+00 1.906250e+00
 5.835836e-01 -4.771131e-01  1.321458e+00 1.973887e+00
 5.845846e-01 -7.609751e-01  1.209943e+00 2.043046e+00
 5.855856e-01 -1.019262e+00  1.036738e+00 2.113722e+00
 5.865866e-01 -1.238405e+00  8.076271e-01 2.185907e+00
 5.875876e-01 -1.406126e+00  5.314153e-01 2.259591e+00
 5.885886e-01 -1.512124e+00  2.196446e-01 2.334762e+00
 5.895896e-01 -1.548691e+00 -1.138503e-01 2.411405e+00
 5.905906e-01 -1.511231e+00 -4.535245e-01 2.489502e+00
 5.915916e-01 -1.398649e+00 -7.828267e-01 2.569036e+00
 5.925926e-01 -1.213579e+00 -1.084992e+00 2.649982e+00
 5.935936e-01 -9.624345e-01 -1.343889e+00 2.732318e+00
 5.945946e-01 -6.552566e-01 -1.544880e+00 2.816016e+00
 5.955956e-01 -3.053752e-01 -1.675647e+00 2.901047e+00
 5.965966e-01  7.112685e-02 -1.726939e+00 2.987378e+00
 5.975976e-01  4.561208e-01 -1.693201e+00 3.074975e+00
 5.985986e-01  8.302833e-01 -1.573032e+00 3.163799e+00
 5.995996e-01  1.174055e+00 -1.369455e+00 3.253811e+00
 6.006006e-01  1.468659e+00 -1.089958e+00 3.344967e+00
 6.016016e-01  1.697132e+00 -7.462996e-01 3.437221e+00
 6.026026e-01  1.845306e+00 -3.540787e-01 3.530525e+00
 6.036036e-01  1.902686e+00  6.793056e-02 3.624827e+00
 6.046046e-01  1.863177e+00  4.986428e-01 3.720074e+00
 6.056056e-01  1.725604e+00  9.156961e-01 3.816208e+00
 6.066066e-01  1.493983e+00  1.296605e+00 3.913170e+00
 6.076076e-01  1.177529e+00  1.619976e+00 4.010896e+00
 6.086086e-01  7.903705e-01  1.866719e+00 4.109324e+00
 6.096096e-01  3.509830e-01  2.021186e+00 4.208383e+00
 6.106106e-01 -1.186483e-01  2.072179e+00 4.308005e+00
 6.116116e-01 -5.940979e-01  2.013744e+00 4.408116e+00
 6.126126e-01 -1.049755e+00  1.845713e+00 4.508641e+00
 6.136136e-01 -1.460202e+00  1.573948e+00 4.609503e+00
 6.146146e-01 -1.801643e+00  1.210250e+00 4.710620e+00
 6.156156e-01 -2.053301e+00  7.719247e-01 4.811911e+00
 6.166166e-01 -2.198708e+00  2.810256e-01 4.913292e+00
 6.176176e-01 -2.226800e+00 -2.367187e-01 5.014674e+00
 6.186186e-01 -2.132750e+00 -7.532260e-01 5.115970e+00
 6.196196e-01 -1.918473e+00 -1.239577e+00 5.217089e+00
 6.206206e-01 -1.592769e+00 -1.667641e+00 5.317938e+00
 6.216216e-01 -1.171062e+00 -2.011725e+00 5.418424e+00
 6.226226e-01 -6.747458e-01 -2.250149e+00 5.518451e+00
 6.236236e-01 -1.301565e-01 -2.366639e+00 5.617921e+00
 6.246246e-01  4.327935e-01 -2.351473e+00 5.716736e+00
 6.256256e-01  9.822421e-01 -2.202271e+00 5.814798e+00
 6.266266e-01  1.486185e+00 -1.924385e+00 5.912005e+00
 6.276276e-01  1.914359e+00 -1.530845e+00 6.008256e+00
 6.286286e-01  2.240096e+00 -1.041835e+00 6.103450e+00
 6.296296e-01  2.442025e+00 -4.837311e-01 6.197484e+00
 6.306306e-01  2.505524e+00  1.122799e-01 6.290256e+00
 6.316316e-01  2.423805e+00  7.119202e-01 6.381662e+00
 6.326326e-01  2.198576e+00  1.279790e+00 6.471600e+00
 6.336336e-01  1.840194e+00  1.781476e+00 6.559968e+00
 6.346346e-01  1.367295e+00  2.185673e+00 6.646664e+00
 6.356356e-01  8.059116e-01  2.466190e+00 6.731586e+00
 6.366366e-01  1.880854e-01  2.603701e+00 6.814633e+00
 6.376376e-01 -4.499256e-01  2.587136e+00 6.895706e+00
 6.386386e-01 -1.069771e+00  2.414601e+00 6.974707e+00
 6.396396e-01 -1.633327e+00  2.093748e+00 7.051539e+00
 6.406406e-01 -2.105082e+00  1.641565e+00 7.126105e+00
 6.416416e-01 -2.454427e+00  1.083560e+00 7.198313e+00
 6.426426e-01 -2.657709e+00  4.523886e-01 7.268071e+00
 6.436436e-01 -2.699905e+00 -2.140206e-01 7.335290e+00
 6.446446e-01 -2.575795e+00 -8.747362e-01 7.399882e+00
 6.456456e-01 -2.290540e+00 -1.488351e+00 7.461762e+00
 6.466466e-01 -1.859609e+00 -2.015615e+00 7.520850e+00
 6.476476e-01 -1.308033e+00 -2.422006e+00 7.577067e+00
 6.486486e-01 -6.690253e-01 -2.680064e+00 7.630336e+00
 6.496496e-01  1.798379e-02 -2.771328e+00 7.680585e+00
 6.506507e-01  7.097593e-01 -2.687747e+00 7.727745e+00
 6.516517e-01  1.361998e+00 -2.432429e+00 7.771751e+00
 6.526527e-01  1.932207e+00 -2.019683e+00 7.812541e+00
 6.536537e-01  2.382529e+00 -1.474317e+00 7.850057e+00
 6.546547e-01  2.682345e+00 -8.302233e-01 7.884246e+00
 6.556557e-01  2.810444e+00 -1.283110e-01 7.915058e+00
 6.566567e-01  2.756623e+00  5.860710e-01 7.942449e+00
 6.576577e-01  2.522582e+00  1.266078e+00 7.966376e+00
 6.586587e-01  2.122036e+00  1.866485e+00 7.986804e+00
 6.596597e-01  1.580010e+00  2.346758e+00 8.003702e+00
 6.606607e-01  9.313511e-01  2.673879e+00 8.017042e+00
 6.616617e-01  2.185376e-01  2.824720e+00 8.026802e+00
 6.626627e-01 -5.110900e-01  2.787786e+00 8.032964e+00
 6.636637e-01 -1.208486e+00  2.564192e+00 8.035517e+00
 6.646647e-01 -1.826239e+00  2.167788e+00 8.034452e+00
 6.656657e-01 -2.321871e+00  1.624403e+00 8.029768e+00
 6.666667e-01 -2.660847e+00  9.702353e-01 8.021465e+00
 6.676677e-01 -2.819097e+00  2.494885e-01 8.009553e+00
 6.686687e-01 -2.784836e+00 -4.886020e-01 7.994042e+00
 6.696697e-01 -2.559560e+00 -1.193149e+00 7.974950e+00
 6.706707e-01 -2.158114e+00 -1.815170e+00 7.952300e+00
 6.716717e-01 -1.607813e+00 -2.311072e+00 7.926119e+00
 6.726727e-01 -9.466525e-01 -2.645805e+00 7.896437e+00
 6.736737e-01 -2.207330e-01 -2.795455e+00 7.863293e+00
 6.746747e-01  5.189451e-01 -2.749077e+00 7.826727e+00
 6.756757e-01  1.220087e+00 -2.509616e+00 7.786785e+00
 6.766767e-01  1.832853e+00 -2.093840e+00 7.743518e+00
 6.776777e-01  2.313489e+00 -1.531258e+00 7.696980e+00
 6.786787e-01  2.627551e+00 -8.620940e-01 7.647231e+00
 6.796797e-01  2.752500e+00 -1.344561e-01 7.594333e+00
 6.806807e-01  2.679442e+00  5.991212e-01 7.538355e+00
 6.816817e-01  2.413890e+00  1.285497e+00 7.479367e+00
 6.826827e-01  1.975459e+00  1.874835e+00 7.417444e+00
 6.836837e-01  1.396512e+00  2.324311e+00 7.352665e+00
 6.846847e-01  7.198327e-01  2.601337e+00 7.285111e+00
 6.856857e-01 -4.497773e-03  2.686047e+00 7.214868e+00
 6.866867e-01 -7.228134e-01  2.572851e+00 7.142023e+00
 6.876877e-01 -1.381875e+00  2.270923e+00 7.066667e+00
 6.886887e-01 -1.932883e+00  1.803568e+00 6.988894e+00
 6.896897e-01 -2.335190e+00  1.206520e+00 6.908800e+00
 6.906907e-01 -2.559411e+00  5.252589e-01 6.826483e+00
 6.916917e-01 -2.589699e+00 -1.884205e-01 6.742043e+00
 6.926927e-01 -2.424983e+00 -8.803631e-01 6.655582e+00
 6.936937e-01 -2.079082e+00 -1.498206e+00 6.567205e+00
 6.946947e-01 -1.579657e+00 -1.995420e+00 6.477015e+00
 6.956957e-01 -9.660805e-01 -2.334911e+00 6.385119e+00
 6.966967e-01 -2.863857e-01 -2.491909e+00 6.291625e+00
 6.976977e-01  4.064825e-01 -2.455894e+00 6.196641e+00
 6.986987e-01  1.058812e+00 -2.231410e+00 6.100275e+00
 6.996997e-01  1.620344e+00 -1.837694e+00 6.002636e+00
 7.007007e-01  2.048228e+00 -1.307131e+00 5.903832e+00
 7.017017e-01  2.310398e+00 -6.826680e-01 5.803974e+00
 7.027027e-01  2.388088e+00 -1.437226e-02 5.703169e+00
 7.037037e-01  2.277289e+00  6.445780e-01 5.601526e+00
 7.047047e-01  1.989017e+00  1.242161e+00 5.499153e+00
 7.057057e-01  1.548366e+00  1.731681e+00 5.396155e+00
 7.067067e-01  9.924208e-01  2.075510e+00 5.292639e+00
 7.077077e-01  3.671992e-01  2.248082e+00 5.188710e+00
 7.087087e-01 -2.761334e-01  2.237905e+00 5.084469e+00
 7.097097e-01 -8.854637e-01  2.048407e+00 4.980019e+00
 7.107107e-01 -1.411997e+00  1.697564e+00 4.875459e+00
 7.117117e-01 -1.814237e+00  1.216319e+00 4.770887e+00
 7.127127e-01 -2.061350e+00  6.459396e-01 4.666400e+00
 7.137137e-01 -2.135626e+00  3.452268e-02 4.562090e+00
 7.147147e-01 -2.033839e+00 -5.670506e-01 4.458049e+00
 7.157157e-01 -1.767385e+00 -1.109376e+00 4.354366e+00
 7.167167e-01 -1.361190e+00 -1.548641e+00 4.251128e+00
 7.177177e-01 -8.514897e-01 -1.850239e+00 4.148419e+00
 7.187187e-01 -2.826597e-01 -1.991588e+00 4.046319e+00
 7.197197e-01  2.966173e-01 -1.963906e+00 3.944908e+00
 7.207207e-01  8.375273e-01 -1.772797e+00 3.844260e+00
 7.217217e-01  1.295276e+00 -1.437605e+00 3.744448e+00
 7.227227e-01  1.632865e+00 -9.895934e-01 3.645543e+00
 7.237237e-01  1.824155e+00 -4.691155e-01 3.547609e+00
 7.247247e-01  1.855972e+00  7.797585e-02 3.450712e+00
 7.257257e-01  1.729064e+00  6.043571e-01 3.354910e+00
 7.267267e-01  1.457837e+00  1.065351e+00 3.260262e+00
 7.277277e-01  1.068902e+00  1.422768e+00 3.166820e+00
 7.287287e-01  5.985705e-01  1.648135e+00 3.074637e+00
 7.297297e-01  8.952725e-02  1.725034e+00 2.983759e+00
 7.307307e-01 -4.130202e-01  1.650347e+00 2.894230e+00
 7.317317e-01 -8.653641e-01  1.434307e+00 2.806093e+00
 7.327327e-01 -1.229133e+00  1.099371e+00 2.719384e+00
 7.337337e-01 -1.474602e+00  6.780044e-01 2.634140e+00
 7.347347e-01 -1.583178e+00  2.096186e-01 2.550391e+00
 7.357357e-01 -1.548856e+00 -2.630812e-01 2.468167e+00
 7.367367e-01 -1.378518e+00 -6.979840e-01 2.387493e+00
 7.377377e-01 -1.091058e+00 -1.057348e+00 2.308392e+00
 7.387387e-01 -7.154426e-01 -1.311116e+00 2.230884e+00
 7.397397e-01 -2.878785e-01 -1.439483e+00 2.154985e+00
 7.407407e-01  1.516261e-01 -1.434476e+00 2.080711e+00
 7.417417e-01  5.629898e-01 -1.300429e+00 2.008072e+00
 7.427427e-01  9.097257e-01 -1.053317e+00 1.937078e+00
 7.437437e-01  1.162208e+00 -7.190310e-01 1.867734e+00
 7.447447e-01  1.300246e+00 -3.307640e-01 1.800045e+00
 7.457457e-01  1.314725e+00  7.422345e-02 1.734012e+00
 7.467467e-01  1.208192e+00  4.581547e-01 1.669634e+00
 7.477477e-01  9.943324e-01  7.862637e-01 1.606908e+00
 7.487487e-01  6.964196e-01  1.029965e+00 1.545828e+00
 7.497497e-01  3.448927e-01  1.169374e+00 1.486388e+00
 7.507508e-01 -2.568728e-02  1.194955e+00 1.428577e+00
 7.517518e-01 -3.800033e-01  1.108144e+00 1.372386e+00
 7.527528e-01 -6.853430e-01  9.209260e-01 1.317800e+00
 7.537538e-01 -9.146331e-01  6.544094e-01 1.264805e+00
 7.547548e-01 -1.048861e+00  3.365649e-01 1.213386e+00
 7.557558e-01 -1.078667e+00 -6.389800e-04 1.163524e+00
 7.567568e-01 -1.004965e+00 -3.244140e-01 1.115200e+00
 7.577578e-01 -8.385581e-01 -6.043298e-01 1.068394e+00
 7.587588e-01 -5.988034e-01 -8.151804e-01 1.023085e+00
 7.597598e-01 -3.114852e-01 -9.392687e-01 9.792487e-01
 7.607608e-01 -6.113186e-03 -9.678973e-01 9.368625e-01
 7.617618e-01  2.870673e-01 -9.019389e-01 8.959015e-01
 7.627628e-01  5.400559e-01 -7.514517e-01 8.563400e-01
 7.637638e-01  7.297723e-01 -5.344008e-01 8.181518e-01
 7.647648e-01  8.401697e-01 -2.746357e-01 7.813099e-01
 7.657658e-01  8.635891e-01  6.567688e-04 7.457866e-01
 7.667668e-01  8.012404e-01  2.637565e-01 7.115537e-01
 7.677678e-01  6.627842e-01  4.891828e-01 6.785827e-01
 7.687688e-01  4.650804e-01  6.561591e-01 6.468445e-01
 7.697698e-01  2.302537e-01  7.505286e-01 6.163099e-01
 7.707708e-01 -1.671158e-02  7.659438e-01 5.869493e-01
 7.717718e-01 -2.505880e-01  7.042291e-01 5.587329e-01
 7.727728e-01 -4.484620e-01  5.749024e-01 5.316309e-01
 7.737738e-01 -5.919724e-01  3.939317e-01 5.056135e-01
 7.747748e-01 -6.690086e-01  1.818738e-01 4.806506e-01
 7.757758e-01 -6.747136e-01 -3.839311e-02 4.567125e-01
 7.767768e-01 -6.117070e-01 -2.440983e-01 4.337694e-01
 7.777778e-01 -4.895305e-01 -4.149116e-01 4.117917e-01
 7.787788e-01 -3.233980e-01 -5.349427e-01 3.907500e-01
 7.797798e-01 -1.324023e-01 -5.942094e-01 3.706152e-01
 7.807808e-01  6.261782e-02 -5.894382e-01 3.513584e-01
 7.817818e-01  2.413132e-01 -5.241364e-01 3.329511e-01
 7.827828e-01  3.859277e-01 -4.079520e-01 3.153650e-01
 7.837838e-01  4.830494e-01 -2.554127e-01 2.985724e-01
 7.847848e-01  5.248393e-01 -8.419920e-02 2.825458e-01
 7.857858e-01  5.096232e-01  8.684823e-02 2.672584e-01
 7.867868e-01  4.418080e-01  2.397693e-01 2.526837e-01
 7.877878e-01  3.311552e-01  3.593491e-01 2.387955e-01
 7.887888e-01  1.915115e-01  4.346170e-01 2.255686e-01
 7.897898e-01  3.915449e-02  4.598313e-01 2.129779e-01
 7.907908e-01 -1.090562e-01  4.348630e-01 2.009991e-01
 7.917918e-01 -2.375138e-01  3.649594e-01 1.896082e-01
 7.927928e-01 -3.334880e-01  2.599379e-01 1.787819e-01
 7.937938e-01 -3.883691e-01  1.329177e-01 1.684977e-01
 7.947948e-01 -3.984115e-01 -1.252355e-03 1.587333e-01
 7.957958e-01 -3.649151e-01 -1.276877e-01 1.494672e-01
 7.967968e-01 -2.938479e-01 -2.330920e-01 1.406784e-01
 7.977978e-01 -1.949727e-01 -3.071358e-01 1.323467e-01
 7.987988e-01 -8.059558e-02 -3.434481e-01 1.244522e-01
 7.997998e-01  3.591041e-02 -3.401269e-01 1.169759e-01
 8.008008e-01  1.416330e-01 -2.997318e-01 1.098991e-01
 8.018018e-01  2.255275e-01 -2.287819e-01 1.032038e-01
 8.028028e-01  2.795507e-01 -1.368363e-01 9.687275e-02
 8.038038e-01  2.994071e-01 -3.527731e-02 9.088909e-02
 8.048048e-01  2.848400e-01  6.405278e-02 8.523661e-02
 8.058058e-01  2.394553e-01  1.502025e-01 7.989964e-02
 8.068068e-01  1.701178e-01  2.142966e-01 7.486312e-02
 8.078078e-01  8.600893e-02  2.504295e-01 7.011248e-02
 8.088088e-01 -2.532586e-03  2.561783e-01 6.563375e-02
 8.098098e-01 -8.524452e-02  2.326947e-01 6.141347e-02
 8.108108e-01 -1.531049e-01  1.843843e-01 5.743869e-02
 8.118118e-01 -1.992956e-01  1.182297e-01 5.369700e-02
 8.128128e-01 -2.198640e-01  4.285218e-02 5.017647e-02
 8.138138e-01 -2.140211e-01 -3.256744e-02 4.686568e-02
 8.148148e-01 -1.840594e-01 -9.937700e-02 4.375365e-02
 8.158158e-01 -1.349174e-01 -1.504235e-01 4.082992e-02
 8.168168e-01 -7.346008e-02 -1.807984e-01 3.808443e-02
 8.178178e-01 -7.573023e-03 -1.882823e-01 3.550759e-02
 8.188188e-01  5.481494e-02 -1.734519e-01 3.309023e-02
 8.198198e-01  1.066612e-01 -1.394524e-01 3.082359e-02
 8.208208e-01  1.425846e-01 -9.148193e-02 2.869932e-02
 8.218218e-01  1.594023e-01 -3.606057e-02 2.670945e-02
 8.228228e-01  1.563769e-01  1.981575e-02 2.484639e-02
 8.238238e-01  1.351603e-01  6.953128e-02 2.310291e-02
 8.248248e-01  9.945614e-02  1.076132e-01 2.147213e-02
 8.258258e-01  5.445626e-02  1.303151e-01 1.994750e-02
 8.268268e-01  6.131599e-03  1.359604e-01 1.852282e-02
 8.278278e-01 -3.953021e-02  1.250181e-01 1.719217e-02
 8.288288e-01 -7.724503e-02  9.991579e-02 1.594996e-02
 8.298298e-01 -1.030257e-01  6.462647e-02 1.479087e-02
 8.308308e-01 -1.145835e-01  2.409336e-02 1.370986e-02
 8.318318e-01 -1.114999e-01 -1.642974e-02 1.270216e-02
 8.328328e-01 -9.516014e-02 -5.203649e-02 1.176325e-02
 8.338338e-01 -6.847049e-02 -7.874421e-02 1.088886e-02
 8.348348e-01 -3.540614e-02 -9.392205e-02 1.007495e-02
 8.358358e-01 -4.553842e-04 -9.652714e-02 9.317696e-03
 8.368368e-01  3.196542e-02 -8.713043e-02 8.613500e-03
 8.378378e-01  5.805195e-02 -6.774163e-02 7.958957e-03
 8.388388e-01  7.504253e-02 -4.146660e-02 7.350860e-03
 8.398398e-01  8.149221e-02 -1.204995e-02 6.786182e-03
 8.408408e-01  7.736546e-02  1.663315e-02 6.262076e-03
 8.418418e-01  6.394665e-02  4.106928e-02 5.775860e-03
 8.428428e-01  4.359086e-02  5.852219e-02 5.325011e-03
 8.438438e-01  1.935601e-02  6.732385e-02 4.907155e-03
 8.448448e-01 -5.429815e-03  6.701181e-02 4.520065e-03
 8.458458e-01 -2.760697e-02  5.830524e-02 4.161646e-03
 8.468468e-01 -4.457269e-02  4.293260e-02 3.829933e-03
 8.478478e-01 -5.457308e-02  2.334226e-02 3.523082e-03
 8.488488e-01 -5.686727e-02  2.340658e-03 3.239366e-03
 8.498498e-01 -5.175112e-02 -1.729123e-02 2.977164e-03
 8.508509e-01 -4.044614e-02 -3.315225e-02 2.734962e-03
 8.518519e-01 -2.487703e-02 -4.350256e-02 2.511340e-03
 8.528529e-01 -7.373517e-03 -4.744050e-02 2.304970e-03
 8.538539e-01  9.659655e-03 -4.495891e-02 2.114613e-03
 8.548549e-01  2.405967e-02 -3.688144e-02 1.939108e-03
 8.558559e-01  3.416903e-02 -2.469519e-02 1.777375e-03
 8.568569e-01  3.901459e-02 -1.030846e-02 1.628402e-03
 8.578579e-01  3.838437e-02  4.229529e-03 1.491249e-03
 8.588589e-01  3.279908e-02  1.700757e-02 1.365037e-03
 8.598599e-01  2.338914e-02  2.649331e-02 1.248948e-03
 8.608609e-01  1.170021e-02  3.170687e-02 1.142221e-03
 8.618619e-01 -5.423765e-04  3.230871e-02 1.044147e-03
 8.628629e-01 -1.167580e-02  2.859621e-02 9.540673e-04
 8.638639e-01 -2.031597e-02  2.141566e-02 8.713692e-04
 8.648649e-01 -2.552063e-02  1.200753e-02 7.954837e-04
 8.658659e-01 -2.688131e-02  1.810330e-03 7.258823e-04
 8.668669e-01 -2.453673e-02 -7.747481e-03 6.620746e-04
 8.678679e-01 -1.911161e-02 -1.543866e-02 6.036061e-04
 8.688689e-01 -1.159447e-02 -2.038684e-02 5.500549e-04
 8.698699e-01 -3.175415e-03 -2.215734e-02 5.010309e-04
 8.708709e-01  4.931069e-03 -2.078116e-02 4.561722e-04
 8.718719e-01  1.165309e-02 -1.671376e-02 4.151443e-04
 8.728729e-01  1.619601e-02 -1.073903e-02 3.776376e-04
 8.738739e-01  1.812877e-02 -3.835821e-03 3.433660e-04
 8.748749e-01  1.741358e-02  2.971952e-03 3.120652e-04
 8.758759e-01  1.437914e-02  8.759641e-03 2.834910e-04
 8.768769e-01  9.645503e-03  1.282117e-02 2.574183e-04
 8.778779e-01  4.014440e-03  1.474867e-02 2.336389e-04
 8.788789e-01 -1.656590e-03  1.446435e-02 2.119616e-04
 8.798799e-01 -6.578193e-03  1.220397e-02 1.922096e-04
 8.808809e-01 -1.013333e-02  8.457897e-03 1.742204e-04
 8.818819e-01 -1.194908e-02  3.881219e-03 1.578443e-04
 8.828829e-01 -1.192831e-02 -8.118168e-04 1.429436e-04
 8.838839e-01 -1.024002e-02 -4.953159e-03 1.293918e-04
 8.848849e-01 -7.272888e-03 -8.011091e-03 1.170725e-04
 8.858859e-01 -3.561621e-03 -9.653686e-03 1.058788e-04
 8.868869e-01  3.012964e-04 -9.778640e-03 9.571258e-05
 8.878879e-01  3.754707e-03 -8.508001e-03 8.648390e-05
 8.888889e-01  6.345972e-03 -6.151324e-03 7.811015e-05
 8.898899e-01  7.786119e-03 -3.145162e-03 7.051569e-05
 8.908909e-01  7.976892e-03  2.056138e-05 6.363122e-05
 8.918919e-01  7.008063e-03  2.877548e-03 5.739323e-05
 8.928929e-01  5.127911e-03  5.044624e-03 5.174370e-05
 8.938939e-01  2.693297e-03  6.274997e-03 4.662943e-05
 8.948949e-01  1.083606e-04  6.479983e-03 4.200192e-05
 8.958959e-01 -2.238369e-03  5.727690e-03 3.781673e-05
 8.968969e-01 -4.029072e-03  4.219000e-03 3.403338e-05
 8.978979e-01 -5.056607e-03  2.246241e-03 3.061487e-05
 8.988989e-01 -5.244734e-03  1.421337e-04 2.752744e-05
 8.998999e-01 -4.647352e-03 -1.772697e-03 2.474034e-05
 9.009009e-01 -3.428622e-03 -3.235745e-03 2.222549e-05
 9.019019e-01 -1.828613e-03 -4.075973e-03 1.995738e-05
 9.029029e-01 -1.207852e-04 -4.230617e-03 1.791271e-05
 9.039039e-01  1.431639e-03 -3.744432e-03 1.607036e-05
 9.049049e-01  2.613841e-03 -2.752981e-03 1.441106e-05
 9.059059e-01  3.286855e-03 -1.453932e-03 1.291734e-05
 9.069069e-01  3.401197e-03 -7.166411e-05 1.157328e-05
 9.079079e-01  2.995786e-03  1.178855e-03 1.036444e-05
 9.089089e-01  2.183710e-03  2.123472e-03 9.277724e-06
 9.099099e-01  1.128103e-03  2.651153e-03 8.301231e-06
 9.109109e-01  1.272822e-05  2.724711e-03 7.424210e-06
 9.119119e-01 -9.878326e-04  2.379300e-03 6.636880e-06
 9.129129e-01 -1.733773e-03  1.710100e-03 5.930411e-06
 9.139139e-01 -2.137967e-03  8.519880e-04 5.296787e-06
 9.149149e-01 -2.174105e-03 -4.489749e-05 4.728748e-06
 9.159159e-01 -1.874772e-03 -8.396279e-04 4.219745e-06
 9.169169e-01 -1.320642e-03 -1.421175e-03 3.763835e-06
 9.179179e-01 -6.233361e-04 -1.722539e-03 3.355688e-06
 9.189189e-01  9.486712e-05 -1.726691e-03 2.990463e-06
 9.199199e-01  7.209773e-04 -1.464242e-03 2.663814e-06
 9.209209e-01  1.167881e-03 -1.003916e-03 2.371794e-06
 9.219219e-01  1.385262e-03 -4.380603e-04 2.110847e-06
 9.229229e-01  1.363736e-03  1.341348e-04 1.877767e-06
 9.239239e-01  1.132158e-03  6.228019e-04 1.669664e-06
 9.249249e-01  7.492281e-04  9.605295e-04 1.483960e-06
 9.259259e-01  2.912174e-04  1.110636e-03 1.318320e-06
 9.269269e-01 -1.618216e-04  1.069801e-03 1.170661e-06
 9.279279e-01 -5.390838e-04  8.651452e-04 1.039088e-06
 9.289289e-01 -7.892426e-04  5.468015e-04 9.218956e-07
 9.299299e-01 -8.865768e-04  1.775702e-04 8.175496e-07
 9.309309e-01 -8.323812e-04 -1.783731e-04 7.246755e-07
 9.319319e-01 -6.519448e-04 -4.658606e-04 6.420580e-07
 9.329329e-01 -3.879800e-04 -6.465878e-04 5.686043e-07
 9.339339e-01 -9.195543e-05 -7.034833e-04 5.033445e-07
 9.349349e-01  1.851060e-04 -6.411901e-04 4.453889e-07
 9.359359e-01  4.007832e-04 -4.830232e-04 3.939386e-07
 9.369369e-01  5.271967e-04 -2.652031e-04 3.482690e-07
 9.379379e-01  5.539517e-04 -2.962522e-05 3.077402e-07
 9.389389e-01  4.879562e-04  1.835570e-04 2.717944e-07
 9.399399e-01  3.504203e-04  3.422624e-04 2.399380e-07
 9.409409e-01  1.718606e-04  4.268487e-04 2.117359e-07
 9.419419e-01 -1.390921e-05  4.319586e-04 1.867817e-07
 9.429429e-01 -1.756681e-04  3.658505e-04 1.647058e-07
 9.439439e-01 -2.896420e-04  2.475384e-04 1.451677e-07
 9.449449e-01 -3.425901e-04  1.024906e-04 1.278723e-07
 9.459459e-01 -3.328389e-04 -4.229832e-05 1.125708e-07
 9.469469e-01 -2.692682e-04 -1.629316e-04 9.905208e-08
 9.479479e-01 -1.686758e-04 -2.422413e-04 8.713238e-08
 9.489489e-01 -5.209006e-05 -2.718810e-04 7.663267e-08
 9.499499e-01  5.919938e-05 -2.527401e-04 6.738210e-08
 9.509510e-01  1.472396e-04 -1.937454e-04 5.921677e-08
 9.519520e-01  2.000367e-04 -1.094704e-04 5.199847e-08
 9.529530e-01  2.129065e-04 -1.703731e-05 4.561944e-08
 9.539540e-01  1.884233e-04  6.704397e-05 3.999825e-08
 9.549550e-01  1.351689e-04  1.296027e-04 3.506750e-08
 9.559560e-01  6.558287e-05  1.626418e-04 3.075348e-08
 9.569570e-01 -6.580594e-06  1.641105e-04 2.697554e-08
 9.579580e-01 -6.875334e-05  1.375557e-04 2.364860e-08
 9.589590e-01 -1.115497e-04  9.088157e-05 2.070280e-08
 9.599600e-01 -1.300122e-04  3.448205e-05 1.809217e-08
 9.609610e-01 -1.239359e-04 -2.081720e-05 1.579346e-08
 9.619620e-01 -9.735953e-05 -6.567760e-05 1.379243e-08
 9.629630e-01 -5.736274e-05 -9.366818e-05 1.206421e-08
 9.639640e-01 -1.249608e-05 -1.020422e-04 1.056876e-08
 9.649650e-01  2.888255e-05 -9.176522e-05 9.255057e-09
 9.659660e-01  6.002633e-05 -6.691825e-05 8.081213e-09
 9.669670e-01  7.679247e-05 -3.360776e-05 7.026565e-09
 9.679680e-01  7.804562e-05  1.327676e-06 6.092881e-09
 9.689690e-01  6.550721e-05  3.160755e-05 5.290231e-09
 9.699700e-01  4.310176e-05  5.252857e-05 4.617012e-09
 9.709710e-01  1.601141e-05  6.160773e-05 4.051878e-09
 9.719720e-01 -1.039944e-05  5.873798e-05 3.558298e-09
 9.729730e-01 -3.154572e-05  4.592833e-05 3.104543e-09
 9.739740e-01 -4.435042e-05  2.668133e-05 2.678853e-09
 9.749750e-01 -4.759945e-05  5.202733e-06 2.292776e-09
 9.759760e-01 -4.194092e-05 -1.443835e-05 1.967507e-09
 9.769770e-01 -2.953209e-05 -2.900210e-05 1.713266e-09
 9.779780e-01 -1.347644e-05 -3.655948e-05 1.518210e-09
 9.789790e-01  2.861479e-06 -3.666097e-05 1.352215e-09
 9.799800e-01  1.648736e-05 -3.024170e-05 1.186393e-09
 9.809810e-01  2.528471e-05 -1.927108e-05 1.010691e-09
 9.819820e-01  2.828286e-05 -6.282131e-06 8.393853e-10
 9.829830e-01  2.570233e-05  6.161047e-06 6.985684e-10
 9.839840e-01  1.875748e-05  1.591374e-05 6.050901e-10
 9.849850e-01  9.318527e-06  2.158904e-05 5.529215e-10
 9.859860e-01 -5.261267e-07  2.269717e-05 5.154382e-10
 9.869870e-01 -8.877118e-06  1.962669e-05 4.640102e-10
 9.879880e-01 -1.436645e-05  1.345117e-05 3.873289e-10
 9.889890e-01 -1.634079e-05  5.659184e-06 2.990477e-10
 9.899900e-01 -1.490713e-05 -2.173672e-06 2.269474e-10
 9.909910e-01 -1.081006e-05 -8.664101e-06 1.919241e-10
 9.919920e-01 -5.220191e-06 -1.284818e-05 1.923260e-10
 9.929930e-01  5.539128e-07 -1.428313e-05 2.043147e-10
 9.939940e-01  5.329323e-06 -1.306306e-05 1.990453e-10
 9.949950e-01  8.277539e-06 -9.718932e-06 1.629753e-10
 9.959960e-01  9.040185e-06 -5.077048e-06 1.075014e-10
 9.969970e-01  7.758236e-06 -6.833286e-08 6.019489e-11
 9.979980e-01  4.979803e-06  4.431557e-06 4.443714e-11
 9.989990e-01  1.513745e-06  7.747259e-06 6.231145e-11
 1.000000e+00 -1.774887e-06  9.472945e-06 9.288690e-11
