# x psi_r psi_i psi2 
 0.000000e+00  5.099956e-01  3.973051e-01 4.179469e-01
 1.001001e-03  6.209639e-01  5.072496e-01 6.428983e-01
 2.002002e-03  7.012438e-01  6.063413e-01 8.593926e-01
 3.003003e-03  7.506189e-01  6.907693e-01 1.040591e+00
 4.004004e-03  7.701892e-01  7.569456e-01 1.166158e+00
 5.005005e-03  7.622229e-01  8.016666e-01 1.223653e+00
 6.006006e-03  7.299615e-01  8.222725e-01 1.208976e+00
 7.007007e-03  6.773887e-01  8.167999e-01 1.126017e+00
 8.008008e-03  6.089773e-01  7.841165e-01 9.856921e-01
 9.009009e-03  5.294291e-01  7.240333e-01 8.045195e-01
 1.001001e-02  4.434212e-01  6.373833e-01 6.028798e-01
 1.101101e-02  3.553711e-01  5.260630e-01 4.030310e-01
 1.201201e-02  2.692351e-01  3.930297e-01 2.269598e-01
 1.301301e-02  1.883452e-01  2.422509e-01 9.415942e-02
 1.401401e-02  1.152952e-01  7.860608e-02 1.947191e-02
 1.501502e-02  5.187660e-02 -9.226088e-02 1.120325e-02
 1.601602e-02 -9.333447e-04 -2.641331e-01 6.976715e-02
 1.701702e-02 -4.293420e-02 -4.304508e-01 1.871313e-01
 1.801802e-02 -7.462120e-02 -5.845723e-01 3.472932e-01
 1.901902e-02 -9.706752e-02 -7.200540e-01 5.278999e-01
 2.002002e-02 -1.117795e-01 -8.309381e-01 7.029527e-01
 2.102102e-02 -1.205357e-01 -9.120346e-01 8.463360e-01
 2.202202e-02 -1.252204e-01 -9.591832e-01 9.357125e-01
 2.302302e-02 -1.276636e-01 -9.694806e-01 9.561907e-01
 2.402402e-02 -1.294967e-01 -9.414620e-01 9.031200e-01
 2.502503e-02 -1.320326e-01 -8.752234e-01 7.834487e-01
 2.602603e-02 -1.361789e-01 -7.724785e-01 6.152677e-01
 2.702703e-02 -1.423851e-01 -6.365408e-01 4.254577e-01
 2.802803e-02 -1.506301e-01 -4.722329e-01 2.456933e-01
 2.902903e-02 -1.604450e-01 -2.857204e-01 1.073787e-01
 3.003003e-02 -1.709724e-01 -8.427843e-02 3.633442e-02
 3.103103e-02 -1.810531e-01  1.240015e-01 4.815658e-02
 3.203203e-02 -1.893358e-01  3.305515e-01 1.451124e-01
 3.303303e-02 -1.944008e-01  5.266996e-01 3.152041e-01
 3.403403e-02 -1.948875e-01  7.040550e-01 5.336746e-01
 3.503504e-02 -1.896189e-01  8.548907e-01 7.667935e-01
 3.603604e-02 -1.777123e-01  9.725022e-01 9.773422e-01
 3.703704e-02 -1.586703e-01  1.051525e+00 1.130880e+00
 3.803804e-02 -1.324451e-01  1.088193e+00 1.201707e+00
 3.903904e-02 -9.947217e-02  1.080532e+00 1.177445e+00
 4.004004e-02 -6.067217e-02  1.028461e+00 1.061413e+00
 4.104104e-02 -1.741957e-02  9.338139e-01 8.723119e-01
 4.204204e-02  2.851855e-02  8.002694e-01 6.412444e-01
 4.304304e-02  7.506988e-02  6.331932e-01 4.065692e-01
 4.404404e-02  1.199650e-01  4.394015e-01 2.074652e-01
 4.504505e-02  1.608593e-01  2.268553e-01 7.733903e-02
 4.604605e-02  1.954613e-01  4.303192e-03 3.822363e-02
 4.704705e-02  2.216597e-01 -2.191126e-01 9.714337e-02
 4.804805e-02  2.376425e-01 -4.342660e-01 2.450609e-01
 4.904905e-02  2.420004e-01 -6.324519e-01 4.585597e-01
 5.005005e-02  2.338103e-01 -8.057685e-01 7.039301e-01
 5.105105e-02  2.126940e-01 -9.474553e-01 9.429102e-01
 5.205205e-02  1.788506e-01 -1.052174e+00 1.139058e+00
 5.305305e-02  1.330601e-01 -1.116219e+00 1.263651e+00
 5.405405e-02  7.666096e-02 -1.137645e+00 1.300113e+00
 5.505506e-02  1.150160e-02 -1.116310e+00 1.246280e+00
 5.605606e-02 -6.012891e-02 -1.053838e+00 1.114191e+00
 5.705706e-02 -1.355885e-01 -9.534955e-01 9.275380e-01
 5.805806e-02 -2.119825e-01 -8.199957e-01 7.173296e-01
 5.905906e-02 -2.862720e-01 -6.592460e-01 5.165569e-01
 6.006006e-02 -3.553856e-01 -4.780449e-01 3.548259e-01
 6.106106e-02 -4.163307e-01 -2.837521e-01 2.538465e-01
 6.206206e-02 -4.662983e-01 -8.394404e-02 2.244807e-01
 6.306306e-02 -5.027617e-01  1.139230e-01 2.657478e-01
 6.406406e-02 -5.235628e-01  3.028298e-01 3.658239e-01
 6.506507e-02 -5.269872e-01  4.764732e-01 5.047422e-01
 6.606607e-02 -5.118261e-01  6.294968e-01 6.582321e-01
 6.706707e-02 -4.774237e-01  7.576635e-01 8.019874e-01
 6.806807e-02 -4.237112e-01  8.579648e-01 9.156347e-01
 6.906907e-02 -3.512268e-01  9.286632e-01 9.857756e-01
 7.007007e-02 -2.611211e-01  9.692724e-01 1.007673e+00
 7.107107e-02 -1.551496e-01  9.804771e-01 9.854067e-01
 7.207207e-02 -3.564988e-02  9.640021e-01 9.305710e-01
 7.307307e-02  9.449485e-02  9.224410e-01 8.598267e-01
 7.407407e-02  2.319081e-01  8.590552e-01 7.917573e-01
 7.507508e-02  3.727876e-01  7.775578e-01 7.435668e-01
 7.607608e-02  5.129888e-01  6.818936e-01 7.281364e-01
 7.707708e-02  6.481246e-01  5.760293e-01 7.518752e-01
 7.807808e-02  7.736808e-01  4.637634e-01 8.136584e-01
 7.907908e-02  8.851451e-01  3.485671e-01 9.049809e-01
 8.008008e-02  9.781493e-01  2.334607e-01 1.011280e+00
 8.108108e-02  1.048619e+00  1.209323e-01 1.114227e+00
 8.208208e-02  1.092931e+00  1.289862e-02 1.194665e+00
 8.308308e-02  1.108064e+00 -8.929177e-02 1.235779e+00
 8.408408e-02  1.091751e+00 -1.848172e-01 1.226078e+00
 8.508509e-02  1.042610e+00 -2.733090e-01 1.161734e+00
 8.608609e-02  9.602605e-01 -3.547520e-01 1.047949e+00
 8.708709e-02  8.454072e-01 -4.293691e-01 8.990712e-01
 8.808809e-02  6.998928e-01 -4.974981e-01 7.373543e-01
 8.908909e-02  5.267088e-01 -5.594710e-01 5.904300e-01
 9.009009e-02  3.299628e-01 -6.155041e-01 4.877208e-01
 9.109109e-02  1.147986e-01 -6.656070e-01 4.562114e-01
 9.209209e-02 -1.127309e-01 -7.095169e-01 5.161224e-01
 9.309309e-02 -3.458366e-01 -7.466621e-01 6.771072e-01
 9.409409e-02 -5.772063e-01 -7.761587e-01 9.355894e-01
 9.509510e-02 -7.992540e-01 -7.968390e-01 1.273759e+00
 9.609610e-02 -1.004393e+00 -8.073109e-01 1.660557e+00
 9.709710e-02 -1.185327e+00 -8.060448e-01 2.054707e+00
 9.809810e-02 -1.335338e+00 -7.914811e-01 2.409570e+00
 9.909910e-02 -1.448575e+00 -7.621537e-01 2.679249e+00
 1.001001e-01 -1.520309e+00 -7.168192e-01 2.825168e+00
 1.011011e-01 -1.547155e+00 -6.545851e-01 2.822171e+00
 1.021021e-01 -1.527255e+00 -5.750289e-01 2.663167e+00
 1.031031e-01 -1.460391e+00 -4.782987e-01 2.361510e+00
 1.041041e-01 -1.348040e+00 -3.651896e-01 1.950575e+00
 1.051051e-01 -1.193365e+00 -2.371907e-01 1.480378e+00
 1.061061e-01 -1.001123e+00 -9.649639e-02 1.011558e+00
 1.071071e-01 -7.775152e-01  5.401675e-02 6.074476e-01
 1.081081e-01 -5.299674e-01  2.108512e-01 3.253237e-01
 1.091091e-01 -2.668554e-01  3.699839e-01 2.080999e-01
 1.101101e-01  2.812972e-03  5.269927e-01 2.777292e-01
 1.111111e-01  2.697478e-01  6.772095e-01 5.313765e-01
 1.121121e-01  5.247441e-01  8.158917e-01 9.410357e-01
 1.131131e-01  7.590479e-01  9.384066e-01 1.456761e+00
 1.141141e-01  9.647079e-01  1.040417e+00 2.013129e+00
 1.151151e-01  1.134894e+00  1.118065e+00 2.538052e+00
 1.161161e-01  1.264169e+00  1.168134e+00 2.962660e+00
 1.171171e-01  1.348705e+00  1.188203e+00 3.230831e+00
 1.181181e-01  1.386428e+00  1.176756e+00 3.306937e+00
 1.191191e-01  1.377088e+00  1.133269e+00 3.180670e+00
 1.201201e-01  1.322249e+00  1.058258e+00 2.868251e+00
 1.211211e-01  1.225206e+00  9.532784e-01 2.409869e+00
 1.221221e-01  1.090822e+00  8.208964e-01 1.863765e+00
 1.231231e-01  9.253030e-01  6.646117e-01 1.297894e+00
 1.241241e-01  7.359096e-01  4.887485e-01 7.804380e-01
 1.251251e-01  5.306354e-01  2.983154e-01 3.705659e-01
 1.261261e-01  3.178502e-01  9.883789e-02 1.107977e-01
 1.271271e-01  1.059346e-01 -1.038256e-01 2.200189e-02
 1.281281e-01 -9.708024e-02 -3.036805e-01 1.016464e-01
 1.291291e-01 -2.838503e-01 -4.947958e-01 3.253939e-01
 1.301301e-01 -4.480193e-01 -6.714995e-01 6.516329e-01
 1.311311e-01 -5.844668e-01 -8.285638e-01 1.028119e+00
 1.321321e-01 -6.894949e-01 -9.613718e-01 1.399639e+00
 1.331331e-01 -7.609438e-01 -1.066062e+00 1.715524e+00
 1.341341e-01 -7.982322e-01 -1.139646e+00 1.935967e+00
 1.351351e-01 -8.023220e-01 -1.180092e+00 2.036338e+00
 1.361361e-01 -7.756097e-01 -1.186384e+00 2.009078e+00
 1.371371e-01 -7.217519e-01 -1.158538e+00 1.863136e+00
 1.381381e-01 -6.454331e-01 -1.097594e+00 1.621296e+00
 1.391391e-01 -5.520904e-01 -1.005573e+00 1.315981e+00
 1.401401e-01 -4.476080e-01 -8.854068e-01 9.842981e-01
 1.411411e-01 -3.379992e-01 -7.408429e-01 6.630917e-01
 1.421421e-01 -2.290914e-01 -5.763264e-01 3.846350e-01
 1.431431e-01 -1.262308e-01 -3.968652e-01 1.734362e-01
 1.441441e-01 -3.402307e-02 -2.078815e-01 4.437230e-02
 1.451451e-01  4.387907e-02 -1.505377e-02 2.151989e-03
 1.461461e-01  1.049283e-01  1.758471e-01 4.193215e-02
 1.471471e-01  1.477696e-01  3.591224e-01 1.508048e-01
 1.481481e-01  1.722577e-01  5.293082e-01 3.098398e-01
 1.491491e-01  1.794048e-01  6.813310e-01 4.963980e-01
 1.501502e-01  1.712633e-01  8.106552e-01 6.864929e-01
 1.511512e-01  1.507513e-01  9.134155e-01 8.570539e-01
 1.521522e-01  1.214310e-01  9.865349e-01 9.879966e-01
 1.531532e-01  8.725494e-02  1.027822e+00 1.064031e+00
 1.541542e-01  5.229449e-02  1.036044e+00 1.076123e+00
 1.551552e-01  2.046658e-02  1.010983e+00 1.022506e+00
 1.561562e-01 -4.723840e-03  9.534508e-01 9.090907e-01
 1.571572e-01 -2.041156e-02  8.652861e-01 7.491367e-01
 1.581582e-01 -2.455477e-02  7.493170e-01 5.620788e-01
 1.591592e-01 -1.606443e-02  6.092899e-01 3.714923e-01
 1.601602e-01  5.128639e-03  4.497703e-01 2.023196e-01
 1.611612e-01  3.807218e-02  2.760118e-01 7.763200e-02
 1.621622e-01  8.085676e-02  9.379846e-02 1.533597e-02
 1.631632e-01  1.307410e-01 -9.073651e-02 2.532633e-02
 1.641642e-01  1.843307e-01 -2.713110e-01 1.075875e-01
 1.651652e-01  2.377994e-01 -4.417068e-01 2.516535e-01
 1.661662e-01  2.871384e-01 -5.959878e-01 4.376499e-01
 1.671672e-01  3.284191e-01 -7.287158e-01 6.388858e-01
 1.681682e-01  3.580526e-01 -8.351551e-01 8.256857e-01
 1.691692e-01  3.730295e-01 -9.114580e-01 9.699068e-01
 1.701702e-01  3.711263e-01 -9.548221e-01 1.049420e+00
 1.711712e-01  3.510645e-01 -9.636117e-01 1.051794e+00
 1.721722e-01  3.126135e-01 -9.374375e-01 9.765163e-01
 1.731732e-01  2.566297e-01 -8.771894e-01 8.353200e-01
 1.741742e-01  1.850310e-01 -7.850182e-01 6.504900e-01
 1.751752e-01  1.007065e-01 -6.642670e-01 4.513924e-01
 1.761762e-01  7.367819e-03 -5.193524e-01 2.697812e-01
 1.771772e-01 -9.064960e-02 -3.556002e-01 1.346688e-01
 1.781782e-01 -1.886227e-01 -1.790404e-01 6.763402e-02
 1.791792e-01 -2.817015e-01  3.827786e-03 7.937039e-02
 1.801802e-01 -3.651771e-01  1.862943e-01 1.680599e-01
 1.811812e-01 -4.347434e-01  3.617053e-01 3.198326e-01
 1.821822e-01 -4.867355e-01  5.237292e-01 5.112037e-01
 1.831832e-01 -5.183314e-01  6.666086e-01 7.130345e-01
 1.841842e-01 -5.277067e-01  7.853861e-01 8.953057e-01
 1.851852e-01 -5.141324e-01  8.760939e-01 1.031873e+00
 1.861862e-01 -4.780119e-01  9.358985e-01 1.104401e+00
 1.871872e-01 -4.208553e-01  9.631929e-01 1.104860e+00
 1.881882e-01 -3.451942e-01  9.576335e-01 1.036221e+00
 1.891892e-01 -2.544413e-01  9.201198e-01 9.113608e-01
 1.901902e-01 -1.527062e-01  8.527183e-01 7.504477e-01
 1.911912e-01 -4.457650e-02  7.585366e-01 5.773649e-01
 1.921922e-01  6.512211e-02  6.415541e-01 4.158325e-01
 1.931932e-01  1.715717e-01  5.064179e-01 2.858960e-01
 1.941942e-01  2.702017e-01  3.582182e-01 2.013292e-01
 1.951952e-01  3.569083e-01  2.022508e-01 1.682889e-01
 1.961962e-01  4.282422e-01  4.378425e-02 1.853085e-01
 1.971972e-01  4.815557e-01 -1.121600e-01 2.444757e-01
 1.981982e-01  5.151020e-01 -2.610012e-01 3.334517e-01
 1.991992e-01  5.280844e-01 -3.987588e-01 4.378817e-01
 2.002002e-01  5.206531e-01 -5.221684e-01 5.437395e-01
 2.012012e-01  4.938537e-01 -6.287531e-01 6.392220e-01
 2.022022e-01  4.495313e-01 -7.168458e-01 7.159463e-01
 2.032032e-01  3.901982e-01 -7.855654e-01 7.693676e-01
 2.042042e-01  3.188747e-01 -8.347509e-01 7.984902e-01
 2.052052e-01  2.389123e-01 -8.648604e-01 8.050626e-01
 2.062062e-01  1.538105e-01 -8.768430e-01 7.925113e-01
 2.072072e-01  6.703787e-02 -8.719956e-01 7.648703e-01
 2.082082e-01 -1.813324e-02 -8.518135e-01 7.259150e-01
 2.092092e-01 -9.877012e-02 -8.178480e-01 6.786309e-01
 2.102102e-01 -1.723944e-01 -7.715800e-01 6.250555e-01
 2.112112e-01 -2.370637e-01 -7.143187e-01 5.664504e-01
 2.122122e-01 -2.914180e-01 -6.471336e-01 5.037063e-01
 2.132132e-01 -3.346899e-01 -5.708224e-01 4.378555e-01
 2.142142e-01 -3.666816e-01 -4.859183e-01 3.705720e-01
 2.152152e-01 -3.877119e-01 -3.927345e-01 3.045609e-01
 2.162162e-01 -3.985376e-01 -2.914421e-01 2.437707e-01
 2.172172e-01 -4.002577e-01 -1.821747e-01 1.933938e-01
 2.182182e-01 -3.942046e-01 -6.515208e-02 1.596420e-01
 2.192192e-01 -3.818322e-01  5.918954e-02 1.492992e-01
 2.202202e-01 -3.646059e-01  1.900696e-01 1.690639e-01
 2.212212e-01 -3.439018e-01  3.262506e-01 2.247079e-01
 2.222222e-01 -3.209208e-01  4.659504e-01 3.200999e-01
 2.232232e-01 -2.966210e-01  6.067896e-01 4.561776e-01
 2.242242e-01 -2.716729e-01  7.457807e-01 6.299950e-01
 2.252252e-01 -2.464374e-01  8.793639e-01 8.340123e-01
 2.262262e-01 -2.209677e-01  1.003492e+00 1.055822e+00
 2.272272e-01 -1.950342e-01  1.113760e+00 1.278499e+00
 2.282282e-01 -1.681688e-01  1.205579e+00 1.481703e+00
 2.292292e-01 -1.397269e-01  1.274388e+00 1.643589e+00
 2.302302e-01 -1.089611e-01  1.315879e+00 1.743410e+00
 2.312312e-01 -7.510354e-02  1.326246e+00 1.764570e+00
 2.322322e-01 -3.744999e-02  1.302428e+00 1.697721e+00
 2.332332e-01  4.557248e-03  1.242332e+00 1.543410e+00
 2.342342e-01  5.125443e-02  1.145032e+00 1.313725e+00
 2.352352e-01  1.026925e-01  1.010921e+00 1.032507e+00
 2.362362e-01  1.585888e-01  8.418093e-01 7.337934e-01
 2.372372e-01  2.182968e-01  6.409618e-01 4.584855e-01
 2.382382e-01  2.807962e-01  4.130638e-01 2.494682e-01
 2.392392e-01  3.447044e-01  1.641190e-01 1.457562e-01
 2.402402e-01  4.083088e-01 -9.872209e-02 1.764622e-01
 2.412412e-01  4.696197e-01 -3.673969e-01 3.555232e-01
 2.422422e-01  5.264411e-01 -6.332200e-01 6.781078e-01
 2.432432e-01  5.764570e-01 -8.872139e-01 1.119451e+00
 2.442442e-01  6.173288e-01 -1.120468e+00 1.636544e+00
 2.452452e-01  6.468007e-01 -1.324510e+00 2.172678e+00
 2.462462e-01  6.628067e-01 -1.491669e+00 2.664390e+00
 2.472472e-01  6.635763e-01 -1.615418e+00 3.049907e+00
 2.482482e-01  6.477319e-01 -1.690672e+00 3.277928e+00
 2.492492e-01  6.143755e-01 -1.714039e+00 3.315387e+00
 2.502503e-01  5.631580e-01 -1.683995e+00 3.152986e+00
 2.512513e-01  4.943294e-01 -1.600985e+00 2.807514e+00
 2.522523e-01  4.087661e-01 -1.467442e+00 2.320477e+00
 2.532533e-01  3.079738e-01 -1.287720e+00 1.753071e+00
 2.542543e-01  1.940649e-01 -1.067939e+00 1.178155e+00
 2.552553e-01  6.971082e-02 -8.157598e-01 6.703237e-01
 2.562563e-01 -6.192930e-02 -5.400838e-01 2.955258e-01
 2.572573e-01 -1.973018e-01 -2.507014e-01 1.017792e-01
 2.582583e-01 -3.325689e-01  4.210185e-02 1.123746e-01
 2.592593e-01 -4.637342e-01  3.279606e-01 3.226076e-01
 2.602603e-01 -5.867763e-01  5.968496e-01 7.005358e-01
 2.612613e-01 -6.977868e-01  8.394888e-01 1.191648e+00
 2.622623e-01 -7.931078e-01  1.047715e+00 1.726727e+00
 2.632633e-01 -8.694616e-01  1.214806e+00 2.231718e+00
 2.642643e-01 -9.240703e-01  1.335738e+00 2.638102e+00
 2.652653e-01 -9.547583e-01  1.407369e+00 2.892251e+00
 2.662663e-01 -9.600362e-01  1.428541e+00 2.962398e+00
 2.672673e-01 -9.391618e-01  1.400091e+00 2.842278e+00
 2.682683e-01 -8.921759e-01  1.324779e+00 2.551017e+00
 2.692693e-01 -8.199137e-01  1.207132e+00 2.129425e+00
 2.702703e-01 -7.239891e-01  1.053210e+00 1.633411e+00
 2.712713e-01 -6.067553e-01  8.703137e-01 1.125598e+00
 2.722723e-01 -4.712414e-01  6.666393e-01 6.664764e-01
 2.732733e-01 -3.210681e-01  4.509020e-01 3.063973e-01
 2.742743e-01 -1.603454e-01  2.319460e-01 7.950956e-02
 2.752753e-01  6.444093e-03  1.835715e-02 3.785113e-04
 2.762763e-01  1.745735e-01 -1.819008e-01 6.356382e-02
 2.772773e-01  3.392072e-01 -3.618124e-01 2.459697e-01
 2.782783e-01  4.955401e-01 -5.155815e-01 5.113843e-01
 2.792793e-01  6.389370e-01 -6.388380e-01 8.163545e-01
 2.802803e-01  7.650679e-01 -7.287697e-01 1.116434e+00
 2.812813e-01  8.700372e-01 -7.841756e-01 1.371896e+00
 2.822823e-01  9.505027e-01 -8.054408e-01 1.552190e+00
 2.832833e-01  1.003781e+00 -7.944345e-01 1.638702e+00
 2.842843e-01  1.027938e+00 -7.543412e-01 1.625687e+00
 2.852853e-01  1.021861e+00 -6.894322e-01 1.519516e+00
 2.862863e-01  9.853107e-01 -6.047954e-01 1.336615e+00
 2.872873e-01  9.189504e-01 -5.060338e-01 1.100540e+00
 2.882883e-01  8.243510e-01 -3.989546e-01 8.387193e-01
 2.892893e-01  7.039709e-01 -2.892611e-01 5.792470e-01
 2.902903e-01  5.611094e-01 -1.822679e-01 3.480653e-01
 2.912913e-01  3.998333e-01 -8.265033e-02 1.666978e-01
 2.922923e-01  2.248776e-01  5.756078e-03 5.060308e-02
 2.932933e-01  4.152011e-02  8.009999e-02 8.139929e-03
 2.942943e-01 -1.445659e-01  1.385944e-01 4.010769e-02
 2.952953e-01 -3.274797e-01  1.805316e-01 1.398346e-01
 2.962963e-01 -5.012767e-01  2.062351e-01 2.938113e-01
 2.972973e-01 -6.601633e-01  2.169535e-01 4.828844e-01
 2.982983e-01 -7.986954e-01  2.147050e-01 6.840125e-01
 2.992993e-01 -9.119759e-01  2.020846e-01 8.725383e-01
 3.003003e-01 -9.958421e-01  1.820479e-01 1.024843e+00
 3.013013e-01 -1.047036e+00  1.576841e-01 1.121148e+00
 3.023023e-01 -1.063348e+00  1.319946e-01 1.148131e+00
 3.033033e-01 -1.043732e+00  1.076909e-01 1.100973e+00
 3.043043e-01 -9.883785e-01  8.702298e-02 9.844651e-01
 3.053053e-01 -8.987451e-01  7.164945e-02 8.128765e-01
 3.063063e-01 -7.775386e-01  6.255505e-02 6.084794e-01
 3.073073e-01 -6.286488e-01  6.002049e-02 3.988018e-01
 3.083083e-01 -4.570328e-01  6.364365e-02 2.129295e-01
 3.093093e-01 -2.685527e-01  7.240950e-02 7.736367e-02
 3.103103e-01 -6.977147e-02  8.480185e-02 1.205941e-02
 3.113113e-01  1.322844e-01  9.894822e-02 2.728992e-02
 3.123123e-01  3.303894e-01  1.127861e-01 1.218779e-01
 3.133133e-01  5.173964e-01  1.242392e-01 2.831344e-01
 3.143143e-01  6.865186e-01  1.313892e-01 4.885709e-01
 3.153153e-01  8.316008e-01  1.326335e-01 7.091515e-01
 3.163163e-01  9.473697e-01  1.268149e-01 9.135913e-01
 3.173173e-01  1.029650e+00  1.133171e-01 1.073019e+00
 3.183183e-01  1.075535e+00  9.211786e-02 1.165262e+00
 3.193193e-01  1.083511e+00  6.379778e-02 1.178066e+00
 3.203203e-01  1.053511e+00  2.950383e-02 1.110755e+00
 3.213213e-01  9.869180e-01 -9.128467e-03 9.740904e-01
 3.223223e-01  8.864996e-01 -5.008893e-02 7.883904e-01
 3.233233e-01  7.562815e-01 -9.113360e-02 5.802670e-01
 3.243243e-01  6.013700e-01 -1.299428e-01 3.785310e-01
 3.253253e-01  4.277258e-01 -1.642849e-01 2.099389e-01
 3.263263e-01  2.419039e-01 -1.921732e-01 9.544803e-02
 3.273273e-01  5.077007e-02 -2.120070e-01 4.752457e-02
 3.283283e-01 -1.387906e-01 -2.226838e-01 6.885092e-02
 3.293293e-01 -3.201613e-01 -2.236776e-01 1.525349e-01
 3.303303e-01 -4.872601e-01 -2.150761e-01 2.836801e-01
 3.313313e-01 -6.347763e-01 -1.975746e-01 4.419766e-01
 3.323323e-01 -7.583628e-01 -1.724277e-01 6.048455e-01
 3.333333e-01 -8.547782e-01 -1.413606e-01 7.506285e-01
 3.343343e-01 -9.219699e-01 -1.064477e-01 8.613597e-01
 3.353353e-01 -9.591005e-01 -6.996604e-02 9.247690e-01
 3.363363e-01 -9.665121e-01 -3.423379e-02 9.353175e-01
 3.373373e-01 -9.456384e-01 -1.444562e-03 8.942341e-01
 3.383383e-01 -8.988672e-01  2.649025e-02 8.086640e-01
 3.393393e-01 -8.293645e-01  4.808107e-02 6.901573e-01
 3.403403e-01 -7.408712e-01  6.237131e-02 5.527804e-01
 3.413413e-01 -6.374851e-01  6.901282e-02 4.111501e-01
 3.423423e-01 -5.234401e-01  6.829935e-02 2.786544e-01
 3.433433e-01 -4.028968e-01  6.115613e-02 1.660659e-01
 3.443443e-01 -2.797545e-01  4.908458e-02 8.067188e-02
 3.453453e-01 -1.574955e-01  3.406610e-02 2.596532e-02
 3.463463e-01 -3.906802e-02  1.842955e-02 1.865959e-03
 3.473473e-01  7.318546e-02  4.691333e-03 5.378120e-03
 3.483483e-01  1.775560e-01 -4.623061e-03 3.154750e-02
 3.493493e-01  2.729495e-01 -7.164204e-03 7.455275e-02
 3.503504e-01  3.588292e-01 -9.397503e-04 1.287593e-01
 3.513514e-01  4.351229e-01  1.552086e-02 1.895729e-01
 3.523524e-01  5.021063e-01  4.302787e-02 2.539621e-01
 3.533534e-01  5.602700e-01  8.162890e-02 3.205658e-01
 3.543544e-01  6.101837e-01  1.305491e-01 3.893672e-01
 3.553554e-01  6.523655e-01  1.881797e-01 4.609923e-01
 3.563564e-01  6.871696e-01  2.521157e-01 5.357643e-01
 3.573574e-01  7.146977e-01  3.192439e-01 6.127095e-01
 3.583584e-01  7.347447e-01  3.858754e-01 6.887496e-01
 3.593594e-01  7.467786e-01  4.479196e-01 7.583102e-01
 3.603604e-01  7.499607e-01  5.010879e-01 8.135302e-01
 3.613614e-01  7.432015e-01  5.411206e-01 8.451600e-01
 3.623624e-01  7.252506e-01  5.640222e-01 8.441094e-01
 3.633634e-01  6.948128e-01  5.662957e-01 8.034557e-01
 3.643644e-01  6.506837e-01  5.451621e-01 7.205910e-01
 3.653654e-01  5.918932e-01  4.987533e-01 5.990924e-01
 3.663664e-01  5.178483e-01  4.262687e-01 4.498719e-01
 3.673674e-01  4.284630e-01  3.280861e-01 2.912210e-01
 3.683684e-01  3.242658e-01  2.058188e-01 1.475096e-01
 3.693694e-01  2.064758e-01  6.231659e-02 4.651560e-02
 3.703704e-01  7.704145e-02 -9.839315e-02 1.561660e-02
 3.713714e-01 -6.136515e-02 -2.712222e-01 7.732719e-02
 3.723724e-01 -2.053977e-01 -4.501935e-01 2.448624e-01
 3.733734e-01 -3.511303e-01 -6.286603e-01 5.185063e-01
 3.743744e-01 -4.941927e-01 -7.995661e-01 8.835324e-01
 3.753754e-01 -6.299403e-01 -9.557328e-01 1.310250e+00
 3.763764e-01 -7.536507e-01 -1.090166e+00 1.756452e+00
 3.773774e-01 -8.607376e-01 -1.196364e+00 2.172156e+00
 3.783784e-01 -9.469683e-01 -1.268616e+00 2.506134e+00
 3.793794e-01 -1.008677e+00 -1.302276e+00 2.713352e+00
 3.803804e-01 -1.042957e+00 -1.294006e+00 2.762211e+00
 3.813814e-01 -1.047829e+00 -1.241960e+00 2.640409e+00
 3.823824e-01 -1.022361e+00 -1.145923e+00 2.358361e+00
 3.833834e-01 -9.667575e-01 -1.007375e+00 1.949425e+00
 3.843844e-01 -8.823796e-01 -8.294956e-01 1.466657e+00
 3.853854e-01 -7.717260e-01 -6.170855e-01 9.763555e-01
 3.863864e-01 -6.383514e-01 -3.764296e-01 5.491917e-01
 3.873874e-01 -4.867383e-01 -1.150882e-01 2.501595e-01
 3.883884e-01 -3.221215e-01  1.583677e-01 1.288426e-01
 3.893894e-01 -1.502768e-01  4.346692e-01 2.115204e-01
 3.903904e-01  2.271950e-02  7.041977e-01 4.964105e-01
 3.913914e-01  1.907451e-01  9.573550e-01 9.529124e-01
 3.923924e-01  3.478934e-01  1.184939e+00 1.525111e+00
 3.933934e-01  4.887237e-01  1.378512e+00 2.139147e+00
 3.943944e-01  6.084951e-01  1.530739e+00 2.713427e+00
 3.953954e-01  7.033655e-01  1.635691e+00 3.170208e+00
 3.963964e-01  7.705536e-01  1.689094e+00 3.446792e+00
 3.973974e-01  8.084495e-01  1.688513e+00 3.504666e+00
 3.983984e-01  8.166747e-01  1.633461e+00 3.335152e+00
 3.993994e-01  7.960829e-01  1.525436e+00 2.960705e+00
 4.004004e-01  7.487077e-01  1.367875e+00 2.431646e+00
 4.014014e-01  6.776526e-01  1.166027e+00 1.818833e+00
 4.024024e-01  5.869366e-01  9.267584e-01 1.203376e+00
 4.034034e-01  4.812945e-01  6.582893e-01 6.649892e-01
 4.044044e-01  3.659489e-01  3.698788e-01 2.707290e-01
 4.054054e-01  2.463588e-01  7.146803e-02 6.580033e-02
 4.064064e-01  1.279611e-01 -2.267020e-01 6.776787e-02
 4.074074e-01  1.591465e-02 -5.144804e-01 2.649434e-01
 4.084084e-01 -8.513875e-02 -7.821901e-01 6.190700e-01
 4.094094e-01 -1.712871e-01 -1.020987e+00 1.071754e+00
 4.104104e-01 -2.395209e-01 -1.223183e+00 1.553546e+00
 4.114114e-01 -2.878622e-01 -1.382513e+00 1.994207e+00
 4.124124e-01 -3.154379e-01 -1.494349e+00 2.332580e+00
 4.134134e-01 -3.224991e-01 -1.555835e+00 2.524627e+00
 4.144144e-01 -3.103809e-01 -1.565956e+00 2.548554e+00
 4.154154e-01 -2.814086e-01 -1.525530e+00 2.406434e+00
 4.164164e-01 -2.387508e-01 -1.437131e+00 2.122348e+00
 4.174174e-01 -1.862321e-01 -1.304939e+00 1.737547e+00
 4.184184e-01 -1.281087e-01 -1.134538e+00 1.303589e+00
 4.194194e-01 -6.882541e-02 -9.326691e-01 8.746086e-01
 4.204204e-01 -1.275967e-02 -7.069400e-01 4.999269e-01
 4.214214e-01  3.602620e-02 -4.655193e-01 2.180061e-01
 4.224224e-01  7.401931e-02 -2.168216e-01 5.249048e-02
 4.234234e-01  9.845598e-02  3.080371e-02 1.064245e-02
 4.244244e-01  1.074842e-01  2.693640e-01 8.410980e-02
 4.254254e-01  1.002712e-01  4.914877e-01 2.516144e-01
 4.264264e-01  7.705803e-02  6.906493e-01 4.829345e-01
 4.274274e-01  3.914930e-02  8.613524e-01 7.434607e-01
 4.284284e-01 -1.115356e-02  9.992609e-01 9.986467e-01
 4.294294e-01 -7.068144e-02  1.101283e+00 1.217821e+00
 4.304304e-01 -1.355730e-01  1.165605e+00 1.377014e+00
 4.314314e-01 -2.014970e-01  1.191674e+00 1.460687e+00
 4.324324e-01 -2.639001e-01  1.180146e+00 1.462387e+00
 4.334334e-01 -3.182753e-01  1.132793e+00 1.384520e+00
 4.344344e-01 -3.604276e-01  1.052382e+00 1.237416e+00
 4.354354e-01 -3.867305e-01  9.425304e-01 1.037924e+00
 4.364364e-01 -3.943497e-01  8.075526e-01 8.076529e-01
 4.374374e-01 -3.814305e-01  6.522955e-01 5.709786e-01
 4.384384e-01 -3.472265e-01  4.819729e-01 3.528641e-01
 4.394394e-01 -2.921747e-01  3.020084e-01 1.765751e-01
 4.404404e-01 -2.178982e-01  1.178811e-01 6.137559e-02
 4.414414e-01 -1.271487e-01 -6.501107e-02 2.039322e-02
 4.424424e-01 -2.367793e-02 -2.414813e-01 5.887385e-02
 4.434434e-01  8.794050e-02 -4.066639e-01 1.731091e-01
 4.444444e-01  2.025465e-01 -5.561179e-01 3.502921e-01
 4.454454e-01  3.146551e-01 -6.859098e-01 5.694801e-01
 4.464464e-01  4.187490e-01 -7.926936e-01 8.037139e-01
 4.474474e-01  5.095656e-01 -8.737709e-01 1.023133e+00
 4.484484e-01  5.823841e-01 -9.271489e-01 1.198776e+00
 4.494494e-01  6.332740e-01 -9.515808e-01 1.306542e+00
 4.504505e-01  6.593143e-01 -9.466026e-01 1.330752e+00
 4.514515e-01  6.587470e-01 -9.125496e-01 1.266694e+00
 4.524525e-01  6.310819e-01 -8.505686e-01 1.121731e+00
 4.534535e-01  5.771194e-01 -7.626027e-01 9.146297e-01
 4.544545e-01  4.989194e-01 -6.513697e-01 6.732031e-01
 4.554555e-01  3.996876e-01 -5.203061e-01 4.304686e-01
 4.564565e-01  2.836179e-01 -3.735017e-01 2.199426e-01
 4.574575e-01  1.556669e-01 -2.155955e-01 7.071361e-02
 4.584585e-01  2.130749e-02 -5.166259e-02 3.123032e-03
 4.594595e-01 -1.137596e-01  1.129396e-01 2.569660e-02
 4.604605e-01 -2.438830e-01  2.727264e-01 1.338586e-01
 4.614615e-01 -3.637501e-01  4.222787e-01 3.106334e-01
 4.624625e-01 -4.686316e-01  5.564229e-01 5.292220e-01
 4.634635e-01 -5.546118e-01  6.704396e-01 7.570835e-01
 4.644645e-01 -6.187448e-01  7.602400e-01 9.608100e-01
 4.654655e-01 -6.591815e-01  8.225582e-01 1.111122e+00
 4.664665e-01 -6.752033e-01  8.550878e-01 1.187075e+00
 4.674675e-01 -6.672273e-01  8.566233e-01 1.178996e+00
 4.684685e-01 -6.367122e-01  8.271210e-01 1.089531e+00
 4.694695e-01 -5.860518e-01  7.677595e-01 9.329113e-01
 4.704705e-01 -5.183765e-01  6.808984e-01 7.323367e-01
 4.714715e-01 -4.373731e-01  5.700427e-01 5.162438e-01
 4.724725e-01 -3.470255e-01  4.396877e-01 3.137520e-01
 4.734735e-01 -2.514168e-01  2.951931e-01 1.503493e-01
 4.744745e-01 -1.544618e-01  1.425221e-01 4.417099e-02
 4.754755e-01 -5.975245e-02 -1.194569e-02 3.713055e-03
 4.764765e-01  2.967025e-02 -1.617552e-01 2.704507e-02
 4.774775e-01  1.113737e-01 -3.005725e-01 1.027479e-01
 4.784785e-01  1.836982e-01 -4.225730e-01 2.123130e-01
 4.794795e-01  2.456729e-01 -5.225718e-01 3.334365e-01
 4.804805e-01  2.971341e-01 -5.964439e-01 4.440340e-01
 4.814815e-01  3.384529e-01 -6.410721e-01 5.255238e-01
 4.824825e-01  3.707106e-01 -6.548684e-01 5.662790e-01
 4.834835e-01  3.950773e-01 -6.372568e-01 5.621823e-01
 4.844845e-01  4.135786e-01 -5.898985e-01 5.190274e-01
 4.854855e-01  4.251533e-01 -5.119545e-01 4.428528e-01
 4.864865e-01  4.147955e-01 -3.881085e-01 3.226835e-01
 4.874875e-01  3.817511e-01 -2.268508e-01 1.971951e-01
 4.884885e-01  3.291474e-01 -4.452991e-02 1.103209e-01
 4.894895e-01  2.600475e-01  1.413262e-01 8.759779e-02
 4.904905e-01  1.781891e-01  3.124644e-01 1.293854e-01
 4.914915e-01  8.738273e-02  4.522843e-01 2.121968e-01
 4.924925e-01 -8.266712e-03  5.470741e-01 2.993584e-01
 4.934935e-01 -1.045908e-01  5.875875e-01 3.561983e-01
 4.944945e-01 -1.972261e-01  5.697732e-01 3.635396e-01
 4.954955e-01 -2.817600e-01  4.953068e-01 3.247175e-01
 4.964965e-01 -3.537145e-01  3.713492e-01 2.630142e-01
 4.974975e-01 -4.087630e-01  2.099436e-01 2.111635e-01
 4.984985e-01 -4.428811e-01  2.681418e-02 1.968626e-01
 4.994995e-01 -4.526883e-01 -1.600999e-01 2.305587e-01
 5.005005e-01 -4.357339e-01 -3.323973e-01 3.003520e-01
 5.015015e-01 -3.908952e-01 -4.729734e-01 3.765029e-01
 5.025025e-01 -3.186593e-01 -5.676901e-01 4.238158e-01
 5.035035e-01 -2.214124e-01 -6.067615e-01 4.171829e-01
 5.045045e-01 -1.035234e-01 -5.857207e-01 3.537858e-01
 5.055055e-01  2.865792e-02 -5.059134e-01 2.567697e-01
 5.065065e-01  1.670741e-01 -3.743886e-01 1.680806e-01
 5.075075e-01  3.023471e-01 -2.033188e-01 1.327523e-01
 5.085085e-01  4.244382e-01 -8.824190e-03 1.802256e-01
 5.095095e-01  5.233523e-01  1.904483e-01 3.101682e-01
 5.105105e-01  5.900448e-01  3.751888e-01 4.889195e-01
 5.115115e-01  6.172001e-01  5.271091e-01 6.587800e-01
 5.125125e-01  6.001165e-01  6.309124e-01 7.581902e-01
 5.135135e-01  5.371966e-01  6.754650e-01 7.448332e-01
 5.145145e-01  4.305596e-01  6.554433e-01 6.149875e-01
 5.155155e-01  2.857581e-01  5.708749e-01 4.075559e-01
 5.165165e-01  1.128588e-01  4.312604e-01 1.987227e-01
 5.175175e-01 -7.277797e-02  2.643189e-01 7.516109e-02
 5.185185e-01 -2.652131e-01  7.989406e-02 7.672103e-02
 5.195195e-01 -4.598464e-01 -1.154120e-01 2.247786e-01
 5.205205e-01 -6.512542e-01 -3.136137e-01 5.224856e-01
 5.215215e-01 -8.338952e-01 -5.068199e-01 9.522476e-01
 5.225225e-01 -1.002056e+00 -6.869633e-01 1.476034e+00
 5.235235e-01 -1.150227e+00 -8.464703e-01 2.039535e+00
 5.245245e-01 -1.273228e+00 -9.783286e-01 2.578236e+00
 5.255255e-01 -1.366498e+00 -1.076539e+00 3.026252e+00
 5.265265e-01 -1.426248e+00 -1.136236e+00 3.325215e+00
 5.275275e-01 -1.449685e+00 -1.153992e+00 3.433285e+00
 5.285285e-01 -1.435121e+00 -1.127890e+00 3.331708e+00
 5.295295e-01 -1.382103e+00 -1.057684e+00 3.028906e+00
 5.305305e-01 -1.291447e+00 -9.447816e-01 2.560447e+00
 5.315315e-01 -1.165262e+00 -7.922526e-01 1.985499e+00
 5.325325e-01 -1.006884e+00 -6.047035e-01 1.379482e+00
 5.335335e-01 -8.207984e-01 -3.881538e-01 8.243734e-01
 5.345345e-01 -6.124749e-01 -1.497998e-01 3.975655e-01
 5.355355e-01 -3.881983e-01  1.022165e-01 1.611461e-01
 5.365365e-01 -1.548337e-01  3.591234e-01 1.529431e-01
 5.375375e-01  8.040748e-02  6.118218e-01 3.807913e-01
 5.385385e-01  3.102402e-01  8.512391e-01 8.208571e-01
 5.395395e-01  5.275625e-01  1.068654e+00 1.420343e+00
 5.405405e-01  7.257249e-01  1.256036e+00 2.104304e+00
 5.415415e-01  8.987667e-01  1.406345e+00 2.785587e+00
 5.425425e-01  1.041641e+00  1.513803e+00 3.376616e+00
 5.435435e-01  1.150391e+00  1.574116e+00 3.801241e+00
 5.445445e-01  1.222296e+00  1.584645e+00 4.005108e+00
 5.455455e-01  1.255957e+00  1.544507e+00 3.962928e+00
 5.465465e-01  1.251340e+00  1.454618e+00 3.681766e+00
 5.475475e-01  1.209760e+00  1.317661e+00 3.199750e+00
 5.485485e-01  1.133815e+00  1.137989e+00 2.580557e+00
 5.495495e-01  1.027266e+00  9.214618e-01 1.904367e+00
 5.505506e-01  8.948730e-01  6.752306e-01 1.256734e+00
 5.515516e-01  7.421930e-01  4.074660e-01 7.168791e-01
 5.525526e-01  5.753480e-01  1.270576e-01 3.471690e-01
 5.535536e-01  4.007673e-01 -1.567217e-01 1.851761e-01
 5.545546e-01  2.249279e-01 -4.345534e-01 2.394292e-01
 5.555556e-01  5.408798e-02 -6.974182e-01 4.893176e-01
 5.565566e-01 -1.059590e-01 -9.369173e-01 8.890414e-01
 5.575576e-01 -2.501139e-01 -1.145572e+00 1.374892e+00
 5.585586e-01 -3.741611e-01 -1.317077e+00 1.874689e+00
 5.595596e-01 -4.749218e-01 -1.446510e+00 2.317943e+00
 5.605606e-01 -5.503527e-01 -1.530478e+00 2.645251e+00
 5.615616e-01 -5.995964e-01 -1.567208e+00 2.815656e+00
 5.625626e-01 -6.229715e-01 -1.556567e+00 2.810994e+00
 5.635636e-01 -6.219130e-01 -1.500028e+00 2.636859e+00
 5.645646e-01 -5.988558e-01 -1.400564e+00 2.320208e+00
 5.655656e-01 -5.570770e-01 -1.262503e+00 1.904248e+00
 5.665666e-01 -5.004963e-01 -1.091321e+00 1.441479e+00
 5.675676e-01 -4.334525e-01 -8.934162e-01 9.860735e-01
 5.685686e-01 -3.604597e-01 -6.758420e-01 5.866936e-01
 5.695696e-01 -2.859645e-01 -4.460397e-01 2.807271e-01
 5.705706e-01 -2.141071e-01 -2.115609e-01 9.059987e-02
 5.715716e-01 -1.485092e-01  2.019643e-02 2.246287e-02
 5.725726e-01 -9.208975e-02  2.422352e-01 6.715842e-02
 5.735736e-01 -4.692824e-02  4.481760e-01 2.030640e-01
 5.745746e-01 -1.417352e-02  6.324417e-01 4.001834e-01
 5.755756e-01  5.988076e-03  7.903998e-01 6.247676e-01
 5.765766e-01  1.431170e-02  9.184644e-01 8.437816e-01
 5.775776e-01  1.241374e-02  1.014153e+00 1.028661e+00
 5.785786e-01  2.644070e-03  1.076105e+00 1.158010e+00
 5.795796e-01 -1.208897e-02  1.104056e+00 1.219085e+00
 5.805806e-01 -2.852390e-02  1.098779e+00 1.208129e+00
 5.815816e-01 -4.327663e-02  1.062003e+00 1.129724e+00
 5.825826e-01 -5.307617e-02  9.962998e-01 9.954303e-01
 5.835836e-01 -5.499793e-02  9.049565e-01 8.219709e-01
 5.845846e-01 -4.667466e-02  7.918412e-01 6.291909e-01
 5.855856e-01 -2.647796e-02  6.612592e-01 4.379648e-01
 5.865866e-01  6.346420e-03  5.178123e-01 2.681699e-01
 5.875876e-01  5.159281e-02  3.662598e-01 1.368081e-01
 5.885886e-01  1.080706e-01  2.113890e-01 5.636455e-02
 5.895896e-01  1.736371e-01  5.789244e-02 3.350136e-02
 5.905906e-01  2.452927e-01 -8.974229e-02 6.822217e-02
 5.915916e-01  3.193287e-01 -2.273343e-01 1.536517e-01
 5.925926e-01  3.915249e-01 -3.510988e-01 2.765621e-01
 5.935936e-01  4.573815e-01 -4.577279e-01 4.187127e-01
 5.945946e-01  5.123775e-01 -5.444606e-01 5.589680e-01
 5.955956e-01  5.522355e-01 -6.091446e-01 6.760212e-01
 5.965966e-01  5.731842e-01 -6.502871e-01 7.514134e-01
 5.975976e-01  5.721966e-01 -6.670965e-01 7.724267e-01
 5.985986e-01  5.471962e-01 -6.595118e-01 7.343794e-01
 5.995996e-01  4.972134e-01 -6.282186e-01 6.418797e-01
 6.006006e-01  4.224879e-01 -5.746491e-01 5.087177e-01
 6.016016e-01  3.245052e-01 -5.009645e-01 3.562690e-01
 6.026026e-01  2.059685e-01 -4.100147e-01 2.105351e-01
 6.036036e-01  7.070395e-02 -3.052777e-01 9.819351e-02
 6.046046e-01 -7.649489e-02 -1.907715e-01 4.224525e-02
 6.056056e-01 -2.300770e-01 -7.094400e-02 5.796849e-02
 6.066066e-01 -3.839854e-01  4.946369e-02 1.498915e-01
 6.076076e-01 -5.319397e-01  1.655737e-01 3.103745e-01
 6.086086e-01 -6.677319e-01  2.725469e-01 5.201477e-01
 6.096096e-01 -7.855230e-01  3.657701e-01 7.508342e-01
 6.106106e-01 -8.801217e-01  4.410489e-01 9.691382e-01
 6.116116e-01 -9.472332e-01  4.947969e-01 1.142075e+00
 6.126126e-01 -9.836637e-01  5.242142e-01 1.242395e+00
 6.136136e-01 -9.874712e-01  5.274428e-01 1.253295e+00
 6.146146e-01 -9.580540e-01  5.036929e-01 1.171574e+00
 6.156156e-01 -8.961750e-01  4.533286e-01 1.008636e+00
 6.166166e-01 -8.039186e-01  3.779079e-01 7.890996e-01
 6.176176e-01 -6.845869e-01  2.801702e-01 5.471546e-01
 6.186186e-01 -5.425373e-01  1.639697e-01 3.212328e-01
 6.196196e-01 -3.829759e-01  3.415220e-02 1.478369e-01
 6.206206e-01 -2.117124e-01 -1.036193e-01 5.555909e-02
 6.216216e-01 -3.489594e-02 -2.430878e-01 6.030938e-02
 6.226226e-01  1.412600e-01 -3.776632e-01 1.625838e-01
 6.236236e-01  3.107448e-01 -5.007125e-01 3.472753e-01
 6.246246e-01  4.680008e-01 -6.058647e-01 5.860968e-01
 6.256256e-01  6.081411e-01 -6.873168e-01 8.422400e-01
 6.266266e-01  7.271279e-01 -7.401268e-01 1.076503e+00
 6.276276e-01  8.219028e-01 -7.604765e-01 1.253849e+00
 6.286286e-01  8.904659e-01 -7.458930e-01 1.349286e+00
 6.296296e-01  9.319010e-01 -6.954146e-01 1.352041e+00
 6.306306e-01  9.463499e-01 -6.096909e-01 1.267301e+00
 6.316316e-01  9.349385e-01 -4.910117e-01 1.115202e+00
 6.326326e-01  8.996634e-01 -3.432600e-01 9.272216e-01
 6.336336e-01  8.432445e-01 -1.717889e-01 7.405727e-01
 6.346346e-01  7.689561e-01  1.677297e-02 5.915748e-01
 6.356356e-01  6.804442e-01  2.147806e-01 5.091350e-01
 6.366366e-01  5.815421e-01  4.138854e-01 5.094923e-01
 6.376376e-01  4.760922e-01  6.053882e-01 5.931586e-01
 6.386386e-01  3.677844e-01  7.806172e-01 7.446285e-01
 6.396396e-01  2.600159e-01  9.313126e-01 9.349514e-01
 6.406406e-01  1.557792e-01  1.050002e+00 1.126772e+00
 6.416416e-01  5.758066e-02  1.130349e+00 1.281004e+00
 6.426426e-01 -3.260906e-02  1.167455e+00 1.364015e+00
 6.436436e-01 -1.133735e-01  1.158109e+00 1.354071e+00
 6.446446e-01 -1.838395e-01  1.100963e+00 1.245918e+00
 6.456456e-01 -2.436429e-01  9.966318e-01 1.052637e+00
 6.466466e-01 -2.928720e-01  8.477078e-01 8.043824e-01
 6.476476e-01 -3.319983e-01  6.586958e-01 5.441030e-01
 6.486486e-01 -3.617967e-01  4.358617e-01 3.208723e-01
 6.496496e-01 -3.832631e-01  1.870063e-01 1.818620e-01
 6.506507e-01 -3.975319e-01 -7.882641e-02 1.642452e-01
 6.516517e-01 -4.058005e-01 -3.516971e-01 2.883649e-01
 6.526527e-01 -4.092605e-01 -6.211584e-01 5.533319e-01
 6.536537e-01 -4.090419e-01 -8.766668e-01 9.358600e-01
 6.546547e-01 -4.061666e-01 -1.108002e+00 1.392641e+00
 6.556557e-01 -4.015167e-01 -1.305679e+00 1.866013e+00
 6.566567e-01 -3.958116e-01 -1.461326e+00 2.292141e+00
 6.576577e-01 -3.895979e-01 -1.568035e+00 2.610521e+00
 6.586587e-01 -3.832459e-01 -1.620642e+00 2.773359e+00
 6.596597e-01 -3.769545e-01 -1.615952e+00 2.753394e+00
 6.606607e-01 -3.707600e-01 -1.552880e+00 2.548898e+00
 6.616617e-01 -3.645498e-01 -1.432520e+00 2.185009e+00
 6.626627e-01 -3.580767e-01 -1.258124e+00 1.711095e+00
 6.636637e-01 -3.509768e-01 -1.035000e+00 1.194411e+00
 6.646647e-01 -3.427864e-01 -7.703333e-01 7.109159e-01
 6.656657e-01 -3.329622e-01 -4.729297e-01 3.345263e-01
 6.666667e-01 -3.209005e-01 -1.529045e-01 1.263569e-01
 6.676677e-01 -3.059606e-01  1.786864e-01 1.255407e-01
 6.686687e-01 -2.874887e-01  5.102489e-01 3.430037e-01
 6.696697e-01 -2.648457e-01  8.300774e-01 7.591717e-01
 6.706707e-01 -2.374364e-01  1.126786e+00 1.326022e+00
 6.716717e-01 -2.047432e-01  1.389730e+00 1.973270e+00
 6.726727e-01 -1.663593e-01  1.609405e+00 2.617861e+00
 6.736737e-01 -1.220250e-01  1.777800e+00 3.175462e+00
 6.746747e-01 -7.166106e-02  1.888698e+00 3.572315e+00
 6.756757e-01 -1.540111e-02  1.937916e+00 3.755756e+00
 6.766767e-01  4.638208e-02  1.923464e+00 3.701865e+00
 6.776777e-01  1.130563e-01  1.845623e+00 3.419105e+00
 6.786787e-01  1.837196e-01  1.706942e+00 2.947405e+00
 6.796797e-01  2.571997e-01  1.512150e+00 2.352748e+00
 6.806807e-01  3.320673e-01  1.267977e+00 1.718034e+00
 6.816817e-01  4.066603e-01  9.829142e-01 1.131493e+00
 6.826827e-01  4.791234e-01  6.668933e-01 6.743059e-01
 6.836837e-01  5.474578e-01  3.309188e-01 4.092173e-01
 6.846847e-01  6.095840e-01 -1.334353e-02 3.717707e-01
 6.856857e-01  6.634116e-01 -3.540029e-01 5.654330e-01
 6.866867e-01  7.069167e-01 -6.793877e-01 9.612989e-01
 6.876877e-01  7.382205e-01 -9.784813e-01 1.502395e+00
 6.886887e-01  7.556685e-01 -1.241330e+00 2.111935e+00
 6.896897e-01  7.579046e-01 -1.459410e+00 2.704297e+00
 6.906907e-01  7.439376e-01 -1.625936e+00 3.197110e+00
 6.916917e-01  7.131964e-01 -1.736097e+00 3.522683e+00
 6.926927e-01  6.655720e-01 -1.787222e+00 3.637148e+00
 6.936937e-01  6.014429e-01 -1.778845e+00 3.526022e+00
 6.946947e-01  5.216844e-01 -1.712695e+00 3.205479e+00
 6.956957e-01  4.276591e-01 -1.592592e+00 2.719240e+00
 6.966967e-01  3.211921e-01 -1.424257e+00 2.131674e+00
 6.976977e-01  2.045274e-01 -1.215058e+00 1.518198e+00
 6.986987e-01  8.027241e-02 -9.736789e-01 9.544942e-01
 6.996997e-01 -4.867206e-02 -7.097492e-01 5.061129e-01
 7.007007e-01 -1.791896e-01 -4.334400e-01 2.199791e-01
 7.017017e-01 -3.080342e-01 -1.550424e-01 1.189232e-01
 7.027027e-01 -4.319190e-01  1.154479e-01 1.998822e-01
 7.037037e-01 -5.476073e-01  3.687249e-01 4.358318e-01
 7.047047e-01 -6.520008e-01  5.965273e-01 7.809499e-01
 7.057057e-01 -7.422251e-01  7.919393e-01 1.178066e+00
 7.067067e-01 -8.157084e-01  9.496254e-01 1.567168e+00
 7.077077e-01 -8.702532e-01  1.065989e+00 1.893673e+00
 7.087087e-01 -9.040997e-01  1.139250e+00 2.115286e+00
 7.097097e-01 -9.159790e-01  1.169438e+00 2.206604e+00
 7.107107e-01 -9.051558e-01  1.158311e+00 2.160992e+00
 7.117117e-01 -8.714608e-01  1.109189e+00 1.989744e+00
 7.127127e-01 -8.153112e-01  1.026732e+00 1.718910e+00
 7.137137e-01 -7.377196e-01  9.166627e-01 1.384501e+00
 7.147147e-01 -6.402897e-01  7.854532e-01 1.026908e+00
 7.157157e-01 -5.252001e-01  6.399874e-01 6.854190e-01
 7.167167e-01 -3.951730e-01  4.872235e-01 3.935484e-01
 7.177177e-01 -2.534298e-01  3.338681e-01 1.756946e-01
 7.187187e-01 -1.036301e-01  1.860791e-01 4.536463e-02
 7.197197e-01  5.020296e-02  4.921118e-02 4.942077e-03
 7.207207e-01  2.037742e-01 -7.238459e-02 4.676345e-02
 7.217217e-01  3.526220e-01 -1.754996e-01 1.551424e-01
 7.227227e-01  4.922381e-01 -2.581402e-01 3.089347e-01
 7.237237e-01  6.181991e-01 -3.195323e-01 4.842710e-01
 7.247247e-01  7.263071e-01 -3.600627e-01 6.571672e-01
 7.257257e-01  8.127359e-01 -3.811607e-01 8.058232e-01
 7.267267e-01  8.741779e-01 -3.851315e-01 9.125134e-01
 7.277277e-01  9.079863e-01 -3.749518e-01 9.650279e-01
 7.287287e-01  9.123067e-01 -3.540399e-01 9.576478e-01
 7.297297e-01  8.861921e-01 -3.260170e-01 8.916235e-01
 7.307307e-01  8.296932e-01 -2.944704e-01 7.751036e-01
 7.317317e-01  7.439196e-01 -2.627350e-01 6.224460e-01
 7.327327e-01  6.310645e-01 -2.337029e-01 4.528595e-01
 7.337337e-01  4.943895e-01 -2.096720e-01 2.883833e-01
 7.347347e-01  3.381653e-01 -1.922397e-01 1.513119e-01
 7.357357e-01  1.675669e-01 -1.822472e-01 6.129271e-02
 7.367367e-01 -1.147485e-02 -1.797735e-01 3.245020e-02
 7.377377e-01 -1.924652e-01 -1.841792e-01 7.096485e-02
 7.387387e-01 -3.685727e-01 -1.941928e-01 1.735567e-01
 7.397397e-01 -5.328868e-01 -2.080343e-01 3.272466e-01
 7.407407e-01 -6.786944e-01 -2.235658e-01 5.106077e-01
 7.417417e-01 -7.997660e-01 -2.384578e-01 6.964878e-01
 7.427427e-01 -8.906369e-01 -2.503621e-01 8.559153e-01
 7.437437e-01 -9.468715e-01 -2.570775e-01 9.626546e-01
 7.447447e-01 -9.652964e-01 -2.567016e-01 9.976928e-01
 7.457457e-01 -9.441902e-01 -2.477554e-01 9.528779e-01
 7.467467e-01 -8.834182e-01 -2.292786e-01 8.329964e-01
 7.477477e-01 -7.845022e-01 -2.008869e-01 6.557992e-01
 7.487487e-01 -6.506192e-01 -1.627918e-01 4.498065e-01
 7.497497e-01 -4.865259e-01 -1.157819e-01 2.501129e-01
 7.507508e-01 -2.984068e-01 -6.116921e-02 9.278830e-02
 7.517518e-01 -9.365330e-02 -7.042623e-04 8.771437e-03
 7.527528e-01  1.194228e-01  6.353152e-02 1.829806e-02
 7.537538e-01  3.319269e-01  1.292502e-01 1.268811e-01
 7.547548e-01  5.347584e-01  1.940889e-01 3.236371e-01
 7.557558e-01  7.190094e-01  2.557400e-01 5.823775e-01
 7.567568e-01  8.763665e-01  3.120726e-01 8.654076e-01
 7.577578e-01  9.994979e-01  3.612366e-01 1.129488e+00
 7.587588e-01  1.082405e+00  4.017456e-01 1.333000e+00
 7.597598e-01  1.120723e+00  4.325331e-01 1.443105e+00
 7.607608e-01  1.111953e+00  4.529803e-01 1.441631e+00
 7.617618e-01  1.055613e+00  4.629164e-01 1.328610e+00
 7.627628e-01  9.532983e-01  4.625916e-01 1.122769e+00
 7.637638e-01  8.086532e-01  4.526276e-01 8.587918e-01
 7.647648e-01  6.272400e-01  4.339499e-01 5.817425e-01
 7.657658e-01  4.163230e-01  4.077074e-01 3.395502e-01
 7.667668e-01  1.845710e-01  3.751860e-01 1.748310e-01
 7.677678e-01 -5.831007e-02  3.377232e-01 1.174570e-01
 7.687688e-01 -3.019948e-01  2.966271e-01 1.791885e-01
 7.697698e-01 -5.359892e-01  2.531082e-01 3.513482e-01
 7.707708e-01 -7.500931e-01  2.082258e-01 6.059976e-01
 7.717718e-01 -9.348531e-01  1.628514e-01 9.004708e-01
 7.727728e-01 -1.081985e+00  1.176523e-01 1.184534e+00
 7.737738e-01 -1.184747e+00  7.309226e-02 1.408968e+00
 7.747748e-01 -1.238243e+00  2.944956e-02 1.534114e+00
 7.757758e-01 -1.239649e+00 -1.315112e-02 1.536903e+00
 7.767768e-01 -1.188345e+00 -5.469716e-02 1.415155e+00
 7.777778e-01 -1.085950e+00 -9.524081e-02 1.188358e+00
 7.787788e-01 -9.362637e-01 -1.348507e-01 8.947744e-01
 7.797798e-01 -7.451092e-01 -1.735669e-01 5.853132e-01
 7.807808e-01 -5.200892e-01 -2.113626e-01 3.151669e-01
 7.817818e-01 -2.702687e-01 -2.481162e-01 1.346068e-01
 7.827828e-01 -5.795540e-03 -2.835953e-01 8.045989e-02
 7.837838e-01  2.625224e-01 -3.174533e-01 1.696946e-01
 7.847848e-01  5.236657e-01 -3.492385e-01 3.961933e-01
 7.857858e-01  7.668575e-01 -3.784151e-01 7.312685e-01
 7.867868e-01  9.820041e-01 -4.043916e-01 1.127865e+00
 7.877878e-01  1.160104e+00 -4.265567e-01 1.527792e+00
 7.887888e-01  1.293610e+00 -4.443158e-01 1.870843e+00
 7.897898e-01  1.376728e+00 -4.571281e-01 2.104345e+00
 7.907908e-01  1.405643e+00 -4.645384e-01 2.191627e+00
 7.917918e-01  1.378666e+00 -4.662018e-01 2.118063e+00
 7.927928e-01  1.296293e+00 -4.618997e-01 1.893728e+00
 7.937938e-01  1.161183e+00 -4.515449e-01 1.552238e+00
 7.947948e-01  9.780410e-01 -4.351773e-01 1.145944e+00
 7.957958e-01  7.534399e-01 -4.129487e-01 7.381983e-01
 7.967968e-01  4.955575e-01 -3.851013e-01 3.938803e-01
 7.977978e-01  2.138639e-01 -3.519403e-01 1.695997e-01
 7.987988e-01 -8.124072e-02 -3.138045e-01 1.050733e-01
 7.997998e-01 -3.788186e-01 -2.710387e-01 2.169655e-01
 8.008008e-01 -6.678046e-01 -2.239701e-01 4.961256e-01
 8.018018e-01 -9.374182e-01 -1.728929e-01 9.086448e-01
 8.028028e-01 -1.177561e+00 -1.180620e-01 1.400589e+00
 8.038038e-01 -1.379190e+00 -5.969854e-02 1.905730e+00
 8.048048e-01 -1.534646e+00  1.993382e-03 2.355141e+00
 8.058058e-01 -1.637932e+00  6.679872e-02 2.687283e+00
 8.068068e-01 -1.684934e+00  1.344548e-01 2.857079e+00
 8.078078e-01 -1.673566e+00  2.046081e-01 2.842687e+00
 8.088088e-01 -1.603848e+00  2.767689e-01 2.648931e+00
 8.098098e-01 -1.477905e+00  3.502670e-01 2.306889e+00
 8.108108e-01 -1.299885e+00  4.242139e-01 1.869659e+00
 8.118118e-01 -1.075818e+00  4.974758e-01 1.404867e+00
 8.128128e-01 -8.133906e-01  5.686601e-01 9.849786e-01
 8.138138e-01 -5.216714e-01  6.361208e-01 6.767907e-01
 8.148148e-01 -2.107828e-01  6.979822e-01 5.316086e-01
 8.158158e-01  1.084669e-01  7.521847e-01 5.775469e-01
 8.168168e-01  4.249758e-01  7.965496e-01 8.150956e-01
 8.178178e-01  7.277524e-01  8.288623e-01 1.216636e+00
 8.188188e-01  1.006317e+00  8.469712e-01 1.730034e+00
 8.198198e-01  1.251083e+00  8.488953e-01 2.285832e+00
 8.208208e-01  1.453709e+00  8.329377e-01 2.807056e+00
 8.218218e-01  1.607402e+00  7.977976e-01 3.220222e+00
 8.228228e-01  1.707164e+00  7.426735e-01 3.465971e+00
 8.238238e-01  1.749970e+00  6.673527e-01 3.507754e+00
 8.248248e-01  1.734876e+00  5.722808e-01 3.337301e+00
 8.258258e-01  1.663042e+00  4.586048e-01 2.976026e+00
 8.268268e-01  1.537673e+00  3.281882e-01 2.472147e+00
 8.278278e-01  1.363893e+00  1.835941e-01 1.893910e+00
 8.288288e-01  1.148526e+00  2.803518e-02 1.319898e+00
 8.298298e-01  8.998307e-01 -1.347063e-01 8.278411e-01
 8.308308e-01  6.271648e-01 -3.003889e-01 4.835691e-01
 8.318318e-01  3.406157e-01 -4.644462e-01 3.317294e-01
 8.328328e-01  5.060193e-02 -6.221411e-01 3.896201e-01
 8.338338e-01 -2.325363e-01 -7.687322e-01 6.450223e-01
 8.348348e-01 -4.989391e-01 -8.996467e-01 1.058304e+00
 8.358358e-01 -7.396061e-01 -1.010651e+00 1.568432e+00
 8.368368e-01 -9.467366e-01 -1.098012e+00 2.101940e+00
 8.378378e-01 -1.114016e+00 -1.158641e+00 2.583480e+00
 8.388388e-01 -1.236836e+00 -1.190220e+00 2.946385e+00
 8.398398e-01 -1.312442e+00 -1.191290e+00 3.141675e+00
 8.408408e-01 -1.340000e+00 -1.161320e+00 3.144266e+00
 8.418418e-01 -1.320579e+00 -1.100735e+00 2.955547e+00
 8.428428e-01 -1.257053e+00 -1.010907e+00 2.602116e+00
 8.438438e-01 -1.153929e+00 -8.941205e-01 2.131003e+00
 8.448448e-01 -1.017104e+00 -7.534977e-01 1.602260e+00
 8.458458e-01 -8.535737e-01 -5.929002e-01 1.080119e+00
 8.468468e-01 -6.710894e-01 -4.168042e-01 6.240867e-01
 8.478478e-01 -4.777986e-01 -2.301579e-01 2.812642e-01
 8.488488e-01 -2.818734e-01 -3.822480e-02 8.091372e-02
 8.498498e-01 -9.114894e-02  1.535800e-01 3.189493e-02
 8.508509e-01  8.721128e-02  3.398552e-01 1.231074e-01
 8.518519e-01  2.470094e-01  5.153756e-01 3.266256e-01
 8.528529e-01  3.832519e-01  6.752443e-01 6.028368e-01
 8.538539e-01  4.923230e-01  8.150335e-01 9.066615e-01
 8.548549e-01  5.720865e-01  9.309075e-01 1.193872e+00
 8.558559e-01  6.219107e-01  1.019727e+00 1.426617e+00
 8.568569e-01  6.426198e-01  1.079133e+00 1.577489e+00
 8.578579e-01  6.363728e-01  1.107607e+00 1.631763e+00
 8.588589e-01  6.064805e-01  1.104507e+00 1.587754e+00
 8.598599e-01  5.571694e-01  1.070086e+00 1.455522e+00
 8.608609e-01  4.933079e-01  1.005483e+00 1.254348e+00
 8.618619e-01  4.201081e-01  9.126924e-01 1.009498e+00
 8.628629e-01  3.428216e-01  7.945159e-01 7.487822e-01
 8.638639e-01  2.664438e-01  6.544909e-01 4.993507e-01
 8.648649e-01  1.954442e-01  4.968029e-01 2.850115e-01
 8.658659e-01  1.335355e-01  3.261790e-01 1.242245e-01
 8.668669e-01  8.349401e-02  1.477667e-01 2.880625e-02
 8.678679e-01  4.704018e-02 -3.300217e-02 3.301922e-03
 8.688689e-01  2.478429e-02 -2.105594e-01 4.494952e-02
 8.698699e-01  1.623944e-02 -3.793574e-01 1.441758e-01
 8.708709e-01  1.989983e-02 -5.340332e-01 2.855875e-01
 8.718719e-01  3.337814e-02 -6.695748e-01 4.494445e-01
 8.728729e-01  5.359377e-02 -7.814861e-01 6.135929e-01
 8.738739e-01  7.699950e-02 -8.659458e-01 7.557910e-01
 8.748749e-01  9.983331e-02 -9.199532e-01 8.562806e-01
 8.758759e-01  1.183797e-01 -9.414582e-01 9.003574e-01
 8.768769e-01  1.292256e-01 -9.294656e-01 8.806056e-01
 8.778779e-01  1.294948e-01 -8.841109e-01 7.984210e-01
 8.788789e-01  1.170481e-01 -8.067011e-01 6.644669e-01
 8.798799e-01  9.063659e-02 -6.997153e-01 4.978164e-01
 8.808809e-01  5.000033e-02 -5.667628e-01 3.237201e-01
 8.818819e-01 -4.095157e-03 -4.124959e-01 1.701696e-01
 8.828829e-01 -6.988450e-02 -2.424776e-01 6.367922e-02
 8.838839e-01 -1.446902e-01 -6.300629e-02 2.490504e-02
 8.848849e-01 -2.250663e-01  1.190984e-01 6.483928e-02
 8.858859e-01 -3.069904e-01  2.967429e-01 1.822994e-01
 8.868869e-01 -3.860916e-01  4.628301e-01 3.632784e-01
 8.878879e-01 -4.579028e-01  6.105447e-01 5.824398e-01
 8.888889e-01 -5.181206e-01  7.336401e-01 8.066769e-01
 8.898899e-01 -5.628602e-01  8.267145e-01 1.000268e+00
 8.908909e-01 -5.888879e-01  8.854630e-01 1.130834e+00
 8.918919e-01 -5.938202e-01  9.068944e-01 1.175080e+00
 8.928929e-01 -5.762773e-01  8.894981e-01 1.123302e+00
 8.938939e-01 -5.359811e-01  8.333535e-01 9.817539e-01
 8.948949e-01 -4.737945e-01  7.401733e-01 7.723378e-01
 8.958959e-01 -3.916974e-01  6.132755e-01 5.295337e-01
 8.968969e-01 -2.927031e-01  4.574827e-01 2.949656e-01
 8.978979e-01 -1.807175e-01  2.789519e-01 1.104730e-01
 8.988989e-01 -6.035139e-02  8.493725e-02 1.085663e-02
 8.998999e-01  6.330607e-02 -1.165009e-01 1.758012e-02
 9.009009e-01  1.849386e-01 -3.168329e-01 1.345854e-01
 9.019019e-01  2.992659e-01 -5.074247e-01 3.470399e-01
 9.029029e-01  4.013050e-01 -6.799161e-01 6.233316e-01
 9.039039e-01  4.866150e-01 -8.265937e-01 9.200512e-01
 9.049049e-01  5.515140e-01 -9.407414e-01 1.189162e+00
 9.059059e-01  5.932567e-01 -1.016951e+00 1.386143e+00
 9.069069e-01  6.101645e-01 -1.051377e+00 1.477695e+00
 9.079079e-01  6.017016e-01 -1.041925e+00 1.447653e+00
 9.089089e-01  5.684961e-01 -9.883602e-01 1.300044e+00
 9.099099e-01  5.123036e-01 -8.923327e-01 1.058713e+00
 9.109109e-01  4.359195e-01 -7.573192e-01 7.635581e-01
 9.119119e-01  3.430419e-01 -5.884785e-01 4.639846e-01
 9.129129e-01  2.380964e-01 -3.924328e-01 2.106934e-01
 9.139139e-01  1.260296e-01 -1.769814e-01 4.720587e-02
 9.149149e-01  1.208303e-02  4.923830e-02 2.570410e-03
 9.159159e-01 -9.844208e-02  2.771257e-01 8.648950e-02
 9.169169e-01 -2.004178e-01  4.975116e-01 2.876851e-01
 9.179179e-01 -2.891109e-01  7.015526e-01 5.757612e-01
 9.189189e-01 -3.603821e-01  8.811070e-01 9.062248e-01
 9.199199e-01 -4.108577e-01  1.029076e+00 1.227801e+00
 9.209209e-01 -4.380646e-01  1.139692e+00 1.490798e+00
 9.219219e-01 -4.405279e-01  1.208747e+00 1.655135e+00
 9.229229e-01 -4.178254e-01  1.233746e+00 1.696707e+00
 9.239239e-01 -3.706015e-01  1.213979e+00 1.611091e+00
 9.249249e-01 -3.005396e-01  1.150521e+00 1.414023e+00
 9.259259e-01 -2.102957e-01  1.046146e+00 1.138646e+00
 9.269269e-01 -1.033987e-01  9.051744e-01 8.300320e-01
 9.279279e-01  1.588098e-02  7.332561e-01 5.379167e-01
 9.289289e-01  1.426866e-01  5.371028e-01 3.088389e-01
 9.299299e-01  2.717498e-01  3.241840e-01 1.789432e-01
 9.309309e-01  3.975795e-01  1.024007e-01 1.685554e-01
 9.319319e-01  5.146574e-01 -1.202468e-01 2.793316e-01
 9.329329e-01  6.176364e-01 -3.359815e-01 4.943583e-01
 9.339339e-01  7.015347e-01 -5.375502e-01 7.811112e-01
 9.349349e-01  7.619212e-01 -7.184874e-01 1.096748e+00
 9.359359e-01  7.950863e-01 -8.733343e-01 1.394875e+00
 9.369369e-01  7.981939e-01 -9.978045e-01 1.632727e+00
 9.379379e-01  7.694089e-01 -1.088892e+00 1.777675e+00
 9.389389e-01  7.079965e-01 -1.144919e+00 1.812099e+00
 9.399399e-01  6.143892e-01 -1.165531e+00 1.735936e+00
 9.409409e-01  4.902181e-01 -1.151627e+00 1.566558e+00
 9.419419e-01  3.383053e-01 -1.105254e+00 1.336037e+00
 9.429429e-01  1.626158e-01 -1.029455e+00 1.086222e+00
 9.439439e-01 -3.183183e-02 -9.280876e-01 8.623598e-01
 9.449449e-01 -2.390960e-01 -8.056214e-01 7.061927e-01
 9.459459e-01 -4.524815e-01 -6.669285e-01 6.495332e-01
 9.469469e-01 -6.647453e-01 -5.170710e-01 7.092488e-01
 9.479479e-01 -8.683325e-01 -3.610992e-01 8.843940e-01
 9.489489e-01 -1.055637e+00 -2.038669e-01 1.155931e+00
 9.499499e-01 -1.219276e+00 -4.987132e-02 1.489121e+00
 9.509510e-01 -1.352376e+00  9.687888e-02 1.838306e+00
 9.519520e-01 -1.448847e+00  2.329623e-01 2.153429e+00
 9.529530e-01 -1.503647e+00  3.556103e-01 2.387413e+00
 9.539540e-01 -1.513018e+00  4.627395e-01 2.503350e+00
 9.549550e-01 -1.474680e+00  5.529514e-01 2.480436e+00
 9.559560e-01 -1.387984e+00  6.255057e-01 2.317757e+00
 9.569570e-01 -1.254000e+00  6.802673e-01 2.035280e+00
 9.579580e-01 -1.075546e+00  7.176354e-01 1.671799e+00
 9.589590e-01 -8.571450e-01  7.384581e-01 1.280018e+00
 9.599600e-01 -6.049176e-01  7.439386e-01 9.193699e-01
 9.609610e-01 -3.263996e-01  7.355382e-01 6.475532e-01
 9.619620e-01 -3.030128e-02  7.148814e-01 5.119736e-01
 9.629630e-01  2.737915e-01  6.836660e-01 5.423609e-01
 9.639640e-01  5.757602e-01  6.435840e-01 7.457002e-01
 9.649650e-01  8.653286e-01  5.962544e-01 1.104313e+00
 9.659660e-01  1.132455e+00  5.431697e-01 1.577487e+00
 9.669670e-01  1.367722e+00  4.856583e-01 2.106527e+00
 9.679680e-01  1.562717e+00  4.248618e-01 2.622591e+00
 9.689690e-01  1.710368e+00  3.617271e-01 3.056205e+00
 9.699700e-01  1.805244e+00  2.970124e-01 3.347122e+00
 9.709710e-01  1.843782e+00  2.313041e-01 3.453032e+00
 9.719720e-01  1.824445e+00  1.650445e-01 3.355840e+00
 9.729730e-01  1.747804e+00  9.856579e-02 3.064533e+00
 9.739740e-01  1.616521e+00  3.212932e-02 2.614172e+00
 9.749750e-01  1.435260e+00 -3.403294e-02 2.061130e+00
 9.759760e-01  1.210506e+00 -9.967730e-02 1.475261e+00
 9.769770e-01  9.503110e-01 -1.645097e-01 9.301545e-01
 9.779780e-01  6.639739e-01 -2.281515e-01 4.929145e-01
 9.789790e-01  3.616719e-01 -2.901120e-01 2.149715e-01
 9.799800e-01  5.405281e-02 -3.497687e-01 1.252599e-01
 9.809810e-01 -2.481870e-01 -4.063564e-01 2.267223e-01
 9.819820e-01 -5.347255e-01 -4.589667e-01 4.965818e-01
 9.829830e-01 -7.960175e-01 -5.065579e-01 8.902447e-01
 9.839840e-01 -1.023660e+00 -5.479751e-01 1.348156e+00
 9.849850e-01 -1.210704e+00 -5.819811e-01 1.804505e+00
 9.859860e-01 -1.351902e+00 -6.072971e-01 2.196449e+00
 9.869870e-01 -1.443879e+00 -6.226513e-01 2.472480e+00
 9.879880e-01 -1.485217e+00 -6.268361e-01 2.598793e+00
 9.889890e-01 -1.476461e+00 -6.187700e-01 2.562815e+00
 9.899900e-01 -1.420037e+00 -5.975628e-01 2.373586e+00
 9.909910e-01 -1.320088e+00 -5.625825e-01 2.059132e+00
 9.919920e-01 -1.182252e+00 -5.135189e-01 1.661422e+00
 9.929930e-01 -1.013369e+00 -4.504433e-01 1.229815e+00
 9.939940e-01 -8.211523e-01 -3.738587e-01 8.140614e-01
 9.949950e-01 -6.138345e-01 -2.847393e-01 4.578692e-01
 9.959960e-01 -3.997973e-01 -1.845539e-01 1.938980e-01
 9.969970e-01 -1.872140e-01 -7.527267e-02 4.071507e-02
 9.979980e-01  1.628571e-02  4.064756e-02 1.917449e-03
 9.989990e-01  2.039124e-01  1.602998e-01 6.727628e-02
 1.000000e+00  3.699611e-01  2.803869e-01 2.154881e-01
