# x psi_r psi_i psi2 
 0.000000e+00  4.550099e-01 -3.381943e-01 3.214094e-01
 1.001001e-03  5.691061e-01 -4.574336e-01 5.331273e-01
 2.002002e-03  6.684570e-01 -5.515338e-01 7.510243e-01
 3.003003e-03  7.495893e-01 -6.196707e-01 9.458758e-01
 4.004004e-03  8.094329e-01 -6.621456e-01 1.093618e+00
 5.005005e-03  8.454528e-01 -6.802776e-01 1.177568e+00
 6.006006e-03  8.557718e-01 -6.762537e-01 1.189664e+00
 7.007007e-03  8.392787e-01 -6.529479e-01 1.130730e+00
 8.008008e-03  7.957155e-01 -6.137194e-01 1.009815e+00
 9.009009e-03  7.257388e-01 -5.622018e-01 8.427677e-01
 1.001001e-02  6.309498e-01 -5.020949e-01 6.501969e-01
 1.101101e-02  5.138894e-01 -4.369704e-01 4.550255e-01
 1.201201e-02  3.779970e-01 -3.701006e-01 2.798562e-01
 1.301301e-02  2.275285e-01 -3.043191e-01 1.443793e-01
 1.401401e-02  6.743857e-02 -2.419178e-01 6.307218e-02
 1.501502e-02 -9.677521e-02 -1.845856e-01 4.343728e-02
 1.601602e-02 -2.592582e-01 -1.333880e-01 8.500717e-02
 1.701702e-02 -4.140111e-01 -8.878726e-02 1.792884e-01
 1.801802e-02 -5.551202e-01 -5.069874e-02 3.107288e-01
 1.901902e-02 -6.769964e-01 -1.857788e-02 4.586693e-01
 2.002002e-02 -7.746133e-01  8.469696e-03 6.000975e-01
 2.102102e-02 -8.437333e-01  3.156346e-02 7.128821e-01
 2.202202e-02 -8.811107e-01  5.191749e-02 7.790514e-01
 2.302302e-02 -8.846621e-01  7.071351e-02 7.876275e-01
 2.402402e-02 -8.535940e-01  8.898549e-02 7.365411e-01
 2.502503e-02 -7.884794e-01  1.075236e-01 6.332611e-01
 2.602603e-02 -6.912789e-01  1.268031e-01 4.939455e-01
 2.702703e-02 -5.653015e-01  1.469417e-01 3.411576e-01
 2.802803e-02 -4.151050e-01  1.676890e-01 2.004318e-01
 2.902903e-02 -2.463386e-01  1.884453e-01 9.619434e-02
 3.003003e-02 -6.553156e-02  2.083105e-01 4.768765e-02
 3.103103e-02  1.201621e-01  2.261566e-01 6.558575e-02
 3.203203e-02  3.032545e-01  2.407201e-01 1.499095e-01
 3.303303e-02  4.762364e-01  2.507063e-01 2.896547e-01
 3.403403e-02  6.318980e-01  2.548990e-01 4.642686e-01
 3.503504e-02  7.636436e-01  2.522678e-01 6.467906e-01
 3.603604e-02  8.657842e-01  2.420646e-01 8.081776e-01
 3.703704e-02  9.337952e-01  2.239044e-01 9.221067e-01
 3.803804e-02  9.645253e-01  1.978242e-01 9.694434e-01
 3.903904e-02  9.563470e-01  1.643150e-01 9.415990e-01
 4.004004e-02  9.092405e-01  1.243264e-01 8.421754e-01
 4.104104e-02  8.248063e-01  7.924169e-02 6.865846e-01
 4.204204e-02  7.062046e-01  3.082565e-02 4.996751e-01
 4.304304e-02  5.580258e-01 -1.885253e-02 3.117482e-01
 4.404404e-02  3.860953e-01 -6.751680e-02 1.536281e-01
 4.504505e-02  1.972239e-01 -1.127965e-01 5.162030e-02
 4.604605e-02 -1.086123e-03 -1.523471e-01 2.321083e-02
 4.704705e-02 -2.009642e-01 -1.839735e-01 7.423286e-02
 4.804805e-02 -3.945094e-01 -2.057473e-01 1.979696e-01
 4.904905e-02 -5.741264e-01 -2.161141e-01 3.763265e-01
 5.005005e-02 -7.328446e-01 -2.139837e-01 5.828502e-01
 5.105105e-02 -8.646045e-01 -1.987988e-01 7.870618e-01
 5.205205e-02 -9.644996e-01 -1.705794e-01 9.593568e-01
 5.305305e-02 -1.028962e+00 -1.299413e-01 1.075648e+00
 5.405405e-02 -1.055886e+00 -7.808608e-02 1.120992e+00
 5.505506e-02 -1.044679e+00 -1.676645e-02 1.091636e+00
 5.605606e-02 -9.962543e-01  5.177391e-02 9.952032e-01
 5.705706e-02 -9.129443e-01  1.248813e-01 8.490627e-01
 5.805806e-02 -7.983637e-01  1.995904e-01 6.772210e-01
 5.905906e-02 -6.572161e-01  2.727358e-01 5.063179e-01
 6.006006e-02 -4.950610e-01  3.410716e-01 3.614152e-01
 6.106106e-02 -3.180520e-01  4.013949e-01 2.622749e-01
 6.206206e-02 -1.326608e-01  4.506677e-01 2.207002e-01
 6.306306e-02  5.459980e-02  4.861337e-01 2.393071e-01
 6.406406e-02  2.374410e-01  5.054257e-01 3.118334e-01
 6.506507e-02  4.100379e-01  5.066605e-01 4.248360e-01
 6.606607e-02  5.672352e-01  4.885183e-01 5.604059e-01
 6.706707e-02  7.047095e-01  4.503050e-01 6.993901e-01
 6.806807e-02  8.190841e-01  3.919953e-01 8.245590e-01
 6.906907e-02  9.079923e-01  3.142564e-01 9.232071e-01
 7.007007e-02  9.700910e-01  2.184504e-01 9.887972e-01
 7.107107e-02  1.005026e+00  1.066168e-01 1.021443e+00
 7.207207e-02  1.013353e+00 -1.856605e-02 1.027228e+00
 7.307307e-02  9.964289e-01 -1.538393e-01 1.016537e+00
 7.407407e-02  9.562711e-01 -2.954412e-01 1.001740e+00
 7.507508e-02  8.954017e-01 -4.392026e-01 9.946430e-01
 7.607608e-02  8.166856e-01 -5.806587e-01 1.004140e+00
 7.707708e-02  7.231714e-01 -7.151756e-01 1.034453e+00
 7.807808e-02  6.179426e-01 -8.380883e-01 1.084245e+00
 7.907908e-02  5.039890e-01 -9.448474e-01 1.146742e+00
 8.008008e-02  3.841033e-01 -1.031171e+00 1.210849e+00
 8.108108e-02  2.608050e-01 -1.093197e+00 1.263100e+00
 8.208208e-02  1.362971e-01 -1.127634e+00 1.290135e+00
 8.308308e-02  1.245151e-02 -1.131895e+00 1.281342e+00
 8.408408e-02 -1.091764e-01 -1.104230e+00 1.231244e+00
 8.508509e-02 -2.273094e-01 -1.043826e+00 1.141242e+00
 8.608609e-02 -3.408915e-01 -9.508840e-01 1.020387e+00
 8.708709e-02 -4.490179e-01 -8.266740e-01 8.850070e-01
 8.808809e-02 -5.508609e-01 -6.735436e-01 7.571087e-01
 8.908909e-02 -6.455964e-01 -4.948960e-01 6.617168e-01
 9.009009e-02 -7.323395e-01 -2.951266e-01 6.234209e-01
 9.109109e-02 -8.100949e-01 -7.951845e-02 6.625769e-01
 9.209209e-02 -8.777258e-01  1.458992e-01 7.916891e-01
 9.309309e-02 -9.339464e-01  3.745292e-01 1.012528e+00
 9.409409e-02 -9.773381e-01  5.994149e-01 1.314488e+00
 9.509510e-02 -1.006390e+00  8.134724e-01 1.674559e+00
 9.609610e-02 -1.019563e+00  1.009739e+00 2.059083e+00
 9.709710e-02 -1.015372e+00  1.181628e+00 2.427225e+00
 9.809810e-02 -9.924826e-01  1.323178e+00 2.735821e+00
 9.909910e-02 -9.498157e-01  1.429293e+00 2.945028e+00
 1.001001e-01 -8.866576e-01  1.495951e+00 3.024032e+00
 1.011011e-01 -8.027600e-01  1.520385e+00 2.955996e+00
 1.021021e-01 -6.984310e-01  1.501214e+00 2.741449e+00
 1.031031e-01 -5.746065e-01  1.438527e+00 2.399533e+00
 1.041041e-01 -4.328975e-01  1.333914e+00 1.966727e+00
 1.051051e-01 -2.756086e-01  1.190432e+00 1.493089e+00
 1.061061e-01 -1.057244e-01  1.012518e+00 1.036370e+00
 1.071071e-01  7.313669e-02  8.058401e-01 6.547273e-01
 1.081081e-01  2.568026e-01  5.771042e-01 3.989968e-01
 1.091091e-01  4.406578e-01  3.338074e-01 3.056067e-01
 1.101101e-01  6.197808e-01  8.396349e-02 3.911782e-01
 1.111111e-01  7.891041e-01 -1.641988e-01 6.496465e-01
 1.121121e-01  9.435888e-01 -4.025472e-01 1.052404e+00
 1.131131e-01  1.078408e+00 -6.233562e-01 1.551538e+00
 1.141141e-01  1.189132e+00 -8.196016e-01 2.085781e+00
 1.151151e-01  1.271899e+00 -9.852269e-01 2.588399e+00
 1.161161e-01  1.323581e+00 -1.115370e+00 2.995916e+00
 1.171171e-01  1.341916e+00 -1.206542e+00 3.256482e+00
 1.181181e-01  1.325619e+00 -1.256744e+00 3.336673e+00
 1.191191e-01  1.274453e+00 -1.265529e+00 3.225794e+00
 1.201201e-01  1.189264e+00 -1.233989e+00 2.937076e+00
 1.211211e-01  1.071976e+00 -1.164686e+00 2.505627e+00
 1.221221e-01  9.255506e-01 -1.061522e+00 1.983472e+00
 1.231231e-01  7.538972e-01 -9.295427e-01 1.432411e+00
 1.241241e-01  5.617584e-01 -7.747130e-01 9.157527e-01
 1.251251e-01  3.545589e-01 -6.036429e-01 4.900967e-01
 1.261261e-01  1.382305e-01 -4.232978e-01 1.982887e-01
 1.271271e-01 -8.098075e-02 -2.406979e-01 6.449335e-02
 1.281281e-01 -2.967190e-01 -6.262214e-02 9.196370e-02
 1.291291e-01 -5.027261e-01  1.046700e-01 2.636893e-01
 1.301301e-01 -6.930444e-01  2.556856e-01 5.456857e-01
 1.311311e-01 -8.622088e-01  3.859049e-01 8.923265e-01
 1.321321e-01 -1.005419e+00  4.919358e-01 1.252868e+00
 1.331331e-01 -1.118689e+00  5.716137e-01 1.578207e+00
 1.341341e-01 -1.198967e+00  6.240389e-01 1.826947e+00
 1.351351e-01 -1.244225e+00  6.495545e-01 1.970016e+00
 1.361361e-01 -1.253507e+00  6.496651e-01 1.993344e+00
 1.371371e-01 -1.226955e+00  6.269019e-01 1.898424e+00
 1.381381e-01 -1.165785e+00  5.846437e-01 1.700863e+00
 1.391391e-01 -1.072241e+00  5.269011e-01 1.427326e+00
 1.401401e-01 -9.495128e-01  4.580781e-01 1.111410e+00
 1.411411e-01 -8.016261e-01  3.827232e-01 7.890814e-01
 1.421421e-01 -6.333124e-01  3.052825e-01 4.942821e-01
 1.431431e-01 -4.498578e-01  2.298687e-01 2.552116e-01
 1.441441e-01 -2.569383e-01  1.600571e-01 9.163557e-02
 1.451451e-01 -6.044718e-02  9.872057e-02 1.339961e-02
 1.461461e-01  1.336819e-01  4.790867e-02 2.016608e-02
 1.471471e-01  3.196502e-01  8.779989e-03 1.022533e-01
 1.481481e-01  4.919636e-01 -1.841232e-02 2.423672e-01
 1.491491e-01  6.455915e-01 -3.428076e-02 4.179636e-01
 1.501502e-01  7.761115e-01 -4.021348e-02 6.039662e-01
 1.511512e-01  8.798361e-01 -3.823985e-02 7.755738e-01
 1.521522e-01  9.539183e-01 -3.086072e-02 9.109125e-01
 1.531532e-01  9.964335e-01 -2.085352e-02 9.933147e-01
 1.541542e-01  1.006435e+00 -1.106478e-02 1.013034e+00
 1.551552e-01  9.839829e-01 -4.202115e-03 9.682401e-01
 1.561562e-01  9.301418e-01 -2.639027e-03 8.651708e-01
 1.571572e-01  8.469528e-01 -8.243608e-03 7.173970e-01
 1.581582e-01  7.373737e-01 -2.224217e-02 5.442146e-01
 1.591592e-01  6.051923e-01 -4.512545e-02 3.682940e-01
 1.601602e-01  4.549134e-01 -7.660360e-02 2.128143e-01
 1.611612e-01  2.916213e-01 -1.156122e-01 9.840915e-02
 1.621622e-01  1.208227e-01 -1.603691e-01 4.031637e-02
 1.631632e-01 -5.172776e-02 -2.084794e-01 4.613941e-02
 1.641642e-01 -2.202122e-01 -2.570802e-01 1.145836e-01
 1.651652e-01 -3.789413e-01 -3.030191e-01 2.354170e-01
 1.661662e-01 -5.225443e-01 -3.430534e-01 3.907382e-01
 1.671672e-01 -6.461538e-01 -3.740588e-01 5.574347e-01
 1.681682e-01 -7.455753e-01 -3.932350e-01 7.105162e-01
 1.691692e-01 -8.174381e-01 -3.982948e-01 8.268438e-01
 1.701702e-01 -8.593194e-01 -3.876265e-01 8.886841e-01
 1.711712e-01 -8.698365e-01 -3.604178e-01 8.865165e-01
 1.721722e-01 -8.487038e-01 -3.167350e-01 8.206191e-01
 1.731732e-01 -7.967496e-01 -2.575510e-01 7.011424e-01
 1.741742e-01 -7.158926e-01 -1.847212e-01 5.466242e-01
 1.751752e-01 -6.090773e-01 -1.009079e-01 3.811575e-01
 1.761762e-01 -4.801689e-01 -9.456796e-03 2.306516e-01
 1.771772e-01 -3.338140e-01  8.576719e-02 1.187878e-01
 1.781782e-01 -1.752688e-01  1.805747e-01 6.332637e-02
 1.791792e-01 -1.020324e-02  2.706677e-01 7.336513e-02
 1.801802e-01  1.555109e-01  3.518631e-01 1.479913e-01
 1.811812e-01  3.160206e-01  4.203112e-01 2.765305e-01
 1.821822e-01  4.657099e-01  4.726980e-01 4.403292e-01
 1.831832e-01  5.994090e-01  5.064189e-01 6.157512e-01
 1.841842e-01  7.125817e-01  5.197145e-01 7.778759e-01
 1.851852e-01  8.014876e-01  5.117623e-01 9.042829e-01
 1.861862e-01  8.633074e-01  4.827176e-01 9.783160e-01
 1.871872e-01  8.962306e-01  4.337046e-01 9.913291e-01
 1.881882e-01  8.994986e-01  3.667561e-01 9.436078e-01
 1.891892e-01  8.734042e-01  2.847081e-01 8.438936e-01
 1.901902e-01  8.192481e-01  1.910545e-01 7.076692e-01
 1.911912e-01  7.392545e-01  8.977096e-02 5.545561e-01
 1.921922e-01  6.364523e-01 -1.488212e-02 4.052930e-01
 1.931932e-01  5.145265e-01 -1.185660e-01 2.787954e-01
 1.941942e-01  3.776505e-01 -2.170688e-01 1.897387e-01
 1.951952e-01  2.303057e-01 -3.064982e-01 1.469819e-01
 1.961962e-01  7.709881e-02 -3.834523e-01 1.529799e-01
 1.971972e-01 -7.741450e-02 -4.451588e-01 2.041593e-01
 1.981982e-01 -2.288909e-01 -4.895793e-01 2.920789e-01
 1.991992e-01 -3.733388e-01 -5.154715e-01 4.050927e-01
 2.002002e-01 -5.072305e-01 -5.224096e-01 5.301945e-01
 2.012012e-01 -6.275820e-01 -5.107634e-01 6.547384e-01
 2.022022e-01 -7.320001e-01 -4.816394e-01 7.678007e-01
 2.032032e-01 -8.186968e-01 -4.367877e-01 8.610480e-01
 2.042042e-01 -8.864719e-01 -3.784834e-01 9.290821e-01
 2.052052e-01 -9.346696e-01 -3.093891e-01 9.693288e-01
 2.062062e-01 -9.631140e-01 -2.324070e-01 9.816016e-01
 2.072072e-01 -9.720301e-01 -1.505297e-01 9.675017e-01
 2.082082e-01 -9.619572e-01 -6.669714e-02 9.298102e-01
 2.092092e-01 -9.336636e-01  1.633174e-02 8.719944e-01
 2.102102e-01 -8.880671e-01  9.608784e-02 7.978960e-01
 2.112112e-01 -8.261706e-01  1.704758e-01 7.116198e-01
 2.122122e-01 -7.490143e-01  2.378300e-01 6.175856e-01
 2.132132e-01 -6.576507e-01  2.969423e-01 5.206792e-01
 2.142142e-01 -5.531409e-01  3.470607e-01 4.264160e-01
 2.152152e-01 -4.365738e-01  3.878629e-01 3.410343e-01
 2.162162e-01 -3.091043e-01  4.194070e-01 2.714477e-01
 2.172172e-01 -1.720066e-01  4.420643e-01 2.250071e-01
 2.182182e-01 -2.673653e-02  4.564403e-01 2.090526e-01
 2.192192e-01  1.250035e-01  4.632895e-01 2.302630e-01
 2.202202e-01  2.812051e-01  4.634294e-01 2.938431e-01
 2.212212e-01  4.395063e-01  4.576605e-01 4.026189e-01
 2.222222e-01  5.971646e-01  4.466957e-01 5.561427e-01
 2.232232e-01  7.510544e-01  4.311057e-01 7.499348e-01
 2.242242e-01  8.976948e-01  4.112804e-01 9.750075e-01
 2.252252e-01  1.033310e+00  3.874112e-01 1.217817e+00
 2.262262e-01  1.153922e+00  3.594924e-01 1.460771e+00
 2.272272e-01  1.255476e+00  3.273431e-01 1.683373e+00
 2.282282e-01  1.333988e+00  2.906454e-01 1.863999e+00
 2.292292e-01  1.385721e+00  2.489984e-01 1.982224e+00
 2.302302e-01  1.407365e+00  2.019832e-01 2.021474e+00
 2.312312e-01  1.396225e+00  1.492338e-01 1.971715e+00
 2.322322e-01  1.350401e+00  9.051094e-02 1.831775e+00
 2.332332e-01  1.268947e+00  2.577228e-02 1.610892e+00
 2.342342e-01  1.152009e+00 -4.476445e-02 1.329128e+00
 2.352352e-01  1.000910e+00 -1.205703e-01 1.016359e+00
 2.362362e-01  8.182105e-01 -2.007697e-01 7.097769e-01
 2.372372e-01  6.076946e-01 -2.841231e-01 4.500187e-01
 2.382382e-01  3.743185e-01 -3.690306e-01 2.762979e-01
 2.392392e-01  1.240935e-01 -4.535559e-01 2.211122e-01
 2.402402e-01 -1.360811e-01 -5.354724e-01 3.052488e-01
 2.412412e-01 -3.986348e-01 -6.123283e-01 5.338557e-01
 2.422422e-01 -6.555829e-01 -6.815296e-01 8.942714e-01
 2.432432e-01 -8.988142e-01 -7.404369e-01 1.356114e+00
 2.442442e-01 -1.120398e+00 -7.864730e-01 1.873831e+00
 2.452452e-01 -1.312896e+00 -8.172352e-01 2.391568e+00
 2.462462e-01 -1.469664e+00 -8.306087e-01 2.849822e+00
 2.472472e-01 -1.585134e+00 -8.248748e-01 3.193068e+00
 2.482482e-01 -1.655059e+00 -7.988091e-01 3.377315e+00
 2.492492e-01 -1.676704e+00 -7.517652e-01 3.376489e+00
 2.502503e-01 -1.648992e+00 -6.837392e-01 3.186675e+00
 2.512513e-01 -1.572569e+00 -5.954111e-01 2.827489e+00
 2.522523e-01 -1.449811e+00 -4.881613e-01 2.340253e+00
 2.532533e-01 -1.284752e+00 -3.640598e-01 1.783127e+00
 2.542543e-01 -1.082948e+00 -2.258282e-01 1.223775e+00
 2.552553e-01 -8.512736e-01 -7.677505e-02 7.305612e-01
 2.562563e-01 -5.976625e-01  7.929405e-02 3.634880e-01
 2.572573e-01 -3.308033e-01  2.381881e-01 1.661644e-01
 2.582583e-01 -5.980327e-02  3.954600e-01 1.599650e-01
 2.592593e-01  2.061665e-01  5.465499e-01 3.412214e-01
 2.602603e-01  4.582281e-01  6.869360e-01 6.818540e-01
 2.612613e-01  6.881407e-01  8.122877e-01 1.133349e+00
 2.622623e-01  8.886163e-01  9.186157e-01 1.633494e+00
 2.632633e-01  1.053594e+00  1.002413e+00 2.114892e+00
 2.642643e-01  1.178461e+00  1.060780e+00 2.514024e+00
 2.652653e-01  1.260207e+00  1.091533e+00 2.779567e+00
 2.662663e-01  1.297518e+00  1.093288e+00 2.878831e+00
 2.672673e-01  1.290783e+00  1.065518e+00 2.801450e+00
 2.682683e-01  1.242046e+00  1.008583e+00 2.559917e+00
 2.692693e-01  1.154871e+00  9.237291e-01 2.187003e+00
 2.702703e-01  1.034160e+00  8.130613e-01 1.730555e+00
 2.712713e-01  8.859039e-01  6.794859e-01 1.246527e+00
 2.722723e-01  7.169051e-01  5.266274e-01 7.912892e-01
 2.732733e-01  5.344622e-01  3.587233e-01 4.143322e-01
 2.742743e-01  3.460480e-01  1.804985e-01 1.523289e-01
 2.752753e-01  1.589869e-01 -2.974633e-03 2.528568e-02
 2.762763e-01 -1.984923e-02 -1.864281e-01 3.514944e-02
 2.772773e-01 -1.843152e-01 -3.645548e-01 1.668723e-01
 2.782783e-01 -3.292231e-01 -5.321671e-01 3.915897e-01
 2.792793e-01 -4.505204e-01 -6.843519e-01 6.713061e-01
 2.802803e-01 -5.454084e-01 -8.166179e-01 9.643350e-01
 2.812813e-01 -6.123972e-01 -9.250306e-01 1.230712e+00
 2.822823e-01 -6.512964e-01 -1.006333e+00 1.436892e+00
 2.832833e-01 -6.631440e-01 -1.058044e+00 1.559217e+00
 2.842843e-01 -6.500802e-01 -1.078542e+00 1.585856e+00
 2.852853e-01 -6.151725e-01 -1.067116e+00 1.517173e+00
 2.862863e-01 -5.622051e-01 -1.023999e+00 1.364649e+00
 2.872873e-01 -4.954430e-01 -9.503725e-01 1.148672e+00
 2.882883e-01 -4.193850e-01 -8.483393e-01 8.955632e-01
 2.892893e-01 -3.385190e-01 -7.208778e-01 6.342599e-01
 2.902903e-01 -2.570924e-01 -5.717645e-01 3.930111e-01
 2.912913e-01 -1.789087e-01 -4.054730e-01 1.964167e-01
 2.922923e-01 -1.071620e-01 -2.270510e-01 6.303584e-02
 2.932933e-01 -4.431467e-02 -4.197633e-02 3.725802e-03
 2.942943e-01  7.974953e-03  1.440030e-01 2.080045e-02
 2.952953e-01  4.887451e-02  3.250421e-01 1.080411e-01
 2.962963e-01  7.834946e-02  4.953804e-01 2.515403e-01
 2.972973e-01  9.708932e-02  6.495249e-01 4.313090e-01
 2.982983e-01  1.063945e-01  7.824322e-01 6.235200e-01
 2.992993e-01  1.080326e-01  8.896800e-01 8.032016e-01
 3.003003e-01  1.040751e-01  9.676251e-01 9.471300e-01
 3.013013e-01  9.672367e-02  1.013540e+00 1.036618e+00
 3.023023e-01  8.813990e-02  1.025721e+00 1.059873e+00
 3.033033e-01  8.028746e-02  1.003572e+00 1.013603e+00
 3.043043e-01  7.479701e-02  9.476398e-01 9.036158e-01
 3.053053e-01  7.286180e-02  8.596228e-01 7.442601e-01
 3.063063e-01  7.516936e-02  7.423315e-01 5.567065e-01
 3.073073e-01  8.187289e-02  5.996110e-01 3.662365e-01
 3.083083e-01  9.260234e-02  4.362218e-01 1.988647e-01
 3.093093e-01  1.065135e-01  2.576857e-01 7.774705e-02
 3.103103e-01  1.223703e-01  7.009811e-02 1.988824e-02
 3.113113e-01  1.386535e-01 -1.200840e-01 3.364498e-02
 3.123123e-01  1.536880e-01 -3.062735e-01 1.174234e-01
 3.133133e-01  1.657788e-01 -4.819920e-01 2.597989e-01
 3.143143e-01  1.733463e-01 -6.411108e-01 4.410720e-01
 3.153153e-01  1.750516e-01 -7.780795e-01 6.360507e-01
 3.163163e-01  1.699024e-01 -8.881363e-01 8.176529e-01
 3.173173e-01  1.573341e-01 -9.674886e-01 9.607883e-01
 3.183183e-01  1.372581e-01 -1.013458e+00 1.045936e+00
 3.193193e-01  1.100779e-01 -1.024577e+00 1.061876e+00
 3.203203e-01  7.666902e-02 -1.000648e+00 1.007175e+00
 3.213213e-01  3.832654e-02 -9.427373e-01 8.902226e-01
 3.223223e-01 -3.316152e-03 -8.531275e-01 7.278376e-01
 3.233233e-01 -4.639167e-02 -7.352193e-01 5.426996e-01
 3.243243e-01 -8.891838e-02 -5.933858e-01 3.600132e-01
 3.253253e-01 -1.289270e-01 -4.327902e-01 2.039295e-01
 3.263263e-01 -1.645853e-01 -2.591728e-01 9.425886e-02
 3.273273e-01 -1.943129e-01 -7.861809e-02 4.393829e-02
 3.283283e-01 -2.168765e-01  1.026879e-01 5.758020e-02
 3.293293e-01 -2.314619e-01  2.786993e-01 1.312479e-01
 3.303303e-01 -2.377158e-01  4.437389e-01 2.534130e-01
 3.313313e-01 -2.357551e-01  5.927053e-01 4.068801e-01
 3.323323e-01 -2.261449e-01  7.212471e-01 5.713389e-01
 3.333333e-01 -2.098447e-01  8.259000e-01 7.261456e-01
 3.343343e-01 -1.881291e-01  9.041789e-01 8.529321e-01
 3.353353e-01 -1.624866e-01  9.546247e-01 9.377103e-01
 3.363363e-01 -1.345054e-01  9.768027e-01 9.722353e-01
 3.373373e-01 -1.057533e-01  9.712579e-01 9.545256e-01
 3.383383e-01 -7.766114e-02  9.394283e-01 8.885567e-01
 3.393393e-01 -5.141668e-02  8.835257e-01 7.832614e-01
 3.403403e-01 -2.787823e-02  8.063890e-01 6.510404e-01
 3.413413e-01 -7.512810e-03  7.113210e-01 5.060340e-01
 3.423423e-01  9.635424e-03  6.019174e-01 3.623973e-01
 3.433433e-01  2.394463e-02  4.818976e-01 2.327987e-01
 3.443443e-01  3.618147e-02  3.549467e-01 1.272962e-01
 3.453453e-01  4.743634e-02  2.245756e-01 5.268439e-02
 3.463463e-01  5.903097e-02  9.400626e-02 1.232183e-02
 3.473473e-01  7.240457e-02 -3.391286e-02 6.392504e-03
 3.483483e-01  8.898530e-02 -1.567609e-01 3.249237e-02
 3.493493e-01  1.100559e-01 -2.725653e-01 8.640414e-02
 3.503504e-01  1.366219e-01 -3.797928e-01 1.629081e-01
 3.513514e-01  1.692918e-01 -4.773140e-01 2.564884e-01
 3.523524e-01  2.081769e-01 -5.643464e-01 3.618245e-01
 3.533534e-01  2.528198e-01 -6.403825e-01 4.740076e-01
 3.543544e-01  3.021551e-01 -7.051113e-01 5.884797e-01
 3.553554e-01  3.545085e-01 -7.583384e-01 7.007533e-01
 3.563564e-01  4.076348e-01 -7.999139e-01 8.060284e-01
 3.573574e-01  4.587962e-01 -8.296729e-01 8.988511e-01
 3.583584e-01  5.048752e-01 -8.473951e-01 9.729774e-01
 3.593594e-01  5.425211e-01 -8.527845e-01 1.021571e+00
 3.603604e-01  5.683206e-01 -8.454744e-01 1.037815e+00
 3.613614e-01  5.789854e-01 -8.250537e-01 1.015938e+00
 3.623624e-01  5.715463e-01 -7.911159e-01 9.525295e-01
 3.633634e-01  5.435455e-01 -7.433237e-01 8.479719e-01
 3.643644e-01  4.932143e-01 -6.814877e-01 7.076859e-01
 3.653654e-01  4.196277e-01 -6.056485e-01 5.428976e-01
 3.663664e-01  3.228264e-01 -5.161601e-01 3.706381e-01
 3.673674e-01  2.038985e-01 -4.137625e-01 2.127740e-01
 3.683684e-01  6.501413e-02 -2.996416e-01 9.401194e-02
 3.693694e-01 -9.058906e-02 -1.754663e-01 3.899480e-02
 3.703704e-01 -2.586736e-01 -4.340072e-02 6.879565e-02
 3.713714e-01 -4.341198e-01  9.391323e-02 1.972797e-01
 3.723724e-01 -6.110914e-01  2.334029e-01 4.279095e-01
 3.733734e-01 -7.832426e-01  3.716429e-01 7.515874e-01
 3.743744e-01 -9.439593e-01  5.049600e-01 1.146044e+00
 3.753754e-01 -1.086624e+00  6.295616e-01 1.577100e+00
 3.763764e-01 -1.204894e+00  7.416813e-01 2.001861e+00
 3.773774e-01 -1.292980e+00  8.377354e-01 2.373598e+00
 3.783784e-01 -1.345915e+00  9.144811e-01 2.647762e+00
 3.793794e-01 -1.359794e+00  9.691693e-01 2.788330e+00
 3.803804e-01 -1.331990e+00  9.996824e-01 2.773562e+00
 3.813814e-01 -1.261307e+00  1.004651e+00 2.600219e+00
 3.823824e-01 -1.148098e+00  9.835384e-01 2.285477e+00
 3.833834e-01 -9.943067e-01  9.366975e-01 1.866048e+00
 3.843844e-01 -8.034560e-01  8.653810e-01 1.394426e+00
 3.853854e-01 -5.805647e-01  7.717186e-01 9.326050e-01
 3.863864e-01 -3.320035e-01  6.586500e-01 5.440461e-01
 3.873874e-01 -6.529072e-02  5.298238e-01 2.849761e-01
 3.883884e-01  2.111631e-01  3.894601e-01 1.962691e-01
 3.893894e-01  4.883539e-01  2.421885e-01 2.971448e-01
 3.903904e-01  7.570127e-01  9.286293e-02 5.816917e-01
 3.913914e-01  1.007953e+00 -5.363160e-02 1.018846e+00
 3.923924e-01  1.232421e+00 -1.925784e-01 1.555947e+00
 3.933934e-01  1.422434e+00 -3.196188e-01 2.125475e+00
 3.943944e-01  1.571098e+00 -4.309291e-01 2.654050e+00
 3.953954e-01  1.672881e+00 -5.233711e-01 3.072449e+00
 3.963964e-01  1.723840e+00 -5.946139e-01 3.325190e+00
 3.973974e-01  1.721786e+00 -6.432171e-01 3.378275e+00
 3.983984e-01  1.666383e+00 -6.686760e-01 3.223960e+00
 3.993994e-01  1.559175e+00 -6.714208e-01 2.881834e+00
 4.004004e-01  1.403539e+00 -6.527776e-01 2.396040e+00
 4.014014e-01  1.204562e+00 -6.148848e-01 1.829052e+00
 4.024024e-01  9.688603e-01 -5.605767e-01 1.252936e+00
 4.034034e-01  7.043315e-01 -4.932338e-01 7.393625e-01
 4.044044e-01  4.198590e-01 -4.166126e-01 3.498476e-01
 4.054054e-01  1.249801e-01 -3.346573e-01 1.276155e-01
 4.064064e-01 -1.704693e-01 -2.513090e-01 9.221600e-02
 4.074074e-01 -4.567195e-01 -1.703154e-01 2.376000e-01
 4.084084e-01 -7.244253e-01 -9.505677e-02 5.338277e-01
 4.094094e-01 -9.650033e-01 -2.838964e-02 9.320373e-01
 4.104104e-01 -1.170936e+00  2.747635e-02 1.371847e+00
 4.114114e-01 -1.336030e+00  7.107018e-02 1.790027e+00
 4.124124e-01 -1.455615e+00  1.017077e-01 2.129160e+00
 4.134134e-01 -1.526689e+00  1.195016e-01 2.345059e+00
 4.144144e-01 -1.547984e+00  1.253248e-01 2.411961e+00
 4.154154e-01 -1.519977e+00  1.207372e-01 2.324908e+00
 4.164164e-01 -1.444824e+00  1.078722e-01 2.099152e+00
 4.174174e-01 -1.326236e+00  8.929636e-02 1.766877e+00
 4.184184e-01 -1.169304e+00  6.784141e-02 1.371875e+00
 4.194194e-01 -9.802689e-01  4.642695e-02 9.630827e-01
 4.204204e-01 -7.662642e-01  2.787393e-02 5.879378e-01
 4.214214e-01 -5.350317e-01  1.472830e-02 2.864758e-01
 4.224224e-01 -2.946273e-01  9.095654e-03 8.688798e-02
 4.234234e-01 -5.312611e-02  1.250532e-02 2.978766e-03
 4.244244e-01  1.816576e-01  2.580244e-02 3.366524e-02
 4.254254e-01  4.024296e-01  4.908416e-02 1.643589e-01
 4.264264e-01  6.026415e-01  8.167411e-02 3.698474e-01
 4.274274e-01  7.766791e-01  1.221477e-01 6.181505e-01
 4.284284e-01  9.200063e-01  1.683966e-01 8.747689e-01
 4.294294e-01  1.029264e+00  2.177413e-01 1.106795e+00
 4.304304e-01  1.102320e+00  2.670739e-01 1.286437e+00
 4.314314e-01  1.138277e+00  3.130358e-01 1.393666e+00
 4.324324e-01  1.137437e+00  3.522095e-01 1.417814e+00
 4.334334e-01  1.101227e+00  3.813250e-01 1.358109e+00
 4.344344e-01  1.032094e+00  3.974581e-01 1.223191e+00
 4.354354e-01  9.333788e-01  3.982212e-01 1.029776e+00
 4.364364e-01  8.091635e-01  3.819230e-01 8.006107e-01
 4.374374e-01  6.641153e-01  3.477008e-01 5.619450e-01
 4.384384e-01  5.033190e-01  2.956031e-01 3.407112e-01
 4.394394e-01  3.321137e-01  2.266320e-01 1.616616e-01
 4.404404e-01  1.559311e-01  1.427262e-01 4.468529e-02
 4.414414e-01 -1.985420e-02  4.670063e-02 2.575138e-03
 4.424424e-01 -1.900666e-01 -5.787178e-02 3.947446e-02
 4.434434e-01 -3.498532e-01 -1.668129e-01 1.502238e-01
 4.444444e-01 -4.947978e-01 -2.755383e-01 3.207462e-01
 4.454454e-01 -6.210147e-01 -3.792719e-01 5.295064e-01
 4.464464e-01 -7.252320e-01 -4.732864e-01 7.499615e-01
 4.474474e-01 -8.048543e-01 -5.531344e-01 9.537480e-01
 4.484484e-01 -8.580163e-01 -6.148811e-01 1.114271e+00
 4.494494e-01 -8.836148e-01 -6.553020e-01 1.210196e+00
 4.504505e-01 -8.813328e-01 -6.720597e-01 1.228412e+00
 4.514515e-01 -8.516402e-01 -6.638244e-01 1.165954e+00
 4.524525e-01 -7.957864e-01 -6.303576e-01 1.030627e+00
 4.534535e-01 -7.157679e-01 -5.725276e-01 8.401114e-01
 4.544545e-01 -6.142860e-01 -4.922846e-01 6.196914e-01
 4.554555e-01 -4.946775e-01 -3.925649e-01 3.988130e-01
 4.564565e-01 -3.608362e-01 -2.771640e-01 2.070227e-01
 4.574575e-01 -2.171039e-01 -1.505488e-01 6.979903e-02
 4.584585e-01 -6.815675e-02 -1.765750e-02 4.957130e-03
 4.594595e-01  8.113857e-02  1.163429e-01 2.011914e-02
 4.604605e-01  2.258672e-01  2.462841e-01 1.116719e-01
 4.614615e-01  3.612339e-01  3.672461e-01 2.653596e-01
 4.624625e-01  4.827176e-01  4.747612e-01 4.584145e-01
 4.634635e-01  5.862442e-01  5.650225e-01 6.629327e-01
 4.644645e-01  6.683309e-01  6.350204e-01 8.499171e-01
 4.654655e-01  7.262387e-01  6.826718e-01 9.934634e-01
 4.664665e-01  7.580782e-01  7.068604e-01 1.074334e+00
 4.674675e-01  7.629167e-01  7.074696e-01 1.082555e+00
 4.684685e-01  7.408189e-01  6.853175e-01 1.018473e+00
 4.694695e-01  6.928859e-01  6.420993e-01 8.923824e-01
 4.704705e-01  6.212129e-01  5.802307e-01 7.225732e-01
 4.714715e-01  5.288494e-01  5.027274e-01 5.324166e-01
 4.724725e-01  4.196657e-01  4.129875e-01 3.466780e-01
 4.734735e-01  2.982408e-01  3.146498e-01 1.879521e-01
 4.744745e-01  1.696453e-01  2.113546e-01 7.345029e-02
 4.754755e-01  3.928026e-02  1.066311e-01 1.291312e-02
 4.764765e-01 -8.740260e-02  3.669127e-03 7.652677e-03
 4.774775e-01 -2.050692e-01 -9.471489e-02 5.102428e-02
 4.784785e-01 -3.088201e-01 -1.862791e-01 1.300698e-01
 4.794795e-01 -3.943051e-01 -2.692658e-01 2.279806e-01
 4.804805e-01 -4.580640e-01 -3.425990e-01 3.271967e-01
 4.814815e-01 -4.974962e-01 -4.056021e-01 4.120155e-01
 4.824825e-01 -5.112772e-01 -4.583159e-01 4.714578e-01
 4.834835e-01 -4.989599e-01 -5.007938e-01 4.997554e-01
 4.844845e-01 -4.619366e-01 -5.342143e-01 4.987704e-01
 4.854855e-01 -3.997360e-01 -5.558432e-01 4.687505e-01
 4.864865e-01 -3.006935e-01 -5.449537e-01 3.873911e-01
 4.874875e-01 -1.719439e-01 -4.998486e-01 2.794134e-01
 4.884885e-01 -2.688449e-02 -4.246755e-01 1.810720e-01
 4.894895e-01  1.201312e-01 -3.243205e-01 1.196153e-01
 4.904905e-01  2.542324e-01 -2.052614e-01 1.067664e-01
 4.914915e-01  3.619772e-01 -7.457973e-02 1.365897e-01
 4.924925e-01  4.323937e-01  6.003714e-02 1.905688e-01
 4.934935e-01  4.582689e-01  1.909185e-01 2.464602e-01
 4.944945e-01  4.367468e-01  3.105707e-01 2.872019e-01
 4.954955e-01  3.697400e-01  4.121489e-01 3.065744e-01
 4.964965e-01  2.637012e-01  4.896506e-01 3.092960e-01
 4.974975e-01  1.290787e-01  5.382938e-01 3.064215e-01
 4.984985e-01 -2.072263e-02  5.546967e-01 3.081178e-01
 4.994995e-01 -1.706072e-01  5.371658e-01 3.176539e-01
 5.005005e-01 -3.052853e-01  4.858104e-01 3.292109e-01
 5.015015e-01 -4.107689e-01  4.026988e-01 3.308974e-01
 5.025025e-01 -4.757781e-01  2.918306e-01 3.115298e-01
 5.035035e-01 -4.928930e-01  1.590924e-01 2.682538e-01
 5.045045e-01 -4.593366e-01  1.201084e-02 2.111344e-01
 5.055055e-01 -3.773381e-01 -1.405458e-01 1.621372e-01
 5.065065e-01 -2.539759e-01 -2.888657e-01 1.479471e-01
 5.075075e-01 -1.006039e-01 -4.229302e-01 1.889911e-01
 5.085085e-01  6.822385e-02 -5.331068e-01 2.888573e-01
 5.095095e-01  2.360488e-01 -6.108074e-01 4.288048e-01
 5.105105e-01  3.861549e-01 -6.492212e-01 5.706037e-01
 5.115115e-01  5.030700e-01 -6.438871e-01 6.676700e-01
 5.125125e-01  5.742547e-01 -5.932508e-01 6.817149e-01
 5.135135e-01  5.911329e-01 -4.989034e-01 5.983427e-01
 5.145145e-01  5.504113e-01 -3.657859e-01 4.367519e-01
 5.155155e-01  4.537322e-01 -2.018397e-01 2.466122e-01
 5.165165e-01  3.106219e-01 -1.804694e-02 9.681168e-02
 5.175175e-01  1.442256e-01  1.732722e-01 5.082430e-02
 5.185185e-01 -3.655803e-02  3.668749e-01 1.359337e-01
 5.195195e-01 -2.252851e-01  5.584485e-01 3.626181e-01
 5.205205e-01 -4.143746e-01  7.431899e-01 7.240375e-01
 5.215215e-01 -5.963074e-01  9.162817e-01 1.195155e+00
 5.225225e-01 -7.634719e-01  1.072892e+00 1.733987e+00
 5.235235e-01 -9.087360e-01  1.208445e+00 2.286141e+00
 5.245245e-01 -1.025554e+00  1.318727e+00 2.790802e+00
 5.255255e-01 -1.108364e+00  1.400107e+00 3.188770e+00
 5.265265e-01 -1.152726e+00  1.449653e+00 3.430272e+00
 5.275275e-01 -1.155591e+00  1.465301e+00 3.482496e+00
 5.285285e-01 -1.115383e+00  1.445931e+00 3.334797e+00
 5.295295e-01 -1.032137e+00  1.391473e+00 3.001504e+00
 5.305305e-01 -9.074860e-01  1.302914e+00 2.521115e+00
 5.315315e-01 -7.446595e-01  1.182318e+00 1.952393e+00
 5.325325e-01 -5.483628e-01  1.032766e+00 1.367307e+00
 5.335335e-01 -3.246481e-01  8.582811e-01 8.420429e-01
 5.345345e-01 -8.068853e-02  6.636988e-01 4.470068e-01
 5.355355e-01  1.754536e-01  4.545189e-01 2.373714e-01
 5.365365e-01  4.351294e-01  2.367148e-01 2.453714e-01
 5.375375e-01  6.894003e-01  1.653963e-02 4.755463e-01
 5.385385e-01  9.293773e-01 -1.996971e-01 9.036211e-01
 5.395395e-01  1.146536e+00 -4.058408e-01 1.479251e+00
 5.405405e-01  1.333043e+00 -5.961127e-01 2.132353e+00
 5.415415e-01  1.482039e+00 -7.653035e-01 2.782129e+00
 5.425425e-01  1.587907e+00 -9.089587e-01 3.347655e+00
 5.435435e-01  1.646475e+00 -1.023523e+00 3.758478e+00
 5.445445e-01  1.655185e+00 -1.106461e+00 3.963891e+00
 5.455455e-01  1.613185e+00 -1.156328e+00 3.939462e+00
 5.465465e-01  1.521375e+00 -1.172813e+00 3.690073e+00
 5.475475e-01  1.382369e+00 -1.156717e+00 3.248940e+00
 5.485485e-01  1.200409e+00 -1.109913e+00 2.672888e+00
 5.495495e-01  9.812058e-01 -1.035242e+00 2.034492e+00
 5.505506e-01  7.317374e-01 -9.363934e-01 1.412272e+00
 5.515516e-01  4.599894e-01 -8.177336e-01 8.802784e-01
 5.525526e-01  1.746686e-01 -6.841293e-01 4.985420e-01
 5.535536e-01 -1.151148e-01 -5.407398e-01 3.056510e-01
 5.545546e-01 -4.001714e-01 -3.928112e-01 3.144378e-01
 5.555556e-01 -6.715614e-01 -2.454646e-01 5.112476e-01
 5.565566e-01 -9.209052e-01 -1.035013e-01 8.587789e-01
 5.575576e-01 -1.140673e+00  2.878019e-02 1.301963e+00
 5.585586e-01 -1.324434e+00  1.477339e-01 1.775950e+00
 5.595596e-01 -1.467063e+00  2.504896e-01 2.215018e+00
 5.605606e-01 -1.564893e+00  3.350321e-01 2.561137e+00
 5.615616e-01 -1.615814e+00  4.002447e-01 2.771052e+00
 5.625626e-01 -1.619305e+00  4.459047e-01 2.820979e+00
 5.635636e-01 -1.576411e+00  4.726421e-01 2.708461e+00
 5.645646e-01 -1.489665e+00  4.818540e-01 2.451286e+00
 5.655656e-01 -1.362956e+00  4.755892e-01 2.083836e+00
 5.665666e-01 -1.201348e+00  4.564001e-01 1.651538e+00
 5.675676e-01 -1.010867e+00  4.271779e-01 1.204333e+00
 5.685686e-01 -7.982614e-01  3.909733e-01 7.900815e-01
 5.695696e-01 -5.707448e-01  3.508178e-01 4.488228e-01
 5.705706e-01 -3.357301e-01  3.095495e-01 2.085356e-01
 5.715716e-01 -1.005738e-01  2.696592e-01 8.283116e-02
 5.725726e-01  1.276704e-01  2.331581e-01 7.066245e-02
 5.735736e-01  3.424713e-01  2.014816e-01 1.578814e-01
 5.745746e-01  5.380126e-01  1.754268e-01 3.202321e-01
 5.755756e-01  7.093484e-01  1.551344e-01 5.272418e-01
 5.765766e-01  8.525205e-01  1.401095e-01 7.464218e-01
 5.775776e-01  9.646341e-01  1.292860e-01 9.472338e-01
 5.785786e-01  1.043894e+00  1.211241e-01 1.104386e+00
 5.795796e-01  1.089600e+00  1.137429e-01 1.200165e+00
 5.805806e-01  1.102109e+00  1.050723e-01 1.225684e+00
 5.815816e-01  1.082761e+00  9.302261e-02 1.181026e+00
 5.825826e-01  1.033788e+00  7.565513e-02 1.074441e+00
 5.835836e-01  9.581865e-01  5.134866e-02 9.207581e-01
 5.845846e-01  8.595923e-01  1.894697e-02 7.392580e-01
 5.855856e-01  7.421330e-01 -2.211761e-02 5.512506e-01
 5.865866e-01  6.102827e-01 -7.173761e-02 3.775913e-01
 5.875876e-01  4.687152e-01 -1.290819e-01 2.363561e-01
 5.885886e-01  3.221620e-01 -1.925946e-01 1.408810e-01
 5.895896e-01  1.752781e-01 -2.600372e-01 9.834176e-02
 5.905906e-01  3.251837e-02 -3.285783e-01 1.090212e-01
 5.915916e-01 -1.019753e-01 -3.949224e-01 1.663627e-01
 5.925926e-01 -2.244726e-01 -4.554750e-01 2.578454e-01
 5.935936e-01 -3.317403e-01 -5.065321e-01 3.666263e-01
 5.945946e-01 -4.211137e-01 -5.444879e-01 4.738039e-01
 5.955956e-01 -4.905538e-01 -5.660455e-01 5.610505e-01
 5.965966e-01 -5.386892e-01 -5.684213e-01 6.132888e-01
 5.975976e-01 -5.648444e-01 -5.495298e-01 6.210322e-01
 5.985986e-01 -5.690511e-01 -5.081400e-01 5.820254e-01
 5.995996e-01 -5.520447e-01 -4.439904e-01 5.018808e-01
 6.006006e-01 -5.152430e-01 -3.578597e-01 3.935389e-01
 6.016016e-01 -4.607078e-01 -2.515837e-01 2.755461e-01
 6.026026e-01 -3.910881e-01 -1.280196e-01 1.693389e-01
 6.036036e-01 -3.095439e-01  9.044000e-03 9.589921e-02
 6.046046e-01 -2.196528e-01  1.550261e-01 7.228043e-02
 6.056056e-01 -1.252981e-01  3.047367e-01 1.085641e-01
 6.066066e-01 -3.054132e-02  4.525940e-01 2.057741e-01
 6.076076e-01  6.051809e-02  5.928671e-01 3.551538e-01
 6.086086e-01  1.438929e-01  7.199296e-01 5.390038e-01
 6.096096e-01  2.158626e-01  8.285142e-01 7.330325e-01
 6.106106e-01  2.731266e-01  9.139523e-01 9.099070e-01
 6.116116e-01  3.129512e-01  9.723903e-01 1.043481e+00
 6.126126e-01  3.333011e-01  1.000968e+00 1.113027e+00
 6.136136e-01  3.329513e-01  9.979536e-01 1.106768e+00
 6.146146e-01  3.115711e-01  9.628258e-01 1.024110e+00
 6.156156e-01  2.697743e-01  8.963022e-01 8.761358e-01
 6.166166e-01  2.091326e-01  8.003093e-01 6.842314e-01
 6.176176e-01  1.321462e-01  6.779005e-01 4.770117e-01
 6.186186e-01  4.217295e-02  5.331217e-01 2.859973e-01
 6.196196e-01 -5.668620e-02  3.708365e-01 1.407330e-01
 6.206206e-01 -1.597404e-01  1.965160e-01 6.413551e-02
 6.216216e-01 -2.618974e-01  1.600647e-02 6.884643e-02
 6.226226e-01 -3.578800e-01 -1.647148e-01 1.552090e-01
 6.236236e-01 -4.424617e-01 -3.397832e-01 3.112250e-01
 6.246246e-01 -5.107113e-01 -5.036792e-01 5.145188e-01
 6.256256e-01 -5.582352e-01 -6.514378e-01 7.359977e-01
 6.266266e-01 -5.814061e-01 -7.788272e-01 9.446049e-01
 6.276276e-01 -5.775662e-01 -8.824890e-01 1.112369e+00
 6.286286e-01 -5.451939e-01 -9.600343e-01 1.218902e+00
 6.296296e-01 -4.840255e-01 -1.010094e+00 1.254572e+00
 6.306306e-01 -3.951225e-01 -1.032325e+00 1.221817e+00
 6.316316e-01 -2.808808e-01 -1.027367e+00 1.134376e+00
 6.326326e-01 -1.449792e-01 -9.967627e-01 1.014555e+00
 6.336336e-01  7.734669e-03 -9.428469e-01 8.890201e-01
 6.346346e-01  1.714146e-01 -8.686021e-01 7.838526e-01
 6.356356e-01  3.394389e-01 -7.774996e-01 7.197244e-01
 6.366366e-01  5.046756e-01 -6.733302e-01 7.080711e-01
 6.376376e-01  6.597805e-01 -5.600321e-01 7.489462e-01
 6.386386e-01  7.975136e-01 -4.415263e-01 8.309734e-01
 6.396396e-01  9.110611e-01 -3.215650e-01 9.334364e-01
 6.406406e-01  9.943483e-01 -2.035997e-01 1.030181e+00
 6.416416e-01  1.042329e+00 -9.067256e-02 1.094670e+00
 6.426426e-01  1.051235e+00  1.466408e-02 1.105311e+00
 6.436436e-01  1.018786e+00  1.104017e-01 1.050114e+00
 6.446446e-01  9.443251e-01  1.950998e-01 9.298137e-01
 6.456456e-01  8.289025e-01  2.678848e-01 7.588415e-01
 6.466466e-01  6.752808e-01  3.284241e-01 5.638665e-01
 6.476476e-01  4.878698e-01  3.768797e-01 3.800552e-01
 6.486486e-01  2.725904e-01  4.138458e-01 2.455739e-01
 6.496496e-01  3.667328e-02  4.402737e-01 1.951859e-01
 6.506507e-01 -2.116007e-01  4.573893e-01 2.539798e-01
 6.516517e-01 -4.632084e-01  4.666078e-01 4.322848e-01
 6.526527e-01 -7.087273e-01  4.694478e-01 7.226756e-01
 6.536537e-01 -9.387007e-01  4.674507e-01 1.099669e+00
 6.546547e-01 -1.144010e+00  4.621059e-01 1.522300e+00
 6.556557e-01 -1.316237e+00  4.547851e-01 1.939308e+00
 6.566567e-01 -1.448007e+00  4.466874e-01 2.296255e+00
 6.576577e-01 -1.533295e+00  4.387951e-01 2.543534e+00
 6.586587e-01 -1.567675e+00  4.318415e-01 2.644091e+00
 6.596597e-01 -1.548521e+00  4.262910e-01 2.579641e+00
 6.606607e-01 -1.475135e+00  4.223296e-01 2.354387e+00
 6.616617e-01 -1.348801e+00  4.198672e-01 1.995554e+00
 6.626627e-01 -1.172765e+00  4.185497e-01 1.550561e+00
 6.636637e-01 -9.521376e-01  4.177809e-01 1.081107e+00
 6.646647e-01 -6.937326e-01  4.167527e-01 6.549478e-01
 6.656657e-01 -4.058290e-01  4.144831e-01 3.364934e-01
 6.666667e-01 -9.788331e-02  4.098609e-01 1.775671e-01
 6.676677e-01  2.198070e-01  4.016967e-01 2.096754e-01
 6.686687e-01  5.364735e-01  3.887772e-01 4.389515e-01
 6.696697e-01  8.412662e-01  3.699238e-01 8.445724e-01
 6.706707e-01  1.123649e+00  3.440519e-01 1.380959e+00
 6.716717e-01  1.373786e+00  3.102302e-01 1.983531e+00
 6.726727e-01  1.582901e+00  2.677380e-01 2.577258e+00
 6.736737e-01  1.743601e+00  2.161176e-01 3.086853e+00
 6.746747e-01  1.850155e+00  1.552204e-01 3.447167e+00
 6.756757e-01  1.898699e+00  8.524449e-02 3.612324e+00
 6.766767e-01  1.887386e+00  6.760211e-03 3.562270e+00
 6.776777e-01  1.816454e+00 -7.927572e-02 3.305789e+00
 6.786787e-01  1.688220e+00 -1.715217e-01 2.879507e+00
 6.796797e-01  1.506996e+00 -2.682674e-01 2.343005e+00
 6.806807e-01  1.278930e+00 -3.674659e-01 1.770692e+00
 6.816817e-01  1.011778e+00 -4.667819e-01 1.241580e+00
 6.826827e-01  7.146228e-01 -5.636541e-01 8.283917e-01
 6.836837e-01  3.975350e-01 -6.553708e-01 5.875450e-01
 6.846847e-01  7.120376e-02 -7.391565e-01 5.514222e-01
 6.856857e-01 -2.534560e-01 -8.122653e-01 7.240148e-01
 6.866867e-01 -5.657028e-01 -8.720800e-01 1.080543e+00
 6.876877e-01 -8.553591e-01 -9.162102e-01 1.571080e+00
 6.886887e-01 -1.113177e+00 -9.425878e-01 2.127636e+00
 6.896897e-01 -1.331168e+00 -9.495541e-01 2.673662e+00
 6.906907e-01 -1.502878e+00 -9.359368e-01 3.134621e+00
 6.916917e-01 -1.623603e+00 -9.011108e-01 3.448089e+00
 6.926927e-01 -1.690536e+00 -8.450432e-01 3.572010e+00
 6.936937e-01 -1.702835e+00 -7.683175e-01 3.489958e+00
 6.946947e-01 -1.661617e+00 -6.721373e-01 3.212738e+00
 6.956957e-01 -1.569873e+00 -5.583089e-01 2.776211e+00
 6.966967e-01 -1.432315e+00 -4.292031e-01 2.235743e+00
 6.976977e-01 -1.255152e+00 -2.876968e-01 1.658176e+00
 6.986987e-01 -1.045813e+00 -1.370976e-01 1.112520e+00
 6.996997e-01 -8.126308e-01  1.894708e-02 6.607279e-01
 7.007007e-01 -5.644945e-01  1.765522e-01 3.498247e-01
 7.017017e-01 -3.104852e-01  3.317062e-01 2.064301e-01
 7.027027e-01 -5.951895e-02  4.803862e-01 2.343134e-01
 7.037037e-01  1.799969e-01  6.186746e-01 4.151571e-01
 7.047047e-01  4.004737e-01  7.428725e-01 7.122388e-01
 7.057057e-01  5.954086e-01  8.496074e-01 1.076344e+00
 7.067067e-01  7.595956e-01  9.359317e-01 1.452954e+00
 7.077077e-01  8.892749e-01  9.994095e-01 1.789629e+00
 7.087087e-01  9.822141e-01  1.038189e+00 2.042582e+00
 7.097097e-01  1.037720e+00  1.051062e+00 2.181594e+00
 7.107107e-01  1.056584e+00  1.037500e+00 2.192777e+00
 7.117117e-01  1.040963e+00  9.976839e-01 2.078976e+00
 7.127127e-01  9.942040e-01  9.325024e-01 1.858002e+00
 7.137137e-01  9.206305e-01  8.435438e-01 1.559127e+00
 7.147147e-01  8.252859e-01  7.330632e-01 1.218478e+00
 7.157157e-01  7.136645e-01  6.039351e-01 8.740546e-01
 7.167167e-01  5.914329e-01  4.595887e-01 5.610146e-01
 7.177177e-01  4.641615e-01  3.039274e-01 3.078177e-01
 7.187187e-01  3.370747e-01  1.412344e-01 1.335665e-01
 7.197197e-01  2.148350e-01 -2.393498e-02 4.672696e-02
 7.207207e-01  1.013676e-01 -1.868723e-01 4.519666e-02
 7.217217e-01 -2.655214e-04 -3.428439e-01 1.175420e-01
 7.227227e-01 -8.793946e-02 -4.872249e-01 2.451214e-01
 7.237237e-01 -1.604857e-01 -6.156374e-01 4.047651e-01
 7.247247e-01 -2.176595e-01 -7.240884e-01 5.716797e-01
 7.257257e-01 -2.600591e-01 -8.091035e-01 7.222793e-01
 7.267267e-01 -2.890041e-01 -8.678534e-01 8.366928e-01
 7.277277e-01 -3.063818e-01 -8.982666e-01 9.007528e-01
 7.287287e-01 -3.144715e-01 -8.991266e-01 9.073210e-01
 7.297297e-01 -3.157582e-01 -8.701452e-01 8.568559e-01
 7.307307e-01 -3.127468e-01 -8.120108e-01 7.571721e-01
 7.317317e-01 -3.077879e-01 -7.264060e-01 6.223990e-01
 7.327327e-01 -3.029242e-01 -6.159919e-01 4.712091e-01
 7.337337e-01 -2.997671e-01 -4.843566e-01 3.244616e-01
 7.347347e-01 -2.994077e-01 -3.359273e-01 2.024922e-01
 7.357357e-01 -3.023675e-01 -1.758463e-01 1.223480e-01
 7.367367e-01 -3.085894e-01 -9.812945e-03 9.532374e-02
 7.377377e-01 -3.174686e-01  1.561046e-01 1.251549e-01
 7.387387e-01 -3.279183e-01  3.156820e-01 2.071855e-01
 7.397397e-01 -3.384672e-01  4.627699e-01 3.287160e-01
 7.407407e-01 -3.473792e-01  5.915336e-01 4.705843e-01
 7.417417e-01 -3.527888e-01  6.966930e-01 6.098411e-01
 7.427427e-01 -3.528420e-01  7.737521e-01 7.231898e-01
 7.437437e-01 -3.458346e-01  8.192073e-01 7.907022e-01
 7.447447e-01 -3.303387e-01  8.307249e-01 7.992275e-01
 7.457457e-01 -3.053103e-01  8.072773e-01 7.449110e-01
 7.467467e-01 -2.701717e-01  7.492305e-01 6.343391e-01
 7.477477e-01 -2.248637e-01  6.583762e-01 4.840230e-01
 7.487487e-01 -1.698666e-01  5.379036e-01 3.181949e-01
 7.497497e-01 -1.061875e-01  3.923104e-01 1.651832e-01
 7.507508e-01 -3.531746e-02  2.272535e-01 5.289147e-02
 7.517518e-01  4.083928e-02  4.934328e-02 4.102606e-03
 7.527528e-01  1.200591e-01 -1.341109e-01 3.239992e-02
 7.537538e-01  1.999090e-01 -3.153948e-01 1.394375e-01
 7.547548e-01  2.778662e-01 -4.867113e-01 3.140976e-01
 7.557558e-01  3.514407e-01 -6.405156e-01 5.337708e-01
 7.567568e-01  4.182923e-01 -7.698500e-01 7.676374e-01
 7.577578e-01  4.763374e-01 -8.686613e-01 9.814698e-01
 7.587588e-01  5.238379e-01 -9.320881e-01 1.143194e+00
 7.597598e-01  5.594700e-01 -9.567001e-01 1.228282e+00
 7.607608e-01  5.823682e-01 -9.406816e-01 1.224034e+00
 7.617618e-01  5.921439e-01 -8.839450e-01 1.131993e+00
 7.627628e-01  5.888801e-01 -7.881709e-01 9.679931e-01
 7.637638e-01  5.731007e-01 -6.567688e-01 7.597897e-01
 7.647648e-01  5.457216e-01 -4.947603e-01 5.425998e-01
 7.657658e-01  5.079845e-01 -3.085870e-01 3.532742e-01
 7.667668e-01  4.613790e-01 -1.058528e-01 2.240754e-01
 7.677678e-01  4.075594e-01  1.049908e-01 1.771277e-01
 7.687688e-01  3.482597e-01  3.150019e-01 2.205110e-01
 7.697698e-01  2.852128e-01  5.151313e-01 3.467066e-01
 7.707708e-01  2.200776e-01  6.966166e-01 5.337088e-01
 7.717718e-01  1.543777e-01  8.513668e-01 7.486578e-01
 7.727728e-01  8.945409e-02  9.723224e-01 9.534129e-01
 7.737738e-01  2.643310e-02  1.053773e+00 1.111137e+00
 7.747748e-01 -3.378975e-02  1.091620e+00 1.192776e+00
 7.757758e-01 -9.055147e-02  1.083567e+00 1.182316e+00
 7.767768e-01 -1.434098e-01  1.029237e+00 1.079895e+00
 7.777778e-01 -1.921206e-01  9.302080e-01 9.021973e-01
 7.787788e-01 -2.366071e-01  7.899599e-01 6.800196e-01
 7.797798e-01 -2.769243e-01  6.137431e-01 4.533676e-01
 7.807808e-01 -3.132204e-01  4.083709e-01 2.648738e-01
 7.817818e-01 -3.457001e-01  1.819446e-01 1.526124e-01
 7.827828e-01 -3.745900e-01 -5.647599e-02 1.435072e-01
 7.837838e-01 -4.001090e-01 -2.972419e-01 2.484399e-01
 7.847848e-01 -4.224445e-01 -5.305098e-01 4.598999e-01
 7.857858e-01 -4.417354e-01 -7.466435e-01 7.526068e-01
 7.867868e-01 -4.580616e-01 -9.366077e-01 1.087055e+00
 7.877878e-01 -4.714385e-01 -1.092335e+00 1.415450e+00
 7.887888e-01 -4.818172e-01 -1.207054e+00 1.689127e+00
 7.897898e-01 -4.890882e-01 -1.275563e+00 1.866269e+00
 7.907908e-01 -4.930873e-01 -1.294443e+00 1.918718e+00
 7.917918e-01 -4.936028e-01 -1.262193e+00 1.836774e+00
 7.927928e-01 -4.903831e-01 -1.179295e+00 1.631213e+00
 7.937938e-01 -4.831441e-01 -1.048201e+00 1.332153e+00
 7.947948e-01 -4.715753e-01 -8.732351e-01 9.849228e-01
 7.957958e-01 -4.553470e-01 -6.604350e-01 6.435153e-01
 7.967968e-01 -4.341160e-01 -4.173201e-01 3.626127e-01
 7.977978e-01 -4.075335e-01 -1.526069e-01 1.893724e-01
 7.987988e-01 -3.752548e-01  1.241192e-01 1.562217e-01
 7.997998e-01 -3.369515e-01  4.027648e-01 2.757558e-01
 8.008008e-01 -2.923288e-01  6.731055e-01 5.385271e-01
 8.018018e-01 -2.411460e-01  9.251672e-01 9.140858e-01
 8.028028e-01 -1.832431e-01  1.149596e+00 1.355148e+00
 8.038038e-01 -1.185712e-01  1.338002e+00 1.804308e+00
 8.048048e-01 -4.722613e-02  1.483270e+00 2.202321e+00
 8.058058e-01  3.051500e-02  1.579819e+00 2.496758e+00
 8.068068e-01  1.141583e-01  1.623802e+00 2.649766e+00
 8.078078e-01  2.029596e-01  1.613252e+00 2.643773e+00
 8.088088e-01  2.958972e-01  1.548144e+00 2.484304e+00
 8.098098e-01  3.916527e-01  1.430400e+00 2.199437e+00
 8.108108e-01  4.886034e-01  1.263817e+00 1.835967e+00
 8.118118e-01  5.848288e-01  1.053923e+00 1.452778e+00
 8.128128e-01  6.781339e-01  8.077796e-01 1.112373e+00
 8.138138e-01  7.660888e-01  5.337230e-01 8.717522e-01
 8.148148e-01  8.460866e-01  2.410612e-01 7.739731e-01
 8.158158e-01  9.154190e-01 -6.026320e-02 8.416236e-01
 8.168168e-01  9.713654e-01 -3.600332e-01 1.073175e+00
 8.178178e-01  1.011296e+00 -6.481257e-01 1.442787e+00
 8.188188e-01  1.032784e+00 -9.148761e-01 1.903640e+00
 8.198198e-01  1.033715e+00 -1.151424e+00 2.394345e+00
 8.208208e-01  1.012408e+00 -1.350030e+00 2.847553e+00
 8.218218e-01  9.677139e-01 -1.504348e+00 3.199534e+00
 8.228228e-01  8.991103e-01 -1.609644e+00 3.399352e+00
 8.238238e-01  8.067764e-01 -1.662956e+00 3.416311e+00
 8.248248e-01  6.916423e-01 -1.663188e+00 3.244565e+00
 8.258258e-01  5.554128e-01 -1.611129e+00 2.904221e+00
 8.268268e-01  4.005604e-01 -1.509403e+00 2.438747e+00
 8.278278e-01  2.302869e-01 -1.362352e+00 1.909034e+00
 8.288288e-01  4.845410e-02 -1.175849e+00 1.384969e+00
 8.298298e-01 -1.405164e-01 -9.570635e-01 9.357155e-01
 8.308308e-01 -3.317693e-01 -7.141676e-01 6.201062e-01
 8.318318e-01 -5.201647e-01 -4.560162e-01 4.785221e-01
 8.328328e-01 -7.004443e-01 -1.918003e-01 5.274095e-01
 8.338338e-01 -8.674075e-01  6.930769e-02 7.571993e-01
 8.348348e-01 -1.016092e+00  3.185018e-01 1.133886e+00
 8.358358e-01 -1.141949e+00  5.476711e-01 1.603990e+00
 8.368368e-01 -1.241008e+00  7.496938e-01 2.102141e+00
 8.378378e-01 -1.310026e+00  9.186872e-01 2.560154e+00
 8.388388e-01 -1.346608e+00  1.050201e+00 2.916275e+00
 8.398398e-01 -1.349303e+00  1.141350e+00 3.123297e+00
 8.408408e-01 -1.317663e+00  1.190875e+00 3.154419e+00
 8.418418e-01 -1.252274e+00  1.199140e+00 3.006128e+00
 8.428428e-01 -1.154740e+00  1.168060e+00 2.697789e+00
 8.438438e-01 -1.027642e+00  1.100961e+00 2.268163e+00
 8.448448e-01 -8.744584e-01  1.002388e+00 1.769459e+00
 8.458458e-01 -6.994537e-01  8.778677e-01 1.259887e+00
 8.468468e-01 -5.075463e-01  7.336325e-01 7.958199e-01
 8.478478e-01 -3.041510e-01  5.763240e-01 4.246571e-01
 8.488488e-01 -9.500892e-02  4.126894e-01 1.793392e-01
 8.498498e-01  1.139914e-01  2.492844e-01 7.513676e-02
 8.508509e-01  3.169960e-01  9.219579e-02 1.089865e-01
 8.518519e-01  5.083629e-01 -5.320324e-02 2.612635e-01
 8.528529e-01  6.828311e-01 -1.824541e-01 4.995478e-01
 8.538539e-01  8.356738e-01 -2.921621e-01 7.837095e-01
 8.548549e-01  9.628346e-01 -3.800878e-01 1.071517e+00
 8.558559e-01  1.061039e+00 -4.451779e-01 1.323988e+00
 8.568569e-01  1.127885e+00 -4.875362e-01 1.509817e+00
 8.578579e-01  1.161901e+00 -5.083373e-01 1.608422e+00
 8.588589e-01  1.162582e+00 -5.096894e-01 1.611381e+00
 8.598599e-01  1.130394e+00 -4.944551e-01 1.522277e+00
 8.608609e-01  1.066755e+00 -4.660408e-01 1.355160e+00
 8.618619e-01  9.739841e-01 -4.281667e-01 1.131972e+00
 8.628629e-01  8.552342e-01 -3.846305e-01 8.793662e-01
 8.638639e-01  7.143959e-01 -3.390776e-01 6.253352e-01
 8.648649e-01  5.559850e-01 -2.947910e-01 3.960210e-01
 8.658659e-01  3.850121e-01 -2.545110e-01 2.130101e-01
 8.668669e-01  2.068390e-01 -2.202952e-01 9.131237e-02
 8.678679e-01  2.702388e-02 -1.934254e-01 3.814367e-02
 8.688689e-01 -1.488405e-01 -1.743650e-01 5.255666e-02
 8.698699e-01 -3.152917e-01 -1.627699e-01 1.259029e-01
 8.708709e-01 -4.671618e-01 -1.575496e-01 2.430621e-01
 8.718719e-01 -5.997377e-01 -1.569749e-01 3.843264e-01
 8.728729e-01 -7.089107e-01 -1.588254e-01 5.277799e-01
 8.738739e-01 -7.913142e-01 -1.605659e-01 6.519596e-01
 8.748749e-01 -8.444417e-01 -1.595431e-01 7.385358e-01
 8.758759e-01 -8.667431e-01 -1.531885e-01 7.747104e-01
 8.768769e-01 -8.576940e-01 -1.392156e-01 7.550200e-01
 8.778779e-01 -8.178341e-01 -1.158006e-01 6.822624e-01
 8.788789e-01 -7.487725e-01 -8.173353e-02 5.673407e-01
 8.798799e-01 -6.531567e-01 -3.653294e-02 4.279483e-01
 8.808809e-01 -5.346044e-01  1.948537e-02 2.861815e-01
 8.818819e-01 -3.975993e-01  8.518826e-02 1.653422e-01
 8.828829e-01 -2.473503e-01  1.586562e-01 8.635393e-02
 8.838839e-01 -8.961935e-02  2.372636e-01 6.432566e-02
 8.848849e-01  6.947836e-02  3.178050e-01 1.058273e-01
 8.858859e-01  2.236961e-01  3.966587e-01 2.073781e-01
 8.868869e-01  3.668907e-01  4.699803e-01 3.554903e-01
 8.878879e-01  4.932625e-01  5.339146e-01 5.283727e-01
 8.888889e-01  5.975916e-01  5.848134e-01 6.991224e-01
 8.898899e-01  6.754586e-01  6.194481e-01 8.399602e-01
 8.908909e-01  7.234420e-01  6.352032e-01 9.268515e-01
 8.918919e-01  7.392806e-01  6.302417e-01 9.437405e-01
 8.928929e-01  7.219938e-01  6.036309e-01 8.856453e-01
 8.938939e-01  6.719524e-01  5.554222e-01 7.600138e-01
 8.948949e-01  5.908948e-01  4.866802e-01 5.860143e-01
 8.958959e-01  4.818854e-01  3.994588e-01 3.917809e-01
 8.968969e-01  3.492150e-01  2.967246e-01 2.099967e-01
 8.978979e-01  1.982471e-01  1.822324e-01 7.251054e-02
 8.988989e-01  3.521179e-02  6.035796e-02 4.882954e-03
 8.998999e-01 -1.330410e-01 -6.410180e-02 2.180894e-02
 9.009009e-01 -2.993220e-01 -1.861531e-01 1.242467e-01
 9.019019e-01 -4.564042e-01 -3.008405e-01 2.988098e-01
 9.029029e-01 -5.973312e-01 -4.034822e-01 5.196025e-01
 9.039039e-01 -7.157205e-01 -4.898930e-01 7.522509e-01
 9.049049e-01 -8.060460e-01 -5.565837e-01 9.594955e-01
 9.059059e-01 -8.638879e-01 -6.009280e-01 1.107417e+00
 9.069069e-01 -8.861368e-01 -6.212875e-01 1.171237e+00
 9.079079e-01 -8.711430e-01 -6.170896e-01 1.139690e+00
 9.089089e-01 -8.188028e-01 -5.888559e-01 1.017189e+00
 9.099099e-01 -7.305779e-01 -5.381779e-01 8.233795e-01
 9.109109e-01 -6.094460e-01 -4.676447e-01 5.901160e-01
 9.119119e-01 -4.597841e-01 -3.807245e-01 3.563526e-01
 9.129129e-01 -2.871908e-01 -2.816062e-01 1.617806e-01
 9.139139e-01 -9.825374e-02 -1.750112e-01 4.028270e-02
 9.149149e-01  9.972500e-02 -6.598093e-02 1.429856e-02
 9.159159e-01  2.990354e-01  4.034635e-02 9.104997e-02
 9.169169e-01  4.918817e-01  1.389623e-01 2.612581e-01
 9.179179e-01  6.707072e-01  2.252072e-01 5.005665e-01
 9.189189e-01  8.285062e-01  2.949715e-01 7.734307e-01
 9.199199e-01  9.591086e-01  3.448727e-01 1.038826e+00
 9.209209e-01  1.057426e+00  3.724004e-01 1.256833e+00
 9.219219e-01  1.119650e+00  3.760238e-01 1.395010e+00
 9.229229e-01  1.143386e+00  3.552585e-01 1.433540e+00
 9.239239e-01  1.127736e+00  3.106911e-01 1.368316e+00
 9.249249e-01  1.073303e+00  2.439607e-01 1.211497e+00
 9.259259e-01  9.821465e-01  1.576992e-01 9.894807e-01
 9.269269e-01  8.576630e-01  5.543379e-02 7.386587e-01
 9.279279e-01  7.044261e-01 -5.854504e-02 4.996437e-01
 9.289289e-01  5.279757e-01 -1.793443e-01 3.109227e-01
 9.299299e-01  3.345757e-01 -3.016520e-01 2.029348e-01
 9.309309e-01  1.309503e-01 -4.199370e-01 1.934951e-01
 9.319319e-01 -7.598923e-02 -5.286583e-01 2.852539e-01
 9.329329e-01 -2.794146e-01 -6.224764e-01 4.655494e-01
 9.339339e-01 -4.728357e-01 -6.964605e-01 7.086308e-01
 9.349349e-01 -6.503303e-01 -7.462837e-01 9.798688e-01
 9.359359e-01 -8.067402e-01 -7.684005e-01 1.241269e+00
 9.369369e-01 -9.378265e-01 -7.602004e-01 1.457423e+00
 9.379379e-01 -1.040379e+00 -7.201324e-01 1.600979e+00
 9.389389e-01 -1.112280e+00 -6.477952e-01 1.656805e+00
 9.399399e-01 -1.152517e+00 -5.439902e-01 1.624220e+00
 9.409409e-01 -1.161155e+00 -4.107340e-01 1.516984e+00
 9.419419e-01 -1.139267e+00 -2.512288e-01 1.361045e+00
 9.429429e-01 -1.088825e+00 -6.979015e-02 1.190411e+00
 9.439439e-01 -1.012570e+00  1.282672e-01 1.041751e+00
 9.449449e-01 -9.138586e-01  3.367826e-01 9.485600e-01
 9.459459e-01 -7.964968e-01  5.489387e-01 9.357408e-01
 9.469469e-01 -6.645739e-01  7.574823e-01 1.015438e+00
 9.479479e-01 -5.222978e-01  9.549685e-01 1.184760e+00
 9.489489e-01 -3.738418e-01  1.134023e+00 1.425765e+00
 9.499499e-01 -2.232082e-01  1.287610e+00 1.707761e+00
 9.509510e-01 -7.411376e-02  1.409303e+00 1.991627e+00
 9.519520e-01  7.010218e-02  1.493539e+00 2.235572e+00
 9.529530e-01  2.065428e-01  1.535854e+00 2.401506e+00
 9.539540e-01  3.327938e-01  1.533086e+00 2.461105e+00
 9.549550e-01  4.469383e-01  1.483539e+00 2.400642e+00
 9.559560e-01  5.475500e-01  1.387093e+00 2.223838e+00
 9.569570e-01  6.336667e-01  1.245264e+00 1.952216e+00
 9.579580e-01  7.047484e-01  1.061202e+00 1.622819e+00
 9.589590e-01  7.606249e-01  8.396241e-01 1.283519e+00
 9.599600e-01  8.014359e-01  5.866917e-01 9.865067e-01
 9.609610e-01  8.275689e-01  3.098219e-01 7.808599e-01
 9.619620e-01  8.395977e-01  1.744888e-02 7.052288e-01
 9.629630e-01  8.382266e-01 -2.812613e-01 7.817318e-01
 9.639640e-01  8.242407e-01 -5.767320e-01 1.011993e+00
 9.649650e-01  7.984662e-01 -8.593203e-01 1.375980e+00
 9.659660e-01  7.617410e-01 -1.119672e+00 1.833915e+00
 9.669670e-01  7.148960e-01 -1.349073e+00 2.331075e+00
 9.679680e-01  6.587471e-01 -1.539780e+00 2.804870e+00
 9.689690e-01  5.940973e-01 -1.685321e+00 3.193258e+00
 9.699700e-01  5.217461e-01 -1.780748e+00 3.443284e+00
 9.709710e-01  4.425060e-01 -1.822838e+00 3.518550e+00
 9.719720e-01  3.572229e-01 -1.810218e+00 3.404498e+00
 9.729730e-01  2.667986e-01 -1.743430e+00 3.110729e+00
 9.739740e-01  1.722130e-01 -1.624911e+00 2.669994e+00
 9.749750e-01  7.454362e-02 -1.458907e+00 2.133966e+00
 9.759760e-01 -2.501928e-02 -1.251304e+00 1.566387e+00
 9.769770e-01 -1.251632e-01 -1.009405e+00 1.034564e+00
 9.779780e-01 -2.244517e-01 -7.416438e-01 6.004141e-01
 9.789790e-01 -3.213307e-01 -4.572588e-01 3.123390e-01
 9.799800e-01 -4.141434e-01 -1.659335e-01 1.990486e-01
 9.809810e-01 -5.011544e-01  1.225750e-01 2.661803e-01
 9.819820e-01 -5.805817e-01  3.988074e-01 4.961224e-01
 9.829830e-01 -6.506369e-01  6.539572e-01 8.509884e-01
 9.839840e-01 -7.095718e-01  8.801937e-01 1.278233e+00
 9.849850e-01 -7.557308e-01  1.070939e+00 1.718040e+00
 9.859860e-01 -7.876066e-01  1.221092e+00 2.111390e+00
 9.869870e-01 -8.038981e-01  1.327181e+00 2.407662e+00
 9.879880e-01 -8.035683e-01  1.387453e+00 2.570747e+00
 9.889890e-01 -7.859004e-01  1.401883e+00 2.582915e+00
 9.899900e-01 -7.505486e-01  1.372119e+00 2.446033e+00
 9.909910e-01 -6.975830e-01  1.301352e+00 2.180139e+00
 9.919920e-01 -6.275260e-01  1.194129e+00 1.819734e+00
 9.929930e-01 -5.413765e-01  1.056117e+00 1.408472e+00
 9.939940e-01 -4.406224e-01  8.938237e-01 9.930689e-01
 9.949950e-01 -3.272375e-01  7.142970e-01 6.173047e-01
 9.959960e-01 -2.036627e-01  5.248141e-01 3.169083e-01
 9.969970e-01 -7.276921e-02  3.325715e-01 1.158992e-01
 9.979980e-01  6.219495e-02  1.443956e-01 2.471829e-02
 9.989990e-01  1.976771e-01 -3.351831e-02 4.019973e-02
 1.000000e+00  3.299088e-01 -1.958241e-01 1.471869e-01
