# x psi_r psi_i psi2 
 0.000000e+00  2.149605e-10 -9.400808e-10 9.299600e-19
 1.001001e-03 -2.154976e-10  9.407579e-10 9.314647e-19
 2.002002e-03  2.149517e-10 -9.406945e-10 9.311104e-19
 3.003003e-03 -2.155945e-10  9.411200e-10 9.321878e-19
 4.004004e-03  2.150738e-10 -9.414697e-10 9.326219e-19
 5.005005e-03 -2.156546e-10  9.416321e-10 9.331779e-19
 6.006006e-03  2.152575e-10 -9.422743e-10 9.342166e-19
 7.007007e-03 -2.156712e-10  9.422207e-10 9.342940e-19
 8.008008e-03  2.155311e-10 -9.431117e-10 9.359134e-19
 9.009009e-03 -2.156614e-10  9.429452e-10 9.356555e-19
 1.001001e-02  2.158229e-10 -9.439642e-10 9.376479e-19
 1.101101e-02 -2.157224e-10  9.438516e-10 9.373920e-19
 1.201201e-02  2.161185e-10 -9.447665e-10 9.392909e-19
 1.301301e-02 -2.157619e-10  9.448817e-10 9.393547e-19
 1.401401e-02  2.163466e-10 -9.456094e-10 9.409829e-19
 1.501502e-02 -2.158861e-10  9.459811e-10 9.414870e-19
 1.601602e-02  2.165932e-10 -9.465992e-10 9.429628e-19
 1.701702e-02 -2.160986e-10  9.471973e-10 9.438814e-19
 1.801802e-02  2.167773e-10 -9.475987e-10 9.449356e-19
 1.901902e-02 -2.164101e-10  9.484521e-10 9.463947e-19
 2.002002e-02  2.168912e-10 -9.487495e-10 9.471674e-19
 2.102102e-02 -2.167644e-10  9.496985e-10 9.489141e-19
 2.202202e-02  2.169719e-10 -9.499697e-10 9.495193e-19
 2.302302e-02 -2.171956e-10  9.510343e-10 9.516401e-19
 2.402402e-02  2.171192e-10 -9.513610e-10 9.522285e-19
 2.502503e-02 -2.175835e-10  9.523911e-10 9.543913e-19
 2.602603e-02  2.173884e-10 -9.528489e-10 9.551788e-19
 2.702703e-02 -2.178994e-10  9.538229e-10 9.572583e-19
 2.802803e-02  2.176848e-10 -9.544429e-10 9.583478e-19
 2.902903e-02 -2.181549e-10  9.553172e-10 9.602224e-19
 3.003003e-02  2.180812e-10 -9.560938e-10 9.616747e-19
 3.103103e-02 -2.183584e-10  9.568258e-10 9.631961e-19
 3.203203e-02  2.185297e-10 -9.578568e-10 9.652449e-19
 3.303303e-02 -2.186105e-10  9.585037e-10 9.665198e-19
 3.403403e-02  2.190270e-10 -9.596634e-10 9.689267e-19
 3.503504e-02 -2.188946e-10  9.602662e-10 9.700260e-19
 3.603604e-02  2.194124e-10 -9.614802e-10 9.725859e-19
 3.703704e-02 -2.192693e-10  9.621814e-10 9.738722e-19
 3.803804e-02  2.198041e-10 -9.633407e-10 9.763391e-19
 3.903904e-02 -2.197524e-10  9.641942e-10 9.779615e-19
 4.004004e-02  2.201169e-10 -9.652897e-10 9.802357e-19
 4.104104e-02 -2.202524e-10  9.663146e-10 9.822751e-19
 4.204204e-02  2.204679e-10 -9.672867e-10 9.842497e-19
 4.304304e-02 -2.207988e-10  9.684904e-10 9.867257e-19
 4.404404e-02  2.208532e-10 -9.694198e-10 9.885509e-19
 4.504505e-02 -2.212887e-10  9.707358e-10 9.912966e-19
 4.604605e-02  2.213023e-10 -9.716495e-10 9.930775e-19
 4.704705e-02 -2.217639e-10  9.729524e-10 9.958156e-19
 4.804805e-02  2.218156e-10 -9.740645e-10 9.980039e-19
 4.904905e-02 -2.222124e-10  9.753156e-10 1.000619e-18
 5.005005e-02  2.224465e-10 -9.764950e-10 1.003025e-18
 5.105105e-02 -2.226217e-10  9.777363e-10 1.005529e-18
 5.205205e-02  2.230680e-10 -9.790166e-10 1.008233e-18
 5.305305e-02 -2.230477e-10  9.802933e-10 1.010725e-18
 5.405405e-02  2.236964e-10 -9.815792e-10 1.013538e-18
 5.505506e-02 -2.235620e-10  9.829830e-10 1.016236e-18
 5.605606e-02  2.243323e-10 -9.842701e-10 1.019113e-18
 5.705706e-02 -2.241462e-10  9.857613e-10 1.021967e-18
 5.805806e-02  2.248331e-10 -9.869755e-10 1.024671e-18
 5.905906e-02 -2.248224e-10  9.885765e-10 1.027829e-18
 6.006006e-02  2.252807e-10 -9.898518e-10 1.030558e-18
 6.106106e-02 -2.256078e-10  9.915015e-10 1.033974e-18
 6.206206e-02  2.257844e-10 -9.928262e-10 1.036682e-18
 6.306306e-02 -2.263933e-10  9.944260e-10 1.040137e-18
 6.406406e-02  2.263079e-10 -9.959150e-10 1.043062e-18
 6.506507e-02 -2.271423e-10  9.974383e-10 1.046477e-18
 6.606607e-02  2.269234e-10 -9.991684e-10 1.049832e-18
 6.706707e-02 -2.278151e-10  1.000525e-09 1.052950e-18
 6.806807e-02  2.276654e-10 -1.002459e-09 1.056755e-18
 6.906907e-02 -2.284054e-10  1.003767e-09 1.059718e-18
 7.007007e-02  2.285523e-10 -1.005792e-09 1.063853e-18
 7.107107e-02 -2.289656e-10  1.007130e-09 1.066735e-18
 7.207207e-02  2.295000e-10 -1.009188e-09 1.071130e-18
 7.307307e-02 -2.294813e-10  1.010704e-09 1.074184e-18
 7.407407e-02  2.304451e-10 -1.012624e-09 1.078512e-18
 7.507508e-02 -2.300838e-10  1.014431e-09 1.082008e-18
 7.607608e-02  2.312997e-10 -1.016049e-09 1.085855e-18
 7.707708e-02 -2.308974e-10  1.018255e-09 1.090158e-18
 7.807808e-02  2.320241e-10 -1.019634e-09 1.093488e-18
 7.907908e-02 -2.318639e-10  1.022139e-09 1.098530e-18
 8.008008e-02  2.326189e-10 -1.023344e-09 1.101345e-18
 8.108108e-02 -2.329282e-10  1.026091e-09 1.107118e-18
 8.208208e-02  2.331976e-10 -1.027324e-09 1.109775e-18
 8.308308e-02 -2.340560e-10  1.029947e-09 1.115573e-18
 8.408408e-02  2.338298e-10 -1.031535e-09 1.118740e-18
 8.508509e-02 -2.351309e-10  1.033763e-09 1.123952e-18
 8.608609e-02  2.346242e-10 -1.035942e-09 1.128224e-18
 8.708709e-02 -2.360641e-10  1.037709e-09 1.132566e-18
 8.808809e-02  2.355894e-10 -1.040446e-09 1.138031e-18
 8.908909e-02 -2.368557e-10  1.041779e-09 1.141405e-18
 9.009009e-02  2.367296e-10 -1.044976e-09 1.148015e-18
 9.109109e-02 -2.375732e-10  1.046077e-09 1.150719e-18
 9.209209e-02  2.379854e-10 -1.049460e-09 1.158003e-18
 9.309309e-02 -2.382223e-10  1.050686e-09 1.160691e-18
 9.409409e-02  2.392795e-10 -1.053852e-09 1.167860e-18
 9.509510e-02 -2.390064e-10  1.055564e-09 1.171339e-18
 9.609610e-02  2.404779e-10 -1.058268e-09 1.177761e-18
 9.709710e-02 -2.399086e-10  1.060631e-09 1.182494e-18
 9.809810e-02  2.415104e-10 -1.062715e-09 1.187690e-18
 9.909910e-02 -2.410590e-10  1.065857e-09 1.194160e-18
 1.001001e-01  2.424260e-10 -1.067354e-09 1.198016e-18
 1.011011e-01 -2.423422e-10  1.071040e-09 1.205857e-18
 1.021021e-01  2.432402e-10 -1.072254e-09 1.208895e-18
 1.031031e-01 -2.437902e-10  1.076188e-09 1.217614e-18
 1.041041e-01  2.440762e-10 -1.077455e-09 1.220482e-18
 1.051051e-01 -2.451851e-10  1.081229e-09 1.229172e-18
 1.061061e-01  2.449966e-10 -1.082987e-09 1.232884e-18
 1.071071e-01 -2.465174e-10  1.086313e-09 1.240846e-18
 1.081081e-01  2.460764e-10 -1.088770e-09 1.245974e-18
 1.091091e-01 -2.476985e-10  1.091381e-09 1.252467e-18
 1.101101e-01  2.473695e-10 -1.094670e-09 1.259494e-18
 1.111111e-01 -2.487667e-10  1.096658e-09 1.264543e-18
 1.121121e-01  2.488081e-10 -1.100639e-09 1.273311e-18
 1.131131e-01 -2.497730e-10  1.102178e-09 1.277183e-18
 1.141141e-01  2.503378e-10 -1.106560e-09 1.287144e-18
 1.151151e-01 -2.507666e-10  1.108032e-09 1.290619e-18
 1.161161e-01  2.518918e-10 -1.112395e-09 1.300871e-18
 1.171171e-01 -2.518846e-10  1.114258e-09 1.305018e-18
 1.181181e-01  2.533237e-10 -1.118212e-09 1.314571e-18
 1.191191e-01 -2.531707e-10  1.120760e-09 1.320198e-18
 1.201201e-01  2.546942e-10 -1.124050e-09 1.328357e-18
 1.211211e-01 -2.546251e-10  1.127341e-09 1.335731e-18
 1.221221e-01  2.559502e-10 -1.130055e-09 1.342535e-18
 1.231231e-01 -2.561822e-10  1.134068e-09 1.351740e-18
 1.241241e-01  2.571474e-10 -1.136310e-09 1.357325e-18
 1.251251e-01 -2.578283e-10  1.140731e-09 1.367743e-18
 1.261261e-01  2.583964e-10 -1.142984e-09 1.373180e-18
 1.271271e-01 -2.594543e-10  1.147412e-09 1.383871e-18
 1.281281e-01  2.597856e-10 -1.149869e-09 1.389688e-18
 1.291291e-01 -2.610119e-10  1.154094e-09 1.400060e-18
 1.301301e-01  2.612962e-10 -1.157061e-09 1.407067e-18
 1.311311e-01 -2.624942e-10  1.160880e-09 1.416545e-18
 1.321321e-01  2.629028e-10 -1.164369e-09 1.424873e-18
 1.331331e-01 -2.639470e-10  1.167840e-09 1.433519e-18
 1.341341e-01  2.646378e-10 -1.171864e-09 1.443300e-18
 1.351351e-01 -2.654104e-10  1.175075e-09 1.451244e-18
 1.361361e-01  2.663510e-10 -1.179321e-09 1.461742e-18
 1.371371e-01 -2.669595e-10  1.182602e-09 1.469814e-18
 1.381381e-01  2.681073e-10 -1.186868e-09 1.480538e-18
 1.391391e-01 -2.686388e-10  1.190386e-09 1.489185e-18
 1.401401e-01  2.697768e-10 -1.194457e-09 1.499508e-18
 1.411411e-01 -2.704062e-10  1.198354e-09 1.509172e-18
 1.421421e-01  2.714129e-10 -1.202244e-09 1.519057e-18
 1.431431e-01 -2.722601e-10  1.206502e-09 1.529772e-18
 1.441441e-01  2.730776e-10 -1.210247e-09 1.539269e-18
 1.451451e-01 -2.741726e-10  1.214794e-09 1.550895e-18
 1.461461e-01  2.748406e-10 -1.218474e-09 1.560217e-18
 1.471471e-01 -2.760161e-10  1.223231e-09 1.572480e-18
 1.481481e-01  2.766207e-10 -1.226785e-09 1.581520e-18
 1.491491e-01 -2.779442e-10  1.231944e-09 1.594939e-18
 1.501502e-01  2.784536e-10 -1.235283e-09 1.603459e-18
 1.511512e-01 -2.799082e-10  1.240991e-09 1.618408e-18
 1.521522e-01  2.802481e-10 -1.243730e-09 1.625402e-18
 1.531532e-01 -2.820938e-10  1.250414e-09 1.643112e-18
 1.541542e-01  2.818008e-10 -1.252077e-09 1.647109e-18
 1.551552e-01 -2.847622e-10  1.260321e-09 1.669499e-18
 1.561562e-01  2.828405e-10 -1.260487e-09 1.668825e-18
 1.571572e-01 -2.882124e-10  1.270616e-09 1.697531e-18
 1.581582e-01  2.829933e-10 -1.269014e-09 1.690482e-18
 1.591592e-01 -2.928181e-10  1.281038e-09 1.726801e-18
 1.601602e-01  2.818675e-10 -1.277905e-09 1.712491e-18
 1.611612e-01 -2.990462e-10  1.291245e-09 1.756743e-18
 1.621622e-01  2.788881e-10 -1.287783e-09 1.736163e-18
 1.631632e-01 -3.075150e-10  1.300465e-09 1.785776e-18
 1.641642e-01  2.735740e-10 -1.299587e-09 1.763770e-18
 1.651652e-01 -3.188071e-10  1.307618e-09 1.811504e-18
 1.661662e-01  2.650372e-10 -1.314751e-09 1.798814e-18
 1.671672e-01 -3.336792e-10  1.310708e-09 1.829297e-18
 1.681682e-01  2.528323e-10 -1.335770e-09 1.848206e-18
 1.691692e-01 -3.524374e-10  1.306717e-09 1.831721e-18
 1.701702e-01  2.368226e-10 -1.366499e-09 1.923404e-18
 1.711712e-01 -3.748503e-10  1.290844e-09 1.806790e-18
 1.721722e-01  2.180521e-10 -1.412782e-09 2.043500e-18
 1.731732e-01 -3.988093e-10  1.256055e-09 1.736724e-18
 1.741742e-01  2.000099e-10 -1.483102e-09 2.239596e-18
 1.751752e-01 -4.186644e-10  1.192540e-09 1.597431e-18
 1.761762e-01  1.909936e-10 -1.588423e-09 2.559567e-18
 1.771772e-01 -4.230101e-10  1.087945e-09 1.362561e-18
 1.781782e-01  2.067750e-10 -1.742314e-09 3.078414e-18
 1.791792e-01 -3.904819e-10  9.282229e-10 1.014074e-18
 1.801802e-01  2.753948e-10 -1.958785e-09 3.912681e-18
 1.811812e-01 -2.850277e-10  7.003665e-10 5.717541e-19
 1.821822e-01  4.423250e-10 -2.248124e-09 5.249715e-18
 1.831832e-01 -4.997682e-11  3.988031e-10 1.615416e-19
 1.841842e-01  7.772084e-10 -2.608851e-09 7.410157e-18
 1.851852e-01  3.985230e-10  3.575490e-11 1.600990e-19
 1.861862e-01  1.379442e-09 -3.013411e-09 1.098351e-17
 1.871872e-01  1.176289e-09 -3.405152e-10 1.499607e-18
 1.881882e-01  2.381207e-09 -3.385963e-09 1.713489e-17
 1.891892e-01  2.430931e-09 -6.182858e-10 6.291704e-18
 1.901902e-01  3.942927e-09 -3.569534e-09 2.828824e-17
 1.911912e-01  4.330972e-09 -5.840676e-10 1.909845e-17
 1.921922e-01  6.233736e-09 -3.281371e-09 4.962686e-17
 1.931932e-01  7.035051e-09  1.279208e-10 4.950830e-17
 1.941942e-01  9.386365e-09 -2.058029e-09 9.233934e-17
 1.951952e-01  1.062880e-08  2.093695e-09 1.173550e-16
 1.961962e-01  1.341149e-08  8.031894e-10 1.805133e-16
 1.971972e-01  1.501259e-08  6.155019e-09 2.632623e-16
 1.981982e-01  1.805489e-08  6.291556e-09 3.655627e-16
 1.991992e-01  1.972319e-08  1.345101e-08 5.699340e-16
 2.002002e-01  2.257917e-08  1.568957e-08 7.559814e-16
 2.012012e-01  2.367279e-08  2.538856e-08 1.204980e-15
 2.022022e-01  2.545926e-08  3.049247e-08 1.577965e-15
 2.032032e-01  2.480214e-08  4.349314e-08 2.506800e-15
 2.042042e-01  2.399663e-08  5.216965e-08 3.297511e-15
 2.052052e-01  1.966476e-08  6.905796e-08 5.155704e-15
 2.062062e-01  1.388993e-08  8.167647e-08 6.863975e-15
 2.072072e-01  3.006625e-09  1.024895e-07 1.051313e-14
 2.082082e-01 -1.114464e-08  1.186043e-07 1.419118e-14
 2.092092e-01 -3.252862e-08  1.422360e-07 2.128920e-14
 2.102102e-01 -5.952729e-08  1.598635e-07 2.909983e-14
 2.112112e-01 -9.634242e-08  1.832074e-07 4.284680e-14
 2.122122e-01 -1.414581e-07  1.978333e-07 5.914842e-14
 2.132132e-01 -1.991214e-07  2.146628e-07 8.572946e-14
 2.142142e-01 -2.676349e-07  2.180195e-07 1.191609e-13
 2.152152e-01 -3.508988e-07  2.176992e-07 1.705229e-13
 2.162162e-01 -4.465116e-07  1.964674e-07 2.379721e-13
 2.172172e-01 -5.573576e-07  1.627296e-07 3.371284e-13
 2.182182e-01 -6.794962e-07  9.750319e-08 4.712219e-13
 2.192192e-01 -8.137864e-07  7.746357e-09 6.623084e-13
 2.202202e-01 -9.535570e-07 -1.271536e-07 9.254389e-13
 2.212212e-01 -1.096277e-06 -3.013120e-07 1.292611e-12
 2.222222e-01 -1.231022e-06 -5.362817e-07 1.803013e-12
 2.232232e-01 -1.350236e-06 -8.261478e-07 2.505657e-12
 2.242242e-01 -1.437050e-06 -1.191811e-06 3.485526e-12
 2.252252e-01 -1.477228e-06 -1.625136e-06 4.823270e-12
 2.262262e-01 -1.446460e-06 -2.143518e-06 6.686915e-12
 2.272272e-01 -1.322656e-06 -2.732988e-06 9.218645e-12
 2.282282e-01 -1.073415e-06 -3.403022e-06 1.273278e-11
 2.292292e-01 -6.689103e-07 -4.128578e-06 1.749260e-11
 2.302302e-01 -6.982244e-08 -4.905175e-06 2.406562e-11
 2.312312e-01  7.588520e-07 -5.689948e-06 3.295136e-11
 2.322322e-01  1.859048e-06 -6.457190e-06 4.515136e-11
 2.332332e-01  3.264523e-06 -7.138672e-06 6.161775e-11
 2.342342e-01  5.010911e-06 -7.680077e-06 8.409282e-11
 2.352352e-01  7.118959e-06 -7.981103e-06 1.143776e-10
 2.362362e-01  9.603113e-06 -7.953496e-06 1.554779e-10
 2.372372e-01  1.245291e-05 -7.461778e-06 2.107531e-10
 2.382382e-01  1.564007e-05 -6.383926e-06 2.853664e-10
 2.392392e-01  1.909826e-05 -4.553882e-06 3.854815e-10
 2.402402e-01  2.272916e-05 -1.826204e-06 5.199498e-10
 2.412412e-01  2.638140e-05  1.978258e-06 6.998915e-10
 2.422422e-01  2.985688e-05  7.002309e-06 9.404654e-10
 2.432432e-01  3.289064e-05  1.340224e-05 1.261414e-09
 2.442442e-01  3.515971e-05  2.127120e-05 1.688670e-09
 2.452452e-01  3.626675e-05  3.068373e-05 2.256768e-09
 2.462462e-01  3.575484e-05  4.161222e-05 3.009985e-09
 2.472472e-01  3.309893e-05  5.396663e-05 4.007936e-09
 2.482482e-01  2.773105e-05  6.750534e-05 5.325983e-09
 2.492492e-01  1.904419e-05  8.187259e-05 7.065802e-09
 2.502503e-01  6.432832e-06  9.650765e-05 9.355107e-09
 2.512513e-01 -1.068611e-05  1.106855e-04 1.236547e-08
 2.522523e-01 -3.281351e-05  1.234317e-04 1.631210e-08
 2.532533e-01 -6.032720e-05  1.335754e-04 2.148175e-08
 2.542543e-01 -9.340176e-05  1.396809e-04 2.823465e-08
 2.552553e-01 -1.319489e-04  1.401260e-04 3.704583e-08
 2.562563e-01 -1.755213e-04  1.330641e-04 4.851378e-08
 2.572573e-01 -2.232418e-04  1.165426e-04 6.341911e-08
 2.582583e-01 -2.737040e-04  8.851102e-05 8.274809e-08
 2.592593e-01 -3.249080e-04  4.699353e-05 1.077736e-07
 2.602603e-01 -3.741796e-04 -9.845342e-06 1.401073e-07
 2.612613e-01 -4.181420e-04 -8.346572e-05 1.818093e-07
 2.622623e-01 -4.526876e-04 -1.748269e-04 2.354905e-07
 2.632633e-01 -4.730232e-04 -2.840947e-04 3.044607e-07
 2.642643e-01 -4.737365e-04 -4.104710e-04 3.929128e-07
 2.652653e-01 -4.489596e-04 -5.518698e-04 5.061250e-07
 2.662663e-01 -3.925726e-04 -7.047404e-04 6.507722e-07
 2.672673e-01 -2.985224e-04 -8.637673e-04 8.352095e-07
 2.682683e-01 -1.611954e-04 -1.021757e-03 1.069971e-06
 2.692693e-01  2.409080e-05 -1.169445e-03 1.368183e-06
 2.702703e-01  2.605475e-04 -1.295547e-03 1.746328e-06
 2.712713e-01  5.492739e-04 -1.386782e-03 2.224865e-06
 2.722723e-01  8.886026e-04 -1.428200e-03 2.829371e-06
 2.732733e-01  1.273396e-03 -1.403548e-03 3.591485e-06
 2.742743e-01  1.694402e-03 -1.295979e-03 4.550559e-06
 2.752753e-01  2.137650e-03 -1.088844e-03 5.755129e-06
 2.762763e-01  2.584023e-03 -7.668572e-04 7.265247e-06
 2.772773e-01  3.008996e-03 -3.173278e-04 9.154755e-06
 2.782783e-01  3.382689e-03  2.682559e-04 1.151454e-05
 2.792793e-01  3.670240e-03  9.926563e-04 1.445603e-05
 2.802803e-01  3.832644e-03  1.851076e-03 1.811565e-05
 2.812813e-01  3.828038e-03  2.829527e-03 2.266010e-05
 2.822823e-01  3.613559e-03  3.903168e-03 2.829253e-05
 2.832833e-01  3.147722e-03  5.035087e-03 3.526025e-05
 2.842843e-01  2.393377e-03  6.175352e-03 4.386322e-05
 2.852853e-01  1.321122e-03  7.260846e-03 5.446525e-05
 2.862863e-01 -8.685969e-05  8.215721e-03 6.750562e-05
 2.872873e-01 -1.832762e-03  8.952985e-03 8.351495e-05
 2.882883e-01 -3.899059e-03  9.377023e-03 1.031312e-04
 2.892893e-01 -6.244691e-03  9.387520e-03 1.271217e-04
 2.902903e-01 -8.801775e-03  8.884476e-03 1.564052e-04
 2.912913e-01 -1.147329e-02  7.774646e-03 1.920816e-04
 2.922923e-01 -1.413206e-02  5.978945e-03 2.354630e-04
 2.932933e-01 -1.662146e-02  3.440936e-03 2.881128e-04
 2.942943e-01 -1.875820e-02  1.357031e-04 3.518884e-04
 2.952953e-01 -2.033762e-02 -3.920993e-03 4.289929e-04
 2.962963e-01 -2.114152e-02 -8.664248e-03 5.220330e-04
 2.972973e-01 -2.094884e-02 -1.397256e-02 6.340863e-04
 2.982983e-01 -1.954897e-02 -1.966258e-02 7.687792e-04
 2.992993e-01 -1.675756e-02 -2.548643e-02 9.303736e-04
 3.003003e-01 -1.243410e-02 -3.113299e-02 1.123870e-03
 3.013013e-01 -6.500806e-03 -3.623337e-02 1.355118e-03
 3.023023e-01  1.038527e-03 -4.037168e-02 1.630951e-03
 3.033033e-01  1.008076e-02 -4.310113e-02 1.959329e-03
 3.043043e-01  2.040832e-02 -4.396598e-02 2.349507e-03
 3.053053e-01  3.167843e-02 -4.252872e-02 2.812215e-03
 3.063063e-01  4.341829e-02 -3.840218e-02 3.359875e-03
 3.073073e-01  5.502791e-02 -3.128503e-02 4.006824e-03
 3.083083e-01  6.579218e-02 -2.099928e-02 4.769581e-03
 3.093093e-01  7.490303e-02 -7.527391e-03 5.667125e-03
 3.103103e-01  8.149266e-02  8.953550e-03 6.721219e-03
 3.113113e-01  8.467765e-02  2.804372e-02 7.956755e-03
 3.123123e-01  8.361325e-02  4.910154e-02 9.402137e-03
 3.133133e-01  7.755604e-02  7.123737e-02 1.108970e-02
 3.143143e-01  6.593253e-02  9.332240e-02 1.305617e-02
 3.153153e-01  4.840983e-02  1.140159e-01 1.534315e-02
 3.163163e-01  2.496399e-02  1.318122e-01 1.799765e-02
 3.173173e-01 -4.059353e-03  1.451075e-01 2.107268e-02
 3.183183e-01 -3.789778e-02  1.522879e-01 2.462784e-02
 3.193193e-01 -7.534444e-02  1.518329e-01 2.873000e-02
 3.203203e-01 -1.147456e-01  1.424339e-01 3.345397e-02
 3.213213e-01 -1.540285e-01  1.231197e-01 3.888323e-02
 3.223223e-01 -1.907631e-01  9.338174e-02 4.511071e-02
 3.233233e-01 -2.222603e-01  5.329101e-02 5.223958e-02
 3.243243e-01 -2.457054e-01  3.595660e-03 6.038406e-02
 3.253253e-01 -2.583244e-01 -5.421062e-02 6.967030e-02
 3.263263e-01 -2.575775e-01 -1.178601e-01 8.023720e-02
 3.273273e-01 -2.413695e-01 -1.843313e-01 9.223727e-02
 3.283283e-01 -2.082661e-01 -2.499256e-01 1.058376e-01
 3.293293e-01 -1.577011e-01 -3.104043e-01 1.212205e-01
 3.303303e-01 -9.015752e-02 -3.611871e-01 1.385845e-01
 3.313313e-01 -7.305255e-03 -3.976076e-01 1.581452e-01
 3.323323e-01  8.792200e-02 -4.152175e-01 1.801358e-01
 3.333333e-01  1.913269e-01 -4.101244e-01 2.048080e-01
 3.343343e-01  2.975381e-01 -3.793459e-01 2.324322e-01
 3.353353e-01  4.001979e-01 -3.211544e-01 2.632985e-01
 3.363363e-01  4.922492e-01 -2.353878e-01 2.977167e-01
 3.373373e-01  5.663180e-01 -1.236953e-01 3.360165e-01
 3.383383e-01  6.151761e-01  1.030740e-02 3.785479e-01
 3.393393e-01  6.322649e-01  1.610016e-01 4.256804e-01
 3.403403e-01  6.122478e-01  3.208674e-01 4.778032e-01
 3.413413e-01  5.515572e-01  4.807383e-01 5.353246e-01
 3.423423e-01  4.488919e-01  6.302117e-01 5.986708e-01
 3.433433e-01  3.056223e-01  7.582083e-01 6.682848e-01
 3.443443e-01  1.260575e-01  8.536596e-01 7.446252e-01
 3.453453e-01 -8.246405e-02  9.062914e-01 8.281645e-01
 3.463463e-01 -3.096934e-01  9.074560e-01 9.193865e-01
 3.473473e-01 -5.428204e-01  8.509586e-01 1.018784e+00
 3.483483e-01 -7.670572e-01  7.338128e-01 1.126858e+00
 3.493493e-01 -9.664456e-01  5.568597e-01 1.244110e+00
 3.503504e-01 -1.124855e+00  3.251831e-01 1.371043e+00
 3.513514e-01 -1.227121e+00  4.826266e-02 1.508155e+00
 3.523524e-01 -1.260255e+00 -2.601805e-01 1.655936e+00
 3.533534e-01 -1.214641e+00 -5.826747e-01 1.814862e+00
 3.543544e-01 -1.085127e+00 -8.988286e-01 1.985394e+00
 3.553554e-01 -8.719087e-01 -1.186482e+00 2.167965e+00
 3.563564e-01 -5.811167e-01 -1.423125e+00 2.362982e+00
 3.573574e-01 -2.250233e-01 -1.587508e+00 2.570818e+00
 3.583584e-01  1.781940e-01 -1.661340e+00 2.791805e+00
 3.593594e-01  6.051637e-01 -1.630951e+00 3.026226e+00
 3.603604e-01  1.028506e+00 -1.488788e+00 3.274314e+00
 3.613614e-01  1.418452e+00 -1.234599e+00 3.536242e+00
 3.623624e-01  1.744823e+00 -8.761909e-01 3.812117e+00
 3.633634e-01  1.979240e+00 -4.296350e-01 4.101977e+00
 3.643644e-01  2.097427e+00  8.113325e-02 4.405781e+00
 3.653654e-01  2.081421e+00  6.253723e-01 4.723406e+00
 3.663664e-01  1.921519e+00  1.167221e+00 5.054640e+00
 3.673674e-01  1.617753e+00  1.667950e+00 5.399182e+00
 3.683684e-01  1.180760e+00  2.088644e+00 5.756630e+00
 3.693694e-01  6.318900e-01  2.393157e+00 6.126485e+00
 3.703704e-01  2.481219e-03  2.551105e+00 6.508142e+00
 3.713714e-01 -6.677119e-01  2.540680e+00 6.900895e+00
 3.723724e-01 -1.332899e+00  2.351023e+00 7.303928e+00
 3.733734e-01 -1.944314e+00  1.983926e+00 7.716320e+00
 3.743744e-01 -2.453766e+00  1.454673e+00 8.137043e+00
 3.753754e-01 -2.817431e+00  7.918661e-01 8.564968e+00
 3.763764e-01 -2.999592e+00  3.616526e-02 8.998860e+00
 3.773774e-01 -2.976020e+00 -7.620330e-01 9.437390e+00
 3.783784e-01 -2.736674e+00 -1.545883e+00 9.879137e+00
 3.793794e-01 -2.287450e+00 -2.256140e+00 1.032259e+01
 3.803804e-01 -1.650763e+00 -2.835693e+00 1.076617e+01
 3.813814e-01 -8.648160e-01 -3.234240e+00 1.120821e+01
 3.823824e-01  1.847110e-02 -3.412721e+00 1.164700e+01
 3.833834e-01  9.367967e-01 -3.347116e+00 1.208077e+01
 3.843844e-01  1.821881e+00 -3.031247e+00 1.250771e+01
 3.853854e-01  2.604634e+00 -2.478279e+00 1.292598e+01
 3.863864e-01  3.220707e+00 -1.720695e+00 1.333374e+01
 3.873874e-01  3.615963e+00 -8.086727e-01 1.372914e+01
 3.883884e-01  3.751405e+00  1.931163e-01 1.411033e+01
 3.893894e-01  3.607100e+00  1.210098e+00 1.447550e+01
 3.903904e-01  3.184704e+00  2.163458e+00 1.482289e+01
 3.913914e-01  2.508290e+00  2.976450e+00 1.515077e+01
 3.923924e-01  1.623313e+00  3.580832e+00 1.545750e+01
 3.933934e-01  5.937098e-01  3.922884e+00 1.574151e+01
 3.943944e-01 -5.027111e-01  3.968453e+00 1.600134e+01
 3.953954e-01 -1.580264e+00  3.706533e+00 1.623562e+01
 3.963964e-01 -2.552307e+00  3.151008e+00 1.644312e+01
 3.973974e-01 -3.338514e+00  2.340310e+00 1.662273e+01
 3.983984e-01 -3.871874e+00  1.334939e+00 1.677347e+01
 3.993994e-01 -4.104774e+00  2.129795e-01 1.689453e+01
 4.004004e-01 -4.013603e+00 -9.360771e-01 1.698525e+01
 4.014014e-01 -3.601390e+00 -2.018693e+00 1.704514e+01
 4.024024e-01 -2.898185e+00 -2.945230e+00 1.707386e+01
 4.034034e-01 -1.959063e+00 -3.637765e+00 1.707126e+01
 4.044044e-01 -8.598647e-01 -4.037077e+00 1.703736e+01
 4.054054e-01  3.090175e-01 -4.108145e+00 1.697235e+01
 4.064064e-01  1.450286e+00 -3.843597e+00 1.687657e+01
 4.074074e-01  2.468160e+00 -3.264771e+00 1.675054e+01
 4.084084e-01  3.276824e+00 -2.420203e+00 1.659496e+01
 4.094094e-01  3.808112e+00 -1.381644e+00 1.641065e+01
 4.104104e-01  4.017714e+00 -2.379069e-01 1.619862e+01
 4.114114e-01  3.889294e+00  9.129044e-01 1.596001e+01
 4.124124e-01  3.436107e+00  1.972116e+00 1.569607e+01
 4.134134e-01  2.699912e+00  2.849329e+00 1.540820e+01
 4.144144e-01  1.747271e+00  3.470581e+00 1.509789e+01
 4.154154e-01  6.635254e-01  3.785027e+00 1.476669e+01
 4.164164e-01 -4.549807e-01  3.769516e+00 1.441626e+01
 4.174174e-01 -1.509723e+00  3.430603e+00 1.404830e+01
 4.184184e-01 -2.409025e+00  2.803782e+00 1.366459e+01
 4.194194e-01 -3.076427e+00  1.950016e+00 1.326697e+01
 4.204204e-01 -3.457600e+00  9.498873e-01 1.285729e+01
 4.214214e-01 -3.525138e+00 -1.040847e-01 1.243743e+01
 4.224224e-01 -3.280760e+00 -1.116193e+00 1.200928e+01
 4.234234e-01 -2.754730e+00 -1.996523e+00 1.157464e+01
 4.244244e-01 -2.002549e+00 -2.669286e+00 1.113529e+01
 4.254254e-01 -1.099281e+00 -3.079695e+00 1.069294e+01
 4.264264e-01 -1.320671e-01 -3.198720e+00 1.024925e+01
 4.274274e-01  8.084015e-01 -3.025285e+00 9.805861e+00
 4.284284e-01  1.636606e+00 -2.585711e+00 9.364379e+00
 4.294294e-01  2.280244e+00 -1.930508e+00 8.926374e+00
 4.304304e-01  2.686818e+00 -1.128869e+00 8.493337e+00
 4.314314e-01  2.828121e+00 -2.614574e-01 8.066627e+00
 4.324324e-01  2.702220e+00  5.877470e-01 7.647440e+00
 4.334334e-01  2.332796e+00  1.339724e+00 7.236797e+00
 4.344344e-01  1.765952e+00  1.927949e+00 6.835574e+00
 4.354354e-01  1.064888e+00  2.304469e+00 6.444566e+00
 4.364364e-01  3.030419e-01  2.443913e+00 6.064545e+00
 4.374374e-01 -4.435761e-01  2.345110e+00 5.696299e+00
 4.384384e-01 -1.104024e+00  2.030204e+00 5.340596e+00
 4.394394e-01 -1.619277e+00  1.541448e+00 4.998119e+00
 4.404404e-01 -1.947594e+00  9.360738e-01 4.669357e+00
 4.414414e-01 -2.067904e+00  2.798504e-01 4.354543e+00
 4.424424e-01 -1.980928e+00 -3.599633e-01 4.053651e+00
 4.434434e-01 -1.708018e+00 -9.215012e-01 3.766491e+00
 4.444444e-01 -1.287913e+00 -1.354303e+00 3.492854e+00
 4.454454e-01 -7.718523e-01 -1.623852e+00 3.232651e+00
 4.464464e-01 -2.176387e-01 -1.714236e+00 2.985973e+00
 4.474474e-01  3.166888e-01 -1.628723e+00 2.753032e+00
 4.484484e-01  7.788618e-01 -1.388296e+00 2.533992e+00
 4.494494e-01  1.127455e+00 -1.028402e+00 2.328766e+00
 4.504505e-01  1.335524e+00 -5.943610e-01 2.136890e+00
 4.514515e-01  1.392497e+00 -1.359858e-01 1.957540e+00
 4.524525e-01  1.304205e+00  2.979447e-01 1.789723e+00
 4.534535e-01  1.091163e+00  6.647682e-01 1.632554e+00
 4.544545e-01  7.853813e-01  9.320362e-01 1.485515e+00
 4.554555e-01  4.261479e-01  1.080247e+00 1.348535e+00
 4.564565e-01  5.531092e-02  1.103987e+00 1.221847e+00
 4.574575e-01 -2.873960e-01  1.011471e+00 1.105670e+00
 4.584585e-01 -5.684644e-01  8.226148e-01 9.998469e-01
 4.594595e-01 -7.637458e-01  5.659729e-01 9.036330e-01
 4.604605e-01 -8.603244e-01  2.749437e-01 8.157521e-01
 4.614615e-01 -8.570126e-01 -1.626890e-02 7.347353e-01
 4.624625e-01 -7.635093e-01 -2.764789e-01 6.593870e-01
 4.634635e-01 -5.984182e-01 -4.806951e-01 5.891720e-01
 4.644645e-01 -3.864331e-01 -6.123578e-01 5.243127e-01
 4.654655e-01 -1.550770e-01 -6.644325e-01 4.655194e-01
 4.664665e-01  6.860360e-02 -6.393455e-01 4.134691e-01
 4.674675e-01  2.610030e-01 -5.478399e-01 3.682511e-01
 4.684685e-01  4.042753e-01 -4.069949e-01 3.290833e-01
 4.694695e-01  4.877896e-01 -2.376809e-01 2.944309e-01
 4.704705e-01  5.086357e-01 -6.182521e-02 2.625327e-01
 4.714715e-01  4.711990e-01  1.002115e-01 2.320709e-01
 4.724725e-01  3.859445e-01  2.318081e-01 2.026882e-01
 4.734735e-01  2.676162e-01  3.216367e-01 1.750686e-01
 4.744745e-01  1.331258e-01  3.644138e-01 1.505199e-01
 4.754755e-01 -6.043260e-04  3.608974e-01 1.302473e-01
 4.764765e-01 -1.185738e-01  3.171269e-01 1.146292e-01
 4.774775e-01 -2.092241e-01  2.431568e-01 1.029000e-01
 4.784785e-01 -2.653885e-01  1.513812e-01 9.334733e-02
 4.794795e-01 -2.846457e-01  5.482400e-02 8.402883e-02
 4.804805e-01 -2.690623e-01 -3.455969e-02 7.358889e-02
 4.814815e-01 -2.244700e-01 -1.071393e-01 6.186563e-02
 4.824825e-01 -1.593424e-01 -1.566238e-01 4.992103e-02
 4.834835e-01 -8.355990e-02 -1.802602e-01 3.947599e-02
 4.844845e-01 -7.017628e-03 -1.790957e-01 3.212451e-02
 4.854855e-01  6.106167e-02 -1.559778e-01 2.805760e-02
 4.864865e-01  1.112253e-01 -1.111970e-01 2.473585e-02
 4.874875e-01  1.373350e-01 -5.357952e-02 2.173168e-02
 4.884885e-01  1.379494e-01  5.770276e-03 1.906334e-02
 4.894895e-01  1.159829e-01  5.698406e-02 1.669920e-02
 4.904905e-01  7.776306e-02  9.258014e-02 1.461818e-02
 4.914915e-01  3.155928e-02  1.086152e-01 1.279324e-02
 4.924925e-01 -1.401138e-02  1.048219e-01 1.118395e-02
 4.934935e-01 -5.148140e-02  8.429525e-02 9.756024e-03
 4.944945e-01 -7.564308e-02  5.251839e-02 8.480057e-03
 4.954955e-01 -8.416164e-02  1.619421e-02 7.345435e-03
 4.964965e-01 -7.761578e-02 -1.806444e-02 6.350533e-03
 4.974975e-01 -5.904757e-02 -4.481328e-02 5.494846e-03
 4.984985e-01 -3.313787e-02 -6.057280e-02 4.767183e-03
 4.994995e-01 -5.209097e-03 -6.415144e-02 4.142542e-03
 5.005005e-01  1.976591e-02 -5.657184e-02 3.591064e-03
 5.015015e-01  3.796627e-02 -4.059809e-02 3.089643e-03
 5.025025e-01  4.723201e-02 -2.005074e-02 2.632895e-03
 5.035035e-01  4.721713e-02  9.941562e-04 2.230445e-03
 5.045045e-01  3.921395e-02  1.892451e-02 1.895871e-03
 5.055055e-01  2.571119e-02  3.115556e-02 1.631734e-03
 5.065065e-01  9.805655e-03  3.642316e-02 1.422798e-03
 5.075075e-01 -5.420208e-03  3.482594e-02 1.242225e-03
 5.085085e-01 -1.743155e-02  2.761021e-02 1.066183e-03
 5.095095e-01 -2.461341e-02  1.680228e-02 8.881367e-04
 5.105105e-01 -2.642517e-02  4.741591e-03 7.207722e-04
 5.115115e-01 -2.335223e-02 -6.356240e-03 5.857282e-04
 5.125125e-01 -1.667242e-02 -1.477041e-02 4.961346e-04
 5.135135e-01 -8.125779e-03 -1.948219e-02 4.455842e-04
 5.145145e-01  4.740800e-04 -2.026064e-02 4.107184e-04
 5.155155e-01  7.553317e-03 -1.754839e-02 3.649987e-04
 5.165165e-01  1.213156e-02 -1.239805e-02 3.008865e-04
 5.175175e-01  1.424002e-02 -6.481972e-03 2.447942e-04
 5.185185e-01  1.408659e-02 -8.131597e-04 1.990934e-04
 5.195195e-01  1.209240e-02  3.912957e-03 1.615373e-04
 5.205205e-01  8.864294e-03  7.229172e-03 1.308366e-04
 5.215215e-01  5.060953e-03  8.953315e-03 1.057751e-04
 5.225225e-01  1.304004e-03  9.145547e-03 8.534146e-05
 5.235235e-01 -1.907106e-03  8.068519e-03 6.873805e-05
 5.245245e-01 -4.237489e-03  6.106826e-03 5.524963e-05
 5.255255e-01 -5.536807e-03  3.698176e-03 4.433274e-05
 5.265265e-01 -5.823934e-03  1.257874e-03 3.550045e-05
 5.275275e-01 -5.255400e-03 -8.706662e-04 2.837729e-05
 5.285285e-01 -4.076268e-03 -2.454331e-03 2.263970e-05
 5.295295e-01 -2.570672e-03 -3.379270e-03 1.802782e-05
 5.305305e-01 -1.013118e-03 -3.647358e-03 1.432963e-05
 5.315315e-01  3.674498e-04 -3.351428e-03 1.136709e-05
 5.325325e-01  1.412471e-03 -2.646992e-03 9.001639e-06
 5.335335e-01  2.041960e-03 -1.715842e-03 7.113714e-06
 5.345345e-01  2.251488e-03 -7.368399e-04 5.612133e-06
 5.355355e-01  2.097316e-03  1.410559e-04 4.418632e-06
 5.365365e-01  1.676929e-03  8.127268e-04 3.472616e-06
 5.375375e-01  1.106108e-03  1.224993e-03 2.724083e-06
 5.385385e-01  4.989442e-04  1.372477e-03 2.132637e-06
 5.395395e-01 -4.900453e-05  1.290118e-03 1.666806e-06
 5.405405e-01 -4.705044e-04  1.038538e-03 1.299936e-06
 5.415415e-01 -7.311823e-04  6.910747e-04 1.012212e-06
 5.425425e-01 -8.274218e-04  3.191323e-04 7.864722e-07
 5.435435e-01 -7.808814e-04 -1.690869e-05 6.100617e-07
 5.445445e-01 -6.296132e-04 -2.754487e-04 4.722847e-07
 5.455455e-01 -4.192404e-04 -4.349235e-04 3.649209e-07
 5.465465e-01 -1.941738e-04 -4.937538e-04 2.814963e-07
 5.475475e-01  8.532067e-06 -4.653827e-04 2.166539e-07
 5.485485e-01  1.634917e-04 -3.738861e-04 1.665203e-07
 5.495495e-01  2.580487e-04 -2.471543e-04 1.276744e-07
 5.505506e-01  2.916829e-04 -1.126145e-04 9.776095e-08
 5.515516e-01  2.731771e-04  7.655496e-06 7.468433e-08
 5.525526e-01  2.174371e-04  9.838727e-05 5.695893e-08
 5.535536e-01  1.416018e-04  1.526880e-04 4.336471e-08
 5.545546e-01  6.209576e-05  1.705315e-04 3.293687e-08
 5.555556e-01 -7.970441e-06  1.578847e-04 2.499110e-08
 5.565566e-01 -5.990148e-05  1.237620e-04 1.890523e-08
 5.575576e-01 -8.995833e-05  7.874190e-05 1.429279e-08
 5.585586e-01 -9.862660e-05  3.233211e-05 1.077257e-08
 5.595596e-01 -8.973308e-05 -7.697815e-06 8.111281e-09
 5.605606e-01 -6.889304e-05 -3.671370e-05 6.094147e-09
 5.615616e-01 -4.235541e-05 -5.266862e-05 4.567965e-09
 5.625626e-01 -1.569930e-05 -5.635344e-05 3.422178e-09
 5.635636e-01  6.754367e-06 -5.007787e-05 2.553415e-09
 5.645646e-01  2.248219e-05 -3.743738e-05 1.907006e-09
 5.655656e-01  3.059594e-05 -2.193450e-05 1.417234e-09
 5.665666e-01  3.172525e-05 -6.905823e-06 1.054182e-09
 5.675676e-01  2.741605e-05  5.441910e-06 7.812541e-10
 5.685686e-01  1.977856e-05  1.366927e-05 5.780405e-10
 5.695696e-01  1.088017e-05  1.758673e-05 4.276711e-10
 5.705706e-01  2.532677e-06  1.755323e-05 3.145304e-10
 5.715716e-01 -4.058185e-06  1.469206e-05 2.323256e-10
 5.725726e-01 -8.230642e-06  1.011164e-05 1.699887e-10
 5.735736e-01 -9.947733e-06  5.114947e-06 1.251201e-10
 5.745746e-01 -9.540875e-06  5.514157e-07 9.133236e-11
 5.755756e-01 -7.661702e-06 -2.839324e-06 6.676343e-11
 5.765766e-01 -4.991538e-06 -4.885925e-06 4.878772e-11
 5.775776e-01 -2.214188e-06 -5.515057e-06 3.531848e-11
 5.785786e-01  1.941951e-07 -5.082881e-06 2.587339e-11
 5.795796e-01  1.901561e-06 -3.866294e-06 1.856416e-11
 5.805806e-01  2.827466e-06 -2.364476e-06 1.358531e-11
 5.815816e-01  3.004645e-06 -8.339951e-07 9.723437e-12
 5.825826e-01  2.627267e-06  3.780851e-07 7.045481e-12
 5.835836e-01  1.892646e-06  1.224464e-06 5.081423e-12
 5.845846e-01  1.045791e-06  1.586495e-06 3.610646e-12
 5.855856e-01  2.460980e-07  1.606617e-06 2.641784e-12
 5.865866e-01 -3.615867e-07  1.306754e-06 1.838351e-12
 5.875876e-01 -7.425216e-07  8.971085e-07 1.356142e-12
 5.885886e-01 -8.758646e-07  4.137749e-07 9.383485e-13
 5.895896e-01 -8.251612e-07  2.821467e-08 6.816871e-13
 5.905906e-01 -6.348109e-07 -2.830285e-07 4.830901e-13
 5.915916e-01 -3.948648e-07 -4.230983e-07 3.349304e-13
 5.925926e-01 -1.462957e-07 -4.774427e-07 2.493540e-13
 5.935936e-01  4.819826e-08 -4.007909e-07 1.629564e-13
 5.945946e-01  1.846343e-07 -3.037849e-07 1.263751e-13
 5.955956e-01  2.402224e-07 -1.519950e-07 8.080929e-14
 5.965966e-01  2.431840e-07 -4.561034e-08 6.121878e-14
 5.975976e-01  1.939987e-07  6.496061e-08 4.185539e-14
 5.985986e-01  1.310914e-07  1.037441e-07 2.794779e-14
 5.995996e-01  5.622381e-08  1.383987e-07 2.231532e-14
 6.006006e-01  2.435168e-10  1.112429e-07 1.237505e-14
 6.016016e-01 -4.542056e-08  9.728847e-08 1.152807e-14
 6.026026e-01 -6.240267e-08  4.454233e-08 5.878113e-15
 6.036036e-01 -6.892418e-08  2.418124e-08 5.335274e-15
 6.046046e-01 -5.443014e-08 -1.859436e-08 3.308391e-15
 6.056056e-01 -4.027165e-08 -2.103383e-08 2.064228e-15
 6.066066e-01 -1.697897e-08 -4.206919e-08 2.058102e-15
 6.076076e-01 -3.540597e-09 -2.576947e-08 6.766015e-16
 6.086086e-01  1.211137e-08 -3.216725e-08 1.181417e-15
 6.096096e-01  1.495333e-08 -8.349404e-09 2.933146e-16
 6.106106e-01  1.957524e-08 -1.215323e-08 5.308912e-16
 6.116116e-01  1.357995e-08  8.938176e-09 2.643059e-16
 6.126126e-01  1.219972e-08  6.250620e-10 1.492238e-16
 6.136136e-01  3.679747e-09  1.550420e-08 2.539207e-16
 6.146146e-01  2.303658e-09  2.309151e-09 1.063902e-17
 6.156156e-01 -4.127969e-09  1.289584e-08 1.833429e-16
 6.166166e-01 -2.726662e-09 -2.113365e-09 1.190100e-17
 6.176176e-01 -6.123576e-09  7.503556e-09 9.380154e-17
 6.186186e-01 -2.423910e-09 -6.530020e-09 4.851650e-17
 6.196196e-01 -4.166863e-09  4.050232e-09 3.376713e-17
 6.206206e-01  1.198404e-10 -8.097628e-09 6.558595e-17
 6.216216e-01 -1.584116e-09  3.529299e-09 1.496538e-17
 6.226226e-01  2.075577e-09 -7.282417e-09 5.734161e-17
 6.236236e-01 -3.029936e-10  4.569476e-09 2.097191e-17
 6.246246e-01  2.512999e-09 -5.797513e-09 3.992632e-17
 6.256256e-01 -3.891851e-10  5.566008e-09 3.113191e-17
 6.266266e-01  1.965811e-09 -4.850902e-09 2.739566e-17
 6.276276e-01 -1.010116e-09  5.821357e-09 3.490853e-17
 6.286286e-01  1.300234e-09 -4.652693e-09 2.333816e-17
 6.296296e-01 -1.451947e-09  5.495452e-09 3.230815e-17
 6.306306e-01  9.819905e-10 -4.825194e-09 2.424681e-17
 6.316316e-01 -1.510394e-09  5.034477e-09 2.762725e-17
 6.326326e-01  9.977603e-10 -4.966513e-09 2.566177e-17
 6.336336e-01 -1.341505e-09  4.726823e-09 2.414250e-17
 6.346346e-01  1.127990e-09 -4.922442e-09 2.550280e-17
 6.356356e-01 -1.161440e-09  4.604288e-09 2.254841e-17
 6.366366e-01  1.203287e-09 -4.748326e-09 2.399450e-17
 6.376376e-01 -1.072941e-09  4.564333e-09 2.198434e-17
 6.386386e-01  1.186347e-09 -4.555862e-09 2.216330e-17
 6.396396e-01 -1.061960e-09  4.511632e-09 2.148259e-17
 6.406406e-01  1.122003e-09 -4.408447e-09 2.069330e-17
 6.416416e-01 -1.072488e-09  4.416455e-09 2.065531e-17
 6.426426e-01  1.061479e-09 -4.306668e-09 1.967413e-17
 6.436436e-01 -1.067155e-09  4.296792e-09 1.960124e-17
 6.446446e-01  1.024881e-09 -4.223447e-09 1.888789e-17
 6.456456e-01 -1.041250e-09  4.179204e-09 1.854995e-17
 6.466466e-01  1.005686e-09 -4.137596e-09 1.813111e-17
 6.476476e-01 -1.007100e-09  4.076153e-09 1.762927e-17
 6.486486e-01  9.901590e-10 -4.044354e-09 1.733721e-17
 6.496496e-01 -9.760733e-10  3.985686e-09 1.683842e-17
 6.506507e-01  9.708406e-10 -3.949012e-09 1.653723e-17
 6.516517e-01 -9.515433e-10  3.900926e-09 1.612266e-17
 6.526527e-01  9.475916e-10 -3.857436e-09 1.577774e-17
 6.536537e-01 -9.312213e-10  3.817471e-09 1.544026e-17
 6.546547e-01  9.235448e-10 -3.771701e-09 1.507867e-17
 6.556557e-01 -9.119390e-10  3.734585e-09 1.477876e-17
 6.566567e-01  9.010543e-10 -3.690953e-09 1.443503e-17
 6.576577e-01 -8.923382e-10  3.653631e-09 1.414528e-17
 6.586587e-01  8.805809e-10 -3.613472e-09 1.383261e-17
 6.596597e-01 -8.725105e-10  3.575668e-09 1.354667e-17
 6.606607e-01  8.615078e-10 -3.538293e-09 1.326172e-17
 6.616617e-01 -8.530758e-10  3.500886e-09 1.298394e-17
 6.626627e-01  8.430889e-10 -3.465329e-09 1.271931e-17
 6.636637e-01 -8.345141e-10  3.429049e-09 1.245479e-17
 6.646647e-01  8.252223e-10 -3.394693e-09 1.220494e-17
 6.656657e-01 -8.166980e-10  3.359707e-09 1.195462e-17
 6.666667e-01  8.078920e-10 -3.326484e-09 1.171818e-17
 6.676677e-01 -7.995733e-10  3.292710e-09 1.148126e-17
 6.686687e-01  7.912329e-10 -3.260558e-09 1.125729e-17
 6.696697e-01 -7.829781e-10  3.227978e-09 1.103290e-17
 6.706707e-01  7.751366e-10 -3.196781e-09 1.082024e-17
 6.716717e-01 -7.669450e-10  3.165450e-09 1.060828e-17
 6.726727e-01  7.596155e-10 -3.135088e-09 1.040579e-17
 6.736737e-01 -7.515580e-10  3.105011e-09 1.020593e-17
 6.746747e-01  7.445511e-10 -3.075341e-09 1.001208e-17
 6.756757e-01 -7.367116e-10  3.046569e-09 9.824328e-18
 6.766767e-01  7.299388e-10 -3.017622e-09 9.638854e-18
 6.776777e-01 -7.224046e-10  2.989943e-09 9.461627e-18
 6.786787e-01  7.157008e-10 -2.961753e-09 9.284207e-18
 6.796797e-01 -7.086660e-10  2.935050e-09 9.116723e-18
 6.806807e-01  7.019426e-10 -2.907751e-09 8.947737e-18
 6.816817e-01 -6.953753e-10  2.881833e-09 8.788506e-18
 6.826827e-01  6.886496e-10 -2.855467e-09 8.627930e-18
 6.836837e-01 -6.824858e-10  2.830207e-09 8.475861e-18
 6.846847e-01  6.758219e-10 -2.804928e-09 8.324356e-18
 6.856857e-01 -6.699262e-10  2.780166e-09 8.178126e-18
 6.866867e-01  6.634466e-10 -2.755887e-09 8.035073e-18
 6.876877e-01 -6.577688e-10  2.731696e-09 7.894821e-18
 6.886887e-01  6.515300e-10 -2.708324e-09 7.759513e-18
 6.896897e-01 -6.459138e-10  2.684717e-09 7.624911e-18
 6.906907e-01  6.399723e-10 -2.662126e-09 7.496482e-18
 6.916917e-01 -6.344350e-10  2.639213e-09 7.367951e-18
 6.926927e-01  6.287943e-10 -2.617278e-09 7.245529e-18
 6.936937e-01 -6.232722e-10  2.595117e-09 7.123102e-18
 6.946947e-01  6.179865e-10 -2.573720e-09 7.005942e-18
 6.956957e-01 -6.124903e-10  2.552265e-09 6.889202e-18
 6.966967e-01  6.074632e-10 -2.531418e-09 6.777088e-18
 6.976977e-01 -6.020897e-10  2.510772e-09 6.666488e-18
 6.986987e-01  5.971932e-10 -2.490388e-09 6.558673e-18
 6.996997e-01 -5.920321e-10  2.470461e-09 6.453679e-18
 7.007007e-01  5.871874e-10 -2.450555e-09 6.350008e-18
 7.017017e-01 -5.823298e-10  2.431224e-09 6.249957e-18
 7.027027e-01  5.774952e-10 -2.411850e-09 6.150523e-18
 7.037037e-01 -5.728890e-10  2.393130e-09 6.055274e-18
 7.047047e-01  5.680792e-10 -2.374337e-09 5.960189e-18
 7.057057e-01 -5.636883e-10  2.356059e-09 5.868760e-18
 7.067067e-01  5.589630e-10 -2.337880e-09 5.778123e-18
 7.077077e-01 -5.546825e-10  2.320022e-09 5.690174e-18
 7.087087e-01  5.501788e-10 -2.302429e-09 5.603877e-18
 7.097097e-01 -5.458804e-10  2.285018e-09 5.519290e-18
 7.107107e-01  5.416928e-10 -2.267927e-09 5.436923e-18
 7.117117e-01 -5.373558e-10  2.250984e-09 5.355682e-18
 7.127127e-01  5.334416e-10 -2.234344e-09 5.276855e-18
 7.137137e-01 -5.290718e-10  2.217913e-09 5.199054e-18
 7.147147e-01  5.253743e-10 -2.201673e-09 5.123380e-18
 7.157157e-01 -5.210940e-10  2.185760e-09 5.049088e-18
 7.167167e-01  5.174689e-10 -2.169875e-09 4.976130e-18
 7.177177e-01 -5.133793e-10  2.154476e-09 4.905327e-18
 7.187187e-01  5.097667e-10 -2.138946e-09 4.834953e-18
 7.197197e-01 -5.059012e-10  2.123998e-09 4.767304e-18
 7.207207e-01  5.021830e-10 -2.108842e-09 4.699402e-18
 7.217217e-01 -4.987092e-10  2.094352e-09 4.635021e-18
 7.227227e-01  4.948088e-10 -2.079570e-09 4.569446e-18
 7.237237e-01 -4.916810e-10  2.065370e-09 4.507502e-18
 7.247247e-01  4.876546e-10 -2.051122e-09 4.444910e-18
 7.257257e-01 -4.847781e-10  2.037136e-09 4.384933e-18
 7.267267e-01  4.807615e-10 -2.023449e-09 4.325479e-18
 7.277277e-01 -4.779777e-10  2.009638e-09 4.267108e-18
 7.287287e-01  4.741363e-10 -1.996496e-09 4.210801e-18
 7.297297e-01 -4.712610e-10  1.982871e-09 4.153864e-18
 7.307307e-01  4.678059e-10 -1.970191e-09 4.100493e-18
 7.317317e-01 -4.646869e-10  1.956816e-09 4.045064e-18
 7.327327e-01  4.616751e-10 -1.944471e-09 3.994110e-18
 7.337337e-01 -4.581932e-10  1.931534e-09 3.940765e-18
 7.347347e-01  4.557171e-10 -1.919330e-09 3.891504e-18
 7.357357e-01 -4.519456e-10  1.906958e-09 3.840744e-18
 7.367367e-01  4.498076e-10 -1.894762e-09 3.792452e-18
 7.377377e-01 -4.459641e-10  1.883028e-09 3.744677e-18
 7.387387e-01  4.439208e-10 -1.870746e-09 3.696757e-18
 7.397397e-01 -4.402982e-10  1.859688e-09 3.652303e-18
 7.407407e-01  4.380342e-10 -1.847447e-09 3.604935e-18
 7.417417e-01 -4.348709e-10  1.836893e-09 3.563290e-18
 7.427427e-01  4.322186e-10 -1.824795e-09 3.516689e-18
 7.437437e-01 -4.297192e-10  1.814520e-09 3.477142e-18
 7.447447e-01  4.264406e-10 -1.802828e-09 3.432041e-18
 7.457457e-01 -4.246328e-10  1.792571e-09 3.393625e-18
 7.467467e-01  4.208939e-10 -1.781520e-09 3.350964e-18
 7.477477e-01 -4.196205e-10  1.771035e-09 3.312648e-18
 7.487487e-01  4.156504e-10 -1.760794e-09 3.273162e-18
 7.497497e-01 -4.144743e-10  1.749927e-09 3.234033e-18
 7.507508e-01  4.107990e-10 -1.740610e-09 3.198478e-18
 7.517518e-01 -4.092747e-10  1.729385e-09 3.158277e-18
 7.527528e-01  4.062044e-10 -1.720794e-09 3.126135e-18
 7.537538e-01 -4.040057e-10  1.709572e-09 3.085857e-18
 7.547548e-01  4.018925e-10 -1.701244e-09 3.055750e-18
 7.557558e-01 -3.988422e-10  1.690399e-09 3.016525e-18
 7.567568e-01  3.975717e-10 -1.681925e-09 2.986935e-18
 7.577578e-01 -3.939493e-10  1.671847e-09 2.950268e-18
 7.587588e-01  3.932153e-10 -1.662894e-09 2.919833e-18
 7.597598e-01 -3.893297e-10  1.653930e-09 2.887062e-18
 7.607608e-01  3.887170e-10 -1.644298e-09 2.854817e-18
 7.617618e-01 -3.851007e-10  1.636394e-09 2.826087e-18
 7.627628e-01  3.841212e-10 -1.626185e-09 2.792026e-18
 7.637638e-01 -3.812319e-10  1.619089e-09 2.766786e-18
 7.647648e-01  3.794013e-10 -1.608741e-09 2.731993e-18
 7.657658e-01 -3.775366e-10  1.601969e-09 2.708838e-18
 7.667668e-01  3.747537e-10 -1.591904e-09 2.674599e-18
 7.677678e-01 -3.739026e-10  1.584962e-09 2.651907e-18
 7.687688e-01  3.703213e-10 -1.575751e-09 2.620130e-18
 7.697698e-01 -3.701726e-10  1.568114e-09 2.596010e-18
 7.707708e-01  3.662185e-10 -1.560107e-09 2.568051e-18
 7.717718e-01 -3.662539e-10  1.551564e-09 2.541492e-18
 7.727728e-01  3.625492e-10 -1.544810e-09 2.517879e-18
 7.737738e-01 -3.621147e-10  1.535514e-09 2.488931e-18
 7.747748e-01  3.592015e-10 -1.529738e-09 2.469123e-18
 7.757758e-01 -3.578479e-10  1.520075e-09 2.438682e-18
 7.767768e-01  3.561444e-10 -1.514705e-09 2.421169e-18
 7.777778e-01 -3.536761e-10  1.505284e-09 2.390967e-18
 7.787788e-01  3.530813e-10 -1.499634e-09 2.373570e-18
 7.797798e-01 -3.496962e-10  1.491141e-09 2.345788e-18
 7.807808e-01  3.498411e-10 -1.484674e-09 2.326646e-18
 7.817818e-01 -3.460597e-10  1.477485e-09 2.302718e-18
 7.827828e-01  3.463761e-10 -1.470022e-09 2.280941e-18
 7.837838e-01 -3.428846e-10  1.464109e-09 2.261186e-18
 7.847848e-01  3.427111e-10 -1.455758e-09 2.236683e-18
 7.857858e-01 -3.399860e-10  1.450862e-09 2.220592e-18
 7.867868e-01  3.388754e-10 -1.442064e-09 2.194387e-18
 7.877878e-01 -3.372744e-10  1.437569e-09 2.180358e-18
 7.887888e-01  3.351297e-10 -1.429069e-09 2.154549e-18
 7.897898e-01 -3.346365e-10  1.424267e-09 2.140518e-18
 7.907908e-01  3.315858e-10 -1.416558e-09 2.116585e-18
 7.917918e-01 -3.317968e-10  1.411047e-09 2.101143e-18
 7.927928e-01  3.283924e-10 -1.404490e-09 2.080433e-18
 7.937938e-01 -3.287460e-10  1.398016e-09 2.062522e-18
 7.947948e-01  3.255554e-10 -1.392718e-09 2.045650e-18
 7.957958e-01 -3.255194e-10  1.385373e-09 2.025222e-18
 7.967968e-01  3.230319e-10 -1.381017e-09 2.011559e-18
 7.977978e-01 -3.221599e-10  1.373257e-09 1.989621e-18
 7.987988e-01  3.206062e-10 -1.369299e-09 1.977768e-18
 7.997998e-01 -3.188655e-10  1.361671e-09 1.955823e-18
 8.008008e-01  3.182137e-10 -1.357569e-09 1.944254e-18
 8.018018e-01 -3.157599e-10  1.350607e-09 1.923843e-18
 8.028028e-01  3.156952e-10 -1.345913e-09 1.911145e-18
 8.038038e-01 -3.129450e-10  1.339851e-09 1.893134e-18
 8.048048e-01  3.130045e-10 -1.334439e-09 1.878699e-18
 8.058058e-01 -3.104341e-10  1.329387e-09 1.863638e-18
 8.068068e-01  3.101755e-10 -1.323281e-09 1.847282e-18
 8.078078e-01 -3.080928e-10  1.319008e-09 1.834703e-18
 8.088088e-01  3.073104e-10 -1.312581e-09 1.817309e-18
 8.098098e-01 -3.058438e-10  1.308650e-09 1.806106e-18
 8.108108e-01  3.045025e-10 -1.302223e-09 1.788507e-18
 8.118118e-01 -3.036347e-10  1.298365e-09 1.777947e-18
 8.128128e-01  3.019043e-10 -1.292264e-09 1.761091e-18
 8.138138e-01 -3.013158e-10  1.288146e-09 1.750112e-18
 8.148148e-01  2.994123e-10 -1.282616e-09 1.734752e-18
 8.158158e-01 -2.989341e-10  1.278104e-09 1.722911e-18
 8.168168e-01  2.970967e-10 -1.273212e-09 1.709334e-18
 8.178178e-01 -2.965928e-10  1.268299e-09 1.696549e-18
 8.188188e-01  2.948726e-10 -1.263974e-09 1.684581e-18
 8.198198e-01 -2.941950e-10  1.258773e-09 1.671060e-18
 8.208208e-01  2.927649e-10 -1.254849e-09 1.660356e-18
 8.218218e-01 -2.918474e-10  1.249514e-09 1.646461e-18
 8.228228e-01  2.906503e-10 -1.245871e-09 1.636673e-18
 8.238238e-01 -2.895901e-10  1.240578e-09 1.622896e-18
 8.248248e-01  2.885661e-10 -1.236953e-09 1.613323e-18
 8.258258e-01 -2.873763e-10  1.231850e-09 1.600039e-18
 8.268268e-01  2.865285e-10 -1.228204e-09 1.590584e-18
 8.278278e-01 -2.852695e-10  1.223406e-09 1.578102e-18
 8.288288e-01  2.845283e-10 -1.219563e-09 1.568290e-18
 8.298298e-01 -2.831525e-10  1.215208e-09 1.556906e-18
 8.308308e-01  2.825599e-10 -1.211084e-09 1.546565e-18
 8.318318e-01 -2.811403e-10  1.207159e-09 1.536274e-18
 8.328328e-01  2.806215e-10 -1.202772e-09 1.525408e-18
 8.338338e-01 -2.791573e-10  1.199292e-09 1.516231e-18
 8.348348e-01  2.786632e-10 -1.194661e-09 1.504868e-18
 8.358358e-01 -2.773040e-10  1.191574e-09 1.496745e-18
 8.368368e-01  2.766787e-10 -1.186826e-09 1.485107e-18
 8.378378e-01 -2.755670e-10  1.183906e-09 1.477569e-18
 8.388388e-01  2.747202e-10 -1.179224e-09 1.466042e-18
 8.398398e-01 -2.738795e-10  1.176281e-09 1.458647e-18
 8.408408e-01  2.727276e-10 -1.171944e-09 1.447833e-18
 8.418418e-01 -2.722795e-10  1.168734e-09 1.440074e-18
 8.428428e-01  2.708461e-10 -1.164891e-09 1.430328e-18
 8.438438e-01 -2.706373e-10  1.161328e-09 1.421928e-18
 8.448448e-01  2.690665e-10 -1.157969e-09 1.413289e-18
 8.458458e-01 -2.688873e-10  1.154070e-09 1.404178e-18
 8.468468e-01  2.674554e-10 -1.151217e-09 1.396833e-18
 8.478478e-01 -2.670819e-10  1.147034e-09 1.387020e-18
 8.488488e-01  2.659492e-10 -1.144506e-09 1.380623e-18
 8.498498e-01 -2.652576e-10  1.140285e-09 1.370611e-18
 8.508509e-01  2.645604e-10 -1.137817e-09 1.364621e-18
 8.518519e-01 -2.634794e-10  1.133746e-09 1.354802e-18
 8.528529e-01  2.631530e-10 -1.131168e-09 1.348789e-18
 8.538539e-01 -2.617696e-10  1.127507e-09 1.339796e-18
 8.548549e-01  2.617191e-10 -1.124616e-09 1.333259e-18
 8.558559e-01 -2.602037e-10  1.121473e-09 1.325408e-18
 8.568569e-01  2.601682e-10 -1.118122e-09 1.317885e-18
 8.578579e-01 -2.588156e-10  1.115522e-09 1.311375e-18
 8.588589e-01  2.585296e-10 -1.111887e-09 1.303131e-18
 8.598599e-01 -2.575150e-10  1.109624e-09 1.297580e-18
 8.608609e-01  2.569023e-10 -1.105856e-09 1.288916e-18
 8.618619e-01 -2.562820e-10  1.103745e-09 1.283933e-18
 8.628629e-01  2.552731e-10 -1.100111e-09 1.275409e-18
 8.638639e-01 -2.550065e-10  1.097873e-09 1.270353e-18
 8.648649e-01  2.538177e-10 -1.094546e-09 1.262455e-18
 8.658659e-01 -2.537304e-10  1.092059e-09 1.256973e-18
 8.668669e-01  2.524579e-10 -1.089256e-09 1.250213e-18
 8.678679e-01 -2.523474e-10  1.086418e-09 1.243983e-18
 8.688689e-01  2.511988e-10 -1.083936e-09 1.238018e-18
 8.698699e-01 -2.509077e-10  1.080924e-09 1.231352e-18
 8.708709e-01  2.500985e-10 -1.078742e-09 1.226234e-18
 8.718719e-01 -2.494432e-10  1.075665e-09 1.219277e-18
 8.728729e-01  2.490297e-10 -1.073516e-09 1.214452e-18
 8.738739e-01 -2.480792e-10  1.070662e-09 1.207859e-18
 8.748749e-01  2.478861e-10 -1.068319e-09 1.202752e-18
 8.758759e-01 -2.467768e-10  1.065794e-09 1.196815e-18
 8.768769e-01  2.466957e-10 -1.063231e-09 1.191318e-18
 8.778779e-01 -2.456474e-10  1.061074e-09 1.186220e-18
 8.788789e-01  2.454290e-10 -1.058294e-09 1.180222e-18
 8.798799e-01 -2.446413e-10  1.056401e-09 1.175833e-18
 8.808809e-01  2.440765e-10 -1.053559e-09 1.169560e-18
 8.818819e-01 -2.437515e-10  1.051762e-09 1.165618e-18
 8.828829e-01  2.427817e-10 -1.049033e-09 1.159414e-18
 8.838839e-01 -2.427748e-10  1.047135e-09 1.155432e-18
 8.848849e-01  2.415669e-10 -1.044687e-09 1.149725e-18
 8.858859e-01 -2.417309e-10  1.042569e-09 1.145384e-18
 8.868869e-01  2.404741e-10 -1.040457e-09 1.140378e-18
 8.878879e-01 -2.406307e-10  1.038110e-09 1.135575e-18
 8.888889e-01  2.395896e-10 -1.036384e-09 1.131496e-18
 8.898899e-01 -2.394032e-10  1.033787e-09 1.126030e-18
 8.908909e-01  2.388098e-10 -1.032314e-09 1.122701e-18
 8.918919e-01 -2.381703e-10  1.029662e-09 1.116928e-18
 8.928929e-01  2.380411e-10 -1.028207e-09 1.113874e-18
 8.938939e-01 -2.370195e-10  1.025786e-09 1.108414e-18
 8.948949e-01  2.372605e-10 -1.024150e-09 1.105176e-18
 8.958959e-01 -2.359484e-10  1.022070e-09 1.100298e-18
 8.968969e-01  2.363655e-10 -1.020075e-09 1.096422e-18
 8.978979e-01 -2.350670e-10  1.018534e-09 1.092667e-18
 8.988989e-01  2.353198e-10 -1.016133e-09 1.087902e-18
 8.998999e-01 -2.343142e-10  1.015050e-09 1.085230e-18
 9.009009e-01  2.341890e-10 -1.012359e-09 1.079715e-18
 9.019019e-01 -2.337254e-10  1.011589e-09 1.077941e-18
 9.029029e-01  2.330547e-10 -1.008777e-09 1.071946e-18
 9.039039e-01 -2.331338e-10  1.008044e-09 1.070504e-18
 9.049049e-01  2.319566e-10 -1.005528e-09 1.064891e-18
 9.059059e-01 -2.325493e-10  1.004440e-09 1.062978e-18
 9.069069e-01  2.309748e-10 -1.002488e-09 1.058331e-18
 9.079079e-01 -2.317425e-10  1.000836e-09 1.055378e-18
 9.089089e-01  2.302345e-10 -9.995557e-10 1.052120e-18
 9.099099e-01 -2.308520e-10  9.973116e-10 1.047923e-18
 9.109109e-01  2.296649e-10 -9.966753e-10 1.046108e-18
 9.119119e-01 -2.298019e-10  9.940005e-10 1.040846e-18
 9.129129e-01  2.292416e-10 -9.937208e-10 1.040033e-18
 9.139139e-01 -2.287116e-10  9.910448e-10 1.034479e-18
 9.149149e-01  2.288817e-10 -9.906901e-10 1.033854e-18
 9.159159e-01 -2.276425e-10  9.883028e-10 1.028564e-18
 9.169169e-01  2.284867e-10 -9.875602e-10 1.027481e-18
 9.179179e-01 -2.267416e-10  9.857699e-10 1.023154e-18
 9.189189e-01  2.278779e-10 -9.844285e-10 1.021028e-18
 9.199199e-01 -2.260539e-10  9.834240e-10 1.018223e-18
 9.209209e-01  2.271217e-10 -9.813553e-10 1.014642e-18
 9.219219e-01 -2.256044e-10  9.811024e-10 1.013459e-18
 9.229229e-01  2.261441e-10 -9.784680e-10 1.008541e-18
 9.239239e-01 -2.253501e-10  9.787133e-10 1.008662e-18
 9.249249e-01  2.251038e-10 -9.758601e-10 1.002975e-18
 9.259259e-01 -2.251751e-10  9.762505e-10 1.003769e-18
 9.269269e-01  2.240581e-10 -9.735338e-10 9.979701e-19
 9.279279e-01 -2.249577e-10  9.736382e-10 9.985772e-19
 9.289289e-01  2.231717e-10 -9.715565e-10 9.937276e-19
 9.299299e-01 -2.245736e-10  9.709911e-10 9.932571e-19
 9.309309e-01  2.225381e-10 -9.697181e-10 9.898764e-19
 9.319319e-01 -2.239677e-10  9.682810e-10 9.877295e-19
 9.329329e-01  2.221548e-10 -9.679667e-10 9.863124e-19
 9.339339e-01 -2.231652e-10  9.658015e-10 9.825752e-19
 9.349349e-01  2.220024e-10 -9.661619e-10 9.827538e-19
 9.359359e-01 -2.222343e-10  9.635511e-10 9.778188e-19
 9.369369e-01  2.219316e-10 -9.642286e-10 9.789903e-19
 9.379379e-01 -2.213122e-10  9.616586e-10 9.737664e-19
 9.389389e-01  2.218226e-10 -9.621337e-10 9.749065e-19
 9.399399e-01 -2.204511e-10  9.600300e-10 9.702563e-19
 9.409409e-01  2.216271e-10 -9.599524e-10 9.706271e-19
 9.419419e-01 -2.198091e-10  9.586984e-10 9.674187e-19
 9.429429e-01  2.212760e-10 -9.577756e-10 9.662972e-19
 9.439439e-01 -2.194189e-10  9.573805e-10 9.647222e-19
 9.449449e-01  2.206725e-10 -9.556954e-10 9.620500e-19
 9.459459e-01 -2.192541e-10  9.560937e-10 9.621875e-19
 9.469469e-01  2.199027e-10 -9.537791e-10 9.580518e-19
 9.479479e-01 -2.193049e-10  9.546772e-10 9.595032e-19
 9.489489e-01  2.190702e-10 -9.522554e-10 9.547820e-19
 9.499499e-01 -2.193831e-10  9.531078e-10 9.565433e-19
 9.509510e-01  2.182932e-10 -9.510009e-10 9.520547e-19
 9.519520e-01 -2.193515e-10  9.514234e-10 9.533216e-19
 9.529530e-01  2.176834e-10 -9.500192e-10 9.499225e-19
 9.539540e-01 -2.191020e-10  9.496668e-10 9.498726e-19
 9.549550e-01  2.173491e-10 -9.491576e-10 9.481407e-19
 9.559560e-01 -2.186675e-10  9.480095e-10 9.465376e-19
 9.569570e-01  2.172448e-10 -9.483344e-10 9.465333e-19
 9.579580e-01 -2.180598e-10  9.465315e-10 9.434719e-19
 9.589590e-01  2.172819e-10 -9.474267e-10 9.448289e-19
 9.599600e-01 -2.173917e-10  9.453527e-10 9.409508e-19
 9.609610e-01  2.173794e-10 -9.463579e-10 9.428470e-19
 9.619620e-01 -2.167515e-10  9.444152e-10 9.389012e-19
 9.629630e-01  2.174431e-10 -9.451675e-10 9.406231e-19
 9.639640e-01 -2.162260e-10  9.437738e-10 9.374627e-19
 9.649650e-01  2.173599e-10 -9.439484e-10 9.382839e-19
 9.659660e-01 -2.158983e-10  9.432670e-10 9.363646e-19
 9.669670e-01  2.171344e-10 -9.427597e-10 9.359432e-19
 9.679680e-01 -2.157835e-10  9.428287e-10 9.354885e-19
 9.689690e-01  2.167325e-10 -9.417112e-10 9.337929e-19
 9.699700e-01 -2.157919e-10  9.423516e-10 9.345926e-19
 9.709710e-01  2.162624e-10 -9.408567e-10 9.319808e-19
 9.719720e-01 -2.159267e-10  9.418318e-10 9.336715e-19
 9.729730e-01  2.157804e-10 -9.402116e-10 9.305590e-19
 9.739740e-01 -2.160859e-10  9.411767e-10 9.325067e-19
 9.749750e-01  2.153461e-10 -9.398434e-10 9.296795e-19
 9.759760e-01 -2.160734e-10  9.405049e-10 9.312372e-19
 9.769770e-01  2.150632e-10 -9.396131e-10 9.291249e-19
 9.779780e-01 -2.160338e-10  9.398405e-10 9.299707e-19
 9.789790e-01  2.149691e-10 -9.395264e-10 9.289215e-19
 9.799800e-01 -2.158531e-10  9.392064e-10 9.287013e-19
 9.809810e-01  2.149734e-10 -9.395126e-10 9.288974e-19
 9.819820e-01 -2.155878e-10  9.387502e-10 9.277300e-19
 9.829830e-01  2.150360e-10 -9.394593e-10 9.288242e-19
 9.839840e-01 -2.152985e-10  9.383998e-10 9.269477e-19
 9.849850e-01  2.151688e-10 -9.393496e-10 9.286753e-19
 9.859860e-01 -2.150193e-10  9.382966e-10 9.266338e-19
 9.869870e-01  2.153088e-10 -9.392183e-10 9.284890e-19
 9.879880e-01 -2.147995e-10  9.383774e-10 9.266910e-19
 9.889890e-01  2.154160e-10 -9.390506e-10 9.282201e-19
 9.899900e-01 -2.146922e-10  9.386161e-10 9.270929e-19
 9.909910e-01  2.154288e-10 -9.389175e-10 9.279757e-19
 9.919920e-01 -2.146670e-10  9.389406e-10 9.276913e-19
 9.929930e-01  2.154253e-10 -9.388739e-10 9.278922e-19
 9.939940e-01 -2.147079e-10  9.393496e-10 9.284772e-19
 9.949950e-01  2.153378e-10 -9.388956e-10 9.278954e-19
 9.959960e-01 -2.148635e-10  9.397051e-10 9.292121e-19
 9.969970e-01  2.151744e-10 -9.391370e-10 9.282784e-19
 9.979980e-01 -2.151239e-10  9.400621e-10 9.299951e-19
 9.989990e-01  2.150110e-10 -9.395192e-10 9.289261e-19
 1.000000e+00 -2.153062e-10  9.403946e-10 9.306987e-19
