# x psi_r psi_i psi2 
 0.000000e+00 -2.877822e-01  9.654730e-02 9.213996e-02
 1.001001e-03 -2.732261e-01  3.840760e-02 7.612766e-02
 2.002002e-03 -2.440822e-01 -1.973323e-02 5.996554e-02
 3.003003e-03 -2.022502e-01 -7.491037e-02 4.651672e-02
 4.004004e-03 -1.502812e-01 -1.243997e-01 3.805972e-02
 5.005005e-03 -9.122779e-02 -1.658532e-01 3.582981e-02
 6.006006e-03 -2.847010e-02 -1.974116e-01 3.978187e-02
 7.007007e-03  3.447398e-02 -2.177875e-01 4.861984e-02
 8.008008e-03  9.414241e-02 -2.263173e-01 6.008233e-02
 9.009009e-03  1.473169e-01 -2.229778e-01 7.142136e-02
 1.001001e-02  1.911942e-01 -2.083681e-01 7.997248e-02
 1.101101e-02  2.235328e-01 -1.836591e-01 8.369761e-02
 1.201201e-02  2.427657e-01 -1.505139e-01 8.158963e-02
 1.301301e-02  2.480753e-01 -1.109826e-01 7.385851e-02
 1.401401e-02  2.394257e-01 -6.738091e-02 6.186483e-02
 1.501502e-02  2.175516e-01 -2.215633e-02 4.781959e-02
 1.601602e-02  1.839054e-01  2.224811e-02 3.431619e-02
 1.701702e-02  1.405655e-01  6.352604e-02 2.379423e-02
 1.801802e-02  9.011104e-02  9.962851e-02 1.804584e-02
 1.901902e-02  3.547167e-02  1.288666e-01 1.786485e-02
 2.002002e-02 -2.023996e-02  1.499913e-01 2.290704e-02
 2.102102e-02 -7.390330e-02  1.622457e-01 3.178536e-02
 2.202202e-02 -1.225627e-01  1.653888e-01 4.237509e-02
 2.302302e-02 -1.635886e-01  1.596892e-01 5.226187e-02
 2.402402e-02 -1.948176e-01  1.458901e-01 5.923780e-02
 2.502503e-02 -2.146652e-01  1.251490e-01 6.174340e-02
 2.602603e-02 -2.222042e-01  9.895592e-02 5.916700e-02
 2.702703e-02 -2.172059e-01  6.903510e-02 5.194427e-02
 2.802803e-02 -2.001411e-01  3.723714e-02 4.144306e-02
 2.902903e-02 -1.721427e-01  5.427430e-03 2.966256e-02
 3.003003e-02 -1.349322e-01 -2.462196e-02 1.881295e-02
 3.103103e-02 -9.071453e-02 -5.133117e-02 1.086401e-02
 3.203203e-02 -4.204723e-02 -7.339627e-02 7.154982e-03
 3.303303e-02  8.307066e-03 -8.985366e-02 8.142688e-03
 3.403403e-02  5.753757e-02 -1.001216e-01 1.333491e-02
 3.503504e-02  1.029422e-01 -1.040174e-01 2.141671e-02
 3.603604e-02  1.420756e-01 -1.017497e-01 3.053847e-02
 3.703704e-02  1.728803e-01 -9.388731e-02 3.870244e-02
 3.803804e-02  1.937940e-01 -8.130747e-02 4.416701e-02
 3.903904e-02  2.038267e-01 -6.512647e-02 4.578679e-02
 4.004004e-02  2.026056e-01 -4.661859e-02 4.322234e-02
 4.104104e-02  1.903835e-01 -2.712801e-02 3.698181e-02
 4.204204e-02  1.680128e-01 -7.979673e-03 2.829197e-02
 4.304304e-02  1.368864e-01  9.605273e-03 1.883014e-02
 4.404404e-02  9.884965e-02  2.458432e-02 1.037564e-02
 4.504505e-02  5.608891e-02  3.615414e-02 4.453088e-03
 4.604605e-02  1.100329e-02  4.379338e-02 2.038933e-03
 4.704705e-02 -3.393242e-02  4.728552e-02 3.387329e-03
 4.804805e-02 -7.630611e-02  4.672072e-02 8.005448e-03
 4.904905e-02 -1.138998e-01  4.247717e-02 1.477747e-02
 5.005005e-02 -1.448072e-01  3.518364e-02 2.220702e-02
 5.105105e-02 -1.675309e-01  2.566608e-02 2.872535e-02
 5.205205e-02 -1.810541e-01  1.488228e-02 3.300206e-02
 5.305305e-02 -1.848835e-01  3.849027e-03 3.419674e-02
 5.405405e-02 -1.790622e-01 -6.433084e-03 3.210465e-02
 5.505506e-02 -1.641512e-01 -1.505227e-02 2.717218e-02
 5.605606e-02 -1.411835e-01 -2.125066e-02 2.038437e-02
 5.705706e-02 -1.115924e-01 -2.447765e-02 1.305202e-02
 5.805806e-02 -7.711985e-02 -2.442814e-02 6.544206e-03
 5.905906e-02 -3.971039e-02 -2.106314e-02 2.020571e-03
 6.006006e-02 -1.397259e-03 -1.461161e-02 2.154516e-04
 6.106106e-02  3.581251e-02 -5.553625e-03 1.313379e-03
 6.206206e-02  7.004731e-02  5.414066e-03 4.935937e-03
 6.306306e-02  9.966842e-02  1.742735e-02 1.023751e-02
 6.406406e-02  1.233505e-01  2.951587e-02 1.608654e-02
 6.506507e-02  1.401411e-01  4.067153e-02 2.129371e-02
 6.606607e-02  1.494962e-01  4.992001e-02 2.484112e-02
 6.706707e-02  1.512910e-01  5.639039e-02 2.606884e-02
 6.806807e-02  1.458064e-01  5.937823e-02 2.478528e-02
 6.906907e-02  1.336926e-01  5.839805e-02 2.128403e-02
 7.007007e-02  1.159129e-01  5.322160e-02 1.626835e-02
 7.107107e-02  9.367305e-02  4.389947e-02 1.070180e-02
 7.207207e-02  6.833898e-02  3.076452e-02 5.616671e-03
 7.307307e-02  4.135073e-02  1.441695e-02 1.917731e-03
 7.407407e-02  1.413630e-02 -4.308214e-03 2.183957e-04
 7.507508e-02 -1.196847e-02 -2.438902e-02 7.380689e-04
 7.607608e-02 -3.578972e-02 -4.467703e-02 3.276941e-03
 7.707708e-02 -5.637096e-02 -6.396630e-02 7.269373e-03
 7.807808e-02 -7.301172e-02 -8.106682e-02 1.190254e-02
 7.907908e-02 -8.528757e-02 -9.487751e-02 1.627571e-02
 8.008008e-02 -9.305151e-02 -1.044545e-01 1.956933e-02
 8.108108e-02 -9.641760e-02 -1.090704e-01 2.119271e-02
 8.208208e-02 -9.572899e-02 -1.082606e-01 2.088440e-02
 8.308308e-02 -9.151332e-02 -1.018545e-01 1.874904e-02
 8.408408e-02 -8.442938e-02 -8.998917e-02 1.522637e-02
 8.508509e-02 -7.520904e-02 -7.310464e-02 1.100069e-02
 8.608609e-02 -6.459898e-02 -5.192215e-02 6.868938e-03
 8.708709e-02 -5.330612e-02 -2.740563e-02 3.592612e-03
 8.808809e-02 -4.195069e-02 -7.095469e-04 1.760364e-03
 8.908909e-02 -3.102977e-02  2.688382e-02 1.685587e-03
 9.009009e-02 -2.089358e-02  5.403389e-02 3.356202e-03
 9.109109e-02 -1.173553e-02  7.941376e-02 6.444268e-03
 9.209209e-02 -3.596285e-03  1.017807e-01 1.037224e-02
 9.309309e-02  3.619339e-03  1.200408e-01 1.442288e-02
 9.409409e-02  1.011421e-02  1.333041e-01 1.787229e-02
 9.509510e-02  1.616243e-02  1.409283e-01 2.012201e-02
 9.609610e-02  2.206747e-02  1.425466e-01 2.080651e-02
 9.709710e-02  2.811886e-02  1.380815e-01 1.985717e-02
 9.809810e-02  3.455061e-02  1.277415e-01 1.751164e-02
 9.909910e-02  4.150514e-02  1.120037e-01 1.426750e-02
 1.001001e-01  4.900549e-02  9.158199e-02 1.078880e-02
 1.011011e-01  5.693823e-02  6.738499e-02 7.782699e-03
 1.021021e-01  6.504858e-02  4.046502e-02 5.868735e-03
 1.031031e-01  7.294826e-02  1.196262e-02 5.464553e-03
 1.041041e-01  8.013582e-02 -1.695070e-02 6.709076e-03
 1.051051e-01  8.602815e-02 -4.512782e-02 9.437362e-03
 1.061061e-01  9.000087e-02 -7.149660e-02 1.321192e-02
 1.071071e-01  9.143520e-02 -9.510320e-02 1.740501e-02
 1.081081e-01  8.976752e-02 -1.151461e-01 2.131683e-02
 1.091091e-01  8.453860e-02 -1.309998e-01 2.430773e-02
 1.101101e-01  7.543849e-02 -1.422276e-01 2.591967e-02
 1.111111e-01  6.234412e-02 -1.485840e-01 2.596400e-02
 1.121121e-01  4.534652e-02 -1.500072e-01 2.455847e-02
 1.131131e-01  2.476555e-02 -1.466041e-01 2.210610e-02
 1.141141e-01  1.150746e-03 -1.386287e-01 1.921924e-02
 1.151151e-01 -2.473225e-02 -1.264569e-01 1.660303e-02
 1.161161e-01 -5.192931e-02 -1.105593e-01 1.492002e-02
 1.171171e-01 -7.933802e-02 -9.147493e-02 1.466218e-02
 1.181181e-01 -1.057585e-01 -6.978629e-02 1.605498e-02
 1.191191e-01 -1.299519e-01 -4.609900e-02 1.901260e-02
 1.201201e-01 -1.507033e-01 -2.102532e-02 2.315354e-02
 1.211211e-01 -1.668856e-01  4.827161e-03 2.787411e-02
 1.221221e-01 -1.775205e-01  3.086216e-02 3.246601e-02
 1.231231e-01 -1.818332e-01  5.649729e-02 3.625524e-02
 1.241241e-01 -1.792975e-01  8.116365e-02 3.873514e-02
 1.251251e-01 -1.696700e-01  1.043039e-01 3.966721e-02
 1.261261e-01 -1.530089e-01  1.253704e-01 3.912946e-02
 1.271271e-01 -1.296798e-01  1.438244e-01 3.750232e-02
 1.281281e-01 -1.003455e-01  1.591388e-01 3.539437e-02
 1.291291e-01 -6.594123e-02  1.708042e-01 3.352233e-02
 1.301301e-01 -2.763833e-02  1.783399e-01 3.256898e-02
 1.311311e-01  1.320452e-02  1.813093e-01 3.304742e-02
 1.321321e-01  5.509738e-02  1.793403e-01 3.519868e-02
 1.331331e-01  9.648092e-02  1.721485e-01 3.894366e-02
 1.341341e-01  1.357904e-01  1.595624e-01 4.389918e-02
 1.351351e-01  1.715192e-01  1.415496e-01 4.945511e-02
 1.361361e-01  2.022781e-01  1.182406e-01 5.489729e-02
 1.371371e-01  2.268496e-01  8.994851e-02 5.955147e-02
 1.381381e-01  2.442322e-01  5.718318e-02 6.291927e-02
 1.391391e-01  2.536767e-01  2.065683e-02 6.477856e-02
 1.401401e-01  2.547105e-01 -1.871960e-02 6.522788e-02
 1.411411e-01  2.471515e-01 -5.985076e-02 6.466597e-02
 1.421421e-01  2.311100e-01 -1.014822e-01 6.371046e-02
 1.431431e-01  2.069815e-01 -1.422362e-01 6.307248e-02
 1.441441e-01  1.754291e-01 -1.806577e-01 6.341259e-02
 1.451451e-01  1.373584e-01 -2.152677e-01 6.520752e-02
 1.461461e-01  9.388544e-02 -2.446230e-01 6.865489e-02
 1.471471e-01  4.629980e-02 -2.673787e-01 7.363505e-02
 1.481481e-01 -3.975630e-03 -2.823508e-01 7.973780e-02
 1.491491e-01 -5.542731e-02 -2.885756e-01 8.634808e-02
 1.501502e-01 -1.064944e-01 -2.853626e-01 9.277289e-02
 1.511512e-01 -1.556121e-01 -2.723383e-01 9.838328e-02
 1.521522e-01 -2.012533e-01 -2.494779e-01 1.027421e-01
 1.531532e-01 -2.419696e-01 -2.171230e-01 1.056917e-01
 1.541542e-01 -2.764291e-01 -1.759845e-01 1.073836e-01
 1.551552e-01 -3.034520e-01 -1.271292e-01 1.082449e-01
 1.561562e-01 -3.220429e-01 -7.195127e-02 1.088886e-01
 1.571572e-01 -3.314203e-01 -1.212859e-02 1.099865e-01
 1.581582e-01 -3.310414e-01  5.043320e-02 1.121319e-01
 1.591592e-01 -3.206232e-01  1.136676e-01 1.157195e-01
 1.601602e-01 -3.001584e-01  1.754216e-01 1.208678e-01
 1.611612e-01 -2.699257e-01  2.335346e-01 1.273983e-01
 1.621622e-01 -2.304940e-01  2.859188e-01 1.348771e-01
 1.631632e-01 -1.827191e-01  3.306367e-01 1.427069e-01
 1.641642e-01 -1.277329e-01  3.659738e-01 1.502525e-01
 1.651652e-01 -6.692381e-02  3.905028e-01 1.569713e-01
 1.661662e-01 -1.909587e-03  4.031374e-01 1.625234e-01
 1.671672e-01  6.549992e-02  4.031728e-01 1.668385e-01
 1.681682e-01  1.333474e-01  3.903130e-01 1.701257e-01
 1.691692e-01  1.995811e-01  3.646831e-01 1.728264e-01
 1.701702e-01  2.621135e-01  3.268273e-01 1.755195e-01
 1.711712e-01  3.188860e-01  2.776921e-01 1.788012e-01
 1.721722e-01  3.679360e-01  2.185970e-01 1.831615e-01
 1.731732e-01  4.074644e-01  1.511926e-01 1.888865e-01
 1.741742e-01  4.359025e-01  7.740990e-02 1.960032e-01
 1.751752e-01  4.519726e-01 -6.000048e-04 2.042796e-01
 1.761762e-01  4.547436e-01 -8.053081e-02 2.132769e-01
 1.771772e-01  4.436750e-01 -1.599905e-01 2.224444e-01
 1.781782e-01  4.186503e-01 -2.365722e-01 2.312345e-01
 1.791792e-01  3.799966e-01 -3.079249e-01 2.392152e-01
 1.801802e-01  3.284880e-01 -3.718218e-01 2.461558e-01
 1.811812e-01  2.653349e-01 -4.262247e-01 2.520701e-01
 1.821822e-01  1.921562e-01 -4.693436e-01 2.572074e-01
 1.831832e-01  1.109366e-01 -4.996886e-01 2.619956e-01
 1.841842e-01  2.397013e-02 -5.161147e-01 2.669489e-01
 1.851852e-01 -6.620872e-02 -5.178572e-01 2.725596e-01
 1.861862e-01 -1.569037e-01 -5.045579e-01 2.791975e-01
 1.871872e-01 -2.453421e-01 -4.762809e-01 2.870362e-01
 1.881882e-01 -3.287642e-01 -4.335171e-01 2.960230e-01
 1.891892e-01 -4.045132e-01 -3.771782e-01 3.058943e-01
 1.901902e-01 -4.701222e-01 -3.085796e-01 3.162363e-01
 1.911912e-01 -5.233959e-01 -2.294118e-01 3.265730e-01
 1.921922e-01 -5.624829e-01 -1.417010e-01 3.364661e-01
 1.931932e-01 -5.859376e-01 -4.776009e-02 3.456039e-01
 1.941942e-01 -5.927686e-01  4.986966e-02 3.538616e-01
 1.951952e-01 -5.824720e-01  1.484854e-01 3.613215e-01
 1.961962e-01 -5.550502e-01  2.452954e-01 3.682506e-01
 1.971972e-01 -5.110138e-01  3.374970e-01 3.750393e-01
 1.981982e-01 -4.513686e-01  4.223563e-01 3.821184e-01
 1.991992e-01 -3.775870e-01  4.972893e-01 3.898685e-01
 2.002002e-01 -2.915663e-01  5.599401e-01 3.985438e-01
 2.012012e-01 -1.955746e-01  6.082548e-01 4.082233e-01
 2.022022e-01 -9.218639e-02  6.405484e-01 4.188006e-01
 2.032032e-01  1.579048e-02  6.555620e-01 4.300109e-01
 2.042042e-01  1.253929e-01  6.525090e-01 4.414913e-01
 2.052052e-01  2.335853e-01  6.311069e-01 4.528580e-01
 2.062062e-01  3.373430e-01  5.915959e-01 4.637860e-01
 2.072072e-01  4.337357e-01  5.347402e-01 4.740737e-01
 2.082082e-01  5.200072e-01  4.618144e-01 4.836800e-01
 2.092092e-01  5.936510e-01  3.745735e-01 4.927268e-01
 2.102102e-01  6.524783e-01  2.752081e-01 5.014675e-01
 2.112112e-01  6.946792e-01  1.662856e-01 5.102302e-01
 2.122122e-01  7.188725e-01  5.067928e-02 5.193461e-01
 2.132132e-01  7.241457e-01 -6.851207e-02 5.290809e-01
 2.142142e-01  7.100827e-01 -1.880518e-01 5.395809e-01
 2.152152e-01  6.767792e-01 -3.046579e-01 5.508465e-01
 2.162162e-01  6.248447e-01 -4.150961e-01 5.627357e-01
 2.172172e-01  5.553914e-01 -5.162729e-01 5.749973e-01
 2.182182e-01  4.700102e-01 -6.053228e-01 5.873252e-01
 2.192192e-01  3.707333e-01 -6.796899e-01 5.994216e-01
 2.202202e-01  2.599860e-01 -7.371996e-01 6.110560e-01
 2.212212e-01  1.405262e-01 -7.761193e-01 6.221088e-01
 2.222222e-01  1.537528e-02 -7.952062e-01 6.325893e-01
 2.232232e-01 -1.122590e-01 -7.937411e-01 6.426270e-01
 2.242242e-01 -2.390661e-01 -7.715479e-01 6.524387e-01
 2.252252e-01 -3.617195e-01 -7.289977e-01 6.622787e-01
 2.262262e-01 -4.769650e-01 -6.669989e-01 6.723831e-01
 2.272272e-01 -5.817087e-01 -5.869720e-01 6.829212e-01
 2.282282e-01 -6.731005e-01 -4.908128e-01 6.939615e-01
 2.292292e-01 -7.486122e-01 -3.808423e-01 7.054612e-01
 2.302302e-01 -8.061080e-01 -2.597468e-01 7.172785e-01
 2.312312e-01 -8.439034e-01 -1.305087e-01 7.292054e-01
 2.322322e-01 -8.608132e-01  3.668745e-03 7.410128e-01
 2.332332e-01 -8.561855e-01  1.394428e-01 7.524979e-01
 2.342342e-01 -8.299215e-01  2.734149e-01 7.635254e-01
 2.352352e-01 -7.824799e-01  4.022157e-01 7.740522e-01
 2.362362e-01 -7.148663e-01  5.225886e-01 7.841326e-01
 2.372372e-01 -6.286081e-01  6.314710e-01 7.939038e-01
 2.382382e-01 -5.257149e-01  7.260704e-01 8.035545e-01
 2.392392e-01 -4.086267e-01  8.039334e-01 8.132848e-01
 2.402402e-01 -2.801506e-01  8.630071e-01 8.232657e-01
 2.412412e-01 -1.433882e-01  9.016906e-01 8.336062e-01
 2.422422e-01 -1.656346e-03  9.188755e-01 8.443349e-01
 2.432432e-01  1.415978e-01  9.139739e-01 8.553983e-01
 2.442442e-01  2.828834e-01  8.869351e-01 8.666770e-01
 2.452452e-01  4.187535e-01  8.382475e-01 8.780133e-01
 2.462462e-01  5.458899e-01  7.689279e-01 8.892459e-01
 2.472472e-01  6.611846e-01  6.804984e-01 9.002432e-01
 2.482482e-01  7.618144e-01  5.749494e-01 9.109280e-01
 2.492492e-01  8.453080e-01  4.546921e-01 9.212904e-01
 2.502503e-01  9.096037e-01  3.224997e-01 9.313850e-01
 2.512513e-01  9.530970e-01  1.814402e-01 9.413145e-01
 2.522523e-01  9.746760e-01  3.480143e-02 9.512045e-01
 2.532533e-01  9.737453e-01 -1.139888e-01 9.611733e-01
 2.542543e-01  9.502374e-01 -2.614460e-01 9.713051e-01
 2.552553e-01  9.046121e-01 -4.041137e-01 9.816309e-01
 2.562563e-01  8.378428e-01 -5.386462e-01 9.921203e-01
 2.572573e-01  7.513923e-01 -6.618888e-01 1.002687e+00
 2.582583e-01  6.471761e-01 -7.709526e-01 1.013205e+00
 2.592593e-01  5.275173e-01 -8.632820e-01 1.023530e+00
 2.602603e-01  3.950910e-01 -9.367131e-01 1.033528e+00
 2.612613e-01  2.528624e-01 -9.895231e-01 1.043095e+00
 2.622623e-01  1.040171e-01 -1.020467e+00 1.052173e+00
 2.632633e-01 -4.811135e-02 -1.028805e+00 1.060755e+00
 2.642643e-01 -2.001184e-01 -1.014314e+00 1.068880e+00
 2.652653e-01 -3.486060e-01 -9.772882e-01 1.076618e+00
 2.662663e-01 -4.902593e-01 -9.185310e-01 1.084053e+00
 2.672673e-01 -6.219215e-01 -8.393300e-01 1.091261e+00
 2.682683e-01 -7.406646e-01 -7.414244e-01 1.098294e+00
 2.692693e-01 -8.438540e-01 -6.269618e-01 1.105171e+00
 2.702703e-01 -9.292065e-01 -4.984469e-01 1.111874e+00
 2.712713e-01 -9.948394e-01 -3.586823e-01 1.118358e+00
 2.722723e-01 -1.039310e+00 -2.107040e-01 1.124562e+00
 2.732733e-01 -1.061647e+00 -5.771292e-02 1.130426e+00
 2.742743e-01 -1.061366e+00  9.699642e-02 1.135905e+00
 2.752753e-01 -1.038476e+00  2.501084e-01 1.140987e+00
 2.762763e-01 -9.934805e-01  3.983581e-01 1.145693e+00
 2.772773e-01 -9.273564e-01  5.386009e-01 1.150081e+00
 2.782783e-01 -8.415313e-01  6.678785e-01 1.154237e+00
 2.792793e-01 -7.378468e-01  7.834812e-01 1.158261e+00
 2.802803e-01 -6.185147e-01  8.830023e-01 1.162253e+00
 2.812813e-01 -4.860653e-01  9.643870e-01 1.166302e+00
 2.822823e-01 -3.432894e-01  1.025973e+00 1.170467e+00
 2.832833e-01 -1.931756e-01  1.066520e+00 1.174782e+00
 2.842843e-01 -3.884450e-02  1.085236e+00 1.179245e+00
 2.852853e-01  1.165188e-01  1.081784e+00 1.183834e+00
 2.862863e-01  2.697323e-01  1.056292e+00 1.188508e+00
 2.872873e-01  4.176836e-01  1.009337e+00 1.193221e+00
 2.882883e-01  5.573934e-01  9.419370e-01 1.197933e+00
 2.892893e-01  6.860755e-01  8.555189e-01 1.202612e+00
 2.902903e-01  8.011910e-01  7.518883e-01 1.207243e+00
 2.912913e-01  9.004970e-01  6.331861e-01 1.211820e+00
 2.922923e-01  9.820884e-01  5.018416e-01 1.216342e+00
 2.932933e-01  1.044431e+00  3.605183e-01 1.220810e+00
 2.942943e-01  1.086389e+00  2.120575e-01 1.225210e+00
 2.952953e-01  1.107241e+00  5.941740e-02 1.229513e+00
 2.962963e-01  1.106688e+00 -9.438789e-02 1.233668e+00
 2.972973e-01  1.084857e+00 -2.463501e-01 1.237604e+00
 2.982983e-01  1.042290e+00 -3.935270e-01 1.241232e+00
 2.992993e-01  9.799268e-01 -5.331003e-01 1.244452e+00
 3.003003e-01  8.990848e-01 -6.624292e-01 1.247166e+00
 3.013013e-01  8.014254e-01 -7.791007e-01 1.249281e+00
 3.023023e-01  6.889175e-01 -8.809726e-01 1.250720e+00
 3.033033e-01  5.637950e-01 -9.662112e-01 1.251429e+00
 3.043043e-01  4.285097e-01 -1.033322e+00 1.251375e+00
 3.053053e-01  2.856807e-01 -1.081173e+00 1.250549e+00
 3.063063e-01  1.380417e-01 -1.109011e+00 1.248960e+00
 3.073073e-01 -1.161361e-02 -1.116466e+00 1.246631e+00
 3.083083e-01 -1.604855e-01 -1.103558e+00 1.243596e+00
 3.093093e-01 -3.058221e-01 -1.070685e+00 1.239894e+00
 3.103103e-01 -4.449706e-01 -1.018612e+00 1.235568e+00
 3.113113e-01 -5.754258e-01 -9.484454e-01 1.230664e+00
 3.123123e-01 -6.948754e-01 -8.616144e-01 1.225231e+00
 3.133133e-01 -8.012392e-01 -7.598328e-01 1.219330e+00
 3.143143e-01 -8.927046e-01 -6.450644e-01 1.213030e+00
 3.153153e-01 -9.677548e-01 -5.194830e-01 1.206412e+00
 3.163163e-01 -1.025192e+00 -3.854281e-01 1.199573e+00
 3.173173e-01 -1.064153e+00 -2.453600e-01 1.192624e+00
 3.183183e-01 -1.084120e+00 -1.018127e-01 1.185681e+00
 3.193193e-01 -1.084920e+00  4.265346e-02 1.178870e+00
 3.203203e-01 -1.066725e+00  1.854982e-01 1.172311e+00
 3.213213e-01 -1.030040e+00  3.242469e-01 1.166118e+00
 3.223223e-01 -9.756883e-01  4.565335e-01 1.160390e+00
 3.233233e-01 -9.047898e-01  5.801407e-01 1.155208e+00
 3.243243e-01 -8.187354e-01  6.930368e-01 1.150628e+00
 3.253253e-01 -7.191567e-01  7.934082e-01 1.146683e+00
 3.263263e-01 -6.078933e-01  8.796865e-01 1.143383e+00
 3.273273e-01 -4.869559e-01  9.505719e-01 1.140713e+00
 3.283283e-01 -3.584882e-01  1.005050e+00 1.138640e+00
 3.293293e-01 -2.247269e-01  1.042404e+00 1.137109e+00
 3.303303e-01 -8.796184e-02  1.062221e+00 1.136050e+00
 3.313313e-01  4.950471e-02  1.064390e+00 1.135378e+00
 3.323323e-01  1.853972e-01  1.049103e+00 1.134990e+00
 3.333333e-01  3.175049e-01  1.016839e+00 1.134771e+00
 3.343343e-01  4.437178e-01  9.683531e-01 1.134593e+00
 3.353353e-01  5.620600e-01  9.046557e-01 1.134313e+00
 3.363363e-01  6.707198e-01  8.269913e-01 1.133780e+00
 3.373373e-01  7.680765e-01  7.368112e-01 1.132832e+00
 3.383383e-01  8.527226e-01  6.357450e-01 1.131308e+00
 3.393393e-01  9.234833e-01  5.255695e-01 1.129045e+00
 3.403403e-01  9.794293e-01  4.081759e-01 1.125889e+00
 3.413413e-01  1.019888e+00  2.855365e-01 1.121702e+00
 3.423423e-01  1.044446e+00  1.596706e-01 1.116362e+00
 3.433433e-01  1.052953e+00  3.261050e-02 1.109774e+00
 3.443443e-01  1.045516e+00 -9.363121e-02 1.101870e+00
 3.453453e-01  1.022489e+00 -2.170936e-01 1.092614e+00
 3.463463e-01  9.844683e-01 -3.358972e-01 1.082005e+00
 3.473473e-01  9.322681e-01 -4.482724e-01 1.070072e+00
 3.483483e-01  8.669082e-01 -5.525839e-01 1.056879e+00
 3.493493e-01  7.895907e-01 -6.473541e-01 1.042521e+00
 3.503504e-01  7.016760e-01 -7.312816e-01 1.027122e+00
 3.513514e-01  6.046581e-01 -8.032575e-01 1.010834e+00
 3.523524e-01  5.001373e-01 -8.623779e-01 9.938330e-01
 3.533534e-01  3.897933e-01 -9.079525e-01 9.763166e-01
 3.543544e-01  2.753564e-01 -9.395099e-01 9.585000e-01
 3.553554e-01  1.585802e-01 -9.567992e-01 9.406123e-01
 3.563564e-01  4.121426e-02 -9.597880e-01 9.228916e-01
 3.573574e-01 -7.502268e-02 -9.486574e-01 9.055793e-01
 3.583584e-01 -1.884675e-01 -9.237934e-01 8.889143e-01
 3.593594e-01 -2.975362e-01 -8.857757e-01 8.731263e-01
 3.603604e-01 -4.007455e-01 -8.353634e-01 8.584289e-01
 3.613614e-01 -4.967320e-01 -7.734794e-01 8.450131e-01
 3.623624e-01 -5.842693e-01 -7.011918e-01 8.330405e-01
 3.633634e-01 -6.622822e-01 -6.196940e-01 8.226384e-01
 3.643644e-01 -7.298582e-01 -5.302840e-01 8.138941e-01
 3.653654e-01 -7.862563e-01 -4.343424e-01 8.068524e-01
 3.663664e-01 -8.309133e-01 -3.333099e-01 8.015124e-01
 3.673674e-01 -8.634462e-01 -2.286650e-01 7.978271e-01
 3.683684e-01 -8.836537e-01 -1.219016e-01 7.957038e-01
 3.693694e-01 -8.915126e-01 -1.450742e-02 7.950052e-01
 3.703704e-01 -8.871742e-01  9.205712e-02 7.955525e-01
 3.713714e-01 -8.709560e-01  1.963783e-01 7.971288e-01
 3.723724e-01 -8.433332e-01  2.971079e-01 7.994840e-01
 3.733734e-01 -8.049267e-01  3.929796e-01 8.023399e-01
 3.743744e-01 -7.564901e-01  4.828245e-01 8.053968e-01
 3.753754e-01 -6.988957e-01  5.655838e-01 8.083403e-01
 3.763764e-01 -6.331181e-01  6.403206e-01 8.108490e-01
 3.773774e-01 -5.602179e-01  7.062283e-01 8.126026e-01
 3.783784e-01 -4.813247e-01  7.626380e-01 8.132902e-01
 3.793794e-01 -3.976190e-01  8.090230e-01 8.126190e-01
 3.803804e-01 -3.103151e-01  8.450015e-01 8.103231e-01
 3.813814e-01 -2.206432e-01  8.703374e-01 8.061707e-01
 3.823824e-01 -1.298327e-01  8.849384e-01 7.999724e-01
 3.833834e-01 -3.909548e-02  8.888526e-01 7.915873e-01
 3.843844e-01  5.038938e-02  8.822637e-01 7.809283e-01
 3.853854e-01  1.374904e-01  8.654838e-01 7.679658e-01
 3.863864e-01  2.211370e-01  8.389450e-01 7.527303e-01
 3.873874e-01  3.003315e-01  8.031900e-01 7.353132e-01
 3.883884e-01  3.741597e-01  7.588612e-01 7.158659e-01
 3.893894e-01  4.418005e-01  7.066888e-01 6.945968e-01
 3.903904e-01  5.025330e-01  6.474788e-01 6.717682e-01
 3.913914e-01  5.557428e-01  5.820994e-01 6.476898e-01
 3.923924e-01  6.009263e-01  5.114686e-01 6.227125e-01
 3.933934e-01  6.376935e-01  4.365402e-01 5.972203e-01
 3.943944e-01  6.657692e-01  3.582908e-01 5.716210e-01
 3.953954e-01  6.849932e-01  2.777064e-01 5.463366e-01
 3.963964e-01  6.953177e-01  1.957702e-01 5.217927e-01
 3.973974e-01  6.968049e-01  1.134503e-01 4.984080e-01
 3.983984e-01  6.896221e-01  3.168800e-02 4.765827e-01
 3.993994e-01  6.740366e-01 -4.861232e-02 4.566885e-01
 4.004004e-01  6.504089e-01 -1.265933e-01 4.390576e-01
 4.014014e-01  6.191853e-01 -2.014530e-01 4.239738e-01
 4.024024e-01  5.808892e-01 -2.724531e-01 4.116630e-01
 4.034034e-01  5.361131e-01 -3.389250e-01 4.022874e-01
 4.044044e-01  4.855082e-01 -4.002751e-01 3.959384e-01
 4.054054e-01  4.297757e-01 -4.559898e-01 3.926338e-01
 4.064064e-01  3.696558e-01 -5.056378e-01 3.923150e-01
 4.074074e-01  3.059189e-01 -5.488730e-01 3.948479e-01
 4.084084e-01  2.393547e-01 -5.854341e-01 4.000238e-01
 4.094094e-01  1.707630e-01 -6.151457e-01 4.075642e-01
 4.104104e-01  1.009440e-01 -6.379159e-01 4.171264e-01
 4.114114e-01  3.068953e-02 -6.537349e-01 4.283111e-01
 4.124124e-01 -3.922611e-02 -6.626713e-01 4.406719e-01
 4.134134e-01 -1.080534e-01 -6.648686e-01 4.537258e-01
 4.144144e-01 -1.750759e-01 -6.605400e-01 4.669647e-01
 4.154154e-01 -2.396160e-01 -6.499637e-01 4.798686e-01
 4.164164e-01 -3.010419e-01 -6.334764e-01 4.919186e-01
 4.174174e-01 -3.587718e-01 -6.114676e-01 5.026099e-01
 4.184184e-01 -4.122795e-01 -5.843725e-01 5.114656e-01
 4.194194e-01 -4.610970e-01 -5.526652e-01 5.180493e-01
 4.204204e-01 -5.048179e-01 -5.168520e-01 5.219771e-01
 4.214214e-01 -5.430993e-01 -4.774638e-01 5.229285e-01
 4.224224e-01 -5.756631e-01 -4.350493e-01 5.206559e-01
 4.234234e-01 -6.022963e-01 -3.901681e-01 5.149920e-01
 4.244244e-01 -6.228512e-01 -3.433837e-01 5.058560e-01
 4.254254e-01 -6.372438e-01 -2.952570e-01 4.932563e-01
 4.264264e-01 -6.454529e-01 -2.463403e-01 4.772930e-01
 4.274274e-01 -6.475175e-01 -1.971713e-01 4.581555e-01
 4.284284e-01 -6.435345e-01 -1.482676e-01 4.361200e-01
 4.294294e-01 -6.336550e-01 -1.001220e-01 4.115430e-01
 4.304304e-01 -6.180813e-01 -5.319782e-02 3.848545e-01
 4.314314e-01 -5.970623e-01 -7.925187e-03 3.565462e-01
 4.324324e-01 -5.708903e-01  3.530264e-02 3.271620e-01
 4.334334e-01 -5.398952e-01  7.613166e-02 2.972828e-01
 4.344344e-01 -5.044412e-01  1.142499e-01 2.675140e-01
 4.354354e-01 -4.649211e-01  1.493885e-01 2.384685e-01
 4.364364e-01 -4.217521e-01  1.813234e-01 2.107530e-01
 4.374374e-01 -3.753706e-01  2.098755e-01 1.849508e-01
 4.384384e-01 -3.262282e-01  2.349111e-01 1.616081e-01
 4.394394e-01 -2.747858e-01  2.563410e-01 1.412180e-01
 4.404404e-01 -2.215108e-01  2.741200e-01 1.242088e-01
 4.414414e-01 -1.668710e-01  2.882451e-01 1.109312e-01
 4.424424e-01 -1.113323e-01  2.987542e-01 1.016490e-01
 4.434434e-01 -5.535301e-02  3.057236e-01 9.653089e-02
 4.444444e-01  6.178732e-04  3.092658e-01 9.564571e-02
 4.454454e-01  5.614576e-02  3.095262e-01 9.895883e-02
 4.464464e-01  1.108118e-01  3.066811e-01 1.063326e-01
 4.474474e-01  1.642172e-01  3.009332e-01 1.175281e-01
 4.484484e-01  2.159840e-01  2.925096e-01 1.322109e-01
 4.494494e-01  2.657585e-01  2.816569e-01 1.499582e-01
 4.504505e-01  3.132118e-01  2.686390e-01 1.702686e-01
 4.514515e-01  3.580424e-01  2.537325e-01 1.925746e-01
 4.524525e-01  3.999759e-01  2.372236e-01 2.162558e-01
 4.534535e-01  4.387675e-01  2.194043e-01 2.406552e-01
 4.544545e-01  4.742005e-01  2.005690e-01 2.650940e-01
 4.554555e-01  5.060886e-01  1.810111e-01 2.888907e-01
 4.564565e-01  5.342740e-01  1.610199e-01 3.113761e-01
 4.574575e-01  5.586291e-01  1.408769e-01 3.319127e-01
 4.584585e-01  5.790536e-01  1.208538e-01 3.499088e-01
 4.594595e-01  5.954771e-01  1.012088e-01 3.648362e-01
 4.604605e-01  6.078546e-01  8.218512e-02 3.762416e-01
 4.614615e-01  6.161693e-01  6.400748e-02 3.837615e-01
 4.624625e-01  6.204277e-01  4.688172e-02 3.871284e-01
 4.634635e-01  6.206626e-01  3.099119e-02 3.861825e-01
 4.644645e-01  6.169276e-01  1.649730e-02 3.808718e-01
 4.654655e-01  6.092999e-01  3.536186e-03 3.712588e-01
 4.664665e-01  5.978747e-01 -7.779861e-03 3.575147e-01
 4.674675e-01  5.827687e-01 -1.736561e-02 3.399209e-01
 4.684685e-01  5.641133e-01 -2.516037e-02 3.188568e-01
 4.694695e-01  5.420590e-01 -3.113126e-02 2.947971e-01
 4.704705e-01  5.167678e-01 -3.526947e-02 2.682929e-01
 4.714715e-01  4.884190e-01 -3.759379e-02 2.399664e-01
 4.724725e-01  4.571997e-01 -3.814545e-02 2.104867e-01
 4.734735e-01  4.233130e-01 -3.699226e-02 1.805624e-01
 4.744745e-01  3.869663e-01 -3.422164e-02 1.509140e-01
 4.754755e-01  3.483817e-01 -2.994603e-02 1.222666e-01
 4.764765e-01  3.077819e-01 -2.429335e-02 9.531986e-02
 4.774775e-01  2.654049e-01 -1.741485e-02 7.074306e-02
 4.784785e-01  2.214837e-01 -9.471464e-03 4.914472e-02
 4.794795e-01  1.762696e-01 -6.465841e-04 3.107138e-02
 4.804805e-01  1.299998e-01  8.875465e-03 1.697873e-02
 4.814815e-01  8.294031e-02  1.888513e-02 7.235743e-03
 4.824825e-01  3.532085e-02  2.918893e-02 2.099556e-03
 4.834835e-01 -1.256129e-02  3.954843e-02 1.721864e-03
 4.844845e-01 -6.055018e-02  4.980831e-02 6.147192e-03
 4.854855e-01 -1.077420e-01  5.938404e-02 1.513480e-02
 4.864865e-01 -1.494497e-01  6.571584e-02 2.665377e-02
 4.874875e-01 -1.829460e-01  6.798898e-02 3.809175e-02
 4.884885e-01 -2.064465e-01  6.601206e-02 4.697775e-02
 4.894895e-01 -2.185981e-01  5.977860e-02 5.135859e-02
 4.904905e-01 -2.187250e-01  4.959017e-02 5.029979e-02
 4.914915e-01 -2.067758e-01  3.598235e-02 4.405095e-02
 4.924925e-01 -1.833871e-01  1.973429e-02 3.402026e-02
 4.934935e-01 -1.498075e-01  1.798102e-03 2.244551e-02
 4.944945e-01 -1.078641e-01 -1.673729e-02 1.191480e-02
 4.954955e-01 -5.983675e-02 -3.472737e-02 4.786427e-03
 4.964965e-01 -8.357702e-03 -5.102935e-02 2.673846e-03
 4.974975e-01  4.375281e-02 -6.458490e-02 6.085518e-03
 4.984985e-01  9.362080e-02 -7.447798e-02 1.431183e-02
 4.994995e-01  1.384952e-01 -8.000405e-02 2.558157e-02
 5.005005e-01  1.758803e-01 -8.070983e-02 3.744797e-02
 5.015015e-01  2.036930e-01 -7.643507e-02 4.733316e-02
 5.025025e-01  2.203584e-01 -6.732059e-02 5.308987e-02
 5.035035e-01  2.249198e-01 -5.381424e-02 5.348488e-02
 5.045045e-01  2.170706e-01 -3.664119e-02 4.846224e-02
 5.055055e-01  1.971996e-01 -1.677422e-02 3.916905e-02
 5.065065e-01  1.663431e-01  4.630987e-03 2.769149e-02
 5.075075e-01  1.261653e-01  2.629192e-02 1.660895e-02
 5.085085e-01  7.882918e-02  4.688829e-02 8.412552e-03
 5.095095e-01  2.692882e-02  6.512709e-02 4.966698e-03
 5.105105e-01 -2.671179e-02  7.984120e-02 7.088136e-03
 5.115115e-01 -7.911408e-02  9.003967e-02 1.436618e-02
 5.125125e-01 -1.274155e-01  9.500437e-02 2.526055e-02
 5.135135e-01 -1.688702e-01  9.429310e-02 3.740833e-02
 5.145145e-01 -2.012566e-01  8.784699e-02 4.822130e-02
 5.155155e-01 -2.224973e-01  7.585814e-02 5.525952e-02
 5.165165e-01 -2.328198e-01  5.931611e-02 5.772345e-02
 5.175175e-01 -2.406578e-01  4.130926e-02 5.962263e-02
 5.185185e-01 -2.473141e-01  2.238995e-02 6.166558e-02
 5.195195e-01 -2.524420e-01  2.578343e-03 6.373363e-02
 5.205205e-01 -2.560407e-01 -1.798624e-02 6.588035e-02
 5.215215e-01 -2.579561e-01 -3.920290e-02 6.807819e-02
 5.225225e-01 -2.581364e-01 -6.093038e-02 7.034689e-02
 5.235235e-01 -2.564771e-01 -8.303591e-02 7.267549e-02
 5.245245e-01 -2.529289e-01 -1.053629e-01 7.507436e-02
 5.255255e-01 -2.474207e-01 -1.277556e-01 7.753847e-02
 5.265265e-01 -2.399204e-01 -1.500417e-01 8.007430e-02
 5.275275e-01 -2.303895e-01 -1.720475e-01 8.267966e-02
 5.285285e-01 -2.188214e-01 -1.935877e-01 8.535899e-02
 5.295295e-01 -2.052115e-01 -2.144760e-01 8.811171e-02
 5.305305e-01 -1.895842e-01 -2.345186e-01 9.094112e-02
 5.315315e-01 -1.719713e-01 -2.535222e-01 9.384762e-02
 5.325325e-01 -1.524323e-01 -2.712899e-01 9.683379e-02
 5.335335e-01 -1.310373e-01 -2.876281e-01 9.990072e-02
 5.345345e-01 -1.078833e-01 -3.023436e-01 1.030505e-01
 5.355355e-01 -8.308009e-02 -3.152497e-01 1.062847e-01
 5.365365e-01 -5.676307e-02 -3.261640e-01 1.096050e-01
 5.375375e-01 -2.908190e-02 -3.349144e-01 1.130134e-01
 5.385385e-01 -2.100182e-04 -3.413377e-01 1.165115e-01
 5.395395e-01  2.966470e-02 -3.452845e-01 1.201014e-01
 5.405405e-01  6.033268e-02 -3.466185e-01 1.237844e-01
 5.415415e-01  9.157094e-02 -3.452213e-01 1.275630e-01
 5.425425e-01  1.231376e-01 -3.409920e-01 1.314384e-01
 5.435435e-01  1.547793e-01 -3.338512e-01 1.354132e-01
 5.445445e-01  1.862273e-01 -3.237406e-01 1.394886e-01
 5.455455e-01  2.172048e-01 -3.106273e-01 1.436672e-01
 5.465465e-01  2.474236e-01 -2.945028e-01 1.479503e-01
 5.475475e-01  2.765914e-01 -2.753866e-01 1.523406e-01
 5.485485e-01  3.044096e-01 -2.533259e-01 1.568392e-01
 5.495495e-01  3.305805e-01 -2.283977e-01 1.614490e-01
 5.505506e-01  3.548060e-01 -2.007086e-01 1.661712e-01
 5.515516e-01  3.767939e-01 -1.703963e-01 1.710086e-01
 5.525526e-01  3.962584e-01 -1.376290e-01 1.759624e-01
 5.535536e-01  4.129255e-01 -1.026060e-01 1.810355e-01
 5.545546e-01  4.265343e-01 -6.555659e-02 1.862292e-01
 5.555556e-01  4.368422e-01 -2.674023e-02 1.915461e-01
 5.565566e-01  4.436261e-01  1.355553e-02 1.969878e-01
 5.575576e-01  4.466881e-01  5.501552e-02 2.025570e-01
 5.585586e-01  4.458563e-01  9.729968e-02 2.082551e-01
 5.595596e-01  4.409902e-01  1.400443e-01 2.140848e-01
 5.605606e-01  4.319814e-01  1.828656e-01 2.200477e-01
 5.615616e-01  4.187585e-01  2.253616e-01 2.261465e-01
 5.625626e-01  4.012877e-01  2.671162e-01 2.323829e-01
 5.635636e-01  3.795771e-01  3.077021e-01 2.387593e-01
 5.645646e-01  3.536763e-01  3.466854e-01 2.452777e-01
 5.655656e-01  3.236802e-01  3.836293e-01 2.519403e-01
 5.665666e-01  2.897286e-01  4.180988e-01 2.587492e-01
 5.675676e-01  2.520080e-01  4.496650e-01 2.657066e-01
 5.685686e-01  2.107509e-01  4.779107e-01 2.728146e-01
 5.695696e-01  1.662367e-01  5.024347e-01 2.800752e-01
 5.705706e-01  1.187896e-01  5.228573e-01 2.874907e-01
 5.715716e-01  6.877883e-02  5.388251e-01 2.950631e-01
 5.725726e-01  1.661523e-02  5.500168e-01 3.027945e-01
 5.735736e-01 -3.724979e-02  5.561471e-01 3.106871e-01
 5.745746e-01 -9.232861e-02  5.569727e-01 3.187431e-01
 5.755756e-01 -1.480997e-01  5.522961e-01 3.269645e-01
 5.765766e-01 -2.040132e-01  5.419707e-01 3.353536e-01
 5.775776e-01 -2.594942e-01  5.259040e-01 3.439122e-01
 5.785786e-01 -3.139496e-01  5.040620e-01 3.526428e-01
 5.795796e-01 -3.667722e-01  4.764717e-01 3.615471e-01
 5.805806e-01 -4.173486e-01  4.432240e-01 3.706274e-01
 5.815816e-01 -4.650645e-01  4.044753e-01 3.798853e-01
 5.825826e-01 -5.093128e-01  3.604494e-01 3.893233e-01
 5.835836e-01 -5.494996e-01  3.114370e-01 3.989428e-01
 5.845846e-01 -5.850531e-01  2.577965e-01 4.087461e-01
 5.855856e-01 -6.154300e-01  1.999521e-01 4.187349e-01
 5.865866e-01 -6.401240e-01  1.383925e-01 4.289113e-01
 5.875876e-01 -6.586729e-01  7.366752e-02 4.392769e-01
 5.885886e-01 -6.706663e-01  6.385068e-03 4.498340e-01
 5.895896e-01 -6.757522e-01 -6.279412e-02 4.605842e-01
 5.905906e-01 -6.736450e-01 -1.331614e-01 4.715295e-01
 5.915916e-01 -6.641303e-01 -2.039670e-01 4.826716e-01
 5.925926e-01 -6.470721e-01 -2.744268e-01 4.940124e-01
 5.935936e-01 -6.224169e-01 -3.437305e-01 5.055534e-01
 5.945946e-01 -5.901985e-01 -4.110501e-01 5.172964e-01
 5.955956e-01 -5.505410e-01 -4.755495e-01 5.292427e-01
 5.965966e-01 -5.036620e-01 -5.363941e-01 5.413940e-01
 5.975976e-01 -4.498729e-01 -5.927613e-01 5.537516e-01
 5.985986e-01 -3.895803e-01 -6.438510e-01 5.663169e-01
 5.995996e-01 -3.232839e-01 -6.888968e-01 5.790913e-01
 6.006006e-01 -2.515754e-01 -7.271767e-01 5.920762e-01
 6.016016e-01 -1.751341e-01 -7.580244e-01 6.052729e-01
 6.026026e-01 -9.472260e-02 -7.808396e-01 6.186829e-01
 6.036036e-01 -1.118050e-02 -7.950990e-01 6.323074e-01
 6.046046e-01  7.458285e-02 -8.003656e-01 6.461478e-01
 6.056056e-01  1.615975e-01 -7.962986e-01 6.602052e-01
 6.066066e-01  2.488421e-01 -7.826610e-01 6.744806e-01
 6.076076e-01  3.352557e-01 -7.593278e-01 6.889751e-01
 6.086086e-01  4.197495e-01 -7.262918e-01 7.036894e-01
 6.096096e-01  5.012200e-01 -6.836686e-01 7.186242e-01
 6.106106e-01  5.785625e-01 -6.317005e-01 7.337801e-01
 6.116116e-01  6.506865e-01 -5.707580e-01 7.491576e-01
 6.126126e-01  7.165296e-01 -5.013406e-01 7.647570e-01
 6.136136e-01  7.750738e-01 -4.240752e-01 7.805791e-01
 6.146146e-01  8.253601e-01 -3.397127e-01 7.966240e-01
 6.156156e-01  8.665045e-01 -2.491235e-01 8.128925e-01
 6.166166e-01  8.977121e-01 -1.532898e-01 8.293849e-01
 6.176176e-01  9.182925e-01 -5.329760e-02 8.461017e-01
 6.186186e-01  9.276722e-01  4.967492e-02 8.630433e-01
 6.196196e-01  9.254080e-01  1.543691e-01 8.802098e-01
 6.206206e-01  9.111979e-01  2.594603e-01 8.976013e-01
 6.216216e-01  8.848909e-01  3.635736e-01 9.152177e-01
 6.226226e-01  8.464946e-01  4.653010e-01 9.330582e-01
 6.236236e-01  7.961822e-01  5.632197e-01 9.511225e-01
 6.246246e-01  7.342953e-01  6.559116e-01 9.694096e-01
 6.256256e-01  6.613468e-01  7.419833e-01 9.879188e-01
 6.266266e-01  5.780192e-01  8.200870e-01 1.006649e+00
 6.276276e-01  4.851621e-01  8.889415e-01 1.025599e+00
 6.286286e-01  3.837860e-01  9.473528e-01 1.044769e+00
 6.296296e-01  2.750540e-01  9.942346e-01 1.064157e+00
 6.306306e-01  1.602709e-01  1.028629e+00 1.083764e+00
 6.316316e-01  4.086944e-02  1.049722e+00 1.103587e+00
 6.326326e-01 -8.160596e-02  1.056867e+00 1.123627e+00
 6.336336e-01 -2.055172e-01  1.049593e+00 1.143882e+00
 6.346346e-01 -3.291539e-01  1.027623e+00 1.164351e+00
 6.356356e-01 -4.507550e-01  9.908846e-01 1.185032e+00
 6.366366e-01 -5.685343e-01  9.395170e-01 1.205924e+00
 6.376376e-01 -6.807053e-01  8.738778e-01 1.227022e+00
 6.386386e-01 -7.855085e-01  7.945451e-01 1.248325e+00
 6.396396e-01 -8.812385e-01  7.023171e-01 1.269831e+00
 6.406406e-01 -9.662725e-01  5.982080e-01 1.291535e+00
 6.416416e-01 -1.039097e+00  4.834398e-01 1.313436e+00
 6.426426e-01 -1.098335e+00  3.594315e-01 1.335532e+00
 6.436436e-01 -1.142775e+00  2.277842e-01 1.357819e+00
 6.446446e-01 -1.171388e+00  9.026260e-02 1.380297e+00
 6.456456e-01 -1.183359e+00 -5.122636e-02 1.402962e+00
 6.466466e-01 -1.178101e+00 -1.946583e-01 1.425814e+00
 6.476476e-01 -1.155274e+00 -3.379192e-01 1.448848e+00
 6.486486e-01 -1.114800e+00 -4.788352e-01 1.472063e+00
 6.496496e-01 -1.056871e+00 -6.152053e-01 1.495454e+00
 6.506507e-01 -9.819564e-01 -7.448351e-01 1.519018e+00
 6.516517e-01 -8.908046e-01 -8.655723e-01 1.542748e+00
 6.526527e-01 -7.844416e-01 -9.753423e-01 1.566641e+00
 6.536537e-01 -6.641623e-01 -1.072185e+00 1.590691e+00
 6.546547e-01 -5.315194e-01 -1.154288e+00 1.614893e+00
 6.556557e-01 -3.883069e-01 -1.220025e+00 1.639243e+00
 6.566567e-01 -2.365383e-01 -1.267985e+00 1.663736e+00
 6.576577e-01 -7.842121e-02 -1.297004e+00 1.688369e+00
 6.586587e-01  8.367255e-02 -1.306192e+00 1.713138e+00
 6.596597e-01  2.472411e-01 -1.294957e+00 1.738041e+00
 6.606607e-01  4.096897e-01 -1.263023e+00 1.763074e+00
 6.616617e-01  5.683712e-01 -1.210449e+00 1.788233e+00
 6.626627e-01  7.206285e-01 -1.137632e+00 1.813513e+00
 6.636637e-01  8.638395e-01 -1.045318e+00 1.838909e+00
 6.646647e-01  9.954620e-01 -9.345952e-01 1.864413e+00
 6.656657e-01  1.113080e+00 -8.068890e-01 1.890018e+00
 6.666667e-01  1.214450e+00 -6.639481e-01 1.915716e+00
 6.676677e-01  1.297541e+00 -5.078238e-01 1.941498e+00
 6.686687e-01  1.360582e+00 -3.408447e-01 1.967358e+00
 6.696697e-01  1.402095e+00 -1.655843e-01 1.993289e+00
 6.706707e-01  1.420935e+00  1.517551e-02 2.019285e+00
 6.716717e-01  1.416314e+00  1.984871e-01 2.045342e+00
 6.726727e-01  1.387832e+00  3.812837e-01 2.071456e+00
 6.736737e-01  1.335493e+00  5.604298e-01 2.097622e+00
 6.746747e-01  1.259714e+00  7.327745e-01 2.123838e+00
 6.756757e-01  1.161336e+00  8.952076e-01 2.150099e+00
 6.766767e-01  1.041617e+00  1.044716e+00 2.176397e+00
 6.776777e-01  9.022227e-01  1.178439e+00 2.202725e+00
 6.786787e-01  7.452086e-01  1.293730e+00 2.229073e+00
 6.796797e-01  5.729947e-01  1.388203e+00 2.255431e+00
 6.806807e-01  3.883315e-01  1.459789e+00 2.281786e+00
 6.816817e-01  1.942589e-01  1.506781e+00 2.308127e+00
 6.826827e-01 -5.940482e-03  1.527877e+00 2.334444e+00
 6.836837e-01 -2.087956e-01  1.522214e+00 2.360730e+00
 6.846847e-01 -4.107054e-01  1.489395e+00 2.386977e+00
 6.856857e-01 -6.080024e-01  1.429515e+00 2.413180e+00
 6.866867e-01 -7.970191e-01  1.343167e+00 2.439338e+00
 6.876877e-01 -9.741568e-01  1.231449e+00 2.465447e+00
 6.886887e-01 -1.135955e+00  1.095952e+00 2.491504e+00
 6.896897e-01 -1.279162e+00  9.387494e-01 2.517505e+00
 6.906907e-01 -1.400799e+00  7.623671e-01 2.543441e+00
 6.916917e-01 -1.498229e+00  5.697476e-01 2.569303e+00
 6.926927e-01 -1.569213e+00  3.642056e-01 2.595077e+00
 6.936937e-01 -1.611966e+00  1.493737e-01 2.620748e+00
 6.946947e-01 -1.625201e+00 -7.085947e-02 2.646301e+00
 6.956957e-01 -1.608170e+00 -2.924180e-01 2.671720e+00
 6.966967e-01 -1.560691e+00 -5.111133e-01 2.696993e+00
 6.976977e-01 -1.483166e+00 -7.227231e-01 2.722110e+00
 6.986987e-01 -1.376590e+00 -9.230738e-01 2.747065e+00
 6.996997e-01 -1.242545e+00 -1.108124e+00 2.771856e+00
 7.007007e-01 -1.083183e+00 -1.274047e+00 2.796482e+00
 7.017017e-01 -9.012015e-01 -1.417315e+00 2.820946e+00
 7.027027e-01 -6.997961e-01 -1.534774e+00 2.845246e+00
 7.037037e-01 -4.826147e-01 -1.623719e+00 2.869380e+00
 7.047047e-01 -2.536925e-01 -1.681957e+00 2.893339e+00
 7.057057e-01 -1.737983e-02 -1.707867e+00 2.917111e+00
 7.067067e-01  2.217387e-01 -1.700444e+00 2.940679e+00
 7.077077e-01  4.589325e-01 -1.659338e+00 2.964021e+00
 7.087087e-01  6.894180e-01 -1.584872e+00 2.987117e+00
 7.097097e-01  9.084570e-01 -1.478057e+00 3.009946e+00
 7.107107e-01  1.111455e+00 -1.340582e+00 3.032493e+00
 7.117117e-01  1.294060e+00 -1.174801e+00 3.054749e+00
 7.127127e-01  1.452260e+00 -9.836929e-01 3.076710e+00
 7.137137e-01  1.582473e+00 -7.708178e-01 3.098380e+00
 7.147147e-01  1.681633e+00 -5.402546e-01 3.119765e+00
 7.157157e-01  1.747268e+00 -2.965258e-01 3.140874e+00
 7.167167e-01  1.777564e+00 -4.451223e-02 3.161714e+00
 7.177177e-01  1.771415e+00  2.106433e-01 3.182283e+00
 7.187187e-01  1.728471e+00  4.636404e-01 3.202575e+00
 7.197197e-01  1.649154e+00  7.091313e-01 3.222575e+00
 7.207207e-01  1.534667e+00  9.418355e-01 3.242257e+00
 7.217217e-01  1.386990e+00  1.156656e+00 3.261593e+00
 7.227227e-01  1.208847e+00  1.348793e+00 3.280554e+00
 7.237237e-01  1.003668e+00  1.513857e+00 3.299113e+00
 7.247247e-01  7.755258e-01  1.647972e+00 3.317252e+00
 7.257257e-01  5.290590e-01  1.747873e+00 3.334964e+00
 7.267267e-01  2.693846e-01  1.810989e+00 3.352251e+00
 7.277277e-01  1.992063e-03  1.835517e+00 3.369127e+00
 7.287287e-01 -2.673703e-01  1.820474e+00 3.385614e+00
 7.297297e-01 -5.328190e-01  1.765739e+00 3.401731e+00
 7.307307e-01 -7.884648e-01  1.672070e+00 3.417496e+00
 7.317317e-01 -1.028545e+00  1.541107e+00 3.432915e+00
 7.327327e-01 -1.247558e+00  1.375347e+00 3.447980e+00
 7.337337e-01 -1.440390e+00  1.178111e+00 3.462669e+00
 7.347347e-01 -1.602444e+00  9.534785e-01 3.476948e+00
 7.357357e-01 -1.729752e+00  7.062095e-01 3.490776e+00
 7.367367e-01 -1.819080e+00  4.416496e-01 3.504108e+00
 7.377377e-01 -1.868016e+00  1.656163e-01 3.516911e+00
 7.387387e-01 -1.875039e+00 -1.157267e-01 3.529164e+00
 7.397397e-01 -1.839576e+00 -3.960063e-01 3.540863e+00
 7.407407e-01 -1.762030e+00 -6.687849e-01 3.552024e+00
 7.417417e-01 -1.643787e+00 -9.277100e-01 3.562681e+00
 7.427427e-01 -1.487201e+00 -1.166665e+00 3.572874e+00
 7.437437e-01 -1.295558e+00 -1.379919e+00 3.582646e+00
 7.447447e-01 -1.073011e+00 -1.562266e+00 3.592029e+00
 7.457457e-01 -8.244993e-01 -1.709163e+00 3.601037e+00
 7.467467e-01 -5.556381e-01 -1.816845e+00 3.609659e+00
 7.477477e-01 -2.726001e-01 -1.882433e+00 3.617863e+00
 7.487487e-01  1.802691e-02 -1.904014e+00 3.625596e+00
 7.497497e-01  3.093918e-01 -1.880710e+00 3.632793e+00
 7.507508e-01  5.945429e-01 -1.812709e+00 3.639394e+00
 7.517518e-01  8.665954e-01 -1.701282e+00 3.645349e+00
 7.527528e-01  1.118901e+00 -1.548773e+00 3.650636e+00
 7.537538e-01  1.345216e+00 -1.358550e+00 3.655263e+00
 7.547548e-01  1.539858e+00 -1.134947e+00 3.659268e+00
 7.557558e-01  1.697860e+00 -8.831667e-01 3.662714e+00
 7.567568e-01  1.815101e+00 -6.091664e-01 3.665675e+00
 7.577578e-01  1.888421e+00 -3.195201e-01 3.668226e+00
 7.587588e-01  1.915715e+00 -2.126316e-02 3.670417e+00
 7.597598e-01  1.896004e+00  2.782778e-01 3.672271e+00
 7.607608e-01  1.829472e+00  5.716662e-01 3.673770e+00
 7.617618e-01  1.717479e+00  8.515427e-01 3.674859e+00
 7.627628e-01  1.562544e+00  1.110814e+00 3.675451e+00
 7.637638e-01  1.368298e+00  1.342836e+00 3.675449e+00
 7.647648e-01  1.139406e+00  1.541595e+00 3.674762e+00
 7.657658e-01  8.814590e-01  1.701868e+00 3.673324e+00
 7.667668e-01  6.008485e-01  1.819367e+00 3.671115e+00
 7.677678e-01  3.046072e-01  1.890866e+00 3.668161e+00
 7.687688e-01  2.370952e-04  1.914298e+00 3.664537e+00
 7.697698e-01 -3.044798e-01  1.888822e+00 3.660355e+00
 7.707708e-01 -6.016817e-01  1.814860e+00 3.655739e+00
 7.717718e-01 -8.836319e-01  1.694107e+00 3.650804e+00
 7.727728e-01 -1.142925e+00  1.529493e+00 3.645626e+00
 7.737738e-01 -1.372688e+00  1.325126e+00 3.640232e+00
 7.747748e-01 -1.566767e+00  1.086197e+00 3.634581e+00
 7.757758e-01 -1.719903e+00  8.188486e-01 3.628579e+00
 7.767768e-01 -1.827883e+00  5.300278e-01 3.622087e+00
 7.777778e-01 -1.887668e+00  2.273048e-01 3.614956e+00
 7.787788e-01 -1.897482e+00 -8.132293e-02 3.607053e+00
 7.797798e-01 -1.856886e+00 -3.876421e-01 3.598293e+00
 7.807808e-01 -1.766796e+00 -6.834437e-01 3.588663e+00
 7.817818e-01 -1.629477e+00 -9.607462e-01 3.578227e+00
 7.827828e-01 -1.448495e+00 -1.212016e+00 3.567120e+00
 7.837838e-01 -1.228634e+00 -1.430378e+00 3.555522e+00
 7.847848e-01 -9.757754e-01 -1.609811e+00 3.543630e+00
 7.857858e-01 -6.967467e-01 -1.745323e+00 3.531609e+00
 7.867868e-01 -3.991402e-01 -1.833099e+00 3.519565e+00
 7.877878e-01 -9.110888e-02 -1.870618e+00 3.507511e+00
 7.887888e-01  2.188570e-01 -1.856736e+00 3.495368e+00
 7.897898e-01  5.221660e-01 -1.791735e+00 3.482971e+00
 7.907908e-01  8.103667e-01 -1.677322e+00 3.470103e+00
 7.917918e-01  1.075389e+00 -1.516601e+00 3.456540e+00
 7.927928e-01  1.309777e+00 -1.313994e+00 3.442095e+00
 7.937938e-01  1.506905e+00 -1.075130e+00 3.426667e+00
 7.947948e-01  1.661176e+00 -8.066960e-01 3.410265e+00
 7.957958e-01  1.768191e+00 -5.162532e-01 3.393017e+00
 7.967968e-01  1.824881e+00 -2.120296e-01 3.375148e+00
 7.977978e-01  1.829610e+00  9.731178e-02 3.356941e+00
 7.987988e-01  1.782228e+00  4.029202e-01 3.338682e+00
 7.997998e-01  1.684093e+00  6.960126e-01 3.320602e+00
 8.008008e-01  1.538032e+00  9.681306e-01 3.302821e+00
 8.018018e-01  1.348279e+00  1.211391e+00 3.285324e+00
 8.028028e-01  1.120351e+00  1.418721e+00 3.267954e+00
 8.038038e-01  8.608986e-01  1.584075e+00 3.250441e+00
 8.048048e-01  5.775167e-01  1.702624e+00 3.232453e+00
 8.058058e-01  2.785247e-01  1.770901e+00 3.213666e+00
 8.068068e-01 -2.727506e-02  1.786922e+00 3.193833e+00
 8.078078e-01 -3.308570e-01  1.750252e+00 3.172847e+00
 8.088088e-01 -6.232398e-01  1.662029e+00 3.150769e+00
 8.098098e-01 -8.957555e-01  1.524942e+00 3.127826e+00
 8.108108e-01 -1.140312e+00  1.343156e+00 3.104378e+00
 8.118118e-01 -1.349638e+00  1.122195e+00 3.080845e+00
 8.128128e-01 -1.517512e+00  8.687824e-01 3.057625e+00
 8.138138e-01 -1.638949e+00  5.906411e-01 3.035012e+00
 8.148148e-01 -1.710367e+00  2.962597e-01 3.013126e+00
 8.158158e-01 -1.729698e+00 -5.364510e-03 2.991882e+00
 8.168168e-01 -1.696459e+00 -3.050019e-01 2.971001e+00
 8.178178e-01 -1.611782e+00 -5.934763e-01 2.950056e+00
 8.188188e-01 -1.478378e+00 -8.619510e-01 2.928561e+00
 8.198198e-01 -1.300467e+00 -1.102206e+00 2.906073e+00
 8.208208e-01 -1.083653e+00 -1.306899e+00 2.882290e+00
 8.218218e-01 -8.347558e-01 -1.469797e+00 2.857120e+00
 8.228228e-01 -5.616022e-01 -1.585977e+00 2.830721e+00
 8.238238e-01 -2.727868e-01 -1.651987e+00 2.803475e+00
 8.248248e-01  2.259709e-02 -1.665957e+00 2.775923e+00
 8.258258e-01  3.152431e-01 -1.627662e+00 2.748660e+00
 8.268268e-01  5.959266e-01 -1.538533e+00 2.722212e+00
 8.278278e-01  8.558000e-01 -1.401616e+00 2.696922e+00
 8.288288e-01  1.086678e+00 -1.221476e+00 2.672872e+00
 8.298298e-01  1.281303e+00 -1.004050e+00 2.649854e+00
 8.308308e-01  1.433585e+00 -7.564625e-01 2.627401e+00
 8.318318e-01  1.538802e+00 -4.867929e-01 2.604879e+00
 8.328328e-01  1.593760e+00 -2.038169e-01 2.581612e+00
 8.338338e-01  1.596900e+00  8.327817e-02 2.557026e+00
 8.348348e-01  1.548359e+00  3.651919e-01 2.530780e+00
 8.358358e-01  1.449964e+00  6.328142e-01 2.502849e+00
 8.368368e-01  1.305182e+00  8.775229e-01 2.473547e+00
 8.378378e-01  1.119006e+00  1.091467e+00 2.443475e+00
 8.388388e-01  8.977906e-01  1.267826e+00 2.413411e+00
 8.398398e-01  6.490444e-01  1.401034e+00 2.384154e+00
 8.408408e-01  3.811780e-01  1.486962e+00 2.356353e+00
 8.418418e-01  1.032224e-01  1.523062e+00 2.330373e+00
 8.428428e-01 -1.754764e-01  1.508444e+00 2.306196e+00
 8.438438e-01 -4.455741e-01  1.443912e+00 2.283419e+00
 8.448448e-01 -6.980467e-01  1.331935e+00 2.261320e+00
 8.458458e-01 -9.244983e-01  1.176564e+00 2.239000e+00
 8.468468e-01 -1.117450e+00  9.832970e-01 2.215566e+00
 8.478478e-01 -1.270594e+00  7.588944e-01 2.190329e+00
 8.488488e-01 -1.379014e+00  5.111484e-01 2.162951e+00
 8.498498e-01 -1.439350e+00  2.486189e-01 2.133540e+00
 8.508509e-01 -1.449916e+00 -1.965792e-02 2.102644e+00
 8.518519e-01 -1.410754e+00 -2.844798e-01 2.071155e+00
 8.528529e-01 -1.323626e+00 -5.367940e-01 2.040134e+00
 8.538539e-01 -1.191955e+00 -7.680102e-01 2.010596e+00
 8.548549e-01 -1.020694e+00 -9.702977e-01 1.983295e+00
 8.558559e-01 -8.161526e-01 -1.136858e+00 1.958551e+00
 8.568569e-01 -5.857650e-01 -1.262161e+00 1.936171e+00
 8.578579e-01 -3.378277e-01 -1.342142e+00 1.915472e+00
 8.588589e-01 -8.120041e-02 -1.374340e+00 1.895403e+00
 8.598599e-01  1.750107e-01 -1.357988e+00 1.874761e+00
 8.608609e-01  4.217775e-01 -1.294040e+00 1.852437e+00
 8.618619e-01  6.504721e-01 -1.185135e+00 1.827658e+00
 8.628629e-01  8.531729e-01 -1.035500e+00 1.800165e+00
 8.638639e-01  1.022945e+00 -8.508049e-01 1.770285e+00
 8.648649e-01  1.154084e+00 -6.379494e-01 1.738888e+00
 8.658659e-01  1.242314e+00 -4.048170e-01 1.707221e+00
 8.668669e-01  1.284937e+00 -1.599868e-01 1.676659e+00
 8.678679e-01  1.280917e+00  8.758079e-02 1.648418e+00
 8.688689e-01  1.230911e+00  3.288717e-01 1.623298e+00
 8.698699e-01  1.137235e+00  5.551500e-01 1.601495e+00
 8.708709e-01  1.003770e+00  7.582802e-01 1.582543e+00
 8.718719e-01  8.358089e-01  9.310268e-01 1.565387e+00
 8.728729e-01  6.398587e-01  1.067322e+00 1.548595e+00
 8.738739e-01  4.233917e-01  1.162489e+00 1.530642e+00
 8.748749e-01  1.945667e-01  1.213415e+00 1.510233e+00
 8.758759e-01 -3.807495e-02  1.218661e+00 1.486585e+00
 8.768769e-01 -2.659271e-01  1.178514e+00 1.459612e+00
 8.778779e-01 -4.806366e-01  1.094967e+00 1.429964e+00
 8.788789e-01 -6.744110e-01  9.716383e-01 1.398911e+00
 8.798799e-01 -8.403044e-01  8.136279e-01 1.368102e+00
 8.808809e-01 -9.724707e-01  6.273133e-01 1.339221e+00
 8.818819e-01 -1.066375e+00  4.200994e-01 1.313639e+00
 8.828829e-01 -1.118955e+00  2.001282e-01 1.292111e+00
 8.838839e-01 -1.128727e+00 -2.404078e-02 1.274602e+00
 8.848849e-01 -1.095832e+00 -2.437646e-01 1.260269e+00
 8.858859e-01 -1.022023e+00 -4.506539e-01 1.247620e+00
 8.868869e-01 -9.105850e-01 -6.368989e-01 1.234805e+00
 8.878879e-01 -7.662052e-01 -7.955709e-01 1.220003e+00
 8.888889e-01 -5.947847e-01 -9.208884e-01 1.201804e+00
 8.898899e-01 -4.032068e-01 -1.008436e+00 1.179519e+00
 8.908909e-01 -1.990676e-01 -1.055329e+00 1.153347e+00
 8.918919e-01  9.620081e-03 -1.060312e+00 1.124355e+00
 8.928929e-01  2.147376e-01 -1.023800e+00 1.094279e+00
 8.938939e-01  4.083759e-01 -9.478423e-01 1.065176e+00
 8.948949e-01  5.831411e-01 -8.360269e-01 1.038994e+00
 8.958959e-01  7.324404e-01 -6.933239e-01 1.017167e+00
 8.968969e-01  8.507357e-01 -5.258708e-01 1.000291e+00
 8.978979e-01  9.337553e-01 -3.407143e-01 9.879851e-01
 8.988989e-01  9.786559e-01 -1.455168e-01 9.789425e-01
 8.998999e-01  9.841279e-01  5.176008e-02 9.711869e-01
 9.009009e-01  9.504391e-01  2.431807e-01 9.624714e-01
 9.019019e-01  8.794162e-01  4.211572e-01 9.507462e-01
 9.029029e-01  7.743632e-01  5.787541e-01 9.345947e-01
 9.039039e-01  6.399218e-01  7.099628e-01 9.135471e-01
 9.049049e-01  4.818765e-01  8.099352e-01 8.881999e-01
 9.059059e-01  3.069148e-01  8.751676e-01 8.601150e-01
 9.069069e-01  1.223505e-01  9.036270e-01 8.315115e-01
 9.079079e-01 -6.417806e-02  8.948153e-01 8.048132e-01
 9.089089e-01 -2.450225e-01  8.497688e-01 7.821430e-01
 9.099099e-01 -4.128393e-01  7.709949e-01 7.648694e-01
 9.109109e-01 -5.608910e-01  6.623482e-01 7.533038e-01
 9.119119e-01 -6.833220e-01  5.288517e-01 7.466131e-01
 9.129129e-01 -7.753974e-01  3.764720e-01 7.429723e-01
 9.139139e-01 -8.336936e-01  2.118580e-01 7.399287e-01
 9.149149e-01 -8.562342e-01  4.205368e-02 7.349055e-01
 9.159159e-01 -8.425642e-01 -1.258009e-01 7.257403e-01
 9.169169e-01 -7.937595e-01 -2.847695e-01 7.111479e-01
 9.179179e-01 -7.123713e-01 -4.284068e-01 6.910052e-01
 9.189189e-01 -6.023072e-01 -5.510210e-01 6.663981e-01
 9.199199e-01 -4.686554e-01 -6.479012e-01 6.394139e-01
 9.209209e-01 -3.174580e-01 -7.155001e-01 6.127200e-01
 9.219219e-01 -1.554433e-01 -7.515657e-01 5.890137e-01
 9.229229e-01  1.026904e-02 -7.552154e-01 5.704557e-01
 9.239239e-01  1.724809e-01 -7.269516e-01 5.582083e-01
 9.249249e-01  3.242289e-01 -6.686187e-01 5.521754e-01
 9.259259e-01  4.590871e-01 -5.833027e-01 5.510030e-01
 9.269269e-01  5.714441e-01 -4.751800e-01 5.523444e-01
 9.279279e-01  6.567429e-01 -3.493217e-01 5.533369e-01
 9.289289e-01  7.116731e-01 -2.114629e-01 5.511952e-01
 9.299299e-01  7.343062e-01 -6.774551e-02 5.437950e-01
 9.309309e-01  7.241684e-01  7.555065e-02 5.301277e-01
 9.319319e-01  6.822482e-01  2.122806e-01 5.105257e-01
 9.329329e-01  6.109379e-01  3.366964e-01 4.866096e-01
 9.339339e-01  5.139121e-01  4.436881e-01 4.609648e-01
 9.349349e-01  3.959491e-01  5.289949e-01 4.366113e-01
 9.359359e-01  2.627033e-01  5.893752e-01 4.163761e-01
 9.369369e-01  1.204396e-01  6.227304e-01 4.022988e-01
 9.379379e-01 -2.425830e-02  6.281778e-01 3.951958e-01
 9.389389e-01 -1.647919e-01  6.060689e-01 3.944759e-01
 9.399399e-01 -2.948501e-01  5.579535e-01 3.982486e-01
 9.409409e-01 -4.086957e-01  4.864921e-01 4.037067e-01
 9.419419e-01 -5.014227e-01  3.953210e-01 4.077034e-01
 9.429429e-01 -5.691728e-01  2.888761e-01 4.074071e-01
 9.439439e-01 -6.093011e-01  1.721838e-01 4.008951e-01
 9.449449e-01 -6.204837e-01  5.062949e-02 3.875634e-01
 9.459459e-01 -6.027625e-01 -7.028746e-02 3.682629e-01
 9.469469e-01 -5.575248e-01 -1.851998e-01 3.451328e-01
 9.479479e-01 -4.874207e-01 -2.891093e-01 3.211631e-01
 9.489489e-01 -3.962212e-01 -3.776040e-01 2.995760e-01
 9.499499e-01 -2.886244e-01 -4.470461e-01 2.831543e-01
 9.509510e-01 -1.700210e-01 -4.947225e-01 2.736575e-01
 9.519520e-01 -4.622787e-02 -5.189518e-01 2.714480e-01
 9.529530e-01  7.679407e-02 -5.191432e-01 2.754070e-01
 9.539540e-01  1.932267e-01 -4.958054e-01 2.831596e-01
 9.549550e-01  2.976709e-01 -4.505053e-01 2.915629e-01
 9.559560e-01  3.853985e-01 -3.857793e-01 2.973577e-01
 9.569570e-01  4.525704e-01 -3.050021e-01 2.978462e-01
 9.579580e-01  4.964068e-01 -2.122176e-01 2.914561e-01
 9.589590e-01  5.153058e-01 -1.119435e-01 2.780714e-01
 9.599600e-01  5.089017e-01 -8.954828e-03 2.590611e-01
 9.609610e-01  4.780629e-01  9.194016e-02 2.369972e-01
 9.619620e-01  4.248300e-01  1.861228e-01 2.151223e-01
 9.629630e-01  3.522960e-01  2.693753e-01 1.966755e-01
 9.639640e-01  2.644374e-01  3.380698e-01 1.842184e-01
 9.649650e-01  1.659044e-01  3.893278e-01 1.791004e-01
 9.659660e-01  6.177961e-02  4.211420e-01 1.811773e-01
 9.669670e-01 -4.267986e-02  4.324558e-01 1.888396e-01
 9.679680e-01 -1.423061e-01  4.231965e-01 1.993463e-01
 9.689690e-01 -2.322752e-01  3.942619e-01 2.093942e-01
 9.699700e-01 -3.083420e-01  3.474612e-01 2.158040e-01
 9.709710e-01 -3.670409e-01  2.854132e-01 2.161797e-01
 9.719720e-01 -4.058463e-01  2.114078e-01 2.094045e-01
 9.729730e-01 -4.232819e-01  1.292373e-01 1.958699e-01
 9.739740e-01 -4.189766e-01  4.300595e-02 1.773909e-01
 9.749750e-01 -3.936628e-01 -4.307228e-02 1.568256e-01
 9.759760e-01 -3.491193e-01 -1.248782e-01 1.374789e-01
 9.769770e-01 -2.880626e-01 -1.985844e-01 1.224158e-01
 9.779780e-01 -2.139908e-01 -2.608347e-01 1.138268e-01
 9.789790e-01 -1.309917e-01 -3.088984e-01 1.125770e-01
 9.799800e-01 -4.352256e-02 -3.407910e-01 1.180327e-01
 9.809810e-01  4.382456e-02 -3.553569e-01 1.281991e-01
 9.819820e-01  1.265614e-01 -3.523101e-01 1.401402e-01
 9.829830e-01  2.005323e-01 -3.322313e-01 1.505908e-01
 9.839840e-01  2.621225e-01 -2.965223e-01 1.566336e-01
 9.849850e-01  3.084349e-01 -2.473207e-01 1.562997e-01
 9.859860e-01  3.374272e-01 -1.873799e-01 1.489683e-01
 9.869870e-01  3.480013e-01 -1.199195e-01 1.354856e-01
 9.879880e-01  3.400437e-01 -4.845652e-02 1.179778e-01
 9.889890e-01  3.144124e-01  2.337644e-02 9.940160e-02
 9.899900e-01  2.728740e-01  9.201478e-02 8.292692e-02
 9.909910e-01  2.179941e-01  1.541390e-01 7.128027e-02
 9.919920e-01  1.529877e-01  2.068360e-01 6.618635e-02
 9.929930e-01  8.153703e-02  2.477366e-01 6.802173e-02
 9.939940e-01  7.589014e-03  2.751234e-01 7.575047e-02
 9.949950e-01 -6.485903e-02  2.880022e-01 8.715197e-02
 9.959960e-01 -1.319723e-01  2.861364e-01 9.929074e-02
 9.969970e-01 -1.902794e-01  2.700411e-01 1.091284e-01
 9.979980e-01 -2.368509e-01  2.409386e-01 1.141498e-01
 9.989990e-01 -2.694456e-01  2.006796e-01 1.128732e-01
 1.000000e+00 -2.866182e-01  1.516321e-01 1.051423e-01
