# x psi_r psi_i psi2 
 0.000000e+00  1.993039e-02  2.482863e-02 1.013681e-03
 1.001001e-03  6.004780e-03  3.003935e-02 9.384197e-04
 2.002002e-03 -7.994646e-03  3.182983e-02 1.077052e-03
 3.003003e-03 -2.054470e-02  3.029624e-02 1.339947e-03
 4.004004e-03 -3.033623e-02  2.587430e-02 1.589766e-03
 5.005005e-03 -3.640624e-02  1.926639e-02 1.696608e-03
 6.006006e-03 -3.822839e-02  1.134483e-02 1.590115e-03
 7.007007e-03 -3.575371e-02  3.043752e-03 1.287592e-03
 8.008008e-03 -2.939909e-02 -4.747681e-03 8.868468e-04
 9.009009e-03 -1.998664e-02 -1.127866e-02 5.266739e-04
 1.001001e-02 -8.641937e-03 -1.600721e-02 3.309140e-04
 1.101101e-02  3.336450e-03 -1.864122e-02 3.586269e-04
 1.201201e-02  1.462146e-02 -1.914749e-02 5.804136e-04
 1.301301e-02  2.400026e-02 -1.773009e-02 8.903685e-04
 1.401401e-02  3.050009e-02 -1.478277e-02 1.148786e-03
 1.501502e-02  3.348476e-02 -1.082310e-02 1.238368e-03
 1.601602e-02  3.271230e-02 -6.417609e-03 1.111280e-03
 1.701702e-02  2.834936e-02 -2.107816e-03 8.081293e-04
 1.801802e-02  2.094210e-02  1.653836e-03 4.413066e-04
 1.901902e-02  1.134806e-02  4.550719e-03 1.494875e-04
 2.002002e-02  6.376466e-04  6.426736e-03 4.170953e-05
 2.102102e-02 -1.002376e-02  7.287388e-03 1.535817e-04
 2.202202e-02 -1.950000e-02  7.278638e-03 4.332286e-04
 2.302302e-02 -2.680172e-02  6.647897e-03 7.625267e-04
 2.402402e-02 -3.118533e-02  5.693574e-03 1.004942e-03
 2.502503e-02 -3.222395e-02  4.710887e-03 1.060576e-03
 2.602603e-02 -2.984390e-02  3.941811e-03 9.061962e-04
 2.702703e-02 -2.432431e-02  3.536247e-03 6.041771e-04
 2.802803e-02 -1.626105e-02  3.529673e-03 2.768805e-04
 2.902903e-02 -6.499852e-03  3.840212e-03 5.699530e-05
 3.003003e-02  3.953712e-03  4.285234e-03 3.399507e-05
 3.103103e-02  1.403756e-02  4.614927e-03 2.183507e-04
 3.203203e-02  2.273924e-02  4.557839e-03 5.378469e-04
 3.303303e-02  2.919427e-02  3.871778e-03 8.672961e-04
 3.403403e-02  3.276756e-02  2.392564e-03 1.079437e-03
 3.503504e-02  3.311052e-02  7.336933e-05 1.096312e-03
 3.603604e-02  3.018938e-02 -2.991526e-03 9.203477e-04
 3.703704e-02  2.428303e-02 -6.562704e-03 6.327348e-04
 3.803804e-02  1.595169e-02 -1.027296e-02 3.599900e-04
 3.903904e-02  5.980228e-03 -1.366479e-02 2.224897e-04
 4.004004e-02 -4.697533e-03 -1.624417e-02 2.859398e-04
 4.104104e-02 -1.508630e-02 -1.754422e-02 5.353962e-04
 4.204204e-02 -2.422014e-02 -1.719125e-02 8.821544e-04
 4.304304e-02 -3.124867e-02 -1.496436e-02 1.200411e-03
 4.404404e-02 -3.551115e-02 -1.084091e-02 1.378567e-03
 4.504505e-02 -3.659274e-02 -5.020961e-03 1.364239e-03
 4.604605e-02 -3.435857e-02  2.073641e-03 1.184811e-03
 4.704705e-02 -2.896352e-02  9.827050e-03 9.354567e-04
 4.804805e-02 -2.083788e-02  1.748249e-02 7.398544e-04
 4.904905e-02 -1.065028e-02  2.421591e-02 6.998388e-04
 5.005005e-02  7.480917e-04  2.922297e-02 8.545417e-04
 5.105105e-02  1.239360e-02  3.181004e-02 1.165480e-03
 5.205205e-02  2.328867e-02  3.147927e-02 1.533307e-03
 5.305305e-02  3.248278e-02  2.799780e-02 1.839008e-03
 5.405405e-02  3.914973e-02  2.144255e-02 1.992485e-03
 5.505506e-02  4.265565e-02  1.221454e-02 1.968700e-03
 5.605606e-02  4.261264e-02  1.019367e-03 1.816876e-03
 5.705706e-02  3.891435e-02 -1.118546e-02 1.639441e-03
 5.805806e-02  3.175058e-02 -2.327264e-02 1.549716e-03
 5.905906e-02  2.159973e-02 -3.404921e-02 1.625897e-03
 6.006006e-02  9.199142e-03 -4.237299e-02 1.880095e-03
 6.106106e-02 -4.505063e-03 -4.726987e-02 2.254736e-03
 6.206206e-02 -1.842562e-02 -4.804001e-02 2.647346e-03
 6.306306e-02 -3.141499e-02 -4.434181e-02 2.953098e-03
 6.406406e-02 -4.235404e-02 -3.624430e-02 3.107514e-03
 6.506507e-02 -5.024234e-02 -2.424162e-02 3.111949e-03
 6.606607e-02 -5.428337e-02 -9.226733e-03 3.031817e-03
 6.706707e-02 -5.395796e-02  7.574563e-03 2.968836e-03
 6.806807e-02 -4.907966e-02  2.470421e-02 3.019111e-03
 6.906907e-02 -3.982660e-02  4.059866e-02 3.234409e-03
 7.007007e-02 -2.674606e-02  5.373049e-02 3.602318e-03
 7.107107e-02 -1.072954e-02  6.275211e-02 4.052951e-03
 7.207207e-02  7.041548e-03  6.662792e-02 4.488863e-03
 7.307307e-02  2.517703e-02  6.474244e-02 4.825467e-03
 7.407407e-02  4.218106e-02  5.697375e-02 5.025250e-03
 7.507508e-02  5.657021e-02  4.372427e-02 5.112001e-03
 7.607608e-02  6.699757e-02  2.590527e-02 5.159757e-03
 7.707708e-02  7.237294e-02  4.874911e-03 5.261607e-03
 7.807808e-02  7.196872e-02 -1.766560e-02 5.491570e-03
 7.907908e-02  6.550163e-02 -3.980971e-02 5.875277e-03
 8.008008e-02  5.318167e-02 -5.960572e-02 6.381132e-03
 8.108108e-02  3.572221e-02 -7.522595e-02 6.935021e-03
 8.208208e-02  1.430795e-02 -8.513031e-02 7.451888e-03
 8.308308e-02 -9.479179e-03 -8.820997e-02 7.870853e-03
 8.408408e-02 -3.377199e-02 -8.389820e-02 8.179455e-03
 8.508509e-02 -5.656072e-02 -7.223811e-02 8.417460e-03
 8.608609e-02 -7.585553e-02 -5.390038e-02 8.659313e-03
 8.708709e-02 -8.985611e-02 -3.014826e-02 8.983037e-03
 8.808809e-02 -9.711387e-02 -2.751462e-03 9.438674e-03
 8.908909e-02 -9.667255e-02  2.614506e-02 1.002915e-02
 9.009009e-02 -8.817378e-02  5.418776e-02 1.071093e-02
 9.109109e-02 -7.191687e-02  7.900355e-02 1.141360e-02
 9.209209e-02 -4.886545e-02  9.839627e-02 1.206966e-02
 9.309309e-02 -2.059793e-02  1.105345e-01 1.264214e-02
 9.409409e-02  1.079657e-02  1.141151e-01 1.313881e-02
 9.509510e-02  4.287024e-02  1.084887e-01 1.360765e-02
 9.609610e-02  7.300560e-02  9.373553e-02 1.411617e-02
 9.709710e-02  9.862690e-02  7.068410e-02 1.472351e-02
 9.809810e-02  1.174168e-01  4.086985e-02 1.545705e-02
 9.909910e-02  1.275202e-01  6.435271e-03 1.630282e-02
 1.001001e-01  1.277174e-01 -3.002232e-02 1.721307e-02
 1.011011e-01  1.175507e-01 -6.564441e-02 1.812736e-02
 1.021021e-01  9.739272e-02 -9.753217e-02 1.899786e-02
 1.031031e-01  6.844784e-02 -1.229777e-01 1.980863e-02
 1.041041e-01  3.268522e-02 -1.396876e-01 2.058095e-02
 1.051051e-01 -7.293779e-03 -1.459804e-01 2.136349e-02
 1.061061e-01 -4.844462e-02 -1.409421e-01 2.221157e-02
 1.071071e-01 -8.751111e-02 -1.245253e-01 2.316473e-02
 1.081081e-01 -1.212819e-01 -9.758267e-02 2.423167e-02
 1.091091e-01 -1.468511e-01 -6.183103e-02 2.538832e-02
 1.101101e-01 -1.618628e-01 -1.974464e-02 2.658942e-02
 1.111111e-01 -1.647181e-01  2.561389e-02 2.778813e-02
 1.121121e-01 -1.547275e-01  7.081482e-02 2.895535e-02
 1.131131e-01 -1.321950e-01  1.123184e-01 3.009095e-02
 1.141141e-01 -9.842523e-02  1.467488e-01 3.122273e-02
 1.151151e-01 -5.565097e-02  1.711634e-01 3.239394e-02
 1.161161e-01 -6.885577e-03  1.832972e-01 3.364526e-02
 1.171171e-01  4.429050e-02  1.817608e-01 3.499864e-02
 1.181181e-01  9.399326e-02  1.661769e-01 3.644948e-02
 1.191191e-01  1.383293e-01  1.372410e-01 3.797009e-02
 1.201201e-01  1.736981e-01  9.670181e-02 3.952227e-02
 1.211211e-01  1.970792e-01  4.725783e-02 4.107351e-02
 1.221221e-01  2.062812e-01 -7.621412e-03 4.261003e-02
 1.231231e-01  2.001331e-01 -6.393924e-02 4.414150e-02
 1.241241e-01  1.786013e-01 -1.174630e-01 4.569598e-02
 1.251251e-01  1.428223e-01 -1.640410e-01 4.730766e-02
 1.261261e-01  9.504647e-02 -1.999222e-01 4.900271e-02
 1.271271e-01  3.849625e-02 -2.220523e-01 5.078920e-02
 1.281281e-01 -2.285350e-02 -2.283257e-01 5.265490e-02
 1.291291e-01 -8.455634e-02 -2.177696e-01 5.457338e-02
 1.301301e-01 -1.420171e-01 -1.906481e-01 5.651557e-02
 1.311311e-01 -1.908327e-01 -1.484738e-01 5.846161e-02
 1.321321e-01 -2.271262e-01 -9.392588e-02 6.040839e-02
 1.331331e-01 -2.478477e-01 -3.067825e-02 6.236964e-02
 1.341341e-01 -2.510207e-01  3.685062e-02 6.436937e-02
 1.351351e-01 -2.359131e-01  1.038092e-01 6.643132e-02
 1.361361e-01 -2.031191e-01  1.652630e-01 6.856925e-02
 1.371371e-01 -1.545457e-01  2.165581e-01 7.078180e-02
 1.381381e-01 -9.330080e-02  2.536705e-01 7.305376e-02
 1.391391e-01 -2.349161e-02  2.735160e-01 7.536287e-02
 1.401401e-01  5.005395e-02  2.741963e-01 7.768899e-02
 1.411411e-01  1.221240e-01  2.551618e-01 8.002183e-02
 1.421421e-01  1.874933e-01  2.172795e-01 8.236413e-02
 1.431431e-01  2.413015e-01  1.627971e-01 8.472933e-02
 1.441441e-01  2.794112e-01  9.520729e-02 8.713506e-02
 1.451451e-01  2.987199e-01  1.901849e-02 8.959527e-02
 1.461461e-01  2.974021e-01 -6.055072e-02 9.211438e-02
 1.471471e-01  2.750637e-01 -1.379333e-01 9.468566e-02
 1.481481e-01  2.327960e-01 -2.076058e-01 9.729415e-02
 1.491491e-01  1.731235e-01 -2.644825e-01 9.992272e-02
 1.501502e-01  9.984966e-02 -3.042837e-01 1.025585e-01
 1.511512e-01  1.780862e-02 -3.238521e-01 1.051973e-01
 1.521522e-01 -6.745928e-02 -3.213923e-01 1.078437e-01
 1.531532e-01 -1.500864e-01 -2.966182e-01 1.105083e-01
 1.541542e-01 -2.242846e-01 -2.507952e-01 1.132018e-01
 1.551552e-01 -2.847512e-01 -1.866735e-01 1.159303e-01
 1.561562e-01 -3.270464e-01 -1.083171e-01 1.186920e-01
 1.571572e-01 -3.479133e-01 -2.083946e-02 1.214780e-01
 1.581582e-01 -3.455199e-01  6.993742e-02 1.242753e-01
 1.591592e-01 -3.196041e-01  1.578758e-01 1.270715e-01
 1.601602e-01 -2.715107e-01  2.369406e-01 1.298589e-01
 1.611612e-01 -2.041188e-01  3.016151e-01 1.326361e-01
 1.621622e-01 -1.216616e-01  3.472834e-01 1.354073e-01
 1.631632e-01 -2.945224e-02  3.705555e-01 1.381788e-01
 1.641642e-01  6.646654e-02  3.695102e-01 1.409556e-01
 1.651652e-01  1.597251e-01  3.438401e-01 1.437381e-01
 1.661662e-01  2.440547e-01  2.948874e-01 1.465213e-01
 1.671672e-01  3.137111e-01  2.255691e-01 1.492961e-01
 1.681682e-01  3.638647e-01  1.401943e-01 1.520520e-01
 1.691692e-01  3.909321e-01  4.418727e-02 1.547804e-01
 1.701702e-01  3.928240e-01 -5.626586e-02 1.574766e-01
 1.711712e-01  3.690958e-01 -1.546232e-01 1.601400e-01
 1.721722e-01  3.209871e-01 -2.444186e-01 1.627731e-01
 1.731732e-01  2.513504e-01 -3.196897e-01 1.653785e-01
 1.741742e-01  1.644725e-01 -3.753739e-01 1.679568e-01
 1.751752e-01  6.579961e-02 -4.076464e-01 1.705052e-01
 1.761762e-01 -3.841340e-02 -4.141762e-01 1.730175e-01
 1.771772e-01 -1.415083e-01 -3.942856e-01 1.754857e-01
 1.781782e-01 -2.368554e-01 -3.490005e-01 1.779019e-01
 1.791792e-01 -3.182837e-01 -2.809902e-01 1.802600e-01
 1.801802e-01 -3.804815e-01 -1.943991e-01 1.825571e-01
 1.811812e-01 -4.193406e-01 -9.458302e-02 1.847925e-01
 1.821822e-01 -4.322234e-01  1.223228e-02 1.869667e-01
 1.831832e-01 -4.181332e-01  1.193495e-01 1.890797e-01
 1.841842e-01 -3.777801e-01  2.200272e-01 1.911297e-01
 1.851852e-01 -3.135361e-01  3.079089e-01 1.931128e-01
 1.861862e-01 -2.292851e-01  3.774273e-01 1.950230e-01
 1.871872e-01 -1.301758e-01  4.241560e-01 1.968540e-01
 1.881882e-01 -2.229611e-02  4.450878e-01 1.986003e-01
 1.891892e-01  8.771110e-02  4.388218e-01 2.002578e-01
 1.901902e-01  1.930657e-01  4.056478e-01 2.018245e-01
 1.911912e-01  2.872742e-01  3.475242e-01 2.032995e-01
 1.921922e-01  3.645337e-01  2.679507e-01 2.046824e-01
 1.931932e-01  4.200896e-01  1.717455e-01 2.059718e-01
 1.941942e-01  4.505262e-01  6.474192e-02 2.071654e-01
 1.951952e-01  4.539712e-01 -4.657697e-02 2.082593e-01
 1.961962e-01  4.302036e-01 -1.554800e-01 2.092492e-01
 1.971972e-01  3.806578e-01 -2.554024e-01 2.101308e-01
 1.981982e-01  3.083260e-01 -3.403464e-01 2.109006e-01
 1.991992e-01  2.175656e-01 -4.052428e-01 2.115565e-01
 2.002002e-01  1.138246e-01 -4.462526e-01 2.120974e-01
 2.012012e-01  3.302919e-03 -4.609901e-01 2.125228e-01
 2.022022e-01 -1.074278e-01 -4.486551e-01 2.128321e-01
 2.032032e-01 -2.118239e-01 -4.100670e-01 2.130243e-01
 2.042042e-01 -3.037617e-01 -3.476010e-01 2.130976e-01
 2.052052e-01 -3.779004e-01 -2.650302e-01 2.130497e-01
 2.062062e-01 -4.299924e-01 -1.672864e-01 2.128782e-01
 2.072072e-01 -4.571245e-01 -6.015374e-02 2.125813e-01
 2.082082e-01 -4.578747e-01  5.008378e-02 2.121576e-01
 2.092092e-01 -4.323788e-01  1.570202e-01 2.116068e-01
 2.102102e-01 -3.823030e-01  2.545067e-01 2.109292e-01
 2.112112e-01 -3.107248e-01  3.370094e-01 2.101252e-01
 2.122122e-01 -2.219343e-01  3.999257e-01 2.091954e-01
 2.132132e-01 -1.211654e-01  4.398395e-01 2.081398e-01
 2.142142e-01 -1.427696e-02  4.547028e-01 2.069584e-01
 2.152152e-01  9.259721e-02  4.439333e-01 2.056510e-01
 2.162162e-01  1.934081e-01  4.084248e-01 2.042175e-01
 2.172172e-01  2.825397e-01  3.504709e-01 2.026585e-01
 2.182182e-01  3.551245e-01  2.736084e-01 2.009749e-01
 2.192192e-01  4.073100e-01  1.823923e-01 1.991684e-01
 2.202202e-01  4.364605e-01  8.211588e-02 1.972408e-01
 2.212212e-01  4.412841e-01 -2.150587e-02 1.951942e-01
 2.222222e-01  4.218800e-01 -1.226700e-01 1.930307e-01
 2.232232e-01  3.797042e-01 -2.158170e-01 1.907522e-01
 2.242242e-01  3.174584e-01 -2.959407e-01 1.883608e-01
 2.252252e-01  2.389108e-01 -3.588594e-01 1.858584e-01
 2.262262e-01  1.486593e-01 -4.014324e-01 1.832476e-01
 2.272272e-01  5.185457e-02 -4.217132e-01 1.805309e-01
 2.282282e-01 -4.610241e-02 -4.190301e-01 1.777117e-01
 2.292292e-01 -1.398680e-01 -3.939927e-01 1.747933e-01
 2.302302e-01 -2.244529e-01 -3.484255e-01 1.717794e-01
 2.312312e-01 -2.954903e-01 -2.852357e-01 1.686739e-01
 2.322322e-01 -3.494625e-01 -2.082223e-01 1.654806e-01
 2.332332e-01 -3.838721e-01 -1.218422e-01 1.622033e-01
 2.342342e-01 -3.973517e-01 -3.094507e-02 1.588460e-01
 2.352352e-01 -3.897075e-01  5.950537e-02 1.554128e-01
 2.362362e-01 -3.618947e-01  1.447076e-01 1.519081e-01
 2.372372e-01 -3.159312e-01  2.202814e-01 1.483364e-01
 2.382382e-01 -2.547536e-01  2.824946e-01 1.447026e-01
 2.392392e-01 -1.820280e-01  3.284471e-01 1.410117e-01
 2.402402e-01 -1.019257e-01  3.562021e-01 1.372688e-01
 2.412412e-01 -1.887927e-02  3.648598e-01 1.334791e-01
 2.422422e-01  6.266772e-02  3.545708e-01 1.296477e-01
 2.432432e-01  1.385025e-01  3.264920e-01 1.257800e-01
 2.442442e-01  2.048634e-01  2.826873e-01 1.218811e-01
 2.452452e-01  2.586277e-01  2.259829e-01 1.179566e-01
 2.462462e-01  2.974562e-01  1.597864e-01 1.140118e-01
 2.472472e-01  3.198904e-01  8.787929e-02 1.100526e-01
 2.482482e-01  3.253966e-01  1.419910e-02 1.060846e-01
 2.492492e-01  3.143582e-01 -5.738007e-02 1.021135e-01
 2.502503e-01  2.880170e-01 -1.232538e-01 9.814529e-02
 2.512513e-01  2.483711e-01 -1.802703e-01 9.418560e-02
 2.522523e-01  1.980345e-01 -2.258818e-01 9.024026e-02
 2.532533e-01  1.400698e-01 -2.582547e-01 8.631501e-02
 2.542543e-01  7.780250e-02 -2.763375e-01 8.241562e-02
 2.552553e-01  1.463037e-02 -2.798817e-01 7.854783e-02
 2.562563e-01 -4.616380e-02 -2.694184e-01 7.471740e-02
 2.572573e-01 -1.015840e-01 -2.461925e-01 7.093006e-02
 2.582583e-01 -1.490693e-01 -2.120610e-01 6.719151e-02
 2.592593e-01 -1.866112e-01 -1.693624e-01 6.350736e-02
 2.602603e-01 -2.128350e-01 -1.207660e-01 5.988315e-02
 2.612613e-01 -2.270423e-01 -6.910933e-02 5.632429e-02
 2.622623e-01 -2.292140e-01 -1.723507e-02 5.283609e-02
 2.632633e-01 -2.199754e-01  3.216471e-02 4.942375e-02
 2.642643e-01 -2.005275e-01  7.668815e-02 4.609234e-02
 2.652653e-01 -1.725490e-01  1.143400e-01 4.284679e-02
 2.662663e-01 -1.380776e-01  1.436192e-01 3.969190e-02
 2.672673e-01 -9.937643e-02  1.635747e-01 3.663235e-02
 2.682683e-01 -5.879471e-02  1.738269e-01 3.367260e-02
 2.692693e-01 -1.863133e-02  1.745562e-01 3.081698e-02
 2.702703e-01  1.899220e-02  1.664600e-01 2.806962e-02
 2.712713e-01  5.224176e-02  1.506826e-01 2.543446e-02
 2.722723e-01  7.965855e-02  1.287236e-01 2.291524e-02
 2.732733e-01  1.002208e-01  1.023294e-01 2.051553e-02
 2.742743e-01  1.133770e-01  7.337794e-02 1.823867e-02
 2.752753e-01  1.190501e-01  4.375978e-02 1.608785e-02
 2.762763e-01  1.176136e-01  1.526604e-02 1.406602e-02
 2.772773e-01  1.098426e-01 -1.051299e-02 1.217593e-02
 2.782783e-01  9.684329e-02 -3.227195e-02 1.042010e-02
 2.792793e-01  7.996627e-02 -4.905351e-02 8.800852e-03
 2.802803e-01  6.070950e-02 -6.028768e-02 7.320247e-03
 2.812813e-01  4.061668e-02 -6.580580e-02 5.980118e-03
 2.822823e-01  2.117763e-02 -6.582979e-02 4.782053e-03
 2.832833e-01  3.736143e-03 -6.093790e-02 3.727386e-03
 2.842843e-01 -1.058932e-02 -5.201018e-02 2.817193e-03
 2.852853e-01 -2.096799e-02 -4.015752e-02 2.052283e-03
 2.862863e-01 -2.689904e-02 -2.663906e-02 1.433198e-03
 2.872873e-01 -2.823198e-02 -1.277325e-02 9.602004e-04
 2.882883e-01 -2.516457e-02  1.518431e-04 6.332788e-04
 2.892893e-01 -1.821920e-02  1.096382e-02 4.521445e-04
 2.902903e-01 -8.199553e-03  1.868168e-02 4.162379e-04
 2.912913e-01  3.869133e-03  2.257793e-02 5.247332e-04
 2.922923e-01  1.681246e-02  2.222360e-02 7.765472e-04
 2.932933e-01  2.938725e-02  1.751396e-02 1.170349e-03
 2.942943e-01  4.036504e-02  8.673782e-03 1.704571e-03
 2.952953e-01  4.861377e-02 -3.757783e-03 2.377419e-03
 2.962963e-01  5.317283e-02 -1.896149e-02 3.186888e-03
 2.972973e-01  5.331730e-02 -3.588919e-02 4.130768e-03
 2.982983e-01  4.860770e-02 -5.332872e-02 5.206660e-03
 2.992993e-01  3.892262e-02 -6.997864e-02 6.411980e-03
 3.003003e-01  2.447249e-02 -8.452848e-02 7.743966e-03
 3.013013e-01  5.793789e-03 -9.573981e-02 9.199678e-03
 3.023023e-01 -1.627572e-02 -1.025237e-01 1.077600e-02
 3.033033e-01 -4.063943e-02 -1.040099e-01 1.246963e-02
 3.043043e-01 -6.599943e-02 -9.960501e-02 1.427708e-02
 3.053053e-01 -9.092613e-02 -8.903427e-02 1.619466e-02
 3.063063e-01 -1.139360e-01 -7.236756e-02 1.821847e-02
 3.073073e-01 -1.335732e-01 -5.002584e-02 2.034439e-02
 3.083083e-01 -1.484913e-01 -2.276895e-02 2.256808e-02
 3.093093e-01 -1.575293e-01  8.335125e-03 2.488496e-02
 3.103103e-01 -1.597805e-01  4.195770e-02 2.729025e-02
 3.113113e-01 -1.546473e-01  7.657123e-02 2.977893e-02
 3.123123e-01 -1.418822e-01  1.105225e-01 3.234578e-02
 3.133133e-01 -1.216112e-01  1.421131e-01 3.498540e-02
 3.143143e-01 -9.433802e-02  1.696838e-01 3.769225e-02
 3.153153e-01 -6.093061e-02  1.916981e-01 4.046069e-02
 3.163163e-01 -2.258859e-02  2.068206e-01 4.328499e-02
 3.173173e-01  1.920550e-02  2.139873e-01 4.615943e-02
 3.183183e-01  6.274944e-02  2.124637e-01 4.907833e-02
 3.193193e-01  1.061959e-01  2.018874e-01 5.203607e-02
 3.203203e-01  1.476347e-01  1.822943e-01 5.502721e-02
 3.213213e-01  1.851795e-01  1.541265e-01 5.804644e-02
 3.223223e-01  2.170539e-01  1.182214e-01 6.108868e-02
 3.233233e-01  2.416735e-01  7.578227e-02 6.414905e-02
 3.243243e-01  2.577211e-01  2.833246e-02 6.722289e-02
 3.253253e-01  2.642090e-01 -2.234539e-02 7.030573e-02
 3.263263e-01  2.605290e-01 -7.428245e-02 7.339325e-02
 3.273273e-01  2.464848e-01 -1.254053e-01 7.648128e-02
 3.283283e-01  2.223075e-01 -1.736232e-01 7.956564e-02
 3.293293e-01  1.886522e-01 -2.169159e-01 8.264218e-02
 3.303303e-01  1.465768e-01 -2.534203e-01 8.570661e-02
 3.313313e-01  9.750315e-02 -2.815095e-01 8.875447e-02
 3.323323e-01  4.316328e-02 -2.998633e-01 9.178105e-02
 3.333333e-01 -1.446839e-02 -3.075256e-01 9.478136e-02
 3.343343e-01 -7.325248e-02 -3.039475e-01 9.775004e-02
 3.353353e-01 -1.309693e-01 -2.890129e-01 1.006814e-01
 3.363363e-01 -1.854071e-01 -2.630469e-01 1.035694e-01
 3.373373e-01 -2.344495e-01 -2.268067e-01 1.064079e-01
 3.383383e-01 -2.761603e-01 -1.814546e-01 1.091903e-01
 3.393393e-01 -3.088594e-01 -1.285145e-01 1.119101e-01
 3.403403e-01 -3.311900e-01 -6.981520e-02 1.145610e-01
 3.413413e-01 -3.421719e-01 -7.420684e-03 1.171367e-01
 3.423423e-01 -3.412406e-01  5.644802e-02 1.196315e-01
 3.433433e-01 -3.282695e-01  1.194970e-01 1.220404e-01
 3.443443e-01 -3.035755e-01  1.794459e-01 1.243589e-01
 3.453453e-01 -2.679077e-01  2.341138e-01 1.265838e-01
 3.463463e-01 -2.224188e-01  2.815003e-01 1.287126e-01
 3.473473e-01 -1.686228e-01  3.198600e-01 1.307440e-01
 3.483483e-01 -1.083378e-01  3.477656e-01 1.326780e-01
 3.493493e-01 -4.361949e-02  3.641601e-01 1.345152e-01
 3.503504e-01  2.331500e-02  3.683938e-01 1.362576e-01
 3.513514e-01  9.016770e-02  3.602463e-01 1.379076e-01
 3.523524e-01  1.546428e-01  3.399319e-01 1.394681e-01
 3.533534e-01  2.145289e-01  3.080904e-01 1.409424e-01
 3.543544e-01  2.677769e-01  2.657610e-01 1.423333e-01
 3.553554e-01  3.125711e-01  2.143431e-01 1.436437e-01
 3.563564e-01  3.473916e-01  1.555445e-01 1.448751e-01
 3.573574e-01  3.710649e-01  9.131898e-02 1.460283e-01
 3.583584e-01  3.828009e-01  2.379610e-02 1.471028e-01
 3.593594e-01  3.822172e-01 -4.479375e-02 1.480965e-01
 3.603604e-01  3.693475e-01 -1.121972e-01 1.490058e-01
 3.613614e-01  3.446361e-01 -1.762152e-01 1.498259e-01
 3.623624e-01  3.089177e-01 -2.347767e-01 1.505503e-01
 3.633634e-01  2.633843e-01 -2.860077e-01 1.511717e-01
 3.643644e-01  2.095408e-01 -3.282908e-01 1.516822e-01
 3.653654e-01  1.491499e-01 -3.603164e-01 1.520736e-01
 3.663664e-01  8.416998e-02 -3.811214e-01 1.523381e-01
 3.673674e-01  1.668748e-02 -3.901159e-01 1.524689e-01
 3.683684e-01 -5.115402e-02 -3.870968e-01 1.524607e-01
 3.693694e-01 -1.172247e-01 -3.722478e-01 1.523100e-01
 3.703704e-01 -1.794779e-01 -3.461271e-01 1.520162e-01
 3.713714e-01 -2.360144e-01 -3.096425e-01 1.515813e-01
 3.723724e-01 -2.851418e-01 -2.640162e-01 1.510103e-01
 3.733734e-01 -3.254238e-01 -2.107387e-01 1.503114e-01
 3.743744e-01 -3.557221e-01 -1.515170e-01 1.494956e-01
 3.753754e-01 -3.752258e-01 -8.821546e-02 1.485763e-01
 3.763764e-01 -3.834705e-01 -2.279399e-02 1.475692e-01
 3.773774e-01 -3.803456e-01  4.275587e-02 1.464909e-01
 3.783784e-01 -3.660900e-01  1.064737e-01 1.453586e-01
 3.793794e-01 -3.412766e-01  1.664905e-01 1.441888e-01
 3.803804e-01 -3.067872e-01  2.210847e-01 1.429968e-01
 3.813814e-01 -2.637778e-01  2.687312e-01 1.417952e-01
 3.823824e-01 -2.136369e-01  3.081438e-01 1.405933e-01
 3.833834e-01 -1.579372e-01  3.383082e-01 1.393966e-01
 3.843844e-01 -9.838303e-02  3.585061e-01 1.382059e-01
 3.853854e-01 -3.675613e-02  3.683291e-01 1.370174e-01
 3.863864e-01  2.514039e-02  3.676828e-01 1.358226e-01
 3.873874e-01  8.553628e-02  3.567808e-01 1.346090e-01
 3.883884e-01  1.427459e-01  3.361304e-01 1.333601e-01
 3.893894e-01  1.952156e-01  3.065091e-01 1.320569e-01
 3.903904e-01  2.415657e-01  2.689334e-01 1.306792e-01
 3.913914e-01  2.806259e-01  2.246228e-01 1.292063e-01
 3.923924e-01  3.114629e-01  1.749577e-01 1.276193e-01
 3.933934e-01  3.334003e-01  1.214345e-01 1.259021e-01
 3.943944e-01  3.460302e-01  6.561880e-02 1.240427e-01
 3.953954e-01  3.492164e-01  9.098126e-03 1.220349e-01
 3.963964e-01  3.430897e-01 -4.656412e-02 1.198787e-01
 3.973974e-01  3.280350e-01 -9.987244e-02 1.175815e-01
 3.983984e-01  3.046726e-01 -1.494394e-01 1.151575e-01
 3.993994e-01  2.738323e-01 -1.940212e-01 1.126284e-01
 4.004004e-01  2.365230e-01 -2.325477e-01 1.100215e-01
 4.014014e-01  1.938985e-01 -2.641462e-01 1.073698e-01
 4.024024e-01  1.472202e-01 -2.881590e-01 1.047094e-01
 4.034034e-01  9.781853e-02 -3.041537e-01 1.020780e-01
 4.044044e-01  4.705361e-02 -3.119275e-01 9.951281e-02
 4.054054e-01 -3.722879e-03 -3.115037e-01 9.704841e-02
 4.064064e-01 -5.320421e-02 -3.031232e-01 9.471439e-02
 4.074074e-01 -1.001623e-01 -2.872298e-01 9.253347e-02
 4.084084e-01 -1.434779e-01 -2.644503e-01 9.051987e-02
 4.094094e-01 -1.821660e-01 -2.355708e-01 8.867805e-02
 4.104104e-01 -2.153973e-01 -2.015094e-01 8.700205e-02
 4.114114e-01 -2.425136e-01 -1.632869e-01 8.547545e-02
 4.124124e-01 -2.630383e-01 -1.219953e-01 8.407199e-02
 4.134134e-01 -2.766814e-01 -7.876661e-02 8.275677e-02
 4.144144e-01 -2.833393e-01 -3.474134e-02 8.148814e-02
 4.154154e-01 -2.830897e-01  8.961402e-03 8.022007e-02
 4.164164e-01 -2.761813e-01  5.127199e-02 7.890491e-02
 4.174174e-01 -2.630203e-01  9.119578e-02 7.749634e-02
 4.184184e-01 -2.441529e-01  1.278353e-01 7.595249e-02
 4.194194e-01 -2.202449e-01  1.604088e-01 7.423881e-02
 4.204204e-01 -1.920593e-01  1.882654e-01 7.233065e-02
 4.214214e-01 -1.604325e-01  2.108952e-01 7.021537e-02
 4.224224e-01 -1.262498e-01  2.279358e-01 6.789374e-02
 4.234234e-01 -9.042033e-02  2.391751e-01 6.538058e-02
 4.244244e-01 -5.385377e-02  2.445492e-01 6.270454e-02
 4.254254e-01 -1.743706e-02  2.441372e-01 5.990704e-02
 4.264264e-01  1.798638e-02  2.381528e-01 5.704026e-02
 4.274274e-01  5.163552e-02  2.269324e-01 5.416454e-02
 4.284284e-01  8.280785e-02  2.109213e-01 5.134495e-02
 4.294294e-01  1.108929e-01  1.906578e-01 4.864764e-02
 4.304304e-01  1.353824e-01  1.667555e-01 4.613578e-02
 4.314314e-01  1.558776e-01  1.398851e-01 4.386566e-02
 4.324324e-01  1.720935e-01  1.107558e-01 4.188299e-02
 4.334334e-01  1.838595e-01  8.009653e-02 4.021978e-02
 4.344344e-01  1.911182e-01  4.863815e-02 3.889183e-02
 4.354354e-01  1.939201e-01  1.709617e-02 3.789728e-02
 4.364364e-01  1.924173e-01 -1.384487e-02 3.721609e-02
 4.374374e-01  1.868542e-01 -4.354534e-02 3.681068e-02
 4.384384e-01  1.775567e-01 -7.142279e-02 3.662761e-02
 4.394394e-01  1.649205e-01 -9.696193e-02 3.660038e-02
 4.404404e-01  1.493973e-01 -1.197226e-01 3.665304e-02
 4.414414e-01  1.314817e-01 -1.393452e-01 3.670451e-02
 4.424424e-01  1.116969e-01 -1.555545e-01 3.667341e-02
 4.434434e-01  9.058141e-02 -1.681606e-01 3.648297e-02
 4.444444e-01  6.867486e-02 -1.770581e-01 3.606581e-02
 4.454454e-01  4.650612e-02 -1.822238e-01 3.536835e-02
 4.464464e-01  2.458129e-02 -1.837121e-01 3.435439e-02
 4.474474e-01  3.373453e-03 -1.816491e-01 3.300779e-02
 4.484484e-01 -1.668649e-02 -1.762259e-01 3.133400e-02
 4.494494e-01 -3.521722e-02 -1.676901e-01 2.936023e-02
 4.504505e-01 -5.189305e-02 -1.563377e-01 2.713437e-02
 4.514515e-01 -6.644816e-02 -1.425034e-01 2.472257e-02
 4.524525e-01 -7.867938e-02 -1.265514e-01 2.220571e-02
 4.534535e-01 -8.844721e-02 -1.088663e-01 1.967478e-02
 4.544545e-01 -9.567557e-02 -8.984356e-02 1.722568e-02
 4.554555e-01 -1.003499e-01 -6.988119e-02 1.495348e-02
 4.564565e-01 -1.025141e-01 -4.937154e-02 1.294669e-02
 4.574575e-01 -1.022665e-01 -2.869400e-02 1.128178e-02
 4.584585e-01 -9.975461e-02 -8.208608e-03 1.001836e-02
 4.594595e-01 -9.516921e-02  1.174957e-02 9.195232e-03
 4.604605e-01 -8.873787e-02  3.087488e-02 8.827668e-03
 4.614615e-01 -8.071791e-02  4.889473e-02 8.906076e-03
 4.624625e-01 -7.138933e-02  6.557202e-02 9.396127e-03
 4.634635e-01 -6.104736e-02  8.070684e-02 1.024037e-02
 4.644645e-01 -4.999537e-02  9.413698e-02 1.136131e-02
 4.654655e-01 -3.853776e-02  1.057379e-01 1.266566e-02
 4.664665e-01 -2.697339e-02  1.154216e-01 1.404970e-02
 4.674675e-01 -1.558928e-02  1.231351e-01 1.540529e-02
 4.684685e-01 -4.655063e-03  1.288584e-01 1.662616e-02
 4.694695e-01  5.582131e-03  1.326015e-01 1.761431e-02
 4.704705e-01  1.490187e-02  1.344016e-01 1.828587e-02
 4.714715e-01  2.311415e-02  1.343201e-01 1.857616e-02
 4.724725e-01  3.006206e-02  1.324390e-01 1.844381e-02
 4.734735e-01  3.562398e-02  1.288574e-01 1.787329e-02
 4.744745e-01  3.971471e-02  1.236888e-01 1.687617e-02
 4.754755e-01  4.228612e-02  1.170573e-01 1.549053e-02
 4.764765e-01  4.332686e-02  1.090954e-01 1.377902e-02
 4.774775e-01  4.286153e-02  9.994046e-02 1.182521e-02
 4.784785e-01  4.094912e-02  8.973344e-02 9.728920e-03
 4.794795e-01  3.768093e-02  7.861573e-02 7.600286e-03
 4.804805e-01  3.317797e-02  6.672911e-02 5.553552e-03
 4.814815e-01  2.758770e-02  5.421227e-02 3.700052e-03
 4.824825e-01  2.108092e-02  4.120331e-02 2.142118e-03
 4.834835e-01  1.384728e-02  2.783371e-02 9.664625e-04
 4.844845e-01  6.092107e-03  1.423808e-02 2.398368e-04
 4.854855e-01 -1.962172e-03  5.298604e-04 4.130870e-06
 4.864865e-01 -9.971093e-03 -1.311221e-02 2.713527e-04
 4.874875e-01 -1.734159e-02 -2.596840e-02 9.750888e-04
 4.884885e-01 -2.348582e-02 -3.727752e-02 1.941197e-03
 4.894895e-01 -2.790697e-02 -4.638377e-02 2.930253e-03
 4.904905e-01 -3.023038e-02 -5.275307e-02 3.696762e-03
 4.914915e-01 -3.023569e-02 -5.601170e-02 4.051507e-03
 4.924925e-01 -2.787424e-02 -5.596263e-02 3.908789e-03
 4.934935e-01 -2.327539e-02 -5.259912e-02 3.308412e-03
 4.944945e-01 -1.673987e-02 -4.610428e-02 2.405828e-03
 4.954955e-01 -8.719641e-03 -3.684166e-02 1.433340e-03
 4.964965e-01  2.120715e-04 -2.533596e-02 6.419561e-04
 4.974975e-01  9.402018e-03 -1.224358e-02 2.383031e-04
 4.984985e-01  1.816228e-02  1.682142e-03 3.326979e-04
 4.994995e-01  2.582166e-02  1.563430e-02 9.111894e-04
 5.005005e-01  3.177359e-02  2.879530e-02 1.838730e-03
 5.015015e-01  3.552394e-02  4.038570e-02 2.892954e-03
 5.025025e-01  3.672733e-02  4.970558e-02 3.819541e-03
 5.035035e-01  3.521845e-02  5.617932e-02 4.396455e-03
 5.045045e-01  3.102521e-02  5.938560e-02 4.489213e-03
 5.055055e-01  2.437516e-02  5.908941e-02 4.085707e-03
 5.065065e-01  1.567957e-02  5.525225e-02 3.298660e-03
 5.075075e-01  5.513691e-03  4.804582e-02 2.338802e-03
 5.085085e-01 -5.426887e-03  3.783670e-02 1.461067e-03
 5.095095e-01 -1.636519e-02  2.518122e-02 9.019132e-04
 5.105105e-01 -2.650663e-02  1.078204e-02 8.188540e-04
 5.115115e-01 -3.508226e-02 -4.528927e-03 1.251276e-03
 5.125125e-01 -4.142297e-02 -1.986423e-02 2.110450e-03
 5.135135e-01 -4.498330e-02 -3.428952e-02 3.199269e-03
 5.145145e-01 -4.542787e-02 -4.694588e-02 4.267607e-03
 5.155155e-01 -4.257579e-02 -5.696590e-02 5.057812e-03
 5.165165e-01 -3.675429e-02 -6.408289e-02 5.457495e-03
 5.175175e-01 -2.965119e-02 -7.030765e-02 5.822359e-03
 5.185185e-01 -2.157315e-02 -7.585162e-02 6.218869e-03
 5.195195e-01 -1.253957e-02 -8.049807e-02 6.637180e-03
 5.205205e-01 -2.654549e-03 -8.412224e-02 7.083598e-03
 5.215215e-01  7.983359e-03 -8.656360e-02 7.556991e-03
 5.225225e-01  1.923550e-02 -8.769592e-02 8.060578e-03
 5.235235e-01  3.095139e-02 -8.738990e-02 8.594983e-03
 5.245245e-01  4.295092e-02 -8.554464e-02 9.162667e-03
 5.255255e-01  5.503944e-02 -8.207108e-02 9.765002e-03
 5.265265e-01  6.699959e-02 -7.691088e-02 1.040423e-02
 5.275275e-01  7.860206e-02 -7.002782e-02 1.108218e-02
 5.285285e-01  8.960237e-02 -6.142059e-02 1.180107e-02
 5.295295e-01  9.975007e-02 -5.111770e-02 1.256309e-02
 5.305305e-01  1.087886e-01 -3.918643e-02 1.337054e-02
 5.315315e-01  1.164642e-01 -2.572904e-02 1.422589e-02
 5.325325e-01  1.225276e-01 -1.088881e-02 1.513159e-02
 5.335335e-01  1.267431e-01  5.153774e-03 1.609038e-02
 5.345345e-01  1.288917e-01  2.217764e-02 1.710491e-02
 5.355355e-01  1.287793e-01  3.992565e-02 1.817817e-02
 5.365365e-01  1.262416e-01  5.810392e-02 1.931302e-02
 5.375375e-01  1.211515e-01  7.638753e-02 2.051273e-02
 5.385385e-01  1.134231e-01  9.442245e-02 2.178040e-02
 5.395395e-01  1.030193e-01  1.118328e-01 2.311955e-02
 5.405405e-01  8.995498e-02  1.282251e-01 2.453356e-02
 5.415415e-01  7.430214e-02  1.431972e-01 2.602623e-02
 5.425425e-01  5.619239e-02  1.563446e-01 2.760121e-02
 5.435435e-01  3.581991e-02  1.672707e-01 2.926257e-02
 5.445445e-01  1.344146e-02  1.755950e-01 3.101428e-02
 5.455455e-01 -1.062323e-02  1.809636e-01 3.286069e-02
 5.465465e-01 -3.599421e-02  1.830587e-01 3.480609e-02
 5.475475e-01 -6.223407e-02  1.816096e-01 3.685512e-02
 5.485485e-01 -8.885387e-02  1.764013e-01 3.901242e-02
 5.495495e-01 -1.153193e-01  1.672853e-01 4.128292e-02
 5.505506e-01 -1.410597e-01  1.541874e-01 4.367161e-02
 5.515516e-01 -1.654779e-01  1.371159e-01 4.618373e-02
 5.525526e-01 -1.879620e-01  1.161676e-01 4.882463e-02
 5.535536e-01 -2.078981e-01  9.153283e-02 5.159986e-02
 5.545546e-01 -2.246844e-01  6.349852e-02 5.451515e-02
 5.555556e-01 -2.377466e-01  3.244907e-02 5.757638e-02
 5.565566e-01 -2.465529e-01 -1.135331e-03 6.078964e-02
 5.575576e-01 -2.506304e-01 -3.668202e-02 6.416114e-02
 5.585586e-01 -2.495802e-01 -7.353283e-02 6.769737e-02
 5.595596e-01 -2.430934e-01 -1.109526e-01 7.140487e-02
 5.605606e-01 -2.309645e-01 -1.481414e-01 7.529049e-02
 5.615616e-01 -2.131049e-01 -1.842484e-01 7.936114e-02
 5.625626e-01 -1.895533e-01 -2.183886e-01 8.362403e-02
 5.635636e-01 -1.604849e-01 -2.496618e-01 8.808643e-02
 5.645646e-01 -1.262169e-01 -2.771736e-01 9.275592e-02
 5.655656e-01 -8.721131e-02 -3.000572e-01 9.764012e-02
 5.665666e-01 -4.407452e-02 -3.174971e-01 1.027470e-01
 5.675676e-01  2.447279e-03 -3.287529e-01 1.080844e-01
 5.685686e-01  5.147626e-02 -3.331831e-01 1.136608e-01
 5.695696e-01  1.020155e-01 -3.302685e-01 1.194844e-01
 5.705706e-01  1.529651e-01 -3.196335e-01 1.255639e-01
 5.715716e-01  2.031429e-01 -3.010663e-01 1.319079e-01
 5.725726e-01  2.513077e-01 -2.745357e-01 1.385254e-01
 5.735736e-01  2.961877e-01 -2.402046e-01 1.454254e-01
 5.745746e-01  3.365097e-01 -1.984397e-01 1.526171e-01
 5.755756e-01  3.710324e-01 -1.498161e-01 1.601099e-01
 5.765766e-01  3.985801e-01 -9.511689e-02 1.679133e-01
 5.775776e-01  4.180776e-01 -3.532762e-02 1.760369e-01
 5.785786e-01  4.285854e-01  2.837572e-02 1.844906e-01
 5.795796e-01  4.293328e-01  9.464442e-02 1.932842e-01
 5.805806e-01  4.197500e-01  1.619805e-01 2.024277e-01
 5.815816e-01  3.994964e-01  2.287663e-01 2.119314e-01
 5.825826e-01  3.684849e-01  2.932990e-01 2.218054e-01
 5.835836e-01  3.269009e-01  3.538305e-01 2.320602e-01
 5.845846e-01  2.752153e-01  4.086107e-01 2.427061e-01
 5.855856e-01  2.141908e-01  4.559343e-01 2.537538e-01
 5.865866e-01  1.448801e-01  4.941898e-01 2.652138e-01
 5.875876e-01  6.861628e-02  5.219085e-01 2.770967e-01
 5.885886e-01 -1.300543e-02  5.378142e-01 2.894133e-01
 5.895896e-01 -9.815433e-02  5.408697e-01 3.021743e-01
 5.905906e-01 -1.847995e-01  5.303204e-01 3.153906e-01
 5.915916e-01 -2.707531e-01  5.057328e-01 3.290729e-01
 5.925926e-01 -3.537207e-01  4.670264e-01 3.432320e-01
 5.935936e-01 -4.313584e-01  4.144981e-01 3.578787e-01
 5.945946e-01 -5.013351e-01  3.488367e-01 3.730239e-01
 5.955956e-01 -5.613981e-01  2.711279e-01 3.886782e-01
 5.965966e-01 -6.094416e-01  1.828479e-01 4.048524e-01
 5.975976e-01 -6.435742e-01  8.584514e-02 4.215571e-01
 5.985986e-01 -6.621858e-01 -1.768959e-02 4.388029e-01
 5.995996e-01 -6.640097e-01 -1.252650e-01 4.566002e-01
 6.006006e-01 -6.481794e-01 -2.341429e-01 4.749594e-01
 6.016016e-01 -6.142764e-01 -3.414019e-01 4.938908e-01
 6.026026e-01 -5.623688e-01 -4.440111e-01 5.134045e-01
 6.036036e-01 -4.930368e-01 -5.389110e-01 5.335104e-01
 6.046046e-01 -4.073858e-01 -6.231012e-01 5.542182e-01
 6.056056e-01 -3.070440e-01 -6.937303e-01 5.755377e-01
 6.066066e-01 -1.941439e-01 -7.481887e-01 5.974782e-01
 6.076076e-01 -7.128865e-02 -7.841982e-01 6.200488e-01
 6.086086e-01  5.849927e-02 -7.998977e-01 6.432586e-01
 6.096096e-01  1.918438e-01 -7.939219e-01 6.671161e-01
 6.106106e-01  3.250967e-01 -7.654684e-01 6.916297e-01
 6.116116e-01  4.544312e-01 -7.143529e-01 7.168077e-01
 6.126126e-01  5.759475e-01 -6.410478e-01 7.426577e-01
 6.136136e-01  6.857861e-01 -5.467035e-01 7.691873e-01
 6.146146e-01  7.802465e-01 -4.331499e-01 7.964035e-01
 6.156156e-01  8.559084e-01 -3.028763e-01 8.243132e-01
 6.166166e-01  9.097498e-01 -1.589907e-01 8.529227e-01
 6.176176e-01  9.392611e-01 -5.156421e-03 8.822380e-01
 6.186186e-01  9.425482e-01  1.544910e-01 9.122646e-01
 6.196196e-01  9.184229e-01  3.154476e-01 9.430077e-01
 6.206206e-01  8.664751e-01  4.729619e-01 9.744720e-01
 6.216216e-01  7.871256e-01  6.221695e-01 1.006662e+00
 6.226226e-01  6.816544e-01  7.582397e-01 1.039580e+00
 6.236236e-01  5.522032e-01  8.765288e-01 1.073231e+00
 6.246246e-01  4.017508e-01  9.727350e-01 1.107617e+00
 6.256256e-01  2.340600e-01  1.043051e+00 1.142740e+00
 6.266266e-01  5.359655e-02  1.084310e+00 1.178602e+00
 6.276276e-01 -1.345794e-01  1.094117e+00 1.215203e+00
 6.286286e-01 -3.249465e-01  1.070960e+00 1.252545e+00
 6.296296e-01 -5.116775e-01  1.014304e+00 1.290626e+00
 6.306306e-01 -6.888124e-01  9.246538e-01 1.329447e+00
 6.316316e-01 -8.504457e-01  8.035844e-01 1.369006e+00
 6.326326e-01 -9.909202e-01  6.537411e-01 1.409300e+00
 6.336336e-01 -1.105023e+00  4.788019e-01 1.450328e+00
 6.346346e-01 -1.188178e+00  2.834048e-01 1.492085e+00
 6.356356e-01 -1.236622e+00  7.303841e-02 1.534568e+00
 6.366366e-01 -1.247568e+00 -1.461007e-01 1.577772e+00
 6.376376e-01 -1.219342e+00 -3.672816e-01 1.621691e+00
 6.386386e-01 -1.151485e+00 -5.834396e-01 1.666320e+00
 6.396396e-01 -1.044824e+00 -7.873973e-01 1.711652e+00
 6.406406e-01 -9.014987e-01 -9.721000e-01 1.757678e+00
 6.416416e-01 -7.249476e-01 -1.130859e+00 1.804392e+00
 6.426426e-01 -5.198469e-01 -1.257594e+00 1.851782e+00
 6.436436e-01 -2.920044e-01 -1.347061e+00 1.899841e+00
 6.446446e-01 -4.820948e-02 -1.395075e+00 1.948557e+00
 6.456456e-01  2.039578e-01 -1.398685e+00 1.997919e+00
 6.466466e-01  4.563542e-01 -1.356339e+00 2.047916e+00
 6.476476e-01  7.005309e-01 -1.267986e+00 2.098533e+00
 6.486486e-01  9.280129e-01 -1.135143e+00 2.149758e+00
 6.496496e-01  1.130592e+00 -9.609047e-01 2.201577e+00
 6.506507e-01  1.300625e+00 -7.498986e-01 2.253973e+00
 6.516517e-01  1.431321e+00 -5.081849e-01 2.306933e+00
 6.526527e-01  1.517017e+00 -2.430995e-01 2.360438e+00
 6.536537e-01  1.553418e+00  3.695493e-02 2.414472e+00
 6.546547e-01  1.537803e+00  3.227649e-01 2.469016e+00
 6.556557e-01  1.469186e+00  6.046023e-01 2.524053e+00
 6.566567e-01  1.348412e+00  8.725521e-01 2.579561e+00
 6.576577e-01  1.178196e+00  1.116860e+00 2.635522e+00
 6.586587e-01  9.631002e-01  1.328289e+00 2.691913e+00
 6.596597e-01  7.094332e-01  1.498472e+00 2.748714e+00
 6.606607e-01  4.250874e-01  1.620248e+00 2.805902e+00
 6.616617e-01  1.193095e-01  1.687963e+00 2.863455e+00
 6.626627e-01 -1.975885e-01  1.697736e+00 2.921347e+00
 6.636637e-01 -5.145684e-01  1.647657e+00 2.979556e+00
 6.646647e-01 -8.202463e-01  1.537937e+00 3.038055e+00
 6.656657e-01 -1.103301e+00  1.370966e+00 3.096820e+00
 6.666667e-01 -1.352896e+00  1.151302e+00 3.155825e+00
 6.676677e-01 -1.559098e+00  8.855813e-01 3.215042e+00
 6.686687e-01 -1.713280e+00  5.823351e-01 3.274444e+00
 6.696697e-01 -1.808489e+00  2.517376e-01 3.334003e+00
 6.706707e-01 -1.839760e+00 -9.472327e-02 3.393691e+00
 6.716717e-01 -1.804378e+00 -4.446354e-01 3.453479e+00
 6.726727e-01 -1.702043e+00 -7.851033e-01 3.513338e+00
 6.736737e-01 -1.534971e+00 -1.103222e+00 3.573237e+00
 6.746747e-01 -1.307885e+00 -1.386573e+00 3.633146e+00
 6.756757e-01 -1.027912e+00 -1.623710e+00 3.693036e+00
 6.766767e-01 -7.043907e-01 -1.804635e+00 3.752874e+00
 6.776777e-01 -3.485750e-01 -1.921230e+00 3.812629e+00
 6.786787e-01  2.674106e-02 -1.967626e+00 3.872269e+00
 6.796797e-01  4.076745e-01 -1.940506e+00 3.931763e+00
 6.806807e-01  7.797626e-01 -1.839306e+00 3.991077e+00
 6.816817e-01  1.128513e+00 -1.666325e+00 4.050180e+00
 6.826827e-01  1.439971e+00 -1.426717e+00 4.109039e+00
 6.836837e-01  1.701293e+00 -1.128372e+00 4.167620e+00
 6.846847e-01  1.901279e+00 -7.816827e-01 4.225891e+00
 6.856857e-01  2.030875e+00 -3.992043e-01 4.283818e+00
 6.866867e-01  2.083589e+00  4.787301e-03 4.341368e+00
 6.876877e-01  2.055829e+00  4.148184e-01 4.398507e+00
 6.886887e-01  1.947124e+00  8.148074e-01 4.455202e+00
 6.896897e-01  1.760233e+00  1.188697e+00 4.511420e+00
 6.906907e-01  1.501120e+00  1.521107e+00 4.567128e+00
 6.916917e-01  1.178797e+00  1.797979e+00 4.622291e+00
 6.926927e-01  8.050394e-01  2.007184e+00 4.676877e+00
 6.936937e-01  3.939749e-01  2.139074e+00 4.730852e+00
 6.946947e-01 -3.843676e-02  2.186940e+00 4.784185e+00
 6.956957e-01 -4.750150e-01  2.147371e+00 4.836841e+00
 6.966967e-01 -8.980400e-01  2.020473e+00 4.888789e+00
 6.976977e-01 -1.289976e+00  1.809961e+00 4.939996e+00
 6.986987e-01 -1.634210e+00  1.523085e+00 4.990430e+00
 6.996997e-01 -1.915770e+00  1.170422e+00 5.040061e+00
 7.007007e-01 -2.121993e+00  7.655074e-01 5.088856e+00
 7.017017e-01 -2.243121e+00  3.243358e-01 5.136785e+00
 7.027027e-01 -2.272779e+00 -1.352588e-01 5.183818e+00
 7.037037e-01 -2.208327e+00 -5.943184e-01 5.229924e+00
 7.047047e-01 -2.051063e+00 -1.033544e+00 5.275075e+00
 7.057057e-01 -1.806254e+00 -1.434116e+00 5.319240e+00
 7.067067e-01 -1.482998e+00 -1.778513e+00 5.362393e+00
 7.077077e-01 -1.093924e+00 -2.051301e+00 5.404505e+00
 7.087087e-01 -6.547162e-01 -2.239843e+00 5.445549e+00
 7.097097e-01 -1.835011e-01 -2.334915e+00 5.485499e+00
 7.107107e-01  2.998910e-01 -2.331179e+00 5.524328e+00
 7.117117e-01  7.747592e-01 -2.227501e+00 5.562012e+00
 7.127127e-01  1.220424e+00 -2.027089e+00 5.598526e+00
 7.137137e-01  1.617140e+00 -1.737442e+00 5.633846e+00
 7.147147e-01  1.946989e+00 -1.370104e+00 5.667950e+00
 7.157157e-01  2.194717e+00 -9.402310e-01 5.700816e+00
 7.167167e-01  2.348462e+00 -4.659924e-01 5.732421e+00
 7.177177e-01  2.400356e+00  3.218956e-02 5.762747e+00
 7.187187e-01  2.346956e+00  5.325113e-01 5.791772e+00
 7.197197e-01  2.189481e+00  1.012746e+00 5.819479e+00
 7.207207e-01  1.933844e+00  1.451240e+00 5.845849e+00
 7.217217e-01  1.590474e+00  1.827911e+00 5.870867e+00
 7.227227e-01  1.173920e+00  2.125188e+00 5.894514e+00
 7.237237e-01  7.022603e-01  2.328864e+00 5.916778e+00
 7.247247e-01  1.963320e-01  2.428806e+00 5.937643e+00
 7.257257e-01 -3.211779e-01  2.419492e+00 5.957097e+00
 7.267267e-01 -8.267521e-01  2.300350e+00 5.975128e+00
 7.277277e-01 -1.297121e+00  2.075862e+00 5.991724e+00
 7.287287e-01 -1.710349e+00  1.755443e+00 6.006875e+00
 7.297297e-01 -2.046886e+00  1.353081e+00 6.020573e+00
 7.307307e-01 -2.290519e+00  8.867530e-01 6.032809e+00
 7.317317e-01 -2.429190e+00  3.776399e-01 6.043577e+00
 7.327327e-01 -2.455631e+00 -1.508220e-01 6.052870e+00
 7.337337e-01 -2.367780e+00 -6.740200e-01 6.060684e+00
 7.347347e-01 -2.168959e+00 -1.167319e+00 6.067015e+00
 7.357357e-01 -1.867793e+00 -1.607236e+00 6.071860e+00
 7.367367e-01 -1.477875e+00 -1.972588e+00 6.075217e+00
 7.377377e-01 -1.017178e+00 -2.245537e+00 6.077086e+00
 7.387387e-01 -5.072550e-01 -2.412501e+00 6.077468e+00
 7.397397e-01  2.776397e-02 -2.464872e+00 6.076363e+00
 7.407407e-01  5.623057e-01 -2.399497e+00 6.073774e+00
 7.417417e-01  1.070585e+00 -2.218908e+00 6.069706e+00
 7.427427e-01  1.527865e+00 -1.931267e+00 6.064162e+00
 7.437437e-01  1.911684e+00 -1.550036e+00 6.057148e+00
 7.447447e-01  2.202995e+00 -1.093381e+00 6.048670e+00
 7.457457e-01  2.387146e+00 -5.833290e-01 6.038737e+00
 7.467467e-01  2.454660e+00 -4.471525e-02 6.027356e+00
 7.477477e-01  2.401771e+00  4.960175e-01 6.014539e+00
 7.487487e-01  2.230672e+00  1.012126e+00 6.000294e+00
 7.497497e-01  1.949470e+00  1.477905e+00 5.984635e+00
 7.507508e-01  1.571847e+00  1.869992e+00 5.967573e+00
 7.517518e-01  1.116419e+00  2.168578e+00 5.949123e+00
 7.527528e-01  6.058488e-01  2.358441e+00 5.929298e+00
 7.537538e-01  6.572766e-02  2.429772e+00 5.908113e+00
 7.547548e-01 -4.767014e-01  2.378727e+00 5.885585e+00
 7.557558e-01 -9.939249e-01  2.207678e+00 5.861730e+00
 7.567568e-01 -1.459572e+00  1.925154e+00 5.836568e+00
 7.577578e-01 -1.849786e+00  1.545447e+00 5.810115e+00
 7.587588e-01 -2.144482e+00  1.087928e+00 5.782393e+00
 7.597598e-01 -2.328422e+00  5.760819e-01 5.753421e+00
 7.607608e-01 -2.392050e+00  3.631151e-02 5.723221e+00
 7.617618e-01 -2.332035e+00 -5.034168e-01 5.691813e+00
 7.627628e-01 -2.151495e+00 -1.015033e+00 5.659222e+00
 7.637638e-01 -1.859881e+00 -1.471839e+00 5.625468e+00
 7.647648e-01 -1.472519e+00 -1.849936e+00 5.590577e+00
 7.657658e-01 -1.009840e+00 -2.129506e+00 5.554571e+00
 7.667668e-01 -4.963201e-01 -2.295897e+00 5.517478e+00
 7.677678e-01  4.079468e-02 -2.340440e+00 5.479321e+00
 7.687688e-01  5.729383e-01 -2.260945e+00 5.440129e+00
 7.697698e-01  1.071752e+00 -2.061862e+00 5.399927e+00
 7.707708e-01  1.510617e+00 -1.754075e+00 5.358743e+00
 7.717718e-01  1.866106e+00 -1.354345e+00 5.316604e+00
 7.727728e-01  2.119273e+00 -8.844316e-01 5.273537e+00
 7.737738e-01  2.256707e+00 -3.699254e-01 5.229571e+00
 7.747748e-01  2.271293e+00  1.611317e-01 5.184734e+00
 7.757758e-01  2.162627e+00  6.797782e-01 5.139056e+00
 7.767768e-01  1.937070e+00  1.157725e+00 5.092566e+00
 7.777778e-01  1.607413e+00  1.568923e+00 5.045294e+00
 7.787788e-01  1.192198e+00  1.891014e+00 4.997271e+00
 7.797798e-01  7.147016e-01  2.106592e+00 4.948528e+00
 7.807808e-01  2.016445e-01  2.204185e+00 4.899094e+00
 7.817818e-01 -3.182914e-01  2.178919e+00 4.848999e+00
 7.827828e-01 -8.160747e-01  2.032805e+00 4.798274e+00
 7.837838e-01 -1.263961e+00  1.774641e+00 4.746948e+00
 7.847848e-01 -1.637068e+00  1.419529e+00 4.695052e+00
 7.857858e-01 -1.914791e+00  9.880251e-01 4.642618e+00
 7.867868e-01 -2.081988e+00  5.049783e-01 4.589677e+00
 7.877878e-01 -2.129849e+00 -1.889472e-03 4.536262e+00
 7.887888e-01 -2.056410e+00 -5.035693e-01 4.482402e+00
 7.897898e-01 -1.866666e+00 -9.714359e-01 4.428130e+00
 7.907908e-01 -1.572293e+00 -1.378902e+00 4.373475e+00
 7.917918e-01 -1.190964e+00 -1.702960e+00 4.318467e+00
 7.927928e-01 -7.453253e-01 -1.925520e+00 4.263136e+00
 7.937938e-01 -2.616724e-01 -2.034463e+00 4.207510e+00
 7.947948e-01  2.315939e-01 -2.024348e+00 4.151620e+00
 7.957958e-01  7.056370e-01 -1.896727e+00 4.095497e+00
 7.967968e-01  1.132885e+00 -1.660043e+00 4.039172e+00
 7.977978e-01  1.488659e+00 -1.329124e+00 3.982674e+00
 7.987988e-01  1.752634e+00 -9.242882e-01 3.926035e+00
 7.997998e-01  1.910042e+00 -4.701301e-01 3.869281e+00
 8.008008e-01  1.952538e+00  5.963057e-03 3.812442e+00
 8.018018e-01  1.878692e+00  4.754571e-01 3.755542e+00
 8.028028e-01  1.694048e+00  9.103905e-01 3.698609e+00
 8.038038e-01  1.410776e+00  1.285060e+00 3.641667e+00
 8.048048e-01  1.046912e+00  1.577568e+00 3.584745e+00
 8.058058e-01  6.252428e-01  1.771142e+00 3.527871e+00
 8.068068e-01  1.718996e-01  1.855134e+00 3.471073e+00
 8.078078e-01 -2.852519e-01  1.825653e+00 3.414378e+00
 8.088088e-01 -7.183278e-01  1.685769e+00 3.357812e+00
 8.098098e-01 -1.101142e+00  1.445297e+00 3.301398e+00
 8.108108e-01 -1.410815e+00  1.120160e+00 3.245159e+00
 8.118118e-01 -1.629175e+00  7.313706e-01 3.189115e+00
 8.128128e-01 -1.743862e+00  3.036987e-01 3.133286e+00
 8.138138e-01 -1.749065e+00 -1.358909e-01 3.077695e+00
 8.148148e-01 -1.645853e+00 -5.599391e-01 3.022364e+00
 8.158158e-01 -1.442062e+00 -9.422181e-01 2.967317e+00
 8.168168e-01 -1.151762e+00 -1.259375e+00 2.912580e+00
 8.178178e-01 -7.943271e-01 -1.492387e+00 2.858174e+00
 8.188188e-01 -3.931739e-01 -1.627739e+00 2.804120e+00
 8.198198e-01  2.575689e-02 -1.658243e+00 2.750433e+00
 8.208208e-01  4.356723e-01 -1.583452e+00 2.697129e+00
 8.218218e-01  8.106473e-01 -1.409635e+00 2.644221e+00
 8.228228e-01  1.127282e+00 -1.149329e+00 2.591722e+00
 8.238238e-01  1.366189e+00 -8.204739e-01 2.539650e+00
 8.248248e-01  1.513211e+00 -4.452153e-01 2.488023e+00
 8.258258e-01  1.560294e+00 -4.843048e-02 2.436862e+00
 8.268268e-01  1.505958e+00  3.439113e-01 2.386186e+00
 8.278278e-01  1.355336e+00  7.064527e-01 2.336011e+00
 8.288288e-01  1.119772e+00  1.016101e+00 2.286351e+00
 8.298298e-01  8.160209e-01  1.253524e+00 2.237214e+00
 8.308308e-01  4.650926e-01  1.404384e+00 2.188604e+00
 8.318318e-01  9.081986e-02  1.460233e+00 2.140529e+00
 8.328328e-01 -2.817490e-01  1.419018e+00 2.092995e+00
 8.338338e-01 -6.280275e-01  1.285144e+00 2.046014e+00
 8.348348e-01 -9.255258e-01  1.069114e+00 1.999602e+00
 8.358358e-01 -1.155331e+00  7.867563e-01 1.953776e+00
 8.368368e-01 -1.303338e+00  4.581053e-01 1.908551e+00
 8.378378e-01 -1.361139e+00  1.060022e-01 1.863936e+00
 8.388388e-01 -1.326528e+00 -2.454800e-01 1.819936e+00
 8.398398e-01 -1.203572e+00 -5.726818e-01 1.776551e+00
 8.408408e-01 -1.002261e+00 -8.539599e-01 1.733775e+00
 8.418418e-01 -7.377487e-01 -1.071137e+00 1.691607e+00
 8.428428e-01 -4.292524e-01 -1.210699e+00 1.650050e+00
 8.438438e-01 -9.868151e-02 -1.264664e+00 1.609113e+00
 8.448448e-01  2.309058e-01 -1.231053e+00 1.568809e+00
 8.458458e-01  5.369095e-01 -1.113949e+00 1.529154e+00
 8.468468e-01  7.987458e-01 -9.231266e-01 1.490157e+00
 8.478478e-01  9.992477e-01 -6.732954e-01 1.451823e+00
 8.488488e-01  1.125812e+00 -3.830033e-01 1.414144e+00
 8.498498e-01  1.171213e+00 -7.328418e-02 1.377111e+00
 8.508509e-01  1.134030e+00  2.338531e-01 1.340711e+00
 8.518519e-01  1.018656e+00  5.169868e-01 1.304935e+00
 8.528529e-01  8.349021e-01  7.567838e-01 1.269783e+00
 8.538539e-01  5.972183e-01  9.373344e-01 1.235265e+00
 8.548549e-01  3.235924e-01  1.047227e+00 1.201396e+00
 8.558559e-01  3.421449e-02  1.080286e+00 1.168188e+00
 8.568569e-01 -2.500013e-01  1.035928e+00 1.135647e+00
 8.578579e-01 -5.089264e-01  9.191103e-01 1.103770e+00
 8.588589e-01 -7.246499e-01  7.398795e-01 1.072539e+00
 8.598599e-01 -8.827314e-01  5.125613e-01 1.041934e+00
 8.608609e-01 -9.731838e-01  2.546501e-01 1.011933e+00
 8.618619e-01 -9.911184e-01 -1.451461e-02 9.825263e-01
 8.628629e-01 -9.370090e-01 -2.751875e-01 9.537140e-01
 8.638639e-01 -8.165596e-01 -5.086642e-01 9.255089e-01
 8.648649e-01 -6.401907e-01 -6.986303e-01 8.979284e-01
 8.658659e-01 -4.221862e-01 -8.323128e-01 8.709857e-01
 8.668669e-01 -1.795692e-01 -9.013527e-01 8.446818e-01
 8.678679e-01  6.920739e-02 -9.023372e-01 8.190021e-01
 8.688689e-01  3.056548e-01 -8.369555e-01 7.939194e-01
 8.698699e-01  5.126219e-01 -7.117728e-01 7.694017e-01
 8.708709e-01  6.755462e-01 -5.376439e-01 7.454236e-01
 8.718719e-01  7.834885e-01 -3.288159e-01 7.219741e-01
 8.728729e-01  8.298786e-01 -1.017914e-01 6.990599e-01
 8.738739e-01  8.129176e-01  1.259581e-01 6.767005e-01
 8.748749e-01  7.356136e-01  3.373287e-01 6.549181e-01
 8.758759e-01  6.054511e-01  5.168694e-01 6.337250e-01
 8.768769e-01  4.337273e-01  6.519172e-01 6.131153e-01
 8.778779e-01  2.346096e-01  7.334992e-01 5.930628e-01
 8.788789e-01  2.399193e-02  7.569361e-01 5.735278e-01
 8.798799e-01 -1.817597e-01  7.221035e-01 5.544701e-01
 8.808809e-01 -3.670732e-01  6.333401e-01 5.358624e-01
 8.818819e-01 -5.183504e-01  4.990111e-01 5.176992e-01
 8.828829e-01 -6.249700e-01  3.307713e-01 4.999972e-01
 8.838839e-01 -6.800406e-01  1.425858e-01 4.827859e-01
 8.848849e-01 -6.808462e-01 -5.040764e-02 4.660925e-01
 8.858859e-01 -6.289584e-01 -2.331052e-01 4.499266e-01
 8.868869e-01 -5.300096e-01 -3.916150e-01 4.342724e-01
 8.878879e-01 -3.931530e-01 -5.143156e-01 4.190898e-01
 8.888889e-01 -2.302570e-01 -5.927130e-01 4.043270e-01
 8.898899e-01 -5.490313e-02 -6.220317e-01 3.899378e-01
 8.908909e-01  1.187298e-01 -6.014994e-01 3.758983e-01
 8.918919e-01  2.770030e-01 -5.343063e-01 3.622139e-01
 8.928929e-01  4.078876e-01 -4.272507e-01 3.489155e-01
 8.938939e-01  5.018799e-01 -2.901041e-01 3.360438e-01
 8.948949e-01  5.526945e-01 -1.347526e-01 3.236295e-01
 8.958959e-01  5.576826e-01  2.581151e-02 3.116762e-01
 8.968969e-01  5.179472e-01  1.785632e-01 3.001541e-01
 8.978979e-01  4.381530e-01  3.114959e-01 2.890078e-01
 8.988989e-01  3.260530e-01  4.145646e-01 2.781744e-01
 8.998999e-01  1.917755e-01  4.804463e-01 2.676065e-01
 9.009009e-01  4.693542e-02  5.050607e-01 2.572893e-01
 9.019019e-01 -9.635310e-02  4.878119e-01 2.472444e-01
 9.029029e-01 -2.264805e-01  4.315393e-01 2.375195e-01
 9.039039e-01 -3.332782e-01  3.421867e-01 2.281661e-01
 9.049049e-01 -4.088128e-01  2.282247e-01 2.192144e-01
 9.059059e-01 -4.479748e-01  9.987816e-02 2.106571e-01
 9.069069e-01 -4.488183e-01 -3.177048e-02 2.024473e-01
 9.079079e-01 -4.126290e-01 -1.557261e-01 1.945133e-01
 9.089089e-01 -3.437216e-01 -2.619927e-01 1.867847e-01
 9.099099e-01 -2.489901e-01 -3.423777e-01 1.792186e-01
 9.109109e-01 -1.372538e-01 -3.911223e-01 1.718153e-01
 9.119119e-01 -1.846022e-02 -4.053100e-01 1.646170e-01
 9.129129e-01  9.718518e-02 -3.850245e-01 1.576888e-01
 9.139139e-01  2.000865e-01 -3.332488e-01 1.510894e-01
 9.149149e-01  2.820494e-01 -2.555220e-01 1.448433e-01
 9.159159e-01  3.369310e-01 -1.593881e-01 1.389271e-01
 9.169169e-01  3.610973e-01 -5.369054e-02 1.332740e-01
 9.179179e-01  3.536532e-01  5.222462e-02 1.277980e-01
 9.189189e-01  3.164308e-01  1.493240e-01 1.224261e-01
 9.199199e-01  2.537449e-01  2.296516e-01 1.171263e-01
 9.209209e-01  1.719417e-01  2.869775e-01 1.119201e-01
 9.219219e-01  7.878576e-02  3.172772e-01 1.068720e-01
 9.229229e-01 -1.725791e-02  3.190056e-01 1.020624e-01
 9.239239e-01 -1.077799e-01  2.931470e-01 9.755170e-02
 9.249249e-01 -1.851554e-01  2.430430e-01 9.335245e-02
 9.259259e-01 -2.431819e-01  1.740197e-01 8.942030e-02
 9.269269e-01 -2.775730e-01  9.285341e-02 8.566852e-02
 9.279279e-01 -2.862684e-01  7.126074e-03 8.200040e-02
 9.289289e-01 -2.695390e-01 -7.546955e-02 7.834690e-02
 9.299299e-01 -2.298818e-01 -1.478116e-01 7.469388e-02
 9.309309e-01 -1.717225e-01 -2.039576e-01 7.108731e-02
 9.319319e-01 -1.009559e-01 -2.396284e-01 6.761385e-02
 9.329329e-01 -2.436997e-02 -2.525276e-01 6.436408e-02
 9.339339e-01  5.098996e-02 -2.424732e-01 6.139321e-02
 9.349349e-01  1.184601e-01 -2.113356e-01 5.869552e-02
 9.359359e-01  1.723412e-01 -1.627941e-01 5.620341e-02
 9.369369e-01  2.083760e-01 -1.019388e-01 5.381206e-02
 9.379379e-01  2.240800e-01 -3.475887e-02 5.142004e-02
 9.389389e-01  2.189013e-01  3.243109e-02 4.896953e-02
 9.399399e-01  1.941989e-01  9.357518e-02 4.646953e-02
 9.409409e-01  1.530492e-01  1.434150e-01 4.399192e-02
 9.419419e-01  9.990093e-02  1.779368e-01 4.164170e-02
 9.429429e-01  4.011794e-02  1.946882e-01 3.951294e-02
 9.439439e-01 -2.054713e-02  1.929409e-01 3.764837e-02
 9.449449e-01 -7.649585e-02  1.736889e-01 3.601945e-02
 9.459459e-01 -1.227938e-01  1.394882e-01 3.453529e-02
 9.469469e-01 -1.556011e-01  9.415887e-02 3.307758e-02
 9.479479e-01 -1.724853e-01  4.238082e-02 3.154731e-02
 9.489489e-01 -1.725932e-01 -1.077391e-02 2.990450e-02
 9.499499e-01 -1.566684e-01 -6.032784e-02 2.818445e-02
 9.509510e-01 -1.269189e-01 -1.018570e-01 2.648325e-02
 9.519520e-01 -8.675263e-02 -1.318800e-01 2.491835e-02
 9.529530e-01 -4.040956e-02 -1.481441e-01 2.357961e-02
 9.539540e-01  7.470792e-03 -1.497842e-01 2.249112e-02
 9.549550e-01  5.230369e-02 -1.373448e-01 2.159928e-02
 9.559560e-01  8.999119e-02 -1.126688e-01 2.079268e-02
 9.569570e-01  1.172916e-01 -7.866730e-02 1.994586e-02
 9.579580e-01  1.320933e-01 -3.899794e-02 1.896947e-02
 9.589590e-01  1.335700e-01  2.314502e-03 1.784630e-02
 9.599600e-01  1.222072e-01  4.127686e-02 1.663838e-02
 9.609610e-01  9.970095e-02  7.430664e-02 1.546176e-02
 9.619620e-01  6.874439e-02  9.855585e-02 1.443905e-02
 9.629630e-01  3.272596e-02  1.121506e-01 1.364875e-02
 9.639640e-01 -4.627888e-03  1.143270e-01 1.309208e-02
 9.649650e-01 -3.962885e-02  1.054538e-01 1.269094e-02
 9.659660e-01 -6.898428e-02  8.694489e-02 1.231825e-02
 9.669670e-01 -9.010199e-02  6.107463e-02 1.184848e-02
 9.679680e-01 -1.013142e-01  3.071705e-02 1.120810e-02
 9.689690e-01 -1.020017e-01 -9.611095e-04 1.040528e-02
 9.699700e-01 -9.261009e-02 -3.082247e-02 9.526654e-03
 9.709710e-01 -7.455954e-02 -5.606369e-02 8.702262e-03
 9.719720e-01 -5.006239e-02 -7.447342e-02 8.052533e-03
 9.729730e-01 -2.186905e-02 -8.462044e-02 7.638873e-03
 9.739740e-01  7.029201e-03 -8.595607e-02 7.437855e-03
 9.749750e-01  3.370934e-02 -7.882483e-02 7.349674e-03
 9.759760e-01  5.560633e-02 -6.438609e-02 7.237632e-03
 9.769770e-01  7.075494e-02 -4.445867e-02 6.982834e-03
 9.779780e-01  7.796141e-02 -2.130726e-02 6.531980e-03
 9.789790e-01  7.689014e-02  2.605186e-03 5.918881e-03
 9.799800e-01  6.806009e-02  2.487291e-02 5.250838e-03
 9.809810e-01  5.275458e-02  4.338433e-02 4.665246e-03
 9.819820e-01  3.285717e-02  5.651781e-02 4.273857e-03
 9.829830e-01  1.063315e-02  6.327818e-02 4.117191e-03
 9.839840e-01 -1.151902e-02  6.336313e-02 4.147574e-03
 9.849850e-01 -3.131962e-02  5.715620e-02 4.247749e-03
 9.859860e-01 -4.683694e-02  4.565046e-02 4.277664e-03
 9.869870e-01 -5.667140e-02  3.031440e-02 4.130611e-03
 9.879880e-01 -6.007709e-02  1.291643e-02 3.776091e-03
 9.889890e-01 -5.701074e-02 -4.671766e-03 3.272050e-03
 9.899900e-01 -4.810588e-02 -2.067171e-02 2.741495e-03
 9.909910e-01 -3.457771e-02 -3.357415e-02 2.322841e-03
 9.919920e-01 -1.807131e-02 -4.227754e-02 2.113963e-03
 9.929930e-01 -4.711122e-04 -4.617650e-02 2.132491e-03
 9.939940e-01  1.630691e-02 -4.519381e-02 2.308396e-03
 9.949950e-01  3.051802e-02 -3.975568e-02 2.511864e-03
 9.959960e-01  4.076544e-02 -3.071602e-02 2.605295e-03
 9.969970e-01  4.613339e-02 -1.924066e-02 2.498492e-03
 9.979980e-01  4.626428e-02 -6.665885e-03 2.184818e-03
 9.989990e-01  4.137396e-02  5.652050e-03 1.743750e-03
 1.000000e+00  3.220573e-02  1.647999e-02 1.308799e-03
