# x psi_r psi_i psi2 
 0.000000e+00 -1.282730e-01 -2.537147e-01 8.082510e-02
 1.001001e-03 -1.186913e-02 -2.773448e-01 7.706099e-02
 2.002002e-03  1.020866e-01 -2.698354e-01 8.323282e-02
 3.003003e-03  2.013091e-01 -2.336397e-01 9.511288e-02
 4.004004e-03  2.754731e-01 -1.742472e-01 1.062475e-01
 5.005005e-03  3.172766e-01 -9.943800e-02 1.105523e-01
 6.006006e-03  3.231464e-01 -1.831173e-02 1.047589e-01
 7.007007e-03  2.935200e-01  5.979273e-02 8.972915e-02
 8.008008e-03  2.326828e-01  1.263596e-01 7.010800e-02
 9.009009e-03  1.481918e-01  1.746207e-01 5.245322e-02
 1.001001e-02  4.995968e-02  2.002428e-01 4.259316e-02
 1.101101e-02 -5.089287e-02  2.017056e-01 4.327523e-02
 1.201201e-02 -1.432828e-01  1.803410e-01 5.305285e-02
 1.301301e-02 -2.173711e-01  1.400402e-01 6.686144e-02
 1.401401e-02 -2.655985e-01  8.667489e-02 7.805510e-02
 1.501502e-02 -2.834424e-01  2.731249e-02 8.108557e-02
 1.601602e-02 -2.698201e-01 -3.067667e-02 7.374393e-02
 1.701702e-02 -2.271046e-01 -8.050947e-02 5.805829e-02
 1.801802e-02 -1.607636e-01 -1.167724e-01 3.948072e-02
 1.901902e-02 -7.867076e-02 -1.360068e-01 2.468693e-02
 2.002002e-02  9.822568e-03 -1.370335e-01 1.887467e-02
 2.102102e-02  9.494896e-02 -1.209876e-01 2.365331e-02
 2.202202e-02  1.675973e-01 -9.106821e-02 3.638227e-02
 2.302302e-02  2.202793e-01 -5.204404e-02 5.123157e-02
 2.402402e-02  2.478883e-01 -9.583566e-03 6.154044e-02
 2.502503e-02  2.481729e-01  3.050272e-02 6.252020e-02
 2.602603e-02  2.218862e-01  6.301090e-02 5.320384e-02
 2.702703e-02  1.726030e-01  8.399018e-02 3.684616e-02
 2.802803e-02  1.062397e-01  9.120943e-02 1.960603e-02
 2.902903e-02  3.033766e-02  8.438967e-02 8.041990e-03
 3.003003e-02 -4.680052e-02  6.517891e-02 6.438580e-03
 3.103103e-02 -1.170238e-01  3.687827e-02 1.505457e-02
 3.203203e-02 -1.731928e-01  3.959350e-03 3.001143e-02
 3.303303e-02 -2.098968e-01 -2.856163e-02 4.487243e-02
 3.403403e-02 -2.239552e-01 -5.581068e-02 5.327079e-02
 3.503504e-02 -2.146609e-01 -7.371476e-02 5.151319e-02
 3.603604e-02 -1.837491e-01 -7.954832e-02 4.009167e-02
 3.703704e-02 -1.351099e-01 -7.229831e-02 2.348172e-02
 3.803804e-02 -7.428761e-02 -5.280222e-02 8.306724e-03
 3.903904e-02 -7.831616e-03 -2.364240e-02 6.202972e-04
 4.004004e-02  5.742425e-02  1.118894e-02 3.422737e-03
 4.104104e-02  1.150725e-01  4.681092e-02 1.543293e-02
 4.204204e-02  1.597583e-01  7.809500e-02 3.162153e-02
 4.304304e-02  1.876608e-01  1.003443e-01 4.528557e-02
 4.404404e-02  1.967874e-01  1.099252e-01 5.080884e-02
 4.504505e-02  1.870627e-01  1.047704e-01 4.596928e-02
 4.604605e-02  1.602182e-01  8.468975e-02 3.284221e-02
 4.704705e-02  1.195086e-01  5.144730e-02 1.692912e-02
 4.804805e-02  6.929751e-02  8.593082e-03 4.875985e-03
 4.904905e-02  1.456675e-02 -3.893256e-02 1.727935e-03
 5.005005e-02 -3.959427e-02 -8.537576e-02 8.856727e-03
 5.105105e-02 -8.846492e-02 -1.248585e-01 2.341570e-02
 5.205205e-02 -1.280907e-01 -1.520983e-01 3.954113e-02
 5.305305e-02 -1.555705e-01 -1.630704e-01 5.079415e-02
 5.405405e-02 -1.692169e-01 -1.555337e-01 5.282507e-02
 5.505506e-02 -1.685895e-01 -1.293539e-01 4.515485e-02
 5.605606e-02 -1.544152e-01 -8.658463e-02 3.134094e-02
 5.705706e-02 -1.284176e-01 -3.129227e-02 1.747030e-02
 5.805806e-02 -9.308695e-02  3.085632e-02 9.617294e-03
 5.905906e-02 -5.142023e-02  9.319945e-02 1.133018e-02
 6.006006e-02 -6.662216e-03  1.488110e-01 2.218911e-02
 6.106106e-02  3.793177e-02  1.912739e-01 3.802452e-02
 6.206206e-02  7.929555e-02  2.154080e-01 5.268839e-02
 6.306306e-02  1.147081e-01  2.178720e-01 6.062613e-02
 6.406406e-02  1.419069e-01  1.975690e-01 5.917108e-02
 6.506507e-02  1.591658e-01  1.558116e-01 4.961101e-02
 6.606607e-02  1.653457e-01  9.622582e-02 3.659859e-02
 6.706707e-02  1.599282e-01  2.440468e-02 2.617261e-02
 6.806807e-02  1.430384e-01 -5.265142e-02 2.323215e-02
 6.906907e-02  1.154580e-01 -1.272479e-01 2.952257e-02
 7.007007e-02  7.862672e-02 -1.917856e-01 4.296388e-02
 7.107107e-02  3.462291e-02 -2.395438e-01 5.857998e-02
 7.207207e-02 -1.388711e-02 -2.653734e-01 7.061590e-02
 7.307307e-02 -6.374223e-02 -2.662301e-01 7.494156e-02
 7.407407e-02 -1.114312e-01 -2.414927e-01 7.073566e-02
 7.507508e-02 -1.532924e-01 -1.930369e-01 6.076181e-02
 7.607608e-02 -1.857637e-01 -1.250598e-01 5.014810e-02
 7.707708e-02 -2.056702e-01 -4.367612e-02 4.420786e-02
 7.807808e-02 -2.105272e-01  4.366995e-02 4.622878e-02
 7.907908e-02 -1.988290e-01  1.289167e-01 5.615247e-02
 8.008008e-02 -1.702908e-01  2.041481e-01 7.067540e-02
 8.108108e-02 -1.260098e-01  2.623346e-01 8.469794e-02
 8.208208e-02 -6.851514e-02  2.979806e-01 9.348677e-02
 8.308308e-02 -1.687133e-03  3.076197e-01 9.463271e-02
 8.408408e-02  6.946328e-02  2.901166e-01 8.899278e-02
 8.508509e-02  1.391481e-01  2.467521e-01 8.024880e-02
 8.608609e-02  2.012664e-01  1.810902e-01 7.330181e-02
 8.708709e-02  2.499417e-01  9.864542e-02 7.220179e-02
 8.808809e-02  2.800848e-01  6.386590e-03 7.848827e-02
 8.908909e-02  2.879242e-01 -8.787503e-02 9.062238e-02
 9.009009e-02  2.714505e-01 -1.761568e-01 1.047166e-01
 9.109109e-02  2.307194e-01 -2.509765e-01 1.162206e-01
 9.209209e-02  1.679763e-01 -3.059685e-01 1.218328e-01
 9.309309e-02  8.757617e-02 -3.363974e-01 1.208328e-01
 9.409409e-02 -4.303950e-03 -3.395293e-01 1.152987e-01
 9.509510e-02 -1.001426e-01 -3.148379e-01 1.091515e-01
 9.609610e-02 -1.917041e-01 -2.640338e-01 1.064643e-01
 9.709710e-02 -2.707652e-01 -1.909194e-01 1.097640e-01
 9.809810e-02 -3.298720e-01 -1.010867e-01 1.190341e-01
 9.909910e-02 -3.630535e-01 -1.481264e-03 1.318101e-01
 1.001001e-01 -3.664219e-01  1.001305e-01 1.442911e-01
 1.011011e-01 -3.385973e-01  1.957525e-01 1.529671e-01
 1.021021e-01 -2.809123e-01  2.777663e-01 1.560658e-01
 1.031031e-01 -1.973715e-01  3.395102e-01 1.542227e-01
 1.041041e-01 -9.436402e-02  3.757919e-01 1.501241e-01
 1.051051e-01  1.984802e-02  3.832967e-01 1.473103e-01
 1.061061e-01  1.358208e-01  3.608640e-01 1.486701e-01
 1.071071e-01  2.437380e-01  3.096097e-01 1.552663e-01
 1.081081e-01  3.342652e-01  2.328840e-01 1.659682e-01
 1.091091e-01  3.993715e-01  1.360642e-01 1.780111e-01
 1.101101e-01  4.330435e-01  2.619271e-02 1.882127e-01
 1.111111e-01  4.318282e-01 -8.851885e-02 1.943112e-01
 1.121121e-01  3.951561e-01 -1.992855e-01 1.958631e-01
 1.131131e-01  3.254158e-01 -2.974061e-01 1.943458e-01
 1.141141e-01  2.277756e-01 -3.749341e-01 1.924573e-01
 1.151151e-01  1.097684e-01 -4.253115e-01 1.929390e-01
 1.161161e-01 -1.932239e-02 -4.439159e-01 1.974347e-01
 1.171171e-01 -1.492221e-01 -4.284755e-01 2.058585e-01
 1.181181e-01 -2.695034e-01 -3.793131e-01 2.165105e-01
 1.191191e-01 -3.704338e-01 -2.993944e-01 2.268582e-01
 1.201201e-01 -4.437621e-01 -1.941692e-01 2.346265e-01
 1.211211e-01 -4.833796e-01 -7.120977e-02 2.387266e-01
 1.221221e-01 -4.858063e-01  6.033092e-02 2.396476e-01
 1.231231e-01 -4.504645e-01  1.904027e-01 2.391715e-01
 1.241241e-01 -3.797217e-01  3.088333e-01 2.395666e-01
 1.251251e-01 -2.787044e-01  4.061328e-01 2.426200e-01
 1.261261e-01 -1.548994e-01  4.742639e-01 2.489201e-01
 1.271271e-01 -1.757700e-02  5.073119e-01 2.576743e-01
 1.281281e-01  1.229169e-01  5.019976e-01 2.671101e-01
 1.291291e-01  2.559458e-01  4.579878e-01 2.752611e-01
 1.301301e-01  3.713851e-01  3.779731e-01 2.807906e-01
 1.311311e-01  4.603811e-01  2.675030e-01 2.835087e-01
 1.321321e-01  5.160137e-01  1.345884e-01 2.843842e-01
 1.331331e-01  5.338138e-01 -1.089880e-02 2.850760e-01
 1.341341e-01  5.120991e-01 -1.579811e-01 2.872035e-01
 1.351351e-01  4.521063e-01 -2.954268e-01 2.916771e-01
 1.361361e-01  3.579094e-01 -4.126269e-01 2.983601e-01
 1.371371e-01  2.361321e-01 -5.004275e-01 3.061861e-01
 1.381381e-01  9.547390e-02 -5.518503e-01 3.136540e-01
 1.391391e-01 -5.391594e-02 -5.626429e-01 3.194740e-01
 1.401401e-01 -2.011717e-01 -5.316166e-01 3.230863e-01
 1.411411e-01 -3.355002e-01 -4.607443e-01 3.248457e-01
 1.421421e-01 -4.469686e-01 -3.550137e-01 3.258157e-01
 1.431431e-01 -5.272342e-01 -2.220487e-01 3.272815e-01
 1.441441e-01 -5.701631e-01 -7.153062e-02 3.302026e-01
 1.451451e-01 -5.722926e-01  8.553344e-02 3.348348e-01
 1.461461e-01 -5.331012e-01  2.376376e-01 3.406685e-01
 1.471471e-01 -4.550660e-01  3.736345e-01 3.466878e-01
 1.481481e-01 -3.435012e-01  4.835589e-01 3.518222e-01
 1.491491e-01 -2.061878e-01  5.593549e-01 3.553913e-01
 1.501502e-01 -5.282097e-02  5.954558e-01 3.573576e-01
 1.511512e-01  1.056871e-01  5.891748e-01 3.582968e-01
 1.521522e-01  2.579952e-01  5.408826e-01 3.591155e-01
 1.531532e-01  3.931567e-01  4.539610e-01 3.606528e-01
 1.541542e-01  5.014164e-01  3.345414e-01 3.633363e-01
 1.551552e-01  5.749205e-01  1.910489e-01 3.670332e-01
 1.561562e-01  6.082891e-01  3.358903e-02 3.711438e-01
 1.571572e-01  5.990066e-01 -1.267778e-01 3.748815e-01
 1.581582e-01  5.476020e-01 -2.788217e-01 3.776095e-01
 1.591592e-01  4.576069e-01 -4.119316e-01 3.790917e-01
 1.601602e-01  3.352947e-01 -5.168530e-01 3.795595e-01
 1.611612e-01  1.892219e-01 -5.863235e-01 3.795802e-01
 1.621622e-01  2.960691e-02 -6.155648e-01 3.797966e-01
 1.631632e-01 -1.324065e-01 -6.025976e-01 3.806553e-01
 1.641642e-01 -2.855461e-01 -5.483612e-01 3.822366e-01
 1.651652e-01 -4.192100e-01 -4.566307e-01 3.842486e-01
 1.661662e-01 -5.242077e-01 -3.337397e-01 3.861759e-01
 1.671672e-01 -5.933939e-01 -1.881296e-01 3.875091e-01
 1.681682e-01 -6.221480e-01 -2.975755e-02 3.879536e-01
 1.691692e-01 -6.086698e-01  1.305945e-01 3.875339e-01
 1.701702e-01 -5.540738e-01  2.820627e-01 3.865572e-01
 1.711712e-01 -4.622779e-01  4.144429e-01 3.854638e-01
 1.721722e-01 -3.397003e-01  5.188821e-01 3.846349e-01
 1.731732e-01 -1.947883e-01  5.884703e-01 3.842398e-01
 1.741742e-01 -3.741681e-02  6.186955e-01 3.841841e-01
 1.751752e-01  1.218014e-01  6.077293e-01 3.841705e-01
 1.761762e-01  2.722422e-01  5.565272e-01 3.838383e-01
 1.771772e-01  4.039845e-01  4.687371e-01 3.829180e-01
 1.781782e-01  5.084642e-01  3.504262e-01 3.813343e-01
 1.791792e-01  5.790256e-01  2.096451e-01 3.792217e-01
 1.801802e-01  6.113345e-01  5.586405e-02 3.768506e-01
 1.811812e-01  6.036300e-01 -1.006802e-01 3.745056e-01
 1.821822e-01  5.568010e-01 -2.496799e-01 3.723674e-01
 1.831832e-01  4.742868e-01 -3.814453e-01 3.704485e-01
 1.841842e-01  3.618114e-01 -4.875412e-01 3.686039e-01
 1.851852e-01  2.269732e-01 -5.613281e-01 3.666061e-01
 1.861862e-01  7.871988e-02 -5.983728e-01 3.642469e-01
 1.871872e-01 -7.325573e-02 -5.967044e-01 3.614225e-01
 1.881882e-01 -2.191566e-01 -5.569008e-01 3.581681e-01
 1.891892e-01 -3.497177e-01 -4.820053e-01 3.546317e-01
 1.901902e-01 -4.567960e-01 -3.772817e-01 3.510040e-01
 1.911912e-01 -5.338760e-01 -2.498287e-01 3.474380e-01
 1.921922e-01 -5.764619e-01 -1.080835e-01 3.439903e-01
 1.931932e-01 -5.823297e-01  3.874974e-02 3.406094e-01
 1.941942e-01 -5.516296e-01  1.813089e-01 3.371681e-01
 1.951952e-01 -4.868322e-01  3.106764e-01 3.335254e-01
 1.961962e-01 -3.925266e-01  4.189391e-01 3.295871e-01
 1.971972e-01 -2.750864e-01  4.996692e-01 3.253418e-01
 1.981982e-01 -1.422285e-01  5.482982e-01 3.208598e-01
 1.991992e-01 -2.495459e-03  5.623623e-01 3.162575e-01
 2.002002e-01  1.353037e-01  5.416089e-01 3.116473e-01
 2.012012e-01  2.626560e-01  4.879605e-01 3.070936e-01
 2.022022e-01  3.718752e-01  4.053421e-01 3.025934e-01
 2.032032e-01  4.565661e-01  2.993888e-01 2.980863e-01
 2.042042e-01  5.119954e-01  1.770534e-01 2.934872e-01
 2.052052e-01  5.353476e-01  4.614296e-02 2.887262e-01
 2.062062e-01  5.258526e-01 -8.518562e-02 2.837776e-01
 2.072072e-01  4.847816e-01 -2.089375e-01 2.786681e-01
 2.082082e-01  4.153144e-01 -3.177684e-01 2.734628e-01
 2.092092e-01  3.222915e-01 -4.054188e-01 2.682362e-01
 2.102102e-01  2.118706e-01 -4.670695e-01 2.630431e-01
 2.112112e-01  9.111071e-02 -4.995989e-01 2.579003e-01
 2.122122e-01 -3.248534e-02 -5.017276e-01 2.527859e-01
 2.132132e-01 -1.514425e-01 -4.740465e-01 2.476549e-01
 2.142142e-01 -2.587674e-01 -4.189290e-01 2.424621e-01
 2.152152e-01 -3.483587e-01 -3.403371e-01 2.371831e-01
 2.162162e-01 -4.153489e-01 -2.435354e-01 2.318242e-01
 2.172172e-01 -4.563605e-01 -1.347346e-01 2.264183e-01
 2.182182e-01 -4.696627e-01 -2.068907e-02 2.210111e-01
 2.192192e-01 -4.552235e-01  9.172727e-02 2.156424e-01
 2.202202e-01 -4.146580e-01  1.959376e-01 2.103328e-01
 2.212212e-01 -3.510790e-01  2.860474e-01 2.050796e-01
 2.222222e-01 -2.688633e-01  3.571760e-01 1.998622e-01
 2.232232e-01 -1.733508e-01  4.057147e-01 1.946549e-01
 2.242242e-01 -7.049571e-02  4.295001e-01 1.894400e-01
 2.252252e-01  3.350533e-02  4.278939e-01 1.842158e-01
 2.262262e-01  1.325876e-01  4.017687e-01 1.789976e-01
 2.272272e-01  2.211708e-01  3.534041e-01 1.738110e-01
 2.282282e-01  2.944707e-01  2.863023e-01 1.686820e-01
 2.292292e-01  3.487524e-01  2.049384e-01 1.636280e-01
 2.302302e-01  3.815122e-01  1.144626e-01 1.586533e-01
 2.312312e-01  3.915804e-01  2.037356e-02 1.537503e-01
 2.322322e-01  3.791419e-01 -7.181589e-02 1.489061e-01
 2.332332e-01  3.456757e-01 -1.569004e-01 1.441094e-01
 2.342342e-01  2.938213e-01 -2.302733e-01 1.393568e-01
 2.352352e-01  2.271819e-01 -2.881712e-01 1.346542e-01
 2.362362e-01  1.500782e-01 -3.278591e-01 1.300150e-01
 2.372372e-01  6.727101e-02 -3.477486e-01 1.254545e-01
 2.382382e-01 -1.633208e-02 -3.474446e-01 1.209845e-01
 2.392392e-01 -9.596589e-02 -3.277208e-01 1.166103e-01
 2.402402e-01 -1.672771e-01 -2.904282e-01 1.123302e-01
 2.412412e-01 -2.265588e-01 -2.383461e-01 1.081378e-01
 2.422422e-01 -2.709368e-01 -1.749852e-01 1.040266e-01
 2.432432e-01 -2.985014e-01 -1.043560e-01 9.999325e-02
 2.442442e-01 -3.083759e-01 -3.071990e-02 9.603942e-02
 2.452452e-01 -3.007241e-01  4.166554e-02 9.217101e-02
 2.462462e-01 -2.766964e-01  1.087889e-01 8.839592e-02
 2.472472e-01 -2.383221e-01  1.671035e-01 8.472102e-02
 2.482482e-01 -1.883559e-01  2.137100e-01 8.114993e-02
 2.492492e-01 -1.300897e-01  2.464935e-01 7.768237e-02
 2.502503e-01 -6.714152e-02  2.642105e-01 7.431519e-02
 2.512513e-01 -3.236568e-03  2.665218e-01 7.104432e-02
 2.522523e-01  5.800942e-02  2.539719e-01 6.786684e-02
 2.532533e-01  1.132899e-01  2.279202e-01 6.478220e-02
 2.542543e-01  1.597808e-01  1.904266e-01 6.179221e-02
 2.552553e-01  1.952790e-01  1.441046e-01 5.890003e-02
 2.562563e-01  2.182985e-01  9.194776e-02 5.610863e-02
 2.572573e-01  2.281225e-01  3.714318e-02 5.341951e-02
 2.582583e-01  2.248090e-01 -1.711753e-02 5.083211e-02
 2.592593e-01  2.091525e-01 -6.781902e-02 4.834418e-02
 2.602603e-01  1.826057e-01 -1.122846e-01 4.595269e-02
 2.612613e-01  1.471682e-01 -1.483119e-01 4.365489e-02
 2.622623e-01  1.052482e-01 -1.742755e-01 4.144913e-02
 2.632633e-01  5.950869e-02 -1.891921e-01 3.933495e-02
 2.642643e-01  1.270554e-02 -1.927466e-01 3.731267e-02
 2.652653e-01 -3.247220e-02 -1.852787e-01 3.538265e-02
 2.662663e-01 -7.355082e-02 -1.677345e-01 3.354460e-02
 2.672673e-01 -1.084017e-01 -1.415849e-01 3.179720e-02
 2.682683e-01 -1.353455e-01 -1.087188e-01 3.013820e-02
 2.692693e-01 -1.532270e-01 -7.131834e-02 2.856483e-02
 2.702703e-01 -1.614561e-01 -3.172222e-02 2.707439e-02
 2.712713e-01 -1.600160e-01  7.712452e-03 2.566462e-02
 2.722723e-01 -1.494385e-01  4.474376e-02 2.433387e-02
 2.732733e-01 -1.307496e-01  7.736587e-02 2.308093e-02
 2.742743e-01 -1.053900e-01  1.039115e-01 2.190464e-02
 2.752753e-01 -7.511586e-02  1.231306e-01 2.080355e-02
 2.762763e-01 -4.188636e-02  1.342433e-01 1.977572e-02
 2.772773e-01 -7.744762e-03  1.369626e-01 1.881873e-02
 2.782783e-01  2.529988e-02  1.314907e-01 1.792988e-02
 2.792793e-01  5.538403e-02  1.184867e-01 1.710648e-02
 2.802803e-01  8.088812e-02  9.901110e-02 1.634609e-02
 2.812813e-01  1.005173e-01  7.445003e-02 1.564653e-02
 2.822823e-01  1.133608e-01  4.642466e-02 1.500591e-02
 2.832833e-01  1.189276e-01  1.669131e-02 1.442238e-02
 2.842843e-01  1.171579e-01 -1.296182e-02 1.389398e-02
 2.852853e-01  1.084093e-01 -4.081561e-02 1.341850e-02
 2.862863e-01  9.342224e-02 -6.531313e-02 1.299352e-02
 2.872873e-01  7.326425e-02 -8.514020e-02 1.261650e-02
 2.882883e-01  4.925957e-02 -9.928963e-02 1.228494e-02
 2.892893e-01  2.290691e-02 -1.071061e-01 1.199644e-02
 2.902903e-01 -4.209116e-03 -1.083103e-01 1.174884e-02
 2.912913e-01 -3.050787e-02 -1.030018e-01 1.154010e-02
 2.922923e-01 -5.449924e-02 -9.164115e-02 1.136827e-02
 2.932933e-01 -7.486217e-02 -7.501327e-02 1.123134e-02
 2.942943e-01 -9.051143e-02 -5.417471e-02 1.112722e-02
 2.952953e-01 -1.006494e-01 -3.038813e-02 1.105374e-02
 2.962963e-01 -1.048008e-01 -5.048032e-03 1.100869e-02
 2.972973e-01 -1.028292e-01  2.039799e-02 1.098992e-02
 2.982983e-01 -9.493474e-02  4.452826e-02 1.099537e-02
 2.992993e-01 -8.163469e-02  6.602212e-02 1.102314e-02
 3.003003e-01 -6.372747e-02  8.372733e-02 1.107146e-02
 3.013013e-01 -4.224331e-02  9.671658e-02 1.113859e-02
 3.023023e-01 -1.838437e-02  1.043306e-01 1.122286e-02
 3.033033e-01  6.542264e-03  1.062061e-01 1.132254e-02
 3.043043e-01  3.119506e-02  1.022877e-01 1.143590e-02
 3.053053e-01  5.426811e-02  9.282350e-02 1.156123e-02
 3.063063e-01  7.455740e-02  7.834583e-02 1.169687e-02
 3.073073e-01  9.102003e-02  5.963750e-02 1.184128e-02
 3.083083e-01  1.028236e-01  3.768682e-02 1.199300e-02
 3.093093e-01  1.093839e-01  1.363335e-02 1.215070e-02
 3.103103e-01  1.103884e-01 -1.129231e-02 1.231311e-02
 3.113113e-01  1.058069e-01 -3.583172e-02 1.247900e-02
 3.123123e-01  9.588681e-02 -5.876136e-02 1.264718e-02
 3.133133e-01  8.113572e-02 -7.895209e-02 1.281644e-02
 3.143143e-01  6.229121e-02 -9.542238e-02 1.298563e-02
 3.153153e-01  4.028078e-02 -1.073830e-01 1.315364e-02
 3.163163e-01  1.617342e-02 -1.142711e-01 1.331947e-02
 3.173173e-01 -8.874230e-03 -1.157732e-01 1.348218e-02
 3.183183e-01 -3.367448e-02 -1.118345e-01 1.364093e-02
 3.193193e-01 -5.706523e-02 -1.026572e-01 1.379495e-02
 3.203203e-01 -7.796391e-02 -8.868553e-02 1.394350e-02
 3.213213e-01 -9.541630e-02 -7.058057e-02 1.408589e-02
 3.223223e-01 -1.086381e-01 -4.918551e-02 1.422145e-02
 3.233233e-01 -1.170477e-01 -2.548338e-02 1.434957e-02
 3.243243e-01 -1.202887e-01 -5.494698e-04 1.446967e-02
 3.253253e-01 -1.182414e-01  2.449915e-02 1.458123e-02
 3.263263e-01 -1.110238e-01  4.855466e-02 1.468383e-02
 3.273273e-01 -9.898117e-02  7.056781e-02 1.477709e-02
 3.283283e-01 -8.266655e-02  8.959321e-02 1.486070e-02
 3.293293e-01 -6.281165e-02  1.048289e-01 1.493440e-02
 3.303303e-01 -4.029136e-02  1.156485e-01 1.499797e-02
 3.313313e-01 -1.608261e-02  1.216246e-01 1.505120e-02
 3.323323e-01  8.780014e-03  1.225432e-01 1.509392e-02
 3.333333e-01  3.324992e-02  1.184080e-01 1.512601e-02
 3.343343e-01  5.631340e-02  1.094357e-01 1.514738e-02
 3.353353e-01  7.703185e-02  9.604205e-02 1.515798e-02
 3.363363e-01  9.457957e-02  7.881962e-02 1.515783e-02
 3.373373e-01  1.082757e-01  5.850916e-02 1.514695e-02
 3.383383e-01  1.176092e-01  3.596527e-02 1.512542e-02
 3.393393e-01  1.222557e-01  1.211837e-02 1.509332e-02
 3.403403e-01  1.220868e-01 -1.206532e-02 1.505076e-02
 3.413413e-01  1.171698e-01 -3.562408e-02 1.499785e-02
 3.423423e-01  1.077609e-01 -5.763961e-02 1.493473e-02
 3.433433e-01  9.428928e-02 -7.727292e-02 1.486157e-02
 3.443443e-01  7.733610e-02 -9.379595e-02 1.477855e-02
 3.453453e-01  5.760705e-02 -1.066176e-01 1.468589e-02
 3.463463e-01  3.590113e-02 -1.153036e-01 1.458382e-02
 3.473473e-01  1.307672e-02 -1.195893e-01 1.447261e-02
 3.483483e-01 -9.983680e-03 -1.193853e-01 1.435252e-02
 3.493493e-01 -3.240847e-02 -1.147761e-01 1.422386e-02
 3.503504e-01 -5.337036e-02 -1.060120e-01 1.408694e-02
 3.513514e-01 -7.211694e-02 -9.349456e-02 1.394209e-02
 3.523524e-01 -8.799727e-02 -7.775680e-02 1.378964e-02
 3.533534e-01 -1.004836e-01 -5.943909e-02 1.362996e-02
 3.543544e-01 -1.091878e-01 -3.926166e-02 1.346344e-02
 3.553554e-01 -1.138712e-01 -1.799504e-02 1.329047e-02
 3.563564e-01 -1.144496e-01  3.570350e-03 1.311145e-02
 3.573574e-01 -1.109908e-01  2.465423e-02 1.292679e-02
 3.583584e-01 -1.037078e-01  4.451503e-02 1.273689e-02
 3.593594e-01 -9.294573e-02  6.247592e-02 1.254215e-02
 3.603604e-01 -7.916530e-02  7.794751e-02 1.234296e-02
 3.613614e-01 -6.292183e-02  9.044632e-02 1.213969e-02
 3.623624e-01 -4.484207e-02  9.960879e-02 1.193272e-02
 3.633634e-01 -2.559908e-02  1.052002e-01 1.172239e-02
 3.643644e-01 -5.886512e-03  1.071186e-01 1.150904e-02
 3.653654e-01  1.360689e-02  1.053937e-01 1.129298e-02
 3.663664e-01  3.222152e-02  1.001813e-01 1.107452e-02
 3.673674e-01  4.934922e-02  9.175286e-02 1.085393e-02
 3.683684e-01  6.445265e-02  8.048203e-02 1.063150e-02
 3.693694e-01  7.708152e-02  6.682756e-02 1.040748e-02
 3.703704e-01  8.688491e-02  5.131423e-02 1.018214e-02
 3.713714e-01  9.361962e-02  3.451212e-02 9.955719e-03
 3.723724e-01  9.715437e-02  1.701525e-02 9.728490e-03
 3.733734e-01  9.746990e-02 -5.797323e-04 9.500718e-03
 3.743744e-01  9.465520e-02 -1.769399e-02 9.272684e-03
 3.753754e-01  8.890008e-02 -3.378543e-02 9.044679e-03
 3.763764e-01  8.048470e-02 -4.836548e-02 8.817006e-03
 3.773774e-01  6.976642e-02 -6.101334e-02 8.589982e-03
 3.783784e-01  5.716466e-02 -7.138719e-02 8.363929e-03
 3.793794e-01  4.314426e-02 -7.923226e-02 8.139178e-03
 3.803804e-01  2.819824e-02 -8.438553e-02 7.916058e-03
 3.813814e-01  1.283024e-02 -8.677717e-02 7.694892e-03
 3.823824e-01 -2.462360e-03 -8.642874e-02 7.475991e-03
 3.833834e-01 -1.720449e-02 -8.344849e-02 7.259645e-03
 3.843844e-01 -3.095775e-02 -7.802393e-02 7.046115e-03
 3.853854e-01 -4.333300e-02 -7.041223e-02 6.835630e-03
 3.863864e-01 -5.400059e-02 -6.092876e-02 6.628377e-03
 3.873874e-01 -6.269818e-02 -4.993431e-02 6.424497e-03
 3.883884e-01 -6.923599e-02 -3.782148e-02 6.224087e-03
 3.893894e-01 -7.349941e-02 -2.500072e-02 6.027200e-03
 3.903904e-01 -7.544902e-02 -1.188654e-02 5.833845e-03
 3.913914e-01 -7.511823e-02  1.115760e-03 5.643994e-03
 3.923924e-01 -7.260872e-02  1.362226e-02 5.457592e-03
 3.933934e-01 -6.808388e-02  2.528135e-02 5.274562e-03
 3.943944e-01 -6.176076e-02  3.578307e-02 5.094819e-03
 3.953954e-01 -5.390061e-02  4.486652e-02 4.918280e-03
 3.963964e-01 -4.479868e-02  5.232546e-02 4.744876e-03
 3.973974e-01 -3.477346e-02  5.801177e-02 4.574559e-03
 3.983984e-01 -2.415573e-02  6.183703e-02 4.407317e-03
 3.993994e-01 -1.327797e-02  6.377204e-02 4.243177e-03
 4.004004e-01 -2.464196e-03  6.384463e-02 4.082209e-03
 4.014014e-01  7.979303e-03  6.213579e-02 3.924525e-03
 4.024024e-01  1.777218e-02  5.877441e-02 3.770282e-03
 4.034034e-01  2.666698e-02  5.393088e-02 3.619667e-03
 4.044044e-01  3.445466e-02  4.780976e-02 3.472896e-03
 4.054054e-01  4.096868e-02  4.064189e-02 3.330196e-03
 4.064064e-01  4.608751e-02  3.267617e-02 3.191790e-03
 4.074074e-01  4.973568e-02  2.417125e-02 3.057887e-03
 4.084084e-01  5.188340e-02  1.538751e-02 2.928663e-03
 4.094094e-01  5.254481e-02  6.579363e-03 2.804245e-03
 4.104104e-01  5.177504e-02 -2.011675e-03 2.684701e-03
 4.114114e-01  4.966630e-02 -1.016320e-02 2.570032e-03
 4.124124e-01  4.634305e-02 -1.767713e-02 2.460159e-03
 4.134134e-01  4.195661e-02 -2.438393e-02 2.354933e-03
 4.144144e-01  3.667923e-02 -3.014567e-02 2.254128e-03
 4.154154e-01  3.069803e-02 -3.485807e-02 2.157454e-03
 4.164164e-01  2.420885e-02 -3.845131e-02 2.064572e-03
 4.174174e-01  1.741023e-02 -4.088997e-02 1.975106e-03
 4.184184e-01  1.049773e-02 -4.217181e-02 1.888664e-03
 4.194194e-01  3.658750e-03 -4.232584e-02 1.804863e-03
 4.204204e-01 -2.932198e-03 -4.140950e-02 1.723344e-03
 4.214214e-01 -9.117416e-03 -3.950535e-02 1.643800e-03
 4.224224e-01 -1.475928e-02 -3.671718e-02 1.565988e-03
 4.234234e-01 -1.974271e-02 -3.316582e-02 1.489746e-03
 4.244244e-01 -2.397681e-02 -2.898479e-02 1.415005e-03
 4.254254e-01 -2.739579e-02 -2.431584e-02 1.341789e-03
 4.264264e-01 -2.995907e-02 -1.930461e-02 1.270214e-03
 4.274274e-01 -3.165073e-02 -1.409652e-02 1.200480e-03
 4.284284e-01 -3.247828e-02 -8.832821e-03 1.132857e-03
 4.294294e-01 -3.247093e-02 -3.647223e-03 1.067663e-03
 4.304304e-01 -3.167735e-02  1.337183e-03 1.005243e-03
 4.314314e-01 -3.016311e-02  6.010417e-03 9.459384e-04
 4.324324e-01 -2.800780e-02  1.027759e-02 8.900659e-04
 4.334334e-01 -2.530204e-02  1.406032e-02 8.378858e-04
 4.344344e-01 -2.214435e-02  1.729764e-02 7.895807e-04
 4.354354e-01 -1.863812e-02  1.994632e-02 7.452353e-04
 4.364364e-01 -1.488860e-02  2.198074e-02 7.048236e-04
 4.374374e-01 -1.100013e-02  2.339228e-02 6.682017e-04
 4.384384e-01 -7.073557e-03  2.418830e-02 6.351092e-04
 4.394394e-01 -3.203955e-03  2.439083e-02 6.051778e-04
 4.404404e-01  5.213176e-04  2.403488e-02 5.779474e-04
 4.414414e-01  4.024232e-03  2.316667e-02 5.528890e-04
 4.424424e-01  7.237332e-03  2.184155e-02 5.294324e-04
 4.434434e-01  1.010461e-02  2.012200e-02 5.069981e-04
 4.444444e-01  1.258201e-02  1.807549e-02 4.850302e-04
 4.454454e-01  1.463763e-02  1.577241e-02 4.630289e-04
 4.464464e-01  1.625154e-02  1.328412e-02 4.405805e-04
 4.474474e-01  1.741539e-02  1.068110e-02 4.173818e-04
 4.484484e-01  1.813169e-02  8.031247e-03 3.932592e-04
 4.494494e-01  1.841293e-02  5.398437e-03 3.681791e-04
 4.504505e-01  1.828050e-02  2.841235e-03 3.422493e-04
 4.514515e-01  1.776351e-02  4.118837e-04 3.157121e-04
 4.524525e-01  1.689752e-02 -1.844481e-03 2.889282e-04
 4.534535e-01  1.572315e-02 -3.890375e-03 2.623525e-04
 4.544545e-01  1.428483e-02 -5.696274e-03 2.365039e-04
 4.554555e-01  1.262943e-02 -7.240700e-03 2.119301e-04
 4.564565e-01  1.080502e-02 -8.510105e-03 1.891703e-04
 4.574575e-01  8.859717e-03 -9.498570e-03 1.687174e-04
 4.584585e-01  6.840623e-03 -1.020733e-02 1.509837e-04
 4.594595e-01  4.792861e-03 -1.064418e-02 1.362702e-04
 4.604605e-01  2.758790e-03 -1.082277e-02 1.247433e-04
 4.614615e-01  7.773243e-04 -1.076179e-02 1.164204e-04
 4.624625e-01 -1.116578e-03 -1.048412e-02 1.111636e-04
 4.634635e-01 -2.892307e-03 -1.001597e-02 1.086850e-04
 4.644645e-01 -4.523836e-03 -9.385931e-03 1.085608e-04
 4.654655e-01 -5.989848e-03 -8.624164e-03 1.102545e-04
 4.664665e-01 -7.273717e-03 -7.761490e-03 1.131477e-04
 4.674675e-01 -8.363415e-03 -6.828632e-03 1.165769e-04
 4.684685e-01 -9.251302e-03 -5.855449e-03 1.198729e-04
 4.694695e-01 -9.933853e-03 -4.870310e-03 1.224014e-04
 4.704705e-01 -1.041133e-02 -3.899484e-03 1.236017e-04
 4.714715e-01 -1.068737e-02 -2.966687e-03 1.230212e-04
 4.724725e-01 -1.076864e-02 -2.092656e-03 1.203428e-04
 4.734735e-01 -1.066432e-02 -1.294893e-03 1.154045e-04
 4.744745e-01 -1.038578e-02 -5.874047e-04 1.082094e-04
 4.754755e-01 -9.946054e-03  1.933930e-05 9.892437e-05
 4.764765e-01 -9.359547e-03  5.185230e-04 8.786999e-05
 4.774775e-01 -8.641577e-03  9.068213e-04 7.549918e-05
 4.784785e-01 -7.808126e-03  1.184411e-03 6.236966e-05
 4.794795e-01 -6.875446e-03  1.354601e-03 4.910670e-05
 4.804805e-01 -5.859951e-03  1.423816e-03 3.636628e-05
 4.814815e-01 -4.777805e-03  1.400966e-03 2.479012e-05
 4.824825e-01 -3.645077e-03  1.297594e-03 1.497034e-05
 4.834835e-01 -2.477100e-03  1.126694e-03 7.405464e-06
 4.844845e-01 -1.289361e-03  9.038984e-04 2.479484e-06
 4.854855e-01 -9.491014e-05  6.409625e-04 4.198409e-07
 4.864865e-01  1.089457e-03  3.315141e-04 1.296817e-06
 4.874875e-01  2.199006e-03  3.247181e-06 4.835636e-06
 4.884885e-01  3.166103e-03 -3.088868e-04 1.011962e-05
 4.894895e-01  3.933576e-03 -5.733348e-04 1.580173e-05
 4.904905e-01  4.456042e-03 -7.629146e-04 2.043835e-05
 4.914915e-01  4.703234e-03 -8.580337e-04 2.285663e-05
 4.924925e-01  4.661186e-03 -8.478867e-04 2.244557e-05
 4.934935e-01  4.333150e-03 -7.317462e-04 1.931164e-05
 4.944945e-01  3.739189e-03 -5.188628e-04 1.425075e-05
 4.954955e-01  2.914997e-03 -2.279020e-04 8.549146e-06
 4.964965e-01  1.909824e-03  1.146685e-04 3.660577e-06
 4.974975e-01  7.835737e-04  4.766889e-04 8.412201e-07
 4.984985e-01 -3.965176e-04  8.230331e-04 8.346097e-07
 4.994995e-01 -1.559865e-03  1.118573e-03 3.684383e-06
 5.005005e-01 -2.636381e-03  1.331217e-03 8.722641e-06
 5.015015e-01 -3.560729e-03  1.434802e-03 1.473745e-05
 5.025025e-01 -4.275837e-03  1.411509e-03 2.027514e-05
 5.035035e-01 -4.736575e-03  1.253769e-03 2.400708e-05
 5.045045e-01 -4.912101e-03  9.652544e-04 2.506046e-05
 5.055055e-01 -4.788277e-03  5.611882e-04 2.324253e-05
 5.065065e-01 -4.368167e-03  6.747721e-05 1.908544e-05
 5.075075e-01 -3.672810e-03 -4.807113e-04 1.372061e-05
 5.085085e-01 -2.739481e-03 -1.041588e-03 8.589663e-06
 5.095095e-01 -1.620874e-03 -1.569479e-03 5.090497e-06
 5.105105e-01 -3.810130e-04 -2.018678e-03 4.220231e-06
 5.115115e-01  9.064794e-04 -2.346561e-03 6.328052e-06
 5.125125e-01  2.164917e-03 -2.517852e-03 1.102644e-05
 5.135135e-01  3.315376e-03 -2.506722e-03 1.727537e-05
 5.145145e-01  4.287224e-03 -2.301085e-03 2.367528e-05
 5.155155e-01  5.010775e-03 -1.900901e-03 2.872129e-05
 5.165165e-01  5.469348e-03 -1.331702e-03 3.168719e-05
 5.175175e-01  5.840855e-03 -6.717151e-04 3.456679e-05
 5.185185e-01  6.143983e-03  6.293854e-05 3.775248e-05
 5.195195e-01  6.359913e-03  8.676084e-04 4.120124e-05
 5.205205e-01  6.477863e-03  1.732850e-03 4.496548e-05
 5.215215e-01  6.483999e-03  2.648209e-03 4.905526e-05
 5.225225e-01  6.367578e-03  3.600285e-03 5.350810e-05
 5.235235e-01  6.117757e-03  4.573915e-03 5.834765e-05
 5.245245e-01  5.726395e-03  5.551477e-03 6.361049e-05
 5.255255e-01  5.186687e-03  6.513592e-03 6.932860e-05
 5.265265e-01  4.494882e-03  7.438910e-03 7.554134e-05
 5.275275e-01  3.649617e-03  8.304711e-03 8.228792e-05
 5.285285e-01  2.653110e-03  9.086988e-03 8.961234e-05
 5.295295e-01  1.510790e-03  9.761077e-03 9.756110e-05
 5.305305e-01  2.321527e-04  1.030195e-02 1.061842e-04
 5.315315e-01 -1.169520e-03  1.068494e-02 1.155358e-04
 5.325325e-01 -2.676591e-03  1.088619e-02 1.256732e-04
 5.335335e-01 -4.267378e-03  1.088341e-02 1.366592e-04
 5.345345e-01 -5.915870e-03  1.065654e-02 1.485593e-04
 5.355355e-01 -7.592159e-03  1.018847e-02 1.614458e-04
 5.365365e-01 -9.262446e-03  9.465789e-03 1.753941e-04
 5.375375e-01 -1.088966e-02  8.479508e-03 1.904868e-04
 5.385385e-01 -1.243378e-02  7.225751e-03 2.068104e-04
 5.395395e-01 -1.385266e-02  5.706441e-03 2.244596e-04
 5.405405e-01 -1.510263e-02  3.929846e-03 2.435332e-04
 5.415415e-01 -1.613960e-02  1.911109e-03 2.641391e-04
 5.425425e-01 -1.691990e-02 -3.274185e-04 2.863904e-04
 5.435435e-01 -1.740157e-02 -2.755917e-03 3.104098e-04
 5.445445e-01 -1.754542e-02 -5.337069e-03 3.363262e-04
 5.455455e-01 -1.731646e-02 -8.026154e-03 3.642789e-04
 5.465465e-01 -1.668507e-02 -1.077142e-02 3.944149e-04
 5.475475e-01 -1.562842e-02 -1.351459e-02 4.268917e-04
 5.485485e-01 -1.413171e-02 -1.619170e-02 4.618762e-04
 5.495495e-01 -1.218937e-02 -1.873409e-02 4.995468e-04
 5.505506e-01 -9.806190e-03 -2.106967e-02 5.400924e-04
 5.515516e-01 -6.998265e-03 -2.312441e-02 5.837142e-04
 5.525526e-01 -3.793703e-03 -2.482406e-02 6.306260e-04
 5.535536e-01 -2.331906e-04 -2.609598e-02 6.810544e-04
 5.545546e-01  3.629847e-03 -2.687126e-02 7.352404e-04
 5.555556e-01  7.729290e-03 -2.708684e-02 7.934389e-04
 5.565566e-01  1.198683e-02 -2.668777e-02 8.559210e-04
 5.575576e-01  1.631274e-02 -2.562942e-02 9.229729e-04
 5.585586e-01  2.060719e-02 -2.387975e-02 9.948987e-04
 5.595596e-01  2.476178e-02 -2.142133e-02 1.072019e-03
 5.605606e-01  2.866169e-02 -1.825329e-02 1.154675e-03
 5.615616e-01  3.218803e-02 -1.439293e-02 1.243225e-03
 5.625626e-01  3.522065e-02 -9.877033e-03 1.338050e-03
 5.635636e-01  3.764128e-02 -4.762775e-03 1.439550e-03
 5.645646e-01  3.933687e-02  8.718795e-04 1.548150e-03
 5.655656e-01  4.020316e-02  6.928300e-03 1.664295e-03
 5.665666e-01  4.014835e-02  1.328790e-02 1.788458e-03
 5.675676e-01  3.909680e-02  1.981352e-02 1.921136e-03
 5.685686e-01  3.699264e-02  2.635139e-02 2.062851e-03
 5.695696e-01  3.380308e-02  3.273389e-02 2.214156e-03
 5.705706e-01  2.952155e-02  3.878283e-02 2.375630e-03
 5.715716e-01  2.417027e-02  4.431345e-02 2.547883e-03
 5.725726e-01  1.780225e-02  4.913897e-02 2.731559e-03
 5.735736e-01  1.050265e-02  5.307565e-02 2.927330e-03
 5.745746e-01  2.389302e-03  5.594817e-02 3.135907e-03
 5.755756e-01 -6.387683e-03  5.759539e-02 3.358032e-03
 5.765766e-01 -1.564724e-02  5.787616e-02 3.594486e-03
 5.775776e-01 -2.517975e-02  5.667511e-02 3.846088e-03
 5.785786e-01 -3.475050e-02  5.390824e-02 4.113696e-03
 5.795796e-01 -4.410415e-02  4.952811e-02 4.398210e-03
 5.805806e-01 -5.297031e-02  4.352836e-02 4.700572e-03
 5.815816e-01 -6.106998e-02  3.594753e-02 5.021768e-03
 5.825826e-01 -6.812295e-02  2.687178e-02 5.362829e-03
 5.835836e-01 -7.385576e-02  1.643656e-02 5.724834e-03
 5.845846e-01 -7.801035e-02  4.826806e-03 6.108912e-03
 5.855856e-01 -8.035283e-02 -7.724195e-03 6.516241e-03
 5.865866e-01 -8.068251e-02 -2.093762e-02 6.948051e-03
 5.875876e-01 -7.884052e-02 -3.449346e-02 7.405627e-03
 5.885886e-01 -7.471810e-02 -4.803659e-02 7.890308e-03
 5.895896e-01 -6.826393e-02 -6.118438e-02 8.403493e-03
 5.905906e-01 -5.949049e-02 -7.353583e-02 8.946637e-03
 5.915916e-01 -4.847886e-02 -8.468210e-02 9.521257e-03
 5.925926e-01 -3.538197e-02 -9.421810e-02 1.012893e-02
 5.935936e-01 -2.042576e-02 -1.017551e-01 1.077131e-02
 5.945946e-01 -3.908287e-03 -1.069337e-01 1.145010e-02
 5.955956e-01  1.380354e-02 -1.094374e-01 1.216708e-02
 5.965966e-01  3.227967e-02 -1.090051e-01 1.292410e-02
 5.975976e-01  5.103505e-02 -1.054443e-01 1.372307e-02
 5.985986e-01  6.954017e-02 -9.864160e-02 1.456600e-02
 5.995996e-01  8.723391e-02 -8.857311e-02 1.545495e-02
 6.006006e-01  1.035385e-01 -7.531173e-02 1.639207e-02
 6.016016e-01  1.178759e-01 -5.903259e-02 1.737958e-02
 6.026026e-01  1.296864e-01 -4.001546e-02 1.841979e-02
 6.036036e-01  1.384467e-01 -1.864396e-02 1.951509e-02
 6.046046e-01  1.436900e-01  4.598470e-03 2.066795e-02
 6.056056e-01  1.450242e-01  2.913631e-02 2.188094e-02
 6.066066e-01  1.421505e-01  5.431319e-02 2.315669e-02
 6.076076e-01  1.348797e-01  7.940664e-02 2.449796e-02
 6.086086e-01  1.231463e-01  1.036462e-01 2.590756e-02
 6.096096e-01  1.070199e-01  1.262346e-01 2.738842e-02
 6.106106e-01  8.671272e-02  1.463710e-01 2.894356e-02
 6.116116e-01  6.258348e-02  1.632771e-01 3.057609e-02
 6.126126e-01  3.513633e-02  1.762233e-01 3.228923e-02
 6.136136e-01  5.014997e-03  1.845566e-01 3.408627e-02
 6.146146e-01 -2.700803e-02  1.877264e-01 3.597064e-02
 6.156156e-01 -6.004758e-02  1.853109e-01 3.794586e-02
 6.166166e-01 -9.312678e-02  1.770393e-01 4.001553e-02
 6.176176e-01 -1.252027e-01  1.628117e-01 4.218338e-02
 6.186186e-01 -1.551961e-01  1.427144e-01 4.445324e-02
 6.196196e-01 -1.820249e-01  1.170299e-01 4.682906e-02
 6.206206e-01 -2.046394e-01  8.624144e-02 4.931486e-02
 6.216216e-01 -2.220601e-01  5.103048e-02 5.191481e-02
 6.226226e-01 -2.334152e-01  1.226763e-02 5.463317e-02
 6.236236e-01 -2.379771e-01 -2.900374e-02 5.747431e-02
 6.246246e-01 -2.351967e-01 -7.159093e-02 6.044273e-02
 6.256256e-01 -2.247342e-01 -1.141822e-01 6.354302e-02
 6.266266e-01 -2.064847e-01 -1.553833e-01 6.677990e-02
 6.276276e-01 -1.805973e-01 -1.937597e-01 7.015818e-02
 6.286286e-01 -1.474870e-01 -2.278825e-01 7.368282e-02
 6.296296e-01 -1.078378e-01 -2.563784e-01 7.735886e-02
 6.306306e-01 -6.259702e-02 -2.779804e-01 8.119147e-02
 6.316316e-01 -1.295955e-02 -2.915784e-01 8.518592e-02
 6.326326e-01  3.965756e-02 -2.962683e-01 8.934762e-02
 6.336336e-01  9.365003e-02 -2.913962e-01 9.368205e-02
 6.346346e-01  1.472705e-01 -2.765976e-01 9.819485e-02
 6.356356e-01  1.986806e-01 -2.518289e-01 1.028917e-01
 6.366366e-01  2.460099e-01 -2.173884e-01 1.077786e-01
 6.376376e-01  2.874200e-01 -1.739282e-01 1.128613e-01
 6.386386e-01  3.211717e-01 -1.224526e-01 1.181459e-01
 6.396396e-01  3.456929e-01 -6.430481e-02 1.236387e-01
 6.406406e-01  3.596450e-01 -1.139417e-03 1.293458e-01
 6.416416e-01  3.619854e-01  6.511730e-02 1.352737e-01
 6.426426e-01  3.520229e-01  1.323202e-01 1.414287e-01
 6.436436e-01  3.294642e-01  1.981691e-01 1.478176e-01
 6.446446e-01  2.944481e-01  2.602831e-01 1.544470e-01
 6.456456e-01  2.475671e-01  3.162817e-01 1.613236e-01
 6.466466e-01  1.898721e-01  3.638720e-01 1.684543e-01
 6.476476e-01  1.228619e-01  4.009377e-01 1.758460e-01
 6.486486e-01  4.845400e-02  4.256267e-01 1.835059e-01
 6.496496e-01 -3.106098e-02  4.364358e-01 1.914410e-01
 6.506507e-01 -1.130825e-01  4.322855e-01 1.996584e-01
 6.516517e-01 -1.947785e-01  4.125856e-01 2.081656e-01
 6.526527e-01 -2.731775e-01  3.772847e-01 2.169697e-01
 6.536537e-01 -3.452717e-01  3.269033e-01 2.260783e-01
 6.546547e-01 -4.081275e-01  2.625467e-01 2.354988e-01
 6.556557e-01 -4.590003e-01  1.858967e-01 2.452388e-01
 6.566567e-01 -4.954484e-01  9.918038e-02 2.553059e-01
 6.576577e-01 -5.154430e-01  5.116400e-03 2.657077e-01
 6.586587e-01 -5.174677e-01 -9.316118e-02 2.764518e-01
 6.596597e-01 -5.006050e-01 -1.921994e-01 2.875460e-01
 6.606607e-01 -4.646045e-01 -2.883412e-01 2.989980e-01
 6.616617e-01 -4.099287e-01 -3.778547e-01 3.108157e-01
 6.626627e-01 -3.377738e-01 -4.570729e-01 3.230068e-01
 6.636637e-01 -2.500633e-01 -5.225394e-01 3.355791e-01
 6.646647e-01 -1.494122e-01 -5.711536e-01 3.485405e-01
 6.656657e-01 -3.906216e-02 -6.003107e-01 3.618988e-01
 6.666667e-01  7.721249e-02 -6.080296e-01 3.756618e-01
 6.676677e-01  1.952243e-01 -5.930639e-01 3.898373e-01
 6.686687e-01  3.105162e-01 -5.549890e-01 4.044331e-01
 6.696697e-01  4.185235e-01 -4.942620e-01 4.194568e-01
 6.706707e-01  5.147493e-01 -4.122491e-01 4.349163e-01
 6.716717e-01  5.949473e-01 -3.112181e-01 4.508190e-01
 6.726727e-01  6.553036e-01 -1.942935e-01 4.671728e-01
 6.736737e-01  6.926118e-01 -6.537546e-02 4.839851e-01
 6.746747e-01  7.044328e-01  7.097829e-02 5.012635e-01
 6.756757e-01  6.892313e-01  2.097033e-01 5.190153e-01
 6.766767e-01  6.464837e-01  3.454081e-01 5.372479e-01
 6.776777e-01  5.767487e-01  4.725773e-01 5.559684e-01
 6.786787e-01  4.816989e-01  5.857901e-01 5.751839e-01
 6.796797e-01  3.641057e-01  6.799472e-01 5.949012e-01
 6.806807e-01  2.277802e-01  7.504955e-01 6.151273e-01
 6.816817e-01  7.746555e-02  7.936422e-01 6.358688e-01
 6.826827e-01 -8.131417e-02  8.065485e-01 6.571324e-01
 6.836837e-01 -2.424457e-01  7.874926e-01 6.789246e-01
 6.846847e-01 -3.994533e-01  7.359950e-01 7.012515e-01
 6.856857e-01 -5.457526e-01  6.528962e-01 7.241194e-01
 6.866867e-01 -6.749210e-01  5.403846e-01 7.475339e-01
 6.876877e-01 -7.809763e-01  4.019660e-01 7.715006e-01
 6.886887e-01 -8.586490e-01  2.423774e-01 7.960249e-01
 6.896897e-01 -9.036390e-01  6.744250e-02 8.211120e-01
 6.906907e-01 -9.128425e-01 -1.161263e-01 8.467668e-01
 6.916917e-01 -8.845388e-01 -3.009738e-01 8.729941e-01
 6.926927e-01 -8.185265e-01 -4.793881e-01 8.997986e-01
 6.936937e-01 -7.162004e-01 -6.436160e-01 9.271846e-01
 6.946947e-01 -5.805622e-01 -7.861956e-01 9.551560e-01
 6.956957e-01 -4.161621e-01 -9.002920e-01 9.837166e-01
 6.966967e-01 -2.289690e-01 -9.800218e-01 1.012869e+00
 6.976977e-01 -2.617255e-02 -1.020751e+00 1.042618e+00
 6.986987e-01  1.840782e-01 -1.019352e+00 1.072963e+00
 6.996997e-01  3.929913e-01 -9.744058e-01 1.103909e+00
 7.007007e-01  5.914910e-01 -8.863380e-01 1.135457e+00
 7.017017e-01  7.706072e-01 -7.574779e-01 1.167608e+00
 7.027027e-01  9.218776e-01 -5.920364e-01 1.200365e+00
 7.037037e-01  1.037745e+00 -3.959973e-01 1.233729e+00
 7.047047e-01  1.111934e+00 -1.769244e-01 1.267700e+00
 7.057057e-01  1.139784e+00  5.631228e-02 1.302278e+00
 7.067067e-01  1.118525e+00  2.938812e-01 1.337463e+00
 7.077077e-01  1.047480e+00  5.253938e-01 1.373254e+00
 7.087087e-01  9.281848e-01  7.403520e-01 1.409648e+00
 7.097097e-01  7.644003e-01  9.286212e-01 1.446645e+00
 7.107107e-01  5.620359e-01  1.080906e+00 1.484243e+00
 7.117117e-01  3.289624e-01  1.189211e+00 1.522440e+00
 7.127127e-01  7.472870e-02  1.247256e+00 1.561233e+00
 7.137137e-01 -1.898121e-01  1.250836e+00 1.600619e+00
 7.147147e-01 -4.529540e-01  1.198093e+00 1.640595e+00
 7.157157e-01 -7.026476e-01  1.089698e+00 1.681155e+00
 7.167167e-01 -9.270480e-01  9.289111e-01 1.722294e+00
 7.177177e-01 -1.115076e+00  7.215337e-01 1.764006e+00
 7.187187e-01 -1.256967e+00  4.757292e-01 1.806285e+00
 7.197197e-01 -1.344778e+00  2.017296e-01 1.849124e+00
 7.207207e-01 -1.372833e+00 -8.857068e-02 1.892517e+00
 7.217217e-01 -1.338075e+00 -3.821158e-01 1.936457e+00
 7.227227e-01 -1.240306e+00 -6.652666e-01 1.980938e+00
 7.237237e-01 -1.082304e+00 -9.244297e-01 2.025952e+00
 7.247247e-01 -8.697962e-01 -1.146709e+00 2.071488e+00
 7.257257e-01 -6.112922e-01 -1.320552e+00 2.117536e+00
 7.267267e-01 -3.177711e-01 -1.436352e+00 2.164085e+00
 7.277277e-01 -2.240372e-03 -1.486983e+00 2.211123e+00
 7.287287e-01  3.208245e-01 -1.468233e+00 2.258638e+00
 7.297297e-01  6.361332e-01 -1.379113e+00 2.306619e+00
 7.307307e-01  9.282988e-01 -1.222013e+00 2.355054e+00
 7.317317e-01  1.182589e+00 -1.002704e+00 2.403934e+00
 7.327327e-01  1.385675e+00 -7.301718e-01 2.453245e+00
 7.337337e-01  1.526331e+00 -4.162782e-01 2.502974e+00
 7.347347e-01  1.596070e+00 -7.527398e-02 2.553105e+00
 7.357357e-01  1.589649e+00  2.768309e-01 2.603620e+00
 7.367367e-01  1.505445e+00  6.230069e-01 2.654502e+00
 7.377377e-01  1.345649e+00  9.460236e-01 2.705732e+00
 7.387387e-01  1.116286e+00  1.229308e+00 2.757294e+00
 7.397397e-01  8.270328e-01  1.457803e+00 2.809172e+00
 7.407407e-01  4.908470e-01  1.618771e+00 2.861350e+00
 7.417417e-01  1.234148e-01  1.702523e+00 2.913815e+00
 7.427427e-01 -2.575615e-01  1.703000e+00 2.966548e+00
 7.437437e-01 -6.332043e-01  1.618204e+00 3.019531e+00
 7.447447e-01 -9.843919e-01  1.450418e+00 3.072739e+00
 7.457457e-01 -1.292734e+00  1.206228e+00 3.126148e+00
 7.467467e-01 -1.541542e+00  8.963148e-01 3.179732e+00
 7.477477e-01 -1.716748e+00  5.350190e-01 3.233469e+00
 7.487487e-01 -1.807710e+00  1.397132e-01 3.287337e+00
 7.497497e-01 -1.807874e+00 -2.700167e-01 3.341318e+00
 7.507508e-01 -1.715233e+00 -6.733290e-01 3.395396e+00
 7.517518e-01 -1.532568e+00 -1.049184e+00 3.449553e+00
 7.527528e-01 -1.267443e+00 -1.377445e+00 3.503766e+00
 7.537538e-01 -9.319373e-01 -1.639970e+00 3.558009e+00
 7.547548e-01 -5.421407e-01 -1.821630e+00 3.612251e+00
 7.557558e-01 -1.174070e-01 -1.911197e+00 3.666459e+00
 7.567568e-01  3.205861e-01 -1.902058e+00 3.720601e+00
 7.577578e-01  7.489332e-01 -1.792693e+00 3.774650e+00
 7.587588e-01  1.144698e+00 -1.586899e+00 3.828584e+00
 7.597598e-01  1.486151e+00 -1.293732e+00 3.882388e+00
 7.607608e-01  1.753975e+00 -9.271551e-01 3.936044e+00
 7.617618e-01  1.932379e+00 -5.054176e-01 3.989534e+00
 7.627628e-01  2.010053e+00 -5.017066e-02 4.042830e+00
 7.637638e-01  1.980905e+00  4.146247e-01 4.095899e+00
 7.647648e-01  1.844528e+00  8.639521e-01 4.148698e+00
 7.657658e-01  1.606373e+00  1.273089e+00 4.201188e+00
 7.667668e-01  1.277592e+00  1.618978e+00 4.253331e+00
 7.677678e-01  8.745731e-01  1.881548e+00 4.305101e+00
 7.687688e-01  4.181542e-01  2.044903e+00 4.356482e+00
 7.697698e-01 -6.742562e-02  2.098313e+00 4.407464e+00
 7.707708e-01 -5.557992e-01  2.036939e+00 4.458034e+00
 7.717718e-01 -1.019900e+00  1.862251e+00 4.508174e+00
 7.727728e-01 -1.433468e+00  1.582093e+00 4.557850e+00
 7.737738e-01 -1.772557e+00  1.210396e+00 4.607017e+00
 7.747748e-01 -2.016943e+00  7.665252e-01 4.655621e+00
 7.757758e-01 -2.151364e+00  2.743122e-01 4.703615e+00
 7.767768e-01 -2.166504e+00 -2.392077e-01 4.750961e+00
 7.777778e-01 -2.059664e+00 -7.452679e-01 4.797642e+00
 7.787788e-01 -1.835065e+00 -1.214985e+00 4.843653e+00
 7.797798e-01 -1.503759e+00 -1.621020e+00 4.888999e+00
 7.807808e-01 -1.083141e+00 -1.939196e+00 4.933676e+00
 7.817818e-01 -5.960770e-01 -2.149966e+00 4.977663e+00
 7.827828e-01 -6.968933e-02 -2.239656e+00 5.020917e+00
 7.837838e-01  4.661351e-01 -2.201384e+00 5.063375e+00
 7.847848e-01  9.804401e-01 -2.035610e+00 5.104970e+00
 7.857858e-01  1.442998e+00 -1.750259e+00 5.145647e+00
 7.867868e-01  1.826107e+00 -1.360409e+00 5.185379e+00
 7.877878e-01  2.106283e+00 -8.875465e-01 5.224167e+00
 7.887888e-01  2.265739e+00 -3.584123e-01 5.262033e+00
 7.897898e-01  2.293556e+00  1.964818e-01 5.299004e+00
 7.907908e-01  2.186469e+00  7.446057e-01 5.335085e+00
 7.917918e-01  1.949213e+00  1.253323e+00 5.370247e+00
 7.927928e-01  1.594386e+00  1.691851e+00 5.404426e+00
 7.937938e-01  1.141841e+00  2.033159e+00 5.437536e+00
 7.947948e-01  6.176147e-01  2.255669e+00 5.469491e+00
 7.957958e-01  5.245989e-02  2.344672e+00 5.500239e+00
 7.967968e-01 -5.199434e-01  2.293346e+00 5.529776e+00
 7.977978e-01 -1.064996e+00  2.103313e+00 5.558140e+00
 7.987988e-01 -1.549284e+00  1.784689e+00 5.585396e+00
 7.997998e-01 -1.942659e+00  1.355609e+00 5.611598e+00
 8.008008e-01 -2.220152e+00  8.412371e-01 5.636755e+00
 8.018018e-01 -2.363610e+00  2.723323e-01 5.660817e+00
 8.028028e-01 -2.362935e+00 -3.165766e-01 5.683682e+00
 8.038038e-01 -2.216846e+00 -8.892811e-01 5.705226e+00
 8.048048e-01 -1.933101e+00 -1.410132e+00 5.725350e+00
 8.058058e-01 -1.528153e+00 -1.846285e+00 5.744020e+00
 8.068068e-01 -1.026251e+00 -2.169812e+00 5.761276e+00
 8.078078e-01 -4.580233e-01 -2.359542e+00 5.777224e+00
 8.088088e-01  1.413623e-01 -2.402499e+00 5.791984e+00
 8.098098e-01  7.343706e-01 -2.294850e+00 5.805636e+00
 8.108108e-01  1.283458e+00 -2.042281e+00 5.818177e+00
 8.118118e-01  1.753475e+00 -1.659769e+00 5.829509e+00
 8.128128e-01  2.113957e+00 -1.170749e+00 5.839465e+00
 8.138138e-01  2.341150e+00 -6.057200e-01 5.847879e+00
 8.148148e-01  2.419637e+00 -3.754844e-04 5.854645e+00
 8.158158e-01  2.343450e+00  6.066451e-01 5.859776e+00
 8.168168e-01  2.116575e+00  1.176227e+00 5.863398e+00
 8.178178e-01  1.752824e+00  1.671323e+00 5.865711e+00
 8.188188e-01  1.275051e+00  2.059405e+00 5.866903e+00
 8.198198e-01  7.137604e-01  2.314651e+00 5.867064e+00
 8.208208e-01  1.051926e-01  2.419726e+00 5.866141e+00
 8.218218e-01 -5.110073e-01  2.367027e+00 5.863945e+00
 8.228228e-01 -1.094376e+00  2.159296e+00 5.860220e+00
 8.238238e-01 -1.606314e+00  1.809560e+00 5.854750e+00
 8.248248e-01 -2.012677e+00  1.340368e+00 5.847457e+00
 8.258258e-01 -2.286111e+00  7.823959e-01 5.838449e+00
 8.268268e-01 -2.407955e+00  1.724640e-01 5.827991e+00
 8.278278e-01 -2.369582e+00 -4.488712e-01 5.816404e+00
 8.288288e-01 -2.173084e+00 -1.040021e+00 5.803935e+00
 8.298298e-01 -1.831228e+00 -1.561169e+00 5.790646e+00
 8.308308e-01 -1.366693e+00 -1.976998e+00 5.776370e+00
 8.318318e-01 -8.106064e-01 -2.259135e+00 5.760773e+00
 8.328328e-01 -2.004995e-01 -2.388155e+00 5.743485e+00
 8.338338e-01  4.222163e-01 -2.354994e+00 5.724264e+00
 8.348348e-01  1.015063e+00 -2.161658e+00 5.703117e+00
 8.358358e-01  1.537414e+00 -1.821176e+00 5.680324e+00
 8.368368e-01  1.953325e+00 -1.356784e+00 5.656341e+00
 8.378378e-01  2.234055e+00 -8.003918e-01 5.631628e+00
 8.388388e-01  2.360125e+00 -1.904188e-01 5.606452e+00
 8.398398e-01  2.322744e+00  4.308426e-01 5.580763e+00
 8.408408e-01  2.124490e+00  1.020167e+00 5.554198e+00
 8.418418e-01  1.779213e+00  1.536431e+00 5.526219e+00
 8.428428e-01  1.311126e+00  1.943525e+00 5.496343e+00
 8.438438e-01  7.531579e-01  2.212942e+00 5.464360e+00
 8.448448e-01  1.446711e-01  2.325840e+00 5.430461e+00
 8.458458e-01 -4.713017e-01  2.274437e+00 5.395188e+00
 8.468468e-01 -1.051107e+00  2.062623e+00 5.359241e+00
 8.478478e-01 -1.553592e+00  1.705740e+00 5.323194e+00
 8.488488e-01 -1.943068e+00  1.229525e+00 5.287245e+00
 8.498498e-01 -2.191912e+00  6.683074e-01 5.251112e+00
 8.508509e-01 -2.282590e+00  6.256094e-02 5.214133e+00
 8.518519e-01 -2.208978e+00 -5.440081e-01 5.175529e+00
 8.528529e-01 -1.976845e+00 -1.107624e+00 5.134748e+00
 8.538539e-01 -1.603482e+00 -1.587632e+00 5.091731e+00
 8.548549e-01 -1.116475e+00 -1.949479e+00 5.046985e+00
 8.558559e-01 -5.517105e-01 -2.167263e+00 5.001413e+00
 8.568569e-01  4.923473e-02 -2.225656e+00 4.955969e+00
 8.578579e-01  6.421540e-01 -2.121060e+00 4.911256e+00
 8.588589e-01  1.183476e+00 -1.861891e+00 4.867252e+00
 8.598599e-01  1.633502e+00 -1.467979e+00 4.823291e+00
 8.608609e-01  1.959375e+00 -9.691061e-01 4.778318e+00
 8.618619e-01  2.137541e+00 -4.028003e-01 4.731329e+00
 8.628629e-01  2.155528e+00  1.884673e-01 4.681823e+00
 8.638639e-01  2.012898e+00  7.604635e-01 4.630064e+00
 8.648649e-01  1.721282e+00  1.270520e+00 4.577032e+00
 8.658659e-01  1.303509e+00  1.680752e+00 4.524060e+00
 8.668669e-01  7.918700e-01  1.960927e+00 4.472293e+00
 8.678679e-01  2.256637e-01  2.090759e+00 4.422195e+00
 8.688689e-01 -3.518123e-01  2.061443e+00 4.373319e+00
 8.698699e-01 -8.965762e-01  1.876327e+00 4.324454e+00
 8.708709e-01 -1.367341e+00  1.550642e+00 4.274111e+00
 8.718719e-01 -1.728688e+00  1.110317e+00 4.221164e+00
 8.728729e-01 -1.953792e+00  5.899721e-01 4.165369e+00
 8.738739e-01 -2.026480e+00  3.023008e-02 4.107536e+00
 8.748749e-01 -1.942464e+00 -5.254446e-01 4.049258e+00
 8.758759e-01 -1.709638e+00 -1.034128e+00 3.992283e+00
 8.768769e-01 -1.347431e+00 -1.456783e+00 3.937786e+00
 8.778779e-01 -8.852420e-01 -1.761302e+00 3.885837e+00
 8.788789e-01 -3.601021e-01 -1.925007e+00 3.835326e+00
 8.798799e-01  1.862753e-01 -1.936410e+00 3.784382e+00
 8.808809e-01  7.108050e-01 -1.796080e+00 3.731146e+00
 8.818819e-01  1.172447e+00 -1.516560e+00 3.674586e+00
 8.828829e-01  1.535454e+00 -1.121330e+00 3.615000e+00
 8.838839e-01  1.772191e+00 -6.428904e-01 3.553969e+00
 8.848849e-01  1.865296e+00 -1.201313e-01 3.493760e+00
 8.858859e-01  1.809014e+00  4.048130e-01 3.436405e+00
 8.868869e-01  1.609591e+00  8.899658e-01 3.382823e+00
 8.878879e-01  1.284699e+00  1.296892e+00 3.332380e+00
 8.888889e-01  8.619380e-01  1.593787e+00 3.283095e+00
 8.898899e-01  3.765396e-01  1.758023e+00 3.232427e+00
 8.908909e-01 -1.315413e-01  1.777934e+00 3.178353e+00
 8.918919e-01 -6.209086e-01  1.653705e+00 3.120269e+00
 8.928929e-01 -1.052110e+00  1.397280e+00 3.059326e+00
 8.938939e-01 -1.390846e+00  1.031303e+00 2.998038e+00
 8.948949e-01 -1.610742e+00  5.871819e-01 2.939274e+00
 8.958959e-01 -1.695456e+00  1.024289e-01 2.885062e+00
 8.968969e-01 -1.639935e+00 -3.824911e-01 2.835687e+00
 8.978979e-01 -1.450748e+00 -8.275455e-01 2.789503e+00
 8.988989e-01 -1.145437e+00 -1.196465e+00 2.743555e+00
 8.998999e-01 -7.509615e-01 -1.459744e+00 2.694795e+00
 9.009009e-01 -3.013749e-01 -1.597048e+00 2.641389e+00
 9.019019e-01  1.650904e-01 -1.598844e+00 2.583558e+00
 9.029029e-01  6.092622e-01 -1.467100e+00 2.523583e+00
 9.039039e-01  9.943280e-01 -1.215003e+00 2.464920e+00
 9.049049e-01  1.288912e+00 -8.657311e-01 2.410786e+00
 9.059059e-01  1.469673e+00 -4.503806e-01 2.362782e+00
 9.069069e-01  1.523197e+00 -5.229021e-03 2.320156e+00
 9.079079e-01  1.447035e+00  4.314205e-01 2.280034e+00
 9.089089e-01  1.249798e+00  8.225429e-01 2.238572e+00
 9.099099e-01  9.503002e-01  1.135557e+00 2.192559e+00
 9.109109e-01  5.758374e-01  1.345076e+00 2.140817e+00
 9.119119e-01  1.597474e-01  1.435011e+00 2.084775e+00
 9.129129e-01 -2.615307e-01  1.399845e+00 2.027965e+00
 9.139139e-01 -6.516408e-01  1.244976e+00 1.974600e+00
 9.149149e-01 -9.774594e-01  9.860940e-01 1.927808e+00
 9.159159e-01 -1.211936e+00  6.476795e-01 1.888277e+00
 9.169169e-01 -1.336376e+00  2.607336e-01 1.853883e+00
 9.179179e-01 -1.341974e+00 -1.400323e-01 1.820504e+00
 9.189189e-01 -1.230461e+00 -5.193021e-01 1.783709e+00
 9.199199e-01 -1.013816e+00 -8.442770e-01 1.740626e+00
 9.209209e-01 -7.130784e-01 -1.087534e+00 1.691212e+00
 9.219219e-01 -3.563694e-01 -1.229373e+00 1.638357e+00
 9.229229e-01  2.370066e-02 -1.259439e+00 1.586749e+00
 9.239239e-01  3.929925e-01 -1.177499e+00 1.540947e+00
 9.249249e-01  7.189055e-01 -9.932888e-01 1.503448e+00
 9.259259e-01  9.732727e-01 -7.254811e-01 1.473582e+00
 9.269269e-01  1.134825e+00 -3.998553e-01 1.447712e+00
 9.279279e-01  1.191006e+00 -4.685806e-02 1.420691e+00
 9.289289e-01  1.138973e+00  3.012224e-01 1.387995e+00
 9.299299e-01  9.857124e-01  6.132061e-01 1.347651e+00
 9.309309e-01  7.472509e-01  8.618242e-01 1.301125e+00
 9.319319e-01  4.470578e-01  1.026123e+00 1.252788e+00
 9.329329e-01  1.137834e-01  1.093250e+00 1.208141e+00
 9.339339e-01 -2.214475e-01  1.059475e+00 1.171527e+00
 9.349349e-01 -5.279346e-01  9.303574e-01 1.144280e+00
 9.359359e-01 -7.782224e-01  7.200493e-01 1.124101e+00
 9.369369e-01 -9.505807e-01  4.498316e-01 1.105952e+00
 9.379379e-01 -1.030920e+00  1.460087e-01 1.084114e+00
 9.389389e-01 -1.013965e+00 -1.626217e-01 1.054571e+00
 9.399399e-01 -9.035940e-01 -4.474847e-01 1.016725e+00
 9.409409e-01 -7.123085e-01 -6.828753e-01 9.737021e-01
 9.419419e-01 -4.599071e-01 -8.482887e-01 9.311084e-01
 9.429429e-01 -1.714914e-01 -9.302217e-01 8.947217e-01
 9.439439e-01  1.249987e-01 -9.232843e-01 8.680786e-01
 9.449449e-01  4.014764e-01 -8.305286e-01 8.509611e-01
 9.459459e-01  6.323716e-01 -6.629765e-01 8.394316e-01
 9.469469e-01  7.970090e-01 -4.384047e-01 8.274220e-01
 9.479479e-01  8.814799e-01 -1.795153e-01 8.092326e-01
 9.489489e-01  8.798338e-01  8.832423e-02 7.819087e-01
 9.499499e-01  7.944858e-01  3.395489e-01 7.465011e-01
 9.509510e-01  6.358119e-01  5.508315e-01 7.076721e-01
 9.519520e-01  4.209839e-01  7.032543e-01 6.717940e-01
 9.529530e-01  1.721683e-01  7.840122e-01 6.443171e-01
 9.539540e-01 -8.572568e-02  7.874938e-01 6.274954e-01
 9.549550e-01 -3.275221e-01  7.156463e-01 6.194203e-01
 9.559560e-01 -5.302328e-01  5.776030e-01 6.147720e-01
 9.569570e-01 -6.752506e-01  3.886250e-01 6.069927e-01
 9.579580e-01 -7.500699e-01  1.684713e-01 5.909875e-01
 9.589590e-01 -7.493742e-01 -6.063153e-02 5.652379e-01
 9.599600e-01 -6.753929e-01 -2.762135e-01 5.324494e-01
 9.609610e-01 -5.375061e-01 -4.577587e-01 4.984559e-01
 9.619620e-01 -3.511508e-01 -5.886597e-01 4.698271e-01
 9.629630e-01 -1.361475e-01 -6.577422e-01 4.511610e-01
 9.639640e-01  8.537227e-02 -6.602193e-01 4.431779e-01
 9.649650e-01  2.912252e-01 -5.979910e-01 4.424054e-01
 9.659660e-01  4.613911e-01 -4.792761e-01 4.425873e-01
 9.669670e-01  5.799626e-01 -3.176252e-01 4.372423e-01
 9.679680e-01  6.366385e-01 -1.304284e-01 4.223201e-01
 9.689690e-01  6.276190e-01  6.292187e-02 3.978648e-01
 9.699700e-01  5.558246e-01  2.430224e-01 3.680009e-01
 9.709710e-01  4.304296e-01  3.923995e-01 3.392470e-01
 9.719720e-01  2.657724e-01  4.972051e-01 3.178478e-01
 9.729730e-01  7.976633e-02  5.485026e-01 3.072178e-01
 9.739740e-01 -1.080171e-01  5.430226e-01 3.065413e-01
 9.749750e-01 -2.783888e-01  4.833236e-01 3.111020e-01
 9.759760e-01 -4.144943e-01  3.773564e-01 3.142034e-01
 9.769770e-01 -5.034804e-01  2.374924e-01 3.098951e-01
 9.779780e-01 -5.377089e-01  7.912661e-02 2.953918e-01
 9.789790e-01 -5.154036e-01 -8.098821e-02 2.722000e-01
 9.799800e-01 -4.406756e-01 -2.264991e-01 2.454968e-01
 9.809810e-01 -3.229378e-01 -3.431183e-01 2.220190e-01
 9.819820e-01 -1.757842e-01 -4.200260e-01 2.073220e-01
 9.829830e-01 -1.546187e-02 -4.508727e-01 2.035252e-01
 9.839840e-01  1.408952e-01 -4.342869e-01 2.084565e-01
 9.849850e-01  2.770798e-01 -3.738500e-01 2.165370e-01
 9.859860e-01  3.794828e-01 -2.775547e-01 2.210438e-01
 9.869870e-01  4.384479e-01 -1.568190e-01 2.168287e-01
 9.879880e-01  4.491771e-01 -2.517243e-02 2.023937e-01
 9.889890e-01  4.121003e-01  1.032376e-01 1.804846e-01
 9.899900e-01  3.326828e-01  2.151556e-01 1.569698e-01
 9.909910e-01  2.207066e-01  2.995835e-01 1.384617e-01
 9.919920e-01  8.911098e-02  3.488604e-01 1.296444e-01
 9.929930e-01 -4.747014e-02  3.593503e-01 1.313861e-01
 9.939940e-01 -1.743137e-01  3.316764e-01 1.403945e-01
 9.949950e-01 -2.781793e-01  2.704907e-01 1.505490e-01
 9.959960e-01 -3.486820e-01  1.838186e-01 1.553684e-01
 9.969970e-01 -3.793219e-01  8.206401e-02 1.506196e-01
 9.979980e-01 -3.680706e-01 -2.320744e-02 1.360145e-01
 9.989990e-01 -3.174623e-01 -1.205660e-01 1.153185e-01
 1.000000e+00 -2.341913e-01 -1.999521e-01 9.482643e-02
