# x psi_r psi_i psi2 
 0.000000e+00  7.613496e-01  9.851925e-01 1.550258e+00
 1.001001e-03  7.064726e-01  9.179998e-01 1.341827e+00
 2.002002e-03  6.090695e-01  8.066253e-01 1.021610e+00
 3.003003e-03  4.715181e-01  6.588314e-01 6.563881e-01
 4.004004e-03  2.986544e-01  4.842262e-01 3.236695e-01
 5.005005e-03  9.772459e-02  2.936796e-01 9.579783e-02
 6.006006e-03 -1.218178e-01  9.866350e-02 2.457406e-02
 7.007007e-03 -3.486772e-01 -8.944192e-02 1.295757e-01
 8.008008e-03 -5.702378e-01 -2.600337e-01 3.927887e-01
 9.009009e-03 -7.732233e-01 -4.039207e-01 7.610261e-01
 1.001001e-02 -9.444657e-01 -5.138661e-01 1.156074e+00
 1.101101e-02 -1.071740e+00 -5.850023e-01 1.490854e+00
 1.201201e-02 -1.144612e+00 -6.150899e-01 1.688472e+00
 1.301301e-02 -1.155242e+00 -6.046045e-01 1.700131e+00
 1.401401e-02 -1.099085e+00 -5.566431e-01 1.517840e+00
 1.501502e-02 -9.754224e-01 -4.766572e-01 1.178651e+00
 1.601602e-02 -7.876781e-01 -3.720305e-01 7.588434e-01
 1.701702e-02 -5.434803e-01 -2.515290e-01 3.586377e-01
 1.801802e-02 -2.544394e-01 -1.246629e-01 8.028025e-02
 1.901902e-02  6.435962e-02 -1.003565e-03 4.143168e-03
 2.002002e-02  3.951335e-01  1.104955e-01 1.683397e-01
 2.102102e-02  7.184096e-01  2.021257e-01 5.569671e-01
 2.202202e-02  1.014209e+00  2.679544e-01 1.100419e+00
 2.302302e-02  1.263329e+00  3.042215e-01 1.688551e+00
 2.402402e-02  1.448642e+00  3.095722e-01 2.194397e+00
 2.502503e-02  1.556310e+00  2.851121e-01 2.503391e+00
 2.602603e-02  1.576842e+00  2.342772e-01 2.541315e+00
 2.702703e-02  1.505882e+00  1.625318e-01 2.294097e+00
 2.802803e-02  1.344698e+00  7.691538e-02 1.814128e+00
 2.902903e-02  1.100286e+00 -1.452793e-02 1.210841e+00
 3.003003e-02  7.851016e-01 -1.033929e-01 6.270746e-01
 3.103103e-02  4.163968e-01 -1.815833e-01 2.063588e-01
 3.203203e-02  1.522220e-02 -2.419554e-01 5.877412e-02
 3.303303e-02 -3.948633e-01 -2.788888e-01 2.336960e-01
 3.403403e-02 -7.892801e-01 -2.887372e-01 7.063323e-01
 3.503504e-02 -1.144016e+00 -2.701270e-01 1.381741e+00
 3.603604e-02 -1.437203e+00 -2.240771e-01 2.115762e+00
 3.703704e-02 -1.650572e+00 -1.539322e-01 2.748082e+00
 3.803804e-02 -1.770681e+00 -6.511027e-02 3.139550e+00
 3.903904e-02 -1.789827e+00  3.531523e-02 3.204729e+00
 4.004004e-02 -1.706576e+00  1.391691e-01 2.931770e+00
 4.104104e-02 -1.525869e+00  2.378219e-01 2.384835e+00
 4.204204e-02 -1.258700e+00  3.228812e-01 1.688579e+00
 4.304304e-02 -9.213885e-01  3.868743e-01 9.986284e-01
 4.404404e-02 -5.344873e-01  4.238661e-01 4.653392e-01
 4.504505e-02 -1.214252e-01  4.299658e-01 1.996147e-01
 4.604605e-02  2.930390e-01  4.036782e-01 2.488279e-01
 4.704705e-02  6.844289e-01  3.460701e-01 5.882074e-01
 4.804805e-02  1.030120e+00  2.607363e-01 1.129130e+00
 4.904905e-02  1.310756e+00  1.535635e-01 1.741662e+00
 5.005005e-02  1.511419e+00  3.230700e-02 2.285432e+00
 5.105105e-02  1.622478e+00 -9.398898e-02 2.641269e+00
 5.205205e-02  1.640053e+00 -2.156849e-01 2.736293e+00
 5.305305e-02  1.566094e+00 -3.233007e-01 2.557175e+00
 5.405405e-02  1.408065e+00 -4.082732e-01 2.149335e+00
 5.505506e-02  1.178269e+00 -4.636559e-01 1.603294e+00
 5.605606e-02  8.928791e-01 -4.847042e-01 1.032171e+00
 5.705706e-02  5.707561e-01 -4.692987e-01 5.460038e-01
 5.805806e-02  2.321306e-01 -4.181675e-01 2.287487e-01
 5.905906e-02 -1.027400e-01 -3.348882e-01 1.227056e-01
 6.006006e-02 -4.148532e-01 -2.256629e-01 2.230269e-01
 6.106106e-02 -6.875941e-01 -9.888007e-02 4.825629e-01
 6.206206e-02 -9.076492e-01  3.550506e-02 8.250877e-01
 6.306306e-02 -1.065651e+00  1.667290e-01 1.163411e+00
 6.406406e-02 -1.156523e+00  2.840576e-01 1.418235e+00
 6.506507e-02 -1.179524e+00  3.776400e-01 1.533888e+00
 6.606607e-02 -1.137998e+00  4.393108e-01 1.488033e+00
 6.706707e-02 -1.038883e+00  4.632773e-01 1.293903e+00
 6.806807e-02 -8.920114e-01  4.466343e-01 9.951666e-01
 6.906907e-02 -7.092788e-01  3.896644e-01 6.549148e-01
 7.007007e-02 -5.037402e-01  2.958943e-01 3.413077e-01
 7.107107e-02 -2.887064e-01  1.719002e-01 1.129011e-01
 7.207207e-02 -7.689958e-02  2.687081e-02 6.635586e-03
 7.307307e-02  1.202776e-01 -1.280408e-01 3.086115e-02
 7.407407e-02  2.933207e-01 -2.805312e-01 1.647348e-01
 7.507508e-02  4.350235e-01 -4.180659e-01 3.640245e-01
 7.607608e-02  5.406894e-01 -5.288360e-01 5.720125e-01
 7.707708e-02  6.081600e-01 -6.026785e-01 7.330799e-01
 7.807808e-02  6.376761e-01 -6.318909e-01 8.059170e-01
 7.907908e-02  6.316009e-01 -6.118770e-01 7.733131e-01
 8.008008e-02  5.940382e-01 -5.415716e-01 6.461812e-01
 8.108108e-02  5.303863e-01 -4.236118e-01 4.607567e-01
 8.208208e-02  4.468635e-01 -2.642380e-01 2.695087e-01
 8.308308e-02  3.500434e-01 -7.292856e-02 1.278490e-01
 8.408408e-02  2.464304e-01  1.382051e-01 7.982858e-02
 8.508509e-02  1.420969e-01  3.552229e-01 1.463749e-01
 8.608609e-02  4.240126e-02  5.633019e-01 3.191069e-01
 8.708709e-02 -4.820960e-02  7.477553e-01 5.614621e-01
 8.808809e-02 -1.263105e-01  8.950528e-01 8.170738e-01
 8.908909e-02 -1.895297e-01  9.937697e-01 1.023500e+00
 9.009009e-02 -2.365140e-01  1.035397e+00 1.127986e+00
 9.109109e-02 -2.668409e-01  1.014956e+00 1.101340e+00
 9.209209e-02 -2.808961e-01  9.313759e-01 9.463638e-01
 9.309309e-02 -2.797315e-01  7.876097e-01 6.985788e-01
 9.409409e-02 -2.649183e-01  5.904800e-01 4.188484e-01
 9.509510e-02 -2.384062e-01  3.502714e-01 1.795276e-01
 9.609610e-02 -2.023975e-01  8.009688e-02 4.738027e-02
 9.709710e-02 -1.592393e-01 -2.049155e-01 6.734754e-02
 9.809810e-02 -1.113351e-01 -4.885586e-01 2.510850e-01
 9.909910e-02 -6.107370e-02 -7.545415e-01 5.730628e-01
 1.001001e-01 -1.077126e-02 -9.874788e-01 9.752305e-01
 1.011011e-01  3.737829e-02 -1.173810e+00 1.379226e+00
 1.021021e-01  8.134960e-02 -1.302590e+00 1.703357e+00
 1.031031e-01  1.193325e-01 -1.366110e+00 1.880496e+00
 1.041041e-01  1.497815e-01 -1.360309e+00 1.872875e+00
 1.051051e-01  1.714675e-01 -1.284963e+00 1.680531e+00
 1.061061e-01  1.835304e-01 -1.143640e+00 1.341596e+00
 1.071071e-01  1.855275e-01 -9.434455e-01 9.245099e-01
 1.081081e-01  1.774726e-01 -6.945686e-01 5.139221e-01
 1.091091e-01  1.598589e-01 -4.096727e-01 1.933865e-01
 1.101101e-01  1.336593e-01 -1.031686e-01 2.850858e-02
 1.111111e-01  1.003000e-01  2.095808e-01 5.398419e-02
 1.121121e-01  6.160193e-02  5.130791e-01 2.670450e-01
 1.131131e-01  1.969254e-02  7.924912e-01 6.284301e-01
 1.141141e-01 -2.311178e-02  1.034373e+00 1.070462e+00
 1.151151e-01 -6.444518e-02  1.227305e+00 1.510431e+00
 1.161161e-01 -1.020450e-01  1.362398e+00 1.866542e+00
 1.171171e-01 -1.339062e-01  1.433661e+00 2.073314e+00
 1.181181e-01 -1.584238e-01  1.438214e+00 2.093557e+00
 1.191191e-01 -1.745112e-01  1.376353e+00 1.924802e+00
 1.201201e-01 -1.816811e-01  1.251469e+00 1.599183e+00
 1.211211e-01 -1.800793e-01  1.069830e+00 1.176964e+00
 1.221221e-01 -1.704663e-01  8.402473e-01 7.350742e-01
 1.231231e-01 -1.541435e-01  5.736472e-01 3.528314e-01
 1.241241e-01 -1.328296e-01  2.825570e-01 9.748217e-02
 1.251251e-01 -1.084940e-01 -1.945952e-02 1.214962e-02
 1.261261e-01 -8.316303e-02 -3.184034e-01 1.082968e-01
 1.271271e-01 -5.871479e-02 -6.004538e-01 3.639923e-01
 1.281281e-01 -3.668336e-02 -8.525742e-01 7.282284e-01
 1.291291e-01 -1.809268e-02 -1.063087e+00 1.130482e+00
 1.301301e-01 -3.338692e-03 -1.222202e+00 1.493789e+00
 1.311311e-01  7.864442e-03 -1.322470e+00 1.748989e+00
 1.321321e-01  1.646438e-02 -1.359151e+00 1.847564e+00
 1.331331e-01  2.397314e-02 -1.330477e+00 1.770743e+00
 1.341341e-01  3.229684e-02 -1.237783e+00 1.533150e+00
 1.351351e-01  4.350449e-02 -1.085517e+00 1.180240e+00
 1.361361e-01  5.955536e-02 -8.810911e-01 7.798684e-01
 1.371371e-01  8.201001e-02 -6.345973e-01 4.094394e-01
 1.381381e-01  1.117541e-01 -3.583741e-01 1.409209e-01
 1.391391e-01  1.487647e-01 -6.644480e-02 2.654586e-02
 1.401401e-01  1.919492e-01  2.261564e-01 8.799120e-02
 1.411411e-01  2.390780e-01  5.041417e-01 3.113172e-01
 1.421421e-01  2.868311e-01  7.527751e-01 6.489425e-01
 1.431431e-01  3.309623e-01  9.586841e-01 1.028611e+00
 1.441441e-01  3.665804e-01  1.110632e+00 1.367884e+00
 1.451451e-01  3.885295e-01  1.200203e+00 1.591442e+00
 1.461461e-01  3.918438e-01  1.222355e+00 1.647694e+00
 1.471471e-01  3.722414e-01  1.175802e+00 1.521074e+00
 1.481481e-01  3.266145e-01  1.063180e+00 1.237028e+00
 1.491491e-01  2.534718e-01  8.909951e-01 8.581202e-01
 1.501502e-01  1.532878e-01  6.693298e-01 4.714995e-01
 1.511512e-01  2.871964e-02  4.113163e-01 1.700059e-01
 1.521522e-01 -1.153394e-01  1.324058e-01 3.083447e-02
 1.531532e-01 -2.718887e-01 -1.505337e-01 9.658385e-02
 1.541542e-01 -4.321363e-01 -4.202383e-01 3.633420e-01
 1.551552e-01 -5.859903e-01 -6.601244e-01 7.791489e-01
 1.561562e-01 -7.226984e-01 -8.553523e-01 1.253920e+00
 1.571572e-01 -8.315957e-01 -9.938035e-01 1.679197e+00
 1.581582e-01 -9.029059e-01 -1.066906e+00 1.953527e+00
 1.591592e-01 -9.285373e-01 -1.070242e+00 2.007600e+00
 1.601602e-01 -9.028080e-01 -1.003895e+00 1.822868e+00
 1.611612e-01 -8.230412e-01 -8.725003e-01 1.438654e+00
 1.621622e-01 -6.899744e-01 -6.849870e-01 9.452718e-01
 1.631632e-01 -5.079421e-01 -4.540277e-01 4.641463e-01
 1.641642e-01 -2.848052e-01 -1.952186e-01 1.192243e-01
 1.651652e-01 -3.161925e-02  7.395244e-02 6.468741e-03
 1.661662e-01  2.379442e-01  3.352846e-01 1.690332e-01
 1.671672e-01  5.083932e-01  5.711064e-01 5.846262e-01
 1.681682e-01  7.633764e-01  7.654967e-01 1.168729e+00
 1.691692e-01  9.867460e-01  9.053943e-01 1.793406e+00
 1.701702e-01  1.163649e+00  9.815163e-01 2.317454e+00
 1.711712e-01  1.281571e+00  9.890157e-01 2.620575e+00
 1.721722e-01  1.331246e+00  9.278271e-01 2.633078e+00
 1.731732e-01  1.307384e+00  8.026724e-01 2.353535e+00
 1.741742e-01  1.209136e+00  6.227230e-01 1.849795e+00
 1.751752e-01  1.040278e+00  4.009404e-01 1.242931e+00
 1.761762e-01  8.090768e-01  1.531418e-01 6.780577e-01
 1.771772e-01  5.278631e-01 -1.031410e-01 2.892775e-01
 1.781782e-01  2.123146e-01 -3.499273e-01 1.675266e-01
 1.791792e-01 -1.194907e-01 -5.700812e-01 3.392706e-01
 1.801802e-01 -4.481949e-01 -7.485396e-01 7.611902e-01
 1.811812e-01 -7.543786e-01 -8.733802e-01 1.331880e+00
 1.821822e-01 -1.019795e+00 -9.366517e-01 1.917299e+00
 1.831832e-01 -1.228540e+00 -9.349031e-01 2.383354e+00
 1.841842e-01 -1.368069e+00 -8.693747e-01 2.627425e+00
 1.851852e-01 -1.430012e+00 -7.458380e-01 2.601210e+00
 1.861862e-01 -1.410710e+00 -5.741003e-01 2.319695e+00
 1.871872e-01 -1.311454e+00 -3.672140e-01 1.854758e+00
 1.881882e-01 -1.138403e+00 -1.404561e-01 1.315689e+00
 1.891892e-01 -9.021930e-01  8.984322e-02 8.220241e-01
 1.901902e-01 -6.172605e-01  3.075279e-01 4.755840e-01
 1.911912e-01 -3.009261e-01  4.978060e-01 3.383674e-01
 1.921922e-01  2.769845e-02  6.483100e-01 4.210731e-01
 1.931932e-01  3.489088e-01  7.499466e-01 6.841572e-01
 1.941942e-01  6.436353e-01  7.974761e-01 1.050235e+00
 1.951952e-01  8.946196e-01  7.897810e-01 1.424098e+00
 1.961962e-01  1.087465e+00  7.298096e-01 1.715202e+00
 1.971972e-01  1.211499e+00  6.242084e-01 1.857365e+00
 1.981982e-01  1.260389e+00  4.826803e-01 1.821562e+00
 1.991992e-01  1.232490e+00  3.171263e-01 1.619600e+00
 2.002002e-01  1.130880e+00  1.406467e-01 1.298671e+00
 2.012012e-01  9.631216e-01 -3.351484e-02 9.287264e-01
 2.022022e-01  7.407308e-01 -1.929977e-01 5.859302e-01
 2.032032e-01  4.784196e-01 -3.272398e-01 3.359712e-01
 2.042042e-01  1.931461e-01 -4.282116e-01 2.206706e-01
 2.052052e-01 -9.696018e-02 -4.909162e-01 2.504000e-01
 2.062062e-01 -3.737300e-01 -5.136231e-01 4.034828e-01
 2.072072e-01 -6.200742e-01 -4.978279e-01 6.323247e-01
 2.082082e-01 -8.210217e-01 -4.479506e-01 8.747363e-01
 2.092092e-01 -9.646137e-01 -3.708096e-01 1.067979e+00
 2.102102e-01 -1.042602e+00 -2.749250e-01 1.162602e+00
 2.112112e-01 -1.050909e+00 -1.697144e-01 1.133213e+00
 2.122122e-01 -9.898338e-01 -6.465653e-02 9.839514e-01
 2.132132e-01 -8.639781e-01  3.150766e-02 7.474509e-01
 2.142142e-01 -6.819206e-01  1.114693e-01 4.774411e-01
 2.152152e-01 -4.556484e-01  1.698869e-01 2.364770e-01
 2.162162e-01 -1.997898e-01  2.037246e-01 8.141968e-02
 2.172172e-01  6.930392e-02  2.123728e-01 4.990525e-02
 2.182182e-01  3.345710e-01  1.975517e-01 1.509645e-01
 2.192192e-01  5.792820e-01  1.630153e-01 3.621416e-01
 2.202202e-01  7.880510e-01  1.140920e-01 6.340414e-01
 2.212212e-01  9.477547e-01  5.710922e-02 9.015005e-01
 2.222222e-01  1.048305e+00 -1.241983e-03 1.098945e+00
 2.232232e-01  1.083230e+00 -5.454259e-02 1.176363e+00
 2.242242e-01  1.050036e+00 -9.722612e-02 1.112028e+00
 2.252252e-01  9.503216e-01 -1.250541e-01 9.187496e-01
 2.262262e-01  7.896554e-01 -1.354490e-01 6.419022e-01
 2.272272e-01  5.772148e-01 -1.276610e-01 3.494743e-01
 2.282282e-01  3.252188e-01 -1.027610e-01 1.163271e-01
 2.292292e-01  4.818926e-02 -6.346824e-02 6.350422e-03
 2.302302e-01 -2.379115e-01 -1.383475e-02 5.679328e-02
 2.312312e-01 -5.166160e-01  4.117900e-02 2.685878e-01
 2.322322e-01 -7.719012e-01  9.619388e-02 6.050847e-01
 2.332332e-01 -9.890977e-01  1.459210e-01 9.996072e-01
 2.342342e-01 -1.155707e+00  1.856429e-01 1.370122e+00
 2.352352e-01 -1.262082e+00  2.116247e-01 1.637636e+00
 2.362362e-01 -1.301930e+00  2.214214e-01 1.744050e+00
 2.372372e-01 -1.272627e+00  2.140577e-01 1.665399e+00
 2.382382e-01 -1.175307e+00  1.900694e-01 1.417473e+00
 2.392392e-01 -1.014760e+00  1.514087e-01 1.052663e+00
 2.402402e-01 -7.991189e-01  1.012277e-01 6.488381e-01
 2.412412e-01 -5.393757e-01  4.356463e-02 2.928240e-01
 2.422422e-01 -2.487607e-01 -1.703434e-02 6.217205e-02
 2.432432e-01  5.798582e-02 -7.592148e-02 9.126427e-03
 2.442442e-01  3.654006e-01 -1.287433e-01 1.500924e-01
 2.452452e-01  6.581005e-01 -1.717913e-01 4.626085e-01
 2.462462e-01  9.215594e-01 -2.022780e-01 8.901882e-01
 2.472472e-01  1.142820e+00 -2.185175e-01 1.353788e+00
 2.482482e-01  1.311107e+00 -2.199990e-01 1.767401e+00
 2.492492e-01  1.418314e+00 -2.073528e-01 2.054611e+00
 2.502503e-01  1.459353e+00 -1.822187e-01 2.162915e+00
 2.512513e-01  1.432339e+00 -1.470342e-01 2.073215e+00
 2.522523e-01  1.338634e+00 -1.047694e-01 1.802918e+00
 2.532533e-01  1.182726e+00 -5.863519e-02 1.402279e+00
 2.542543e-01  9.719794e-01 -1.179644e-02 9.448831e-01
 2.552553e-01  7.162570e-01  3.288254e-02 5.141054e-01
 2.562563e-01  4.274422e-01  7.303733e-02 1.880413e-01
 2.572573e-01  1.188819e-01  1.069315e-01 2.556723e-02
 2.582583e-01 -1.952241e-01  1.335053e-01 5.593612e-02
 2.592593e-01 -5.004618e-01  1.523477e-01 2.736718e-01
 2.602603e-01 -7.828450e-01  1.635989e-01 6.396109e-01
 2.612613e-01 -1.029435e+00  1.678037e-01 1.087895e+00
 2.622623e-01 -1.228916e+00  1.657350e-01 1.537703e+00
 2.632633e-01 -1.372102e+00  1.582140e-01 1.907695e+00
 2.642643e-01 -1.452358e+00  1.459512e-01 2.130645e+00
 2.652653e-01 -1.465917e+00  1.294297e-01 2.165666e+00
 2.662663e-01 -1.412080e+00  1.088477e-01 2.005817e+00
 2.672673e-01 -1.293279e+00  8.412814e-02 1.679649e+00
 2.682683e-01 -1.115015e+00  5.499550e-02 1.246282e+00
 2.692693e-01 -8.856412e-01  2.111286e-02 7.848060e-01
 2.702703e-01 -6.160253e-01 -1.773948e-02 3.798018e-01
 2.712713e-01 -3.190714e-01 -6.146540e-02 1.055845e-01
 2.722723e-01 -9.136582e-03 -1.094620e-01 1.206541e-02
 2.732733e-01  2.986442e-01 -1.604645e-01 1.149372e-01
 2.742743e-01  5.890960e-01 -2.124524e-01 3.921702e-01
 2.752753e-01  8.477690e-01 -2.626398e-01 7.876919e-01
 2.762763e-01  1.061694e+00 -3.075609e-01 1.221788e+00
 2.772773e-01  1.220090e+00 -3.432561e-01 1.606444e+00
 2.782783e-01  1.314975e+00 -3.655516e-01 1.862788e+00
 2.792793e-01  1.341656e+00 -3.704129e-01 1.937248e+00
 2.802803e-01  1.299047e+00 -3.543466e-01 1.813085e+00
 2.812813e-01  1.189801e+00 -3.148143e-01 1.514733e+00
 2.822823e-01  1.020232e+00 -2.506190e-01 1.103683e+00
 2.832833e-01  8.000294e-01 -1.622222e-01 6.663631e-01
 2.842843e-01  5.417613e-01 -5.195621e-02 2.962047e-01
 2.852853e-01  2.601945e-01  7.590204e-02 7.346229e-02
 2.862863e-01 -2.853395e-02  2.152154e-01 4.713184e-02
 2.872873e-01 -3.078527e-01  3.582371e-01 2.231071e-01
 2.882883e-01 -5.617427e-01  4.960224e-01 5.615930e-01
 2.892893e-01 -7.757136e-01  6.189792e-01 9.848668e-01
 2.902903e-01 -9.377087e-01  7.175246e-01 1.394139e+00
 2.912913e-01 -1.038876e+00  7.827999e-01 1.692038e+00
 2.922923e-01 -1.074150e+00  8.073910e-01 1.805678e+00
 2.932933e-01 -1.042605e+00  7.859968e-01 1.704816e+00
 2.942943e-01 -9.475405e-01  7.159871e-01 1.410470e+00
 2.952953e-01 -7.962966e-01  5.978004e-01 9.914536e-01
 2.962963e-01 -5.997944e-01  4.351397e-01 5.490998e-01
 2.972973e-01 -3.718328e-01  2.349395e-01 1.934562e-01
 2.982983e-01 -1.281802e-01  7.094789e-03 1.648051e-02
 2.992993e-01  1.144790e-01 -2.360418e-01 6.882119e-02
 3.003003e-01  3.396753e-01 -4.803659e-01 3.461307e-01
 3.013013e-01  5.322818e-01 -7.108888e-01 7.886868e-01
 3.023023e-01  6.795623e-01 -9.127092e-01 1.294843e+00
 3.033033e-01  7.720616e-01 -1.072022e+00 1.745310e+00
 3.043043e-01  8.042734e-01 -1.177091e+00 2.032400e+00
 3.053053e-01  7.750326e-01 -1.219123e+00 2.086936e+00
 3.063063e-01  6.876013e-01 -1.192957e+00 1.895942e+00
 3.073073e-01  5.494351e-01 -1.097544e+00 1.506481e+00
 3.083083e-01  3.716450e-01 -9.361495e-01 1.014496e+00
 3.093093e-01  1.681877e-01 -7.162779e-01 5.413410e-01
 3.103103e-01 -4.515654e-02 -4.493046e-01 2.039137e-01
 3.113113e-01 -2.519477e-01 -1.498441e-01 8.593089e-02
 3.123123e-01 -4.363045e-01  1.651128e-01 2.176239e-01
 3.133133e-01 -5.840886e-01  4.772354e-01 5.689131e-01
 3.143143e-01 -6.839625e-01  7.679964e-01 1.057623e+00
 3.153153e-01 -7.282443e-01  1.019846e+00 1.570425e+00
 3.163163e-01 -7.134891e-01  1.217337e+00 1.990976e+00
 3.173173e-01 -6.407534e-01  1.348133e+00 2.228026e+00
 3.183183e-01 -5.155193e-01  1.403816e+00 2.236459e+00
 3.193193e-01 -3.472835e-01  1.380460e+00 2.026275e+00
 3.203203e-01 -1.488391e-01  1.278913e+00 1.657772e+00
 3.213213e-01  6.469294e-02  1.104779e+00 1.224722e+00
 3.223223e-01  2.770123e-01  8.680954e-01 8.303254e-01
 3.233233e-01  4.718767e-01  5.827270e-01 5.622384e-01
 3.243243e-01  6.343346e-01  2.655187e-01 4.728806e-01
 3.253253e-01  7.518577e-01 -6.474477e-02 5.694819e-01
 3.263263e-01  8.152852e-01 -3.885003e-01 8.156224e-01
 3.273273e-01  8.195084e-01 -6.866166e-01 1.143036e+00
 3.283283e-01  7.638426e-01 -9.415768e-01 1.470022e+00
 3.293293e-01  6.520601e-01 -1.138557e+00 1.721494e+00
 3.303303e-01  4.920826e-01 -1.266332e+00 1.845743e+00
 3.313313e-01  2.953611e-01 -1.317960e+00 1.824256e+00
 3.323323e-01  7.599274e-02 -1.291185e+00 1.672934e+00
 3.333333e-01 -1.503532e-01 -1.188560e+00 1.435282e+00
 3.343343e-01 -3.676149e-01 -1.017259e+00 1.169957e+00
 3.353353e-01 -5.605314e-01 -7.886045e-01 9.360925e-01
 3.363363e-01 -7.157553e-01 -5.173421e-01 7.799484e-01
 3.373373e-01 -8.228025e-01 -2.207024e-01 7.257136e-01
 3.383383e-01 -8.747670e-01  8.268518e-02 7.720542e-01
 3.393393e-01 -8.687520e-01  3.739608e-01 8.945768e-01
 3.403403e-01 -8.059897e-01  6.352089e-01 1.053110e+00
 3.413413e-01 -6.916496e-01  8.505673e-01 1.201844e+00
 3.423423e-01 -5.343583e-01  1.007202e+00 1.299994e+00
 3.433433e-01 -3.454767e-01  1.096086e+00 1.320758e+00
 3.443443e-01 -1.381984e-01  1.112534e+00 1.256831e+00
 3.453453e-01  7.345483e-02  1.056468e+00 1.121519e+00
 3.463463e-01  2.756600e-01  9.323804e-01 9.453217e-01
 3.473473e-01  4.557605e-01  7.490258e-01 7.687572e-01
 3.483483e-01  6.031044e-01  5.188336e-01 6.329233e-01
 3.493493e-01  7.096934e-01  2.571021e-01 5.697662e-01
 3.503504e-01  7.706024e-01 -1.898709e-02 5.941885e-01
 3.513514e-01  7.841490e-01 -2.914648e-01 6.998414e-01
 3.523524e-01  7.518149e-01 -5.427137e-01 8.597638e-01
 3.533534e-01  6.779384e-01 -7.565769e-01 1.032009e+00
 3.543544e-01  5.692186e-01 -9.193672e-01 1.169246e+00
 3.553554e-01  4.340814e-01 -1.020714e+00 1.230283e+00
 3.563564e-01  2.819676e-01 -1.054193e+00 1.190828e+00
 3.573574e-01  1.226056e-01 -1.017704e+00 1.050754e+00
 3.583584e-01 -3.467243e-02 -9.135745e-01 8.358206e-01
 3.593594e-01 -1.815199e-01 -7.483781e-01 5.930192e-01
 3.603604e-01 -3.110301e-01 -5.324937e-01 3.802893e-01
 3.613614e-01 -4.180325e-01 -2.794271e-01 2.528307e-01
 3.623624e-01 -4.992206e-01 -4.943695e-03 2.492456e-01
 3.633634e-01 -5.531195e-01  2.739296e-01 3.809786e-01
 3.643644e-01 -5.799134e-01  5.399695e-01 6.278666e-01
 3.653654e-01 -5.811644e-01  7.768195e-01 9.412006e-01
 3.663664e-01 -5.594622e-01  9.699836e-01 1.253866e+00
 3.673674e-01 -5.180472e-01  1.107690e+00 1.495349e+00
 3.683684e-01 -4.604455e-01  1.181569e+00 1.608116e+00
 3.693694e-01 -3.901549e-01  1.187117e+00 1.561467e+00
 3.703704e-01 -3.104050e-01  1.123903e+00 1.359508e+00
 3.713714e-01 -2.240117e-01  9.955321e-01 1.041265e+00
 3.723724e-01 -1.333274e-01  8.093618e-01 6.728427e-01
 3.733734e-01 -4.028287e-02  5.759960e-01 3.333941e-01
 3.743744e-01  5.349803e-02  3.086018e-01 9.809713e-02
 3.753754e-01  1.465340e-01  2.209137e-02 2.196024e-02
 3.763764e-01  2.373042e-01 -2.677743e-01 1.280164e-01
 3.773774e-01  3.240767e-01 -5.453012e-01 4.023790e-01
 3.783784e-01  4.047795e-01 -7.957419e-01 7.970516e-01
 3.793794e-01  4.769353e-01 -1.006088e+00 1.239680e+00
 3.803804e-01  5.376787e-01 -1.165730e+00 1.648024e+00
 3.813814e-01  5.838585e-01 -1.266954e+00 1.946062e+00
 3.823824e-01  6.122257e-01 -1.305256e+00 2.078512e+00
 3.833834e-01  6.196882e-01 -1.279461e+00 2.021033e+00
 3.843844e-01  6.036143e-01 -1.191660e+00 1.784404e+00
 3.853854e-01  5.621504e-01 -1.046974e+00 1.412168e+00
 3.863864e-01  4.945251e-01 -8.531736e-01 9.724604e-01
 3.873874e-01  4.013012e-01 -6.201855e-01 5.456728e-01
 3.883884e-01  2.845489e-01 -3.595247e-01 2.102261e-01
 3.893894e-01  1.479123e-01 -8.368221e-02 2.888076e-02
 3.903904e-01 -3.443879e-03  1.944895e-01 3.783803e-02
 3.913914e-01 -1.630168e-01  4.623683e-01 2.403589e-01
 3.923924e-01 -3.232681e-01  7.081014e-01 6.059098e-01
 3.933934e-01 -4.760339e-01  9.210762e-01 1.074990e+00
 3.943944e-01 -6.130117e-01  1.092309e+00 1.568921e+00
 3.953954e-01 -7.262945e-01  1.214744e+00 2.003106e+00
 3.963964e-01 -8.089074e-01  1.283468e+00 2.301622e+00
 3.973974e-01 -8.553100e-01  1.295838e+00 2.410751e+00
 3.983984e-01 -8.618204e-01  1.251525e+00 2.309048e+00
 3.993994e-01 -8.269302e-01  1.152492e+00 2.012052e+00
 4.004004e-01 -7.514769e-01  1.002905e+00 1.570536e+00
 4.014014e-01 -6.386647e-01  8.089730e-01 1.062330e+00
 4.024024e-01 -4.939201e-01  5.787436e-01 5.789012e-01
 4.034034e-01 -3.245961e-01  3.218335e-01 2.089395e-01
 4.044044e-01 -1.395388e-01  4.910737e-02 2.188261e-02
 4.054054e-01  5.145034e-02 -2.276960e-01 5.449263e-02
 4.064064e-01  2.382234e-01 -4.963894e-01 3.031528e-01
 4.074074e-01  4.109181e-01 -7.448052e-01 7.235885e-01
 4.084084e-01  5.605741e-01 -9.613012e-01 1.238343e+00
 4.094094e-01  6.796843e-01 -1.135283e+00 1.750839e+00
 4.104104e-01  7.626484e-01 -1.257731e+00 2.163521e+00
 4.114114e-01  8.060917e-01 -1.321697e+00 2.396666e+00
 4.124124e-01  8.090342e-01 -1.322751e+00 2.404206e+00
 4.134134e-01  7.728943e-01 -1.259344e+00 2.183313e+00
 4.144144e-01  7.013349e-01 -1.133053e+00 1.775680e+00
 4.154154e-01  5.999599e-01 -9.486826e-01 1.259951e+00
 4.164164e-01  4.758921e-01 -7.142003e-01 7.365554e-01
 4.174174e-01  3.372561e-01 -4.404911e-01 3.077741e-01
 4.184184e-01  1.926147e-01 -1.409286e-01 5.696129e-02
 4.194194e-01  5.038861e-02  1.692317e-01 3.117839e-02
 4.204204e-01 -8.168832e-02  4.736091e-01 2.309786e-01
 4.214214e-01 -1.970517e-01  7.555753e-01 6.097234e-01
 4.224224e-01 -2.906848e-01  9.992002e-01 1.082899e+00
 4.234234e-01 -3.593789e-01  1.190215e+00 1.545765e+00
 4.244244e-01 -4.018504e-01  1.316925e+00 1.895776e+00
 4.254254e-01 -4.187212e-01  1.371017e+00 2.055015e+00
 4.264264e-01 -4.123579e-01  1.348186e+00 1.987645e+00
 4.274274e-01 -3.865950e-01  1.248554e+00 1.708342e+00
 4.284284e-01 -3.463550e-01  1.076808e+00 1.279477e+00
 4.294294e-01 -2.972073e-01  8.420693e-01 7.974128e-01
 4.304304e-01 -2.448866e-01  5.574580e-01 3.707288e-01
 4.314314e-01 -1.948198e-01  2.393908e-01 9.526271e-02
 4.324324e-01 -1.516825e-01 -9.336489e-02 3.172459e-02
 4.334334e-01 -1.190323e-01 -4.208176e-01 1.912561e-01
 4.344344e-01 -9.902875e-02 -7.229969e-01 5.325312e-01
 4.354354e-01 -9.227709e-02 -9.812276e-01 9.713227e-01
 4.364364e-01 -9.779109e-02 -1.179357e+00 1.400446e+00
 4.374374e-01 -1.130936e-01 -1.304838e+00 1.715391e+00
 4.384384e-01 -1.344328e-01 -1.349601e+00 1.839496e+00
 4.394394e-01 -1.571156e-01 -1.310645e+00 1.742474e+00
 4.404404e-01 -1.759179e-01 -1.190294e+00 1.447747e+00
 4.414414e-01 -1.855609e-01 -9.961104e-01 1.026669e+00
 4.424424e-01 -1.811991e-01 -7.404482e-01 5.810967e-01
 4.434434e-01 -1.589047e-01 -4.396786e-01 2.185680e-01
 4.444444e-01 -1.160887e-01 -1.131414e-01 2.627755e-02
 4.454454e-01 -5.184663e-02  2.181229e-01 5.026567e-02
 4.464464e-01  3.282360e-02  5.327564e-01 2.849068e-01
 4.474474e-01  1.349321e-01  8.105087e-01 6.751310e-01
 4.484484e-01  2.495739e-01  1.033582e+00 1.130580e+00
 4.494494e-01  3.701494e-01  1.187829e+00 1.547948e+00
 4.504505e-01  4.887484e-01  1.263688e+00 1.835782e+00
 4.514515e-01  5.966495e-01  1.256824e+00 1.935598e+00
 4.524525e-01  6.849341e-01  1.168402e+00 1.834297e+00
 4.534535e-01  7.451439e-01  1.004989e+00 1.565242e+00
 4.544545e-01  7.699695e-01  7.780857e-01 1.198270e+00
 4.554555e-01  7.538826e-01  5.033297e-01 8.216797e-01
 4.564565e-01  6.937002e-01  1.994056e-01 5.209826e-01
 4.574575e-01  5.889917e-01 -1.132256e-01 3.597313e-01
 4.584585e-01  4.423334e-01 -4.137336e-01 3.668343e-01
 4.594595e-01  2.593326e-01 -6.823135e-01 5.328051e-01
 4.604605e-01  4.845919e-02 -9.015265e-01 8.150983e-01
 4.614615e-01 -1.793726e-01 -1.057434e+00 1.150342e+00
 4.624625e-01 -4.113921e-01 -1.140517e+00 1.470023e+00
 4.634635e-01 -6.337647e-01 -1.146242e+00 1.715527e+00
 4.644645e-01 -8.324646e-01 -1.075324e+00 1.849318e+00
 4.654655e-01 -9.942507e-01 -9.335874e-01 1.860120e+00
 4.664665e-01 -1.107587e+00 -7.315279e-01 1.761881e+00
 4.674675e-01 -1.163535e+00 -4.835098e-01 1.587595e+00
 4.684685e-01 -1.156444e+00 -2.067797e-01 1.380121e+00
 4.694695e-01 -1.084501e+00  7.976893e-02 1.182506e+00
 4.704705e-01 -9.499500e-01  3.568410e-01 1.029740e+00
 4.714715e-01 -7.591210e-01  6.060789e-01 9.435964e-01
 4.724725e-01 -5.220737e-01  8.112108e-01 9.306239e-01
 4.734735e-01 -2.520735e-01  9.591562e-01 9.835216e-01
 4.744745e-01  3.529273e-02  1.040759e+00 1.084424e+00
 4.754755e-01  3.230428e-01  1.051409e+00 1.209818e+00
 4.764765e-01  5.940083e-01  9.911570e-01 1.335238e+00
 4.774775e-01  8.318733e-01  8.647576e-01 1.439819e+00
 4.784785e-01  1.022413e+00  6.811100e-01 1.509239e+00
 4.794795e-01  1.154284e+00  4.528203e-01 1.537418e+00
 4.804805e-01  1.220021e+00  1.950375e-01 1.526490e+00
 4.814815e-01  1.216209e+00 -7.516455e-02 1.484815e+00
 4.824825e-01  1.144162e+00 -3.405018e-01 1.425048e+00
 4.834835e-01  1.009032e+00 -5.835952e-01 1.358730e+00
 4.844845e-01  8.208782e-01 -7.900296e-01 1.297988e+00
 4.854855e-01  5.883424e-01 -9.410629e-01 1.231746e+00
 4.864865e-01  3.051395e-01 -9.906177e-01 1.074433e+00
 4.874875e-01 -2.468083e-03 -9.282907e-01 8.617298e-01
 4.884885e-01 -3.006964e-01 -7.621753e-01 6.713296e-01
 4.894895e-01 -5.589108e-01 -5.106358e-01 5.731302e-01
 4.904905e-01 -7.512791e-01 -2.020144e-01 6.052301e-01
 4.914915e-01 -8.602252e-01  1.295072e-01 7.567596e-01
 4.924925e-01 -8.775592e-01  4.471696e-01 9.700709e-01
 4.934935e-01 -8.053121e-01  7.160737e-01 1.161289e+00
 4.944945e-01 -6.548401e-01  9.067357e-01 1.250985e+00
 4.954955e-01 -4.453255e-01  9.984598e-01 1.195237e+00
 4.964965e-01 -2.011694e-01  9.813850e-01 1.003586e+00
 4.974975e-01  5.083059e-02  8.575720e-01 7.380135e-01
 4.984985e-01  2.846049e-01  6.406058e-01 4.913757e-01
 4.994995e-01  4.775238e-01  3.540822e-01 3.534033e-01
 5.005005e-01  6.126780e-01  2.894695e-02 3.762122e-01
 5.015015e-01  6.802726e-01 -2.998767e-01 5.526969e-01
 5.025025e-01  6.782057e-01 -5.972622e-01 8.166851e-01
 5.035035e-01  6.116818e-01 -8.316461e-01 1.065790e+00
 5.045045e-01  4.920830e-01 -9.783210e-01 1.199258e+00
 5.055055e-01  3.352114e-01 -1.022040e+00 1.156933e+00
 5.065065e-01  1.592083e-01 -9.584681e-01 9.440083e-01
 5.075075e-01 -1.759316e-02 -7.946225e-01 6.317345e-01
 5.085085e-01 -1.786366e-01 -5.478985e-01 3.321038e-01
 5.095095e-01 -3.106620e-01 -2.443060e-01 1.561963e-01
 5.105105e-01 -4.047392e-01  8.455568e-02 1.709635e-01
 5.115115e-01 -4.565873e-01  4.045394e-01 3.721241e-01
 5.125125e-01 -4.664653e-01  6.829422e-01 6.839999e-01
 5.135135e-01 -4.383375e-01  8.912183e-01 9.864097e-01
 5.145145e-01 -3.791019e-01  1.008923e+00 1.161644e+00
 5.155155e-01 -2.969231e-01  1.023597e+00 1.135914e+00
 5.165165e-01 -2.020065e-01  9.403612e-01 9.250858e-01
 5.175175e-01 -1.100254e-01  8.038212e-01 6.582340e-01
 5.185185e-01 -2.513968e-02  6.279955e-01 3.950104e-01
 5.195195e-01  5.177626e-02  4.212478e-01 1.801305e-01
 5.205205e-01  1.204731e-01  1.947488e-01 5.244088e-02
 5.215215e-01  1.816270e-01 -4.037609e-02 3.461860e-02
 5.225225e-01  2.362243e-01 -2.725502e-01 1.300855e-01
 5.235235e-01  2.853802e-01 -4.910153e-01 3.225379e-01
 5.245245e-01  3.299043e-01 -6.858948e-01 5.792885e-01
 5.255255e-01  3.701170e-01 -8.489514e-01 8.577051e-01
 5.265265e-01  4.056213e-01 -9.736569e-01 1.112536e+00
 5.275275e-01  4.352859e-01 -1.055583e+00 1.303730e+00
 5.285285e-01  4.572668e-01 -1.092325e+00 1.402268e+00
 5.295295e-01  4.692006e-01 -1.083591e+00 1.394319e+00
 5.305305e-01  4.684409e-01 -1.030963e+00 1.282321e+00
 5.315315e-01  4.524009e-01 -9.377714e-01 1.084082e+00
 5.325325e-01  4.188935e-01 -8.087508e-01 8.295496e-01
 5.335335e-01  3.664920e-01 -6.497998e-01 5.565561e-01
 5.345345e-01  2.948235e-01 -4.676111e-01 3.055810e-01
 5.355355e-01  2.048029e-01 -2.694174e-01 1.145300e-01
 5.365365e-01  9.874547e-02 -6.266745e-02 1.367788e-02
 5.375375e-01 -1.962967e-02  1.451797e-01 2.146248e-02
 5.385385e-01 -1.453355e-01  3.468947e-01 1.414584e-01
 5.395395e-01 -2.723660e-01  5.356141e-01 3.610656e-01
 5.405405e-01 -3.940583e-01  7.050025e-01 6.523105e-01
 5.415415e-01 -5.035262e-01  8.493387e-01 9.749148e-01
 5.425425e-01 -5.941425e-01  9.636352e-01 1.281598e+00
 5.435435e-01 -6.600221e-01  1.043712e+00 1.524963e+00
 5.445445e-01 -6.964729e-01  1.086314e+00 1.665152e+00
 5.455455e-01 -7.003724e-01  1.089203e+00 1.676884e+00
 5.465465e-01 -6.704419e-01  1.051292e+00 1.554707e+00
 5.475475e-01 -6.073918e-01  9.727517e-01 1.315171e+00
 5.485485e-01 -5.139290e-01  8.551417e-01 9.953904e-01
 5.495495e-01 -3.946196e-01  7.014906e-01 6.478137e-01
 5.505506e-01 -2.556211e-01  5.163643e-01 3.319742e-01
 5.515516e-01 -1.042999e-01  3.058518e-01 1.044238e-01
 5.525526e-01  5.123457e-02  7.749734e-02 8.630819e-03
 5.535536e-01  2.026469e-01 -1.598786e-01 6.662695e-02
 5.545546e-01  3.419050e-01 -3.964371e-01 2.740614e-01
 5.555556e-01  4.617843e-01 -6.216956e-01 5.997502e-01
 5.565566e-01  5.563107e-01 -8.249775e-01 9.900694e-01
 5.575576e-01  6.211135e-01 -9.959495e-01 1.377697e+00
 5.585586e-01  6.536642e-01 -1.125192e+00 1.693334e+00
 5.595596e-01  6.533890e-01 -1.204795e+00 1.878448e+00
 5.605606e-01  6.216483e-01 -1.228911e+00 1.896669e+00
 5.615616e-01  5.615920e-01 -1.194253e+00 1.741625e+00
 5.625626e-01  4.779000e-01 -1.100464e+00 1.439409e+00
 5.635636e-01  3.764328e-01 -9.503507e-01 1.044868e+00
 5.645646e-01  2.638164e-01 -7.499234e-01 6.319842e-01
 5.655656e-01  1.469924e-01 -5.082475e-01 2.799223e-01
 5.665666e-01  3.276365e-02 -2.370806e-01 5.728065e-02
 5.675676e-01 -7.263375e-02  4.967743e-02 7.743509e-03
 5.685686e-01 -1.639061e-01  3.367140e-01 1.402416e-01
 5.695696e-01 -2.370023e-01  6.081586e-01 4.260270e-01
 5.705706e-01 -2.893210e-01  8.485269e-01 8.037046e-01
 5.715716e-01 -3.198165e-01  1.043680e+00 1.191550e+00
 5.725726e-01 -3.289970e-01  1.181747e+00 1.504765e+00
 5.735736e-01 -3.188199e-01  1.253937e+00 1.674005e+00
 5.745746e-01 -2.924923e-01  1.255187e+00 1.661046e+00
 5.755756e-01 -2.541923e-01  1.184584e+00 1.467853e+00
 5.765766e-01 -2.087285e-01  1.045542e+00 1.136725e+00
 5.775776e-01 -1.611614e-01  8.456907e-01 7.411658e-01
 5.785786e-01 -1.164101e-01  5.964977e-01 3.693608e-01
 5.795796e-01 -7.887196e-02  3.126166e-01 1.039500e-01
 5.805806e-01 -5.207661e-02  1.102321e-02 2.833485e-03
 5.815816e-01 -3.840206e-02 -2.900286e-01 8.559131e-02
 5.825826e-01 -3.886958e-02 -5.721484e-01 3.288646e-01
 5.835836e-01 -5.303620e-02 -8.179847e-01 6.719119e-01
 5.845846e-01 -7.899373e-02 -1.012346e+00 1.031085e+00
 5.855856e-01 -1.134804e-01 -1.143201e+00 1.319786e+00
 5.865866e-01 -1.521010e-01 -1.202471e+00 1.469072e+00
 5.875876e-01 -1.896472e-01 -1.186587e+00 1.443956e+00
 5.885886e-01 -2.204985e-01 -1.096736e+00 1.251450e+00
 5.895896e-01 -2.390821e-01 -9.388073e-01 9.385194e-01
 5.905906e-01 -2.403582e-01 -7.230223e-01 5.805334e-01
 5.915916e-01 -2.202994e-01 -4.632791e-01 2.631593e-01
 5.925926e-01 -1.763249e-01 -1.762486e-01 6.215406e-02
 5.935936e-01 -1.076547e-01  1.197097e-01 2.591993e-02
 5.945946e-01 -1.554853e-02  4.057483e-01 1.648735e-01
 5.955956e-01  9.659501e-02  6.637599e-01 4.499078e-01
 5.965966e-01  2.233019e-01  8.775564e-01 8.199689e-01
 5.975976e-01  3.572531e-01  1.033914e+00 1.196609e+00
 5.985986e-01  4.896801e-01  1.123423e+00 1.501865e+00
 5.995996e-01  6.109064e-01  1.141068e+00 1.675242e+00
 6.006006e-01  7.110048e-01  1.086529e+00 1.686074e+00
 6.016016e-01  7.805290e-01  9.641561e-01 1.538822e+00
 6.026026e-01  8.112666e-01  7.826370e-01 1.270674e+00
 6.036036e-01  7.969587e-01  5.543827e-01 9.424833e-01
 6.046046e-01  7.339262e-01  2.946688e-01 6.254773e-01
 6.056056e-01  6.215489e-01  2.059610e-02 3.867472e-01
 6.066066e-01  4.625502e-01 -2.500578e-01 2.764816e-01
 6.076076e-01  2.630519e-01 -5.000186e-01 3.192149e-01
 6.086086e-01  3.238144e-02 -7.136457e-01 5.103387e-01
 6.096096e-01 -2.173693e-01 -8.779392e-01 8.180267e-01
 6.106106e-01 -4.720140e-01 -9.833559e-01 1.189786e+00
 6.116116e-01 -7.161340e-01 -1.024383e+00 1.562207e+00
 6.126126e-01 -9.340744e-01 -9.998310e-01 1.872157e+00
 6.136136e-01 -1.111009e+00 -9.128403e-01 2.067619e+00
 6.146146e-01 -1.233997e+00 -7.705871e-01 2.116554e+00
 6.156156e-01 -1.292948e+00 -5.837330e-01 2.012460e+00
 6.166166e-01 -1.281427e+00 -3.656456e-01 1.775752e+00
 6.176176e-01 -1.197227e+00 -1.314531e-01 1.450632e+00
 6.186186e-01 -1.042667e+00  1.030044e-01 1.097764e+00
 6.196196e-01 -8.245777e-01  3.222497e-01 7.837732e-01
 6.206206e-01 -5.539725e-01  5.122016e-01 5.692360e-01
 6.216216e-01 -2.454201e-01  6.610927e-01 4.972746e-01
 6.226226e-01  8.384160e-02  7.602139e-01 5.849546e-01
 6.236236e-01  4.149895e-01  8.044371e-01 8.193353e-01
 6.246246e-01  7.288224e-01  7.924853e-01 1.159215e+00
 6.256256e-01  1.007003e+00  7.269354e-01 1.542490e+00
 6.266266e-01  1.233248e+00  6.139583e-01 1.897845e+00
 6.276276e-01  1.394377e+00  4.628184e-01 2.158489e+00
 6.286286e-01  1.481153e+00  2.851725e-01 2.275137e+00
 6.296296e-01  1.488843e+00  9.421678e-02 2.225529e+00
 6.306306e-01  1.417476e+00 -9.625460e-02 2.018502e+00
 6.316316e-01  1.271774e+00 -2.728142e-01 1.691837e+00
 6.326326e-01  1.060772e+00 -4.233220e-01 1.304438e+00
 6.336336e-01  7.971508e-01 -5.377402e-01 9.246139e-01
 6.346346e-01  4.963573e-01 -6.087869e-01 6.169921e-01
 6.356356e-01  1.755564e-01 -6.323863e-01 4.307325e-01
 6.366366e-01 -1.474883e-01 -6.078878e-01 3.912804e-01
 6.376376e-01 -4.555302e-01 -5.380434e-01 4.969985e-01
 6.386386e-01 -7.328722e-01 -4.287475e-01 7.209261e-01
 6.396396e-01 -9.662466e-01 -2.885629e-01 1.016901e+00
 6.406406e-01 -1.145487e+00 -1.280686e-01 1.328543e+00
 6.416416e-01 -1.263959e+00  4.092034e-02 1.599266e+00
 6.426426e-01 -1.318725e+00  2.062060e-01 1.781558e+00
 6.436436e-01 -1.310467e+00  3.560705e-01 1.844111e+00
 6.446446e-01 -1.243164e+00  4.800885e-01 1.775941e+00
 6.456456e-01 -1.123588e+00  5.698329e-01 1.587160e+00
 6.466466e-01 -9.606631e-01  6.194253e-01 1.306561e+00
 6.476476e-01 -7.647370e-01  6.258947e-01 9.765670e-01
 6.486486e-01 -5.468429e-01  5.893238e-01 6.463396e-01
 6.496496e-01 -3.179939e-01  5.127747e-01 3.640581e-01
 6.506507e-01 -8.856765e-02  4.020070e-01 1.694539e-01
 6.516517e-01  1.321853e-01  2.650086e-01 8.770253e-02
 6.526527e-01  3.364853e-01  1.113820e-01 1.256283e-01
 6.536537e-01  5.182110e-01 -4.837071e-02 2.708824e-01
 6.546547e-01  6.729375e-01 -2.036057e-01 4.943001e-01
 6.556557e-01  7.978435e-01 -3.442858e-01 7.550870e-01
 6.566567e-01  8.915174e-01 -4.616618e-01 1.007935e+00
 6.576577e-01  9.536961e-01 -5.488409e-01 1.210763e+00
 6.586587e-01  9.849768e-01 -6.012019e-01 1.331623e+00
 6.596597e-01  9.865365e-01 -6.166328e-01 1.353490e+00
 6.606607e-01  9.598909e-01 -5.955769e-01 1.276102e+00
 6.616617e-01  9.067181e-01 -5.408928e-01 1.114703e+00
 6.626627e-01  8.287601e-01 -4.575427e-01 8.961886e-01
 6.636637e-01  7.278051e-01 -3.521409e-01 6.537035e-01
 6.646647e-01  6.057466e-01 -2.324011e-01 4.209392e-01
 6.656657e-01  4.646998e-01 -1.065292e-01 2.272944e-01
 6.666667e-01  3.071563e-01  1.738922e-02 9.464736e-02
 6.676677e-01  1.361456e-01  1.319592e-01 3.594886e-02
 6.686687e-01 -4.462121e-02  2.309620e-01 5.533452e-02
 6.696697e-01 -2.306566e-01  3.097214e-01 1.491298e-01
 6.706707e-01 -4.166706e-01  3.653276e-01 3.070787e-01
 6.716717e-01 -5.966311e-01  3.967090e-01 5.133468e-01
 6.726727e-01 -7.639176e-01  4.045536e-01 7.472338e-01
 6.736737e-01 -9.115667e-01  3.910950e-01 9.839092e-01
 6.746747e-01 -1.032598e+00  3.597900e-01 1.195708e+00
 6.756757e-01 -1.120404e+00  3.149201e-01 1.354479e+00
 6.766767e-01 -1.169167e+00  2.611580e-01 1.435156e+00
 6.776777e-01 -1.174295e+00  2.031372e-01 1.420232e+00
 6.786787e-01 -1.132808e+00  1.450644e-01 1.304297e+00
 6.796797e-01 -1.043682e+00  9.040619e-02 1.097446e+00
 6.806807e-01 -9.080876e-01  4.167498e-02 8.263599e-01
 6.816817e-01 -7.295161e-01  3.269925e-04 5.321939e-01
 6.826827e-01 -5.137746e-01 -3.322409e-02 2.650682e-01
 6.836837e-01 -2.688372e-01 -5.948724e-02 7.581217e-02
 6.846847e-01 -4.557125e-03 -7.968526e-02 6.370508e-03
 6.856857e-01  2.677495e-01 -9.548456e-02 8.080711e-02
 6.866867e-01  5.358296e-01 -1.086938e-01 2.989277e-01
 6.876877e-01  7.870992e-01 -1.209657e-01 6.341579e-01
 6.886887e-01  1.009299e+00 -1.335342e-01 1.036515e+00
 6.896897e-01  1.191156e+00 -1.470141e-01 1.440466e+00
 6.906907e-01  1.323025e+00 -1.612844e-01 1.776407e+00
 6.916917e-01  1.397448e+00 -1.754685e-01 1.983651e+00
 6.926927e-01  1.409632e+00 -1.880102e-01 2.022410e+00
 6.936937e-01  1.357773e+00 -1.968417e-01 1.882293e+00
 6.946947e-01  1.243241e+00 -1.996229e-01 1.585499e+00
 6.956957e-01  1.070595e+00 -1.940293e-01 1.183820e+00
 6.966967e-01  8.474106e-01 -1.780596e-01 7.498099e-01
 6.976977e-01  5.839601e-01 -1.503300e-01 3.636085e-01
 6.986987e-01  2.927200e-01 -1.103257e-01 9.785678e-02
 6.996997e-01 -1.224270e-02 -5.858264e-02 3.581810e-03
 7.007007e-01 -3.159867e-01  3.222060e-03 9.985798e-02
 7.017017e-01 -6.034745e-01  7.228255e-02 3.694062e-01
 7.027027e-01 -8.603709e-01  1.447836e-01 7.612005e-01
 7.037037e-01 -1.073819e+00  2.161204e-01 1.199795e+00
 7.047047e-01 -1.233147e+00  2.812038e-01 1.599727e+00
 7.057057e-01 -1.330470e+00  3.348291e-01 1.882262e+00
 7.067067e-01 -1.361146e+00  3.720783e-01 1.991162e+00
 7.077077e-01 -1.324057e+00  3.887264e-01 1.904236e+00
 7.087087e-01 -1.221702e+00  3.816182e-01 1.638188e+00
 7.097097e-01 -1.060083e+00  3.489850e-01 1.245566e+00
 7.107107e-01 -8.483940e-01  2.906768e-01 8.042654e-01
 7.117117e-01 -5.985247e-01  2.082874e-01 4.016155e-01
 7.127127e-01 -3.243978e-01  1.051629e-01 1.162932e-01
 7.137137e-01 -4.118595e-02 -1.371342e-02 1.884340e-03
 7.147147e-01  2.355556e-01 -1.419525e-01 7.563696e-02
 7.157157e-01  4.907871e-01 -2.720979e-01 3.149092e-01
 7.167167e-01  7.108605e-01 -3.960488e-01 6.621772e-01
 7.177177e-01  8.843191e-01 -5.055455e-01 1.037597e+00
 7.187187e-01  1.002572e+00 -5.926856e-01 1.356426e+00
 7.197197e-01  1.060395e+00 -6.504422e-01 1.547512e+00
 7.207207e-01  1.056231e+00 -6.731500e-01 1.568755e+00
 7.217217e-01  9.922614e-01 -6.569314e-01 1.416142e+00
 7.227227e-01  8.742411e-01 -6.000337e-01 1.124338e+00
 7.237237e-01  7.111109e-01 -5.030552e-01 7.587432e-01
 7.247247e-01  5.144028e-01 -3.690418e-01 4.008021e-01
 7.257257e-01  2.974782e-01 -2.034455e-01 1.298834e-01
 7.267267e-01  7.464818e-02 -1.393740e-02 5.766602e-03
 7.277277e-01 -1.397683e-01  1.899178e-01 5.560395e-02
 7.287287e-01 -3.323830e-01  3.971167e-01 2.681801e-01
 7.297297e-01 -4.916120e-01  5.957815e-01 5.966379e-01
 7.307307e-01 -6.084231e-01  7.738081e-01 9.689577e-01
 7.317317e-01 -6.769047e-01  9.195666e-01 1.303803e+00
 7.327327e-01 -6.946169e-01  1.022615e+00 1.528234e+00
 7.337337e-01 -6.626985e-01  1.074387e+00 1.593478e+00
 7.347347e-01 -5.857230e-01  1.068814e+00 1.485434e+00
 7.357357e-01 -4.713129e-01  1.002829e+00 1.227801e+00
 7.367367e-01 -3.295404e-01  8.767324e-01 8.772565e-01
 7.377377e-01 -1.721577e-01  6.943703e-01 5.117884e-01
 7.387387e-01 -1.171330e-02  4.631103e-01 2.146083e-01
 7.397397e-01  1.393818e-01  1.936007e-01 5.690854e-02
 7.407407e-01  2.697683e-01 -1.006860e-01 8.291258e-02
 7.417417e-01  3.699661e-01 -4.041133e-01 3.001824e-01
 7.427427e-01  4.330552e-01 -6.997131e-01 6.771353e-01
 7.437437e-01  4.551581e-01 -9.701500e-01 1.148360e+00
 7.447447e-01  4.356897e-01 -1.198761e+00 1.626854e+00
 7.457457e-01  3.773571e-01 -1.370611e+00 2.020973e+00
 7.467467e-01  2.859100e-01 -1.473489e+00 2.252915e+00
 7.477477e-01  1.696614e-01 -1.498786e+00 2.275144e+00
 7.487487e-01  3.881766e-02 -1.442176e+00 2.081380e+00
 7.497497e-01 -9.533209e-02 -1.304063e+00 1.709667e+00
 7.507508e-01 -2.213042e-01 -1.089727e+00 1.236479e+00
 7.517518e-01 -3.283183e-01 -8.091764e-01 7.625595e-01
 7.527528e-01 -4.071370e-01 -4.766790e-01 3.929834e-01
 7.537538e-01 -4.507831e-01 -1.099989e-01 2.153052e-01
 7.547548e-01 -4.550814e-01  2.706138e-01 2.803310e-01
 7.557558e-01 -4.189845e-01  6.436281e-01 5.898052e-01
 7.567568e-01 -3.446583e-01  9.875513e-01 1.094047e+00
 7.577578e-01 -2.373230e-01  1.282277e+00 1.700556e+00
 7.587588e-01 -1.048620e-01  1.510367e+00 2.292206e+00
 7.597598e-01  4.277001e-02  1.658185e+00 2.751407e+00
 7.607608e-01  1.942961e-01  1.716787e+00 2.985108e+00
 7.617618e-01  3.379635e-01  1.682520e+00 2.945093e+00
 7.627628e-01  4.624274e-01  1.557274e+00 2.638941e+00
 7.637638e-01  5.576026e-01  1.348365e+00 2.129009e+00
 7.647648e-01  6.154235e-01  1.068067e+00 1.519513e+00
 7.657658e-01  6.304546e-01  7.328075e-01 9.344798e-01
 7.667668e-01  6.003087e-01  3.621021e-01 4.914885e-01
 7.677678e-01  5.258428e-01 -2.271343e-02 2.770265e-01
 7.687688e-01  4.111186e-01 -3.998514e-01 3.288997e-01
 7.697698e-01  2.631330e-01 -7.484500e-01 6.294164e-01
 7.707708e-01  9.133737e-02 -1.049862e+00 1.110553e+00
 7.717718e-01 -9.301688e-02 -1.288765e+00 1.669568e+00
 7.727728e-01 -2.776593e-01 -1.454020e+00 2.191269e+00
 7.737738e-01 -4.501521e-01 -1.539223e+00 2.571845e+00
 7.747748e-01 -5.987510e-01 -1.542921e+00 2.739107e+00
 7.757758e-01 -7.132163e-01 -1.468484e+00 2.665123e+00
 7.767768e-01 -7.855151e-01 -1.323664e+00 2.369120e+00
 7.777778e-01 -8.103705e-01 -1.119871e+00 1.910811e+00
 7.787788e-01 -7.856171e-01 -8.712438e-01 1.376260e+00
 7.797798e-01 -7.123434e-01 -5.935886e-01 8.597806e-01
 7.807808e-01 -5.948109e-01 -3.032637e-01 4.457689e-01
 7.817818e-01 -4.401594e-01 -1.610451e-02 1.939997e-01
 7.827828e-01 -2.579197e-01  2.535393e-01 1.308048e-01
 7.837838e-01 -5.937013e-02  4.935892e-01 2.471551e-01
 7.847848e-01  1.432186e-01  6.947976e-01 5.032552e-01
 7.857858e-01  3.373965e-01  8.510555e-01 8.381319e-01
 7.867868e-01  5.113504e-01  9.594452e-01 1.182014e+00
 7.877878e-01  6.546677e-01  1.020052e+00 1.469095e+00
 7.887888e-01  7.589962e-01  1.035571e+00 1.648482e+00
 7.897898e-01  8.185577e-01  1.010763e+00 1.691678e+00
 7.907908e-01  8.304826e-01  9.518090e-01 1.595642e+00
 7.917918e-01  7.949455e-01  8.656422e-01 1.381275e+00
 7.927928e-01  7.150966e-01  7.593015e-01 1.087902e+00
 7.937938e-01  5.967960e-01  6.393762e-01 7.649675e-01
 7.947948e-01  4.481738e-01  5.115767e-01 4.625704e-01
 7.957958e-01  2.790473e-01  3.804608e-01 2.226178e-01
 7.967968e-01  1.002402e-01  2.493283e-01 7.221271e-02
 7.977978e-01 -7.715044e-02  1.202771e-01 2.041877e-02
 7.987988e-01 -2.424860e-01 -5.600112e-03 5.883082e-02
 7.997998e-01 -3.862686e-01 -1.279108e-01 1.655646e-01
 8.008008e-01 -5.007268e-01 -2.465939e-01 3.115359e-01
 8.018018e-01 -5.802673e-01 -3.615330e-01 4.674163e-01
 8.028028e-01 -6.217650e-01 -4.721997e-01 6.095643e-01
 8.038038e-01 -6.246755e-01 -5.773691e-01 7.235746e-01
 8.048048e-01 -5.909669e-01 -6.749422e-01 8.047888e-01
 8.058058e-01 -5.248817e-01 -7.618963e-01 8.559868e-01
 8.068068e-01 -4.325507e-01 -8.343746e-01 8.832812e-01
 8.078078e-01 -3.214912e-01 -8.879084e-01 8.917379e-01
 8.088088e-01 -2.000281e-01 -9.177544e-01 8.822843e-01
 8.098098e-01 -7.668452e-02 -9.193180e-01 8.510261e-01
 8.108108e-01  4.041597e-02 -8.886234e-01 7.912849e-01
 8.118118e-01  1.440901e-01 -8.227871e-01 6.977405e-01
 8.128128e-01  2.285432e-01 -7.204511e-01 5.712817e-01
 8.138138e-01  2.896955e-01 -5.821323e-01 4.228015e-01
 8.148148e-01  3.253674e-01 -4.104537e-01 2.743362e-01
 8.158158e-01  3.353169e-01 -2.102289e-01 1.566336e-01
 8.168168e-01  3.211322e-01  1.161225e-02 1.032607e-01
 8.178178e-01  2.859963e-01  2.462632e-01 1.424394e-01
 8.188188e-01  2.343459e-01  4.834313e-01 2.886238e-01
 8.198198e-01  1.714571e-01  7.118597e-01 5.361418e-01
 8.208208e-01  1.029932e-01  9.199472e-01 8.569104e-01
 8.218218e-01  3.455146e-02  1.096425e+00 1.203341e+00
 8.228228e-01 -2.875590e-02  1.231046e+00 1.516302e+00
 8.238238e-01 -8.265537e-02  1.315244e+00 1.736698e+00
 8.248248e-01 -1.239770e-01  1.342705e+00 1.818227e+00
 8.258258e-01 -1.508144e-01  1.309834e+00 1.738411e+00
 8.268268e-01 -1.625737e-01  1.216062e+00 1.505237e+00
 8.278278e-01 -1.599138e-01  1.063983e+00 1.157633e+00
 8.288288e-01 -1.445908e-01  8.593142e-01 7.593273e-01
 8.298298e-01 -1.192230e-01  6.106637e-01 3.871242e-01
 8.308308e-01 -8.700362e-02  3.291372e-01 1.159009e-01
 8.318318e-01 -5.138456e-02  2.778949e-02 3.412629e-03
 8.328328e-01 -1.576206e-02 -2.790397e-01 7.811162e-02
 8.338338e-01  1.681193e-02 -5.764703e-01 3.326007e-01
 8.348348e-01  4.386970e-02 -8.498644e-01 7.241941e-01
 8.358358e-01  6.370231e-02 -1.085604e+00 1.182594e+00
 8.368368e-01  7.545822e-02 -1.271818e+00 1.623215e+00
 8.378378e-01  7.916211e-02 -1.399025e+00 1.963537e+00
 8.388388e-01  7.565693e-02 -1.460644e+00 2.139205e+00
 8.398398e-01  6.647765e-02 -1.453364e+00 2.116686e+00
 8.408408e-01  5.367062e-02 -1.377334e+00 1.899929e+00
 8.418418e-01  3.957522e-02 -1.236175e+00 1.529695e+00
 8.428428e-01  2.658708e-02 -1.036813e+00 1.075688e+00
 8.438438e-01  1.692172e-02 -7.891318e-01 6.230154e-01
 8.448448e-01  1.239744e-02 -5.054770e-01 2.556607e-01
 8.458458e-01  1.425303e-02 -2.000263e-01 4.021368e-02
 8.468468e-01  2.301357e-02  1.119366e-01 1.305942e-02
 8.478478e-01  3.841344e-02  4.148088e-01 1.735419e-01
 8.488488e-01  5.938205e-02  6.934751e-01 4.844340e-01
 8.498498e-01  8.409313e-02  9.340927e-01 8.796007e-01
 8.508509e-01  1.100755e-01  1.124813e+00 1.277322e+00
 8.518519e-01  1.343786e-01  1.256405e+00 1.596611e+00
 8.528529e-01  1.537842e-01  1.322740e+00 1.773289e+00
 8.538539e-01  1.650509e-01  1.321118e+00 1.772593e+00
 8.548549e-01  1.651794e-01  1.252416e+00 1.595829e+00
 8.558559e-01  1.516799e-01  1.121042e+00 1.279743e+00
 8.568569e-01  1.228268e-01  9.347044e-01 8.887588e-01
 8.578579e-01  7.788180e-02  7.039933e-01 5.016721e-01
 8.588589e-01  1.726909e-02  4.418124e-01 1.954964e-01
 8.598599e-01 -5.731463e-02  1.626736e-01 2.974768e-02
 8.608609e-01 -1.428678e-01 -1.180995e-01 3.435869e-02
 8.618619e-01 -2.351410e-01 -3.852192e-01 2.036851e-01
 8.628629e-01 -3.287882e-01 -6.242845e-01 4.978328e-01
 8.638639e-01 -4.176140e-01 -8.225872e-01 8.510512e-01
 8.648649e-01 -4.949098e-01 -9.698273e-01 1.185501e+00
 8.658659e-01 -5.538657e-01 -1.058694e+00 1.427600e+00
 8.668669e-01 -5.880393e-01 -1.085277e+00 1.523616e+00
 8.678679e-01 -5.918525e-01 -1.049284e+00 1.451286e+00
 8.688689e-01 -5.610854e-01 -9.540442e-01 1.225017e+00
 8.698699e-01 -4.933297e-01 -8.063013e-01 8.934959e-01
 8.708709e-01 -3.883644e-01 -6.157984e-01 5.300346e-01
 8.718719e-01 -2.484166e-01 -3.946859e-01 2.174878e-01
 8.728729e-01 -7.827638e-02 -1.567792e-01 3.070692e-02
 8.738739e-01  1.147606e-01  8.328401e-02 2.010623e-02
 8.748749e-01  3.211347e-01  3.109401e-01 1.998113e-01
 8.758759e-01  5.294502e-01  5.125907e-01 5.430667e-01
 8.768769e-01  7.270766e-01  6.764346e-01 9.862042e-01
 8.778779e-01  9.008949e-01  7.931873e-01 1.440758e+00
 8.788789e-01  1.038146e+00  8.566408e-01 1.811580e+00
 8.798799e-01  1.127327e+00  8.640284e-01 2.017411e+00
 8.808809e-01  1.159080e+00  8.161680e-01 2.009597e+00
 8.818819e-01  1.126991e+00  7.173762e-01 1.784738e+00
 8.828829e-01  1.028252e+00  5.751552e-01 1.388106e+00
 8.838839e-01  8.641114e-01  3.996753e-01 9.064289e-01
 8.848849e-01  6.400731e-01  2.030841e-01 4.509368e-01
 8.858859e-01  3.658113e-01 -1.311008e-03 1.338196e-01
 8.868869e-01  5.478473e-02 -1.999318e-01 4.297410e-02
 8.878879e-01 -2.764348e-01 -3.798318e-01 2.206884e-01
 8.888889e-01 -6.090897e-01 -5.295499e-01 6.514134e-01
 8.898899e-01 -9.233650e-01 -6.398584e-01 1.262022e+00
 8.908909e-01 -1.199647e+00 -7.043535e-01 1.935266e+00
 8.918919e-01 -1.419824e+00 -7.198489e-01 2.534082e+00
 8.928929e-01 -1.568544e+00 -6.865454e-01 2.931675e+00
 8.938939e-01 -1.634327e+00 -6.079646e-01 3.040647e+00
 8.948949e-01 -1.610457e+00 -4.906543e-01 2.834313e+00
 8.958959e-01 -1.495571e+00 -3.436840e-01 2.354850e+00
 8.968969e-01 -1.293906e+00 -1.779704e-01 1.705867e+00
 8.978979e-01 -1.015171e+00 -5.478638e-03 1.030603e+00
 8.988989e-01 -6.740382e-01  1.616412e-01 4.804553e-01
 8.998999e-01 -2.892926e-01  3.119203e-01 1.809845e-01
 9.009009e-01  1.173094e-01  4.353778e-01 2.033153e-01
 9.019019e-01  5.224008e-01  5.242091e-01 5.476977e-01
 9.029029e-01  9.024845e-01  5.733069e-01 1.143159e+00
 9.039039e-01  1.235434e+00  5.805771e-01 1.863368e+00
 9.049049e-01  1.501910e+00  5.470272e-01 2.554971e+00
 9.059059e-01  1.686584e+00  4.766242e-01 3.071736e+00
 9.069069e-01  1.779107e+00  3.759319e-01 3.306545e+00
 9.079079e-01  1.774725e+00  2.535587e-01 3.213939e+00
 9.089089e-01  1.674531e+00  1.194581e-01 2.818325e+00
 9.099099e-01  1.485325e+00 -1.586245e-02 2.206441e+00
 9.109109e-01  1.219092e+00 -1.421640e-01 1.506395e+00
 9.119119e-01  8.921614e-01 -2.502639e-01 8.585841e-01
 9.129129e-01  5.240922e-01 -3.327302e-01 3.853821e-01
 9.139139e-01  1.363739e-01 -3.844268e-01 1.663818e-01
 9.149149e-01 -2.489581e-01 -4.028684e-01 2.242831e-01
 9.159159e-01 -6.107012e-01 -3.883583e-01 5.237781e-01
 9.169169e-01 -9.297617e-01 -3.438994e-01 9.827236e-01
 9.179179e-01 -1.190246e+00 -2.748872e-01 1.492248e+00
 9.189189e-01 -1.380297e+00 -1.886095e-01 1.940795e+00
 9.199199e-01 -1.492638e+00 -9.359738e-02 2.236730e+00
 9.209209e-01 -1.524786e+00  1.122553e-03 2.324974e+00
 9.219219e-01 -1.478952e+00  8.680982e-02 2.194836e+00
 9.229229e-01 -1.361646e+00  1.557628e-01 1.878341e+00
 9.239239e-01 -1.183022e+00  2.019795e-01 1.440336e+00
 9.249249e-01 -9.560398e-01  2.216717e-01 9.631504e-01
 9.259259e-01 -6.954980e-01  2.135893e-01 5.293378e-01
 9.269269e-01 -4.170179e-01  1.791278e-01 2.059907e-01
 9.279279e-01 -1.360527e-01  1.222080e-01 3.344513e-02
 9.289289e-01  1.330164e-01  4.893874e-02 2.008837e-02
 9.299299e-01  3.776397e-01 -3.291197e-02 1.436949e-01
 9.309309e-01  5.876759e-01 -1.145932e-01 3.584946e-01
 9.319319e-01  7.557624e-01 -1.871400e-01 6.061983e-01
 9.329329e-01  8.774724e-01 -2.421714e-01 8.286048e-01
 9.339339e-01  9.512677e-01 -2.726507e-01 9.792486e-01
 9.349349e-01  9.782722e-01 -2.735447e-01 1.031843e+00
 9.359359e-01  9.618997e-01 -2.423264e-01 9.839732e-01
 9.369369e-01  9.073769e-01 -1.792763e-01 8.554728e-01
 9.379379e-01  8.212089e-01 -8.755671e-02 6.820502e-01
 9.389389e-01  7.106308e-01  2.695237e-02 5.057226e-01
 9.399399e-01  5.830865e-01  1.560439e-01 3.643396e-01
 9.409409e-01  4.457695e-01  2.897740e-01 2.826794e-01
 9.419419e-01  3.052510e-01  4.172070e-01 2.672398e-01
 9.429429e-01  1.672110e-01  5.272580e-01 3.059605e-01
 9.439439e-01  3.627801e-02  6.095682e-01 3.728895e-01
 9.449449e-01 -8.402607e-02  6.553444e-01 4.365366e-01
 9.459459e-01 -1.912490e-01  6.580975e-01 4.696684e-01
 9.469469e-01 -2.838961e-01  6.142217e-01 4.578653e-01
 9.479479e-01 -3.612667e-01  5.233687e-01 4.044284e-01
 9.489489e-01 -4.232618e-01  3.885854e-01 3.301492e-01
 9.499499e-01 -4.701873e-01  2.162043e-01 2.678204e-01
 9.509510e-01 -5.025735e-01  1.549147e-02 2.528201e-01
 9.519520e-01 -5.210270e-01 -2.019231e-01 3.122420e-01
 9.529530e-01 -5.261269e-01 -4.227919e-01 4.555626e-01
 9.539540e-01 -5.183716e-01 -6.331214e-01 6.695518e-01
 9.549550e-01 -4.981743e-01 -8.191040e-01 9.191089e-01
 9.559560e-01 -4.659036e-01 -9.680475e-01 1.154182e+00
 9.569570e-01 -4.219592e-01 -1.069235e+00 1.321314e+00
 9.579580e-01 -3.668687e-01 -1.114658e+00 1.377056e+00
 9.589590e-01 -3.013929e-01 -1.099569e+00 1.299891e+00
 9.599600e-01 -2.266227e-01 -1.022824e+00 1.097528e+00
 9.609610e-01 -1.440568e-01 -8.869887e-01 8.075013e-01
 9.619620e-01 -5.564541e-02 -6.982059e-01 4.905879e-01
 9.629630e-01  3.620393e-02 -4.658391e-01 2.183168e-01
 9.639640e-01  1.286663e-01 -2.019128e-01 5.732380e-02
 9.649650e-01  2.185821e-01  7.960417e-02 5.411496e-02
 9.659660e-01  3.025805e-01  3.636285e-01 2.237807e-01
 9.669670e-01  3.772344e-01  6.348479e-01 5.453377e-01
 9.679680e-01  4.392374e-01  8.786080e-01 9.648814e-01
 9.689690e-01  4.855903e-01  1.081745e+00 1.405971e+00
 9.699700e-01  5.137839e-01  1.233319e+00 1.785049e+00
 9.709710e-01  5.219644e-01  1.325198e+00 2.028598e+00
 9.719720e-01  5.090706e-01  1.352483e+00 2.088362e+00
 9.729730e-01  4.749332e-01  1.313723e+00 1.951430e+00
 9.739740e-01  4.203281e-01  1.210955e+00 1.643088e+00
 9.749750e-01  3.469815e-01  1.049536e+00 1.221922e+00
 9.759760e-01  2.575252e-01  8.378055e-01 7.682372e-01
 9.769770e-01  1.554045e-01  5.866009e-01 3.682512e-01
 9.779780e-01  4.474500e-02  3.086476e-01 9.726548e-02
 9.789790e-01 -6.981573e-02  1.787042e-02 5.193588e-03
 9.799800e-01 -1.833220e-01 -2.713406e-01 1.072327e-01
 9.809810e-01 -2.907104e-01 -5.448689e-01 3.813947e-01
 9.819820e-01 -3.870267e-01 -7.895790e-01 7.732247e-01
 9.829830e-01 -4.676411e-01 -9.939582e-01 1.206641e+00
 9.839840e-01 -5.284532e-01 -1.148663e+00 1.598689e+00
 9.849850e-01 -5.660803e-01 -1.246948e+00 1.875326e+00
 9.859860e-01 -5.780226e-01 -1.284959e+00 1.985229e+00
 9.869870e-01 -5.628009e-01 -1.261878e+00 1.909080e+00
 9.879880e-01 -5.200628e-01 -1.179920e+00 1.662676e+00
 9.889890e-01 -4.506534e-01 -1.044180e+00 1.293400e+00
 9.899900e-01 -3.566469e-01 -8.623407e-01 8.708285e-01
 9.909910e-01 -2.413347e-01 -6.442560e-01 4.733082e-01
 9.919920e-01 -1.091676e-01 -4.014299e-01 1.730635e-01
 9.929930e-01  3.435302e-02 -1.464168e-01 2.261802e-02
 9.939940e-01  1.828374e-01  1.078287e-01 4.505656e-02
 9.949950e-01  3.292246e-01  3.486208e-01 2.299253e-01
 9.959960e-01  4.660536e-01  5.641961e-01 5.355232e-01
 9.969970e-01  5.857855e-01  7.443187e-01 8.971549e-01
 9.979980e-01  6.811677e-01  8.808055e-01 1.239808e+00
 9.989990e-01  7.456293e-01  9.679421e-01 1.492875e+00
 1.000000e+00  7.736880e-01  1.002765e+00 1.604130e+00
