# x psi_r psi_i psi2 
 0.000000e+00 -1.505407e-12 -8.523404e-11 7.267108e-21
 1.001001e-03  1.832340e-12  8.511747e-11 7.248341e-21
 2.002002e-03 -1.541489e-12 -8.518986e-11 7.259688e-21
 3.003003e-03  1.802114e-12  8.524892e-11 7.270626e-21
 4.004004e-03 -1.607159e-12 -8.515610e-11 7.254145e-21
 5.005005e-03  1.755596e-12  8.539532e-11 7.295442e-21
 6.006006e-03 -1.703304e-12 -8.518267e-11 7.258988e-21
 7.007007e-03  1.673772e-12  8.550166e-11 7.313336e-21
 8.008008e-03 -1.812550e-12 -8.521095e-11 7.264191e-21
 9.009009e-03  1.594863e-12  8.559420e-11 7.328910e-21
 1.001001e-02 -1.829328e-12 -8.532774e-11 7.284170e-21
 1.101101e-02  1.568953e-12  8.560808e-11 7.331204e-21
 1.201201e-02 -1.836420e-12 -8.550405e-11 7.314315e-21
 1.301301e-02  1.590894e-12  8.561180e-11 7.331910e-21
 1.401401e-02 -1.783906e-12 -8.569861e-11 7.347435e-21
 1.501502e-02  1.673051e-12  8.557507e-11 7.325893e-21
 1.601602e-02 -1.742273e-12 -8.588898e-11 7.379952e-21
 1.701702e-02  1.708633e-12  8.563356e-11 7.336025e-21
 1.801802e-02 -1.667055e-12 -8.600431e-11 7.399521e-21
 1.901902e-02  1.773026e-12  8.577572e-11 7.360618e-21
 2.002002e-02 -1.667166e-12 -8.604167e-11 7.405949e-21
 2.102102e-02  1.803321e-12  8.598083e-11 7.395956e-21
 2.202202e-02 -1.673495e-12 -8.610790e-11 7.417371e-21
 2.302302e-02  1.801614e-12  8.621914e-11 7.436986e-21
 2.402402e-02 -1.705969e-12 -8.611989e-11 7.419546e-21
 2.502503e-02  1.765643e-12  8.639295e-11 7.466859e-21
 2.602603e-02 -1.744604e-12 -8.621068e-11 7.435325e-21
 2.702703e-02  1.715794e-12  8.654558e-11 7.493081e-21
 2.802803e-02 -1.840972e-12 -8.642523e-11 7.472709e-21
 2.902903e-02  1.636899e-12  8.663287e-11 7.507933e-21
 3.003003e-02 -1.857431e-12 -8.664136e-11 7.510175e-21
 3.103103e-02  1.624006e-12  8.665660e-11 7.512003e-21
 3.203203e-02 -1.871434e-12 -8.687998e-11 7.551632e-21
 3.303303e-02  1.669914e-12  8.672760e-11 7.524465e-21
 3.403403e-02 -1.796258e-12 -8.712586e-11 7.594142e-21
 3.503504e-02  1.771083e-12  8.689462e-11 7.553811e-21
 3.603604e-02 -1.705552e-12 -8.731471e-11 7.626768e-21
 3.703704e-02  1.897565e-12  8.707532e-11 7.585712e-21
 3.803804e-02 -1.604689e-12 -8.743423e-11 7.647319e-21
 3.903904e-02  2.006631e-12  8.736789e-11 7.637175e-21
 4.004004e-02 -1.568967e-12 -8.752572e-11 7.663214e-21
 4.104104e-02  2.010114e-12  8.766210e-11 7.688684e-21
 4.204204e-02 -1.621037e-12 -8.755786e-11 7.669007e-21
 4.304304e-02  1.886769e-12  8.800373e-11 7.748216e-21
 4.404404e-02 -1.754180e-12 -8.766510e-11 7.688246e-21
 4.504505e-02  1.795036e-12  8.827317e-11 7.795374e-21
 4.604605e-02 -1.930650e-12 -8.783374e-11 7.718493e-21
 4.704705e-02  1.627604e-12  8.843581e-11 7.823542e-21
 4.804805e-02 -2.006423e-12 -8.816858e-11 7.777725e-21
 4.904905e-02  1.582762e-12  8.855566e-11 7.844611e-21
 5.005005e-02 -2.066902e-12 -8.858370e-11 7.851343e-21
 5.105105e-02  1.596445e-12  8.857240e-11 7.847619e-21
 5.205205e-02 -2.018163e-12 -8.900516e-11 7.925992e-21
 5.305305e-02  1.708356e-12  8.862706e-11 7.857675e-21
 5.405405e-02 -1.917022e-12 -8.941228e-11 7.998231e-21
 5.505506e-02  1.845080e-12  8.875825e-11 7.881431e-21
 5.605606e-02 -1.739831e-12 -8.962892e-11 8.036369e-21
 5.705706e-02  1.977002e-12  8.914436e-11 7.950625e-21
 5.805806e-02 -1.649861e-12 -8.979772e-11 8.066353e-21
 5.905906e-02  2.094040e-12  8.955586e-11 8.024638e-21
 6.006006e-02 -1.565387e-12 -8.976198e-11 8.059663e-21
 6.106106e-02  2.140343e-12  9.008283e-11 8.119497e-21
 6.206206e-02 -1.617650e-12 -8.977080e-11 8.061414e-21
 6.306306e-02  2.094935e-12  9.059600e-11 8.212024e-21
 6.406406e-02 -1.729727e-12 -8.985465e-11 8.076850e-21
 6.506507e-02  1.963762e-12  9.102485e-11 8.289380e-21
 6.606607e-02 -1.886102e-12 -9.013168e-11 8.127277e-21
 6.706707e-02  1.799838e-12  9.123541e-11 8.327139e-21
 6.806807e-02 -2.079587e-12 -9.056333e-11 8.206042e-21
 6.906907e-02  1.635955e-12  9.130652e-11 8.339557e-21
 7.007007e-02 -2.226663e-12 -9.117895e-11 8.318560e-21
 7.107107e-02  1.545125e-12  9.134160e-11 8.345675e-21
 7.207207e-02 -2.280398e-12 -9.184403e-11 8.440526e-21
 7.307307e-02  1.579514e-12  9.136425e-11 8.349921e-21
 7.407407e-02 -2.181755e-12 -9.242307e-11 8.546784e-21
 7.507508e-02  1.749711e-12  9.149953e-11 8.375226e-21
 7.607608e-02 -2.023770e-12 -9.281206e-11 8.618175e-21
 7.707708e-02  1.976141e-12  9.183565e-11 8.437692e-21
 7.807808e-02 -1.776995e-12 -9.306300e-11 8.663880e-21
 7.907908e-02  2.216990e-12  9.234624e-11 8.532743e-21
 8.008008e-02 -1.609830e-12 -9.319483e-11 8.687867e-21
 8.108108e-02  2.360140e-12  9.300760e-11 8.655984e-21
 8.208208e-02 -1.539699e-12 -9.320327e-11 8.689220e-21
 8.308308e-02  2.352785e-12  9.369396e-11 8.784094e-21
 8.408408e-02 -1.589437e-12 -9.327459e-11 8.702675e-21
 8.508509e-02  2.271572e-12  9.436647e-11 8.910190e-21
 8.608609e-02 -1.775011e-12 -9.346988e-11 8.739769e-21
 8.708709e-02  2.071829e-12  9.486924e-11 9.004466e-21
 8.808809e-02 -2.030071e-12 -9.380381e-11 8.803276e-21
 8.908909e-02  1.853753e-12  9.523216e-11 9.072600e-21
 9.009009e-02 -2.252143e-12 -9.433347e-11 8.903876e-21
 9.109109e-02  1.733634e-12  9.540196e-11 9.104540e-21
 9.209209e-02 -2.374954e-12 -9.504751e-11 9.039670e-21
 9.309309e-02  1.657202e-12  9.552616e-11 9.127993e-21
 9.409409e-02 -2.391365e-12 -9.578466e-11 9.180419e-21
 9.509510e-02  1.692368e-12  9.560691e-11 9.143546e-21
 9.609610e-02 -2.287906e-12 -9.652400e-11 9.322117e-21
 9.709710e-02  1.883743e-12  9.585807e-11 9.192318e-21
 9.809810e-02 -2.106260e-12 -9.706611e-11 9.426265e-21
 9.909910e-02  2.102818e-12  9.624092e-11 9.266736e-21
 1.001001e-01 -1.906225e-12 -9.751723e-11 9.513244e-21
 1.011011e-01  2.266742e-12  9.680066e-11 9.375507e-21
 1.021021e-01 -1.818476e-12 -9.781181e-11 9.570458e-21
 1.031031e-01  2.387465e-12  9.748588e-11 9.509197e-21
 1.041041e-01 -1.775968e-12 -9.801965e-11 9.611005e-21
 1.051051e-01  2.388867e-12  9.821849e-11 9.652578e-21
 1.061061e-01 -1.876471e-12 -9.828063e-11 9.662604e-21
 1.071071e-01  2.228467e-12  9.890602e-11 9.787367e-21
 1.081081e-01 -2.073675e-12 -9.863904e-11 9.733961e-21
 1.091091e-01  2.137263e-12  9.948667e-11 9.902165e-21
 1.101101e-01 -2.255696e-12 -9.912809e-11 9.831467e-21
 1.111111e-01  1.978362e-12  1.000326e-10 1.001044e-20
 1.121121e-01 -2.360639e-12 -9.970219e-11 9.946099e-21
 1.131131e-01  1.935119e-12  1.004485e-10 1.009365e-20
 1.141141e-01 -2.390976e-12 -1.003645e-10 1.007875e-20
 1.151151e-01  1.987660e-12  1.008514e-10 1.017496e-20
 1.161161e-01 -2.308848e-12 -1.010546e-10 1.021735e-20
 1.171171e-01  2.138664e-12  1.012702e-10 1.026023e-20
 1.181181e-01 -2.172956e-12 -1.016735e-10 1.034222e-20
 1.191191e-01  2.332856e-12  1.018294e-10 1.037468e-20
 1.201201e-01 -2.049468e-12 -1.022288e-10 1.045493e-20
 1.211211e-01  2.447209e-12  1.024352e-10 1.049896e-20
 1.221221e-01 -1.966864e-12 -1.027163e-10 1.055450e-20
 1.231231e-01  2.481446e-12  1.031553e-10 1.064717e-20
 1.241241e-01 -2.016498e-12 -1.032117e-10 1.065672e-20
 1.251251e-01  2.398332e-12  1.037963e-10 1.077943e-20
 1.261261e-01 -2.188666e-12 -1.038314e-10 1.078576e-20
 1.271271e-01  2.233519e-12  1.044091e-10 1.090625e-20
 1.281281e-01 -2.419995e-12 -1.044915e-10 1.092433e-20
 1.291291e-01  2.072009e-12  1.048989e-10 1.100808e-20
 1.301301e-01 -2.592385e-12 -1.053373e-10 1.110267e-20
 1.311311e-01  1.937089e-12  1.053667e-10 1.110589e-20
 1.321321e-01 -2.682021e-12 -1.061657e-10 1.127836e-20
 1.331331e-01  1.994988e-12  1.057970e-10 1.119699e-20
 1.341341e-01 -2.572262e-12 -1.070314e-10 1.146233e-20
 1.351351e-01  2.158204e-12  1.063789e-10 1.132113e-20
 1.361361e-01 -2.379444e-12 -1.077256e-10 1.161046e-20
 1.371371e-01  2.473022e-12  1.071039e-10 1.147737e-20
 1.381381e-01 -2.077144e-12 -1.083581e-10 1.174579e-20
 1.391391e-01  2.833178e-12  1.079612e-10 1.166365e-20
 1.401401e-01 -1.776634e-12 -1.088123e-10 1.184327e-20
 1.411411e-01  3.173670e-12  1.089729e-10 1.188516e-20
 1.421421e-01 -1.486797e-12 -1.092705e-10 1.194225e-20
 1.431431e-01  3.440845e-12  1.099763e-10 1.210662e-20
 1.441441e-01 -1.291814e-12 -1.097311e-10 1.204258e-20
 1.451451e-01  3.724243e-12  1.109884e-10 1.233229e-20
 1.461461e-01 -1.004946e-12 -1.102763e-10 1.216186e-20
 1.471471e-01  4.047984e-12  1.120080e-10 1.256218e-20
 1.481481e-01 -5.942746e-13 -1.107661e-10 1.226948e-20
 1.491491e-01  4.667017e-12  1.131721e-10 1.282971e-20
 1.501502e-01  1.065259e-13 -1.109636e-10 1.231294e-20
 1.511512e-01  5.644318e-12  1.149301e-10 1.324079e-20
 1.521522e-01  1.220302e-12 -1.103707e-10 1.218318e-20
 1.531532e-01  6.929984e-12  1.177937e-10 1.392338e-20
 1.541542e-01  2.655154e-12 -1.082974e-10 1.173538e-20
 1.551552e-01  8.382767e-12  1.226275e-10 1.510778e-20
 1.561562e-01  3.814921e-12 -1.037996e-10 1.078892e-20
 1.571572e-01  9.071896e-12  1.304967e-10 1.711169e-20
 1.581582e-01  3.521183e-12 -9.571058e-11 9.172914e-21
 1.591592e-01  7.361889e-12  1.426036e-10 2.038999e-20
 1.601602e-01 -5.394574e-13 -8.284050e-11 6.862839e-21
 1.611612e-01  1.492695e-13  1.600848e-10 2.562716e-20
 1.621622e-01 -1.215889e-11 -6.423131e-11 4.273500e-21
 1.631632e-01 -1.735884e-11  1.833705e-10 3.392608e-20
 1.641642e-01 -3.757480e-11 -4.014866e-11 3.023781e-21
 1.651652e-01 -5.283715e-11  2.112907e-10 4.743553e-20
 1.661662e-01 -8.585943e-11 -1.327488e-11 7.548064e-21
 1.671672e-01 -1.169528e-10  2.389743e-10 7.078666e-20
 1.681682e-01 -1.694815e-10  8.594736e-12 2.879786e-20
 1.691692e-01 -2.239140e-10  2.547829e-10 1.150518e-19
 1.701702e-01 -3.039159e-10  8.743728e-12 9.244131e-20
 1.711712e-01 -3.897684e-10  2.356134e-10 2.074330e-19
 1.721722e-01 -5.050538e-10 -4.397455e-11 2.570131e-19
 1.731732e-01 -6.288212e-10  1.403871e-10 4.151247e-19
 1.741742e-01 -7.832079e-10 -2.022847e-10 6.543338e-19
 1.751752e-01 -9.445030e-10 -9.724496e-11 9.015426e-19
 1.761762e-01 -1.131183e-09 -5.480769e-10 1.579962e-18
 1.771772e-01 -1.313761e-09 -5.761446e-10 2.057910e-18
 1.781782e-01 -1.503375e-09 -1.197995e-09 3.695328e-18
 1.791792e-01 -1.660324e-09 -1.430405e-09 4.802734e-18
 1.801802e-01 -1.783147e-09 -2.301780e-09 8.477802e-18
 1.811812e-01 -1.815587e-09 -2.821577e-09 1.125765e-17
 1.821822e-01 -1.736501e-09 -4.025665e-09 1.922141e-17
 1.831832e-01 -1.465513e-09 -4.909231e-09 2.624827e-17
 1.841842e-01 -9.537888e-10 -6.506373e-09 4.324261e-17
 1.851852e-01 -8.897788e-11 -7.784671e-09 6.060902e-17
 1.861862e-01  1.212299e-09 -9.759268e-09 9.671299e-17
 1.871872e-01  3.099235e-09 -1.134782e-08 1.383782e-16
 1.881882e-01  5.691390e-09 -1.351913e-08 2.151589e-16
 1.891892e-01  9.171348e-09 -1.510698e-08 3.123344e-16
 1.901902e-01  1.368408e-08 -1.699444e-08 4.760651e-16
 1.911912e-01  1.942477e-08 -1.788585e-08 6.972253e-16
 1.921922e-01  2.652975e-08 -1.852832e-08 1.047126e-15
 1.931932e-01  3.515626e-08 -1.744301e-08 1.540221e-15
 1.941942e-01  4.536092e-08 -1.518744e-08 2.288272e-15
 1.951952e-01  5.716704e-08 -1.004919e-08 3.369057e-15
 1.961962e-01  7.042678e-08 -2.355799e-09 4.965482e-15
 1.971972e-01  8.487292e-08  9.862035e-09 7.300673e-15
 1.981982e-01  9.996182e-08  2.650226e-08 1.069474e-14
 1.991992e-01  1.149088e-07  4.974734e-08 1.567884e-14
 2.002002e-01  1.285141e-07  7.962163e-08 2.285547e-14
 2.012012e-01  1.391864e-07  1.183504e-07 3.337968e-14
 2.022022e-01  1.447620e-07  1.658224e-07 4.845312e-14
 2.032032e-01  1.425328e-07  2.239320e-07 7.046117e-14
 2.042042e-01  1.290814e-07  2.919251e-07 1.018823e-13
 2.052052e-01  1.003461e-07  3.707057e-07 1.474921e-13
 2.062062e-01  5.151378e-08  4.580481e-07 2.124617e-13
 2.072072e-01 -2.282437e-08  5.528593e-07 3.061744e-13
 2.082082e-01 -1.286572e-07  6.502561e-07 4.393857e-13
 2.092092e-01 -2.722320e-07  7.457995e-07 6.303272e-13
 2.102102e-01 -4.598285e-07  8.304700e-07 9.011227e-13
 2.112112e-01 -6.971781e-07  8.949341e-07 1.286964e-12
 2.122122e-01 -9.889323e-07  9.245074e-07 1.832701e-12
 2.132132e-01 -1.337729e-06  9.035821e-07 2.605980e-12
 2.142142e-01 -1.743277e-06  8.107466e-07 3.696324e-12
 2.152152e-01 -2.201013e-06  6.235917e-07 5.233324e-12
 2.162162e-01 -2.700790e-06  3.142510e-07 7.393019e-12
 2.172172e-01 -3.225169e-06 -1.451002e-07 1.042277e-11
 2.182182e-01 -3.747832e-06 -7.859316e-07 1.466393e-11
 2.192192e-01 -4.231730e-06 -1.636780e-06 2.058659e-11
 2.202202e-01 -4.627569e-06 -2.725771e-06 2.884423e-11
 2.212212e-01 -4.872315e-06 -4.072580e-06 4.032537e-11
 2.222222e-01 -4.888405e-06 -5.689464e-06 5.626650e-11
 2.232232e-01 -4.583452e-06 -7.571539e-06 7.833623e-11
 2.242242e-01 -3.851213e-06 -9.696258e-06 1.088493e-10
 2.252252e-01 -2.573693e-06 -1.201217e-05 1.509162e-10
 2.262262e-01 -6.252147e-07 -1.443732e-05 2.088272e-10
 2.272272e-01  2.121628e-06 -1.684735e-05 2.883344e-10
 2.282282e-01  5.787330e-06 -1.907412e-05 3.973154e-10
 2.292292e-01  1.047431e-05 -2.089510e-05 5.463162e-10
 2.302302e-01  1.625254e-05 -2.203467e-05 7.496718e-10
 2.312312e-01  2.314249e-05 -2.215787e-05 1.026546e-09
 2.322322e-01  3.109494e-05 -2.087824e-05 1.402796e-09
 2.332332e-01  3.996879e-05 -1.776021e-05 1.912929e-09
 2.342342e-01  4.950712e-05 -1.233825e-05 2.603187e-09
 2.352352e-01  5.931319e-05 -4.132896e-06 3.535135e-09
 2.362362e-01  6.882777e-05  7.313897e-06 4.790755e-09
 2.372372e-01  7.731044e-05  2.240473e-05 6.478876e-09
 2.382382e-01  8.382714e-05  4.143192e-05 8.743594e-09
 2.392392e-01  8.724781e-05  6.452391e-05 1.177552e-08
 2.402402e-01  8.625720e-05  9.157188e-05 1.582571e-08
 2.412412e-01  7.938336e-05  1.221607e-04 2.122496e-08
 2.422422e-01  6.504727e-05  1.554855e-04 2.840690e-08
 2.432432e-01  4.163772e-05  1.902804e-04 3.794031e-08
 2.442442e-01  7.614090e-06  2.247433e-04 5.056751e-08
 2.452452e-01 -3.836061e-05  2.564881e-04 6.725766e-08
 2.462462e-01 -9.725682e-05  2.825089e-04 8.927017e-08
 2.472472e-01 -1.694870e-04  2.991916e-04 1.182414e-07
 2.482482e-01 -2.546913e-04  3.023595e-04 1.562889e-07
 2.492492e-01 -3.515080e-04  2.873895e-04 2.061506e-07
 2.502503e-01 -4.573421e-04  2.493846e-04 2.713544e-07
 2.512513e-01 -5.681471e-04  1.834366e-04 3.564402e-07
 2.522523e-01 -6.782431e-04  8.496124e-05 4.672322e-07
 2.532533e-01 -7.801938e-04 -4.986882e-05 6.111892e-07
 2.542543e-01 -8.647732e-04 -2.236220e-04 7.978394e-07
 2.552553e-01 -9.210515e-04 -4.370243e-04 1.039326e-06
 2.562563e-01 -9.366324e-04 -6.883406e-04 1.351093e-06
 2.572573e-01 -8.980699e-04 -9.727284e-04 1.752730e-06
 2.582583e-01 -7.914916e-04 -1.281632e-03 2.269039e-06
 2.592593e-01 -6.034437e-04 -1.602245e-03 2.931334e-06
 2.602603e-01 -3.219619e-04 -1.917138e-03 3.779077e-06
 2.612613e-01  6.214181e-05 -2.204087e-03 4.861862e-06
 2.622623e-01  5.538099e-04 -2.436225e-03 6.241896e-06
 2.632633e-01  1.152143e-03 -2.582550e-03 7.996998e-06
 2.642643e-01  1.848759e-03 -2.608909e-03 1.022432e-05
 2.652653e-01  2.626217e-03 -2.479478e-03 1.304483e-05
 2.662663e-01  3.456646e-03 -2.158804e-03 1.660884e-05
 2.672673e-01  4.300738e-03 -1.614400e-03 2.110264e-05
 2.682683e-01  5.107291e-03 -8.198701e-04 2.675661e-05
 2.692693e-01  5.813485e-03  2.415396e-04 3.385495e-05
 2.702703e-01  6.346087e-03  1.573087e-03 4.274743e-05
 2.712713e-01  6.623750e-03  3.160607e-03 5.386350e-05
 2.722723e-01  6.560530e-03  4.968767e-03 6.772920e-05
 2.732733e-01  6.070703e-03  6.937858e-03 8.498730e-05
 2.742743e-01  5.074865e-03  8.981488e-03 1.064214e-04
 2.752753e-01  3.507205e-03  1.098562e-02 1.329844e-04
 2.762763e-01  1.323703e-03  1.280937e-02 1.658322e-04
 2.772773e-01 -1.489098e-03  1.428799e-02 2.063641e-04
 2.782783e-01 -4.905284e-03  1.523834e-02 2.562689e-04
 2.792793e-01 -8.851375e-03  1.546720e-02 3.175811e-04
 2.802803e-01 -1.319952e-02  1.478232e-02 3.927444e-04
 2.812813e-01 -1.776295e-02  1.300636e-02 4.846879e-04
 2.822823e-01 -2.229466e-02  9.993060e-03 5.969131e-04
 2.832833e-01 -2.649012e-02  5.645273e-03 7.335957e-04
 2.842843e-01 -2.999498e-02 -6.624116e-05 8.997031e-04
 2.852853e-01 -3.241821e-02 -7.084420e-03 1.101129e-03
 2.862863e-01 -3.335125e-02 -1.524945e-02 1.344852e-03
 2.872873e-01 -3.239289e-02 -2.428594e-02 1.639106e-03
 2.882883e-01 -2.917961e-02 -3.379561e-02 1.993593e-03
 2.892893e-01 -2.342017e-02 -4.325740e-02 2.419707e-03
 2.902903e-01 -1.493288e-02 -5.203658e-02 2.930797e-03
 2.912913e-01 -3.683377e-03 -5.940452e-02 3.542464e-03
 2.922923e-01  1.018010e-02 -6.456979e-02 4.272892e-03
 2.932933e-01  2.629688e-02 -6.672102e-02 5.143221e-03
 2.942943e-01  4.407338e-02 -6.508071e-02 6.177961e-03
 2.952953e-01  6.267527e-02 -5.896837e-02 7.405459e-03
 2.962963e-01  8.103606e-02 -4.787025e-02 8.858404e-03
 2.972973e-01  9.788475e-02 -3.151154e-02 1.057440e-02
 2.982983e-01  1.117947e-01 -9.926164e-03 1.259658e-02
 2.992993e-01  1.212545e-01  1.648181e-02 1.497430e-02
 3.003003e-01  1.247598e-01  4.689178e-02 1.776385e-02
 3.013013e-01  1.209239e-01  8.004182e-02 2.102928e-02
 3.023023e-01  1.086015e-01  1.142321e-01 2.484326e-02
 3.033033e-01  8.701970e-02  1.473620e-01 2.928797e-02
 3.043043e-01  5.590689e-02  1.770045e-01 3.445616e-02
 3.053053e-01  1.560893e-02  2.005205e-01 4.045212e-02
 3.063063e-01 -3.281847e-02  2.152109e-01 4.739280e-02
 3.073073e-01 -8.755353e-02  2.185025e-01 5.540898e-02
 3.083083e-01 -1.459996e-01  2.081600e-01 6.464646e-02
 3.093093e-01 -2.048336e-01  1.825115e-01 7.526727e-02
 3.103103e-01 -2.601186e-01  1.406740e-01 8.745090e-02
 3.113113e-01 -3.074843e-01  8.275868e-02 1.013956e-01
 3.123123e-01 -3.423724e-01  1.003816e-02 1.173197e-01
 3.133133e-01 -3.603411e-01 -7.494518e-02 1.354625e-01
 3.143143e-01 -3.574137e-01 -1.683496e-01 1.560861e-01
 3.153153e-01 -3.304520e-01 -2.650988e-01 1.794759e-01
 3.163163e-01 -2.775303e-01 -3.590528e-01 2.059420e-01
 3.173173e-01 -1.982779e-01 -4.432896e-01 2.358198e-01
 3.183183e-01 -9.415956e-02 -5.104951e-01 2.694713e-01
 3.193193e-01  3.133980e-02 -5.534463e-01 3.072850e-01
 3.203203e-01  1.726574e-01 -5.655674e-01 3.496770e-01
 3.213213e-01  3.222467e-01 -5.415234e-01 3.970905e-01
 3.223223e-01  4.708411e-01 -4.778124e-01 4.499961e-01
 3.233233e-01  6.078928e-01 -3.733059e-01 5.088909e-01
 3.243243e-01  7.221786e-01 -2.296872e-01 5.742982e-01
 3.253253e-01  8.025516e-01 -5.173573e-02 6.467656e-01
 3.263263e-01  8.387971e-01  1.525890e-01 7.268640e-01
 3.273273e-01  8.225427e-01  3.723016e-01 8.151849e-01
 3.283283e-01  7.481530e-01  5.938058e-01 9.123382e-01
 3.293293e-01  6.135370e-01  8.015742e-01 1.018949e+00
 3.303303e-01  4.207864e-01  9.790770e-01 1.135653e+00
 3.313313e-01  1.765713e-01  1.109917e+00 1.263094e+00
 3.323323e-01 -1.077750e-01  1.179111e+00 1.401917e+00
 3.333333e-01 -4.165324e-01  1.174422e+00 1.552766e+00
 3.343343e-01 -7.302552e-01  1.087658e+00 1.716273e+00
 3.353353e-01 -1.026819e+00  9.158043e-01 1.893055e+00
 3.363363e-01 -1.282815e+00  6.618882e-01 2.083709e+00
 3.373373e-01 -1.475216e+00  3.354648e-01 2.288799e+00
 3.383383e-01 -1.583227e+00 -4.736462e-02 2.508852e+00
 3.393393e-01 -1.590164e+00 -4.644615e-01 2.744347e+00
 3.403403e-01 -1.485231e+00 -8.887072e-01 2.995711e+00
 3.413413e-01 -1.265016e+00 -1.289588e+00 3.263304e+00
 3.423423e-01 -9.345653e-01 -1.635237e+00 3.547414e+00
 3.433433e-01 -5.078767e-01 -1.894811e+00 3.848247e+00
 3.443443e-01 -7.719507e-03 -2.041044e+00 4.165919e+00
 3.453453e-01  5.352862e-01 -2.052782e+00 4.500445e+00
 3.463463e-01  1.084333e+00 -1.917278e+00 4.851732e+00
 3.473473e-01  1.598767e+00 -1.632028e+00 5.219572e+00
 3.483483e-01  2.036991e+00 -1.205945e+00 5.603635e+00
 3.493493e-01  2.359714e+00 -6.597023e-01 6.003458e+00
 3.503504e-01  2.533341e+00 -2.512831e-02 6.418446e+00
 3.513514e-01  2.533185e+00  6.563802e-01 6.847862e+00
 3.523524e-01  2.346248e+00  1.336394e+00 7.290829e+00
 3.533534e-01  1.973252e+00  1.962804e+00 7.746323e+00
 3.543544e-01  1.429710e+00  2.483768e+00 8.213174e+00
 3.553554e-01  7.458297e-01  2.851983e+00 8.690069e+00
 3.563564e-01 -3.482740e-02  3.028917e+00 9.175552e+00
 3.573574e-01 -8.579265e-01  2.988643e+00 9.668028e+00
 3.583584e-01 -1.662061e+00  2.720905e+00 1.016577e+01
 3.593594e-01 -2.383339e+00  2.233075e+00 1.066693e+01
 3.603604e-01 -2.960522e+00  1.550760e+00 1.116955e+01
 3.613614e-01 -3.340304e+00  7.168754e-01 1.167154e+01
 3.623624e-01 -3.482286e+00 -2.108218e-01 1.217076e+01
 3.633634e-01 -3.363164e+00 -1.163656e+00 1.266496e+01
 3.643644e-01 -2.979721e+00 -2.067152e+00 1.315185e+01
 3.653654e-01 -2.350265e+00 -2.846988e+00 1.362909e+01
 3.663664e-01 -1.514281e+00 -3.435294e+00 1.409429e+01
 3.673674e-01 -5.302127e-01 -3.776767e+00 1.454509e+01
 3.683684e-01  5.285345e-01 -3.834029e+00 1.497913e+01
 3.693694e-01  1.579133e+00 -3.591713e+00 1.539407e+01
 3.703704e-01  2.535989e+00 -3.058821e+00 1.578763e+01
 3.713714e-01  3.317985e+00 -2.269051e+00 1.615761e+01
 3.723724e-01  3.855670e+00 -1.278953e+00 1.650191e+01
 3.733734e-01  4.097761e+00 -1.639684e-01 1.681853e+01
 3.743744e-01  4.016300e+00  9.873945e-01 1.710561e+01
 3.753754e-01  3.609950e+00  2.080796e+00 1.736145e+01
 3.763764e-01  2.905034e+00  3.024116e+00 1.758450e+01
 3.773774e-01  1.954126e+00  3.735614e+00 1.777342e+01
 3.783784e-01  8.322142e-01  4.151440e+00 1.792704e+01
 3.793794e-01 -3.692848e-01  4.231790e+00 1.804442e+01
 3.803804e-01 -1.550206e+00  3.965059e+00 1.812483e+01
 3.813814e-01 -2.610336e+00  3.369559e+00 1.816778e+01
 3.823824e-01 -3.458357e+00  2.492541e+00 1.817299e+01
 3.833834e-01 -4.020210e+00  1.406539e+00 1.814044e+01
 3.843844e-01 -4.246056e+00  2.033033e-01 1.807033e+01
 3.853854e-01 -4.115159e+00 -1.014177e+00 1.796308e+01
 3.863864e-01 -3.638156e+00 -2.140841e+00 1.781938e+01
 3.873874e-01 -2.856464e+00 -3.079076e+00 1.764010e+01
 3.883884e-01 -1.838792e+00 -3.747690e+00 1.742634e+01
 3.893894e-01 -6.750601e-01 -4.089462e+00 1.717940e+01
 3.903904e-01  5.317381e-01 -4.076523e+00 1.690078e+01
 3.913914e-01  1.674984e+00 -3.713026e+00 1.659213e+01
 3.923924e-01  2.654287e+00 -3.034805e+00 1.625528e+01
 3.933934e-01  3.384797e+00 -2.106022e+00 1.589218e+01
 3.943944e-01  3.805063e+00 -1.013115e+00 1.550490e+01
 3.953954e-01  3.882664e+00  1.433895e-01 1.509564e+01
 3.963964e-01  3.617052e+00  1.258404e+00 1.466665e+01
 3.973974e-01  3.039316e+00  2.232217e+00 1.422024e+01
 3.983984e-01  2.208901e+00  2.979853e+00 1.375877e+01
 3.993994e-01  1.207600e+00  3.438941e+00 1.328462e+01
 4.004004e-01  1.314336e-01  3.575316e+00 1.280016e+01
 4.014014e-01 -9.187683e-01  3.385795e+00 1.230774e+01
 4.024024e-01 -1.847125e+00  2.897897e+00 1.180968e+01
 4.034034e-01 -2.571828e+00  2.166548e+00 1.130823e+01
 4.044044e-01 -3.032723e+00  1.268134e+00 1.080557e+01
 4.054054e-01 -3.196595e+00  2.925646e-01 1.030381e+01
 4.064064e-01 -3.059669e+00 -6.658511e-01 9.804935e+00
 4.074074e-01 -2.647128e+00 -1.517742e+00 9.310827e+00
 4.084084e-01 -2.009733e+00 -2.187287e+00 8.823250e+00
 4.094094e-01 -1.217986e+00 -2.619226e+00 8.343834e+00
 4.104104e-01 -3.544687e-01 -2.783599e+00 7.874074e+00
 4.114114e-01  4.947947e-01 -2.677779e+00 7.415323e+00
 4.124124e-01  1.249036e+00 -2.325661e+00 6.968791e+00
 4.134134e-01  1.840597e+00 -1.774188e+00 6.535541e+00
 4.144144e-01  2.221152e+00 -1.087647e+00 6.116491e+00
 4.154154e-01  2.365699e+00 -3.404186e-01 5.712418e+00
 4.164164e-01  2.273996e+00  3.910199e-01 5.323955e+00
 4.174174e-01  1.969366e+00  1.035953e+00 4.951599e+00
 4.184184e-01  1.495124e+00  1.536334e+00 4.595718e+00
 4.194194e-01  9.090898e-01  1.852055e+00 4.256553e+00
 4.204204e-01  2.768589e-01  1.964071e+00 3.934227e+00
 4.214214e-01 -3.353993e-01  1.875170e+00 3.628754e+00
 4.224224e-01 -8.678171e-01  1.608397e+00 3.340046e+00
 4.234234e-01 -1.272662e+00  1.203433e+00 3.067920e+00
 4.244244e-01 -1.518550e+00  7.114185e-01 2.812111e+00
 4.254254e-01 -1.592674e+00  1.888565e-01 2.572277e+00
 4.264264e-01 -1.500909e+00 -3.086750e-01 2.348009e+00
 4.274274e-01 -1.265917e+00 -7.323214e-01 2.138841e+00
 4.284284e-01 -9.235624e-01 -1.044649e+00 1.944259e+00
 4.294294e-01 -5.181451e-01 -1.222797e+00 1.763706e+00
 4.304304e-01 -9.704969e-02 -1.259832e+00 1.596596e+00
 4.314314e-01  2.945657e-01 -1.164280e+00 1.442316e+00
 4.324324e-01  6.184508e-01 -9.579956e-01 1.300237e+00
 4.334334e-01  8.468389e-01 -6.727433e-01 1.169720e+00
 4.344344e-01  9.645961e-01 -3.459375e-01 1.050118e+00
 4.354354e-01  9.698088e-01 -1.610049e-02 9.407884e-01
 4.364364e-01  8.728581e-01  2.814402e-01 8.410898e-01
 4.374374e-01  6.942036e-01  5.181453e-01 7.503933e-01
 4.384384e-01  4.612287e-01  6.747978e-01 6.680840e-01
 4.394394e-01  2.045805e-01  7.427735e-01 5.935657e-01
 4.404404e-01 -4.553507e-02  7.240093e-01 5.262630e-01
 4.414414e-01 -2.626757e-01  6.297816e-01 4.656233e-01
 4.424424e-01 -4.267545e-01  4.785375e-01 4.111176e-01
 4.434434e-01 -5.256658e-01  2.931146e-01 3.622408e-01
 4.444444e-01 -5.558447e-01  9.772302e-02 3.185131e-01
 4.454454e-01 -5.217923e-01 -8.493523e-02 2.794812e-01
 4.464464e-01 -4.347208e-01 -2.360878e-01 2.447196e-01
 4.474474e-01 -3.105599e-01 -3.426149e-01 2.138325e-01
 4.484484e-01 -1.676211e-01 -3.979395e-01 1.864527e-01
 4.494494e-01 -2.422995e-02 -4.020623e-01 1.622412e-01
 4.504505e-01  1.033905e-01 -3.608246e-01 1.408840e-01
 4.514515e-01  2.027606e-01 -2.845660e-01 1.220897e-01
 4.524525e-01  2.661624e-01 -1.864004e-01 1.055875e-01
 4.534535e-01  2.909809e-01 -8.035791e-02 9.112730e-02
 4.544545e-01  2.794018e-01  2.037074e-02 7.848033e-02
 4.554555e-01  2.375711e-01  1.048855e-01 6.744097e-02
 4.564565e-01  1.743814e-01  1.655837e-01 5.782684e-02
 4.574575e-01  1.000737e-01  1.986509e-01 4.947694e-02
 4.584585e-01  2.484580e-02  2.040351e-01 4.224764e-02
 4.594595e-01 -4.236131e-02  1.849690e-01 3.600803e-02
 4.604605e-01 -9.477333e-02  1.471532e-01 3.063605e-02
 4.614615e-01 -1.283127e-01  9.774193e-02 2.601763e-02
 4.624625e-01 -1.417306e-01  4.428141e-02 2.204840e-02
 4.634635e-01 -1.363744e-01 -6.261146e-03 1.863719e-02
 4.644645e-01 -1.156663e-01 -4.826924e-02 1.570861e-02
 4.654655e-01 -8.439483e-02 -7.797698e-02 1.320290e-02
 4.664665e-01 -4.793392e-02 -9.367192e-02 1.107209e-02
 4.674675e-01 -1.149629e-02 -9.561215e-02 9.273848e-03
 4.684685e-01  2.048842e-02 -8.570917e-02 7.765838e-03
 4.694695e-01  4.480934e-02 -6.704582e-02 6.503019e-03
 4.704705e-01  5.969408e-02 -4.331652e-02 5.439703e-03
 4.714715e-01  6.481491e-02 -1.826913e-02 4.534734e-03
 4.724725e-01  6.111099e-02  4.776158e-03 3.757364e-03
 4.734735e-01  5.047603e-02  2.328407e-02 3.089977e-03
 4.744745e-01  3.537138e-02  3.570403e-02 2.525912e-03
 4.754755e-01  1.842558e-02  4.151519e-02 2.063013e-03
 4.764765e-01  2.074253e-03  4.112679e-02 1.695715e-03
 4.774775e-01 -1.171897e-02  3.567662e-02 1.410155e-03
 4.784785e-01 -2.163677e-02  2.675973e-02 1.184233e-03
 4.794795e-01 -2.707135e-02  1.614639e-02 9.935638e-04
 4.804805e-01 -2.808602e-02  5.512882e-03 8.192165e-04
 4.814815e-01 -2.529654e-02 -3.759439e-03 6.540481e-04
 4.824825e-01 -1.970098e-02 -1.072964e-02 5.032539e-04
 4.834835e-01 -1.248909e-02 -1.493139e-02 3.789235e-04
 4.844845e-01 -4.858344e-03 -1.638600e-02 2.921044e-04
 4.854855e-01  2.127906e-03 -1.537676e-02 2.409728e-04
 4.864865e-01  7.566242e-03 -1.197623e-02 2.006780e-04
 4.874875e-01  1.079193e-02 -7.078789e-03 1.665750e-04
 4.884885e-01  1.161184e-02 -1.797280e-03 1.380651e-04
 4.894895e-01  1.028822e-02  2.893313e-03 1.142187e-04
 4.904905e-01  7.413974e-03  6.273352e-03 9.432196e-05
 4.914915e-01  3.755340e-03  7.979838e-03 7.778039e-05
 4.924925e-01  8.655864e-05  8.001438e-03 6.403050e-05
 4.934935e-01 -2.948156e-03  6.628346e-03 5.262659e-05
 4.944945e-01 -4.927501e-03  4.344832e-03 4.315783e-05
 4.954955e-01 -5.689846e-03  1.713698e-03 3.531111e-05
 4.964965e-01 -5.317670e-03 -7.405453e-04 2.882602e-05
 4.974975e-01 -4.080394e-03 -2.616364e-03 2.349497e-05
 4.984985e-01 -2.353609e-03 -3.687516e-03 1.913725e-05
 4.994995e-01 -5.328972e-04 -3.911021e-03 1.558007e-05
 5.005005e-01  1.040783e-03 -3.403638e-03 1.266798e-05
 5.015015e-01  2.132825e-03 -2.390914e-03 1.026541e-05
 5.025025e-01  2.638151e-03 -1.147839e-03 8.277379e-06
 5.035035e-01  2.576750e-03  6.083165e-05 6.643341e-06
 5.045045e-01  2.067186e-03  1.025781e-03 5.325484e-06
 5.055055e-01  1.286916e-03  1.621511e-03 4.285450e-06
 5.065065e-01  4.290631e-04  1.812673e-03 3.469880e-06
 5.075075e-01 -3.358009e-04  1.644011e-03 2.815533e-06
 5.085085e-01 -8.866293e-04  1.216227e-03 2.265321e-06
 5.095095e-01 -1.164870e-03  6.573149e-04 1.788985e-06
 5.105105e-01 -1.173367e-03  9.326887e-05 1.385489e-06
 5.115115e-01 -9.643350e-04 -3.740145e-04 1.069829e-06
 5.125125e-01 -6.201521e-04 -6.810827e-04 8.484622e-07
 5.135135e-01 -2.326060e-04 -8.060542e-04 7.038290e-07
 5.145145e-01  1.164875e-04 -7.647294e-04 5.983804e-07
 5.155155e-01  3.677711e-04 -5.985285e-04 4.934919e-07
 5.165165e-01  4.954866e-04 -3.650066e-04 3.787368e-07
 5.175175e-01  5.190072e-04 -1.319548e-04 2.867805e-07
 5.185185e-01  4.614909e-04  6.375339e-05 2.170384e-07
 5.195195e-01  3.503083e-04  2.027587e-04 1.638270e-07
 5.205205e-01  2.148886e-04  2.779010e-04 1.234061e-07
 5.215215e-01  8.104798e-05  2.936104e-04 9.277584e-08
 5.225225e-01 -3.162966e-05  2.618761e-04 6.957951e-08
 5.235235e-01 -1.115305e-04  1.991265e-04 5.209041e-08
 5.245245e-01 -1.547098e-04  1.223335e-04 3.890060e-08
 5.255255e-01 -1.637855e-04  4.660295e-05 2.899754e-08
 5.265265e-01 -1.458720e-04 -1.693497e-05 2.156545e-08
 5.275275e-01 -1.104759e-04 -6.164417e-05 1.600494e-08
 5.285285e-01 -6.739706e-05 -8.551008e-05 1.185434e-08
 5.295295e-01 -2.519075e-05 -9.013563e-05 8.759006e-09
 5.305305e-01  9.887708e-06 -7.976926e-05 6.460901e-09
 5.315315e-01  3.425343e-05 -5.983251e-05 4.753226e-09
 5.325325e-01  4.691085e-05 -3.592569e-05 3.491284e-09
 5.335335e-01  4.893637e-05 -1.277012e-05 2.557844e-09
 5.345345e-01  4.280416e-05  6.184867e-06 1.870449e-09
 5.355355e-01  3.162301e-05  1.910271e-05 1.364928e-09
 5.365365e-01  1.849548e-05  2.552408e-05 9.935615e-10
 5.375375e-01  6.013140e-06  2.619258e-05 7.222093e-10
 5.385385e-01 -4.013732e-06  2.252169e-05 5.233366e-10
 5.395395e-01 -1.065242e-05  1.629067e-05 3.788602e-10
 5.405405e-01 -1.375876e-05  9.169219e-06 2.733781e-10
 5.415415e-01 -1.379997e-05  2.565347e-06 1.970202e-10
 5.425425e-01 -1.160943e-05 -2.618445e-06 1.416350e-10
 5.435435e-01 -8.159372e-06 -5.915632e-06 1.015701e-10
 5.445445e-01 -4.358978e-06 -7.332801e-06 7.277066e-11
 5.455455e-01 -9.273258e-07 -7.145654e-06 5.192030e-11
 5.465465e-01  1.677981e-06 -5.852479e-06 3.706713e-11
 5.475475e-01  3.260759e-06 -3.961510e-06 2.632612e-11
 5.485485e-01  3.850717e-06 -1.970632e-06 1.871141e-11
 5.495495e-01  3.632531e-06 -2.228916e-07 1.324496e-11
 5.505506e-01  2.875028e-06  1.045690e-06 9.359250e-12
 5.515516e-01  1.859599e-06  1.775766e-06 6.611451e-12
 5.525526e-01  8.319079e-07  1.987045e-06 4.640420e-12
 5.535536e-01 -3.200352e-08  1.808599e-06 3.272054e-12
 5.545546e-01 -6.335746e-07  1.371675e-06 2.282908e-12
 5.555556e-01 -9.484312e-07  8.391357e-07 1.603670e-12
 5.565566e-01 -1.007341e-06  3.177305e-07 1.115688e-12
 5.575576e-01 -8.767405e-07 -9.482162e-08 7.776651e-13
 5.585586e-01 -6.353155e-07 -3.717588e-07 5.418303e-13
 5.595596e-01 -3.582924e-07 -4.949130e-07 3.733123e-13
 5.605606e-01 -1.040179e-07 -5.002555e-07 2.610753e-13
 5.615616e-01  8.996557e-08 -4.120463e-07 1.778760e-13
 5.625626e-01  2.084930e-07 -2.844241e-07 1.243664e-13
 5.635636e-01  2.536861e-07 -1.418237e-07 8.447058e-14
 5.645646e-01  2.404072e-07 -2.359313e-08 5.835224e-14
 5.655656e-01  1.888627e-07  6.639116e-08 4.007690e-14
 5.665666e-01  1.202618e-07  1.117982e-07 2.696173e-14
 5.675676e-01  5.193004e-08  1.274174e-07 1.893191e-14
 5.685686e-01 -3.861207e-09  1.110946e-07 1.235693e-14
 5.695696e-01 -4.123592e-08  8.430306e-08 8.807407e-15
 5.705706e-01 -5.916077e-08  4.689483e-08 5.699121e-15
 5.715716e-01 -6.072423e-08  1.706058e-08 3.978496e-15
 5.725726e-01 -5.074201e-08 -1.008955e-08 2.676551e-15
 5.735736e-01 -3.484999e-08 -2.280341e-08 1.734517e-15
 5.745746e-01 -1.774152e-08 -3.091156e-08 1.270286e-15
 5.755756e-01 -3.043543e-09 -2.710116e-08 7.437361e-16
 5.765766e-01  7.421345e-09 -2.309620e-08 5.885107e-16
 5.775776e-01  1.301851e-08 -1.271507e-08 3.311548e-16
 5.785786e-01  1.438936e-08 -6.795050e-09 2.532264e-16
 5.795796e-01  1.259666e-08  1.704277e-09 1.615804e-16
 5.805806e-01  9.090428e-09  3.822694e-09 9.724887e-17
 5.815816e-01  5.032283e-09  7.662295e-09 8.403464e-17
 5.825826e-01  1.427670e-09  5.687986e-09 3.439143e-17
 5.835836e-01 -1.250254e-09  6.325254e-09 4.157198e-17
 5.845846e-01 -2.756489e-09  2.599744e-09 1.435690e-17
 5.855856e-01 -3.247054e-09  2.542049e-09 1.700537e-17
 5.865866e-01 -2.930630e-09 -8.082405e-10 9.241846e-18
 5.875876e-01 -2.181500e-09 -7.969503e-11 4.765293e-18
 5.885886e-01 -1.256047e-09 -2.301799e-09 6.875932e-18
 5.895896e-01 -4.254843e-10 -6.496716e-10 6.031100e-19
 5.905906e-01  2.117269e-10 -2.054390e-09 4.265345e-18
 5.915916e-01  5.722380e-10 -1.395223e-11 3.276509e-19
 5.925926e-01  7.060448e-10 -1.192873e-09 1.921445e-18
 5.935936e-01  6.445455e-10  7.338570e-10 9.539850e-19
 5.945946e-01  4.875530e-10 -5.753377e-10 5.687214e-19
 5.955956e-01  2.823852e-10  1.058249e-09 1.199632e-18
 5.965966e-01  1.016945e-10 -4.198668e-10 1.866299e-19
 5.975976e-01 -4.055981e-11  9.913978e-10 9.845147e-19
 5.985986e-01 -1.183345e-10 -5.367491e-10 3.021026e-19
 5.995996e-01 -1.489165e-10  7.878036e-10 6.428106e-19
 6.006006e-01 -1.349188e-10 -6.796834e-10 4.801726e-19
 6.016016e-01 -1.018933e-10  6.388567e-10 4.185202e-19
 6.026026e-01 -5.808276e-11 -7.310450e-10 5.378004e-19
 6.036036e-01 -2.027067e-11  5.905918e-10 3.492096e-19
 6.046046e-01  8.812950e-12 -6.998658e-10 4.898899e-19
 6.056056e-01  2.486922e-11  6.000049e-10 3.606244e-19
 6.066066e-01  2.982303e-11 -6.421197e-10 4.132072e-19
 6.076076e-01  2.745160e-11  6.140728e-10 3.778390e-19
 6.086086e-01  1.922373e-11 -5.976544e-10 3.575603e-19
 6.096096e-01  1.167455e-11  6.092906e-10 3.713714e-19
 6.106106e-01  2.678358e-12 -5.747345e-10 3.303269e-19
 6.116116e-01 -1.074474e-12  5.886631e-10 3.465254e-19
 6.126126e-01 -5.839551e-12 -5.634657e-10 3.175277e-19
 6.136136e-01 -4.397704e-12  5.641365e-10 3.182693e-19
 6.146146e-01 -5.963230e-12 -5.530729e-10 3.059252e-19
 6.156156e-01 -1.862954e-12  5.433174e-10 2.951973e-19
 6.166166e-01 -2.946088e-12 -5.392870e-10 2.908391e-19
 6.176176e-01  1.323830e-12  5.273114e-10 2.780591e-19
 6.186186e-01 -9.655610e-13 -5.231222e-10 2.736578e-19
 6.196196e-01  2.686851e-12  5.137717e-10 2.639686e-19
 6.206206e-01 -8.396339e-13 -5.070961e-10 2.571472e-19
 6.216216e-01  2.386119e-12  5.005788e-10 2.505848e-19
 6.226226e-01 -1.769807e-12 -4.925386e-10 2.425974e-19
 6.236236e-01  1.728506e-12  4.870868e-10 2.372566e-19
 6.246246e-01 -2.520206e-12 -4.794367e-10 2.298659e-19
 6.256256e-01  1.409761e-12  4.735273e-10 2.242301e-19
 6.266266e-01 -2.800538e-12 -4.672470e-10 2.183276e-19
 6.276276e-01  1.618150e-12  4.605514e-10 2.121102e-19
 6.286286e-01 -2.617073e-12 -4.553978e-10 2.073940e-19
 6.296296e-01  2.095768e-12  4.483131e-10 2.009890e-19
 6.306306e-01 -2.276790e-12 -4.437222e-10 1.968945e-19
 6.316316e-01  2.538997e-12  4.369334e-10 1.909172e-19
 6.326326e-01 -2.028044e-12 -4.323102e-10 1.868962e-19
 6.336336e-01  2.857881e-12  4.261430e-10 1.816060e-19
 6.346346e-01 -1.992351e-12 -4.212955e-10 1.774939e-19
 6.356356e-01  2.948419e-12  4.158588e-10 1.729472e-19
 6.366366e-01 -2.055467e-12 -4.106794e-10 1.686618e-19
 6.376376e-01  2.932543e-12  4.059590e-10 1.648113e-19
 6.386386e-01 -2.243927e-12 -4.005518e-10 1.604467e-19
 6.396396e-01  2.784190e-12  3.963628e-10 1.571112e-19
 6.406406e-01 -2.505773e-12 -3.908954e-10 1.528055e-19
 6.416416e-01  2.629008e-12  3.870089e-10 1.497828e-19
 6.426426e-01 -2.756018e-12 -3.817680e-10 1.457544e-19
 6.436436e-01  2.487566e-12  3.779409e-10 1.428455e-19
 6.446446e-01 -2.903899e-12 -3.730078e-10 1.391433e-19
 6.456456e-01  2.419842e-12  3.691603e-10 1.362852e-19
 6.466466e-01 -3.019918e-12 -3.646661e-10 1.329905e-19
 6.476476e-01  2.404910e-12  3.606715e-10 1.300897e-19
 6.486486e-01 -2.961964e-12 -3.566201e-10 1.271866e-19
 6.496496e-01  2.530087e-12  3.525180e-10 1.242754e-19
 6.506507e-01 -2.928990e-12 -3.488261e-10 1.216882e-19
 6.516517e-01  2.673195e-12  3.446863e-10 1.188158e-19
 6.526527e-01 -2.802203e-12 -3.412779e-10 1.164785e-19
 6.536537e-01  2.798650e-12  3.372127e-10 1.137202e-19
 6.546547e-01 -2.706724e-12 -3.339626e-10 1.115383e-19
 6.556557e-01  2.888134e-12  3.300118e-10 1.089161e-19
 6.566567e-01 -2.613243e-12 -3.268437e-10 1.068336e-19
 6.576577e-01  2.975398e-12  3.231557e-10 1.044385e-19
 6.586587e-01 -2.611411e-12 -3.199139e-10 1.023517e-19
 6.596597e-01  2.945033e-12  3.165210e-10 1.001942e-19
 6.606607e-01 -2.635003e-12 -3.132463e-10 9.813020e-20
 6.616617e-01  2.928102e-12  3.101939e-10 9.622881e-20
 6.626627e-01 -2.725153e-12 -3.068146e-10 9.414261e-20
 6.636637e-01  2.836398e-12  3.039993e-10 9.242360e-20
 6.646647e-01 -2.797762e-12 -3.006183e-10 9.037920e-20
 6.656657e-01  2.780443e-12  2.980050e-10 8.881468e-20
 6.666667e-01 -2.882583e-12 -2.946738e-10 8.684098e-20
 6.676677e-01  2.705391e-12  2.921592e-10 8.536431e-20
 6.686687e-01 -2.921774e-12 -2.889606e-10 8.350678e-20
 6.696697e-01  2.651657e-12  2.864442e-10 8.205731e-20
 6.706707e-01 -2.922385e-12 -2.834946e-10 8.037771e-20
 6.716717e-01  2.684075e-12  2.808815e-10 7.890164e-20
 6.726727e-01 -2.894129e-12 -2.782241e-10 7.741703e-20
 6.736737e-01  2.691847e-12  2.755647e-10 7.594314e-20
 6.746747e-01 -2.839284e-12 -2.730773e-10 7.457929e-20
 6.756757e-01  2.742029e-12  2.703539e-10 7.309876e-20
 6.766767e-01 -2.778000e-12 -2.680807e-10 7.187496e-20
 6.776777e-01  2.777112e-12  2.654050e-10 7.044754e-20
 6.786787e-01 -2.723377e-12 -2.632086e-10 6.928617e-20
 6.796797e-01  2.789324e-12  2.606282e-10 6.793483e-20
 6.806807e-01 -2.735867e-12 -2.584408e-10 6.679914e-20
 6.816817e-01  2.785078e-12  2.560373e-10 6.556286e-20
 6.826827e-01 -2.728123e-12 -2.538350e-10 6.443963e-20
 6.836837e-01  2.710498e-12  2.515589e-10 6.328922e-20
 6.846847e-01 -2.751743e-12 -2.493279e-10 6.217195e-20
 6.856857e-01  2.684353e-12  2.472453e-10 6.113744e-20
 6.866867e-01 -2.781442e-12 -2.450120e-10 6.003863e-20
 6.876877e-01  2.638945e-12  2.429891e-10 5.905067e-20
 6.886887e-01 -2.776612e-12 -2.408602e-10 5.802136e-20
 6.896897e-01  2.653766e-12  2.388728e-10 5.706724e-20
 6.906907e-01 -2.738171e-12 -2.368234e-10 5.609282e-20
 6.916917e-01  2.650907e-12  2.348263e-10 5.515040e-20
 6.926927e-01 -2.657249e-12 -2.329585e-10 5.427674e-20
 6.936937e-01  2.697620e-12  2.309767e-10 5.335750e-20
 6.946947e-01 -2.624623e-12 -2.291711e-10 5.252629e-20
 6.956957e-01  2.746470e-12  2.271907e-10 5.162316e-20
 6.966967e-01 -2.545852e-12 -2.254619e-10 5.083954e-20
 6.976977e-01  2.790101e-12  2.235174e-10 4.996780e-20
 6.986987e-01 -2.509659e-12 -2.218411e-10 4.921979e-20
 6.996997e-01  2.760681e-12  2.200868e-10 4.844584e-20
 7.007007e-01 -2.490452e-12 -2.182394e-10 4.763463e-20
 7.017017e-01  2.733702e-12  2.166856e-10 4.696010e-20
 7.027027e-01 -2.516931e-12 -2.148139e-10 4.615137e-20
 7.037037e-01  2.606193e-12  2.133821e-10 4.553871e-20
 7.047047e-01 -2.564867e-12 -2.114637e-10 4.472349e-20
 7.057057e-01  2.509104e-12  2.101950e-10 4.418822e-20
 7.067067e-01 -2.649880e-12 -2.082203e-10 4.336273e-20
 7.077077e-01  2.421063e-12  2.070195e-10 4.286294e-20
 7.087087e-01 -2.752687e-12 -2.051760e-10 4.210476e-20
 7.097097e-01  2.306599e-12  2.038655e-10 4.156648e-20
 7.107107e-01 -2.828626e-12 -2.022353e-10 4.090712e-20
 7.117117e-01  2.266409e-12  2.007341e-10 4.029931e-20
 7.127127e-01 -2.781997e-12 -1.994784e-10 3.979939e-20
 7.137137e-01  2.279177e-12  1.976637e-10 3.907612e-20
 7.147147e-01 -2.667644e-12 -1.967622e-10 3.872246e-20
 7.157157e-01  2.382150e-12  1.947171e-10 3.792044e-20
 7.167167e-01 -2.511179e-12 -1.940483e-10 3.766106e-20
 7.177177e-01  2.585598e-12  1.919187e-10 3.683947e-20
 7.187187e-01 -2.279177e-12 -1.912890e-10 3.659667e-20
 7.197197e-01  2.719602e-12  1.893292e-10 3.585295e-20
 7.207207e-01 -2.097897e-12 -1.884672e-10 3.552428e-20
 7.217217e-01  2.854675e-12  1.869171e-10 3.494614e-20
 7.227227e-01 -2.038758e-12 -1.856454e-10 3.446837e-20
 7.237237e-01  2.864764e-12  1.846341e-10 3.409797e-20
 7.247247e-01 -2.072190e-12 -1.828499e-10 3.343837e-20
 7.257257e-01  2.710068e-12  1.824071e-10 3.327971e-20
 7.267267e-01 -2.226441e-12 -1.802484e-10 3.249445e-20
 7.277277e-01  2.429112e-12  1.801276e-10 3.245187e-20
 7.287287e-01 -2.481376e-12 -1.778420e-10 3.163392e-20
 7.297297e-01  2.139025e-12  1.776974e-10 3.158096e-20
 7.307307e-01 -2.773962e-12 -1.756783e-10 3.087056e-20
 7.317317e-01  1.871860e-12  1.751485e-10 3.068050e-20
 7.327327e-01 -2.926383e-12 -1.737143e-10 3.018522e-20
 7.337337e-01  1.767322e-12  1.725315e-10 2.977025e-20
 7.347347e-01 -2.925965e-12 -1.718806e-10 2.955150e-20
 7.357357e-01  1.837197e-12  1.699928e-10 2.890094e-20
 7.367367e-01 -2.748801e-12 -1.700600e-10 2.892796e-20
 7.377377e-01  2.083500e-12  1.676391e-10 2.810721e-20
 7.387387e-01 -2.389283e-12 -1.680413e-10 2.824357e-20
 7.397397e-01  2.460337e-12  1.655725e-10 2.742030e-20
 7.407407e-01 -1.969813e-12 -1.659133e-10 2.753111e-20
 7.417417e-01  2.766579e-12  1.637593e-10 2.682475e-20
 7.427427e-01 -1.656827e-12 -1.635971e-10 2.676674e-20
 7.437437e-01  3.000253e-12  1.622406e-10 2.633100e-20
 7.447447e-01 -1.516402e-12 -1.611682e-10 2.597748e-20
 7.457457e-01  2.982198e-12  1.607955e-10 2.586407e-20
 7.467467e-01 -1.627670e-12 -1.588081e-10 2.522265e-20
 7.477477e-01  2.722184e-12  1.593087e-10 2.538666e-20
 7.487487e-01 -1.988382e-12 -1.566403e-10 2.454013e-20
 7.497497e-01  2.263884e-12  1.576228e-10 2.485008e-20
 7.507508e-01 -2.482764e-12 -1.548401e-10 2.398162e-20
 7.517518e-01  1.774358e-12  1.556822e-10 2.424009e-20
 7.527528e-01 -2.895767e-12 -1.533878e-10 2.353621e-20
 7.537538e-01  1.409040e-12  1.535324e-10 2.357418e-20
 7.547548e-01 -3.087725e-12 -1.521463e-10 2.315804e-20
 7.557558e-01  1.322442e-12  1.512847e-10 2.288879e-20
 7.567568e-01 -2.997991e-12 -1.510320e-10 2.281966e-20
 7.577578e-01  1.480829e-12  1.491081e-10 2.223541e-20
 7.587588e-01 -2.695177e-12 -1.497963e-10 2.244621e-20
 7.597598e-01  1.905809e-12  1.471959e-10 2.167027e-20
 7.607608e-01 -2.219280e-12 -1.483271e-10 2.200584e-20
 7.617618e-01  2.360001e-12  1.456235e-10 2.121178e-20
 7.627628e-01 -1.714573e-12 -1.465552e-10 2.148138e-20
 7.637638e-01  2.725931e-12  1.443460e-10 2.084318e-20
 7.647648e-01 -1.425804e-12 -1.446707e-10 2.093166e-20
 7.657658e-01  2.941036e-12  1.433423e-10 2.055568e-20
 7.667668e-01 -1.343009e-12 -1.426158e-10 2.034106e-20
 7.677678e-01  2.868112e-12  1.423401e-10 2.026893e-20
 7.687688e-01 -1.486124e-12 -1.407238e-10 1.980540e-20
 7.697698e-01  2.545408e-12  1.412515e-10 1.995847e-20
 7.707708e-01 -1.899148e-12 -1.390512e-10 1.933885e-20
 7.717718e-01  2.097933e-12  1.399894e-10 1.960144e-20
 7.727728e-01 -2.272127e-12 -1.376465e-10 1.895172e-20
 7.737738e-01  1.740275e-12  1.384699e-10 1.917693e-20
 7.747748e-01 -2.589651e-12 -1.365426e-10 1.865059e-20
 7.757758e-01  1.441347e-12  1.367784e-10 1.871040e-20
 7.767768e-01 -2.738199e-12 -1.355357e-10 1.837742e-20
 7.777778e-01  1.409373e-12  1.350451e-10 1.823916e-20
 7.787788e-01 -2.628189e-12 -1.346408e-10 1.813505e-20
 7.797798e-01  1.527882e-12  1.334118e-10 1.780105e-20
 7.807808e-01 -2.439493e-12 -1.336974e-10 1.788094e-20
 7.817818e-01  1.793510e-12  1.319443e-10 1.741251e-20
 7.827828e-01 -2.152778e-12 -1.325596e-10 1.757669e-20
 7.837838e-01  2.053357e-12  1.307152e-10 1.709068e-20
 7.847848e-01 -1.821931e-12 -1.312690e-10 1.723487e-20
 7.857858e-01  2.332246e-12  1.296241e-10 1.680785e-20
 7.867868e-01 -1.646960e-12 -1.298532e-10 1.686456e-20
 7.877878e-01  2.423284e-12  1.286811e-10 1.656469e-20
 7.887888e-01 -1.607298e-12 -1.284629e-10 1.650530e-20
 7.897898e-01  2.374587e-12  1.277782e-10 1.633292e-20
 7.907908e-01 -1.645642e-12 -1.270398e-10 1.614181e-20
 7.917918e-01  2.276845e-12  1.268663e-10 1.610024e-20
 7.927928e-01 -1.759315e-12 -1.258141e-10 1.583229e-20
 7.937938e-01  2.141842e-12  1.258207e-10 1.583545e-20
 7.947948e-01 -1.898481e-12 -1.246624e-10 1.554432e-20
 7.957958e-01  1.975864e-12  1.247675e-10 1.557083e-20
 7.967968e-01 -2.023381e-12 -1.236073e-10 1.528287e-20
 7.977978e-01  1.878164e-12  1.236466e-10 1.529201e-20
 7.987988e-01 -2.080308e-12 -1.226617e-10 1.505022e-20
 7.997998e-01  1.785294e-12  1.225353e-10 1.501809e-20
 8.008008e-01 -2.142096e-12 -1.217371e-10 1.482450e-20
 8.018018e-01  1.706163e-12  1.214694e-10 1.475772e-20
 8.028028e-01 -2.123302e-12 -1.208318e-10 1.460483e-20
 8.038038e-01  1.711409e-12  1.203643e-10 1.449049e-20
 8.048048e-01 -2.127853e-12 -1.199405e-10 1.439025e-20
 8.058058e-01  1.713740e-12  1.192927e-10 1.423368e-20
 8.068068e-01 -2.098877e-12 -1.191059e-10 1.419061e-20
 8.078078e-01  1.771361e-12  1.182255e-10 1.398040e-20
 8.088088e-01 -2.040423e-12 -1.182231e-10 1.398086e-20
 8.098098e-01  1.816991e-12  1.172739e-10 1.375646e-20
 8.108108e-01 -1.929262e-12 -1.173633e-10 1.377788e-20
 8.118118e-01  1.947706e-12  1.163253e-10 1.353536e-20
 8.128128e-01 -1.801226e-12 -1.164856e-10 1.357214e-20
 8.138138e-01  2.067624e-12  1.154465e-10 1.333217e-20
 8.148148e-01 -1.699529e-12 -1.155756e-10 1.336062e-20
 8.158158e-01  2.127076e-12  1.147319e-10 1.316792e-20
 8.168168e-01 -1.624922e-12 -1.145764e-10 1.313039e-20
 8.178178e-01  2.177425e-12  1.140332e-10 1.300831e-20
 8.188188e-01 -1.581346e-12 -1.135089e-10 1.288678e-20
 8.198198e-01  2.104178e-12  1.133659e-10 1.285626e-20
 8.208208e-01 -1.656106e-12 -1.124974e-10 1.265841e-20
 8.218218e-01  1.972658e-12  1.127174e-10 1.270911e-20
 8.228228e-01 -1.820544e-12 -1.115943e-10 1.245661e-20
 8.238238e-01  1.770251e-12  1.120097e-10 1.254930e-20
 8.248248e-01 -1.979195e-12 -1.108222e-10 1.228547e-20
 8.258258e-01  1.603717e-12  1.111803e-10 1.236364e-20
 8.268268e-01 -2.129519e-12 -1.101391e-10 1.213515e-20
 8.278278e-01  1.524170e-12  1.102737e-10 1.216261e-20
 8.288288e-01 -2.193273e-12 -1.095897e-10 1.201471e-20
 8.298298e-01  1.487727e-12  1.093047e-10 1.194974e-20
 8.308308e-01 -2.096979e-12 -1.090756e-10 1.190189e-20
 8.318318e-01  1.641381e-12  1.083353e-10 1.173923e-20
 8.328328e-01 -1.924488e-12 -1.085289e-10 1.178223e-20
 8.338338e-01  1.757594e-12  1.074447e-10 1.154746e-20
 8.348348e-01 -1.773720e-12 -1.079425e-10 1.165472e-20
 8.358358e-01  1.924405e-12  1.067341e-10 1.139588e-20
 8.368368e-01 -1.600053e-12 -1.072206e-10 1.149882e-20
 8.378378e-01  2.067041e-12  1.061481e-10 1.127170e-20
 8.388388e-01 -1.520339e-12 -1.064143e-10 1.132631e-20
 8.398398e-01  2.060310e-12  1.056796e-10 1.117242e-20
 8.408408e-01 -1.514899e-12 -1.055331e-10 1.113953e-20
 8.418418e-01  1.985689e-12  1.052186e-10 1.107490e-20
 8.428428e-01 -1.624201e-12 -1.046880e-10 1.096221e-20
 8.438438e-01  1.829370e-12  1.047788e-10 1.098194e-20
 8.448448e-01 -1.769723e-12 -1.039315e-10 1.080488e-20
 8.458458e-01  1.665196e-12  1.042528e-10 1.087141e-20
 8.468468e-01 -1.915690e-12 -1.032578e-10 1.066584e-20
 8.478478e-01  1.535622e-12  1.036470e-10 1.074505e-20
 8.488488e-01 -1.987827e-12 -1.027446e-10 1.056041e-20
 8.498498e-01  1.493944e-12  1.029080e-10 1.059229e-20
 8.508509e-01 -1.973560e-12 -1.022978e-10 1.046873e-20
 8.518519e-01  1.562250e-12  1.021537e-10 1.043781e-20
 8.528529e-01 -1.853240e-12 -1.018900e-10 1.038501e-20
 8.538539e-01  1.708855e-12  1.014143e-10 1.028777e-20
 8.548549e-01 -1.737166e-12 -1.014317e-10 1.029141e-20
 8.558559e-01  1.851741e-12  1.007771e-10 1.015946e-20
 8.568569e-01 -1.592559e-12 -1.009332e-10 1.019005e-20
 8.578579e-01  1.943140e-12  1.002566e-10 1.005517e-20
 8.588589e-01 -1.513775e-12 -1.003702e-10 1.007646e-20
 8.598599e-01  1.945576e-12  9.978696e-11 9.961222e-21
 8.608609e-01 -1.483202e-12 -9.968787e-11 9.939871e-21
 8.618619e-01  1.927375e-12  9.942386e-11 9.888818e-21
 8.628629e-01 -1.577738e-12 -9.904128e-11 9.811663e-21
 8.638639e-01  1.790956e-12  9.902951e-11 9.810051e-21
 8.648649e-01 -1.742939e-12 -9.844356e-11 9.694172e-21
 8.658659e-01  1.582012e-12  9.860354e-11 9.725161e-21
 8.668669e-01 -1.914302e-12 -9.797702e-11 9.603160e-21
 8.678679e-01  1.446732e-12  9.803336e-11 9.612633e-21
 8.688689e-01 -2.036399e-12 -9.756351e-11 9.522786e-21
 8.698699e-01  1.372610e-12  9.742801e-11 9.494101e-21
 8.708709e-01 -2.031014e-12 -9.727114e-11 9.465799e-21
 8.718719e-01  1.439376e-12  9.681200e-11 9.374636e-21
 8.728729e-01 -1.873446e-12 -9.699463e-11 9.411469e-21
 8.738739e-01  1.584288e-12  9.619894e-11 9.256746e-21
 8.748749e-01 -1.686318e-12 -9.665577e-11 9.345181e-21
 8.758759e-01  1.819711e-12  9.569995e-11 9.161791e-21
 8.768769e-01 -1.481038e-12 -9.616277e-11 9.249472e-21
 8.778779e-01  2.014278e-12  9.538240e-11 9.101859e-21
 8.788789e-01 -1.336237e-12 -9.557993e-11 9.137309e-21
 8.798799e-01  2.100084e-12  9.512652e-11 9.053465e-21
 8.808809e-01 -1.246583e-12 -9.494650e-11 9.016391e-21
 8.818819e-01  2.105427e-12  9.498394e-11 9.026381e-21
 8.828829e-01 -1.358698e-12 -9.431950e-11 8.898014e-21
 8.838839e-01  1.939324e-12  9.475219e-11 8.981738e-21
 8.848849e-01 -1.568717e-12 -9.376912e-11 8.795110e-21
 8.858859e-01  1.691897e-12  9.450669e-11 8.934376e-21
 8.868869e-01 -1.767114e-12 -9.336452e-11 8.720057e-21
 8.878879e-01  1.493694e-12  9.408948e-11 8.855061e-21
 8.888889e-01 -1.973852e-12 -9.310249e-11 8.671970e-21
 8.898899e-01  1.310063e-12  9.352356e-11 8.748373e-21
 8.908909e-01 -2.133307e-12 -9.293931e-11 8.642266e-21
 8.918919e-01  1.206174e-12  9.289790e-11 8.631474e-21
 8.928929e-01 -2.150030e-12 -9.286535e-11 8.628597e-21
 8.938939e-01  1.252026e-12  9.227499e-11 8.516242e-21
 8.948949e-01 -2.013320e-12 -9.274895e-11 8.606421e-21
 8.958959e-01  1.406583e-12  9.176328e-11 8.422478e-21
 8.968969e-01 -1.792191e-12 -9.257700e-11 8.573713e-21
 8.978979e-01  1.637135e-12  9.133014e-11 8.343874e-21
 8.988989e-01 -1.553618e-12 -9.222516e-11 8.507894e-21
 8.998999e-01  1.936007e-12  9.107315e-11 8.298067e-21
 9.009009e-01 -1.274481e-12 -9.178924e-11 8.426889e-21
 9.019019e-01  2.121456e-12  9.095549e-11 8.277402e-21
 9.029029e-01 -1.104741e-12 -9.121381e-11 8.321180e-21
 9.039039e-01  2.218878e-12  9.091033e-11 8.269612e-21
 9.049049e-01 -1.084174e-12 -9.061227e-11 8.211758e-21
 9.059059e-01  2.162159e-12  9.094170e-11 8.275067e-21
 9.069069e-01 -1.253303e-12 -9.000753e-11 8.102926e-21
 9.079079e-01  1.962985e-12  9.089970e-11 8.266610e-21
 9.089089e-01 -1.463413e-12 -8.957510e-11 8.025840e-21
 9.099099e-01  1.658534e-12  9.069556e-11 8.228436e-21
 9.109109e-01 -1.806277e-12 -8.929818e-11 7.977428e-21
 9.119119e-01  1.338651e-12  9.037460e-11 8.169360e-21
 9.129129e-01 -2.118028e-12 -8.920176e-11 7.961440e-21
 9.139139e-01  1.074890e-12  8.987808e-11 8.079224e-21
 9.149149e-01 -2.267908e-12 -8.920412e-11 7.962518e-21
 9.159159e-01  9.451051e-13  8.926232e-11 7.968655e-21
 9.169169e-01 -2.300132e-12 -8.928369e-11 7.976868e-21
 9.179179e-01  1.037684e-12  8.865486e-11 7.860761e-21
 9.189189e-01 -2.165601e-12 -8.936499e-11 7.990791e-21
 9.199199e-01  1.253220e-12  8.817017e-11 7.775549e-21
 9.209209e-01 -1.879073e-12 -8.929359e-11 7.976875e-21
 9.219219e-01  1.616679e-12  8.782856e-11 7.716470e-21
 9.229229e-01 -1.491474e-12 -8.906811e-11 7.935352e-21
 9.239239e-01  1.948997e-12  8.771122e-11 7.697057e-21
 9.249249e-01 -1.187619e-12 -8.867412e-11 7.864509e-21
 9.259259e-01  2.249756e-12  8.777745e-11 7.709941e-21
 9.269269e-01 -9.352935e-13 -8.815804e-11 7.772715e-21
 9.279279e-01  2.327069e-12  8.788652e-11 7.729456e-21
 9.289289e-01 -9.627854e-13 -8.761274e-11 7.676919e-21
 9.299299e-01  2.220293e-12  8.801593e-11 7.751733e-21
 9.309309e-01 -1.197514e-12 -8.712227e-11 7.591724e-21
 9.319319e-01  1.946963e-12  8.804091e-11 7.754992e-21
 9.329329e-01 -1.511700e-12 -8.677868e-11 7.532825e-21
 9.339339e-01  1.597139e-12  8.791111e-11 7.730914e-21
 9.349349e-01 -1.832645e-12 -8.663451e-11 7.508896e-21
 9.359359e-01  1.295547e-12  8.764209e-11 7.682814e-21
 9.369369e-01 -2.101666e-12 -8.664290e-11 7.511409e-21
 9.379379e-01  1.098149e-12  8.723802e-11 7.611678e-21
 9.389389e-01 -2.200573e-12 -8.673173e-11 7.527236e-21
 9.399399e-01  1.036116e-12  8.677727e-11 7.531367e-21
 9.409409e-01 -2.192552e-12 -8.688898e-11 7.554502e-21
 9.419419e-01  1.149913e-12  8.630251e-11 7.449445e-21
 9.429429e-01 -1.990255e-12 -8.699669e-11 7.572385e-21
 9.439439e-01  1.430758e-12  8.594445e-11 7.388495e-21
 9.449449e-01 -1.720624e-12 -8.696294e-11 7.565513e-21
 9.459459e-01  1.661227e-12  8.578599e-11 7.361996e-21
 9.469469e-01 -1.500550e-12 -8.676584e-11 7.530563e-21
 9.479479e-01  1.946859e-12  8.576925e-11 7.360155e-21
 9.489489e-01 -1.290135e-12 -8.649148e-11 7.482441e-21
 9.499499e-01  2.023243e-12  8.585394e-11 7.374992e-21
 9.509510e-01 -1.170009e-12 -8.613443e-11 7.420509e-21
 9.519520e-01  2.144451e-12  8.600523e-11 7.401498e-21
 9.529530e-01 -1.217887e-12 -8.578005e-11 7.359700e-21
 9.539540e-01  2.036149e-12  8.610485e-11 7.418190e-21
 9.549550e-01 -1.320943e-12 -8.550008e-11 7.312008e-21
 9.559560e-01  1.869865e-12  8.609613e-11 7.416040e-21
 9.569570e-01 -1.487449e-12 -8.528495e-11 7.275734e-21
 9.579580e-01  1.666403e-12  8.604617e-11 7.406720e-21
 9.589590e-01 -1.718264e-12 -8.516934e-11 7.256770e-21
 9.599600e-01  1.488532e-12  8.590806e-11 7.382410e-21
 9.609610e-01 -1.843969e-12 -8.516503e-11 7.256482e-21
 9.619620e-01  1.362965e-12  8.571266e-11 7.348518e-21
 9.629630e-01 -1.953659e-12 -8.523467e-11 7.268765e-21
 9.639640e-01  1.319223e-12  8.545521e-11 7.304334e-21
 9.649650e-01 -1.968842e-12 -8.531914e-11 7.283232e-21
 9.659660e-01  1.321915e-12  8.521928e-11 7.264072e-21
 9.669670e-01 -1.922379e-12 -8.545298e-11 7.305907e-21
 9.679680e-01  1.417710e-12  8.498546e-11 7.224539e-21
 9.689690e-01 -1.823930e-12 -8.553225e-11 7.319092e-21
 9.699700e-01  1.546180e-12  8.485751e-11 7.203188e-21
 9.709710e-01 -1.693423e-12 -8.552170e-11 7.316829e-21
 9.719720e-01  1.687706e-12  8.476006e-11 7.187116e-21
 9.729730e-01 -1.559419e-12 -8.544418e-11 7.303140e-21
 9.739740e-01  1.788625e-12  8.479044e-11 7.192618e-21
 9.749750e-01 -1.424860e-12 -8.531950e-11 7.281448e-21
 9.759760e-01  1.922129e-12  8.488685e-11 7.209471e-21
 9.769770e-01 -1.373346e-12 -8.511220e-11 7.245972e-21
 9.779780e-01  1.967232e-12  8.499146e-11 7.227418e-21
 9.789790e-01 -1.372721e-12 -8.498025e-11 7.223526e-21
 9.799800e-01  1.930865e-12  8.509010e-11 7.244054e-21
 9.809810e-01 -1.425110e-12 -8.481860e-11 7.196225e-21
 9.819820e-01  1.834921e-12  8.519174e-11 7.261000e-21
 9.829830e-01 -1.553369e-12 -8.473661e-11 7.182705e-21
 9.839840e-01  1.686928e-12  8.521381e-11 7.264239e-21
 9.849850e-01 -1.679878e-12 -8.470280e-11 7.177386e-21
 9.859860e-01  1.588507e-12  8.519824e-11 7.261263e-21
 9.869870e-01 -1.805056e-12 -8.472895e-11 7.182253e-21
 9.879880e-01  1.477207e-12  8.514950e-11 7.252619e-21
 9.889890e-01 -1.883355e-12 -8.481460e-11 7.197063e-21
 9.899900e-01  1.404446e-12  8.509815e-11 7.243668e-21
 9.909910e-01 -1.896511e-12 -8.497592e-11 7.224503e-21
 9.919920e-01  1.470074e-12  8.492651e-11 7.214673e-21
 9.929930e-01 -1.867284e-12 -8.509443e-11 7.244549e-21
 9.939940e-01  1.531664e-12  8.484102e-11 7.200345e-21
 9.949950e-01 -1.771638e-12 -8.520368e-11 7.262805e-21
 9.959960e-01  1.657563e-12  8.482748e-11 7.198449e-21
 9.969970e-01 -1.663281e-12 -8.524700e-11 7.269818e-21
 9.979980e-01  1.726341e-12  8.485340e-11 7.203080e-21
 9.989990e-01 -1.578210e-12 -8.529966e-11 7.278522e-21
 1.000000e+00  1.833686e-12  8.495582e-11 7.220854e-21
