# x psi_r psi_i psi2 
 0.000000e+00 -1.030761e-09 -3.740286e-09 1.505221e-17
 1.001001e-03 -1.001992e-09  9.413674e-10 1.890162e-18
 2.002002e-03 -4.972739e-10 -2.237500e-09 5.253687e-18
 3.003003e-03 -3.061136e-10  2.846619e-09 8.196943e-18
 4.004004e-03  3.738074e-10 -3.723118e-10 2.783480e-19
 5.005005e-03  7.500695e-10  4.186466e-09 1.808910e-17
 6.006006e-03  1.518543e-09  9.067286e-11 2.314193e-18
 7.007007e-03  1.823354e-09  3.559007e-09 1.599115e-17
 8.008008e-03  2.250381e-09 -1.572718e-09 7.537654e-18
 9.009009e-03  1.947380e-09  1.118768e-09 5.043931e-18
 1.001001e-02  1.520607e-09 -4.286414e-09 2.068559e-17
 1.101101e-02  2.870785e-10 -1.274367e-09 1.706425e-18
 1.201201e-02 -9.681803e-10 -5.718592e-09 3.363967e-17
 1.301301e-02 -2.656656e-09 -1.264063e-09 8.655673e-18
 1.401401e-02 -3.810852e-09 -4.002184e-09 3.054006e-17
 1.501502e-02 -4.688481e-09  2.041000e-09 2.614754e-17
 1.601602e-02 -4.373889e-09  4.248502e-10 1.931140e-17
 1.701702e-02 -3.287063e-09  6.750020e-09 5.636756e-17
 1.801802e-02 -8.985045e-10  4.390956e-09 2.008781e-17
 1.901902e-02  1.937215e-09  8.894659e-09 8.286776e-17
 2.002002e-02  5.231731e-09  3.879653e-09 4.242271e-17
 2.102102e-02  7.765821e-09  5.307480e-09 8.847731e-17
 2.202202e-02  9.328662e-09 -2.553258e-09 9.354306e-17
 2.302302e-02  8.831394e-09 -3.079077e-09 8.747422e-17
 2.402402e-02  6.458341e-09 -1.135383e-08 1.706197e-16
 2.502503e-02  1.870776e-09 -1.038700e-08 1.113896e-16
 2.602603e-02 -3.873327e-09 -1.519643e-08 2.459342e-16
 2.702703e-02 -1.016322e-08 -9.213184e-09 1.881739e-16
 2.802803e-02 -1.524657e-08 -8.252354e-09 3.005591e-16
 2.902903e-02 -1.815185e-08  3.080308e-09 3.389781e-16
 3.003003e-02 -1.737582e-08  7.713170e-09 3.614120e-16
 3.103103e-02 -1.273790e-08  1.986353e-08 5.568138e-16
 3.203203e-02 -4.123352e-09  2.174112e-08 4.896785e-16
 3.303303e-02  6.987791e-09  2.745140e-08 8.024083e-16
 3.403403e-02  1.896643e-08  1.993553e-08 7.571506e-16
 3.503504e-02  2.900732e-08  1.477812e-08 1.059817e-15
 3.603604e-02  3.481717e-08 -2.945784e-09 1.220913e-15
 3.703704e-02  3.398927e-08 -1.529865e-08 1.389319e-15
 3.803804e-02  2.567341e-08 -3.502115e-08 1.885605e-15
 3.903904e-02  9.960458e-09 -4.275483e-08 1.927186e-15
 4.004004e-02 -1.092766e-08 -5.095338e-08 2.715661e-15
 4.104104e-02 -3.368434e-08 -4.145833e-08 2.853428e-15
 4.204204e-02 -5.353181e-08 -2.934895e-08 3.727015e-15
 4.304304e-02 -6.581105e-08 -2.893049e-10 4.331178e-15
 4.404404e-02 -6.624087e-08  2.629914e-08 5.079498e-15
 4.504505e-02 -5.260830e-08  6.065771e-08 6.446991e-15
 4.604605e-02 -2.499261e-08  8.050938e-08 7.106391e-15
 4.704705e-02  1.326046e-08  9.525015e-08 9.248431e-15
 4.804805e-02  5.614817e-08  8.437708e-08 1.027211e-14
 4.904905e-02  9.536293e-08  6.171636e-08 1.290300e-14
 5.005005e-02  1.219932e-07  1.345216e-08 1.506331e-14
 5.105105e-02  1.279931e-07 -3.870799e-08 1.788055e-14
 5.205205e-02  1.082624e-07 -1.008948e-07 2.190050e-14
 5.305305e-02  6.208636e-08 -1.456122e-07 2.505764e-14
 5.405405e-02 -5.826777e-09 -1.765986e-07 3.122102e-14
 5.505506e-02 -8.537690e-08 -1.685117e-07 3.568541e-14
 5.605606e-02 -1.622412e-07 -1.321006e-07 4.377277e-14
 5.705706e-02 -2.199740e-07 -5.333836e-08 5.123352e-14
 5.805806e-02 -2.431993e-07  4.303043e-08 6.099750e-14
 5.905906e-02 -2.207170e-07  1.567318e-07 7.328087e-14
 6.006006e-02 -1.488553e-07  2.513360e-07 8.532769e-14
 6.106106e-02 -3.316540e-08  3.203136e-07 1.037007e-13
 6.206206e-02  1.106325e-07  3.286591e-07 1.202563e-13
 6.306306e-02  2.585843e-07  2.799546e-07 1.452404e-13
 6.406406e-02  3.813196e-07  1.574655e-07 1.702000e-13
 6.506507e-02  4.497044e-07 -1.111849e-08 2.023576e-13
 6.606607e-02  4.400101e-07 -2.164268e-07 2.404495e-13
 6.706707e-02  3.404166e-07 -4.075949e-07 2.820171e-13
 6.806807e-02  1.545516e-07 -5.601310e-07 3.376329e-13
 6.906907e-02 -9.562994e-08 -6.205028e-07 3.941689e-13
 7.007007e-02 -3.720944e-07 -5.766202e-07 4.709451e-13
 7.107107e-02 -6.244304e-07 -4.025029e-07 5.519219e-13
 7.207207e-02 -7.988694e-07 -1.258362e-07 6.540270e-13
 7.307307e-02 -8.470687e-07  2.331621e-07 7.718900e-13
 7.407407e-02 -7.378282e-07  6.022115e-07 9.070492e-13
 7.507508e-02 -4.646973e-07  9.271070e-07 1.075471e-12
 7.607608e-02 -5.283900e-08  1.120584e-06 1.258500e-12
 7.707708e-02  4.421144e-07  1.138501e-06 1.491649e-12
 7.807808e-02  9.381713e-07  9.308494e-07 1.746646e-12
 7.907908e-02  1.340135e-06  5.151676e-07 2.061359e-12
 8.008008e-02  1.554009e-06 -8.039196e-08 2.421407e-12
 8.108108e-02  1.507079e-06 -7.560104e-07 2.842838e-12
 8.208208e-02  1.163419e-06 -1.412261e-06 3.348026e-12
 8.308308e-02  5.387493e-07 -1.904449e-06 3.917175e-12
 8.408408e-02 -2.962019e-07 -2.127464e-06 4.613838e-12
 8.508509e-02 -1.218048e-06 -1.977446e-06 5.393936e-12
 8.608609e-02 -2.067770e-06 -1.436326e-06 6.338703e-12
 8.708709e-02 -2.672650e-06 -5.243480e-07 7.418000e-12
 8.808809e-02 -2.878900e-06  6.328684e-07 8.688586e-12
 8.908909e-02 -2.581038e-06  1.875715e-06 1.018006e-11
 9.009009e-02 -1.751815e-06  2.970254e-06 1.189126e-11
 9.109109e-02 -4.570978e-07  3.704683e-06 1.393362e-11
 9.209209e-02  1.138926e-06  3.867397e-06 1.625391e-11
 9.309309e-02  2.791383e-06  3.350895e-06 1.902032e-11
 9.409409e-02  4.204343e-06  2.123199e-06 2.218447e-11
 9.509510e-02  5.080136e-06  3.103074e-07 2.590408e-11
 9.609610e-02  5.170612e-06 -1.867034e-06 3.022104e-11
 9.709710e-02  4.333229e-06 -4.054146e-06 3.521297e-11
 9.809810e-02  2.570172e-06 -5.871059e-06 4.107512e-11
 9.909910e-02  5.351304e-08 -6.912753e-06 4.778901e-11
 1.001001e-01 -2.883168e-06 -6.883398e-06 5.569383e-11
 1.011011e-01 -5.776810e-06 -5.601556e-06 6.474896e-11
 1.021021e-01 -8.101883e-06 -3.115075e-06 7.534420e-11
 1.031031e-01 -9.351468e-06  3.375637e-07 8.756390e-11
 1.041041e-01 -9.134286e-06  4.276119e-06 1.017204e-10
 1.051051e-01 -7.258008e-06  8.092608e-06 1.181690e-10
 1.061061e-01 -3.797072e-06  1.107509e-05 1.370754e-10
 1.071071e-01  8.845664e-07  1.258306e-05 1.591158e-10
 1.081081e-01  6.150505e-06  1.210599e-05 1.843837e-10
 1.091091e-01  1.116749e-05  9.437399e-06 2.137773e-10
 1.101101e-01  1.501814e-05  4.690818e-06 2.475484e-10
 1.111111e-01  1.685311e-05 -1.607888e-06 2.866126e-10
 1.121121e-01  1.604450e-05 -8.616803e-06 3.316752e-10
 1.131131e-01  1.233160e-05 -1.521284e-05 3.834987e-10
 1.141141e-01  5.914744e-06 -2.021032e-05 4.434412e-10
 1.151151e-01 -2.507888e-06 -2.249118e-05 5.121425e-10
 1.161161e-01 -1.179332e-05 -2.127207e-05 5.915833e-10
 1.171171e-01 -2.048095e-05 -1.622131e-05 6.826000e-10
 1.181181e-01 -2.700150e-05 -7.645324e-06 7.875319e-10
 1.191191e-01 -2.992367e-05  3.538083e-06 9.079442e-10
 1.201201e-01 -2.822163e-05  1.580351e-05 1.046211e-09
 1.211211e-01 -2.150042e-05  2.725565e-05 1.205138e-09
 1.221221e-01 -1.015645e-05  3.583134e-05 1.387039e-09
 1.231231e-01  4.583901e-06  3.968832e-05 1.596175e-09
 1.241241e-01  2.074864e-05  3.747888e-05 1.835173e-09
 1.251251e-01  3.585165e-05  2.870897e-05 2.109546e-09
 1.261261e-01  4.722968e-05  1.387258e-05 2.423091e-09
 1.271271e-01  5.246550e-05 -5.428889e-06 2.782102e-09
 1.281281e-01  4.981523e-05 -2.666559e-05 3.192611e-09
 1.291291e-01  3.859327e-05 -4.660397e-05 3.661371e-09
 1.301301e-01  1.942219e-05 -6.180819e-05 4.197474e-09
 1.311311e-01 -5.686557e-06 -6.910943e-05 4.808450e-09
 1.321321e-01 -3.348067e-05 -6.622457e-05 5.506648e-09
 1.331331e-01 -5.982363e-05 -5.217986e-05 6.301604e-09
 1.341341e-01 -8.025406e-05 -2.770883e-05 7.208493e-09
 1.351351e-01 -9.065674e-05  4.706264e-06 8.240793e-09
 1.361361e-01 -8.797753e-05  4.093766e-05 9.415938e-09
 1.371371e-01 -7.084569e-05  7.572488e-05 1.075337e-08
 1.381381e-01 -4.001969e-05  1.033021e-04 1.227290e-08
 1.391391e-01  1.464395e-06  1.183179e-04 1.400127e-08
 1.401401e-01  4.847374e-05  1.166726e-04 1.596221e-08
 1.411411e-01  9.432936e-05  9.639487e-05 1.819000e-08
 1.421421e-01  1.316549e-04  5.815824e-05 2.071540e-08
 1.431431e-01  1.534556e-04  5.578610e-06 2.357975e-08
 1.441441e-01  1.542554e-04 -5.504677e-05 2.682488e-08
 1.451451e-01  1.311514e-04 -1.153187e-04 3.049910e-08
 1.461461e-01  8.458059e-05 -1.658469e-04 3.465907e-08
 1.471471e-01  1.867606e-05 -1.975170e-04 3.936176e-08
 1.481481e-01 -5.892158e-05 -2.030008e-04 4.468107e-08
 1.491491e-01 -1.378010e-04 -1.780391e-04 5.068705e-08
 1.501502e-01 -2.060477e-04 -1.225396e-04 5.747163e-08
 1.511512e-01 -2.518756e-04 -4.103219e-05 6.512496e-08
 1.521522e-01 -2.654490e-04  5.739381e-05 7.375722e-08
 1.531532e-01 -2.406047e-04  1.599881e-04 8.348679e-08
 1.541542e-01 -1.762350e-04  2.517643e-04 9.444401e-08
 1.551552e-01 -7.704977e-05  3.175626e-04 1.067827e-07
 1.561562e-01  4.643262e-05  3.442427e-04 1.206590e-07
 1.571572e-01  1.787858e-04  3.229593e-04 1.362671e-07
 1.581582e-01  3.013947e-04  2.509202e-04 1.537997e-07
 1.591592e-01  3.948640e-04  1.325759e-04 1.734940e-07
 1.601602e-01  4.417955e-04 -2.026801e-05 1.955941e-07
 1.611612e-01  4.296000e-04 -1.892803e-04 2.203832e-07
 1.621622e-01  3.528932e-04 -3.516237e-04 2.481728e-07
 1.631632e-01  2.151171e-04 -4.827259e-04 2.792997e-07
 1.641642e-01  2.902658e-05 -5.597445e-04 3.141564e-07
 1.651652e-01 -1.841110e-04 -5.650232e-04 3.531480e-07
 1.661662e-01 -3.966618e-04 -4.893039e-04 3.967590e-07
 1.671672e-01 -5.779052e-04 -3.339327e-04 4.454855e-07
 1.681682e-01 -6.981327e-04 -1.119055e-04 4.999121e-07
 1.691692e-01 -7.330157e-04  1.527872e-04 5.606559e-07
 1.701702e-01 -6.676860e-04  4.273257e-04 6.284118e-07
 1.711712e-01 -4.998709e-04  6.738527e-04 7.039485e-07
 1.721722e-01 -2.415850e-04  8.542409e-04 7.880909e-07
 1.731732e-01  8.105350e-05  9.355303e-04 8.817865e-07
 1.741742e-01  4.299940e-04  8.950576e-04 9.860230e-07
 1.751752e-01  7.593525e-04  7.247985e-04 1.101949e-06
 1.761762e-01  1.021001e-03  4.339575e-04 1.230761e-06
 1.771772e-01  1.171057e-03  4.955006e-05 1.373831e-06
 1.781782e-01  1.176414e-03 -3.855768e-04 1.532619e-06
 1.791792e-01  1.020438e-03 -8.169785e-04 1.708747e-06
 1.801802e-01  7.069354e-04 -1.185007e-03 1.903998e-06
 1.811812e-01  2.617175e-04 -1.432407e-03 2.120286e-06
 1.821822e-01 -2.687322e-04 -1.512466e-03 2.359770e-06
 1.831832e-01 -8.215138e-04 -1.396365e-03 2.624720e-06
 1.841842e-01 -1.324237e-03 -1.078942e-03 2.917720e-06
 1.851852e-01 -1.703868e-03 -5.816503e-04 3.241482e-06
 1.861862e-01 -1.896520e-03  4.765450e-05 3.599059e-06
 1.871872e-01 -1.856909e-03  7.386464e-04 3.993711e-06
 1.881882e-01 -1.566217e-03  1.405694e-03 4.429013e-06
 1.891892e-01 -1.037117e-03  1.957874e-03 4.908882e-06
 1.901902e-01 -3.151005e-04  2.310457e-03 5.437502e-06
 1.911912e-01  5.244536e-04  2.396766e-03 6.019540e-06
 1.921922e-01  1.383387e-03  2.178566e-03 6.659911e-06
 1.931932e-01  2.151531e-03  1.653795e-03 7.364124e-06
 1.941942e-01  2.719967e-03  8.600953e-04 8.137985e-06
 1.951952e-01  2.995323e-03 -1.263772e-04 8.987933e-06
 1.961962e-01  2.913263e-03 -1.197391e-03 9.920846e-06
 1.971972e-01  2.449416e-03 -2.223639e-03 1.094421e-05
 1.981982e-01  1.626065e-03 -3.069540e-03 1.206616e-05
 1.991992e-01  5.134490e-04 -3.609954e-03 1.329540e-05
 2.002002e-01 -7.749836e-04 -3.747116e-03 1.464148e-05
 2.012012e-01 -2.093181e-03 -3.425364e-03 1.611453e-05
 2.022022e-01 -3.278137e-03 -2.641881e-03 1.772572e-05
 2.032032e-01 -4.168924e-03 -1.451522e-03 1.948685e-05
 2.042042e-01 -4.627055e-03  3.507626e-05 2.141087e-05
 2.052052e-01 -4.555636e-03  1.660654e-03 2.351159e-05
 2.062062e-01 -3.914907e-03  3.236887e-03 2.580393e-05
 2.072072e-01 -2.731895e-03  4.565170e-03 2.830403e-05
 2.082082e-01 -1.102609e-03  5.460157e-03 3.102907e-05
 2.092092e-01  8.141123e-04  5.773650e-03 3.399781e-05
 2.102102e-01  2.810878e-03  5.415630e-03 3.723008e-05
 2.112112e-01  4.653072e-03  4.369956e-03 4.074760e-05
 2.122122e-01  6.105057e-03  2.702140e-03 4.457328e-05
 2.132132e-01  6.958504e-03  5.579829e-04 4.873213e-05
 2.142142e-01  7.059516e-03 -1.847687e-03 5.325072e-05
 2.152152e-01  6.331254e-03 -4.251230e-03 5.815773e-05
 2.162162e-01  4.789004e-03 -6.367841e-03 6.348396e-05
 2.172172e-01  2.545442e-03 -7.923572e-03 6.926227e-05
 2.182182e-01 -1.952770e-04 -8.688507e-03 7.552829e-05
 2.192192e-01 -3.154549e-03 -8.506967e-03 8.231967e-05
 2.202202e-01 -6.006318e-03 -7.321310e-03 8.967743e-05
 2.212212e-01 -8.411432e-03 -5.185812e-03 9.764484e-05
 2.222222e-01 -1.005594e-02 -2.268692e-03 1.062689e-04
 2.232232e-01 -1.068906e-02  1.159037e-03 1.155993e-04
 2.242242e-01 -1.015651e-02  4.747121e-03 1.256899e-04
 2.252252e-01 -8.425021e-03  8.100417e-03 1.365977e-04
 2.262262e-01 -5.594736e-03  1.082049e-02 1.483842e-04
 2.272272e-01 -1.897297e-03  1.255051e-02 1.611151e-04
 2.282282e-01  2.320974e-03  1.301819e-02 1.748603e-04
 2.292292e-01  6.629898e-03  1.207229e-02 1.896956e-04
 2.302302e-01  1.055757e-02  9.707672e-03 2.057011e-04
 2.312312e-01  1.363984e-02  6.076049e-03 2.229637e-04
 2.322322e-01  1.547209e-02  1.479764e-03 2.415753e-04
 2.332332e-01  1.575769e-02 -3.651138e-03 2.616356e-04
 2.342342e-01  1.434767e-02 -8.797445e-03 2.832506e-04
 2.352352e-01  1.126679e-02 -1.340125e-02 3.065342e-04
 2.362362e-01  6.722350e-03 -1.692390e-02 3.316084e-04
 2.372372e-01  1.093865e-03 -1.890521e-02 3.586036e-04
 2.382382e-01 -5.096398e-03 -1.901806e-02 3.876600e-04
 2.392392e-01 -1.122987e-02 -1.711188e-02 4.189264e-04
 2.402402e-01 -1.665122e-02 -1.324011e-02 4.525634e-04
 2.412412e-01 -2.073521e-02 -7.667606e-03 4.887410e-04
 2.422422e-01 -2.295450e-02 -8.563662e-04 5.276425e-04
 2.432432e-01 -2.294105e-02  6.570431e-03 5.694625e-04
 2.442442e-01 -2.053459e-02  1.388309e-02 6.144097e-04
 2.452452e-01 -1.581231e-02  2.031448e-02 6.627073e-04
 2.462462e-01 -9.095815e-03  2.513682e-02 7.145937e-04
 2.472472e-01 -9.332891e-04  2.773904e-02 7.703252e-04
 2.482482e-01  7.942445e-03  2.769644e-02 8.301752e-04
 2.492492e-01  1.667716e-02  2.482561e-02 8.944385e-04
 2.502503e-01  2.437426e-02  1.921783e-02 9.634297e-04
 2.512513e-01  3.018272e-02  1.124686e-02 1.037488e-03
 2.522523e-01  3.338530e-02  1.548618e-03 1.116976e-03
 2.532533e-01  3.347852e-02 -9.026211e-03 1.202284e-03
 2.542543e-01  3.023581e-02 -1.948389e-02 1.293827e-03
 2.552553e-01  2.374690e-02 -2.877733e-02 1.392050e-03
 2.562563e-01  1.442813e-02 -3.590626e-02 1.497430e-03
 2.572573e-01  3.001441e-03 -4.001829e-02 1.610472e-03
 2.582583e-01 -9.557790e-03 -4.050140e-02 1.731715e-03
 2.592593e-01 -2.210043e-02 -3.705807e-02 1.861730e-03
 2.602603e-01 -3.340466e-02 -2.975323e-02 2.001126e-03
 2.612613e-01 -4.228961e-02 -1.902981e-02 2.150545e-03
 2.622623e-01 -4.773164e-02 -5.689044e-03 2.310675e-03
 2.632633e-01 -4.897188e-02  9.164899e-03 2.482241e-03
 2.642643e-01 -4.560480e-02  2.421201e-02 2.666019e-03
 2.652653e-01 -3.763802e-02  3.802915e-02 2.862837e-03
 2.662663e-01 -2.551654e-02  4.921873e-02 3.073577e-03
 2.672673e-01 -1.010697e-02  5.654232e-02 3.299185e-03
 2.682683e-01  7.358584e-03  5.904678e-02 3.540671e-03
 2.692693e-01  2.537620e-02  5.617089e-02 3.799121e-03
 2.702703e-01  4.229432e-02  4.782131e-02 4.075687e-03
 2.712713e-01  5.645876e-02  3.440949e-02 4.371605e-03
 2.722723e-01  6.636617e-02  1.684374e-02 4.688181e-03
 2.732733e-01  7.081226e-02 -3.524941e-03 5.026801e-03
 2.742743e-01  6.902079e-02 -2.500102e-02 5.388921e-03
 2.752753e-01  6.074075e-02 -4.567963e-02 5.776067e-03
 2.762763e-01  4.630073e-02 -6.360874e-02 6.189830e-03
 2.772773e-01  2.661368e-02 -7.696476e-02 6.631862e-03
 2.782783e-01  3.128583e-03 -8.422645e-02 7.103882e-03
 2.792793e-01 -2.226922e-02 -8.433119e-02 7.607667e-03
 2.802803e-01 -4.740289e-02 -7.679867e-02 8.145071e-03
 2.812813e-01 -6.998344e-02 -6.180889e-02 8.718020e-03
 2.822823e-01 -8.780936e-02 -4.022514e-02 9.328545e-03
 2.832833e-01 -9.896965e-02 -1.355688e-02 9.978782e-03
 2.842843e-01 -1.020323e-01  1.613736e-02 1.067101e-02
 2.852853e-01 -9.620043e-02  4.640172e-02 1.140764e-02
 2.862863e-01 -8.142064e-02  7.457856e-02 1.219128e-02
 2.872873e-01 -5.843125e-02  9.803310e-02 1.302470e-02
 2.882883e-01 -2.874295e-02  1.143883e-01 1.391084e-02
 2.892893e-01  5.450106e-03  1.217502e-01 1.485282e-02
 2.902903e-01  4.142435e-02  1.189029e-01 1.585389e-02
 2.912913e-01  7.613620e-02  1.054546e-01 1.691740e-02
 2.922923e-01  1.064709e-01  8.191900e-02 1.804677e-02
 2.932933e-01  1.295113e-01  4.972179e-02 1.924542e-02
 2.942943e-01  1.428037e-01  1.112777e-02 2.051672e-02
 2.952953e-01  1.445979e-01 -3.090942e-02 2.186395e-02
 2.962963e-01  1.340385e-01 -7.296568e-02 2.329032e-02
 2.972973e-01  1.112884e-01 -1.114171e-01 2.479889e-02
 2.982983e-01  7.757094e-02 -1.427426e-01 2.639270e-02
 2.992993e-01  3.512203e-02 -1.638329e-01 2.807477e-02
 3.003003e-01 -1.294729e-02 -1.722805e-01 2.984821e-02
 3.013013e-01 -6.287097e-02 -1.666241e-01 3.171635e-02
 3.023023e-01 -1.105155e-01 -1.465235e-01 3.368283e-02
 3.033033e-01 -1.517136e-01 -1.128482e-01 3.575173e-02
 3.043043e-01 -1.826170e-01 -6.766598e-02 3.792764e-02
 3.053053e-01 -2.000400e-01 -1.412928e-02 4.021563e-02
 3.063063e-01 -2.017631e-01  4.373638e-02 4.262123e-02
 3.073073e-01 -1.867694e-01  1.013285e-01 4.515030e-02
 3.083083e-01 -1.553901e-01  1.538267e-01 4.780875e-02
 3.093093e-01 -1.093433e-01  1.965868e-01 5.060233e-02
 3.103103e-01 -5.165762e-02  2.255387e-01 5.353622e-02
 3.113113e-01  1.351778e-02  2.375544e-01 5.661480e-02
 3.123123e-01  8.120582e-02  2.307529e-01 5.984128e-02
 3.133133e-01  1.459764e-01  2.047156e-01 6.321759e-02
 3.143143e-01  2.023753e-01  1.605882e-01 6.674433e-02
 3.153153e-01  2.453739e-01  1.010574e-01 7.042097e-02
 3.163163e-01  2.708028e-01  3.019846e-02 7.424612e-02
 3.173173e-01  2.757320e-01 -4.679783e-02 7.821819e-02
 3.183183e-01  2.587651e-01 -1.240023e-01 8.233593e-02
 3.193193e-01  2.202188e-01 -1.951997e-01 8.659923e-02
 3.203203e-01  1.621693e-01 -2.543833e-01 9.100975e-02
 3.213213e-01  8.835669e-02 -2.962508e-01 9.557142e-02
 3.223223e-01  3.949218e-03 -3.166624e-01 1.002906e-01
 3.233233e-01 -8.481632e-02 -3.130212e-01 1.051761e-01
 3.243243e-01 -1.710949e-01 -2.845428e-01 1.102381e-01
 3.253253e-01 -2.479587e-01 -2.323876e-01 1.154875e-01
 3.263263e-01 -3.089485e-01 -1.596411e-01 1.209344e-01
 3.273273e-01 -3.486051e-01 -7.113931e-02 1.265863e-01
 3.283283e-01 -3.629401e-01  2.685235e-02 1.324465e-01
 3.293293e-01 -3.498030e-01  1.270850e-01 1.385127e-01
 3.303303e-01 -3.091152e-01  2.218645e-01 1.447761e-01
 3.313313e-01 -2.429459e-01  3.036419e-01 1.512211e-01
 3.323323e-01 -1.554206e-01  3.656102e-01 1.578264e-01
 3.333333e-01 -5.246461e-02  4.022608e-01 1.645663e-01
 3.343343e-01  5.860188e-02  4.098531e-01 1.714138e-01
 3.353353e-01  1.695901e-01  3.867593e-01 1.783436e-01
 3.363363e-01  2.720506e-01  3.336529e-01 1.853358e-01
 3.373373e-01  3.579176e-01  2.535234e-01 1.923791e-01
 3.383383e-01  4.201403e-01  1.515113e-01 1.994736e-01
 3.393393e-01  4.532507e-01  3.457308e-02 2.066315e-01
 3.403403e-01  4.538230e-01 -8.900287e-02 2.138768e-01
 3.413413e-01  4.207869e-01 -2.101925e-01 2.212425e-01
 3.423423e-01  3.555672e-01 -3.199030e-01 2.287660e-01
 3.433433e-01  2.620358e-01 -4.096584e-01 2.364828e-01
 3.443443e-01  1.462764e-01 -4.722526e-01 2.444193e-01
 3.453453e-01  1.617733e-02 -5.023188e-01 2.525858e-01
 3.463463e-01 -1.191204e-01 -4.967703e-01 2.609704e-01
 3.473473e-01 -2.498781e-01 -4.550778e-01 2.695349e-01
 3.483483e-01 -3.664719e-01 -3.793592e-01 2.782151e-01
 3.493493e-01 -4.601065e-01 -2.742724e-01 2.869233e-01
 3.503504e-01 -5.234791e-01 -1.467177e-01 2.955565e-01
 3.513514e-01 -5.513420e-01 -5.368904e-03 3.040068e-01
 3.523524e-01 -5.409193e-01  1.399334e-01 3.121750e-01
 3.533534e-01 -4.921482e-01  2.788822e-01 3.199851e-01
 3.543544e-01 -4.077222e-01  4.014466e-01 3.273968e-01
 3.553554e-01 -2.929334e-01  4.986033e-01 3.344152e-01
 3.563564e-01 -1.553231e-01  5.630006e-01 3.410949e-01
 3.573574e-01 -4.165414e-03  5.895078e-01 3.475368e-01
 3.583584e-01  1.501784e-01  5.756075e-01 3.538776e-01
 3.593594e-01  2.969902e-01  5.216023e-01 3.602721e-01
 3.603604e-01  4.259545e-01  4.306192e-01 3.668702e-01
 3.613614e-01  5.278942e-01  3.084121e-01 3.737903e-01
 3.623624e-01  5.954276e-01  1.629747e-01 3.810948e-01
 3.633634e-01  6.235009e-01  3.992677e-03 3.887693e-01
 3.643644e-01  6.097558e-01 -1.578259e-01 3.967111e-01
 3.653654e-01  5.547078e-01 -3.114944e-01 4.047295e-01
 3.663664e-01  4.617215e-01 -4.465109e-01 4.125587e-01
 3.673674e-01  3.367855e-01 -5.535892e-01 4.198854e-01
 3.683684e-01  1.881035e-01 -6.253026e-01 4.263862e-01
 3.693694e-01  2.553175e-02 -6.565979e-01 4.317726e-01
 3.703704e-01 -1.400985e-01 -6.451426e-01 4.358366e-01
 3.713714e-01 -2.977227e-01 -5.914826e-01 4.384905e-01
 3.723724e-01 -4.367990e-01 -4.989996e-01 4.397939e-01
 3.733734e-01 -5.480234e-01 -3.736742e-01 4.399620e-01
 3.743744e-01 -6.239573e-01 -2.236719e-01 4.393519e-01
 3.753754e-01 -6.595221e-01 -5.878179e-02 4.384247e-01
 3.763764e-01 -6.523295e-01  1.102503e-01 4.376890e-01
 3.773774e-01 -6.028265e-01  2.724483e-01 4.376279e-01
 3.783784e-01 -5.142469e-01  4.173410e-01 4.386234e-01
 3.793794e-01 -3.923752e-01  5.356549e-01 4.408845e-01
 3.803804e-01 -2.451416e-01  6.199195e-01 4.443947e-01
 3.813814e-01 -8.207845e-02  6.649432e-01 4.488863e-01
 3.823824e-01  8.632403e-02  6.681308e-01 4.538506e-01
 3.833834e-01  2.493163e-01  6.296238e-01 4.585847e-01
 3.843844e-01  3.965952e-01  5.522559e-01 4.622743e-01
 3.853854e-01  5.189689e-01  4.413316e-01 4.641022e-01
 3.863864e-01  6.089379e-01  3.042441e-01 4.633699e-01
 3.873874e-01  6.611546e-01  1.499635e-01 4.596144e-01
 3.883884e-01  6.727328e-01 -1.157061e-02 4.527033e-01
 3.893894e-01  6.433919e-01 -1.701077e-01 4.428898e-01
 3.903904e-01  5.754268e-01 -3.157519e-01 4.308152e-01
 3.913914e-01  4.735127e-01 -4.395919e-01 4.174553e-01
 3.923924e-01  3.443597e-01 -5.342517e-01 4.040086e-01
 3.933934e-01  1.962441e-01 -5.943317e-01 3.917419e-01
 3.943944e-01  3.844956e-02 -6.167102e-01 3.818098e-01
 3.953954e-01 -1.193406e-01 -6.006926e-01 3.750738e-01
 3.963964e-01 -2.676631e-01 -5.480006e-01 3.719482e-01
 3.973974e-01 -3.978620e-01 -4.626069e-01 3.722993e-01
 3.983984e-01 -5.026095e-01 -3.504313e-01 3.754183e-01
 3.993994e-01 -5.763257e-01 -2.189207e-01 3.800776e-01
 4.004004e-01 -6.154773e-01 -7.654457e-02 3.846714e-01
 4.014014e-01 -6.187355e-01  6.776079e-02 3.874251e-01
 4.024024e-01 -5.869909e-01  2.051600e-01 3.866490e-01
 4.034034e-01 -5.232277e-01  3.274633e-01 3.809995e-01
 4.044044e-01 -4.322703e-01  4.276142e-01 3.697115e-01
 4.054054e-01 -3.204219e-01  5.000902e-01 3.527604e-01
 4.064064e-01 -1.950251e-01  5.411954e-01 3.309273e-01
 4.074074e-01 -6.396983e-02  5.492297e-01 3.057455e-01
 4.084084e-01  6.481238e-02  5.245286e-01 2.793309e-01
 4.094094e-01  1.838402e-01  4.693753e-01 2.541104e-01
 4.104104e-01  2.865263e-01  3.877975e-01 2.324842e-01
 4.114114e-01  3.675495e-01  2.852628e-01 2.164675e-01
 4.124124e-01  4.231327e-01  1.682987e-01 2.073657e-01
 4.134134e-01  4.512146e-01  4.406181e-02 2.055360e-01
 4.144144e-01  4.515068e-01 -8.011367e-02 2.102766e-01
 4.154154e-01  4.254396e-01 -1.971603e-01 2.198710e-01
 4.164164e-01  3.760010e-01 -3.006865e-01 2.317891e-01
 4.174174e-01  3.074880e-01 -3.853282e-01 2.430267e-01
 4.184184e-01  2.251844e-01 -4.470216e-01 2.505363e-01
 4.194194e-01  1.349921e-01 -4.831868e-01 2.516923e-01
 4.204204e-01  4.303781e-02 -4.928121e-01 2.447161e-01
 4.214214e-01 -4.471637e-02 -4.764413e-01 2.289958e-01
 4.224224e-01 -1.228385e-01 -4.360660e-01 2.052429e-01
 4.234234e-01 -1.867420e-01 -3.749388e-01 1.754517e-01
 4.244244e-01 -2.329390e-01 -2.973171e-01 1.426580e-01
 4.254254e-01 -2.592126e-01 -2.081617e-01 1.105225e-01
 4.264264e-01 -2.647069e-01 -1.128074e-01 8.279526e-02
 4.274274e-01 -2.499275e-01 -1.662920e-02 6.274029e-02
 4.284284e-01 -2.166612e-01  7.527622e-02 5.260857e-02
 4.294294e-01 -1.678177e-01  1.583742e-01 5.324516e-02
 4.304304e-01 -1.072128e-01  2.289267e-01 6.390204e-02
 4.314314e-01 -3.930081e-02  2.841641e-01 8.229378e-02
 4.324324e-01  3.111712e-02  3.223887e-01 1.049028e-01
 4.334334e-01  9.919892e-02  3.430059e-01 1.274935e-01
 4.344344e-01  1.603544e-01  3.464862e-01 1.457662e-01
 4.354354e-01  2.105165e-01  3.342621e-01 1.560484e-01
 4.364364e-01  2.463681e-01  3.085737e-01 1.559149e-01
 4.374374e-01  2.655202e-01  2.722686e-01 1.446312e-01
 4.384384e-01  2.666259e-01  2.285803e-01 1.233383e-01
 4.394394e-01  2.494347e-01  1.808897e-01 9.493875e-02
 4.404404e-01  2.147762e-01  1.324963e-01 6.368409e-02
 4.414414e-01  1.644899e-01  8.640206e-02 3.452224e-02
 4.424424e-01  1.012928e-01  4.513259e-02 1.229719e-02
 4.434434e-01  2.861065e-02  1.059357e-02 9.307928e-04
 4.444444e-01 -4.963171e-02 -1.601882e-02 2.719910e-03
 4.454454e-01 -1.292320e-01 -3.426068e-02 1.787469e-02
 4.464464e-01 -2.059465e-01 -4.442507e-02 4.438756e-02
 4.474474e-01 -2.757119e-01 -4.748285e-02 7.827169e-02
 4.484484e-01 -3.348565e-01 -4.497321e-02 1.141515e-01
 4.494494e-01 -3.802742e-01 -3.886545e-02 1.461190e-01
 4.504505e-01 -4.095709e-01 -3.138780e-02 1.687335e-01
 4.514515e-01 -4.211588e-01 -2.485022e-02 1.779922e-01
 4.524525e-01 -4.143155e-01 -2.145626e-02 1.721177e-01
 4.534535e-01 -3.891864e-01 -2.313382e-02 1.520012e-01
 4.544545e-01 -3.467559e-01 -3.137588e-02 1.212241e-01
 4.554555e-01 -2.887658e-01 -4.712198e-02 8.560616e-02
 4.564565e-01 -2.176158e-01 -7.066435e-02 5.235008e-02
 4.574575e-01 -1.362225e-01 -1.016094e-01 2.888104e-02
 4.584585e-01 -4.787888e-02 -1.388690e-01 2.157699e-02
 4.594595e-01  4.391372e-02 -1.807121e-01 3.458529e-02
 4.604605e-01  1.355928e-01 -2.248407e-01 6.893877e-02
 4.614615e-01  2.236968e-01 -2.685220e-01 1.221443e-01
 4.624625e-01  3.049877e-01 -3.087290e-01 1.883311e-01
 4.634635e-01  3.765819e-01 -3.423267e-01 2.590015e-01
 4.644645e-01  4.360264e-01 -3.662439e-01 3.242536e-01
 4.654655e-01  4.813833e-01 -3.776761e-01 3.743691e-01
 4.664665e-01  5.112508e-01 -3.742477e-01 4.014387e-01
 4.674675e-01  5.248002e-01 -3.541928e-01 4.008677e-01
 4.684685e-01  5.217434e-01 -3.164683e-01 3.723683e-01
 4.694695e-01  5.023324e-01 -2.608801e-01 3.203963e-01
 4.704705e-01  4.672850e-01 -1.881155e-01 2.537427e-01
 4.714715e-01  4.177637e-01 -9.979455e-02 1.844855e-01
 4.724725e-01  3.552737e-01  1.595289e-03 1.262219e-01
 4.734735e-01  2.816433e-01  1.127257e-01 9.203005e-02
 4.744745e-01  1.989048e-01  2.295945e-01 9.227671e-02
 4.754755e-01  1.092977e-01  3.476126e-01 1.327805e-01
 4.764765e-01  1.513481e-02  4.618646e-01 2.135480e-01
 4.774775e-01 -8.115026e-02  5.672193e-01 3.283231e-01
 4.784785e-01 -1.771664e-01  6.586716e-01 4.652361e-01
 4.794795e-01 -2.704444e-01  7.314144e-01 6.081072e-01
 4.804805e-01 -3.586757e-01  7.812692e-01 7.390298e-01
 4.814815e-01 -4.394510e-01  8.046064e-01 8.405087e-01
 4.824825e-01 -5.107170e-01  7.989613e-01 8.991711e-01
 4.834835e-01 -5.700983e-01  7.624841e-01 9.063942e-01
 4.844845e-01 -6.163358e-01  6.954481e-01 8.635179e-01
 4.854855e-01 -6.436302e-01  5.948531e-01 7.681101e-01
 4.864865e-01 -6.256150e-01  4.407175e-01 5.856260e-01
 4.874875e-01 -5.589107e-01  2.411057e-01 3.705131e-01
 4.884885e-01 -4.483081e-01  1.360540e-02 2.011652e-01
 4.894895e-01 -3.010159e-01 -2.221603e-01 1.399658e-01
 4.904905e-01 -1.275815e-01 -4.448040e-01 2.141276e-01
 4.914915e-01  5.948515e-02 -6.338043e-01 4.052463e-01
 4.924925e-01  2.461542e-01 -7.709681e-01 6.549837e-01
 4.934935e-01  4.181453e-01 -8.424297e-01 8.845333e-01
 4.944945e-01  5.617864e-01 -8.398312e-01 1.020920e+00
 4.954955e-01  6.652029e-01 -7.613630e-01 1.022169e+00
 4.964965e-01  7.191728e-01 -6.120025e-01 8.917566e-01
 4.974975e-01  7.180078e-01 -4.033084e-01 6.781928e-01
 4.984985e-01  6.600684e-01 -1.525007e-01 4.589468e-01
 4.994995e-01  5.480967e-01  1.189233e-01 3.145527e-01
 5.005005e-01  3.891570e-01  3.870318e-01 3.012368e-01
 5.015015e-01  1.942838e-01  6.275632e-01 4.315817e-01
 5.025025e-01 -2.221901e-02  8.180900e-01 6.697650e-01
 5.035035e-01 -2.437733e-01  9.401273e-01 9.432647e-01
 5.045045e-01 -4.527278e-01  9.808532e-01 1.167035e+00
 5.055055e-01 -6.317564e-01  9.344837e-01 1.272376e+00
 5.065065e-01 -7.652245e-01  8.028884e-01 1.230198e+00
 5.075075e-01 -8.405987e-01  5.957373e-01 1.061509e+00
 5.085085e-01 -8.495266e-01  3.296843e-01 8.303872e-01
 5.095095e-01 -7.888296e-01  2.723802e-02 6.229941e-01
 5.105105e-01 -6.608513e-01 -2.853677e-01 5.181592e-01
 5.115115e-01 -4.737286e-01 -5.801062e-01 5.609420e-01
 5.125125e-01 -2.406838e-01 -8.301162e-01 7.470216e-01
 5.135135e-01  2.039590e-02 -1.011452e+00 1.023451e+00
 5.145145e-01  2.890012e-01 -1.106486e+00 1.307833e+00
 5.155155e-01  5.420867e-01 -1.103373e+00 1.511291e+00
 5.165165e-01  7.623525e-01 -1.006374e+00 1.593969e+00
 5.175175e-01  9.603889e-01 -8.598302e-01 1.661655e+00
 5.185185e-01  1.130990e+00 -6.741886e-01 1.733669e+00
 5.195195e-01  1.265339e+00 -4.536179e-01 1.806852e+00
 5.205205e-01  1.356538e+00 -2.056237e-01 1.882477e+00
 5.215215e-01  1.398621e+00  6.153328e-02 1.959927e+00
 5.225225e-01  1.387568e+00  3.378992e-01 2.039520e+00
 5.235235e-01  1.321155e+00  6.128958e-01 2.121091e+00
 5.245245e-01  1.199451e+00  8.752236e-01 2.204698e+00
 5.255255e-01  1.024733e+00  1.113663e+00 2.290322e+00
 5.265265e-01  8.016815e-01  1.317280e+00 2.377919e+00
 5.275275e-01  5.371895e-01  1.476126e+00 2.467520e+00
 5.285285e-01  2.402949e-01  1.581549e+00 2.559040e+00
 5.295295e-01 -7.817094e-02  1.626780e+00 2.652524e+00
 5.305305e-01 -4.058845e-01  1.607210e+00 2.747867e+00
 5.315315e-01 -7.295407e-01  1.520815e+00 2.845109e+00
 5.325325e-01 -1.035332e+00  1.368295e+00 2.944143e+00
 5.335335e-01 -1.309568e+00  1.153265e+00 3.044988e+00
 5.345345e-01 -1.539248e+00  8.821908e-01 3.147546e+00
 5.355355e-01 -1.712709e+00  5.643035e-01 3.251811e+00
 5.365365e-01 -1.820179e+00  2.112891e-01 3.357693e+00
 5.375375e-01 -1.854338e+00 -1.630638e-01 3.465161e+00
 5.385385e-01 -1.810755e+00 -5.434146e-01 3.574132e+00
 5.395395e-01 -1.688244e+00 -9.134469e-01 3.684552e+00
 5.405405e-01 -1.489069e+00 -1.256590e+00 3.796345e+00
 5.415415e-01 -1.219026e+00 -1.556730e+00 3.909434e+00
 5.425425e-01 -8.873369e-01 -1.798994e+00 4.023747e+00
 5.435435e-01 -5.064026e-01 -1.970468e+00 4.139189e+00
 5.445445e-01 -9.137624e-02 -2.060907e+00 4.255688e+00
 5.455455e-01  3.403991e-01 -2.063314e+00 4.373134e+00
 5.465465e-01  7.701035e-01 -1.974435e+00 4.491452e+00
 5.475475e-01  1.178241e+00 -1.795068e+00 4.610522e+00
 5.485485e-01  1.545531e+00 -1.530227e+00 4.730262e+00
 5.495495e-01  1.853819e+00 -1.189075e+00 4.850546e+00
 5.505506e-01  2.086991e+00 -7.846972e-01 4.971280e+00
 5.515516e-01  2.231822e+00 -3.336311e-01 5.092338e+00
 5.525526e-01  2.278741e+00  1.447558e-01 5.213613e+00
 5.535536e-01  2.222438e+00  6.290869e-01 5.334979e+00
 5.545546e-01  2.062306e+00  1.096910e+00 5.456317e+00
 5.555556e-01  1.802663e+00  1.525748e+00 5.577500e+00
 5.565566e-01  1.452747e+00  1.894182e+00 5.698399e+00
 5.575576e-01  1.026462e+00  2.182948e+00 5.818888e+00
 5.585586e-01  5.418896e-01  2.375959e+00 5.938828e+00
 5.595596e-01  2.055362e-02  2.461233e+00 6.058092e+00
 5.605606e-01 -5.135009e-01  2.431636e+00 6.176535e+00
 5.615616e-01 -1.034813e+00  2.285430e+00 6.294030e+00
 5.625626e-01 -1.517719e+00  2.026563e+00 6.410428e+00
 5.635636e-01 -1.937637e+00  1.664681e+00 6.525598e+00
 5.645646e-01 -2.272339e+00  1.214853e+00 6.639392e+00
 5.655656e-01 -2.503169e+00  6.970064e-01 6.751675e+00
 5.665666e-01 -2.616114e+00  1.350848e-01 6.862300e+00
 5.675676e-01 -2.602685e+00 -4.440318e-01 6.971132e+00
 5.685686e-01 -2.460543e+00 -1.011808e+00 7.078026e+00
 5.695696e-01 -2.193832e+00 -1.539463e+00 7.182844e+00
 5.705706e-01 -1.813177e+00 -1.999459e+00 7.285447e+00
 5.715716e-01 -1.335352e+00 -2.366966e+00 7.385696e+00
 5.725726e-01 -7.825955e-01 -2.621259e+00 7.483456e+00
 5.735736e-01 -1.816216e-01 -2.746926e+00 7.578591e+00
 5.745746e-01  4.376495e-01 -2.734856e+00 7.670972e+00
 5.755756e-01  1.043578e+00 -2.582907e+00 7.760464e+00
 5.765766e-01  1.604436e+00 -2.296243e+00 7.846946e+00
 5.775776e-01  2.090103e+00 -1.887262e+00 7.930289e+00
 5.785786e-01  2.473729e+00 -1.375152e+00 8.010376e+00
 5.795796e-01  2.733276e+00 -7.850415e-01 8.087086e+00
 5.805806e-01  2.852851e+00 -1.468115e-01 8.160311e+00
 5.815816e-01  2.823737e+00  5.064068e-01 8.229937e+00
 5.825826e-01  2.645066e+00  1.139952e+00 8.295863e+00
 5.835836e-01  2.324072e+00  1.719499e+00 8.357987e+00
 5.845846e-01  1.875904e+00  2.212961e+00 8.416215e+00
 5.855856e-01  1.322984e+00  2.592329e+00 8.470458e+00
 5.865866e-01  6.939398e-01  2.835327e+00 8.520630e+00
 5.875876e-01  2.215269e-02  2.926801e+00 8.566654e+00
 5.885886e-01 -6.560050e-01  2.859740e+00 8.608455e+00
 5.895896e-01 -1.303156e+00  2.635859e+00 8.645970e+00
 5.905906e-01 -1.883014e+00  2.265699e+00 8.679134e+00
 5.915916e-01 -2.362476e+00  1.768221e+00 8.707897e+00
 5.925926e-01 -2.713585e+00  1.169900e+00 8.732208e+00
 5.935936e-01 -2.915245e+00  5.033636e-01 8.752028e+00
 5.945946e-01 -2.954580e+00 -1.943710e-01 8.767322e+00
 5.955956e-01 -2.827842e+00 -8.839542e-01 8.778064e+00
 5.965966e-01 -2.540806e+00 -1.525955e+00 8.784233e+00
 5.975976e-01 -2.108612e+00 -2.083164e+00 8.785815e+00
 5.985986e-01 -1.555040e+00 -2.522827e+00 8.782805e+00
 5.995996e-01 -9.112632e-01 -2.818653e+00 8.775203e+00
 6.006006e-01 -2.141202e-01 -2.952486e+00 8.763019e+00
 6.016016e-01  4.959855e-01 -2.915521e+00 8.746266e+00
 6.026026e-01  1.177448e+00 -2.708982e+00 8.724969e+00
 6.036036e-01  1.789941e+00 -2.344199e+00 8.699155e+00
 6.046046e-01  2.296874e+00 -1.842073e+00 8.668863e+00
 6.056056e-01  2.667665e+00 -1.231948e+00 8.634135e+00
 6.066066e-01  2.879686e+00 -5.499367e-01 8.595021e+00
 6.076076e-01  2.919751e+00  1.632034e-01 8.551579e+00
 6.086086e-01  2.785047e+00  8.645143e-01 8.503872e+00
 6.096096e-01  2.483433e+00  1.511466e+00 8.451971e+00
 6.106106e-01  2.033073e+00  2.064598e+00 8.395951e+00
 6.116116e-01  1.461414e+00  2.490013e+00 8.335895e+00
 6.126126e-01  8.035712e-01  2.761551e+00 8.271892e+00
 6.136136e-01  1.001872e-01  2.862516e+00 8.204036e+00
 6.146146e-01 -6.050764e-01  2.786810e+00 8.132425e+00
 6.156156e-01 -1.268285e+00  2.539413e+00 8.057166e+00
 6.166166e-01 -1.848024e+00  2.136159e+00 7.978366e+00
 6.176176e-01 -2.308068e+00  1.602798e+00 7.896142e+00
 6.186186e-01 -2.619747e+00  9.734156e-01 7.810611e+00
 6.196196e-01 -2.763836e+00  2.882837e-01 7.721897e+00
 6.206206e-01 -2.731864e+00 -4.087119e-01 7.630125e+00
 6.216216e-01 -2.526716e+00 -1.072909e+00 7.535427e+00
 6.226226e-01 -2.162501e+00 -1.661784e+00 7.437936e+00
 6.236236e-01 -1.663667e+00 -2.137756e+00 7.337788e+00
 6.246246e-01 -1.063431e+00 -2.470675e+00 7.235123e+00
 6.256256e-01 -4.016028e-01 -2.639848e+00 7.130082e+00
 6.266266e-01  2.780493e-01 -2.635431e+00 7.022807e+00
 6.276276e-01  9.307095e-01 -2.459110e+00 6.913444e+00
 6.286286e-01  1.513522e+00 -2.124003e+00 6.802139e+00
 6.296296e-01  1.988479e+00 -1.653780e+00 6.689039e+00
 6.306306e-01  2.324991e+00 -1.081068e+00 6.574291e+00
 6.316316e-01  2.501963e+00 -4.452249e-01 6.458044e+00
 6.326326e-01  2.509223e+00  2.103468e-01 6.340446e+00
 6.336336e-01  2.348202e+00  8.411844e-01 6.221644e+00
 6.346346e-01  2.031810e+00  1.404825e+00 6.101786e+00
 6.356356e-01  1.583514e+00  1.863733e+00 5.981017e+00
 6.366366e-01  1.035672e+00  2.187890e+00 5.859482e+00
 6.376376e-01  4.272475e-01  2.356859e+00 5.737325e+00
 6.386386e-01 -1.989500e-01  2.361166e+00 5.614688e+00
 6.396396e-01 -7.992893e-01  2.202918e+00 5.491709e+00
 6.406406e-01 -1.332402e+00  1.895582e+00 5.368526e+00
 6.416416e-01 -1.762099e+00  1.462970e+00 5.245275e+00
 6.426426e-01 -2.059913e+00  9.374671e-01 5.122085e+00
 6.436436e-01 -2.207072e+00  3.576597e-01 4.999087e+00
 6.446446e-01 -2.195774e+00 -2.344829e-01 4.876406e+00
 6.456456e-01 -2.029654e+00 -7.966600e-01 4.754163e+00
 6.466466e-01 -1.723420e+00 -1.289303e+00 4.632479e+00
 6.476476e-01 -1.301676e+00 -1.678423e+00 4.511466e+00
 6.486486e-01 -7.970318e-01 -1.938034e+00 4.391237e+00
 6.496496e-01 -2.476236e-01 -2.051970e+00 4.271898e+00
 6.506507e-01  3.057482e-01 -2.014961e+00 4.153551e+00
 6.516517e-01  8.226652e-01 -1.832899e+00 4.036295e+00
 6.526527e-01  1.266083e+00 -1.522254e+00 3.920224e+00
 6.536537e-01  1.605043e+00 -1.108721e+00 3.805427e+00
 6.546547e-01  1.816908e+00 -6.251656e-01 3.691989e+00
 6.556557e-01  1.888940e+00 -1.090610e-01 3.579989e+00
 6.566567e-01  1.819116e+00  4.004041e-01 3.469505e+00
 6.576577e-01  1.616116e+00  8.653169e-01 3.360606e+00
 6.586587e-01  1.298501e+00  1.251900e+00 3.253358e+00
 6.596597e-01  8.931267e-01  1.533020e+00 3.147825e+00
 6.606607e-01  4.329524e-01  1.690152e+00 3.044061e+00
 6.616617e-01 -4.560144e-02  1.714655e+00 2.942120e+00
 6.626627e-01 -5.055270e-01  1.608257e+00 2.842049e+00
 6.636637e-01 -9.121081e-01  1.382733e+00 2.743891e+00
 6.646647e-01 -1.235577e+00  1.058789e+00 2.647685e+00
 6.656657e-01 -1.453342e+00  6.642758e-01 2.553465e+00
 6.666667e-01 -1.551613e+00  2.318526e-01 2.461260e+00
 6.676677e-01 -1.526306e+00 -2.036801e-01 2.371096e+00
 6.686687e-01 -1.383153e+00 -6.081795e-01 2.282995e+00
 6.696697e-01 -1.137035e+00 -9.508548e-01 2.196974e+00
 6.706707e-01 -8.105881e-01 -1.206645e+00 2.113045e+00
 6.716717e-01 -4.322138e-01 -1.358091e+00 2.031219e+00
 6.726727e-01 -3.366240e-02 -1.396556e+00 1.951502e+00
 6.736737e-01  3.526084e-01 -1.322710e+00 1.873895e+00
 6.746747e-01  6.960776e-01 -1.146243e+00 1.798397e+00
 6.756757e-01  9.705910e-01 -8.848486e-01 1.725004e+00
 6.766767e-01  1.156381e+00 -5.625744e-01 1.653708e+00
 6.776777e-01  1.241517e+00 -2.076844e-01 1.584497e+00
 6.786787e-01  1.222672e+00  1.497784e-01 1.517360e+00
 6.796797e-01  1.105160e+00  4.805198e-01 1.452278e+00
 6.806807e-01  9.022548e-01  7.583996e-01 1.389234e+00
 6.816817e-01  6.338542e-01  9.625143e-01 1.328205e+00
 6.826827e-01  3.246275e-01  1.078789e+00 1.269168e+00
 6.836837e-01  1.805357e-03  1.100952e+00 1.212098e+00
 6.846847e-01 -3.071882e-01  1.030826e+00 1.156966e+00
 6.856857e-01 -5.770569e-01  8.779227e-01 1.103743e+00
 6.866867e-01 -7.867093e-01  6.583963e-01 1.052397e+00
 6.876877e-01 -9.209181e-01  3.934541e-01 1.002896e+00
 6.886887e-01 -9.714293e-01  1.073818e-01 9.552057e-01
 6.896897e-01 -9.374384e-01 -1.746404e-01 9.092900e-01
 6.906907e-01 -8.254085e-01 -4.287347e-01 8.651126e-01
 6.916917e-01 -6.482629e-01 -6.343428e-01 8.226356e-01
 6.926927e-01 -4.240402e-01 -7.758935e-01 7.818208e-01
 6.936937e-01 -1.741430e-01 -8.439804e-01 7.426287e-01
 6.946947e-01  7.865171e-02 -8.359626e-01 7.050195e-01
 6.956957e-01  3.122398e-01 -7.559491e-01 6.689528e-01
 6.966967e-01  5.071105e-01 -6.141879e-01 6.343878e-01
 6.976977e-01  6.479718e-01 -4.259296e-01 6.012834e-01
 6.986987e-01  7.249461e-01 -2.098848e-01 5.695984e-01
 6.996997e-01  7.342391e-01  1.357437e-02 5.392914e-01
 7.007007e-01  6.782410e-01  2.242992e-01 5.103210e-01
 7.017017e-01  5.650655e-01  4.041621e-01 4.826460e-01
 7.027027e-01  4.075898e-01  5.386055e-01 4.562253e-01
 7.037037e-01  2.220965e-01  6.178116e-01 4.310180e-01
 7.047047e-01  2.665736e-02  6.373955e-01 4.069837e-01
 7.057057e-01 -1.605865e-01  5.985768e-01 3.840822e-01
 7.067067e-01 -3.230835e-01  5.078295e-01 3.622738e-01
 7.077077e-01 -4.473205e-01  3.760636e-01 3.415194e-01
 7.087087e-01 -5.239330e-01  2.174273e-01 3.217805e-01
 7.097097e-01 -5.483872e-01  4.785904e-02 3.030190e-01
 7.107107e-01 -5.211836e-01 -1.164699e-01 2.851976e-01
 7.117117e-01 -4.475839e-01 -2.606690e-01 2.682797e-01
 7.127127e-01 -3.369016e-01 -3.724604e-01 2.522295e-01
 7.137137e-01 -2.014426e-01 -4.432073e-01 2.370118e-01
 7.147147e-01 -5.520802e-02 -4.685558e-01 2.225924e-01
 7.157157e-01  8.750669e-02 -4.486428e-01 2.089378e-01
 7.167167e-01  2.134795e-01 -3.878683e-01 1.960153e-01
 7.177177e-01  3.117660e-01 -2.942704e-01 1.837931e-01
 7.187187e-01  3.746320e-01 -1.785813e-01 1.722404e-01
 7.197197e-01  3.981345e-01 -5.306628e-02 1.613271e-01
 7.207207e-01  3.823111e-01  6.973072e-02 1.510241e-01
 7.217217e-01  3.309747e-01  1.782104e-01 1.413032e-01
 7.227227e-01  2.511523e-01  2.627918e-01 1.321370e-01
 7.237237e-01  1.522365e-01  3.167382e-01 1.234991e-01
 7.247247e-01  4.494727e-02  3.366654e-01 1.153638e-01
 7.257257e-01 -5.978608e-02  3.226954e-01 1.077067e-01
 7.267267e-01 -1.519084e-01  2.782584e-01 1.005039e-01
 7.277277e-01 -2.231817e-01  2.095767e-01 9.373246e-02
 7.287287e-01 -2.679005e-01  1.248988e-01 8.737040e-02
 7.297297e-01 -2.833188e-01  3.357031e-02 8.139653e-02
 7.307307e-01 -2.697596e-01 -5.495703e-02 7.579050e-02
 7.317317e-01 -2.304107e-01 -1.320745e-01 7.053278e-02
 7.327327e-01 -1.708445e-01 -1.908319e-01 6.560465e-02
 7.337337e-01 -9.832126e-02 -2.265417e-01 6.098819e-02
 7.347347e-01 -2.095980e-02 -2.371222e-01 5.666626e-02
 7.357357e-01  5.313431e-02 -2.231573e-01 5.262242e-02
 7.367367e-01  1.166916e-01 -1.876809e-01 4.884104e-02
 7.377377e-01  1.639707e-01 -1.357231e-01 4.530714e-02
 7.387387e-01  1.912543e-01 -7.367691e-02 4.200648e-02
 7.397397e-01  1.971096e-01 -8.559534e-03 3.892546e-02
 7.407407e-01  1.823974e-01  5.274799e-02 3.605116e-02
 7.417417e-01  1.500426e-01  1.042040e-01 3.337127e-02
 7.427427e-01  1.046039e-01  1.411811e-01 3.087409e-02
 7.437437e-01  5.169741e-02  1.608599e-01 2.854854e-02
 7.447447e-01 -2.656010e-03  1.624100e-01 2.638406e-02
 7.457457e-01 -5.268747e-02  1.469514e-01 2.437069e-02
 7.467467e-01 -9.347055e-02  1.173124e-01 2.249894e-02
 7.477477e-01 -1.213871e-01  7.762126e-02 2.075988e-02
 7.487487e-01 -1.344253e-01  3.278497e-02 1.914503e-02
 7.497497e-01 -1.322890e-01 -1.208288e-02 1.764638e-02
 7.507508e-01 -1.163157e-01 -5.222096e-02 1.625638e-02
 7.517518e-01 -8.922566e-02 -8.370584e-02 1.496789e-02
 7.527528e-01 -5.473710e-02 -1.038173e-01 1.377418e-02
 7.537538e-01 -1.709887e-02 -1.112500e-01 1.266893e-02
 7.547548e-01  1.940484e-02 -1.061584e-01 1.164616e-02
 7.557558e-01  5.092128e-02 -9.004045e-02 1.070026e-02
 7.567568e-01  7.441850e-02 -6.548163e-02 9.825956e-03
 7.577578e-01  8.795923e-02 -3.579750e-02 9.018288e-03
 7.587588e-01  9.083649e-02 -4.619554e-03 8.272608e-03
 7.597598e-01  8.356444e-02  2.452617e-02 7.584548e-03
 7.607608e-01  6.773511e-02  4.860015e-02 6.950019e-03
 7.617618e-01  4.576519e-02  6.535089e-02 6.365192e-03
 7.627628e-01  2.056846e-02  7.350792e-02 5.826476e-03
 7.637638e-01 -4.804663e-03  7.285216e-02 5.330523e-03
 7.647648e-01 -2.751789e-02  6.416352e-02 4.874192e-03
 7.657658e-01 -4.525118e-02  4.906009e-02 4.454562e-03
 7.667668e-01 -5.642335e-02  2.975399e-02 4.068894e-03
 7.677678e-01 -6.031542e-02  8.757614e-03 3.714646e-03
 7.687688e-01 -5.708716e-02 -1.142339e-02 3.389438e-03
 7.697698e-01 -4.769258e-02 -2.857407e-02 3.091060e-03
 7.707708e-01 -3.371073e-02 -4.100049e-02 2.817453e-03
 7.717718e-01 -1.711734e-02 -4.768331e-02 2.566701e-03
 7.727728e-01 -2.762980e-05 -4.834281e-02 2.337028e-03
 7.737738e-01  1.555788e-02 -4.341345e-02 2.126775e-03
 7.747748e-01  2.797532e-02 -3.393811e-02 1.934414e-03
 7.757758e-01  3.606366e-02 -2.139926e-02 1.758516e-03
 7.767768e-01  3.925984e-02 -7.512112e-03 1.597767e-03
 7.777778e-01  3.761667e-02  5.994023e-03 1.450942e-03
 7.787788e-01  3.174734e-02  1.757891e-02 1.316912e-03
 7.797798e-01  2.270822e-02  2.605697e-02 1.194629e-03
 7.807808e-01  1.183860e-02  3.070788e-02 1.083126e-03
 7.817818e-01  5.794031e-04  3.132372e-02 9.815114e-04
 7.827828e-01 -9.705823e-03  2.819139e-02 8.889577e-04
 7.837838e-01 -1.788654e-02  2.201767e-02 8.047061e-04
 7.847848e-01 -2.318058e-02  1.380991e-02 7.280530e-04
 7.857858e-01 -2.521855e-02  4.730557e-03 6.583535e-04
 7.867868e-01 -2.405335e-02 -4.055551e-03 5.950111e-04
 7.877878e-01 -2.011805e-02 -1.152140e-02 5.374785e-04
 7.887888e-01 -1.414117e-02 -1.689022e-02 4.852522e-04
 7.897898e-01 -7.033158e-03 -1.970794e-02 4.378684e-04
 7.907908e-01  2.399735e-04 -1.987072e-02 3.949030e-04
 7.917918e-01  6.779173e-03 -1.760703e-02 3.559646e-04
 7.927928e-01  1.185647e-02 -1.342090e-02 3.206964e-04
 7.937938e-01  1.498921e-02 -8.005794e-03 2.887693e-04
 7.947948e-01  1.597788e-02 -2.142650e-03 2.598835e-04
 7.957958e-01  1.490549e-02  3.404361e-03 2.337633e-04
 7.967968e-01  1.210220e-02  7.980852e-03 2.101573e-04
 7.977978e-01  8.082050e-03  1.111377e-02 1.888353e-04
 7.987988e-01  3.462356e-03  1.255383e-02 1.695866e-04
 7.997998e-01 -1.122831e-03  1.228654e-02 1.522199e-04
 8.008008e-01 -5.103731e-03  1.051242e-02 1.365591e-04
 8.018018e-01 -8.040620e-03  7.602204e-03 1.224451e-04
 8.028028e-01 -9.667285e-03  4.034250e-03 1.097316e-04
 8.038038e-01 -9.908644e-03  3.241423e-04 9.828630e-05
 8.048048e-01 -8.872441e-03 -3.044345e-03 8.798825e-05
 8.058058e-01 -6.818407e-03 -5.677752e-03 7.872754e-05
 8.068068e-01 -4.110748e-03 -7.314792e-03 7.040443e-05
 8.078078e-01 -1.161607e-03 -7.847196e-03 6.292782e-05
 8.088088e-01  1.626484e-03 -7.319170e-03 5.621570e-05
 8.098098e-01  3.911556e-03 -5.906989e-03 5.019279e-05
 8.108108e-01  5.450617e-03 -3.883616e-03 4.479170e-05
 8.118118e-01  6.121570e-03 -1.573833e-03 3.995056e-05
 8.128128e-01  5.927375e-03  6.929353e-04 3.561393e-05
 8.138138e-01  4.983422e-03  2.626171e-03 3.173127e-05
 8.148148e-01  3.491413e-03  4.008363e-03 2.825694e-05
 8.158158e-01  1.704342e-03  4.716465e-03 2.514982e-05
 8.168168e-01 -1.118860e-04  4.728628e-03 2.237244e-05
 8.178178e-01 -1.714885e-03  4.117107e-03 1.989140e-05
 8.188188e-01 -2.915523e-03  3.029155e-03 1.767605e-05
 8.198198e-01 -3.597718e-03  1.660018e-03 1.569924e-05
 8.208208e-01 -3.726503e-03  2.219498e-04 1.393609e-05
 8.218218e-01 -3.344476e-03 -1.085787e-03 1.236445e-05
 8.228228e-01 -2.558148e-03 -2.102419e-03 1.096428e-05
 8.238238e-01 -1.517082e-03 -2.723227e-03 9.717504e-06
 8.248248e-01 -3.892590e-04 -2.908005e-03 8.608018e-06
 8.258258e-01  6.635373e-04 -2.679708e-03 7.621116e-06
 8.268268e-01  1.507051e-03 -2.114869e-03 6.743872e-06
 8.278278e-01  2.049928e-03 -1.327478e-03 5.964401e-06
 8.288288e-01  2.251700e-03 -4.495901e-04 5.272283e-06
 8.298298e-01  2.122937e-03  3.887674e-04 4.658003e-06
 8.308308e-01  1.718404e-03  1.077131e-03 4.113123e-06
 8.318318e-01  1.124789e-03  1.537835e-03 3.630086e-06
 8.328328e-01  4.453341e-04  1.733128e-03 3.202056e-06
 8.338338e-01 -2.162654e-04  1.666216e-03 2.823046e-06
 8.348348e-01 -7.703034e-04  1.376292e-03 2.487547e-06
 8.358358e-01 -1.152064e-03  9.292730e-04 2.190799e-06
 8.368368e-01 -1.328125e-03  4.055755e-04 1.928409e-06
 8.378378e-01 -1.297642e-03 -1.126465e-04 1.696565e-06
 8.388388e-01 -1.088862e-03 -5.533391e-04 1.491806e-06
 8.398398e-01 -7.519519e-04 -8.634976e-04 1.311060e-06
 8.408408e-01 -3.494523e-04 -1.014646e-03 1.151623e-06
 8.418418e-01  5.395031e-05 -1.004047e-03 1.011020e-06
 8.428428e-01  4.008827e-04 -8.523100e-04 8.871392e-07
 8.438438e-01  6.486312e-04 -5.977330e-04 7.780073e-07
 8.448448e-01  7.736153e-04 -2.889216e-04 6.819563e-07
 8.458458e-01  7.725867e-04  2.344623e-05 5.974399e-07
 8.468468e-01  6.607997e-04  2.940546e-04 5.231243e-07
 8.478478e-01  4.676799e-04  4.889697e-04 4.578158e-07
 8.488488e-01  2.309551e-04  5.891524e-04 4.004408e-07
 8.498498e-01 -9.792696e-06  5.915976e-04 3.500836e-07
 8.508509e-01 -2.190879e-04  5.078247e-04 3.058854e-07
 8.518519e-01 -3.702780e-04  3.605997e-04 2.671380e-07
 8.528529e-01 -4.483912e-04  1.791998e-04 2.331673e-07
 8.538539e-01 -4.509807e-04 -5.557615e-06 2.034145e-07
 8.548549e-01 -3.869971e-04 -1.661229e-04 1.773636e-07
 8.558559e-01 -2.741354e-04 -2.818070e-04 1.545654e-07
 8.568569e-01 -1.351634e-04 -3.411195e-04 1.346317e-07
 8.578579e-01  6.048448e-06 -3.422922e-04 1.172005e-07
 8.588589e-01  1.282280e-04 -2.924672e-04 1.019795e-07
 8.598599e-01  2.155519e-04 -2.054743e-04 8.868229e-08
 8.608609e-01  2.593725e-04 -9.904049e-05 7.708312e-08
 8.618619e-01  2.586349e-04  8.429758e-06 6.696307e-08
 8.628629e-01  2.191272e-04  1.006226e-04 5.814165e-08
 8.638639e-01  1.517585e-04  1.656094e-04 5.045713e-08
 8.648649e-01  7.029347e-05  1.970310e-04 4.376241e-08
 8.658659e-01 -1.110251e-05  1.944644e-04 3.793965e-08
 8.668669e-01 -8.005662e-05  1.626698e-04 3.287052e-08
 8.678679e-01 -1.276696e-04  1.103066e-04 2.846707e-08
 8.688689e-01 -1.494336e-04  4.803853e-05 2.463809e-08
 8.698699e-01 -1.453896e-04 -1.327093e-05 2.131424e-08
 8.708709e-01 -1.195384e-04 -6.433927e-05 1.842898e-08
 8.718719e-01 -7.873791e-05 -9.861713e-05 1.592500e-08
 8.728729e-01 -3.126756e-05 -1.130398e-04 1.375567e-08
 8.738739e-01  1.462455e-05 -1.079800e-04 1.187355e-08
 8.748749e-01  5.201461e-05 -8.683382e-05 1.024563e-08
 8.758759e-01  7.620275e-05 -5.502407e-05 8.834507e-09
 8.768769e-01  8.517636e-05 -1.897198e-05 7.614948e-09
 8.778779e-01  7.956838e-05  1.511961e-05 6.559730e-09
 8.788789e-01  6.222836e-05  4.213448e-05 5.647683e-09
 8.798799e-01  3.747360e-05  5.878981e-05 4.860512e-09
 8.808809e-01  1.022679e-05  6.383798e-05 4.179874e-09
 8.818819e-01 -1.485606e-05  5.807836e-05 3.593798e-09
 8.828829e-01 -3.408012e-05  4.388317e-05 3.087187e-09
 8.838839e-01 -4.518665e-05  2.469081e-05 2.651470e-09
 8.848849e-01 -4.751373e-05  4.236782e-06 2.275505e-09
 8.858859e-01 -4.190237e-05 -1.400712e-05 1.952008e-09
 8.868869e-01 -3.035052e-05 -2.743396e-05 1.673777e-09
 8.878879e-01 -1.554756e-05 -3.452976e-05 1.434031e-09
 8.888889e-01 -3.358175e-07 -3.504915e-05 1.228555e-09
 8.898899e-01  1.276010e-05 -2.980827e-05 1.051353e-09
 8.908909e-01  2.191192e-05 -2.048548e-05 8.997872e-10
 8.918919e-01  2.618107e-05 -9.155010e-06 7.692629e-10
 8.928929e-01  2.556209e-05  2.030105e-06 6.575417e-10
 8.938939e-01  2.084603e-05  1.127720e-05 5.617324e-10
 8.948949e-01  1.339209e-05  1.732433e-05 4.794805e-10
 8.958959e-01  4.815407e-06  1.965042e-05 4.093271e-10
 8.968969e-01 -3.304857e-06  1.838496e-05 3.489287e-10
 8.978979e-01 -9.692332e-06  1.427110e-05 2.976055e-10
 8.988989e-01 -1.353361e-05  8.383229e-06 2.534372e-10
 8.998999e-01 -1.455937e-05  1.975724e-06 2.158787e-10
 9.009009e-01 -1.300372e-05 -3.825123e-06 1.837283e-10
 9.019019e-01 -9.504354e-06 -8.118628e-06 1.562449e-10
 9.029029e-01 -4.929224e-06 -1.042224e-05 1.329203e-10
 9.039039e-01 -2.075341e-07 -1.062127e-05 1.128545e-10
 9.049049e-01  3.845198e-06 -9.008733e-06 9.594281e-11
 9.059059e-01  6.639716e-06 -6.105841e-06 8.136712e-11
 9.069069e-01  7.890119e-06 -2.613011e-06 6.908180e-11
 9.079079e-01  7.610085e-06  8.064707e-07 5.856379e-11
 9.089089e-01  6.076763e-06  3.562928e-06 4.962151e-11
 9.099099e-01  3.736570e-06  5.301686e-06 4.206983e-11
 9.109109e-01  1.113176e-06  5.859206e-06 3.556946e-11
 9.119119e-01 -1.302502e-06  5.334197e-06 3.015017e-11
 9.129129e-01 -3.123443e-06  3.962249e-06 2.545532e-11
 9.139139e-01 -4.126953e-06  2.125334e-06 2.154879e-11
 9.149149e-01 -4.260723e-06  1.944086e-07 1.819155e-11
 9.159159e-01 -3.635478e-06 -1.463786e-06 1.535937e-11
 9.169169e-01 -2.473367e-06 -2.619373e-06 1.297865e-11
 9.179179e-01 -1.061093e-06 -3.130170e-06 1.092388e-11
 9.189189e-01  3.180503e-07 -3.022569e-06 9.237078e-12
 9.199199e-01  1.425235e-06 -2.393227e-06 7.758831e-12
 9.209209e-01  2.109602e-06 -1.450099e-06 6.553205e-12
 9.219219e-01  2.313758e-06 -3.909113e-07 5.506286e-12
 9.229229e-01  2.077884e-06  5.622526e-07 4.633731e-12
 9.239239e-01  1.510131e-06  1.273792e-06 3.903042e-12
 9.249249e-01  7.649391e-07  1.638099e-06 3.268500e-12
 9.259259e-01  8.368102e-10  1.661229e-06 2.759683e-12
 9.269269e-01 -6.408872e-07  1.375764e-06 2.303464e-12
 9.279279e-01 -1.066418e-06  8.978965e-07 1.943465e-12
 9.289289e-01 -1.231571e-06  3.270956e-07 1.623759e-12
 9.299299e-01 -1.149560e-06 -2.027164e-07 1.362583e-12
 9.309309e-01 -8.725053e-07 -6.189391e-07 1.144351e-12
 9.319319e-01 -4.832682e-07 -8.478920e-07 9.524690e-13
 9.329329e-01 -6.851536e-08 -8.942664e-07 8.044067e-13
 9.339339e-01  2.905369e-07 -7.624438e-07 6.657323e-13
 9.349349e-01  5.391082e-07 -5.212672e-07 5.623571e-13
 9.359359e-01  6.478088e-07 -2.161121e-07 4.663607e-13
 9.369369e-01  6.209457e-07  7.063682e-08 3.905631e-13
 9.379379e-01  4.836567e-07  3.054473e-07 3.272218e-13
 9.389389e-01  2.807516e-07  4.374043e-07 2.701439e-13
 9.399399e-01  5.868005e-08  4.749069e-07 2.289799e-13
 9.409409e-01 -1.367279e-07  4.103833e-07 1.871090e-13
 9.419419e-01 -2.751943e-07  2.884147e-07 1.589149e-13
 9.429429e-01 -3.387007e-07  1.251611e-07 1.303835e-13
 9.439439e-01 -3.292879e-07 -2.630137e-08 1.091223e-13
 9.449449e-01 -2.591537e-07 -1.554416e-07 9.132272e-14
 9.459459e-01 -1.529959e-07 -2.259668e-07 7.446876e-14
 9.469469e-01 -3.518223e-08 -2.500730e-07 6.377432e-14
 9.479479e-01  6.866713e-08 -2.152217e-07 5.103554e-14
 9.489489e-01  1.427703e-07 -1.534519e-07 4.393086e-14
 9.499499e-01  1.765931e-07 -6.532174e-08 3.545205e-14
 9.509510e-01  1.719162e-07  1.247440e-08 2.971077e-14
 9.519520e-01  1.346392e-07  8.241247e-08 2.491953e-14
 9.529530e-01  7.877331e-08  1.169918e-07 1.989232e-14
 9.539540e-01  1.671243e-08  1.310170e-07 1.744477e-14
 9.549550e-01 -3.721615e-08  1.098613e-07 1.345455e-14
 9.559560e-01 -7.541657e-08  7.891846e-08 1.191578e-14
 9.569570e-01 -9.184566e-08  3.047063e-08 9.364085e-15
 9.579580e-01 -8.838952e-08 -7.859271e-09 7.874475e-15
 9.589590e-01 -6.777984e-08 -4.564336e-08 6.677423e-15
 9.599600e-01 -3.826486e-08 -6.042952e-08 5.115927e-15
 9.609610e-01 -5.807400e-09 -6.847216e-08 4.722163e-15
 9.619620e-01  2.147872e-08 -5.421766e-08 3.400890e-15
 9.629630e-01  4.042821e-08 -3.940310e-08 3.187045e-15
 9.639640e-01  4.752007e-08 -1.195178e-08 2.401002e-15
 9.649650e-01  4.465935e-08  5.522113e-09 2.024951e-15
 9.659660e-01  3.291536e-08  2.631598e-08 1.775952e-15
 9.669670e-01  1.736114e-08  3.078303e-08 1.249004e-15
 9.679680e-01  5.418357e-10  3.582156e-08 1.283477e-15
 9.689690e-01 -1.281140e-08  2.543326e-08 8.109824e-16
 9.699700e-01 -2.182185e-08  1.925081e-08 8.467870e-16
 9.709710e-01 -2.431433e-08  2.934725e-09 5.997994e-16
 9.719720e-01 -2.207891e-08 -3.673937e-09 5.009759e-16
 9.729730e-01 -1.528182e-08 -1.573046e-08 4.809814e-16
 9.739740e-01 -7.200222e-09 -1.511625e-08 2.803441e-16
 9.749750e-01  1.405294e-09 -1.890047e-08 3.592027e-16
 9.759760e-01  7.635876e-09 -1.086607e-08 1.763781e-16
 9.769770e-01  1.172490e-08 -9.379036e-09 2.254396e-16
 9.779780e-01  1.218829e-08  1.035274e-09 1.496263e-16
 9.789790e-01  1.062153e-08  2.084280e-09 1.171612e-16
 9.799800e-01  6.694749e-09  9.774804e-09 1.403665e-16
 9.809810e-01  2.637903e-09  6.819094e-09 5.345858e-17
 9.819820e-01 -1.690355e-09  1.021885e-08 1.072822e-16
 9.829830e-01 -4.388584e-09  3.665102e-09 3.269264e-17
 9.839840e-01 -6.172860e-09  4.732825e-09 6.050384e-17
 9.849850e-01 -5.909671e-09 -2.577070e-09 4.156551e-17
 9.859860e-01 -4.971795e-09 -8.500801e-10 2.544138e-17
 9.869870e-01 -2.764264e-09 -6.418455e-09 4.883772e-17
 9.879880e-01 -8.801133e-10 -2.459545e-09 6.823961e-18
 9.889890e-01  1.251372e-09 -5.811454e-09 3.533893e-17
 9.899900e-01  2.284977e-09 -1.603241e-10 5.246822e-18
 9.909910e-01  3.097987e-09 -2.575198e-09 1.622917e-17
 9.919920e-01  2.739917e-09  3.133563e-09 1.732637e-17
 9.929930e-01  2.360320e-09  6.030641e-11 5.574749e-18
 9.939940e-01  1.230785e-09  4.598694e-09 2.266282e-17
 9.949950e-01  5.284376e-10  2.089048e-10 3.228875e-19
 9.959960e-01 -5.005655e-10  3.549444e-09 1.284912e-17
 9.969970e-01 -8.425290e-10 -1.630173e-09 3.367320e-18
 9.979980e-01 -1.376074e-09  1.418460e-09 3.905610e-18
 9.989990e-01 -1.253352e-09 -3.497820e-09 1.380564e-17
 1.000000e+00 -1.403846e-09  2.264003e-10 2.022040e-18
