# x psi_r psi_i psi2 
 0.000000e+00  1.329423e-04 -2.846206e-04 9.868254e-08
 1.001001e-03  2.521597e-04 -1.478632e-04 8.544805e-08
 2.002002e-03  3.400705e-04 -2.223148e-06 1.156529e-07
 3.003003e-03  3.919736e-04  1.349109e-04 1.718442e-07
 4.004004e-03  4.067454e-04  2.478800e-04 2.268864e-07
 5.005005e-03  3.865803e-04  3.245045e-04 2.547475e-07
 6.006006e-03  3.363069e-04  3.571847e-04 2.406832e-07
 7.007007e-03  2.626971e-04  3.436723e-04 1.871204e-07
 8.008008e-03  1.735541e-04  2.870345e-04 1.125098e-07
 9.009009e-03  7.699154e-05  1.952519e-04 4.405101e-08
 1.001001e-02 -1.933279e-05  8.009740e-05 6.789351e-09
 1.101101e-02 -1.086616e-04 -4.415735e-05 1.375721e-08
 1.201201e-02 -1.855512e-04 -1.624744e-04 6.082718e-08
 1.301301e-02 -2.459418e-04 -2.606210e-04 1.284107e-07
 1.401401e-02 -2.872272e-04 -3.268298e-04 1.893172e-07
 1.501502e-02 -3.080538e-04 -3.529629e-04 2.194800e-07
 1.601602e-02 -3.082152e-04 -3.354814e-04 2.075443e-07
 1.701702e-02 -2.883783e-04 -2.757117e-04 1.591790e-07
 1.801802e-02 -2.499991e-04 -1.798048e-04 9.482931e-08
 1.901902e-02 -1.951368e-04 -5.798335e-05 4.144045e-08
 2.002002e-02 -1.264921e-04  7.642674e-05 2.184130e-08
 2.102102e-02 -4.733843e-05  2.084932e-04 4.571036e-08
 2.202202e-02  3.836317e-05  3.231376e-04 1.058896e-07
 2.302302e-02  1.260233e-04  4.068258e-04 1.813891e-07
 2.402402e-02  2.103829e-04  4.489078e-04 2.457791e-07
 2.502503e-02  2.857264e-04  4.428890e-04 2.777902e-07
 2.602603e-02  3.460591e-04  3.870923e-04 2.695973e-07
 2.702703e-02  3.855715e-04  2.850596e-04 2.299244e-07
 2.802803e-02  3.990592e-04  1.452349e-04 1.803414e-07
 2.902903e-02  3.825771e-04 -1.963227e-05 1.467507e-07
 3.003003e-02  3.339502e-04 -1.937259e-04 1.490525e-07
 3.103103e-02  2.533871e-04 -3.595218e-04 1.934610e-07
 3.203203e-02  1.437968e-04 -4.995572e-04 2.702349e-07
 3.303303e-02  1.105326e-05 -5.980354e-04 3.577685e-07
 3.403403e-02 -1.361734e-04 -6.425347e-04 4.313940e-07
 3.503504e-02 -2.867349e-04 -6.252431e-04 4.731458e-07
 3.603604e-02 -4.277962e-04 -5.440177e-04 4.789648e-07
 3.703704e-02 -5.457502e-04 -4.027417e-04 4.600441e-07
 3.803804e-02 -6.275045e-04 -2.113505e-04 4.384309e-07
 3.903904e-02 -6.617222e-04  1.491293e-05 4.380987e-07
 4.004004e-02 -6.402089e-04  2.565483e-04 4.756844e-07
 4.104104e-02 -5.589879e-04  4.914967e-04 5.540365e-07
 4.204204e-02 -4.192477e-04  6.969387e-04 6.614922e-07
 4.304304e-02 -2.277182e-04  8.514607e-04 7.768408e-07
 4.404404e-02  3.292526e-06  9.369897e-04 8.779605e-07
 4.504505e-02  2.565694e-04  9.407419e-04 9.508231e-07
 4.604605e-02  5.110448e-04  8.565869e-04 9.949080e-07
 4.704705e-02  7.434958e-04  6.861084e-04 1.023531e-06
 4.804805e-02  9.304498e-04  4.388222e-04 1.058302e-06
 4.904905e-02  1.050458e-03  1.319198e-04 1.120866e-06
 5.005005e-02  1.086222e-03 -2.108981e-04 1.224357e-06
 5.105105e-02  1.026677e-03 -5.610163e-04 1.368805e-06
 5.205205e-02  8.685068e-04 -8.872458e-04 1.541509e-06
 5.305305e-02  6.172226e-04 -1.158319e-03 1.722668e-06
 5.405405e-02  2.873362e-04 -1.345767e-03 1.893650e-06
 5.505506e-02 -9.812793e-05 -1.426512e-03 2.044565e-06
 5.605606e-02 -5.091187e-04 -1.385383e-03 2.178488e-06
 5.705706e-02 -9.106524e-04 -1.216880e-03 2.310086e-06
 5.805806e-02 -1.265693e-03 -9.264310e-04 2.460254e-06
 5.905906e-02 -1.538285e-03 -5.305612e-04 2.647815e-06
 6.006006e-02 -1.696986e-03 -5.633172e-05 2.882935e-06
 6.106106e-02 -1.718000e-03  4.603998e-04 3.163492e-06
 6.206206e-02 -1.588002e-03  9.773784e-04 3.477018e-06
 6.306306e-02 -1.306068e-03  1.449290e-03 3.806255e-06
 6.406406e-02 -8.847991e-04  1.831373e-03 4.136795e-06
 6.506507e-02 -3.501356e-04  2.083453e-03 4.463373e-06
 6.606607e-02  2.598567e-04  2.173641e-03 4.792241e-06
 6.706707e-02  8.975418e-04  2.081787e-03 5.139419e-06
 6.806807e-02  1.509131e-03  1.801952e-03 5.524506e-06
 6.906907e-02  2.039051e-03  1.344039e-03 5.964172e-06
 7.007007e-02  2.434612e-03  7.339674e-04 6.466044e-06
 7.107107e-02  2.650908e-03  1.269243e-05 7.027474e-06
 7.207207e-02  2.655211e-03 -7.663382e-04 7.637422e-06
 7.307307e-02  2.430774e-03 -1.540760e-03 8.282603e-06
 7.407407e-02  1.979330e-03 -2.244091e-03 8.953690e-06
 7.507508e-02  1.322335e-03 -2.810997e-03 9.650274e-06
 7.607608e-02  5.004237e-04 -3.183037e-03 1.038215e-05
 7.707708e-02 -4.286518e-04 -3.313996e-03 1.116631e-05
 7.807808e-02 -1.393856e-03 -3.174770e-03 1.202200e-05
 7.907908e-02 -2.315921e-03 -2.756911e-03 1.296405e-05
 8.008008e-02 -3.113599e-03 -2.074890e-03 1.399967e-05
 8.108108e-02 -3.710323e-03 -1.166362e-03 1.512690e-05
 8.208208e-02 -4.041074e-03 -9.072013e-05 1.633851e-05
 8.308308e-02 -4.058546e-03  1.074496e-03 1.762634e-05
 8.408408e-02 -3.738398e-03  2.238717e-03 1.898747e-05
 8.508509e-02 -3.082737e-03  3.305121e-03 2.042709e-05
 8.608609e-02 -2.121795e-03  4.178143e-03 2.195889e-05
 8.708709e-02 -9.131918e-04  4.771601e-03 2.360209e-05
 8.808809e-02  4.609414e-04  5.016343e-03 2.537616e-05
 8.908909e-02  1.899229e-03  4.867207e-03 2.729678e-05
 9.009009e-02  3.288058e-03  4.308221e-03 2.937210e-05
 9.109109e-02  4.510198e-03  3.355957e-03 3.160434e-05
 9.209209e-02  5.454086e-03  2.060199e-03 3.399148e-05
 9.309309e-02  6.023384e-03  5.021694e-04 3.653333e-05
 9.409409e-02  6.145716e-03 -1.210164e-03 3.923432e-05
 9.509510e-02  5.780160e-03 -2.949010e-03 4.210691e-05
 9.609610e-02  4.922466e-03 -4.575949e-03 4.516997e-05
 9.709710e-02  3.607807e-03 -5.952318e-03 4.844636e-05
 9.809810e-02  1.910336e-03 -6.950487e-03 5.195865e-05
 9.909910e-02 -6.023933e-05 -7.464685e-03 5.572515e-05
 1.001001e-01 -2.165313e-03 -7.420964e-03 5.975929e-05
 1.011011e-01 -4.246564e-03 -6.784973e-03 6.406916e-05
 1.021021e-01 -6.137425e-03 -5.567260e-03 6.866238e-05
 1.031031e-01 -7.675705e-03 -3.825086e-03 7.354774e-05
 1.041041e-01 -8.716771e-03 -1.660859e-03 7.874054e-05
 1.051051e-01 -9.145928e-03  7.833202e-04 8.426159e-05
 1.061061e-01 -8.889333e-03  3.334336e-03 9.013803e-05
 1.071071e-01 -7.922133e-03  5.799898e-03 9.639900e-05
 1.081081e-01 -6.273416e-03  7.982333e-03 1.030734e-04
 1.091091e-01 -4.027038e-03  9.693810e-03 1.101870e-04
 1.101101e-01 -1.318416e-03  1.077141e-02 1.177615e-04
 1.111111e-01  1.673051e-03  1.109133e-02 1.258168e-04
 1.121121e-01  4.735201e-03  1.058065e-02 1.343722e-04
 1.131131e-01  7.637653e-03  9.225923e-03 1.434514e-04
 1.141141e-01  1.014838e-02  7.077597e-03 1.530820e-04
 1.151151e-01  1.205146e-02  4.249831e-03 1.632988e-04
 1.161161e-01  1.316441e-02  9.152791e-04 1.741395e-04
 1.171171e-01  1.335404e-02 -2.704661e-03 1.856454e-04
 1.181181e-01  1.254918e-02 -6.354065e-03 1.978560e-04
 1.191191e-01  1.074967e-02 -9.759829e-03 2.108096e-04
 1.201201e-01  8.030125e-03 -1.265145e-02 2.245422e-04
 1.211211e-01  4.538524e-03 -1.478142e-02 2.390886e-04
 1.221221e-01  4.889905e-04 -1.594513e-02 2.544861e-04
 1.231231e-01 -3.850561e-03 -1.599836e-02 2.707744e-04
 1.241241e-01 -8.175613e-03 -1.487141e-02 2.879996e-04
 1.251251e-01 -1.216564e-02 -1.257806e-02 3.062105e-04
 1.261261e-01 -1.550711e-02 -9.219085e-03 3.254620e-04
 1.271271e-01 -1.791690e-02 -4.979214e-03 3.458078e-04
 1.281281e-01 -1.916481e-02 -1.180209e-04 3.673040e-04
 1.291291e-01 -1.909312e-02  5.045416e-03 3.900035e-04
 1.301301e-01 -1.763188e-02  1.015270e-02 4.139604e-04
 1.311311e-01 -1.480837e-02  1.483038e-02 4.392281e-04
 1.321321e-01 -1.075013e-02  1.871624e-02 4.658631e-04
 1.331331e-01 -5.680591e-03  2.148621e-02 4.939263e-04
 1.341341e-01  9.225281e-05  2.287954e-02 5.234820e-04
 1.351351e-01  6.193938e-03  2.272083e-02 5.546010e-04
 1.361361e-01  1.220711e-02  2.093660e-02 5.873548e-04
 1.371371e-01  1.769942e-02  1.756562e-02 6.218202e-04
 1.381381e-01  2.225353e-02  1.276134e-02 6.580714e-04
 1.391391e-01  2.549762e-02  6.786597e-03 6.961867e-04
 1.401401e-01  2.713379e-02 -7.845515e-08 7.362424e-04
 1.411411e-01  2.696257e-02 -7.165151e-03 7.783197e-04
 1.421421e-01  2.490150e-02 -1.422730e-02 8.225008e-04
 1.431431e-01  2.099630e-02 -2.068887e-02 8.688737e-04
 1.441441e-01  1.542337e-02 -2.607009e-02 9.175303e-04
 1.451451e-01  8.483522e-03 -2.994320e-02 9.685651e-04
 1.461461e-01  5.864057e-04 -3.196456e-02 1.022077e-03
 1.471471e-01 -7.772907e-03 -3.190213e-02 1.078164e-03
 1.481481e-01 -1.604451e-02 -2.965636e-02 1.136926e-03
 1.491491e-01 -2.365901e-02 -2.527274e-02 1.198460e-03
 1.501502e-01 -3.006589e-02 -1.894494e-02 1.262868e-03
 1.511512e-01 -3.477178e-02 -1.100771e-02 1.330246e-03
 1.521522e-01 -3.737660e-02 -1.920163e-03 1.400697e-03
 1.531532e-01 -3.760446e-02  7.760416e-03 1.474319e-03
 1.541542e-01 -3.532756e-02  1.741211e-02 1.551218e-03
 1.551552e-01 -3.058066e-02  2.638782e-02 1.631494e-03
 1.561562e-01 -2.356544e-02  3.405762e-02 1.715251e-03
 1.571572e-01 -1.464343e-02  3.985175e-02 1.802592e-03
 1.581582e-01 -4.318338e-03  4.330089e-02 1.893615e-03
 1.591592e-01  6.792107e-03  4.407145e-02 1.988425e-03
 1.601602e-01  1.799260e-02  4.199269e-02 2.087120e-03
 1.611612e-01  2.855337e-02  3.707438e-02 2.189805e-03
 1.621622e-01  3.775683e-02  2.951277e-02 2.296582e-03
 1.631632e-01  4.494525e-02  1.968472e-02 2.407564e-03
 1.641642e-01  4.956581e-02  8.129594e-03 2.522860e-03
 1.651652e-01  5.121053e-02 -4.479927e-03 2.642589e-03
 1.661662e-01  4.964788e-02 -1.737689e-02 2.766868e-03
 1.671672e-01  4.484400e-02 -2.974624e-02 2.895823e-03
 1.681682e-01  3.697174e-02 -4.077585e-02 3.029579e-03
 1.691692e-01  2.640668e-02 -4.970867e-02 3.168264e-03
 1.701702e-01  1.370990e-02 -5.589319e-02 3.312010e-03
 1.711712e-01 -4.015510e-04 -5.882842e-02 3.460944e-03
 1.721722e-01 -1.509520e-02 -5.820084e-02 3.615203e-03
 1.731732e-01 -2.947205e-02 -5.391019e-02 3.774910e-03
 1.741742e-01 -4.262128e-02 -4.608278e-02 3.940196e-03
 1.751752e-01 -5.367708e-02 -3.507055e-02 4.111172e-03
 1.761762e-01 -6.187441e-02 -2.143617e-02 4.287953e-03
 1.771772e-01 -6.659978e-02 -5.924191e-03 4.470627e-03
 1.781782e-01 -6.743406e-02  1.057966e-02 4.659281e-03
 1.791792e-01 -6.418412e-02  2.709935e-02 4.853976e-03
 1.801802e-01 -5.690149e-02  4.262603e-02 5.054758e-03
 1.811812e-01 -4.588608e-02  5.617939e-02 5.261656e-03
 1.821822e-01 -3.167489e-02  6.686838e-02 5.474678e-03
 1.831832e-01 -1.501567e-02  7.394827e-02 5.693817e-03
 1.841842e-01  3.172754e-03  7.686987e-02 5.919044e-03
 1.851852e-01  2.185174e-02  7.531815e-02 6.150323e-03
 1.861862e-01  3.992234e-02  6.923730e-02 6.387597e-03
 1.871872e-01  5.629000e-02  5.884089e-02 6.630814e-03
 1.881882e-01  6.993021e-02  4.460571e-02 6.879904e-03
 1.891892e-01  7.995157e-02  2.724996e-02 7.134813e-03
 1.901902e-01  8.565191e-02  7.696161e-03 7.395481e-03
 1.911912e-01  8.656459e-02 -1.297852e-02 7.661871e-03
 1.921922e-01  8.249135e-02 -3.360249e-02 7.933950e-03
 1.931932e-01  7.352020e-02 -5.297634e-02 8.211712e-03
 1.941942e-01  6.002648e-02 -6.994275e-02 8.495167e-03
 1.951952e-01  4.265728e-02 -8.345477e-02 8.784342e-03
 1.961962e-01  2.229941e-02 -9.263921e-02 9.079287e-03
 1.971972e-01  3.304459e-05 -9.685069e-02 9.380057e-03
 1.981982e-01 -2.292684e-02 -9.571355e-02 9.686724e-03
 1.991992e-01 -4.529760e-02 -8.914860e-02 9.999346e-03
 2.002002e-01 -6.580119e-02 -7.738337e-02 1.031798e-02
 2.012012e-01 -8.323703e-02 -6.094465e-02 1.064265e-02
 2.022022e-01 -9.655173e-02 -4.063407e-02 1.097336e-02
 2.032032e-01 -1.049011e-01 -1.748726e-02 1.131005e-02
 2.042042e-01 -1.077014e-01  7.280374e-03 1.165259e-02
 2.052052e-01 -1.046661e-01  3.233917e-02 1.200081e-02
 2.062062e-01 -9.582664e-02  5.631760e-02 1.235442e-02
 2.072072e-01 -8.153555e-02  7.787819e-02 1.271306e-02
 2.082082e-01 -6.245136e-02  9.579198e-02 1.307628e-02
 2.092092e-01 -3.950651e-02  1.090081e-01 1.344353e-02
 2.102102e-01 -1.385975e-02  1.167137e-01 1.381418e-02
 2.112112e-01  1.316454e-02  1.183817e-01 1.418754e-02
 2.122122e-01  4.014651e-02  1.138029e-01 1.456283e-02
 2.132132e-01  6.564694e-02  1.031007e-01 1.493928e-02
 2.142142e-01  8.828481e-02  8.672857e-02 1.531605e-02
 2.152152e-01  1.068123e-01  6.544855e-02 1.569238e-02
 2.162162e-01  1.201830e-01  4.029342e-02 1.606751e-02
 2.172172e-01  1.276094e-01  1.251412e-02 1.644076e-02
 2.182182e-01  1.286071e-01 -1.648513e-02 1.681155e-02
 2.192192e-01  1.230228e-01 -4.521983e-02 1.717943e-02
 2.202202e-01  1.110443e-01 -7.220298e-02 1.754410e-02
 2.212212e-01  9.319320e-02 -9.602297e-02 1.790538e-02
 2.222222e-01  7.029939e-02 -1.154178e-01 1.826328e-02
 2.232232e-01  4.345935e-02 -1.293415e-01 1.861793e-02
 2.242242e-01  1.398056e-02 -1.370188e-01 1.896960e-02
 2.252252e-01 -1.668505e-02 -1.379865e-01 1.931866e-02
 2.262262e-01 -4.701522e-02 -1.321179e-01 1.966556e-02
 2.272272e-01 -7.549485e-02 -1.196297e-01 2.001075e-02
 2.282282e-01 -1.006930e-01 -1.010721e-01 2.035466e-02
 2.292292e-01 -1.213354e-01 -7.730028e-02 2.069761e-02
 2.302302e-01 -1.363682e-01 -4.943219e-02 2.103983e-02
 2.312312e-01 -1.450109e-01 -1.879172e-02 2.138128e-02
 2.322322e-01 -1.467945e-01  1.315723e-02 2.172174e-02
 2.332332e-01 -1.415842e-01  4.488397e-02 2.206065e-02
 2.342342e-01 -1.295846e-01  7.486647e-02 2.239717e-02
 2.352352e-01 -1.113288e-01  1.016663e-01 2.273012e-02
 2.362362e-01 -8.764995e-02  1.239980e-01 2.305802e-02
 2.372372e-01 -5.963982e-02  1.407913e-01 2.337909e-02
 2.382382e-01 -2.859390e-02  1.512405e-01 2.369131e-02
 2.392392e-01  4.052328e-03  1.548421e-01 2.399249e-02
 2.402402e-01  3.679304e-02  1.514154e-01 2.428034e-02
 2.412412e-01  6.812442e-02  1.411087e-01 2.455260e-02
 2.422422e-01  9.661550e-02  1.243886e-01 2.480709e-02
 2.432432e-01  1.209748e-01  1.020147e-01 2.504189e-02
 2.442442e-01  1.401084e-01  7.500019e-02 2.525541e-02
 2.452452e-01  1.531690e-01  4.456179e-02 2.544649e-02
 2.462462e-01  1.595903e-01  1.206058e-02 2.561452e-02
 2.472472e-01  1.591096e-01 -2.106249e-02 2.575951e-02
 2.482482e-01  1.517744e-01 -5.335363e-02 2.588207e-02
 2.492492e-01  1.379347e-01 -8.341209e-02 2.598355e-02
 2.502503e-01  1.182218e-01 -1.099522e-01 2.606588e-02
 2.512513e-01  9.351479e-02 -1.318584e-01 2.613164e-02
 2.522523e-01  6.489601e-02 -1.482310e-01 2.618391e-02
 2.532533e-01  3.359928e-02 -1.584211e-01 2.622615e-02
 2.542543e-01  9.523837e-04 -1.620531e-01 2.626212e-02
 2.552553e-01 -3.168263e-02 -1.590341e-01 2.629563e-02
 2.562563e-01 -6.296893e-02 -1.495506e-01 2.633046e-02
 2.572573e-01 -9.165096e-02 -1.340529e-01 2.637009e-02
 2.582583e-01 -1.166053e-01 -1.132290e-01 2.641761e-02
 2.592593e-01 -1.368835e-01 -8.796810e-02 2.647549e-02
 2.602603e-01 -1.517462e-01 -5.931790e-02 2.654551e-02
 2.612613e-01 -1.606860e-01 -2.843634e-02 2.662862e-02
 2.622623e-01 -1.634409e-01  3.459088e-03 2.672490e-02
 2.632633e-01 -1.599955e-01  3.514241e-02 2.683355e-02
 2.642643e-01 -1.505725e-01  6.542795e-02 2.695291e-02
 2.652653e-01 -1.356151e-01  9.321539e-02 2.708057e-02
 2.662663e-01 -1.157605e-01  1.175286e-01 2.721348e-02
 2.672673e-01 -9.180785e-02  1.375480e-01 2.734813e-02
 2.682683e-01 -6.468100e-02  1.526341e-01 2.748079e-02
 2.692693e-01 -3.538880e-02  1.623432e-01 2.760768e-02
 2.702703e-01 -4.984506e-03  1.664345e-01 2.772528e-02
 2.712713e-01  2.547406e-02  1.648685e-01 2.783057e-02
 2.722723e-01  5.496156e-02  1.577989e-01 2.792125e-02
 2.732733e-01  8.251875e-02  1.455565e-01 2.799604e-02
 2.742743e-01  1.072809e-01  1.286298e-01 2.805480e-02
 2.752753e-01  1.285009e-01  1.076396e-01 2.809877e-02
 2.762763e-01  1.455665e-01  8.331270e-02 2.813063e-02
 2.772773e-01  1.580118e-01  5.645297e-02 2.815465e-02
 2.782783e-01  1.655219e-01  2.791328e-02 2.817667e-02
 2.792793e-01  1.679346e-01 -1.431860e-03 2.820409e-02
 2.802803e-01  1.652349e-01 -3.071191e-02 2.824581e-02
 2.812813e-01  1.575478e-01 -5.908292e-02 2.831209e-02
 2.822823e-01  1.451267e-01 -8.574770e-02 2.841444e-02
 2.832833e-01  1.283412e-01 -1.099722e-01 2.856536e-02
 2.842843e-01  1.076618e-01 -1.310995e-01 2.877815e-02
 2.852853e-01  8.364556e-02 -1.485599e-01 2.906662e-02
 2.862863e-01  5.692080e-02 -1.618791e-01 2.944483e-02
 2.872873e-01  2.817243e-02 -1.706840e-01 2.992672e-02
 2.882883e-01 -1.872407e-03 -1.747064e-01 3.052584e-02
 2.892893e-01 -3.245774e-02 -1.737855e-01 3.125489e-02
 2.902903e-01 -6.281205e-02 -1.678693e-01 3.212545e-02
 2.912913e-01 -9.216082e-02 -1.570155e-01 3.314747e-02
 2.922923e-01 -1.197393e-01 -1.413913e-01 3.432899e-02
 2.932933e-01 -1.448051e-01 -1.212730e-01 3.567566e-02
 2.942943e-01 -1.666516e-01 -9.704466e-02 3.719044e-02
 2.952953e-01 -1.846217e-01 -6.919556e-02 3.887321e-02
 2.962963e-01 -1.981223e-01 -3.831674e-02 4.072063e-02
 2.972973e-01 -2.066394e-01 -5.095271e-03 4.272582e-02
 2.982983e-01 -2.097542e-01  2.969335e-02 4.487850e-02
 2.992993e-01 -2.071581e-01  6.519586e-02 4.716497e-02
 3.003003e-01 -1.986690e-01  1.004945e-01 4.956855e-02
 3.013013e-01 -1.842451e-01  1.346243e-01 5.206998e-02
 3.023023e-01 -1.639975e-01  1.665928e-01 5.464832e-02
 3.033033e-01 -1.381998e-01  1.954039e-01 5.728186e-02
 3.043043e-01 -1.072950e-01  2.200844e-01 5.994936e-02
 3.053053e-01 -7.189668e-02  2.397133e-01 6.263159e-02
 3.063063e-01 -3.278637e-02  2.534519e-01 6.531282e-02
 3.073073e-01  9.096007e-03  2.605761e-01 6.798265e-02
 3.083083e-01  5.266693e-02  2.605070e-01 7.063769e-02
 3.093093e-01  9.672112e-02  2.528404e-01 7.328327e-02
 3.103103e-01  1.399591e-01  2.373737e-01 7.593482e-02
 3.113113e-01  1.810213e-01  2.141272e-01 7.861915e-02
 3.123123e-01  2.185263e-01  1.833610e-01 8.137498e-02
 3.133133e-01  2.511143e-01  1.455843e-01 8.425318e-02
 3.143143e-01  2.774929e-01  1.015566e-01 8.731606e-02
 3.153153e-01  2.964842e-01  5.228082e-02 9.063614e-02
 3.163163e-01  3.070714e-01 -1.013305e-03 9.429385e-02
 3.173173e-01  3.084439e-01 -5.689469e-02 9.837468e-02
 3.183183e-01  3.000377e-01 -1.137657e-01 1.029652e-01
 3.193193e-01  2.815695e-01 -1.699046e-01 1.081490e-01
 3.203203e-01  2.530644e-01 -2.235163e-01 1.140011e-01
 3.213213e-01  2.148731e-01 -2.727877e-01 1.205836e-01
 3.223223e-01  1.676794e-01 -3.159483e-01 1.279397e-01
 3.233233e-01  1.124966e-01 -3.513316e-01 1.360894e-01
 3.243243e-01  5.065069e-02 -3.774379e-01 1.450249e-01
 3.253253e-01 -1.624639e-02 -3.929933e-01 1.547077e-01
 3.263263e-01 -8.633682e-02 -3.970046e-01 1.650667e-01
 3.273273e-01 -1.575664e-01 -3.888073e-01 1.759983e-01
 3.283283e-01 -2.277444e-01 -3.681037e-01 1.873679e-01
 3.293293e-01 -2.946097e-01 -3.349911e-01 1.990139e-01
 3.303303e-01 -3.559042e-01 -2.899763e-01 2.107541e-01
 3.313313e-01 -4.094479e-01 -2.339777e-01 2.223931e-01
 3.323323e-01 -4.532151e-01 -1.683123e-01 2.337329e-01
 3.333333e-01 -4.854086e-01 -9.466889e-02 2.445837e-01
 3.343343e-01 -5.045286e-01 -1.506718e-02 2.547762e-01
 3.353353e-01 -5.094346e-01  6.819617e-02 2.641744e-01
 3.363363e-01 -4.993966e-01  1.526126e-01 2.726876e-01
 3.373373e-01 -4.741346e-01  2.355368e-01 2.802812e-01
 3.383383e-01 -4.338445e-01  3.142688e-01 2.869859e-01
 3.393393e-01 -3.792078e-01  3.861407e-01 2.929032e-01
 3.403403e-01 -3.113863e-01  4.486053e-01 2.982081e-01
 3.413413e-01 -2.319997e-01  4.993235e-01 3.031479e-01
 3.423423e-01 -1.430878e-01  5.362470e-01 3.080350e-01
 3.433433e-01 -4.705711e-02  5.576941e-01 3.132371e-01
 3.443443e-01  5.338607e-02  5.624153e-01 3.191610e-01
 3.453453e-01  1.553141e-01  5.496465e-01 3.262338e-01
 3.463463e-01  2.556655e-01  5.191475e-01 3.348790e-01
 3.473473e-01  3.513403e-01  4.712242e-01 3.454923e-01
 3.483483e-01  4.392969e-01  4.067336e-01 3.584139e-01
 3.493493e-01  5.166508e-01  3.270712e-01 3.739036e-01
 3.503504e-01  5.807701e-01  2.341401e-01 3.921155e-01
 3.513514e-01  6.293641e-01  1.303042e-01 4.130784e-01
 3.523524e-01  6.605634e-01  1.832411e-02 4.366798e-01
 3.533534e-01  6.729880e-01 -9.871920e-02 4.626584e-01
 3.543544e-01  6.658004e-01 -2.175137e-01 4.906024e-01
 3.553554e-01  6.387434e-01 -3.346132e-01 5.199591e-01
 3.563564e-01  5.921588e-01 -4.465416e-01 5.500514e-01
 3.573574e-01  5.269891e-01 -5.498978e-01 5.801051e-01
 3.583584e-01  4.447590e-01 -6.414616e-01 6.092835e-01
 3.593594e-01  3.475394e-01 -7.182940e-01 6.367299e-01
 3.603604e-01  2.378931e-01 -7.778315e-01 6.616149e-01
 3.613614e-01  1.188058e-01 -8.179680e-01 6.831865e-01
 3.623624e-01 -6.398618e-03 -8.371261e-01 7.008211e-01
 3.633634e-01 -1.341520e-01 -8.343103e-01 7.140704e-01
 3.643644e-01 -2.607460e-01 -8.091452e-01 7.227044e-01
 3.653654e-01 -3.824405e-01 -7.618936e-01 7.267426e-01
 3.663664e-01 -4.955743e-01 -6.934570e-01 7.264765e-01
 3.673674e-01 -5.966743e-01 -6.053549e-01 7.224748e-01
 3.683684e-01 -6.825599e-01 -4.996879e-01 7.155760e-01
 3.693694e-01 -7.504393e-01 -3.790808e-01 7.068614e-01
 3.703704e-01 -7.979954e-01 -2.466116e-01 6.976139e-01
 3.713714e-01 -8.234569e-01 -1.057258e-01 6.892593e-01
 3.723724e-01 -8.256557e-01  3.985971e-02 6.832961e-01
 3.733734e-01 -8.040643e-01  1.862621e-01 6.812129e-01
 3.743744e-01 -7.588175e-01  3.295419e-01 6.844018e-01
 3.753754e-01 -6.907125e-01  4.658153e-01 6.940677e-01
 3.763764e-01 -6.011918e-01  5.913643e-01 7.111433e-01
 3.773774e-01 -4.923063e-01  7.027421e-01 7.362120e-01
 3.783784e-01 -3.666615e-01  7.968714e-01 7.694447e-01
 3.793794e-01 -2.273479e-01  8.711315e-01 8.105572e-01
 3.803804e-01 -7.785803e-02  9.234321e-01 8.587886e-01
 3.813814e-01  7.800866e-02  9.522727e-01 9.129087e-01
 3.823824e-01  2.362480e-01  9.567847e-01 9.712501e-01
 3.833834e-01  3.927603e-01  9.367557e-01 1.031772e+00
 3.843844e-01  5.434602e-01  8.926353e-01 1.092147e+00
 3.853854e-01  6.843871e-01  8.255226e-01 1.149873e+00
 3.863864e-01  8.118108e-01  7.371357e-01 1.202406e+00
 3.873874e-01  9.223312e-01  6.297642e-01 1.247298e+00
 3.883884e-01  1.012967e+00  5.062060e-01 1.282346e+00
 3.893894e-01  1.081234e+00  3.696916e-01 1.305739e+00
 3.903904e-01  1.125209e+00  2.237952e-01 1.316179e+00
 3.913914e-01  1.143578e+00  7.233951e-02 1.313003e+00
 3.923924e-01  1.135667e+00 -8.070799e-02 1.296252e+00
 3.933934e-01  1.101457e+00 -2.313394e-01 1.266726e+00
 3.943944e-01  1.041583e+00 -3.756131e-01 1.225981e+00
 3.953954e-01  9.573108e-01 -5.097561e-01 1.176295e+00
 3.963964e-01  8.505007e-01 -6.302621e-01 1.120582e+00
 3.973974e-01  7.235586e-01 -7.339808e-01 1.062265e+00
 3.983984e-01  5.793694e-01 -8.181979e-01 1.005117e+00
 3.993994e-01  4.212210e-01 -8.807016e-01 9.530624e-01
 4.004004e-01  2.527186e-01 -9.198366e-01 9.099660e-01
 4.014014e-01  7.769220e-02 -9.345421e-01 8.794050e-01
 4.024024e-01 -9.990006e-02 -9.243753e-01 8.644498e-01
 4.034034e-01 -2.760703e-01 -8.895173e-01 8.674558e-01
 4.044044e-01 -4.468990e-01 -8.307645e-01 8.898883e-01
 4.054054e-01 -6.086284e-01 -7.495034e-01 9.321839e-01
 4.064064e-01 -7.577521e-01 -6.476724e-01 9.936679e-01
 4.074074e-01 -8.910945e-01 -5.277085e-01 1.072526e+00
 4.084084e-01 -1.005883e+00 -3.924843e-01 1.165844e+00
 4.094094e-01 -1.099805e+00 -2.452332e-01 1.269710e+00
 4.104104e-01 -1.171059e+00 -8.946941e-02 1.379383e+00
 4.114114e-01 -1.218384e+00  7.110057e-02 1.489514e+00
 4.124124e-01 -1.241082e+00  2.326669e-01 1.594418e+00
 4.134134e-01 -1.239021e+00  3.914084e-01 1.688374e+00
 4.144144e-01 -1.212630e+00  5.435822e-01 1.765954e+00
 4.154154e-01 -1.162874e+00  6.856102e-01 1.822338e+00
 4.164164e-01 -1.091221e+00  8.141601e-01 1.853621e+00
 4.174174e-01 -9.995983e-01  9.262192e-01 1.857079e+00
 4.184184e-01 -8.903344e-01  1.019159e+00 1.831381e+00
 4.194194e-01 -7.660987e-01  1.090791e+00 1.776733e+00
 4.204204e-01 -6.298304e-01  1.139409e+00 1.694939e+00
 4.214214e-01 -4.846642e-01  1.163821e+00 1.589378e+00
 4.224224e-01 -3.338542e-01  1.163368e+00 1.464884e+00
 4.234234e-01 -1.806956e-01  1.137934e+00 1.327544e+00
 4.244244e-01 -2.844941e-02  1.087935e+00 1.184413e+00
 4.254254e-01  1.197318e-01  1.014309e+00 1.043159e+00
 4.264264e-01  2.608716e-01  9.184803e-01 9.116600e-01
 4.274274e-01  3.922332e-01  8.023270e-01 7.975756e-01
 4.284284e-01  5.113732e-01  6.681315e-01 7.079023e-01
 4.294294e-01  6.161898e-01  5.185267e-01 6.485598e-01
 4.304304e-01  7.049586e-01  3.564343e-01 6.240120e-01
 4.314314e-01  7.763613e-01  1.850011e-01 6.369623e-01
 4.324324e-01  8.295020e-01  7.529126e-03 6.881302e-01
 4.334334e-01  8.639153e-01 -1.725924e-01 7.761377e-01
 4.344344e-01  8.795620e-01 -3.519581e-01 8.975037e-01
 4.354354e-01  8.768181e-01 -5.272125e-01 1.046763e+00
 4.364364e-01  8.564513e-01 -6.951167e-01 1.216696e+00
 4.374374e-01  8.195931e-01 -8.526071e-01 1.398672e+00
 4.384384e-01  7.676997e-01 -9.968520e-01 1.583077e+00
 4.394394e-01  7.025107e-01 -1.125299e+00 1.759819e+00
 4.404404e-01  6.259987e-01 -1.235718e+00 1.918873e+00
 4.414414e-01  5.403196e-01 -1.326234e+00 2.050843e+00
 4.424424e-01  4.477564e-01 -1.395355e+00 2.147502e+00
 4.434434e-01  3.506653e-01 -1.441987e+00 2.202294e+00
 4.444444e-01  2.514188e-01 -1.465447e+00 2.210745e+00
 4.454454e-01  1.523540e-01 -1.465459e+00 2.170782e+00
 4.464464e-01  5.571887e-02 -1.442157e+00 2.082920e+00
 4.474474e-01 -3.637284e-02 -1.396060e+00 1.950307e+00
 4.484484e-01 -1.219873e-01 -1.328064e+00 1.778635e+00
 4.494494e-01 -1.994058e-01 -1.239405e+00 1.575887e+00
 4.504505e-01 -2.671590e-01 -1.131636e+00 1.351974e+00
 4.514515e-01 -3.240498e-01 -1.006587e+00 1.118226e+00
 4.524525e-01 -3.691750e-01 -8.663293e-01 8.868165e-01
 4.534535e-01 -4.019327e-01 -7.131304e-01 6.701049e-01
 4.544545e-01 -4.220317e-01 -5.494155e-01 4.799681e-01
 4.554555e-01 -4.294843e-01 -3.777204e-01 3.271294e-01
 4.564565e-01 -4.246018e-01 -2.006505e-01 2.205473e-01
 4.574575e-01 -4.079752e-01 -2.083614e-02 1.668779e-01
 4.584585e-01 -3.804587e-01  1.591064e-01 1.700636e-01
 4.594595e-01 -3.431389e-01  3.366156e-01 2.310544e-01
 4.604605e-01 -2.973099e-01  5.092188e-01 3.476970e-01
 4.614615e-01 -2.444334e-01  6.745670e-01 5.147884e-01
 4.624625e-01 -1.861081e-01  8.304621e-01 7.243036e-01
 4.634635e-01 -1.240244e-01  9.748842e-01 9.657813e-01
 4.644645e-01 -5.993125e-02  1.106012e+00 1.226853e+00
 4.654655e-01  4.411151e-03  1.222240e+00 1.493889e+00
 4.664665e-01  6.726363e-02  1.322193e+00 1.752718e+00
 4.674675e-01  1.269547e-01  1.404736e+00 1.989400e+00
 4.684685e-01  1.819077e-01  1.468978e+00 2.190988e+00
 4.694695e-01  2.306847e-01  1.514278e+00 2.346254e+00
 4.704705e-01  2.720056e-01  1.540239e+00 2.446325e+00
 4.714715e-01  3.047865e-01  1.546709e+00 2.485205e+00
 4.724725e-01  3.281488e-01  1.533772e+00 2.460137e+00
 4.734735e-01  3.414516e-01  1.501737e+00 2.371803e+00
 4.744745e-01  3.442865e-01  1.451133e+00 2.224321e+00
 4.754755e-01  3.365058e-01  1.382692e+00 2.025074e+00
 4.764765e-01  3.182004e-01  1.297337e+00 1.784335e+00
 4.774775e-01  2.897258e-01  1.196164e+00 1.514750e+00
 4.784785e-01  2.516591e-01  1.080434e+00 1.230669e+00
 4.794795e-01  2.048303e-01  9.515436e-01 9.473906e-01
 4.804805e-01  1.502473e-01  8.110283e-01 6.803412e-01
 4.814815e-01  8.915362e-02  6.605198e-01 4.442347e-01
 4.824825e-01  2.288744e-02  5.017645e-01 2.522915e-01
 4.834835e-01 -4.695863e-02  3.365520e-01 1.154723e-01
 4.844845e-01 -1.189440e-01  1.667968e-01 4.196887e-02
 4.854855e-01 -1.902246e-01 -5.675812e-03 3.621763e-02
 4.864865e-01 -2.513229e-01 -1.777358e-01 9.475325e-02
 4.874875e-01 -2.967491e-01 -3.397525e-01 2.034918e-01
 4.884885e-01 -3.229328e-01 -4.816240e-01 3.362473e-01
 4.894895e-01 -3.273429e-01 -5.945974e-01 4.606994e-01
 4.904905e-01 -3.090176e-01 -6.715756e-01 5.465056e-01
 4.914915e-01 -2.685057e-01 -7.076552e-01 5.728712e-01
 4.924925e-01 -2.079783e-01 -7.003867e-01 5.337965e-01
 4.934935e-01 -1.310421e-01 -6.499618e-01 4.396224e-01
 4.944945e-01 -4.258475e-02 -5.592068e-01 3.145257e-01
 4.954955e-01  5.158243e-02 -4.334281e-01 1.905207e-01
 4.964965e-01  1.450654e-01 -2.801125e-01 9.950695e-02
 4.974975e-01  2.313560e-01 -1.084738e-01 6.529219e-02
 4.984985e-01  3.042499e-01  7.107620e-02 9.761985e-02
 4.994995e-01  3.583192e-01  2.475768e-01 1.896869e-01
 5.005005e-01  3.892792e-01  4.101520e-01 3.197630e-01
 5.015015e-01  3.943482e-01  5.487084e-01 4.565914e-01
 5.025025e-01  3.724464e-01  6.545163e-01 5.671080e-01
 5.035035e-01  3.243495e-01  7.208027e-01 6.247591e-01
 5.045045e-01  2.526450e-01  7.431251e-01 6.160645e-01
 5.055055e-01  1.616399e-01  7.197336e-01 5.441439e-01
 5.065065e-01  5.706108e-02  6.516228e-01 4.278682e-01
 5.075075e-01 -5.425259e-02  5.425969e-01 2.973548e-01
 5.085085e-01 -1.648554e-01  3.989474e-01 1.863364e-01
 5.095095e-01 -2.671190e-01  2.292433e-01 1.239050e-01
 5.105105e-01 -3.538456e-01  4.364044e-02 1.271112e-01
 5.115115e-01 -4.186545e-01 -1.464701e-01 1.967251e-01
 5.125125e-01 -4.566035e-01 -3.294975e-01 3.170554e-01
 5.135135e-01 -4.643276e-01 -4.938429e-01 4.594809e-01
 5.145145e-01 -4.406887e-01 -6.294619e-01 5.904288e-01
 5.155155e-01 -3.861700e-01 -7.268173e-01 6.773906e-01
 5.165165e-01 -3.057252e-01 -7.843350e-01 7.086493e-01
 5.175175e-01 -2.154873e-01 -8.285702e-01 7.329634e-01
 5.185185e-01 -1.188489e-01 -8.630645e-01 7.590054e-01
 5.195195e-01 -1.658655e-02 -8.860318e-01 7.853274e-01
 5.205205e-01  8.982405e-02 -8.969339e-01 8.125587e-01
 5.215215e-01  1.990248e-01 -8.948533e-01 8.403734e-01
 5.225225e-01  3.093878e-01 -8.793525e-01 8.689817e-01
 5.235235e-01  4.192809e-01 -8.499793e-01 8.982614e-01
 5.245245e-01  5.269234e-01 -8.066335e-01 9.283059e-01
 5.255255e-01  6.305321e-01 -7.493288e-01 9.590644e-01
 5.265265e-01  7.282576e-01 -6.783968e-01 9.905814e-01
 5.275275e-01  8.182868e-01 -5.943447e-01 1.022839e+00
 5.285285e-01  8.988161e-01 -4.979812e-01 1.055856e+00
 5.295295e-01  9.681338e-01 -3.903175e-01 1.089631e+00
 5.305305e-01  1.024613e+00 -2.726462e-01 1.124169e+00
 5.315315e-01  1.066783e+00 -1.464620e-01 1.159477e+00
 5.325325e-01  1.093330e+00 -1.350876e-02 1.195552e+00
 5.335335e-01  1.103158e+00  1.242923e-01 1.232406e+00
 5.345345e-01  1.095399e+00  2.648193e-01 1.270028e+00
 5.355355e-01  1.069460e+00  4.058200e-01 1.308434e+00
 5.365365e-01  1.025029e+00  5.449076e-01 1.347608e+00
 5.375375e-01  9.621163e-01  6.796309e-01 1.387566e+00
 5.385385e-01  8.810549e-01  8.074861e-01 1.428292e+00
 5.395395e-01  7.825242e-01  9.259878e-01 1.469797e+00
 5.405405e-01  6.675448e-01  1.032691e+00 1.512067e+00
 5.415415e-01  5.374885e-01  1.125262e+00 1.555109e+00
 5.425425e-01  3.940602e-01  1.201509e+00 1.598908e+00
 5.435435e-01  2.392928e-01  1.259448e+00 1.643470e+00
 5.445445e-01  7.551601e-02  1.297334e+00 1.688778e+00
 5.455455e-01 -9.466410e-02  1.313725e+00 1.734835e+00
 5.465465e-01 -2.684097e-01  1.307509e+00 1.781623e+00
 5.475475e-01 -4.426868e-01  1.277956e+00 1.829143e+00
 5.485485e-01 -6.143218e-01  1.224739e+00 1.877376e+00
 5.495495e-01 -7.800501e-01  1.147972e+00 1.926319e+00
 5.505506e-01 -9.365823e-01  1.048221e+00 1.975954e+00
 5.515516e-01 -1.080662e+00  9.265213e-01 2.026273e+00
 5.525526e-01 -1.209140e+00  7.843720e-01 2.077259e+00
 5.535536e-01 -1.319033e+00  6.237388e-01 2.128899e+00
 5.545546e-01 -1.407602e+00  4.470262e-01 2.181176e+00
 5.555556e-01 -1.472411e+00  2.570587e-01 2.234074e+00
 5.565566e-01 -1.511398e+00  5.703501e-02 2.287575e+00
 5.575576e-01 -1.522927e+00 -1.495123e-01 2.341660e+00
 5.585586e-01 -1.505850e+00 -3.587815e-01 2.396310e+00
 5.595596e-01 -1.459549e+00 -5.667612e-01 2.451501e+00
 5.605606e-01 -1.383971e+00 -7.693111e-01 2.507216e+00
 5.615616e-01 -1.279660e+00 -9.622361e-01 2.563427e+00
 5.625626e-01 -1.147767e+00 -1.141379e+00 2.620115e+00
 5.635636e-01 -9.900579e-01 -1.302703e+00 2.677250e+00
 5.645646e-01 -8.088991e-01 -1.442392e+00 2.734811e+00
 5.655656e-01 -6.072343e-01 -1.556931e+00 2.792767e+00
 5.665666e-01 -3.885477e-01 -1.643205e+00 2.851094e+00
 5.675676e-01 -1.568094e-01 -1.698579e+00 2.909758e+00
 5.685686e-01  8.358761e-02 -1.720973e+00 2.968735e+00
 5.695696e-01  3.279083e-01 -1.708937e+00 3.027990e+00
 5.705706e-01  5.711627e-01 -1.661706e+00 3.087495e+00
 5.715716e-01  8.082079e-01 -1.579245e+00 3.147215e+00
 5.725726e-01  1.033854e+00 -1.462280e+00 3.207118e+00
 5.735736e-01  1.242980e+00 -1.312315e+00 3.267169e+00
 5.745746e-01  1.430650e+00 -1.131626e+00 3.327335e+00
 5.755756e-01  1.592232e+00 -9.232427e-01 3.387580e+00
 5.765766e-01  1.723516e+00 -6.909120e-01 3.447867e+00
 5.775776e-01  1.820826e+00 -4.390347e-01 3.508160e+00
 5.785786e-01  1.881125e+00 -1.725959e-01 3.568420e+00
 5.795796e-01  1.902108e+00  1.029314e-01 3.628612e+00
 5.805806e-01  1.882287e+00  3.816913e-01 3.688694e+00
 5.815816e-01  1.821052e+00  6.575696e-01 3.748629e+00
 5.825826e-01  1.718721e+00  9.243245e-01 3.808376e+00
 5.835836e-01  1.576564e+00  1.175731e+00 3.867897e+00
 5.845846e-01  1.396812e+00  1.405726e+00 3.927149e+00
 5.855856e-01  1.182635e+00  1.608561e+00 3.986094e+00
 5.865866e-01  9.381005e-01  1.778948e+00 4.044689e+00
 5.875876e-01  6.681104e-01  1.912203e+00 4.102894e+00
 5.885886e-01  3.783085e-01  2.004382e+00 4.160666e+00
 5.895896e-01  7.497180e-02  2.052400e+00 4.217965e+00
 5.905906e-01 -2.351216e-01  2.054134e+00 4.274748e+00
 5.915916e-01 -5.448404e-01  2.008513e+00 4.330976e+00
 5.925926e-01 -8.468648e-01  1.915574e+00 4.386604e+00
 5.935936e-01 -1.133860e+00  1.776501e+00 4.441593e+00
 5.945946e-01 -1.398658e+00  1.593630e+00 4.495900e+00
 5.955956e-01 -1.634441e+00  1.370433e+00 4.549485e+00
 5.965966e-01 -1.834928e+00  1.111461e+00 4.602305e+00
 5.975976e-01 -1.994541e+00  8.222700e-01 4.654322e+00
 5.985986e-01 -2.108578e+00  5.093054e-01 4.705494e+00
 5.995996e-01 -2.173353e+00  1.797706e-01 4.755781e+00
 6.006006e-01 -2.186324e+00 -1.585372e-01 4.805145e+00
 6.016016e-01 -2.146190e+00 -4.974075e-01 4.853545e+00
 6.026026e-01 -2.052966e+00 -8.284174e-01 4.900945e+00
 6.036036e-01 -1.908017e+00 -1.143143e+00 4.947304e+00
 6.046046e-01 -1.714063e+00 -1.433379e+00 4.992588e+00
 6.056056e-01 -1.475149e+00 -1.691359e+00 5.036759e+00
 6.066066e-01 -1.196569e+00 -1.909975e+00 5.079782e+00
 6.076076e-01 -8.847697e-01 -2.082980e+00 5.121622e+00
 6.086086e-01 -5.472054e-01 -2.205178e+00 5.162245e+00
 6.096096e-01 -1.921674e-01 -2.272595e+00 5.201618e+00
 6.106106e-01  1.714148e-01 -2.282614e+00 5.239710e+00
 6.116116e-01  5.341980e-01 -2.234082e+00 5.276488e+00
 6.126126e-01  8.866671e-01 -2.127380e+00 5.311924e+00
 6.136136e-01  1.219389e+00 -1.964453e+00 5.345988e+00
 6.146146e-01  1.523274e+00 -1.748796e+00 5.378652e+00
 6.156156e-01  1.789831e+00 -1.485394e+00 5.409891e+00
 6.166166e-01  2.011418e+00 -1.180625e+00 5.439678e+00
 6.176176e-01  2.181475e+00 -8.421139e-01 5.467990e+00
 6.186186e-01  2.294731e+00 -4.785530e-01 5.494803e+00
 6.196196e-01  2.347381e+00 -9.948155e-02 5.520096e+00
 6.206206e-01  2.337231e+00  2.849610e-01 5.543850e+00
 6.216216e-01  2.263789e+00  6.643085e-01 5.566044e+00
 6.226226e-01  2.128324e+00  1.028056e+00 5.586662e+00
 6.236236e-01  1.933867e+00  1.365960e+00 5.605688e+00
 6.246246e-01  1.685159e+00  1.668336e+00 5.623106e+00
 6.256256e-01  1.388557e+00  1.926347e+00 5.638905e+00
 6.266266e-01  1.051879e+00  2.132281e+00 5.653071e+00
 6.276276e-01  6.842111e-01  2.279792e+00 5.665595e+00
 6.286286e-01  2.956665e-01  2.364117e+00 5.676468e+00
 6.296296e-01 -1.028887e-01  2.382246e+00 5.685683e+00
 6.306306e-01 -5.001408e-01  2.333044e+00 5.693234e+00
 6.316316e-01 -8.846537e-01  2.217319e+00 5.699117e+00
 6.326326e-01 -1.245206e+00  2.037840e+00 5.703328e+00
 6.336336e-01 -1.571129e+00  1.799283e+00 5.705868e+00
 6.346346e-01 -1.852637e+00  1.508135e+00 5.706735e+00
 6.356356e-01 -2.081135e+00  1.172522e+00 5.705931e+00
 6.366366e-01 -2.249501e+00  8.020006e-01 5.703461e+00
 6.376376e-01 -2.352328e+00  4.072864e-01 5.699328e+00
 6.386386e-01 -2.386114e+00 -4.976895e-05 5.693540e+00
 6.396396e-01 -2.349405e+00 -4.079220e-01 5.686102e+00
 6.406406e-01 -2.242868e+00 -8.040936e-01 5.677025e+00
 6.416416e-01 -2.069311e+00 -1.176551e+00 5.666319e+00
 6.426426e-01 -1.833619e+00 -1.513882e+00 5.653996e+00
 6.436436e-01 -1.542642e+00 -1.805637e+00 5.640069e+00
 6.446446e-01 -1.205006e+00 -2.042673e+00 5.624553e+00
 6.456456e-01 -8.308690e-01 -2.217458e+00 5.607463e+00
 6.466466e-01 -4.316190e-01 -2.324333e+00 5.588817e+00
 6.476476e-01 -1.953374e-02 -2.359714e+00 5.568634e+00
 6.486486e-01  3.925997e-01 -2.322240e+00 5.546933e+00
 6.496496e-01  7.918873e-01 -2.212837e+00 5.523735e+00
 6.506507e-01  1.165740e+00 -2.034727e+00 5.499062e+00
 6.516517e-01  1.502285e+00 -1.793343e+00 5.472938e+00
 6.526527e-01  1.790756e+00 -1.496188e+00 5.445387e+00
 6.536537e-01  2.021860e+00 -1.152613e+00 5.416435e+00
 6.546547e-01  2.188095e+00 -7.735279e-01 5.386107e+00
 6.556557e-01  2.284018e+00 -3.710681e-01 5.354431e+00
 6.566567e-01  2.306445e+00  4.179667e-02 5.321437e+00
 6.576577e-01  2.254581e+00  4.516816e-01 5.287152e+00
 6.586587e-01  2.130070e+00  8.452271e-01 5.251607e+00
 6.596597e-01  1.936965e+00  1.209545e+00 5.214834e+00
 6.606607e-01  1.681615e+00  1.532656e+00 5.176863e+00
 6.616617e-01  1.372470e+00  1.803899e+00 5.137728e+00
 6.626627e-01  1.019819e+00  2.014306e+00 5.097461e+00
 6.636637e-01  6.354507e-01  2.156919e+00 5.056096e+00
 6.646647e-01  2.322678e-01  2.227043e+00 5.013668e+00
 6.656657e-01 -1.761472e-01  2.222427e+00 4.970211e+00
 6.666667e-01 -5.759935e-01  2.143360e+00 4.925761e+00
 6.676677e-01 -9.537273e-01  1.992676e+00 4.880354e+00
 6.686687e-01 -1.296532e+00  1.775677e+00 4.834025e+00
 6.696697e-01 -1.592772e+00  1.499963e+00 4.786812e+00
 6.706707e-01 -1.832402e+00  1.175182e+00 4.738751e+00
 6.716717e-01 -2.007335e+00  8.127021e-01 4.689880e+00
 6.726727e-01 -2.111734e+00  4.252224e-01 4.640235e+00
 6.736737e-01 -2.142233e+00  2.632899e-02 4.589855e+00
 6.746747e-01 -2.098068e+00 -3.699826e-01 4.538777e+00
 6.756757e-01 -1.981119e+00 -7.498050e-01 4.487038e+00
 6.766767e-01 -1.795850e+00 -1.099818e+00 4.434677e+00
 6.776777e-01 -1.549164e+00 -1.407772e+00 4.381731e+00
 6.786787e-01 -1.250161e+00 -1.662930e+00 4.328238e+00
 6.796797e-01 -9.098123e-01 -1.856469e+00 4.274236e+00
 6.806807e-01 -5.405726e-01 -1.981803e+00 4.219761e+00
 6.816817e-01 -1.559244e-01 -2.034832e+00 4.164852e+00
 6.826827e-01  2.301133e-01 -2.014099e+00 4.109545e+00
 6.836837e-01  6.035006e-01 -1.920850e+00 4.053877e+00
 6.846847e-01  9.506973e-01 -1.758994e+00 3.997885e+00
 6.856857e-01  1.259167e+00 -1.534961e+00 3.941605e+00
 6.866867e-01  1.517846e+00 -1.257464e+00 3.885073e+00
 6.876877e-01  1.717561e+00 -9.371803e-01 3.828324e+00
 6.886887e-01  1.851376e+00 -5.863440e-01 3.771394e+00
 6.896897e-01  1.914854e+00 -2.182893e-01 3.714316e+00
 6.906907e-01  1.906226e+00  1.530569e-01 3.657125e+00
 6.916917e-01  1.826461e+00  5.137058e-01 3.599855e+00
 6.926927e-01  1.679225e+00  8.501418e-01 3.542538e+00
 6.936937e-01  1.470739e+00  1.149842e+00 3.485208e+00
 6.946947e-01  1.209536e+00  1.401756e+00 3.427896e+00
 6.956957e-01  9.061292e-01  1.596735e+00 3.370633e+00
 6.966967e-01  5.725997e-01  1.727883e+00 3.313449e+00
 6.976977e-01  2.221207e-01  1.790821e+00 3.256376e+00
 6.986987e-01 -1.315601e-01  1.783854e+00 3.199442e+00
 6.996997e-01 -4.746628e-01  1.708031e+00 3.142675e+00
 7.007007e-01 -7.939203e-01  1.567098e+00 3.086104e+00
 7.017017e-01 -1.077102e+00  1.367336e+00 3.029756e+00
 7.027027e-01 -1.313499e+00  1.117308e+00 2.973657e+00
 7.037037e-01 -1.494345e+00  8.275054e-01 2.917833e+00
 7.047047e-01 -1.613161e+00  5.099206e-01 2.862309e+00
 7.057057e-01 -1.666008e+00  1.775568e-01 2.807108e+00
 7.067067e-01 -1.651632e+00 -1.561027e-01 2.752255e+00
 7.077077e-01 -1.571505e+00 -4.776436e-01 2.697771e+00
 7.087087e-01 -1.429751e+00 -7.742677e-01 2.643679e+00
 7.097097e-01 -1.232962e+00 -1.034313e+00 2.589999e+00
 7.107107e-01 -9.899117e-01 -1.247728e+00 2.536751e+00
 7.117117e-01 -7.111843e-01 -1.406475e+00 2.483956e+00
 7.127127e-01 -4.087219e-01 -1.504851e+00 2.431630e+00
 7.137137e-01 -9.532061e-02 -1.539710e+00 2.379793e+00
 7.147147e-01  2.159100e-01 -1.510577e+00 2.328460e+00
 7.157157e-01  5.120979e-01 -1.419649e+00 2.277648e+00
 7.167167e-01  7.811490e-01 -1.271683e+00 2.227372e+00
 7.177177e-01  1.012251e+00 -1.073776e+00 2.177647e+00
 7.187187e-01  1.196323e+00 -8.350438e-01 2.128486e+00
 7.197197e-01  1.326386e+00 -5.662188e-01 2.079903e+00
 7.207207e-01  1.397844e+00 -2.791772e-01 2.031908e+00
 7.217217e-01  1.408662e+00  1.358118e-02 1.984514e+00
 7.227227e-01  1.359428e+00  2.994756e-01 1.937731e+00
 7.237237e-01  1.253304e+00  5.663895e-01 1.891569e+00
 7.247247e-01  1.095865e+00  8.031914e-01 1.846036e+00
 7.257257e-01  8.948304e-01  1.000210e+00 1.801142e+00
 7.267267e-01  6.597077e-01  1.149643e+00 1.756893e+00
 7.277277e-01  4.013546e-01  1.245878e+00 1.713297e+00
 7.287287e-01  1.314866e-01  1.285718e+00 1.670359e+00
 7.297297e-01 -1.378499e-01  1.268496e+00 1.628085e+00
 7.307307e-01 -3.948164e-01  1.196077e+00 1.586480e+00
 7.317317e-01 -6.283076e-01  1.072743e+00 1.545548e+00
 7.327327e-01 -8.284386e-01  9.049763e-01 1.505293e+00
 7.337337e-01 -9.869751e-01  7.011394e-01 1.465716e+00
 7.347347e-01 -1.097683e+00  4.710765e-01 1.426821e+00
 7.357357e-01 -1.156586e+00  2.256490e-01 1.388609e+00
 7.367367e-01 -1.162117e+00 -2.377082e-02 1.351081e+00
 7.377377e-01 -1.115157e+00 -2.658245e-01 1.314237e+00
 7.387387e-01 -1.018962e+00 -4.896875e-01 1.278078e+00
 7.397397e-01 -8.789835e-01 -6.855580e-01 1.242602e+00
 7.407407e-01 -7.025826e-01 -8.450952e-01 1.207808e+00
 7.417417e-01 -4.986652e-01 -9.617842e-01 1.173696e+00
 7.427427e-01 -2.772446e-01 -1.031212e+00 1.140262e+00
 7.437437e-01 -4.895900e-02 -1.051241e+00 1.107504e+00
 7.447447e-01  1.754356e-01 -1.022077e+00 1.075419e+00
 7.457457e-01  3.855727e-01 -9.462228e-01 1.044004e+00
 7.467467e-01  5.719573e-01 -8.283229e-01 1.013254e+00
 7.477477e-01  7.264017e-01 -6.749119e-01 9.831654e-01
 7.487487e-01  8.423928e-01 -4.940725e-01 9.537333e-01
 7.497497e-01  9.153757e-01 -2.950256e-01 9.249527e-01
 7.507508e-01  9.429380e-01 -8.766988e-02 8.968181e-01
 7.517518e-01  9.248905e-01  1.179048e-01 8.693239e-01
 7.527528e-01  8.632370e-01  3.119068e-01 8.424639e-01
 7.537538e-01  7.620399e-01  4.853112e-01 8.162319e-01
 7.547548e-01  6.271864e-01  6.302843e-01 7.906211e-01
 7.557558e-01  4.660684e-01  7.405437e-01 7.656247e-01
 7.567568e-01  2.871942e-01  8.116373e-01 7.412355e-01
 7.577578e-01  9.974968e-02  8.411280e-01 7.174463e-01
 7.587588e-01 -8.686637e-02  8.286758e-01 6.942494e-01
 7.597598e-01 -2.635112e-01  7.760147e-01 6.716370e-01
 7.607608e-01 -4.217470e-01  6.868264e-01 6.496011e-01
 7.617618e-01 -5.542466e-01  5.665195e-01 6.281336e-01
 7.627628e-01 -6.551384e-01  4.219240e-01 6.072262e-01
 7.637638e-01 -7.202713e-01  2.609210e-01 5.868704e-01
 7.647648e-01 -7.473884e-01  9.202406e-02 5.670578e-01
 7.657658e-01 -7.362023e-01 -7.606363e-02 5.477795e-01
 7.667668e-01 -6.883685e-01 -2.348948e-01 5.290268e-01
 7.677678e-01 -6.073600e-01 -3.767023e-01 5.107908e-01
 7.687688e-01 -4.982509e-01 -4.947814e-01 4.930627e-01
 7.697698e-01 -3.674219e-01 -5.838101e-01 4.758332e-01
 7.707708e-01 -2.222034e-01 -6.400930e-01 4.590934e-01
 7.717718e-01 -7.047565e-02 -6.617154e-01 4.428341e-01
 7.727728e-01  7.975114e-02 -6.486031e-01 4.270462e-01
 7.737738e-01  2.207568e-01 -6.024839e-01 4.117205e-01
 7.747748e-01  3.455071e-01 -5.267568e-01 3.968478e-01
 7.757758e-01  4.480060e-01 -4.262741e-01 3.824190e-01
 7.767768e-01  5.235866e-01 -3.070535e-01 3.684248e-01
 7.777778e-01  5.691256e-01 -1.759322e-01 3.548561e-01
 7.787788e-01  5.831714e-01 -4.018579e-02 3.417038e-01
 7.797798e-01  5.659807e-01  9.286878e-02 3.289587e-01
 7.807808e-01  5.194628e-01  2.162642e-01 3.166118e-01
 7.817818e-01  4.470369e-01  3.237470e-01 3.046541e-01
 7.827828e-01  3.534104e-01  4.100948e-01 2.930766e-01
 7.837838e-01  2.442929e-01  4.713719e-01 2.818705e-01
 7.847848e-01  1.260618e-01  5.051091e-01 2.710268e-01
 7.857858e-01  5.399697e-03  5.103996e-01 2.605369e-01
 7.867868e-01 -1.110779e-01  4.879076e-01 2.503921e-01
 7.877878e-01 -2.171817e-01  4.397908e-01 2.405838e-01
 7.887888e-01 -3.074769e-01  3.695422e-01 2.311035e-01
 7.897898e-01 -3.775614e-01  2.817627e-01 2.219429e-01
 7.907908e-01 -4.242812e-01  1.818764e-01 2.130935e-01
 7.917918e-01 -4.458705e-01  7.580805e-02 2.045473e-01
 7.927928e-01 -4.420119e-01 -3.035988e-02 1.962962e-01
 7.937938e-01 -4.138134e-01 -1.307311e-01 1.883322e-01
 7.947948e-01 -3.637068e-01 -2.199200e-01 1.806474e-01
 7.957958e-01 -2.952728e-01 -2.933396e-01 1.732342e-01
 7.967968e-01 -2.130070e-01 -3.474376e-01 1.660848e-01
 7.977978e-01 -1.220390e-01 -3.798663e-01 1.591919e-01
 7.987988e-01 -2.782298e-02 -3.895817e-01 1.525481e-01
 7.997998e-01  6.418235e-02 -3.768642e-01 1.461460e-01
 8.008008e-01  1.488258e-01 -3.432632e-01 1.399787e-01
 8.018018e-01  2.215496e-01 -2.914703e-01 1.340392e-01
 8.028028e-01  2.786338e-01 -2.251305e-01 1.283205e-01
 8.038038e-01  3.173854e-01 -1.486021e-01 1.228161e-01
 8.048048e-01  3.362628e-01 -6.668314e-02 1.175193e-01
 8.058058e-01  3.349295e-01  1.568141e-02 1.124237e-01
 8.068068e-01  3.142367e-01  9.369240e-02 1.075229e-01
 8.078078e-01  2.761355e-01  1.629727e-01 1.028109e-01
 8.088088e-01  2.235282e-01  2.198107e-01 9.828160e-02
 8.098098e-01  1.600663e-01  2.613577e-01 9.392906e-02
 8.108108e-01  8.991107e-02  2.857683e-01 8.974751e-02
 8.118118e-01  1.747007e-02  2.922775e-01 8.573136e-02
 8.128128e-01 -5.287310e-02  2.812108e-01 8.187508e-02
 8.138138e-01 -1.170196e-01  2.539286e-01 7.817334e-02
 8.148148e-01 -1.713915e-01  2.127107e-01 7.462087e-02
 8.158158e-01 -2.131292e-01  1.605881e-01 7.121259e-02
 8.168168e-01 -2.402398e-01  1.011355e-01 6.794353e-02
 8.178178e-01 -2.516880e-01  3.823586e-02 6.480883e-02
 8.188188e-01 -2.474264e-01 -2.416515e-02 6.180380e-02
 8.198198e-01 -2.283642e-01 -8.230200e-02 5.892382e-02
 8.208208e-01 -1.962782e-01 -1.328131e-01 5.616444e-02
 8.218218e-01 -1.536739e-01 -1.729324e-01 5.352131e-02
 8.228228e-01 -1.036057e-01 -2.006392e-01 5.099022e-02
 8.238238e-01 -4.946837e-02 -2.147555e-01 4.856706e-02
 8.248248e-01  5.224452e-03 -2.149897e-01 4.624786e-02
 8.258258e-01  5.706347e-02 -2.019220e-01 4.402873e-02
 8.268268e-01  1.029521e-01 -1.769373e-01 4.190593e-02
 8.278278e-01  1.402886e-01 -1.421088e-01 3.987582e-02
 8.288288e-01  1.671115e-01 -1.000430e-01 3.793487e-02
 8.298298e-01  1.821989e-01 -5.369554e-02 3.607965e-02
 8.308308e-01  1.851182e-01 -6.171798e-03 3.430684e-02
 8.318318e-01  1.762241e-01  3.947547e-02 3.261324e-02
 8.328328e-01  1.566060e-01  8.043811e-02 3.099573e-02
 8.338338e-01  1.279909e-01  1.143225e-01 2.945131e-02
 8.348348e-01  9.260845e-02  1.392865e-01 2.797705e-02
 8.358358e-01  5.302833e-02  1.541368e-01 2.657016e-02
 8.368368e-01  1.198182e-02  1.583803e-01 2.522790e-02
 8.378378e-01 -2.782094e-02  1.522289e-01 2.394765e-02
 8.388388e-01 -6.386585e-02  1.365577e-01 2.272684e-02
 8.398398e-01 -9.399039e-02  1.128222e-01 2.156305e-02
 8.408408e-01 -1.165108e-01  8.294041e-02 2.045388e-02
 8.418418e-01 -1.303131e-01  4.914844e-02 1.939707e-02
 8.428428e-01 -1.349030e-01  1.384124e-02 1.839039e-02
 8.438438e-01 -1.304136e-01 -2.059162e-02 1.743173e-02
 8.448448e-01 -1.175711e-01 -5.192364e-02 1.651904e-02
 8.458458e-01 -9.762206e-02 -7.823216e-02 1.565034e-02
 8.468468e-01 -7.222910e-02 -9.801370e-02 1.482373e-02
 8.478478e-01 -4.334291e-02 -1.102668e-01 1.403737e-02
 8.488488e-01 -1.305961e-02 -1.145380e-01 1.328950e-02
 8.498498e-01  1.652605e-02 -1.109293e-01 1.257841e-02
 8.508509e-01  4.346165e-02 -1.000678e-01 1.190248e-02
 8.518519e-01  6.606294e-02 -8.304109e-02 1.126013e-02
 8.528529e-01  8.301643e-02 -6.130368e-02 1.064987e-02
 8.538539e-01  9.345276e-02 -3.656247e-02 1.007023e-02
 8.548549e-01  9.698671e-02 -1.064948e-02 9.519834e-03
 8.558559e-01  9.372254e-02  1.460901e-02 8.997338e-03
 8.568569e-01  8.422531e-02  3.751734e-02 8.501454e-03
 8.578579e-01  6.946181e-02  5.662164e-02 8.030953e-03
 8.588589e-01  5.071590e-02  7.079929e-02 7.584641e-03
 8.598599e-01  2.948563e-02  7.932206e-02 7.161391e-03
 8.608609e-01  7.369431e-03  8.188894e-02 6.760107e-03
 8.618619e-01 -1.404968e-02  7.862801e-02 6.379757e-03
 8.628629e-01 -3.331414e-02  7.006789e-02 6.019341e-03
 8.638639e-01 -4.918827e-02  5.708260e-02 5.677910e-03
 8.648649e-01 -6.073510e-02  4.081415e-02 5.354548e-03
 8.658659e-01 -6.736865e-02  2.257972e-02 5.048379e-03
 8.668669e-01 -6.887923e-02  3.770259e-03 4.758563e-03
 8.678679e-01 -6.543076e-02 -1.425161e-02 4.484293e-03
 8.688689e-01 -5.753169e-02 -3.024739e-02 4.224800e-03
 8.698699e-01 -4.598240e-02 -4.318524e-02 3.979346e-03
 8.708709e-01 -3.180414e-02 -5.230422e-02 3.747235e-03
 8.718719e-01 -1.615509e-02 -5.715603e-02 3.527798e-03
 8.728729e-01 -2.403502e-04 -5.762246e-02 3.320406e-03
 8.738739e-01  1.477747e-02 -5.390802e-02 3.124448e-03
 8.748749e-01  2.786045e-02 -4.650960e-02 2.939348e-03
 8.758759e-01  3.816494e-02 -3.616606e-02 2.764547e-03
 8.768769e-01  4.509350e-02 -2.379262e-02 2.599512e-03
 8.778779e-01  4.832667e-02 -1.040511e-02 2.443733e-03
 8.788789e-01  4.783267e-02  2.959453e-03 2.296723e-03
 8.798799e-01  4.385555e-02  1.532035e-02 2.158022e-03
 8.808809e-01  3.688336e-02  2.582270e-02 2.027194e-03
 8.818819e-01  2.759991e-02  3.379461e-02 1.903831e-03
 8.828829e-01  1.682399e-02  3.878779e-02 1.787539e-03
 8.838839e-01  5.441698e-03  4.059974e-02 1.677951e-03
 8.848849e-01 -5.663380e-03  3.927636e-02 1.574707e-03
 8.858859e-01 -1.567613e-02  3.509592e-02 1.477465e-03
 8.868869e-01 -2.390783e-02  2.853610e-02 1.385893e-03
 8.878879e-01 -2.984144e-02  2.022784e-02 1.299677e-03
 8.888889e-01 -3.316200e-02  1.089956e-02 1.218518e-03
 8.898899e-01 -3.376984e-02  1.316932e-03 1.142137e-03
 8.908909e-01 -3.177710e-02 -7.777426e-03 1.070272e-03
 8.918919e-01 -2.748788e-02 -1.571931e-02 1.002680e-03
 8.928929e-01 -2.136502e-02 -2.196974e-02 9.391332e-04
 8.938939e-01 -1.398597e-02 -2.614959e-02 8.794088e-04
 8.948949e-01 -5.992425e-03 -2.806041e-02 8.232960e-04
 8.958959e-01  1.962856e-03 -2.768994e-02 7.705853e-04
 8.968969e-01  9.267047e-03 -2.520316e-02 7.210775e-04
 8.978979e-01  1.539282e-02 -2.091986e-02 6.745795e-04
 8.988989e-01  1.993471e-02 -1.528138e-02 6.309133e-04
 8.998999e-01  2.263423e-02 -8.809446e-03 5.899147e-04
 9.009009e-01  2.339202e-02 -2.060959e-03 5.514342e-04
 9.019019e-01  2.226699e-02  4.417778e-03 5.153356e-04
 9.029029e-01  1.946285e-02  1.013344e-02 4.814892e-04
 9.039039e-01  1.530408e-02  1.468184e-02 4.497713e-04
 9.049049e-01  1.020336e-02  1.777491e-02 4.200559e-04
 9.059059e-01  4.623938e-03  1.925720e-02 3.922204e-04
 9.069069e-01 -9.602414e-04  1.911071e-02 3.661414e-04
 9.079079e-01 -6.102980e-03  1.744872e-02 3.417043e-04
 9.089089e-01 -1.042011e-02  1.449912e-02 3.188033e-04
 9.099099e-01 -1.361679e-02  1.057968e-02 2.973466e-04
 9.109109e-01 -1.550624e-02  6.067188e-03 2.772543e-04
 9.119119e-01 -1.601861e-02  1.363668e-03 2.584554e-04
 9.129129e-01 -1.519993e-02 -3.137768e-03 2.408836e-04
 9.139139e-01 -1.320162e-02 -7.084288e-03 2.244700e-04
 9.149149e-01 -1.026206e-02 -1.018989e-02 2.091437e-04
 9.159159e-01 -6.681891e-03 -1.225480e-02 1.948278e-04
 9.169169e-01 -2.795842e-03 -1.317691e-02 1.814477e-04
 9.179179e-01  1.056967e-03 -1.295432e-02 1.689316e-04
 9.189189e-01  4.561169e-03 -1.167970e-02 1.572197e-04
 9.199199e-01  7.449924e-03 -9.526896e-03 1.462631e-04
 9.209209e-01  9.524089e-03 -6.731762e-03 1.360249e-04
 9.219219e-01  1.066482e-02 -3.568736e-03 1.264742e-04
 9.229229e-01  1.083857e-02 -3.257209e-04 1.175807e-04
 9.239239e-01  1.009484e-02  2.720934e-03 1.093092e-04
 9.249249e-01  8.556879e-03  5.328814e-03 1.016164e-04
 9.259259e-01  6.406928e-03  7.307891e-03 9.445399e-05
 9.269269e-01  3.867119e-03  8.533258e-03 8.777110e-05
 9.279279e-01  1.178318e-03  8.951826e-03 8.152362e-05
 9.289289e-01 -1.421558e-03  8.582302e-03 7.567674e-05
 9.299299e-01 -3.717529e-03  7.509281e-03 7.020933e-05
 9.309309e-01 -5.534550e-03  5.871835e-03 6.510969e-05
 9.319319e-01 -6.749925e-03  3.848330e-03 6.037113e-05
 9.329329e-01 -7.300626e-03  1.638557e-03 5.598401e-05
 9.339339e-01 -7.184888e-03 -5.546988e-04 5.193030e-05
 9.349349e-01 -6.458560e-03 -2.543457e-03 4.818217e-05
 9.359359e-01 -5.226546e-03 -4.169775e-03 4.470381e-05
 9.369369e-01 -3.630647e-03 -5.317661e-03 4.145911e-05
 9.379379e-01 -1.834794e-03 -5.920395e-03 3.841755e-05
 9.389389e-01 -9.399287e-06 -5.963323e-03 3.556131e-05
 9.399399e-01  1.684044e-03 -5.481695e-03 3.288498e-05
 9.409409e-01  3.106468e-03 -4.554475e-03 3.039339e-05
 9.419419e-01  4.152081e-03 -3.294463e-03 2.809327e-05
 9.429429e-01  4.755444e-03 -1.836259e-03 2.598609e-05
 9.439439e-01  4.894689e-03 -3.228235e-04 2.406220e-05
 9.449449e-01  4.590517e-03  1.107650e-03 2.229973e-05
 9.459459e-01  3.901617e-03  2.333830e-03 2.066937e-05
 9.469469e-01  2.916846e-03  3.260869e-03 1.914126e-05
 9.479479e-01  1.745358e-03  3.827256e-03 1.769416e-05
 9.489489e-01  5.053897e-04  4.008032e-03 1.631974e-05
 9.499499e-01 -6.868846e-04  3.814720e-03 1.502390e-05
 9.509510e-01 -1.727755e-03  3.291759e-03 1.382082e-05
 9.519520e-01 -2.534413e-03  2.510387e-03 1.272529e-05
 9.529530e-01 -3.051106e-03  1.560278e-03 1.174371e-05
 9.539540e-01 -3.252271e-03  5.402409e-04 1.086913e-05
 9.549550e-01 -3.142871e-03 -4.515169e-04 1.008150e-05
 9.559560e-01 -2.755765e-03 -1.326244e-03 9.353163e-06
 9.569570e-01 -2.146859e-03 -2.012258e-03 8.658186e-06
 9.579580e-01 -1.388310e-03 -2.460285e-03 7.980404e-06
 9.589590e-01 -5.608409e-04 -2.646589e-03 7.318976e-06
 9.599600e-01  2.543599e-04 -2.573325e-03 6.686700e-06
 9.609610e-01  9.830917e-04 -2.266666e-03 6.104243e-06
 9.619620e-01  1.564587e-03 -1.772612e-03 5.590083e-06
 9.629630e-01  1.956118e-03 -1.151428e-03 5.152182e-06
 9.639640e-01  2.135763e-03 -4.709057e-04 4.783234e-06
 9.649650e-01  2.102886e-03  2.004298e-04 4.462302e-06
 9.659660e-01  1.876749e-03  7.999383e-04 4.162086e-06
 9.669670e-01  1.493197e-03  1.276279e-03 3.858525e-06
 9.679680e-01  1.000181e-03  1.593597e-03 3.539914e-06
 9.689690e-01  4.522945e-04  1.733757e-03 3.210485e-06
 9.699700e-01 -9.477446e-05  1.696935e-03 2.888570e-06
 9.709710e-01 -5.896489e-04  1.500215e-03 2.598329e-06
 9.719720e-01 -9.897261e-04  1.174864e-03 2.359863e-06
 9.729730e-01 -1.264636e-03  7.622171e-04 2.180279e-06
 9.739740e-01 -1.398136e-03  3.090695e-04 2.050308e-06
 9.749750e-01 -1.388671e-03 -1.373532e-04 1.947272e-06
 9.759760e-01 -1.248340e-03 -5.339250e-04 1.843430e-06
 9.769770e-01 -1.000789e-03 -8.456481e-04 1.716699e-06
 9.779780e-01 -6.779917e-04 -1.048412e-03 1.558841e-06
 9.789790e-01 -3.166361e-04 -1.130702e-03 1.378746e-06
 9.799800e-01  4.582844e-05 -1.093747e-03 1.198382e-06
 9.809810e-01  3.747639e-04 -9.506013e-04 1.044091e-06
 9.819820e-01  6.415214e-04 -7.239139e-04 9.356011e-07
 9.829830e-01  8.256453e-04 -4.430904e-04 8.780194e-07
 9.839840e-01  9.162631e-04 -1.407686e-04 8.593538e-07
 9.849850e-01  9.122881e-04  1.505947e-04 8.549484e-07
 9.859860e-01  8.218080e-04  4.020959e-04 8.370494e-07
 9.869870e-01  6.604827e-04  5.909752e-04 7.854890e-07
 9.879880e-01  4.494876e-04  7.026169e-04 6.957096e-07
 9.889890e-01  2.129416e-04  7.313910e-04 5.802770e-07
 9.899900e-01 -2.458752e-05  6.807249e-04 4.639909e-07
 9.909910e-01 -2.405577e-04  5.620404e-04 3.737575e-07
 9.919920e-01 -4.163689e-04  3.931383e-04 3.279208e-07
 9.929930e-01 -5.388758e-04  1.958222e-04 3.287335e-07
 9.939940e-01 -6.010877e-04 -6.544189e-06 3.613492e-07
 9.949950e-01 -6.023530e-04 -1.916968e-04 3.995768e-07
 9.959960e-01 -5.477636e-04 -3.406562e-04 4.160917e-07
 9.969970e-01 -4.472046e-04 -4.396438e-04 3.932786e-07
 9.979980e-01 -3.138832e-04 -4.811405e-04 3.300188e-07
 9.989990e-01 -1.628300e-04 -4.644291e-04 2.422080e-07
 1.000000e+00 -9.229337e-06 -3.951863e-04 1.562574e-07
