# x psi_r psi_i psi2 
 0.000000e+00 -1.659462e-01 -4.650533e-01 2.438127e-01
 1.001001e-03 -2.890635e-01 -5.842048e-01 4.248529e-01
 2.002002e-03 -3.928208e-01 -6.862193e-01 6.252051e-01
 3.003003e-03 -4.759017e-01 -7.678897e-01 8.161369e-01
 4.004004e-03 -5.379156e-01 -8.265335e-01 9.725109e-01
 5.005005e-03 -5.793258e-01 -8.601009e-01 1.075392e+00
 6.006006e-03 -6.013413e-01 -8.672672e-01 1.113764e+00
 7.007007e-03 -6.057818e-01 -8.475065e-01 1.085239e+00
 8.008008e-03 -5.949249e-01 -8.011426e-01 9.957651e-01
 9.009009e-03 -5.713426e-01 -7.293729e-01 8.584172e-01
 1.001001e-02 -5.377387e-01 -6.342629e-01 6.914524e-01
 1.101101e-02 -4.967948e-01 -5.187098e-01 5.158650e-01
 1.201201e-02 -4.510326e-01 -3.863745e-01 3.527156e-01
 1.301301e-02 -4.026996e-01 -2.415812e-01 2.205284e-01
 1.401401e-02 -3.536828e-01 -8.918940e-02 1.330463e-01
 1.501502e-02 -3.054538e-01  6.556256e-02 9.760049e-02
 1.601602e-02 -2.590460e-01  2.172339e-01 1.142954e-01
 1.701702e-02 -2.150625e-01  3.603747e-01 1.761218e-01
 1.801802e-02 -1.737139e-01  4.897280e-01 2.700100e-01
 1.901902e-02 -1.348790e-01  6.004329e-01 3.787120e-01
 2.002002e-02 -9.818515e-02  6.882214e-01 4.832890e-01
 2.102102e-02 -6.309968e-02  7.495991e-01 5.658804e-01
 2.202202e-02 -2.902731e-02  7.820026e-01 6.123706e-01
 2.302302e-02  4.595384e-03  7.839252e-01 6.145598e-01
 2.402402e-02  3.821382e-02  7.550046e-01 5.714922e-01
 2.502503e-02  7.208427e-02  6.960669e-01 4.897053e-01
 2.602603e-02  1.062218e-01  6.091234e-01 3.823144e-01
 2.702703e-02  1.403716e-01  4.973187e-01 2.670300e-01
 2.802803e-02  1.740037e-01  3.648298e-01 1.633781e-01
 2.902903e-02  2.063337e-01  2.167201e-01 8.954120e-02
 3.003003e-02  2.363650e-01  5.875194e-02 5.932023e-02
 3.103103e-02  2.629519e-01 -1.028345e-01 7.971863e-02
 3.203203e-02  2.848773e-01 -2.615678e-01 1.495728e-01
 3.303303e-02  3.009415e-01 -4.110066e-01 2.594923e-01
 3.403403e-02  3.100541e-01 -5.450054e-01 3.931645e-01
 3.503504e-02  3.113239e-01 -6.579716e-01 5.298492e-01
 3.603604e-02  3.041410e-01 -7.451039e-01 6.476815e-01
 3.703704e-02  2.882443e-01 -8.026002e-01 7.272519e-01
 3.803804e-02  2.637709e-01 -8.278256e-01 7.548704e-01
 3.903904e-02  2.312825e-01 -8.194316e-01 7.249597e-01
 4.004004e-02  1.917682e-01 -7.774219e-01 6.411599e-01
 4.104104e-02  1.466215e-01 -7.031608e-01 5.159330e-01
 4.204204e-02  9.759276e-02 -5.993227e-01 3.687120e-01
 4.304304e-02  4.671957e-02 -4.697856e-01 2.228812e-01
 4.404404e-02 -3.761883e-03 -3.194730e-01 1.020771e-01
 4.504505e-02 -5.151978e-02 -1.541508e-01 2.641674e-02
 4.604605e-02 -9.423870e-02  1.981142e-02 9.273424e-03
 4.704705e-02 -1.297346e-01  1.957033e-01 5.513086e-02
 4.804805e-02 -1.560674e-01  3.667502e-01 1.588627e-01
 4.904905e-02 -1.716442e-01  5.263891e-01 3.065472e-01
 5.005005e-02 -1.753092e-01  6.685329e-01 4.776695e-01
 5.105105e-02 -1.664151e-01  7.878108e-01 6.483398e-01
 5.205205e-02 -1.448717e-01  8.797742e-01 7.949904e-01
 5.305305e-02 -1.111704e-01  9.410599e-01 8.979525e-01
 5.405405e-02 -6.638289e-02  9.695039e-01 9.443445e-01
 5.505506e-02 -1.213386e-02  9.642022e-01 9.298331e-01
 5.605606e-02  4.945112e-02  9.255162e-01 8.590257e-01
 5.705706e-02  1.158201e-01  8.550259e-01 7.444836e-01
 5.805806e-02  1.840880e-01  7.554326e-01 6.045668e-01
 5.905906e-02  2.511464e-01  6.304188e-01 4.605023e-01
 6.006006e-02  3.137823e-01  4.844726e-01 3.331730e-01
 6.106106e-02  3.688048e-01  3.226859e-01 2.401432e-01
 6.206206e-02  4.131718e-01  1.505367e-01 1.933722e-01
 6.306306e-02  4.441131e-01 -2.633354e-02 1.979299e-01
 6.406406e-02  4.592460e-01 -2.023376e-01 2.518474e-01
 6.506507e-02  4.566779e-01 -3.721449e-01 3.470465e-01
 6.606607e-02  4.350933e-01 -5.308612e-01 4.711198e-01
 6.706707e-02  3.938222e-01 -6.741782e-01 6.096122e-01
 6.806807e-02  3.328870e-01 -7.984878e-01 7.483966e-01
 6.906907e-02  2.530269e-01 -9.009591e-01 8.757498e-01
 7.007007e-02  1.556987e-01 -9.795763e-01 9.838118e-01
 7.107107e-02  4.305319e-02 -1.033141e+00 1.069233e+00
 7.207207e-02 -8.211157e-02 -1.061237e+00 1.132966e+00
 7.307307e-02 -2.164195e-01 -1.064172e+00 1.179299e+00
 7.407407e-02 -3.560069e-01 -1.042889e+00 1.214358e+00
 7.507508e-02 -4.966315e-01 -9.988664e-01 1.244377e+00
 7.607608e-02 -6.337972e-01 -9.340082e-01 1.274070e+00
 7.707708e-02 -7.628922e-01 -8.505289e-01 1.305404e+00
 7.807808e-02 -8.793353e-01 -7.508467e-01 1.337001e+00
 7.907908e-02 -9.787282e-01 -6.374847e-01 1.364296e+00
 8.008008e-02 -1.057007e+00 -5.129879e-01 1.380421e+00
 8.108108e-02 -1.110591e+00 -3.798579e-01 1.377704e+00
 8.208208e-02 -1.136520e+00 -2.405067e-01 1.349522e+00
 8.308308e-02 -1.132581e+00 -9.723112e-02 1.292195e+00
 8.408408e-02 -1.097412e+00  4.779442e-02 1.206597e+00
 8.508509e-02 -1.030583e+00  1.925098e-01 1.099161e+00
 8.608609e-02 -9.326540e-01  3.349484e-01 9.820339e-01
 8.708709e-02 -8.051955e-01  4.732088e-01 8.722663e-01
 8.808809e-02 -6.507798e-01  6.054234e-01 7.900518e-01
 8.908909e-02 -4.729356e-01  7.297301e-01 7.561741e-01
 9.009009e-02 -2.760685e-01  8.442494e-01 7.889709e-01
 9.109109e-02 -6.534665e-02  9.470741e-01 9.012195e-01
 9.209209e-02  1.534452e-01  1.036272e+00 1.097404e+00
 9.309309e-02  3.740788e-01  1.109904e+00 1.371822e+00
 9.409409e-02  5.900788e-01  1.166064e+00 1.707898e+00
 9.509510e-02  7.949354e-01  1.202928e+00 2.078958e+00
 9.609610e-02  9.823252e-01  1.218824e+00 2.450495e+00
 9.709710e-02  1.146334e+00  1.212310e+00 2.783777e+00
 9.809810e-02  1.281670e+00  1.182262e+00 3.040421e+00
 9.909910e-02  1.383865e+00  1.127960e+00 3.187376e+00
 1.001001e-01  1.449443e+00  1.049179e+00 3.201660e+00
 1.011011e-01  1.476066e+00  9.462599e-01 3.074178e+00
 1.021021e-01  1.462634e+00  8.201767e-01 2.811989e+00
 1.031031e-01  1.409347e+00  6.725772e-01 2.438619e+00
 1.041041e-01  1.317709e+00  5.058023e-01 1.992193e+00
 1.051051e-01  1.190499e+00  3.228779e-01 1.521537e+00
 1.061061e-01  1.031676e+00  1.274770e-01 1.080607e+00
 1.071071e-01  8.462555e-01 -7.614744e-02 7.219468e-01
 1.081081e-01  6.401266e-01 -2.832594e-01 4.899980e-01
 1.091091e-01  4.198491e-01 -4.887624e-01 4.151619e-01
 1.101101e-01  1.924147e-01 -6.873454e-01 5.094671e-01
 1.111111e-01 -3.500584e-02 -8.736459e-01 7.644826e-01
 1.121121e-01 -2.553249e-01 -1.042425e+00 1.151841e+00
 1.131131e-01 -4.617954e-01 -1.188746e+00 1.626373e+00
 1.141141e-01 -6.482557e-01 -1.308153e+00 2.131501e+00
 1.151151e-01 -8.093496e-01 -1.396835e+00 2.606194e+00
 1.161161e-01 -9.407135e-01 -1.451775e+00 2.992591e+00
 1.171171e-01 -1.039123e+00 -1.470877e+00 3.243254e+00
 1.181181e-01 -1.102592e+00 -1.453061e+00 3.327094e+00
 1.191191e-01 -1.130421e+00 -1.398324e+00 3.233161e+00
 1.201201e-01 -1.123193e+00 -1.307766e+00 2.971812e+00
 1.211211e-01 -1.082717e+00 -1.183572e+00 2.573120e+00
 1.221221e-01 -1.011925e+00 -1.028966e+00 2.082763e+00
 1.231231e-01 -9.147188e-01 -8.481125e-01 1.556005e+00
 1.241241e-01 -7.957878e-01 -6.459985e-01 1.050592e+00
 1.251251e-01 -6.603927e-01 -4.282774e-01 6.195401e-01
 1.261261e-01 -5.141344e-01 -2.010918e-01 3.047721e-01
 1.271271e-01 -3.627128e-01  2.912135e-02 1.324086e-01
 1.281281e-01 -2.116911e-01  2.558363e-01 1.102653e-01
 1.291291e-01 -6.627212e-02  4.726461e-01 2.277863e-01
 1.301301e-01  6.890030e-02  6.734658e-01 4.583035e-01
 1.311311e-01  1.899085e-01  8.527239e-01 7.632033e-01
 1.321321e-01  2.936882e-01  1.005535e+00 1.097353e+00
 1.331331e-01  3.781123e-01  1.127848e+00 1.415010e+00
 1.341341e-01  4.420270e-01  1.216566e+00 1.675421e+00
 1.351351e-01  4.852408e-01  1.269633e+00 1.847427e+00
 1.361361e-01  5.084677e-01  1.286086e+00 1.912557e+00
 1.371371e-01  5.132302e-01  1.266071e+00 1.866341e+00
 1.381381e-01  5.017255e-01  1.210823e+00 1.717821e+00
 1.391391e-01  4.766657e-01  1.122613e+00 1.487471e+00
 1.401401e-01  4.410988e-01  1.004663e+00 1.203917e+00
 1.411411e-01  3.982224e-01  8.610332e-01 8.999592e-01
 1.421421e-01  3.511981e-01  6.964820e-01 6.084274e-01
 1.431431e-01  3.029784e-01  5.163146e-01 3.583767e-01
 1.441441e-01  2.561537e-01  3.262106e-01 1.720281e-01
 1.451451e-01  2.128287e-01  1.320478e-01 6.273266e-02
 1.461461e-01  1.745325e-01 -6.027849e-02 3.409508e-02
 1.471471e-01  1.421684e-01 -2.450324e-01 8.025272e-02
 1.481481e-01  1.160040e-01 -4.168070e-01 1.871850e-01
 1.491491e-01  9.570126e-02 -5.706816e-01 3.348362e-01
 1.501502e-01  8.038466e-02 -7.023613e-01 4.997732e-01
 1.511512e-01  6.874163e-02 -8.082978e-01 6.580707e-01
 1.521522e-01  5.914894e-02 -8.857849e-01 7.881135e-01
 1.531532e-01  4.981705e-02 -9.330302e-01 8.730271e-01
 1.541542e-01  3.894281e-02 -9.491982e-01 9.024937e-01
 1.551552e-01  2.486144e-02 -9.344255e-01 8.737690e-01
 1.561562e-01  6.187681e-03 -8.898076e-01 7.917959e-01
 1.571572e-01 -1.806220e-02 -8.173576e-01 6.683997e-01
 1.581582e-01 -4.837571e-02 -7.199373e-01 5.206499e-01
 1.591592e-01 -8.468238e-02 -6.011639e-01 3.685692e-01
 1.601602e-01 -1.263295e-01 -4.652941e-01 2.324577e-01
 1.611612e-01 -1.720966e-01 -3.170877e-01 1.301619e-01
 1.621622e-01 -2.202488e-01 -1.616572e-01 7.464258e-02
 1.631632e-01 -2.686256e-01 -4.303855e-03 7.217821e-02
 1.641642e-01 -3.147601e-01  1.496509e-01 1.214693e-01
 1.651652e-01 -3.560227e-01  2.950373e-01 2.137992e-01
 1.661662e-01 -3.897792e-01  4.270046e-01 3.342608e-01
 1.671672e-01 -4.135551e-01  5.411791e-01 4.639026e-01
 1.681682e-01 -4.251961e-01  6.338088e-01 5.825053e-01
 1.691692e-01 -4.230148e-01  7.018874e-01 6.715875e-01
 1.701702e-01 -4.059148e-01  7.432553e-01 7.171953e-01
 1.711712e-01 -3.734841e-01  7.566722e-01 7.120432e-01
 1.721722e-01 -3.260529e-01  7.418592e-01 6.566656e-01
 1.731732e-01 -2.647101e-01  6.995075e-01 5.593822e-01
 1.741742e-01 -1.912787e-01  6.312541e-01 4.350693e-01
 1.751752e-01 -1.082494e-01  5.396237e-01 3.029117e-01
 1.761762e-01 -1.867718e-02  4.279388e-01 1.834805e-01
 1.771772e-01  7.395596e-02  3.002015e-01 9.559043e-02
 1.781782e-01  1.659025e-01  1.609506e-01 5.342875e-02
 1.791792e-01  2.533283e-01  1.509956e-02 6.440323e-02
 1.801802e-01  3.324983e-01 -1.322393e-01 1.280423e-01
 1.811812e-01  3.999590e-01 -2.759363e-01 2.361081e-01
 1.821822e-01  4.527091e-01 -4.110257e-01 3.738877e-01
 1.831832e-01  4.883468e-01 -5.328793e-01 5.224429e-01
 1.841842e-01  5.051890e-01 -6.373652e-01 6.614503e-01
 1.851852e-01  5.023538e-01 -7.209861e-01 7.721803e-01
 1.861862e-01  4.798031e-01 -7.809913e-01 8.401584e-01
 1.871872e-01  4.383443e-01 -8.154585e-01 8.571183e-01
 1.881882e-01  3.795897e-01 -8.233426e-01 8.219814e-01
 1.891892e-01  3.058781e-01 -8.044904e-01 7.407662e-01
 1.901902e-01  2.201616e-01 -7.596210e-01 6.254952e-01
 1.911912e-01  1.258659e-01 -6.902744e-01 4.923210e-01
 1.921922e-01  2.672991e-02 -5.987311e-01 3.591935e-01
 1.931932e-01 -7.336496e-02 -4.879075e-01 2.434362e-01
 1.941942e-01 -1.705685e-01 -3.612321e-01 1.595822e-01
 1.951952e-01 -2.612279e-01 -2.225095e-01 1.177505e-01
 1.961962e-01 -3.420398e-01 -7.577836e-02 1.227336e-01
 1.971972e-01 -4.101795e-01  7.483035e-02 1.738468e-01
 1.981982e-01 -4.634037e-01  2.252283e-01 2.654708e-01
 1.991992e-01 -5.001205e-01  3.714924e-01 3.881271e-01
 2.002002e-01 -5.194263e-01  5.099707e-01 5.298738e-01
 2.012012e-01 -5.211088e-01  6.373686e-01 6.777930e-01
 2.022022e-01 -5.056174e-01  7.508120e-01 8.193675e-01
 2.032032e-01 -4.740049e-01  8.478889e-01 9.435961e-01
 2.042042e-01 -4.278450e-01  9.266684e-01 1.041766e+00
 2.052052e-01 -3.691307e-01  9.857004e-01 1.107863e+00
 2.062062e-01 -3.001613e-01  1.023998e+00 1.138668e+00
 2.072072e-01 -2.234239e-01  1.041006e+00 1.133611e+00
 2.082082e-01 -1.414762e-01  1.036565e+00 1.094483e+00
 2.092092e-01 -5.683625e-02  1.010868e+00 1.025084e+00
 2.102102e-01  2.811362e-02  9.644151e-01 9.308870e-01
 2.112112e-01  1.112073e-01  8.979812e-01 8.187372e-01
 2.122122e-01  1.905544e-01  8.125816e-01 6.965998e-01
 2.132132e-01  2.645781e-01  7.094535e-01 5.733258e-01
 2.142142e-01  3.320316e-01  5.900450e-01 4.583981e-01
 2.152152e-01  3.919936e-01  4.560151e-01 3.616087e-01
 2.162162e-01  4.438447e-01  3.092417e-01 2.926286e-01
 2.172172e-01  4.872297e-01  1.518362e-01 2.604470e-01
 2.182182e-01  5.220078e-01 -1.384062e-02 2.726837e-01
 2.192192e-01  5.481973e-01 -1.851636e-01 3.348058e-01
 2.202202e-01  5.659173e-01 -3.592358e-01 4.493128e-01
 2.212212e-01  5.753333e-01 -5.328907e-01 6.149809e-01
 2.222222e-01  5.766083e-01 -7.027104e-01 8.262791e-01
 2.232232e-01  5.698656e-01 -8.650613e-01 1.073078e+00
 2.242242e-01  5.551639e-01 -1.016150e+00 1.340769e+00
 2.252252e-01  5.324871e-01 -1.152103e+00 1.610884e+00
 2.262262e-01  5.017498e-01 -1.269061e+00 1.862268e+00
 2.272272e-01  4.628177e-01 -1.363298e+00 2.072781e+00
 2.282282e-01  4.155413e-01 -1.431352e+00 2.221444e+00
 2.292292e-01  3.598007e-01 -1.470169e+00 2.290852e+00
 2.302302e-01  2.955585e-01 -1.477238e+00 2.269587e+00
 2.312312e-01  2.229169e-01 -1.450742e+00 2.154344e+00
 2.322322e-01  1.421744e-01 -1.389678e+00 1.951419e+00
 2.332332e-01  5.387927e-02 -1.293971e+00 1.677263e+00
 2.342342e-01 -4.112647e-02 -1.164551e+00 1.357871e+00
 2.352352e-01 -1.416738e-01 -1.003407e+00 1.026897e+00
 2.362362e-01 -2.462497e-01 -8.135924e-01 7.225716e-01
 2.372372e-01 -3.529970e-01 -5.991945e-01 4.836410e-01
 2.382382e-01 -4.597345e-01 -3.652577e-01 3.447689e-01
 2.392392e-01 -5.639952e-01 -1.176633e-01 3.319352e-01
 2.402402e-01 -6.630856e-01  1.370313e-01 4.584601e-01
 2.412412e-01 -7.541617e-01  3.917907e-01 7.222598e-01
 2.422422e-01 -8.343201e-01  6.393279e-01 1.104830e+00
 2.432432e-01 -9.007018e-01  8.723530e-01 1.572263e+00
 2.442442e-01 -9.506027e-01  1.083832e+00 2.078338e+00
 2.452452e-01 -9.815878e-01  1.267247e+00 2.569431e+00
 2.462462e-01 -9.916028e-01  1.416847e+00 2.990731e+00
 2.472472e-01 -9.790790e-01  1.527870e+00 3.292982e+00
 2.482482e-01 -9.430254e-01  1.596744e+00 3.438889e+00
 2.492492e-01 -8.831046e-01  1.621239e+00 3.408289e+00
 2.502503e-01 -7.996870e-01  1.600567e+00 3.201315e+00
 2.512513e-01 -6.938810e-01  1.535439e+00 2.839043e+00
 2.522523e-01 -5.675376e-01  1.428049e+00 2.361422e+00
 2.532533e-01 -4.232251e-01  1.282013e+00 1.822677e+00
 2.542543e-01 -2.641785e-01  1.102244e+00 1.284732e+00
 2.552553e-01 -9.421974e-02  8.947726e-01 8.094955e-01
 2.562563e-01  8.234484e-02  6.665316e-01 4.510450e-01
 2.572573e-01  2.608495e-01  4.250942e-01 2.487475e-01
 2.582583e-01  4.364106e-01  1.783928e-01 2.222782e-01
 2.592593e-01  6.040800e-01 -6.557814e-02 3.692132e-01
 2.602603e-01  7.590058e-01 -2.990611e-01 6.655273e-01
 2.612613e-01  8.965925e-01 -5.148219e-01 1.068920e+00
 2.622623e-01  1.012657e+00 -7.064138e-01 1.524495e+00
 2.632633e-01  1.103573e+00 -8.684064e-01 1.972003e+00
 2.642643e-01  1.166398e+00 -9.965711e-01 2.353639e+00
 2.652653e-01  1.198982e+00 -1.088014e+00 2.621333e+00
 2.662663e-01  1.200044e+00 -1.141255e+00 2.742570e+00
 2.672673e-01  1.169233e+00 -1.156242e+00 2.704000e+00
 2.682683e-01  1.107141e+00 -1.134311e+00 2.512423e+00
 2.692693e-01  1.015303e+00 -1.078091e+00 2.193121e+00
 2.702703e-01  8.961530e-01 -9.913494e-01 1.785864e+00
 2.712713e-01  7.529566e-01 -8.788031e-01 1.339238e+00
 2.722723e-01  5.897153e-01 -7.458906e-01 9.041169e-01
 2.732733e-01  4.110473e-01 -5.985219e-01 5.271884e-01
 2.742743e-01  2.220478e-01 -4.428172e-01 2.453923e-01
 2.752753e-01  2.813544e-02 -2.848460e-01 8.192885e-02
 2.762763e-01 -1.651126e-01 -1.303786e-01 4.426078e-02
 2.772773e-01 -3.521290e-01  1.533815e-02 1.242301e-01
 2.782783e-01 -5.275246e-01  1.477730e-01 3.001191e-01
 2.792793e-01 -6.862512e-01  2.632605e-01 5.402468e-01
 2.802803e-01 -8.237534e-01  3.591051e-01 8.075261e-01
 2.812813e-01 -9.361051e-01  4.336351e-01 1.064332e+00
 2.822823e-01 -1.020128e+00  4.862059e-01 1.277057e+00
 2.832833e-01 -1.073485e+00  5.171554e-01 1.419820e+00
 2.842843e-01 -1.094754e+00  5.277135e-01 1.476968e+00
 2.852853e-01 -1.083467e+00  5.198748e-01 1.444171e+00
 2.862863e-01 -1.040131e+00  4.962407e-01 1.328126e+00
 2.872873e-01 -9.662071e-01  4.598416e-01 1.145010e+00
 2.882883e-01 -8.640785e-01  4.139481e-01 9.179847e-01
 2.892893e-01 -7.369754e-01  3.618828e-01 6.740920e-01
 2.902903e-01 -5.888845e-01  3.068429e-01 4.409376e-01
 2.912913e-01 -4.244319e-01  2.517405e-01 2.435157e-01
 2.922923e-01 -2.487467e-01  1.990720e-01 1.015046e-01
 2.932933e-01 -6.730907e-02  1.508189e-01 2.727686e-02
 2.942943e-01  1.142150e-01  1.083867e-01 2.479274e-02
 2.952953e-01  2.901457e-01  7.258167e-02 8.945263e-02
 2.962963e-01  4.549644e-01  4.362582e-02 2.088958e-01
 2.972973e-01  6.034866e-01  2.120706e-02 3.646458e-01
 2.982983e-01  7.310263e-01  4.559456e-03 5.344202e-01
 2.992993e-01  8.335489e-01 -7.432699e-03 6.948590e-01
 3.003003e-01  9.078052e-01 -1.611449e-02 8.243700e-01
 3.013013e-01  9.514430e-01 -2.293238e-02 9.057696e-01
 3.023023e-01  9.630918e-01 -2.930681e-02 9.284047e-01
 3.033033e-01  9.424176e-01 -3.651407e-02 8.894842e-01
 3.043043e-01  8.901438e-01 -4.558426e-02 7.944339e-01
 3.053053e-01  8.080380e-01 -5.722216e-02 6.561998e-01
 3.063063e-01  6.988631e-01 -7.175484e-02 4.935583e-01
 3.073073e-01  5.662938e-01 -8.910912e-02 3.286291e-01
 3.083083e-01  4.148007e-01 -1.088193e-01 1.839012e-01
 3.093093e-01  2.495045e-01 -1.300637e-01 7.916906e-02
 3.103103e-01  7.600575e-02 -1.517272e-01 2.879800e-02
 3.113113e-01 -9.980500e-02 -1.724842e-01 3.971182e-02
 3.123123e-01 -2.719500e-01 -1.908968e-01 1.103984e-01
 3.133133e-01 -4.345718e-01 -2.055205e-01 2.310913e-01
 3.143143e-01 -5.821399e-01 -2.150105e-01 3.851163e-01
 3.153153e-01 -7.096453e-01 -2.182209e-01 5.512168e-01
 3.163163e-01 -8.127795e-01 -2.142913e-01 7.065314e-01
 3.173173e-01 -8.880867e-01 -2.027134e-01 8.297907e-01
 3.183183e-01 -9.330858e-01 -1.833749e-01 9.042755e-01
 3.193193e-01 -9.463560e-01 -1.565774e-01 9.201062e-01
 3.203203e-01 -9.275823e-01 -1.230277e-01 8.755447e-01
 3.213213e-01 -8.775590e-01 -8.380253e-02 7.771327e-01
 3.223223e-01 -7.981522e-01 -4.029057e-02 6.386702e-01
 3.233233e-01 -6.922194e-01  5.884455e-03 4.792023e-01
 3.243243e-01 -5.634949e-01  5.295495e-02 3.203307e-01
 3.253253e-01 -4.164405e-01  9.910784e-02 1.832451e-01
 3.263263e-01 -2.560720e-01  1.425842e-01 8.590314e-02
 3.273273e-01 -8.776653e-02  1.817731e-01 4.074443e-02
 3.283283e-01  8.293952e-02  2.152942e-01 5.323057e-02
 3.293293e-01  2.505543e-01  2.420633e-01 1.213721e-01
 3.303303e-01  4.098263e-01  2.613372e-01 2.362547e-01
 3.313313e-01  5.559261e-01  2.727356e-01 3.834386e-01
 3.323323e-01  6.846035e-01  2.762392e-01 5.449900e-01
 3.333333e-01  7.923176e-01  2.721635e-01 7.018402e-01
 3.343343e-01  8.763326e-01  2.611131e-01 8.361389e-01
 3.353353e-01  9.347777e-01  2.439182e-01 9.333054e-01
 3.363363e-01  9.666695e-01  2.215591e-01 9.835383e-01
 3.373373e-01  9.718989e-01  1.950843e-01 9.826454e-01
 3.383383e-01  9.511827e-01  1.655287e-01 9.321483e-01
 3.393393e-01  9.059867e-01  1.338369e-01 8.387242e-01
 3.403403e-01  8.384234e-01  1.007989e-01 7.131142e-01
 3.413413e-01  7.511323e-01  6.700162e-02 5.686889e-01
 3.423423e-01  6.471484e-01  3.280026e-02 4.198769e-01
 3.433433e-01  5.297674e-01 -1.687606e-03 2.806564e-01
 3.443443e-01  4.024126e-01 -3.656516e-02 1.632729e-01
 3.453453e-01  2.685115e-01 -7.211760e-02 7.729939e-02
 3.463463e-01  1.313868e-01 -1.087536e-01 2.908984e-02
 3.473473e-01 -5.834859e-03 -1.469318e-01 2.162299e-02
 3.483483e-01 -1.402925e-01 -1.870758e-01 5.467935e-02
 3.493493e-01 -2.694381e-01 -2.294865e-01 1.252609e-01
 3.503504e-01 -3.910622e-01 -2.742551e-01 2.281455e-01
 3.513514e-01 -5.032983e-01 -3.211859e-01 3.564696e-01
 3.523524e-01 -6.046110e-01 -3.697335e-01 5.022573e-01
 3.533534e-01 -6.937682e-01 -4.189618e-01 6.568434e-01
 3.543544e-01 -7.698063e-01 -4.675271e-01 8.111834e-01
 3.553554e-01 -8.319886e-01 -5.136899e-01 9.560823e-01
 3.563564e-01 -8.797653e-01 -5.553562e-01 1.082408e+00
 3.573574e-01 -9.127369e-01 -5.901485e-01 1.181364e+00
 3.583584e-01 -9.306263e-01 -6.155032e-01 1.244909e+00
 3.593594e-01 -9.332603e-01 -6.287923e-01 1.266355e+00
 3.603604e-01 -9.205653e-01 -6.274619e-01 1.241149e+00
 3.613614e-01 -8.925733e-01 -6.091827e-01 1.167791e+00
 3.623624e-01 -8.494421e-01 -5.720033e-01 1.048740e+00
 3.633634e-01 -7.914828e-01 -5.144989e-01 8.911541e-01
 3.643644e-01 -7.191966e-01 -4.359069e-01 7.072586e-01
 3.653654e-01 -6.333126e-01 -3.362405e-01 5.141426e-01
 3.663664e-01 -5.348265e-01 -2.163738e-01 3.328570e-01
 3.673674e-01 -4.250314e-01 -7.809200e-02 1.867501e-01
 3.683684e-01 -3.055421e-01  7.589894e-02 9.911663e-02
 3.693694e-01 -1.783027e-01  2.420046e-01 9.035809e-02
 3.703704e-01 -4.558047e-02  4.158191e-01 1.749831e-01
 3.713714e-01  9.006060e-02  5.922438e-01 3.588636e-01
 3.723724e-01  2.258041e-01  7.656463e-01 6.372018e-01
 3.733734e-01  3.586459e-01  9.300529e-01 9.936253e-01
 3.743744e-01  4.854742e-01  1.079368e+00 1.400721e+00
 3.753754e-01  6.031660e-01  1.207614e+00 1.822141e+00
 3.763764e-01  7.086919e-01  1.309174e+00 2.216182e+00
 3.773774e-01  7.992280e-01  1.379041e+00 2.540521e+00
 3.783784e-01  8.722668e-01  1.413046e+00 2.757549e+00
 3.793794e-01  9.257234e-01  1.408067e+00 2.839618e+00
 3.803804e-01  9.580294e-01  1.362205e+00 2.773423e+00
 3.813814e-01  9.682117e-01  1.274914e+00 2.562839e+00
 3.823824e-01  9.559486e-01  1.147083e+00 2.229637e+00
 3.833834e-01  9.216019e-01  9.810681e-01 1.811845e+00
 3.843844e-01  8.662217e-01  7.806584e-01 1.359768e+00
 3.853854e-01  7.915226e-01  5.509893e-01 9.300972e-01
 3.863864e-01  6.998309e-01  2.983983e-01 5.788049e-01
 3.873874e-01  5.940074e-01  3.022817e-02 3.537586e-01
 3.883884e-01  4.773437e-01 -2.454142e-01 2.880852e-01
 3.893894e-01  3.534422e-01 -5.199364e-01 3.952553e-01
 3.903904e-01  2.260798e-01 -7.845638e-01 6.666524e-01
 3.913914e-01  9.906558e-02 -1.030658e+00 1.072069e+00
 3.923924e-01 -2.390466e-02 -1.250034e+00 1.563156e+00
 3.933934e-01 -1.393871e-01 -1.435271e+00 2.079432e+00
 3.943944e-01 -2.443190e-01 -1.579994e+00 2.556073e+00
 3.953954e-01 -3.361280e-01 -1.679120e+00 2.932426e+00
 3.963964e-01 -4.128215e-01 -1.729061e+00 3.160075e+00
 3.973974e-01 -4.730473e-01 -1.727871e+00 3.209311e+00
 3.983984e-01 -5.161271e-01 -1.675326e+00 3.073105e+00
 3.993994e-01 -5.420574e-01 -1.572951e+00 2.768002e+00
 4.004004e-01 -5.514823e-01 -1.423968e+00 2.331818e+00
 4.014014e-01 -5.456353e-01 -1.233186e+00 1.818465e+00
 4.024024e-01 -5.262582e-01 -1.006831e+00 1.290656e+00
 4.034034e-01 -4.954946e-01 -7.523192e-01 8.114991e-01
 4.044044e-01 -4.557724e-01 -4.779894e-01 4.362023e-01
 4.054054e-01 -4.096708e-01 -1.927980e-01 2.050012e-01
 4.064064e-01 -3.597888e-01  9.400473e-02 1.382849e-01
 4.074074e-01 -3.086131e-01  3.732077e-01 2.345260e-01
 4.084084e-01 -2.583991e-01  6.359673e-01 4.712246e-01
 4.094094e-01 -2.110646e-01  8.741179e-01 8.086303e-01
 4.104104e-01 -1.681082e-01  1.080452e+00 1.195638e+00
 4.114114e-01 -1.305494e-01  1.248962e+00 1.576950e+00
 4.124124e-01 -9.890086e-02  1.375030e+00 1.900489e+00
 4.134134e-01 -7.316628e-02  1.455564e+00 2.124019e+00
 4.144144e-01 -5.287171e-02  1.489072e+00 2.220132e+00
 4.154154e-01 -3.712067e-02  1.475683e+00 2.179017e+00
 4.164164e-01 -2.467798e-02  1.417091e+00 2.008755e+00
 4.174174e-01 -1.406923e-02  1.316462e+00 1.733270e+00
 4.184184e-01 -3.699014e-03  1.178276e+00 1.388347e+00
 4.194194e-01  8.027769e-03  1.008130e+00 1.016390e+00
 4.204204e-01  2.257919e-02  8.125089e-01 6.606806e-01
 4.214214e-01  4.118101e-02  5.985304e-01 3.599346e-01
 4.224224e-01  6.471000e-02  3.736753e-01 1.438206e-01
 4.234234e-01  9.361224e-02  1.455177e-01 2.993866e-02
 4.244244e-01  1.278414e-01 -7.853628e-02 2.251138e-02
 4.254254e-01  1.668321e-01 -2.914948e-01 1.128022e-01
 4.264264e-01  2.094989e-01 -4.869977e-01 2.810566e-01
 4.274274e-01  2.542746e-01 -6.595035e-01 4.996005e-01
 4.284284e-01  2.991734e-01 -8.044362e-01 7.366223e-01
 4.294294e-01  3.418898e-01 -9.182932e-01 9.601510e-01
 4.304304e-01  3.799145e-01 -9.987087e-01 1.141754e+00
 4.314314e-01  4.106762e-01 -1.044477e+00 1.259587e+00
 4.324324e-01  4.316865e-01 -1.055534e+00 1.300505e+00
 4.334334e-01  4.406956e-01 -1.032903e+00 1.261102e+00
 4.344344e-01  4.358351e-01 -9.786103e-01 1.147630e+00
 4.354354e-01  4.157540e-01 -8.955685e-01 9.748943e-01
 4.364364e-01  3.797257e-01 -7.874466e-01 7.642637e-01
 4.374374e-01  3.277339e-01 -6.585204e-01 5.410586e-01
 4.384384e-01  2.605164e-01 -5.135148e-01 3.315662e-01
 4.394394e-01  1.795791e-01 -3.574446e-01 1.600153e-01
 4.404404e-01  8.716183e-02 -1.954547e-01 4.579971e-02
 4.414414e-01 -1.382677e-02 -3.266884e-02 1.258433e-03
 4.424424e-01 -1.199207e-01  1.259545e-01 3.024550e-02
 4.434434e-01 -2.272301e-01  2.757510e-01 1.276721e-01
 4.444444e-01 -3.316130e-01  4.124680e-01 2.800971e-01
 4.454454e-01 -4.288522e-01  5.323628e-01 4.673244e-01
 4.464464e-01 -5.148549e-01  6.322876e-01 6.648631e-01
 4.474474e-01 -5.858385e-01  7.097528e-01 8.469557e-01
 4.484484e-01 -6.385198e-01  7.629784e-01 9.898435e-01
 4.494494e-01 -6.702701e-01  7.909217e-01 1.074819e+00
 4.504505e-01 -6.792572e-01  7.932940e-01 1.090706e+00
 4.514515e-01 -6.645360e-01  7.705532e-01 1.035360e+00
 4.524525e-01 -6.261151e-01  7.238865e-01 9.160318e-01
 4.534535e-01 -5.649621e-01  6.551684e-01 7.484279e-01
 4.544545e-01 -4.829817e-01  5.669096e-01 5.546578e-01
 4.554555e-01 -3.829311e-01  4.621815e-01 3.602479e-01
 4.564565e-01 -2.683159e-01  3.445332e-01 1.906966e-01
 4.574575e-01 -1.432299e-01  2.178851e-01 6.798872e-02
 4.584585e-01 -1.219098e-02  8.641879e-02 7.616828e-03
 4.594595e-01  1.200659e-01 -4.555407e-02 1.649100e-02
 4.604605e-01  2.487767e-01 -1.737201e-01 9.206854e-02
 4.614615e-01  3.693645e-01 -2.939089e-01 2.228125e-01
 4.624625e-01  4.776116e-01 -4.022248e-01 3.898976e-01
 4.634635e-01  5.698465e-01 -4.951895e-01 5.699377e-01
 4.644645e-01  6.430640e-01 -5.698591e-01 7.382707e-01
 4.654655e-01  6.950521e-01 -6.239440e-01 8.724035e-01
 4.664665e-01  7.244348e-01 -6.558908e-01 9.549984e-01
 4.674675e-01  7.307236e-01 -6.649605e-01 9.761294e-01
 4.684685e-01  7.142731e-01 -6.512555e-01 9.343199e-01
 4.694695e-01  6.762595e-01 -6.157412e-01 8.364641e-01
 4.704705e-01  6.185555e-01 -5.602045e-01 6.964399e-01
 4.714715e-01  5.436553e-01 -4.872120e-01 5.329366e-01
 4.724725e-01  4.544902e-01 -3.999971e-01 3.665590e-01
 4.734735e-01  3.543321e-01 -3.023599e-01 2.169728e-01
 4.744745e-01  2.465766e-01 -1.984903e-01 1.001984e-01
 4.754755e-01  1.346658e-01 -9.282911e-02 2.675213e-02
 4.764765e-01  2.186330e-02  1.015596e-02 5.811473e-04
 4.774775e-01 -8.876024e-02  1.061144e-01 1.913865e-02
 4.784785e-01 -1.945536e-01  1.910624e-01 7.435591e-02
 4.794795e-01 -2.931859e-01  2.614861e-01 1.543329e-01
 4.804805e-01 -3.829059e-01  3.146033e-01 2.455922e-01
 4.814815e-01 -4.622476e-01  3.483576e-01 3.350259e-01
 4.824825e-01 -5.304601e-01  3.617248e-01 4.122328e-01
 4.834835e-01 -5.867349e-01  3.544372e-01 4.698836e-01
 4.844845e-01 -6.315934e-01  3.276648e-01 5.062744e-01
 4.854855e-01 -6.609682e-01  2.813959e-01 5.160626e-01
 4.864865e-01 -6.495299e-01  2.078985e-01 4.651108e-01
 4.874875e-01 -5.948056e-01  1.129770e-01 3.665575e-01
 4.884885e-01 -5.017183e-01  6.996697e-03 2.517702e-01
 4.894895e-01 -3.765533e-01 -9.899235e-02 1.515919e-01
 4.904905e-01 -2.279117e-01 -1.936858e-01 8.945792e-02
 4.914915e-01 -6.542347e-02 -2.670180e-01 7.557884e-02
 4.924925e-01  1.004166e-01 -3.109924e-01 1.067998e-01
 4.934935e-01  2.591770e-01 -3.206564e-01 1.699933e-01
 4.944945e-01  4.008769e-01 -2.945450e-01 2.474590e-01
 4.954955e-01  5.167163e-01 -2.349470e-01 3.221959e-01
 4.964965e-01  5.994372e-01 -1.476711e-01 3.811317e-01
 4.974975e-01  6.438339e-01 -4.154790e-02 4.162483e-01
 4.984985e-01  6.469615e-01  7.245186e-02 4.238084e-01
 4.994995e-01  6.083895e-01  1.822756e-01 4.033622e-01
 5.005005e-01  5.301873e-01  2.760152e-01 3.572830e-01
 5.015015e-01  4.168962e-01  3.431137e-01 2.915295e-01
 5.025025e-01  2.752621e-01  3.754799e-01 2.167544e-01
 5.035035e-01  1.139308e-01  3.683704e-01 1.486770e-01
 5.045045e-01 -5.705932e-02  3.209569e-01 1.062691e-01
 5.055055e-01 -2.268105e-01  2.365281e-01 1.073886e-01
 5.065065e-01 -3.842455e-01  1.222639e-01 1.625931e-01
 5.075075e-01 -5.187657e-01 -1.134494e-02 2.692465e-01
 5.085085e-01 -6.209769e-01 -1.514709e-01 4.085558e-01
 5.095095e-01 -6.833168e-01 -2.841102e-01 5.476404e-01
 5.105105e-01 -7.006562e-01 -3.954848e-01 6.473273e-01
 5.115115e-01 -6.707124e-01 -4.733343e-01 6.739005e-01
 5.125125e-01 -5.943546e-01 -5.082759e-01 6.116018e-01
 5.135135e-01 -4.756409e-01 -4.946638e-01 4.709266e-01
 5.145145e-01 -3.217103e-01 -4.315268e-01 2.897129e-01
 5.155155e-01 -1.423668e-01 -3.223304e-01 1.241652e-01
 5.165165e-01  5.064478e-02 -1.766086e-01 3.375548e-02
 5.175175e-01  2.471559e-01 -1.236399e-02 6.123892e-02
 5.185185e-01  4.424529e-01  1.625959e-01 2.222020e-01
 5.195195e-01  6.324838e-01  3.420597e-01 5.170406e-01
 5.205205e-01  8.129648e-01  5.189762e-01 9.302479e-01
 5.215215e-01  9.796868e-01  6.863376e-01 1.430846e+00
 5.225225e-01  1.128551e+00  8.371486e-01 1.974445e+00
 5.235235e-01  1.255754e+00  9.648839e-01 2.507919e+00
 5.245245e-01  1.357881e+00  1.063631e+00 2.975151e+00
 5.255255e-01  1.432061e+00  1.128421e+00 3.324134e+00
 5.265265e-01  1.476058e+00  1.155378e+00 3.513647e+00
 5.275275e-01  1.488386e+00  1.141944e+00 3.519327e+00
 5.285285e-01  1.468367e+00  1.086964e+00 3.337594e+00
 5.295295e-01  1.416201e+00  9.908003e-01 2.987309e+00
 5.305305e-01  1.332964e+00  8.553179e-01 2.508362e+00
 5.315315e-01  1.220618e+00  6.838748e-01 1.957594e+00
 5.325325e-01  1.081954e+00  4.812071e-01 1.402185e+00
 5.335335e-01  9.205277e-01  2.532976e-01 9.115309e-01
 5.345345e-01  7.405523e-01  7.165512e-03 5.484690e-01
 5.355355e-01  5.467780e-01 -2.493597e-01 3.611464e-01
 5.365365e-01  3.443377e-01 -5.079199e-01 3.765510e-01
 5.375375e-01  1.385904e-01 -7.599136e-01 5.966760e-01
 5.385385e-01 -6.505654e-02 -9.968105e-01 9.978636e-01
 5.395395e-01 -2.613173e-01 -1.210452e+00 1.533480e+00
 5.405405e-01 -4.452034e-01 -1.393352e+00 2.139635e+00
 5.415415e-01 -6.121786e-01 -1.538968e+00 2.743185e+00
 5.425425e-01 -7.583077e-01 -1.641945e+00 3.271014e+00
 5.435435e-01 -8.803726e-01 -1.698311e+00 3.659316e+00
 5.445445e-01 -9.759704e-01 -1.705630e+00 3.861691e+00
 5.455455e-01 -1.043573e+00 -1.663091e+00 3.854917e+00
 5.465465e-01 -1.082562e+00 -1.571549e+00 3.641708e+00
 5.475475e-01 -1.093220e+00 -1.433493e+00 3.250030e+00
 5.485485e-01 -1.076697e+00 -1.252961e+00 2.729188e+00
 5.495495e-01 -1.034943e+00 -1.035401e+00 2.143162e+00
 5.505506e-01 -9.706065e-01 -7.874774e-01 1.562198e+00
 5.515516e-01 -8.869173e-01 -5.168315e-01 1.053737e+00
 5.525526e-01 -7.875443e-01 -2.318168e-01 6.739651e-01
 5.535536e-01 -6.764414e-01  5.879825e-02 4.610302e-01
 5.545546e-01 -5.576903e-01  3.461332e-01 4.308267e-01
 5.555556e-01 -4.353389e-01  6.215039e-01 5.757870e-01
 5.565566e-01 -3.132521e-01  8.767155e-01 8.667569e-01
 5.575576e-01 -1.949719e-01  1.104337e+00 1.257575e+00
 5.585586e-01 -8.360089e-02  1.297941e+00 1.691641e+00
 5.595596e-01  1.829363e-02  1.452305e+00 2.109526e+00
 5.605606e-01  1.087434e-01  1.563563e+00 2.456556e+00
 5.615616e-01  1.864170e-01  1.629308e+00 2.689396e+00
 5.625626e-01  2.506219e-01  1.648636e+00 2.780811e+00
 5.635636e-01  3.012802e-01  1.622139e+00 2.722104e+00
 5.645646e-01  3.388718e-01  1.551842e+00 2.523049e+00
 5.655656e-01  3.643568e-01  1.441095e+00 2.209511e+00
 5.665666e-01  3.790731e-01  1.294414e+00 1.819203e+00
 5.675676e-01  3.846244e-01  1.117292e+00 1.396278e+00
 5.685686e-01  3.827561e-01  9.159855e-01 9.855316e-01
 5.695696e-01  3.752337e-01  6.972721e-01 6.269887e-01
 5.705706e-01  3.637242e-01  4.682095e-01 3.515154e-01
 5.715716e-01  3.496928e-01  2.358906e-01 1.779294e-01
 5.725726e-01  3.343151e-01  7.209133e-03 1.118186e-01
 5.735736e-01  3.184160e-01 -2.113564e-01 1.460603e-01
 5.745746e-01  3.024317e-01 -4.139340e-01 2.628063e-01
 5.755756e-01  2.864042e-01 -5.954184e-01 4.365504e-01
 5.765766e-01  2.700017e-01 -7.515973e-01 6.377993e-01
 5.775776e-01  2.525699e-01 -8.792398e-01 8.368541e-01
 5.785786e-01  2.332054e-01 -9.761476e-01 1.007249e+00
 5.795796e-01  2.108517e-01 -1.041168e+00 1.128489e+00
 5.805806e-01  1.844074e-01 -1.074173e+00 1.187854e+00
 5.815816e-01  1.528443e-01 -1.076005e+00 1.181148e+00
 5.825826e-01  1.153238e-01 -1.048395e+00 1.112433e+00
 5.835836e-01  7.130703e-02 -9.938616e-01 9.928455e-01
 5.845846e-01  2.064928e-02 -9.155834e-01 8.387193e-01
 5.855856e-01 -3.632582e-02 -8.172695e-01 6.692490e-01
 5.865866e-01 -9.878099e-02 -7.030159e-01 5.039890e-01
 5.875876e-01 -1.653491e-01 -5.771614e-01 3.604556e-01
 5.885886e-01 -2.341529e-01 -4.441465e-01 2.520938e-01
 5.895896e-01 -3.028567e-01 -3.083768e-01 1.868184e-01
 5.905906e-01 -3.687526e-01 -1.740965e-01 1.662880e-01
 5.915916e-01 -4.288746e-01 -4.527300e-02 1.859831e-01
 5.925926e-01 -4.801382e-01  7.450455e-02 2.360836e-01
 5.935936e-01 -5.194952e-01  1.821121e-01 3.030401e-01
 5.945946e-01 -5.441000e-01  2.749613e-01 3.716486e-01
 5.955956e-01 -5.514740e-01  3.510538e-01 4.273624e-01
 5.965966e-01 -5.396632e-01  4.090183e-01 4.585323e-01
 5.975976e-01 -5.073761e-01  4.481313e-01 4.582522e-01
 5.985986e-01 -4.540978e-01  4.683200e-01 4.255285e-01
 5.995996e-01 -3.801685e-01  4.701487e-01 3.655678e-01
 6.006006e-01 -2.868254e-01  4.547881e-01 2.891011e-01
 6.016016e-01 -1.762010e-01  4.239689e-01 2.107964e-01
 6.026026e-01 -5.127847e-02  3.799181e-01 1.469672e-01
 6.036036e-01  8.419666e-02  3.252816e-01 1.128972e-01
 6.046046e-01  2.258437e-01  2.630322e-01 1.201913e-01
 6.056056e-01  3.688099e-01  1.963653e-01 1.745801e-01
 6.066066e-01  5.079597e-01  1.285852e-01 2.745572e-01
 6.076076e-01  6.380844e-01  6.298362e-02 4.111186e-01
 6.086086e-01  7.541190e-01  2.715244e-03 5.687029e-01
 6.096096e-01  8.513608e-01 -4.932716e-02 7.272483e-01
 6.106106e-01  9.256729e-01 -9.063250e-02 8.650846e-01
 6.116116e-01  9.736698e-01 -1.191815e-01 9.622372e-01
 6.126126e-01  9.928699e-01 -1.335429e-01 1.003624e+00
 6.136136e-01  9.818121e-01 -1.329494e-01 9.816306e-01
 6.146146e-01  9.401276e-01 -1.173513e-01 8.976113e-01
 6.156156e-01  8.685663e-01 -8.744125e-02 7.620534e-01
 6.166166e-01  7.689735e-01 -4.464920e-02 5.933138e-01
 6.176176e-01  6.442216e-01  8.894927e-03 4.151005e-01
 6.186186e-01  4.980962e-01  7.043138e-02 2.530604e-01
 6.196196e-01  3.351464e-01  1.366723e-01 1.310024e-01
 6.206206e-01  1.605022e-01  2.039322e-01 6.734928e-02
 6.216216e-01 -2.032885e-02  2.682833e-01 7.238919e-02
 6.226226e-01 -2.016783e-01  3.257297e-01 1.467740e-01
 6.236236e-01 -3.779362e-01  3.723935e-01 2.815127e-01
 6.246246e-01 -5.437633e-01  4.047053e-01 4.594649e-01
 6.256256e-01 -6.942873e-01  4.195891e-01 6.580899e-01
 6.266266e-01 -8.252744e-01  4.146350e-01 8.530000e-01
 6.276276e-01 -9.332689e-01  3.882480e-01 1.021727e+00
 6.286286e-01 -1.015698e+00  3.397676e-01 1.147084e+00
 6.296296e-01 -1.070934e+00  2.695495e-01 1.219556e+00
 6.306306e-01 -1.098318e+00  1.790037e-01 1.238345e+00
 6.316316e-01 -1.098144e+00  7.058674e-02 1.210902e+00
 6.326326e-01 -1.071600e+00 -5.225509e-02 1.151057e+00
 6.336336e-01 -1.020681e+00 -1.851905e-01 1.076085e+00
 6.346346e-01 -9.480720e-01 -3.231527e-01 1.003268e+00
 6.356356e-01 -8.570079e-01 -4.605289e-01 9.465494e-01
 6.366366e-01 -7.511204e-01 -5.913831e-01 9.139157e-01
 6.376376e-01 -6.342772e-01 -7.097014e-01 9.059836e-01
 6.386386e-01 -5.104225e-01 -8.096528e-01 9.160688e-01
 6.396396e-01 -3.834229e-01 -8.858508e-01 9.317447e-01
 6.406406e-01 -2.569285e-01 -9.336058e-01 9.376321e-01
 6.416416e-01 -1.342508e-01 -9.491578e-01 9.189238e-01
 6.426426e-01 -1.826421e-02 -9.298757e-01 8.650024e-01
 6.436436e-01  8.866857e-02 -8.744164e-01 7.724662e-01
 6.446446e-01  1.847434e-01 -7.828337e-01 6.469587e-01
 6.456456e-01  2.687364e-01 -6.566316e-01 5.033843e-01
 6.466466e-01  3.399987e-01 -4.987591e-01 3.643598e-01
 6.476476e-01  3.984293e-01 -3.135434e-01 2.570553e-01
 6.486486e-01  4.444255e-01 -1.065650e-01 2.088701e-01
 6.496496e-01  4.788180e-01  1.155224e-01 2.426121e-01
 6.506507e-01  5.027914e-01  3.452207e-01 3.719765e-01
 6.516517e-01  5.177967e-01  5.744563e-01 5.981134e-01
 6.526527e-01  5.254579e-01  7.948782e-01 9.079374e-01
 6.536537e-01  5.274790e-01  9.981747e-01 1.274587e+00
 6.546547e-01  5.255527e-01  1.176394e+00 1.660110e+00
 6.556557e-01  5.212761e-01  1.322261e+00 2.020104e+00
 6.566567e-01  5.160749e-01  1.429468e+00 2.309712e+00
 6.576577e-01  5.111396e-01  1.492937e+00 2.490126e+00
 6.586587e-01  5.073742e-01  1.509041e+00 2.534633e+00
 6.596597e-01  5.053604e-01  1.475765e+00 2.433273e+00
 6.606607e-01  5.053356e-01  1.392821e+00 2.195314e+00
 6.616617e-01  5.071882e-01  1.261682e+00 1.849082e+00
 6.626627e-01  5.104664e-01  1.085567e+00 1.439031e+00
 6.636637e-01  5.144030e-01  8.693453e-01 1.020372e+00
 6.646647e-01  5.179531e-01  6.193898e-01 6.519191e-01
 6.656657e-01  5.198440e-01  3.433629e-01 3.881358e-01
 6.666667e-01  5.186359e-01  4.995798e-02 2.714790e-01
 6.676677e-01  5.127910e-01 -2.514018e-01 3.261574e-01
 6.686687e-01  5.007478e-01 -5.508938e-01 5.542323e-01
 6.696697e-01  4.810004e-01 -8.386440e-01 9.346851e-01
 6.706707e-01  4.521771e-01 -1.105078e+00 1.425662e+00
 6.716717e-01  4.131182e-01 -1.341266e+00 1.969661e+00
 6.726727e-01  3.629473e-01 -1.539241e+00 2.500993e+00
 6.736737e-01  3.011363e-01 -1.692288e+00 2.954522e+00
 6.746747e-01  2.275586e-01 -1.795187e+00 3.274481e+00
 6.756757e-01  1.425297e-01 -1.844402e+00 3.422133e+00
 6.766767e-01  4.683174e-02 -1.838205e+00 3.381190e+00
 6.776777e-01 -5.827748e-02 -1.776743e+00 3.160210e+00
 6.786787e-01 -1.710756e-01 -1.662027e+00 2.791601e+00
 6.796797e-01 -2.894038e-01 -1.497863e+00 2.327349e+00
 6.806807e-01 -4.107147e-01 -1.289707e+00 1.832030e+00
 6.816817e-01 -5.321366e-01 -1.044468e+00 1.374082e+00
 6.826827e-01 -6.505546e-01 -7.702560e-01 1.016515e+00
 6.836837e-01 -7.627044e-01 -4.760884e-01 8.083781e-01
 6.846847e-01 -8.652770e-01 -1.715626e-01 7.781380e-01
 6.856857e-01 -9.550299e-01  1.334886e-01 9.299014e-01
 6.866867e-01 -1.028901e+00  4.293473e-01 1.242977e+00
 6.876877e-01 -1.084121e+00  7.067541e-01 1.674821e+00
 6.886887e-01 -1.118322e+00  9.572304e-01 2.166934e+00
 6.896897e-01 -1.129629e+00  1.173369e+00 2.652856e+00
 6.906907e-01 -1.116750e+00  1.349077e+00 3.067140e+00
 6.916917e-01 -1.079035e+00  1.479774e+00 3.354048e+00
 6.926927e-01 -1.016523e+00  1.562521e+00 3.474791e+00
 6.936937e-01 -9.299659e-01  1.596091e+00 3.412343e+00
 6.946947e-01 -8.208258e-01  1.580971e+00 3.173225e+00
 6.956957e-01 -6.912503e-01  1.519302e+00 2.786105e+00
 6.966967e-01 -5.440248e-01  1.414750e+00 2.297481e+00
 6.976977e-01 -3.825013e-01  1.272332e+00 1.765135e+00
 6.986987e-01 -2.105095e-01  1.098182e+00 1.250319e+00
 6.996997e-01 -3.224942e-02  8.992930e-01 8.097679e-01
 7.007007e-01  1.478275e-01  6.832199e-01 4.886423e-01
 7.017017e-01  3.251476e-01  4.577807e-01 3.152841e-01
 7.027027e-01  4.951481e-01  2.307506e-01 2.984175e-01
 7.037037e-01  6.534117e-01  9.571140e-03 4.270385e-01
 7.047047e-01  7.957963e-01 -1.989171e-01 6.728598e-01
 7.057057e-01  9.185578e-01 -3.887065e-01 9.948412e-01
 7.067067e-01  1.018461e+00 -5.548106e-01 1.345078e+00
 7.077077e-01  1.092876e+00 -6.934022e-01 1.675184e+00
 7.087087e-01  1.139856e+00 -8.018966e-01 1.942310e+00
 7.097097e-01  1.158198e+00 -8.789782e-01 2.114026e+00
 7.107107e-01  1.147481e+00 -9.245722e-01 2.171545e+00
 7.117117e-01  1.108078e+00 -9.397646e-01 2.110993e+00
 7.127127e-01  1.041155e+00 -9.266757e-01 1.942732e+00
 7.137137e-01  9.486426e-01 -8.882954e-01 1.688992e+00
 7.147147e-01  8.331819e-01 -8.282908e-01 1.380258e+00
 7.157157e-01  6.980604e-01 -7.507938e-01 1.050980e+00
 7.167167e-01  5.471220e-01 -6.601831e-01 7.351842e-01
 7.177177e-01  3.846650e-01 -5.608684e-01 4.625405e-01
 7.187187e-01  2.153242e-01 -4.570895e-01 2.552953e-01
 7.197197e-01  4.394383e-02 -3.527385e-01 1.263555e-01
 7.207207e-01 -1.245586e-01 -2.512127e-01 7.862268e-02
 7.217217e-01 -2.853323e-01 -1.553043e-01 1.055340e-01
 7.227227e-01 -4.337350e-01 -6.713097e-02 1.926326e-01
 7.237237e-01 -5.654714e-01  1.189250e-02 3.198993e-01
 7.247247e-01 -6.767262e-01  8.104095e-02 4.645259e-01
 7.257257e-01 -7.642862e-01  1.402284e-01 6.037974e-01
 7.267267e-01 -8.256494e-01  1.899247e-01 7.177683e-01
 7.277277e-01 -8.591150e-01  2.310460e-01 7.914608e-01
 7.287287e-01 -8.638532e-01  2.648275e-01 8.163759e-01
 7.297297e-01 -8.399500e-01  2.926856e-01 7.911809e-01
 7.307307e-01 -7.884247e-01  3.160805e-01 7.215204e-01
 7.317317e-01 -7.112179e-01  3.363846e-01 6.189855e-01
 7.327327e-01 -6.111491e-01  3.547681e-01 4.993636e-01
 7.337337e-01 -4.918427e-01  3.721047e-01 3.803712e-01
 7.347347e-01 -3.576246e-01  3.889052e-01 2.791426e-01
 7.357357e-01 -2.133886e-01  4.052806e-01 2.097870e-01
 7.367367e-01 -6.443935e-02  4.209361e-01 1.813396e-01
 7.377377e-01  8.368757e-02  4.351968e-01 1.963999e-01
 7.387387e-01  2.254201e-01  4.470607e-01 2.506775e-01
 7.397397e-01  3.553541e-01  4.552759e-01 3.335527e-01
 7.407407e-01  4.684590e-01  4.584365e-01 4.296179e-01
 7.417417e-01  5.602780e-01  4.550908e-01 5.210191e-01
 7.427427e-01  6.271133e-01  4.438538e-01 5.902773e-01
 7.437437e-01  6.661891e-01  4.235185e-01 6.231758e-01
 7.447447e-01  6.757841e-01  3.931572e-01 6.112568e-01
 7.457457e-01  6.553274e-01  3.522079e-01 5.535044e-01
 7.467467e-01  6.054498e-01  3.005396e-01 4.568936e-01
 7.477477e-01  5.279902e-01  2.384939e-01 3.356530e-01
 7.487487e-01  4.259502e-01  1.668990e-01 2.092888e-01
 7.497497e-01  3.034002e-01  8.705648e-02 9.963054e-02
 7.507508e-01  1.653379e-01  7.015158e-04 2.733713e-02
 7.517518e-01  1.750206e-02 -9.006133e-02 8.417365e-03
 7.527528e-01 -1.338503e-01 -1.828426e-01 5.134733e-02
 7.537538e-01 -2.821952e-01 -2.750682e-01 1.552966e-01
 7.547548e-01 -4.210128e-01 -3.640891e-01 3.098127e-01
 7.557558e-01 -5.440655e-01 -4.472954e-01 4.960805e-01
 7.567568e-01 -6.456716e-01 -5.222276e-01 6.896135e-01
 7.577578e-01 -7.209623e-01 -5.866799e-01 8.639799e-01
 7.587588e-01 -7.661100e-01 -6.387902e-01 9.949775e-01
 7.597598e-01 -7.785170e-01 -6.771124e-01 1.064570e+00
 7.607608e-01 -7.569544e-01 -7.006673e-01 1.063915e+00
 7.617618e-01 -7.016449e-01 -7.089717e-01 9.949465e-01
 7.627628e-01 -6.142836e-01 -7.020430e-01 8.702088e-01
 7.637638e-01 -4.979939e-01 -6.803818e-01 7.109173e-01
 7.647648e-01 -3.572207e-01 -6.449329e-01 5.435451e-01
 7.657658e-01 -1.975626e-01 -5.970292e-01 3.954749e-01
 7.667668e-01 -2.555057e-02 -5.383204e-01 2.904417e-01
 7.677678e-01  1.516184e-01 -4.706921e-01 2.445392e-01
 7.687688e-01  3.263816e-01 -3.961793e-01 2.634830e-01
 7.697698e-01  4.911318e-01 -3.168795e-01 3.416230e-01
 7.707708e-01  6.385454e-01 -2.348680e-01 4.629032e-01
 7.717718e-01  7.619037e-01 -1.521219e-01 6.036382e-01
 7.727728e-01  8.553909e-01 -7.045364e-02 7.366574e-01
 7.737738e-01  9.143592e-01  8.542246e-03 8.361257e-01
 7.747748e-01  9.355444e-01  8.352803e-02 8.822202e-01
 7.757758e-01  9.172260e-01  1.534465e-01 8.648494e-01
 7.767768e-01  8.593225e-01  2.175296e-01 7.857543e-01
 7.777778e-01  7.634169e-01  2.752933e-01 6.585918e-01
 7.787788e-01  6.327128e-01  3.265198e-01 5.069407e-01
 7.797798e-01  4.719205e-01  3.712289e-01 3.605198e-01
 7.807808e-01  2.870791e-01  4.096419e-01 2.502209e-01
 7.817818e-01  8.532188e-02  4.421393e-01 2.027669e-01
 7.827828e-01 -1.254062e-01  4.692151e-01 2.358896e-01
 7.837838e-01 -3.366658e-01  4.914313e-01 3.548486e-01
 7.847848e-01 -5.398625e-01  5.093722e-01 5.509115e-01
 7.857858e-01 -7.265945e-01  5.236027e-01 8.020993e-01
 7.867868e-01 -8.889935e-01  5.346311e-01 1.076140e+00
 7.877878e-01 -1.020045e+00  5.428769e-01 1.335207e+00
 7.887888e-01 -1.113875e+00  5.486454e-01 1.541728e+00
 7.897898e-01 -1.165992e+00  5.521086e-01 1.664361e+00
 7.907908e-01 -1.173475e+00  5.532931e-01 1.683177e+00
 7.917918e-01 -1.135098e+00  5.520752e-01 1.593234e+00
 7.927928e-01 -1.051388e+00  5.481824e-01 1.405921e+00
 7.937938e-01 -9.246174e-01  5.412012e-01 1.147816e+00
 7.947948e-01 -7.587237e-01  5.305921e-01 8.571897e-01
 7.957958e-01 -5.591697e-01  5.157098e-01 5.786273e-01
 7.967968e-01 -3.327419e-01  4.958294e-01 3.565640e-01
 7.977978e-01 -8.730033e-02  4.701782e-01 2.286889e-01
 7.987988e-01  1.685130e-01  4.379721e-01 2.202162e-01
 7.997998e-01  4.255943e-01  3.984565e-01 3.398981e-01
 8.008008e-01  6.747145e-01  3.509511e-01 5.784063e-01
 8.018018e-01  9.068611e-01  2.948963e-01 9.093609e-01
 8.028028e-01  1.113569e+00  2.299019e-01 1.292892e+00
 8.038038e-01  1.287234e+00  1.557945e-01 1.681244e+00
 8.048048e-01  1.421387e+00  7.266288e-02 2.025621e+00
 8.058058e-01  1.510934e+00 -1.910091e-02 2.283286e+00
 8.068068e-01  1.552337e+00 -1.187677e-01 2.423855e+00
 8.078078e-01  1.543744e+00 -2.252462e-01 2.433883e+00
 8.088088e-01  1.485054e+00 -3.370697e-01 2.319002e+00
 8.098098e-01  1.377916e+00 -4.523965e-01 2.103316e+00
 8.108108e-01  1.225669e+00 -5.690251e-01 1.826054e+00
 8.118118e-01  1.033217e+00 -6.844274e-01 1.535978e+00
 8.128128e-01  8.068524e-01 -7.957975e-01 1.284305e+00
 8.138138e-01  5.540250e-01 -9.001190e-01 1.117158e+00
 8.148148e-01  2.830735e-01 -9.942472e-01 1.068658e+00
 8.158158e-01  2.925610e-03 -1.075006e+00 1.155647e+00
 8.168168e-01 -2.772219e-01 -1.139297e+00 1.374850e+00
 8.178178e-01 -5.482300e-01 -1.184214e+00 1.702919e+00
 8.188188e-01 -8.013409e-01 -1.207161e+00 2.099386e+00
 8.198198e-01 -1.028485e+00 -1.205975e+00 2.512155e+00
 8.208208e-01 -1.222559e+00 -1.179028e+00 2.884758e+00
 8.218218e-01 -1.377670e+00 -1.125337e+00 3.164357e+00
 8.228228e-01 -1.489329e+00 -1.044636e+00 3.309366e+00
 8.238238e-01 -1.554595e+00 -9.374419e-01 3.295563e+00
 8.248248e-01 -1.572155e+00 -8.050888e-01 3.119840e+00
 8.258258e-01 -1.542352e+00 -6.497322e-01 2.801001e+00
 8.268268e-01 -1.467140e+00 -4.743262e-01 2.377486e+00
 8.278278e-01 -1.349992e+00 -2.825679e-01 1.902323e+00
 8.288288e-01 -1.195741e+00 -7.881211e-02 1.436007e+00
 8.298298e-01 -1.010380e+00  1.320428e-01 1.038304e+00
 8.308308e-01 -8.008221e-01  3.446931e-01 7.601294e-01
 8.318318e-01 -5.746217e-01  5.535883e-01 6.366501e-01
 8.328328e-01 -3.396869e-01  7.531044e-01 6.825535e-01
 8.338338e-01 -1.039775e-01  9.377257e-01 8.901408e-01
 8.348348e-01  1.247897e-01  1.102227e+00 1.230477e+00
 8.358358e-01  3.394204e-01  1.241851e+00 1.657401e+00
 8.368368e-01  5.334946e-01  1.352475e+00 2.113805e+00
 8.378378e-01  7.015810e-01  1.430751e+00 2.539264e+00
 8.388388e-01  8.394070e-01  1.474234e+00 2.877969e+00
 8.398398e-01  9.439769e-01  1.481467e+00 3.085835e+00
 8.408408e-01  1.013635e+00  1.452043e+00 3.135884e+00
 8.418418e-01  1.048073e+00  1.386626e+00 3.021191e+00
 8.428428e-01  1.048281e+00  1.286941e+00 2.755109e+00
 8.438438e-01  1.016445e+00  1.155717e+00 2.368843e+00
 8.448448e-01  9.558041e-01  9.966129e-01 1.906799e+00
 8.458458e-01  8.704611e-01  8.140976e-01 1.420457e+00
 8.468468e-01  7.651700e-01  6.133124e-01 9.616373e-01
 8.478478e-01  6.451023e-01  3.999093e-01 5.760844e-01
 8.488488e-01  5.156057e-01  1.798734e-01 2.982037e-01
 8.498498e-01  3.819675e-01 -4.066189e-02 1.475526e-01
 8.508509e-01  2.491913e-01 -2.556043e-01 1.274299e-01
 8.518519e-01  1.217994e-01 -4.590870e-01 2.255960e-01
 8.528529e-01  3.667213e-03 -6.456446e-01 4.168704e-01
 8.538539e-01 -1.021021e-01 -8.103728e-01 6.671288e-01
 8.548549e-01 -1.932583e-01 -9.490689e-01 9.380806e-01
 8.558559e-01 -2.684389e-01 -1.058349e+00 1.192162e+00
 8.568569e-01 -3.271565e-01 -1.135737e+00 1.396930e+00
 8.578579e-01 -3.697424e-01 -1.179726e+00 1.528464e+00
 8.588589e-01 -3.972508e-01 -1.189810e+00 1.573457e+00
 8.598599e-01 -4.113300e-01 -1.166484e+00 1.529876e+00
 8.608609e-01 -4.140690e-01 -1.111213e+00 1.406247e+00
 8.618619e-01 -4.078285e-01 -1.026381e+00 1.219781e+00
 8.628629e-01 -3.950673e-01 -9.152030e-01 9.936747e-01
 8.638639e-01 -3.781724e-01 -7.816237e-01 7.539500e-01
 8.648649e-01 -3.593039e-01 -6.301891e-01 5.262376e-01
 8.658659e-01 -3.402629e-01 -4.659066e-01 3.328478e-01
 8.668669e-01 -3.223882e-01 -2.940912e-01 1.904238e-01
 8.678679e-01 -3.064903e-01 -1.202036e-01 1.083852e-01
 8.688689e-01 -2.928216e-01  5.031485e-02 8.827606e-02
 8.698699e-01 -2.810880e-01  2.122071e-01 1.240423e-01
 8.708709e-01 -2.704976e-01  3.605598e-01 2.031723e-01
 8.718719e-01 -2.598442e-01  4.909532e-01 3.085541e-01
 8.728729e-01 -2.476198e-01  5.995979e-01 4.208332e-01
 8.738739e-01 -2.321489e-01  6.834531e-01 5.210013e-01
 8.748749e-01 -2.117359e-01  7.403242e-01 5.929119e-01
 8.758759e-01 -1.848160e-01  7.689346e-01 6.254173e-01
 8.768769e-01 -1.501013e-01  7.689709e-01 6.138466e-01
 8.778779e-01 -1.067109e-01  7.410972e-01 5.606123e-01
 8.788789e-01 -5.427810e-02  6.869390e-01 4.748313e-01
 8.798799e-01  6.972399e-03  6.090339e-01 3.709709e-01
 8.808809e-01  7.618388e-02  5.107519e-01 2.666715e-01
 8.818819e-01  1.518656e-01  3.961850e-01 1.800257e-01
 8.828829e-01  2.319306e-01  2.700087e-01 1.266965e-01
 8.838839e-01  3.137730e-01  1.373204e-01 1.173104e-01
 8.848849e-01  3.943794e-01  3.458242e-03 1.555471e-01
 8.858859e-01  4.704708e-01 -1.261937e-01 2.372676e-01
 8.868869e-01  5.386653e-01 -2.464065e-01 3.508765e-01
 8.878879e-01  5.956554e-01 -3.523072e-01 4.789258e-01
 8.888889e-01  6.383875e-01 -4.395710e-01 6.007613e-01
 8.898899e-01  6.642357e-01 -5.045978e-01 6.958279e-01
 8.908909e-01  6.711588e-01 -5.446644e-01 7.471134e-01
 8.918919e-01  6.578323e-01 -5.580469e-01 7.441597e-01
 8.928929e-01  6.237474e-01 -5.441053e-01 6.851115e-01
 8.938939e-01  5.692704e-01 -5.033277e-01 5.774076e-01
 8.948949e-01  4.956594e-01 -4.373287e-01 4.369347e-01
 8.958959e-01  4.050367e-01 -3.488023e-01 2.857178e-01
 8.968969e-01  3.003163e-01 -2.414293e-01 1.484780e-01
 8.978979e-01  1.850909e-01 -1.197411e-01 4.859657e-02
 8.988989e-01  6.348319e-02  1.105462e-02 4.152320e-03
 8.998999e-01 -6.003166e-02  1.452802e-01 2.471013e-02
 9.009009e-01 -1.808239e-01  2.770183e-01 1.094364e-01
 9.019019e-01 -2.943170e-01  4.003566e-01 2.469079e-01
 9.029029e-01 -3.961959e-01  5.096372e-01 4.167013e-01
 9.039039e-01 -4.826053e-01  5.996986e-01 5.925463e-01
 9.049049e-01 -5.503280e-01  6.661009e-01 7.465514e-01
 9.059059e-01 -5.969349e-01  7.053236e-01 8.538126e-01
 9.069069e-01 -6.208994e-01  7.149261e-01 8.966354e-01
 9.079079e-01 -6.216704e-01  6.936652e-01 8.676455e-01
 9.089089e-01 -5.997013e-01  6.415613e-01 7.712425e-01
 9.099099e-01 -5.564324e-01  5.599124e-01 6.231188e-01
 9.109109e-01 -4.942289e-01  4.512533e-01 4.478917e-01
 9.119119e-01 -4.162772e-01  3.192620e-01 2.752150e-01
 9.129129e-01 -3.264443e-01  1.686167e-01 1.349975e-01
 9.139139e-01 -2.291064e-01  4.810340e-03 5.251288e-02
 9.149149e-01 -1.289556e-01 -1.660698e-01 4.420875e-02
 9.159159e-01 -3.079316e-02 -3.375878e-01 1.149137e-01
 9.169169e-01  6.068233e-02 -5.032182e-01 2.569110e-01
 9.179179e-01  1.410815e-01 -6.566095e-01 4.510400e-01
 9.189189e-01  2.065171e-01 -7.918369e-01 6.696550e-01
 9.199199e-01  2.537757e-01 -9.036373e-01 8.809625e-01
 9.209209e-01  2.804603e-01 -9.876135e-01 1.054038e+00
 9.219219e-01  2.850982e-01 -1.040401e+00 1.163715e+00
 9.229229e-01  2.672114e-01 -1.059788e+00 1.194554e+00
 9.239239e-01  2.273454e-01 -1.044793e+00 1.143279e+00
 9.249249e-01  1.670560e-01 -9.956811e-01 1.019289e+00
 9.259259e-01  8.885595e-02 -9.139359e-01 8.431742e-01
 9.269269e-01 -3.877957e-03 -8.021842e-01 6.435145e-01
 9.279279e-01 -1.070317e-01 -6.640723e-01 4.524478e-01
 9.289289e-01 -2.159112e-01 -5.041080e-01 3.007425e-01
 9.299299e-01 -3.254236e-01 -3.274729e-01 2.131390e-01
 9.309309e-01 -4.302746e-01 -1.398139e-01 2.046842e-01
 9.319319e-01 -5.251774e-01  5.297507e-02 2.786177e-01
 9.329329e-01 -6.050623e-01  2.449731e-01 4.261122e-01
 9.339339e-01 -6.652823e-01  4.304437e-01 6.278823e-01
 9.349349e-01 -7.018057e-01  6.040293e-01 8.573827e-01
 9.359359e-01 -7.113895e-01  7.609223e-01 1.085078e+00
 9.369369e-01 -6.917271e-01  8.970052e-01 1.283105e+00
 9.379379e-01 -6.415644e-01  1.008958e+00 1.429602e+00
 9.389389e-01 -5.607804e-01  1.094329e+00 1.512030e+00
 9.399399e-01 -4.504287e-01  1.151565e+00 1.528988e+00
 9.409409e-01 -3.127370e-01  1.180014e+00 1.490238e+00
 9.419419e-01 -1.510643e-01  1.179885e+00 1.414949e+00
 9.429429e-01  3.018371e-02  1.152185e+00 1.328440e+00
 9.439439e-01  2.256797e-01  1.098629e+00 1.257917e+00
 9.449449e-01  4.293370e-01  1.021535e+00 1.227864e+00
 9.459459e-01  6.345035e-01  9.237017e-01 1.255819e+00
 9.469469e-01  8.341830e-01  8.082848e-01 1.349186e+00
 9.479479e-01  1.021276e+00  6.786706e-01 1.503598e+00
 9.489489e-01  1.188829e+00  5.383561e-01 1.703142e+00
 9.499499e-01  1.330295e+00  3.908387e-01 1.922439e+00
 9.509510e-01  1.439775e+00  2.395191e-01 2.130320e+00
 9.519520e-01  1.512255e+00  8.762086e-02 2.294591e+00
 9.529530e-01  1.543813e+00 -6.187296e-02 2.387186e+00
 9.539540e-01  1.531794e+00 -2.062649e-01 2.388937e+00
 9.549550e-01  1.474942e+00 -3.431709e-01 2.293220e+00
 9.559560e-01  1.373490e+00 -4.705325e-01 2.107875e+00
 9.569570e-01  1.229189e+00 -5.866145e-01 1.855023e+00
 9.579580e-01  1.045294e+00 -6.899929e-01 1.568729e+00
 9.589590e-01  8.264791e-01 -7.795334e-01 1.290740e+00
 9.599600e-01  5.787152e-01 -8.543661e-01 1.064853e+00
 9.609610e-01  3.090806e-01 -9.138573e-01 9.306660e-01
 9.619620e-01  2.553680e-02 -9.575827e-01 9.176168e-01
 9.629630e-01 -2.633383e-01 -9.853033e-01 1.040170e+00
 9.639640e-01 -5.486438e-01 -9.969457e-01 1.294911e+00
 9.649650e-01 -8.214676e-01 -9.925886e-01 1.660041e+00
 9.659660e-01 -1.073203e+00 -9.724558e-01 2.097435e+00
 9.669670e-01 -1.295859e+00 -9.369151e-01 2.557060e+00
 9.679680e-01 -1.482351e+00 -8.864827e-01 2.983217e+00
 9.689690e-01 -1.626764e+00 -8.218322e-01 3.321770e+00
 9.699700e-01 -1.724567e+00 -7.438068e-01 3.527381e+00
 9.709710e-01 -1.772785e+00 -6.534314e-01 3.569741e+00
 9.719720e-01 -1.770108e+00 -5.519254e-01 3.437904e+00
 9.729730e-01 -1.716936e+00 -4.407110e-01 3.142097e+00
 9.739740e-01 -1.615367e+00 -3.214182e-01 2.712721e+00
 9.749750e-01 -1.469110e+00 -1.958824e-01 2.196653e+00
 9.759760e-01 -1.283342e+00 -6.613528e-02 1.651340e+00
 9.769770e-01 -1.064512e+00  6.561363e-02 1.137491e+00
 9.779780e-01 -8.200916e-01  1.970039e-01 7.113608e-01
 9.789790e-01 -5.582922e-01  3.255601e-01 4.176795e-01
 9.799800e-01 -2.877544e-01  4.487371e-01 2.841676e-01
 9.809810e-01 -1.722710e-02  5.639717e-01 3.183609e-01
 9.819820e-01  2.447548e-01  6.687423e-01 5.071211e-01
 9.829830e-01  4.901779e-01  7.606319e-01 8.188352e-01
 9.839840e-01  7.118323e-01  8.373954e-01 1.207936e+00
 9.849850e-01  9.035552e-01  8.970268e-01 1.621069e+00
 9.859860e-01  1.060428e+00  9.378255e-01 2.004024e+00
 9.869870e-01  1.178919e+00  9.584584e-01 2.308493e+00
 9.879880e-01  1.256968e+00  9.580165e-01 2.497765e+00
 9.889890e-01  1.294007e+00  9.360632e-01 2.550669e+00
 9.899900e-01  1.290923e+00  8.926719e-01 2.463346e+00
 9.909910e-01  1.249963e+00  8.284520e-01 2.248740e+00
 9.919920e-01  1.174585e+00  7.445606e-01 1.934019e+00
 9.929930e-01  1.069269e+00  6.426997e-01 1.556398e+00
 9.939940e-01  9.392921e-01  5.250971e-01 1.157997e+00
 9.949950e-01  7.904821e-01  3.944713e-01 7.804696e-01
 9.959960e-01  6.289569e-01  2.539792e-01 4.600922e-01
 9.969970e-01  4.608680e-01  1.071482e-01 2.238801e-01
 9.979980e-01  2.921555e-01 -4.220633e-02 8.713622e-02
 9.989990e-01  1.283249e-01 -1.900783e-01 5.259704e-02
 1.000000e+00 -2.574357e-02 -3.323788e-01 1.111384e-01
