# x psi_r psi_i psi2 
 0.000000e+00 -1.309046e-02 -1.447808e-02 3.809751e-04
 1.001001e-03 -4.804484e-03 -1.909285e-02 3.876201e-04
 2.002002e-03  3.627538e-03 -2.142440e-02 4.721641e-04
 3.003003e-03  1.121979e-02 -2.140701e-02 5.841436e-04
 4.004004e-03  1.712539e-02 -1.922604e-02 6.629196e-04
 5.005005e-03  2.072723e-02 -1.527826e-02 6.630434e-04
 6.006006e-03  2.169937e-02 -1.011212e-02 5.731175e-04
 7.007007e-03  2.003295e-02 -4.356381e-03 4.202972e-04
 8.008008e-03  1.602534e-02  1.354153e-03 2.586451e-04
 9.009009e-03  1.023481e-02  6.447259e-03 1.463184e-04
 1.001001e-02  3.407323e-03  1.046887e-02 1.212071e-04
 1.101101e-02 -3.615464e-03  1.312051e-02 1.852194e-04
 1.201201e-02 -9.995935e-03  1.427580e-02 3.037173e-04
 1.301301e-02 -1.499643e-02  1.397610e-02 4.202244e-04
 1.401401e-02 -1.806078e-02  1.240762e-02 4.801407e-04
 1.501502e-02 -1.887265e-02  9.864563e-03 4.534866e-04
 1.601602e-02 -1.738506e-02  6.703968e-03 3.471836e-04
 1.701702e-02 -1.381854e-02  3.298536e-03 2.018325e-04
 1.801802e-02 -8.629210e-03 -6.599864e-06 7.446330e-05
 1.901902e-02 -2.451215e-03 -2.928240e-03 1.458304e-05
 2.002002e-02  3.979217e-03 -5.267322e-03 4.357885e-05
 2.102102e-02  9.909218e-03 -6.917470e-03 1.460440e-04
 2.202202e-02  1.465440e-02 -7.860444e-03 2.765382e-04
 2.302302e-02  1.767434e-02 -8.150664e-03 3.788158e-04
 2.402402e-02  1.863031e-02 -7.892381e-03 4.093781e-04
 2.502503e-02  1.741950e-02 -7.213713e-03 3.554768e-04
 2.602603e-02  1.418269e-02 -6.241910e-03 2.401102e-04
 2.702703e-02  9.285062e-03 -5.083612e-03 1.120555e-04
 2.802803e-02  3.273165e-03 -3.812854e-03 2.525147e-05
 2.902903e-02 -3.186852e-03 -2.468105e-03 1.624756e-05
 3.003003e-02 -9.382643e-03 -1.058141e-03 8.915365e-05
 3.103103e-02 -1.463260e-02  4.249582e-04 2.142937e-04
 3.203203e-02 -1.835816e-02  1.988519e-03 3.409761e-04
 3.303303e-02 -2.014395e-02  3.621252e-03 4.188920e-04
 3.403403e-02 -1.978000e-02  5.278171e-03 4.191076e-04
 3.503504e-02 -1.728197e-02  6.871736e-03 3.458874e-04
 3.603604e-02 -1.288789e-02  8.271511e-03 2.345156e-04
 3.703704e-02 -7.032396e-03  9.313366e-03 1.361934e-04
 3.803804e-02 -3.015606e-04  9.817651e-03 9.647721e-05
 3.903904e-02  6.626793e-03  9.614388e-03 1.363509e-04
 4.004004e-02  1.305098e-02  8.572128e-03 2.438096e-04
 4.104104e-02  1.831482e-02  6.626398e-03 3.793420e-04
 4.204204e-02  2.187170e-02  3.803280e-03 4.928360e-04
 4.304304e-02  2.333738e-02  2.340345e-04 5.446878e-04
 4.404404e-02  2.252688e-02 -3.842451e-03 5.222247e-04
 4.504505e-02  1.947224e-02 -8.091158e-03 4.446350e-04
 4.604605e-02  1.441996e-02 -1.210647e-02 3.545020e-04
 4.704705e-02  7.808770e-03 -1.544994e-02 2.996775e-04
 4.804805e-02  2.300542e-04 -1.769671e-02 3.132264e-04
 4.904905e-02 -7.625304e-03 -1.848580e-02 3.998702e-04
 5.005005e-02 -1.502878e-02 -1.756834e-02 5.345110e-04
 5.105105e-02 -2.127935e-02 -1.484781e-02 6.732685e-04
 5.205205e-02 -2.576630e-02 -1.040690e-02 7.722060e-04
 5.305305e-02 -2.802448e-02 -4.516597e-03 8.057710e-04
 5.405405e-02 -2.777739e-02  2.374812e-03 7.772229e-04
 5.505506e-02 -2.496466e-02  9.673300e-03 7.168070e-04
 5.605606e-02 -1.975160e-02  1.668909e-02 6.686517e-04
 5.705706e-02 -1.251997e-02  2.270097e-02 6.720835e-04
 5.805806e-02 -3.840568e-03  2.702877e-02 7.453041e-04
 5.905906e-02  5.570344e-03  2.910687e-02 8.782388e-04
 6.006006e-02  1.490772e-02  2.855082e-02 1.037390e-03
 6.106106e-02  2.334320e-02  2.520960e-02 1.180429e-03
 6.206206e-02  3.009442e-02  1.919724e-02 1.274208e-03
 6.306306e-02  3.449287e-02  1.089941e-02 1.308555e-03
 6.406406e-02  3.604478e-02  9.527413e-04 1.300134e-03
 6.506507e-02  3.448003e-02 -9.802290e-03 1.284957e-03
 6.606607e-02  2.978461e-02 -2.039151e-02 1.302937e-03
 6.706707e-02  2.221345e-02 -2.979437e-02 1.381142e-03
 6.806807e-02  1.228137e-02 -3.704053e-02 1.522833e-03
 6.906907e-02  7.321878e-04 -4.130652e-02 1.706765e-03
 7.007007e-02 -1.151304e-02 -4.200313e-02 1.896813e-03
 7.107107e-02 -2.342527e-02 -3.884440e-02 2.057631e-03
 7.207207e-02 -3.394955e-02 -3.189095e-02 2.169604e-03
 7.307307e-02 -4.209384e-02 -2.156224e-02 2.236821e-03
 7.407407e-02 -4.701751e-02 -8.615486e-03 2.284873e-03
 7.507508e-02 -4.811197e-02  5.908197e-03 2.349669e-03
 7.607608e-02 -4.506608e-02  2.076663e-02 2.462205e-03
 7.707708e-02 -3.790990e-02  3.462166e-02 2.635819e-03
 7.807808e-02 -2.703151e-02  4.615767e-02 2.861233e-03
 7.907908e-02 -1.316397e-02  5.420299e-02 3.111255e-03
 8.008008e-02  2.658488e-03  5.784323e-02 3.352907e-03
 8.108108e-02  1.917297e-02  5.651585e-02 3.561644e-03
 8.208208e-02  3.498457e-02  5.007676e-02 3.731602e-03
 8.308308e-02  4.868021e-02  3.883201e-02 3.877688e-03
 8.408408e-02  5.895060e-02  2.353040e-02 4.028852e-03
 8.508509e-02  6.471011e-02  5.316351e-03 4.215662e-03
 8.608609e-02  6.520391e-02 -1.435407e-02 4.457589e-03
 8.708709e-02  6.009203e-02 -3.382801e-02 4.755387e-03
 8.808809e-02  4.950188e-02 -5.139239e-02 5.091614e-03
 8.908909e-02  3.404256e-02 -6.542109e-02 5.438816e-03
 9.009009e-02  1.477788e-02 -7.452026e-02 5.771655e-03
 9.109109e-02 -6.841904e-03 -7.765910e-02 6.077747e-03
 9.209209e-02 -2.908568e-02 -7.427439e-02 6.362661e-03
 9.309309e-02 -5.007698e-02 -6.433873e-02 6.647176e-03
 9.409409e-02 -6.794907e-02 -4.838555e-02 6.958238e-03
 9.509510e-02 -8.100682e-02 -2.748700e-02 7.317640e-03
 9.609610e-02 -8.788155e-02 -3.185203e-03 7.733313e-03
 9.709710e-02 -8.766501e-02  2.261924e-02 8.196784e-03
 9.809810e-02 -8.000972e-02  4.781331e-02 8.687668e-03
 9.909910e-02 -6.518553e-02  7.024137e-02 9.183004e-03
 1.001001e-01 -4.408551e-02  8.788513e-02 9.667327e-03
 1.011011e-01 -1.817848e-02  9.903896e-02 1.013917e-02
 1.021021e-01  1.058984e-02  1.024660e-01 1.061143e-02
 1.031031e-01  3.994084e-02  9.752090e-02 1.110560e-02
 1.041041e-01  6.744139e-02  8.422810e-02 1.164272e-02
 1.051051e-01  9.070276e-02  6.330731e-02 1.223480e-02
 1.061061e-01  1.075838e-01  3.614211e-02 1.288053e-02
 1.071071e-01  1.163815e-01  4.692421e-03 1.356668e-02
 1.081081e-01  1.159917e-01 -2.864422e-02 1.427456e-02
 1.091091e-01  1.060259e-01 -6.121279e-02 1.498850e-02
 1.101101e-01  8.687274e-02 -9.030901e-02 1.570259e-02
 1.111111e-01  5.969632e-02 -1.133995e-01 1.642309e-02
 1.121121e-01  2.637042e-02 -1.283360e-01 1.716554e-02
 1.131131e-01 -1.064872e-02 -1.335467e-01 1.794812e-02
 1.141141e-01 -4.850236e-02 -1.281862e-01 1.878419e-02
 1.151151e-01 -8.414850e-02 -1.122332e-01 1.967726e-02
 1.161161e-01 -1.146039e-01 -8.652319e-02 2.062032e-02
 1.171171e-01 -1.371893e-01 -5.271361e-02 2.159962e-02
 1.181181e-01 -1.497581e-01 -1.318057e-02 2.260121e-02
 1.191191e-01 -1.508893e-01  2.914619e-02 2.361709e-02
 1.201201e-01 -1.400278e-01  7.099875e-02 2.464861e-02
 1.211211e-01 -1.175590e-01  1.090213e-01 2.570575e-02
 1.221221e-01 -8.481031e-02  1.400356e-01 2.680276e-02
 1.231231e-01 -4.397703e-02  1.613019e-01 2.795227e-02
 1.241241e-01  2.023860e-03  1.707519e-01 2.916031e-02
 1.251251e-01  4.976164e-02  1.671774e-01 3.042451e-02
 1.261261e-01  9.554697e-02  1.503547e-01 3.173577e-02
 1.271271e-01  1.357151e-01  1.210958e-01 3.308279e-02
 1.281281e-01  1.669155e-01  8.121847e-02 3.445723e-02
 1.291291e-01  1.863848e-01  3.343594e-02 3.585726e-02
 1.301301e-01  1.921816e-01 -1.882718e-02 3.728824e-02
 1.311311e-01  1.833634e-01 -7.168061e-02 3.876023e-02
 1.321321e-01  1.600900e-01 -1.210575e-01 4.028375e-02
 1.331331e-01  1.236448e-01 -1.630259e-01 4.186548e-02
 1.341341e-01  7.636789e-02 -1.940975e-01 4.350589e-02
 1.351351e-01  2.150678e-02 -2.115113e-01 4.519958e-02
 1.361361e-01 -3.700762e-02 -2.134678e-01 4.693806e-02
 1.371371e-01 -9.484330e-02 -1.992947e-01 4.871363e-02
 1.381381e-01 -1.475874e-01 -1.695307e-01 5.052270e-02
 1.391391e-01 -1.910808e-01 -1.259174e-01 5.236709e-02
 1.401401e-01 -2.217417e-01 -7.129946e-02 5.425298e-02
 1.411411e-01 -2.368524e-01 -9.437501e-03 5.618811e-02
 1.421421e-01 -2.347882e-01  5.525272e-02 5.817838e-02
 1.431431e-01 -2.151684e-01  1.180173e-01 6.022552e-02
 1.441441e-01 -1.789161e-01  1.741137e-01 6.232656e-02
 1.451451e-01 -1.282221e-01  2.191676e-01 6.447535e-02
 1.461461e-01 -6.641240e-02  2.495088e-01 6.666526e-02
 1.471471e-01  2.273005e-03  2.624627e-01 6.889184e-02
 1.481481e-01  7.297332e-02  2.565722e-01 7.115439e-02
 1.491491e-01  1.405532e-01  2.317339e-01 7.345578e-02
 1.501502e-01  1.999761e-01  1.892363e-01 7.580081e-02
 1.511512e-01  2.466779e-01  1.316956e-01 7.819373e-02
 1.521522e-01  2.769131e-01  6.289162e-02 8.063625e-02
 1.531532e-01  2.880465e-01 -1.248400e-02 8.312662e-02
 1.541542e-01  2.787691e-01 -8.915201e-02 8.566030e-02
 1.551552e-01  2.492213e-01 -1.616180e-01 8.823161e-02
 1.561562e-01  2.010110e-01 -2.245671e-01 9.083578e-02
 1.571572e-01  1.371265e-01 -2.732521e-01 9.347037e-02
 1.581582e-01  6.174669e-02 -3.038469e-01 9.613562e-02
 1.591592e-01 -2.003726e-02 -3.137388e-01 9.883355e-02
 1.601602e-01 -1.025710e-01 -3.017376e-01 1.015664e-01
 1.611612e-01 -1.800315e-01 -2.681858e-01 1.043350e-01
 1.621622e-01 -2.468394e-01 -2.149607e-01 1.071378e-01
 1.631632e-01 -2.980600e-01 -1.453664e-01 1.099712e-01
 1.641642e-01 -3.297633e-01 -6.392302e-02 1.128300e-01
 1.651652e-01 -3.393180e-01  2.393335e-02 1.157095e-01
 1.661662e-01 -3.255961e-01  1.122193e-01 1.186060e-01
 1.671672e-01 -2.890751e-01  1.948162e-01 1.215177e-01
 1.681682e-01 -2.318271e-01  2.658958e-01 1.244444e-01
 1.691692e-01 -1.573968e-01  3.203318e-01 1.273862e-01
 1.701702e-01 -7.057425e-02  3.540649e-01 1.303427e-01
 1.711712e-01  2.292099e-02  3.643990e-01 1.333120e-01
 1.721722e-01  1.168236e-01  3.502041e-01 1.362907e-01
 1.731732e-01  2.047479e-01  3.120132e-01 1.392739e-01
 1.741742e-01  2.806248e-01  2.520053e-01 1.422569e-01
 1.751752e-01  3.391210e-01  1.738742e-01 1.452353e-01
 1.761762e-01  3.760111e-01  8.259280e-02 1.482059e-01
 1.771772e-01  3.884757e-01 -1.591259e-02 1.511666e-01
 1.781782e-01  3.753069e-01 -1.151548e-01 1.541159e-01
 1.791792e-01  3.370042e-01 -2.085194e-01 1.570522e-01
 1.801802e-01  2.757557e-01 -2.897096e-01 1.599728e-01
 1.811812e-01  1.953053e-01 -3.531715e-01 1.628743e-01
 1.821822e-01  1.007138e-01 -3.944729e-01 1.657521e-01
 1.831832e-01 -1.969693e-03 -4.106063e-01 1.686014e-01
 1.841842e-01 -1.061030e-01 -4.001995e-01 1.714175e-01
 1.851852e-01 -2.048884e-01 -3.636168e-01 1.741965e-01
 1.861862e-01 -2.918210e-01 -3.029449e-01 1.769351e-01
 1.871872e-01 -3.611190e-01 -2.218644e-01 1.796307e-01
 1.881882e-01 -4.081074e-01 -1.254156e-01 1.822807e-01
 1.891892e-01 -4.295287e-01 -1.967452e-02 1.848820e-01
 1.901902e-01 -4.237617e-01  8.864047e-02 1.874311e-01
 1.911912e-01 -3.909316e-01  1.926035e-01 1.899236e-01
 1.921922e-01 -3.329078e-01  2.855302e-01 1.923551e-01
 1.931932e-01 -2.531864e-01  3.614106e-01 1.947210e-01
 1.941942e-01 -1.566684e-01  4.152977e-01 1.970172e-01
 1.951952e-01 -4.934612e-02  4.436271e-01 1.992401e-01
 1.961962e-01  6.207960e-02  4.444465e-01 2.013865e-01
 1.971972e-01  1.706270e-01  4.175404e-01 2.034536e-01
 1.981982e-01  2.694782e-01  3.644443e-01 2.054382e-01
 1.991992e-01  3.524116e-01  2.883454e-01 2.073370e-01
 2.002002e-01  4.141946e-01  1.938790e-01 2.091463e-01
 2.012012e-01  4.509124e-01  8.683432e-02 2.108622e-01
 2.022022e-01  4.602105e-01 -2.621277e-02 2.124808e-01
 2.032032e-01  4.414386e-01 -1.383134e-01 2.139987e-01
 2.042042e-01  3.956851e-01 -2.425814e-01 2.154125e-01
 2.052052e-01  3.257030e-01 -3.326212e-01 2.167193e-01
 2.062062e-01  2.357316e-01 -4.029235e-01 2.179167e-01
 2.072072e-01  1.312271e-01 -4.492011e-01 2.190021e-01
 2.082082e-01  1.851944e-02 -4.686470e-01 2.199730e-01
 2.092092e-01 -9.558218e-02 -4.600986e-01 2.208267e-01
 2.102102e-01 -2.042098e-01 -4.240976e-01 2.215604e-01
 2.112112e-01 -3.008567e-01 -3.628456e-01 2.221716e-01
 2.122122e-01 -3.797710e-01 -2.800569e-01 2.226579e-01
 2.132132e-01 -4.362991e-01 -1.807210e-01 2.230170e-01
 2.142142e-01 -4.671574e-01 -7.078950e-02 2.232472e-01
 2.152152e-01 -4.706182e-01  4.319209e-02 2.233470e-01
 2.162162e-01 -4.465981e-01  1.544840e-01 2.233152e-01
 2.172172e-01 -3.966464e-01  2.565582e-01 2.231505e-01
 2.182182e-01 -3.238341e-01  3.434869e-01 2.228518e-01
 2.192192e-01 -2.325536e-01  4.102887e-01 2.224180e-01
 2.202202e-01 -1.282418e-01  4.532132e-01 2.218482e-01
 2.212212e-01 -1.704445e-02  4.699480e-01 2.211416e-01
 2.222222e-01  9.455599e-02  4.597358e-01 2.202979e-01
 2.232232e-01  2.001271e-01  4.233981e-01 2.193168e-01
 2.242242e-01  2.936634e-01  3.632636e-01 2.181986e-01
 2.252252e-01  3.699314e-01  2.830095e-01 2.169436e-01
 2.262262e-01  4.247636e-01  1.874258e-01 2.155525e-01
 2.272272e-01  4.552830e-01  8.211829e-02 2.140260e-01
 2.282282e-01  4.600490e-01 -2.683057e-02 2.123650e-01
 2.292292e-01  4.391155e-01 -1.332220e-01 2.105705e-01
 2.302302e-01  3.940007e-01 -2.311006e-01 2.086440e-01
 2.312312e-01  3.275722e-01 -3.150927e-01 2.065869e-01
 2.322322e-01  2.438565e-01 -3.807035e-01 2.044012e-01
 2.332332e-01  1.477855e-01 -4.245566e-01 2.020889e-01
 2.342342e-01  4.489604e-02 -4.445636e-01 1.996524e-01
 2.352352e-01 -5.899812e-02 -4.400154e-01 1.970944e-01
 2.362362e-01 -1.581422e-01 -4.115928e-01 1.944176e-01
 2.372372e-01 -2.471651e-01 -3.612954e-01 1.916250e-01
 2.382382e-01 -3.213737e-01 -2.922991e-01 1.887198e-01
 2.392392e-01 -3.770009e-01 -2.087479e-01 1.857054e-01
 2.402402e-01 -4.113946e-01 -1.154980e-01 1.825853e-01
 2.412412e-01 -4.231379e-01 -1.782709e-02 1.793635e-01
 2.422422e-01 -4.120960e-01  7.887174e-02 1.760438e-01
 2.432432e-01 -3.793896e-01  1.693938e-01 1.726308e-01
 2.442442e-01 -3.272979e-01  2.490074e-01 1.691286e-01
 2.452452e-01 -2.590990e-01  3.137033e-01 1.655421e-01
 2.462462e-01 -1.788596e-01  3.603958e-01 1.618759e-01
 2.472472e-01 -9.118653e-02  3.870659e-01 1.581350e-01
 2.482482e-01 -9.559129e-04  3.928402e-01 1.543243e-01
 2.492492e-01  8.696360e-02  3.780034e-01 1.504492e-01
 2.502503e-01  1.679784e-01  3.439451e-01 1.465150e-01
 2.512513e-01  2.380130e-01  2.930476e-01 1.425271e-01
 2.522523e-01  2.937158e-01  2.285218e-01 1.384912e-01
 2.532533e-01  3.326175e-01  1.542032e-01 1.344130e-01
 2.542543e-01  3.532350e-01  7.432000e-02 1.302984e-01
 2.552553e-01  3.551166e-01 -6.751170e-03 1.261534e-01
 2.562563e-01  3.388285e-01 -8.472962e-02 1.219839e-01
 2.572573e-01  3.058857e-01 -1.556597e-01 1.177960e-01
 2.582583e-01  2.586327e-01 -2.161134e-01 1.135959e-01
 2.592593e-01  2.000838e-01 -2.633557e-01 1.093898e-01
 2.602603e-01  1.337322e-01 -2.954651e-01 1.051839e-01
 2.612613e-01  6.334065e-02 -3.114042e-01 1.009846e-01
 2.622623e-01 -7.273816e-03 -3.110391e-01 9.679825e-02
 2.632633e-01 -7.444937e-02 -2.951075e-01 9.263112e-02
 2.642643e-01 -1.348711e-01 -2.651402e-01 8.848955e-02
 2.652653e-01 -1.857355e-01 -2.233431e-01 8.437984e-02
 2.662663e-01 -2.248790e-01 -1.724462e-01 8.030825e-02
 2.672673e-01 -2.508657e-01 -1.155306e-01 7.628095e-02
 2.682683e-01 -2.630312e-01 -5.584491e-02 7.230409e-02
 2.692693e-01 -2.614809e-01  3.380466e-03 6.838369e-02
 2.702703e-01 -2.470464e-01  5.910817e-02 6.452571e-02
 2.712713e-01 -2.212037e-01  1.086503e-01 6.073597e-02
 2.722723e-01 -1.859591e-01  1.497979e-01 5.702019e-02
 2.732733e-01 -1.437116e-01  1.809169e-01 5.338394e-02
 2.742743e-01 -9.709995e-02  2.010081e-01 4.983265e-02
 2.752753e-01 -4.884383e-02  2.097280e-01 4.637157e-02
 2.762763e-01 -1.588706e-03  2.073724e-01 4.300584e-02
 2.772773e-01  4.223750e-02  1.948240e-01 3.974039e-02
 2.782783e-01  8.054809e-02  1.734705e-01 3.658000e-02
 2.792793e-01  1.116956e-01  1.450978e-01 3.352928e-02
 2.802803e-01  1.345398e-01  1.117662e-01 3.059266e-02
 2.812813e-01  1.484834e-01  7.567718e-02 2.777437e-02
 2.822823e-01  1.534745e-01  3.903900e-02 2.507846e-02
 2.832833e-01  1.499775e-01  3.939043e-03 2.250878e-02
 2.842843e-01  1.389164e-01 -2.777053e-02 2.006897e-02
 2.852853e-01  1.215929e-01 -5.456753e-02 1.776244e-02
 2.862863e-01  9.958776e-02 -7.533038e-02 1.559239e-02
 2.872873e-01  7.465034e-02 -8.938169e-02 1.356176e-02
 2.882883e-01  4.858332e-02 -9.650343e-02 1.167325e-02
 2.892893e-01  2.313022e-02 -9.692408e-02 9.929284e-03
 2.902903e-01 -1.283097e-04 -9.127976e-02 8.332011e-03
 2.912913e-01 -1.986365e-02 -8.055261e-02 6.883287e-03
 2.922923e-01 -3.506913e-02 -6.599111e-02 5.584671e-03
 2.932933e-01 -4.510743e-02 -4.901771e-02 4.437416e-03
 2.942943e-01 -4.973341e-02 -3.112962e-02 3.442465e-03
 2.952953e-01 -4.909218e-02 -1.379904e-02 2.600455e-03
 2.962963e-01 -4.369314e-02  1.621358e-03 1.911719e-03
 2.972973e-01 -3.436258e-02  1.398230e-02 1.376291e-03
 2.982983e-01 -2.217821e-02  2.240641e-02 9.939199e-04
 2.992993e-01 -8.390132e-03  2.633789e-02 7.640788e-04
 3.003003e-01  5.666691e-03  2.557087e-02 6.859808e-04
 3.013013e-01  1.866310e-02  2.025542e-02 7.585933e-04
 3.023023e-01  2.936403e-02  1.088138e-02 9.806506e-04
 3.033033e-01  3.670933e-02 -1.758411e-03 1.350667e-03
 3.043043e-01  3.988256e-02 -1.662307e-02 1.866945e-03
 3.053053e-01  3.836386e-02 -3.249299e-02 2.527580e-03
 3.063063e-01  3.196424e-02 -4.804945e-02 3.330462e-03
 3.073073e-01  2.083950e-02 -6.195953e-02 4.273269e-03
 3.083083e-01  5.483293e-03 -7.296157e-02 5.353458e-03
 3.093093e-01 -1.329997e-02 -7.994601e-02 6.568254e-03
 3.103103e-01 -3.444067e-02 -8.202727e-02 7.914633e-03
 3.113113e-01 -5.666518e-02 -7.860257e-02 9.389306e-03
 3.123123e-01 -7.856914e-02 -6.939447e-02 1.098870e-02
 3.133133e-01 -9.869869e-02 -5.447496e-02 1.270895e-02
 3.143143e-01 -1.156351e-01 -3.426976e-02 1.454589e-02
 3.153153e-01 -1.280780e-01 -9.542750e-03 1.649504e-02
 3.163163e-01 -1.349231e-01  1.863859e-02 1.855164e-02
 3.173173e-01 -1.353295e-01  4.895482e-02 2.071065e-02
 3.183183e-01 -1.287738e-01  7.990045e-02 2.296676e-02
 3.193193e-01 -1.150876e-01  1.098606e-01 2.531451e-02
 3.203203e-01 -9.447668e-02  1.371947e-01 2.774823e-02
 3.213213e-01 -6.752091e-02  1.603219e-01 3.026220e-02
 3.223223e-01 -3.515439e-02  1.778055e-01 3.285064e-02
 3.233233e-01  1.372373e-03  1.884302e-01 3.550782e-02
 3.243243e-01  4.054705e-02  1.912696e-01 3.822811e-02
 3.253253e-01  8.066379e-02  1.857401e-01 4.100602e-02
 3.263263e-01  1.199020e-01  1.716385e-01 4.383626e-02
 3.273273e-01  1.564118e-01  1.491613e-01 4.671375e-02
 3.283283e-01  1.884016e-01  1.189054e-01 4.963364e-02
 3.293293e-01  2.142244e-01  8.184870e-02 5.259129e-02
 3.303303e-01  2.324578e-01  3.931375e-02 5.558220e-02
 3.313313e-01  2.419748e-01 -7.086244e-03 5.860200e-02
 3.323323e-01  2.420009e-01 -5.551484e-02 6.164632e-02
 3.333333e-01  2.321565e-01 -1.039908e-01 6.471074e-02
 3.343343e-01  2.124812e-01 -1.504739e-01 6.779065e-02
 3.353353e-01  1.834391e-01 -1.929540e-01 7.088117e-02
 3.363363e-01  1.459064e-01 -2.295394e-01 7.397704e-02
 3.373373e-01  1.011393e-01 -2.585409e-01 7.707257e-02
 3.383383e-01  5.072615e-02 -2.785470e-01 8.016156e-02
 3.393393e-01 -3.475598e-03 -2.884879e-01 8.323733e-02
 3.403403e-01 -5.941412e-02 -2.876850e-01 8.629271e-02
 3.413413e-01 -1.149266e-01 -2.758840e-01 8.932011e-02
 3.423423e-01 -1.678276e-01 -2.532698e-01 9.231170e-02
 3.433433e-01 -2.159985e-01 -2.204635e-01 9.525948e-02
 3.443443e-01 -2.574742e-01 -1.785010e-01 9.815557e-02
 3.453453e-01 -2.905243e-01 -1.287945e-01 1.009924e-01
 3.463463e-01 -3.137233e-01 -7.307869e-02 1.037628e-01
 3.473473e-01 -3.260101e-01 -1.334355e-02 1.064607e-01
 3.483483e-01 -3.267312e-01  4.824266e-02 1.090806e-01
 3.493493e-01 -3.156681e-01  1.094177e-01 1.116185e-01
 3.503504e-01 -2.930478e-01  1.679128e-01 1.140717e-01
 3.513514e-01 -2.595349e-01  2.215408e-01 1.164387e-01
 3.523524e-01 -2.162069e-01  2.682795e-01 1.187193e-01
 3.533534e-01 -1.645136e-01  3.063497e-01 1.209149e-01
 3.543544e-01 -1.062223e-01  3.342817e-01 1.230274e-01
 3.553554e-01 -4.335080e-02  3.509710e-01 1.250600e-01
 3.563564e-01  2.190775e-02  3.557188e-01 1.270158e-01
 3.573574e-01  8.726719e-02  3.482567e-01 1.288983e-01
 3.583584e-01  1.504327e-01  3.287558e-01 1.307104e-01
 3.593594e-01  2.091850e-01  2.978181e-01 1.324540e-01
 3.603604e-01  2.614607e-01  2.564530e-01 1.341298e-01
 3.613614e-01  3.054264e-01  2.060384e-01 1.357371e-01
 3.623624e-01  3.395429e-01  1.482688e-01 1.372730e-01
 3.633634e-01  3.626183e-01  8.509245e-02 1.387327e-01
 3.643644e-01  3.738476e-01  1.864023e-02 1.401095e-01
 3.653654e-01  3.728382e-01 -4.885119e-02 1.413948e-01
 3.663664e-01  3.596193e-01 -1.151190e-01 1.425784e-01
 3.673674e-01  3.346372e-01 -1.779533e-01 1.436494e-01
 3.683684e-01  2.987349e-01 -2.352737e-01 1.445962e-01
 3.693694e-01  2.531188e-01 -2.851992e-01 1.454077e-01
 3.703704e-01  1.993129e-01 -3.261107e-01 1.460738e-01
 3.713714e-01  1.391024e-01 -3.567027e-01 1.465863e-01
 3.723724e-01  7.446942e-02 -3.760237e-01 1.469395e-01
 3.733734e-01  7.523910e-03 -3.835029e-01 1.471311e-01
 3.743744e-01 -5.956980e-02 -3.789641e-01 1.471624e-01
 3.753754e-01 -1.246659e-01 -3.626253e-01 1.470387e-01
 3.763764e-01 -1.857081e-01 -3.350850e-01 1.467695e-01
 3.773774e-01 -2.407963e-01 -2.972961e-01 1.463678e-01
 3.783784e-01 -2.882461e-01 -2.505284e-01 1.458503e-01
 3.793794e-01 -3.266404e-01 -1.963212e-01 1.452360e-01
 3.803804e-01 -3.548702e-01 -1.364282e-01 1.445455e-01
 3.813814e-01 -3.721644e-01 -7.275671e-02 1.437999e-01
 3.823824e-01 -3.781086e-01 -7.303087e-03 1.430194e-01
 3.833834e-01 -3.726501e-01  5.791314e-02 1.422220e-01
 3.843844e-01 -3.560929e-01  1.209140e-01 1.414223e-01
 3.853854e-01 -3.290794e-01  1.798248e-01 1.406302e-01
 3.863864e-01 -2.925633e-01  2.329310e-01 1.398501e-01
 3.873874e-01 -2.477720e-01  2.787285e-01 1.390805e-01
 3.883884e-01 -1.961623e-01  3.159650e-01 1.383135e-01
 3.893894e-01 -1.393693e-01  3.436734e-01 1.375352e-01
 3.903904e-01 -7.915139e-02  3.611940e-01 1.367260e-01
 3.913914e-01 -1.733359e-02  3.681874e-01 1.358624e-01
 3.923924e-01  4.425044e-02  3.646360e-01 1.349175e-01
 3.933934e-01  1.038142e-01  3.508364e-01 1.338635e-01
 3.943944e-01  1.596713e-01  3.273812e-01 1.326734e-01
 3.953954e-01  2.102830e-01  2.951335e-01 1.313227e-01
 3.963964e-01  2.543007e-01  2.551928e-01 1.297922e-01
 3.973974e-01  2.906002e-01  2.088555e-01 1.280691e-01
 3.983984e-01  3.183087e-01  1.575704e-01 1.261488e-01
 3.993994e-01  3.368227e-01  1.028913e-01 1.240362e-01
 4.004004e-01  3.458178e-01  4.642805e-02 1.217455e-01
 4.014014e-01  3.452491e-01 -1.020235e-02 1.193011e-01
 4.024024e-01  3.353439e-01 -6.542322e-02 1.167358e-01
 4.034034e-01  3.165862e-01 -1.177425e-01 1.140901e-01
 4.044044e-01  2.896943e-01 -1.657932e-01 1.114101e-01
 4.054054e-01  2.555924e-01 -2.083682e-01 1.087448e-01
 4.064064e-01  2.153774e-01 -2.444498e-01 1.061432e-01
 4.074074e-01  1.702818e-01 -2.732316e-01 1.036514e-01
 4.084084e-01  1.216341e-01 -2.941344e-01 1.013099e-01
 4.094094e-01  7.081798e-02 -3.068140e-01 9.915002e-02
 4.104104e-01  1.923218e-02 -3.111628e-01 9.719214e-02
 4.114114e-01 -3.174933e-02 -3.073037e-01 9.544358e-02
 4.124124e-01 -8.081414e-02 -2.955787e-01 9.389767e-02
 4.134134e-01 -1.267452e-01 -2.765305e-01 9.253346e-02
 4.144144e-01 -1.684501e-01 -2.508807e-01 9.131657e-02
 4.154154e-01 -2.049865e-01 -2.195024e-01 9.020078e-02
 4.164164e-01 -2.355809e-01 -1.833911e-01 8.913063e-02
 4.174174e-01 -2.596429e-01 -1.436324e-01 8.804468e-02
 4.184184e-01 -2.767736e-01 -1.013694e-01 8.687937e-02
 4.194194e-01 -2.867680e-01 -5.776981e-02 8.557321e-02
 4.204204e-01 -2.896122e-01 -1.399322e-02 8.407105e-02
 4.214214e-01 -2.854758e-01  2.883887e-02 8.232813e-02
 4.224224e-01 -2.746990e-01  6.967133e-02 8.031364e-02
 4.234234e-01 -2.577763e-01  1.075404e-01 7.801355e-02
 4.244244e-01 -2.353367e-01  1.415948e-01 7.543242e-02
 4.254254e-01 -2.081211e-01  1.711134e-01 7.259418e-02
 4.264264e-01 -1.769583e-01  1.955178e-01 6.954147e-02
 4.274274e-01 -1.427392e-01  2.143816e-01 6.633396e-02
 4.284284e-01 -1.063913e-01  2.274338e-01 6.304525e-02
 4.294294e-01 -6.885317e-02  2.345594e-01 5.975887e-02
 4.304304e-01 -3.105017e-02  2.357949e-01 5.656337e-02
 4.314314e-01  6.128211e-03  2.313209e-01 5.354689e-02
 4.324324e-01  4.184899e-02  2.214503e-01 5.079155e-02
 4.334334e-01  7.535365e-02  2.066151e-01 4.836795e-02
 4.344344e-01  1.059732e-01  1.873497e-01 4.633021e-02
 4.354354e-01  1.331401e-01  1.642731e-01 4.471194e-02
 4.364364e-01  1.563969e-01  1.380699e-01 4.352328e-02
 4.374374e-01  1.754018e-01  1.094700e-01 4.274947e-02
 4.384384e-01  1.899304e-01  7.922950e-02 4.235089e-02
 4.394394e-01  1.998752e-01  4.811074e-02 4.226473e-02
 4.404404e-01  2.052411e-01  1.686410e-02 4.240829e-02
 4.414414e-01  2.061394e-01 -1.378919e-02 4.268360e-02
 4.424424e-01  2.027789e-01 -4.317267e-02 4.298318e-02
 4.434434e-01  1.954552e-01 -7.066805e-02 4.319670e-02
 4.444444e-01  1.845381e-01 -9.572673e-02 4.321792e-02
 4.454454e-01  1.704589e-01 -1.178788e-01 4.295164e-02
 4.464464e-01  1.536958e-01 -1.367398e-01 4.232019e-02
 4.474474e-01  1.347600e-01 -1.520151e-01 4.126884e-02
 4.484484e-01  1.141809e-01 -1.635017e-01 3.977007e-02
 4.494494e-01  9.249273e-02 -1.710881e-01 3.782603e-02
 4.504505e-01  7.022131e-02 -1.747521e-01 3.546932e-02
 4.514515e-01  4.787194e-02 -1.745564e-01 3.276165e-02
 4.524525e-01  2.591872e-02 -1.706429e-01 2.979077e-02
 4.534535e-01  4.795200e-03 -1.632254e-01 2.666552e-02
 4.544545e-01 -1.511329e-02 -1.525813e-01 2.350945e-02
 4.554555e-01 -3.347566e-02 -1.390421e-01 2.045332e-02
 4.564565e-01 -5.001943e-02 -1.229841e-01 1.762702e-02
 4.574575e-01 -6.453318e-02 -1.048176e-01 1.515127e-02
 4.584585e-01 -7.686759e-02 -8.497751e-02 1.312980e-02
 4.594595e-01 -8.693461e-02 -6.391243e-02 1.164243e-02
 4.604605e-01 -9.470546e-02 -4.207567e-02 1.073949e-02
 4.614615e-01 -1.002070e-01 -1.991580e-02 1.043808e-02
 4.624625e-01 -1.035173e-01  2.131560e-03 1.072038e-02
 4.634635e-01 -1.047598e-01  2.365142e-02 1.153401e-02
 4.644645e-01 -1.040972e-01  4.425594e-02 1.279482e-02
 4.654655e-01 -1.017244e-01  6.359015e-02 1.439157e-02
 4.664665e-01 -9.786127e-02  8.133648e-02 1.619245e-02
 4.674675e-01 -9.274505e-02  9.721839e-02 1.805306e-02
 4.684685e-01 -8.662322e-02  1.110029e-01 1.982523e-02
 4.694695e-01 -7.974598e-02  1.225022e-01 2.136622e-02
 4.704705e-01 -7.235965e-02  1.315744e-01 2.254775e-02
 4.714715e-01 -6.470009e-02  1.381233e-01 2.326413e-02
 4.724725e-01 -5.698720e-02  1.420973e-01 2.343919e-02
 4.734735e-01 -4.941975e-02  1.434884e-01 2.303122e-02
 4.744745e-01 -4.217145e-02  1.423294e-01 2.203610e-02
 4.754755e-01 -3.538735e-02  1.386918e-01 2.048768e-02
 4.764765e-01 -2.918189e-02  1.326828e-01 1.845630e-02
 4.774775e-01 -2.363694e-02  1.244414e-01 1.604437e-02
 4.784785e-01 -1.880188e-02  1.141365e-01 1.338066e-02
 4.794795e-01 -1.469320e-02  1.019613e-01 1.061200e-02
 4.804805e-01 -1.129673e-02  8.813238e-02 7.894932e-03
 4.814815e-01 -8.568242e-03  7.288236e-02 5.385253e-03
 4.824825e-01 -6.438229e-03  5.646238e-02 3.229451e-03
 4.834835e-01 -4.812001e-03  3.912896e-02 1.554231e-03
 4.844845e-01 -3.579882e-03  2.115883e-02 4.605116e-04
 4.854855e-01 -2.597328e-03  2.794415e-03 1.455487e-05
 4.864865e-01 -1.629516e-03 -1.569373e-02 2.489485e-04
 4.874875e-01 -5.556341e-04 -3.322650e-02 1.104309e-03
 4.884885e-01  7.138200e-04 -4.864934e-02 2.367268e-03
 4.894895e-01  2.249870e-03 -6.096368e-02 3.721633e-03
 4.904905e-01  4.083149e-03 -6.935862e-02 4.827290e-03
 4.914915e-01  6.196403e-03 -7.327677e-02 5.407880e-03
 4.924925e-01  8.516540e-03 -7.244276e-02 5.320485e-03
 4.934935e-01  1.091626e-02 -6.688562e-02 4.592851e-03
 4.944945e-01  1.321954e-02 -5.693598e-02 3.416462e-03
 4.954955e-01  1.521490e-02 -4.320731e-02 2.098365e-03
 4.964965e-01  1.667252e-02 -2.655875e-02 9.833404e-04
 4.974975e-01  1.736611e-02 -8.041305e-03 3.662445e-04
 4.984985e-01  1.709586e-02  1.116571e-02 4.169416e-04
 4.994995e-01  1.571204e-02  2.983055e-02 1.136730e-03
 5.005005e-01  1.313563e-02  4.674356e-02 2.357505e-03
 5.015015e-01  9.375074e-03  6.079752e-02 3.784230e-03
 5.025025e-01  4.536444e-03  7.105422e-02 5.069282e-03
 5.035035e-01 -1.173728e-03  7.681087e-02 5.901287e-03
 5.045045e-01 -7.454327e-03  7.764091e-02 6.083677e-03
 5.055055e-01 -1.392385e-02  7.343174e-02 5.586094e-03
 5.065065e-01 -2.014293e-02  6.438689e-02 4.551409e-03
 5.075075e-01 -2.564337e-02  5.102808e-02 3.261448e-03
 5.085085e-01 -2.996233e-02  3.415336e-02 2.064193e-03
 5.095095e-01 -3.267883e-02  1.480705e-02 1.287155e-03
 5.105105e-01 -3.345007e-02 -5.804026e-03 1.152594e-03
 5.115115e-01 -3.204460e-02 -2.635652e-02 1.721522e-03
 5.125125e-01 -2.836924e-02 -4.553186e-02 2.877964e-03
 5.135135e-01 -2.248812e-02 -6.204258e-02 4.354998e-03
 5.145145e-01 -1.462943e-02 -7.480964e-02 5.810502e-03
 5.155155e-01 -5.185122e-03 -8.284765e-02 6.890618e-03
 5.165165e-01  5.335620e-03 -8.608850e-02 7.439699e-03
 5.175175e-01  1.655620e-02 -8.756503e-02 7.941742e-03
 5.185185e-01  2.829848e-02 -8.767273e-02 8.487311e-03
 5.195195e-01  4.038924e-02 -8.620744e-02 9.063014e-03
 5.205205e-01  5.262977e-02 -8.311159e-02 9.677429e-03
 5.215215e-01  6.480262e-02 -7.829216e-02 1.032904e-02
 5.225225e-01  7.667239e-02 -7.171859e-02 1.102221e-02
 5.235235e-01  8.798997e-02 -6.336859e-02 1.175781e-02
 5.245245e-01  9.849587e-02 -5.327035e-02 1.253917e-02
 5.255255e-01  1.079251e-01 -4.147693e-02 1.336816e-02
 5.265265e-01  1.160119e-01 -2.808985e-02 1.424779e-02
 5.275275e-01  1.224956e-01 -1.324372e-02 1.518057e-02
 5.285285e-01  1.271266e-01  2.879468e-03 1.616948e-02
 5.295295e-01  1.296726e-01  2.006165e-02 1.721746e-02
 5.305305e-01  1.299250e-01  3.804041e-02 1.832759e-02
 5.315315e-01  1.277060e-01  5.651902e-02 1.950321e-02
 5.325325e-01  1.228745e-01  7.516273e-02 2.074758e-02
 5.335335e-01  1.153332e-01  9.360894e-02 2.206439e-02
 5.345345e-01  1.050341e-01  1.114673e-01 2.345712e-02
 5.355355e-01  9.198366e-02  1.283309e-01 2.492981e-02
 5.365365e-01  7.624795e-02  1.437792e-01 2.648622e-02
 5.375375e-01  5.795588e-02  1.573906e-01 2.813069e-02
 5.385385e-01  3.730179e-02  1.687480e-01 2.986729e-02
 5.395395e-01  1.454669e-02  1.774517e-01 3.170072e-02
 5.405405e-01 -9.982074e-03  1.831276e-01 3.363536e-02
 5.415415e-01 -3.589267e-02  1.854399e-01 3.567623e-02
 5.425425e-01 -6.273237e-02  1.840998e-01 3.782809e-02
 5.435435e-01 -8.999291e-02  1.788786e-01 4.009627e-02
 5.445445e-01 -1.171176e-01  1.696154e-01 4.248592e-02
 5.455455e-01 -1.435105e-01  1.562288e-01 4.500270e-02
 5.465465e-01 -1.685468e-01  1.387232e-01 4.765216e-02
 5.475475e-01 -1.915855e-01  1.171977e-01 5.044029e-02
 5.485485e-01 -2.119829e-01  9.184941e-02 5.337306e-02
 5.495495e-01 -2.291080e-01  6.297864e-02 5.645680e-02
 5.505506e-01 -2.423585e-01  3.098823e-02 5.969791e-02
 5.515516e-01 -2.511772e-01 -3.616510e-03 6.310306e-02
 5.525526e-01 -2.550694e-01 -4.023303e-02 6.667907e-02
 5.535536e-01 -2.536195e-01 -7.816744e-02 7.043298e-02
 5.545546e-01 -2.465075e-01 -1.166452e-01 7.437203e-02
 5.555556e-01 -2.335241e-01 -1.548229e-01 7.850363e-02
 5.565566e-01 -2.145844e-01 -1.918045e-01 8.283544e-02
 5.575576e-01 -1.897397e-01 -2.266585e-01 8.737524e-02
 5.585586e-01 -1.591863e-01 -2.584393e-01 9.213112e-02
 5.595596e-01 -1.232719e-01 -2.862084e-01 9.711122e-02
 5.605606e-01 -8.249811e-02 -3.090600e-01 1.023240e-01
 5.615616e-01 -3.751959e-02 -3.261447e-01 1.077781e-01
 5.625626e-01  1.086137e-02 -3.366962e-01 1.134823e-01
 5.635636e-01  6.170410e-02 -3.400560e-01 1.194455e-01
 5.645646e-01  1.139434e-01 -3.356991e-01 1.256770e-01
 5.655656e-01  1.664077e-01 -3.232562e-01 1.321861e-01
 5.665666e-01  2.178415e-01 -3.025350e-01 1.389823e-01
 5.675676e-01  2.669316e-01 -2.735378e-01 1.460754e-01
 5.685686e-01  3.123373e-01 -2.364755e-01 1.534753e-01
 5.695696e-01  3.527233e-01 -1.917765e-01 1.611919e-01
 5.705706e-01  3.867945e-01 -1.400914e-01 1.692356e-01
 5.715716e-01  4.133337e-01 -8.229116e-02 1.776166e-01
 5.725726e-01  4.312388e-01 -1.945944e-02 1.863456e-01
 5.735736e-01  4.395596e-01  4.712132e-02 1.954330e-01
 5.745746e-01  4.375341e-01  1.159903e-01 2.048898e-01
 5.755756e-01  4.246216e-01  1.855354e-01 2.147269e-01
 5.765766e-01  4.005322e-01  2.540260e-01 2.249553e-01
 5.775776e-01  3.652512e-01  3.196523e-01 2.355860e-01
 5.785786e-01  3.190584e-01  3.805682e-01 2.466304e-01
 5.795796e-01  2.625401e-01  4.349397e-01 2.580999e-01
 5.805806e-01  1.965925e-01  4.809959e-01 2.700056e-01
 5.815816e-01  1.224185e-01  5.170813e-01 2.823593e-01
 5.825826e-01  4.151372e-02  5.417093e-01 2.951723e-01
 5.835836e-01 -4.435578e-02  5.536144e-01 3.084564e-01
 5.845846e-01 -1.331851e-01  5.518013e-01 3.222229e-01
 5.855856e-01 -2.227716e-01  5.355898e-01 3.364836e-01
 5.865866e-01 -3.107636e-01  5.046545e-01 3.512502e-01
 5.875876e-01 -3.947179e-01  4.590554e-01 3.665341e-01
 5.885886e-01 -4.721628e-01  3.992609e-01 3.823470e-01
 5.895896e-01 -5.406666e-01  3.261596e-01 3.987005e-01
 5.905906e-01 -5.979095e-01  2.410606e-01 4.156060e-01
 5.915916e-01 -6.417566e-01  1.456822e-01 4.330749e-01
 5.925926e-01 -6.703312e-01  4.212666e-02 4.511186e-01
 5.935936e-01 -6.820838e-01 -6.715685e-02 4.697484e-01
 5.945946e-01 -6.758570e-01 -1.794229e-01 4.889752e-01
 5.955956e-01 -6.509424e-01 -2.916919e-01 5.088102e-01
 5.965966e-01 -6.071279e-01 -4.008238e-01 5.292640e-01
 5.975976e-01 -5.447329e-01 -5.036005e-01 5.503474e-01
 5.985986e-01 -4.646295e-01 -5.968167e-01 5.720708e-01
 5.995996e-01 -3.682491e-01 -6.773750e-01 5.944444e-01
 6.006006e-01 -2.575713e-01 -7.423848e-01 6.174782e-01
 6.016016e-01 -1.350962e-01 -7.892598e-01 6.411820e-01
 6.026026e-01 -3.798805e-03 -8.158130e-01 6.655652e-01
 6.036036e-01  1.329341e-01 -8.203449e-01 6.906371e-01
 6.046046e-01  2.713831e-01 -8.017218e-01 7.164066e-01
 6.056056e-01  4.075913e-01 -7.594416e-01 7.428822e-01
 6.066066e-01  5.374711e-01 -6.936835e-01 7.700720e-01
 6.076076e-01  6.569231e-01 -6.053397e-01 7.979840e-01
 6.086086e-01  7.619604e-01 -4.960262e-01 8.266257e-01
 6.096096e-01  8.488386e-01 -3.680720e-01 8.560039e-01
 6.106106e-01  9.141839e-01 -2.244844e-01 8.861255e-01
 6.116116e-01  9.551180e-01 -6.889179e-02 9.169964e-01
 6.126126e-01  9.693736e-01  9.453771e-02 9.486225e-01
 6.136136e-01  9.553974e-01  2.611986e-01 9.810090e-01
 6.146146e-01  9.124358e-01  4.261706e-01 1.014160e+00
 6.156156e-01  8.405993e-01  5.843578e-01 1.048081e+00
 6.166166e-01  7.409031e-01  7.306418e-01 1.082775e+00
 6.176176e-01  6.152801e-01  8.600435e-01 1.118244e+00
 6.186186e-01  4.665649e-01  9.678892e-01 1.154492e+00
 6.196196e-01  2.984478e-01  1.049976e+00 1.191521e+00
 6.206206e-01  1.153973e-01  1.102730e+00 1.229331e+00
 6.216216e-01 -7.744638e-02  1.123354e+00 1.267923e+00
 6.226226e-01 -2.744057e-01  1.109954e+00 1.307297e+00
 6.236236e-01 -4.694254e-01  1.061646e+00 1.347453e+00
 6.246246e-01 -6.562531e-01  9.786322e-01 1.388389e+00
 6.256256e-01 -8.286351e-01  8.622453e-01 1.430103e+00
 6.266266e-01 -9.805235e-01  7.149590e-01 1.472593e+00
 6.276276e-01 -1.106286e+00  5.403575e-01 1.515854e+00
 6.286286e-01 -1.200911e+00  3.430679e-01 1.559883e+00
 6.296296e-01 -1.260208e+00  1.286535e-01 1.604675e+00
 6.306306e-01 -1.280978e+00 -9.653080e-02 1.650223e+00
 6.316316e-01 -1.261175e+00 -3.255165e-01 1.696522e+00
 6.326326e-01 -1.200017e+00 -5.509301e-01 1.743564e+00
 6.336336e-01 -1.098076e+00 -7.652252e-01 1.791341e+00
 6.346346e-01 -9.573155e-01 -9.609324e-01 1.839844e+00
 6.356356e-01 -7.810816e-01 -1.130918e+00 1.889063e+00
 6.366366e-01 -5.740505e-01 -1.268643e+00 1.938989e+00
 6.376376e-01 -3.421233e-01 -1.368415e+00 1.989609e+00
 6.386386e-01 -9.227365e-02 -1.425621e+00 2.040911e+00
 6.396396e-01  1.676496e-01 -1.436933e+00 2.092883e+00
 6.406406e-01  4.291595e-01 -1.400476e+00 2.145510e+00
 6.416416e-01  6.834021e-01 -1.315956e+00 2.198778e+00
 6.426426e-01  9.214524e-01 -1.184735e+00 2.252672e+00
 6.436436e-01  1.134627e+00 -1.009850e+00 2.307175e+00
 6.446446e-01  1.314801e+00 -7.959711e-01 2.362271e+00
 6.456456e-01  1.454719e+00 -5.493027e-01 2.417940e+00
 6.466466e-01  1.548290e+00 -2.774221e-01 2.474166e+00
 6.476476e-01  1.590851e+00  1.093857e-02 2.530927e+00
 6.486486e-01  1.579389e+00  3.061614e-01 2.588203e+00
 6.496496e-01  1.512714e+00  5.980562e-01 2.645975e+00
 6.506507e-01  1.391574e+00  8.762081e-01 2.704218e+00
 6.516517e-01  1.218698e+00  1.130348e+00 2.762912e+00
 6.526527e-01  9.987722e-01  1.350735e+00 2.822031e+00
 6.536537e-01  7.383415e-01  1.528530e+00 2.881553e+00
 6.546547e-01  4.456352e-01  1.656159e+00 2.941452e+00
 6.556557e-01  1.303254e-01  1.727634e+00 3.001702e+00
 6.566567e-01 -1.967804e-01  1.738837e+00 3.062278e+00
 6.576577e-01 -5.241005e-01  1.687741e+00 3.123151e+00
 6.586587e-01 -8.396857e-01  1.574554e+00 3.184294e+00
 6.596597e-01 -1.131654e+00  1.401798e+00 3.245679e+00
 6.606607e-01 -1.388642e+00  1.174287e+00 3.307276e+00
 6.616617e-01 -1.600251e+00  8.990285e-01 3.369057e+00
 6.626627e-01 -1.757478e+00  5.850321e-01 3.430990e+00
 6.636637e-01 -1.853100e+00  2.430319e-01 3.493045e+00
 6.646647e-01 -1.882019e+00 -1.148652e-01 3.555190e+00
 6.656657e-01 -1.841521e+00 -4.755994e-01 3.617394e+00
 6.666667e-01 -1.731462e+00 -8.256301e-01 3.679625e+00
 6.676677e-01 -1.554356e+00 -1.151445e+00 3.741848e+00
 6.686687e-01 -1.315367e+00 -1.440084e+00 3.804032e+00
 6.696697e-01 -1.022185e+00 -1.679667e+00 3.866142e+00
 6.706707e-01 -6.848114e-01 -1.859886e+00 3.928144e+00
 6.716717e-01 -3.152349e-01 -1.972468e+00 3.990005e+00
 6.726727e-01  7.297958e-02 -2.011557e+00 4.051688e+00
 6.736737e-01  4.651795e-01 -1.974023e+00 4.113160e+00
 6.746747e-01  8.461742e-01 -1.859670e+00 4.174385e+00
 6.756757e-01  1.200825e+00 -1.671331e+00 4.235327e+00
 6.766767e-01  1.514653e+00 -1.414842e+00 4.295951e+00
 6.776777e-01  1.774440e+00 -1.098901e+00 4.356221e+00
 6.786787e-01  1.968801e+00 -7.347947e-01 4.416102e+00
 6.796797e-01  2.088695e+00 -3.360194e-01 4.475556e+00
 6.806807e-01  2.127861e+00  8.220667e-02 4.534549e+00
 6.816817e-01  2.083150e+00  5.035157e-01 4.593044e+00
 6.826827e-01  1.954746e+00  9.110286e-01 4.651005e+00
 6.836837e-01  1.746242e+00  1.288035e+00 4.708396e+00
 6.846847e-01  1.464591e+00  1.618689e+00 4.765182e+00
 6.856857e-01  1.119906e+00  1.888687e+00 4.821326e+00
 6.866867e-01  7.251221e-01  2.085903e+00 4.876793e+00
 6.876877e-01  2.955346e-01  2.200956e+00 4.931549e+00
 6.886887e-01 -1.517845e-01  2.227671e+00 4.985557e+00
 6.896897e-01 -5.986567e-01  2.163422e+00 5.038783e+00
 6.906907e-01 -1.026537e+00  2.009332e+00 5.091193e+00
 6.916917e-01 -1.417290e+00  1.770323e+00 5.142752e+00
 6.926927e-01 -1.753971e+00  1.454996e+00 5.193427e+00
 6.936937e-01 -2.021581e+00  1.075358e+00 5.243185e+00
 6.946947e-01 -2.207753e+00  6.463885e-01 5.291993e+00
 6.956957e-01 -2.303350e+00  1.854652e-01 5.339818e+00
 6.966967e-01 -2.302932e+00 -2.883278e-01 5.386629e+00
 6.976977e-01 -2.205082e+00 -7.549879e-01 5.432395e+00
 6.986987e-01 -2.012558e+00 -1.194443e+00 5.477084e+00
 6.996997e-01 -1.732268e+00 -1.587425e+00 5.520669e+00
 7.007007e-01 -1.375059e+00 -1.916333e+00 5.563118e+00
 7.017017e-01 -9.553291e-01 -2.166045e+00 5.604403e+00
 7.027027e-01 -4.904704e-01 -2.324637e+00 5.644497e+00
 7.037037e-01 -1.602031e-04 -2.383982e+00 5.683372e+00
 7.047047e-01  4.944635e-01 -2.340194e+00 5.721003e+00
 7.057057e-01  9.717152e-01 -2.193885e+00 5.757364e+00
 7.067067e-01  1.410322e+00 -1.950237e+00 5.792430e+00
 7.077077e-01  1.790387e+00 -1.618855e+00 5.826178e+00
 7.087087e-01  2.094318e+00 -1.213432e+00 5.858584e+00
 7.097097e-01  2.307667e+00 -7.511999e-01 5.889627e+00
 7.107107e-01  2.419849e+00 -2.522229e-01 5.919286e+00
 7.117117e-01  2.424701e+00  2.614672e-01 5.947542e+00
 7.127127e-01  2.320846e+00  7.668416e-01 5.974374e+00
 7.137137e-01  2.111847e+00  1.240914e+00 5.999766e+00
 7.147147e-01  1.806132e+00  1.661802e+00 6.023700e+00
 7.157157e-01  1.416694e+00  2.009761e+00 6.046160e+00
 7.167167e-01  9.605673e-01  2.268136e+00 6.067132e+00
 7.177177e-01  4.581048e-01  2.424199e+00 6.086602e+00
 7.187187e-01 -6.791792e-02  2.469806e+00 6.104557e+00
 7.197197e-01 -5.933312e-01  2.401863e+00 6.120985e+00
 7.207207e-01 -1.093687e+00  2.222549e+00 6.135878e+00
 7.217217e-01 -1.545413e+00  1.939310e+00 6.149224e+00
 7.227227e-01 -1.926942e+00  1.564580e+00 6.161017e+00
 7.237237e-01 -2.219778e+00  1.115273e+00 6.171248e+00
 7.247247e-01 -2.409422e+00  6.120437e-01 6.179913e+00
 7.257257e-01 -2.486135e+00  7.835122e-02 6.187007e+00
 7.267267e-01 -2.445475e+00 -4.606280e-01 6.192526e+00
 7.277277e-01 -2.288591e+00 -9.791926e-01 6.196468e+00
 7.287287e-01 -2.022250e+00 -1.452356e+00 6.198831e+00
 7.297297e-01 -1.658583e+00 -1.857072e+00 6.199616e+00
 7.307307e-01 -1.214572e+00 -2.173393e+00 6.198824e+00
 7.317317e-01 -7.112787e-01 -2.385485e+00 6.196458e+00
 7.327327e-01 -1.728634e-01 -2.482466e+00 6.192520e+00
 7.337337e-01  3.745675e-01 -2.459007e+00 6.187015e+00
 7.347347e-01  9.042315e-01 -2.315667e+00 6.179950e+00
 7.357357e-01  1.389995e+00 -2.058942e+00 6.171330e+00
 7.367367e-01  1.807686e+00 -1.701010e+00 6.161165e+00
 7.377377e-01  2.136330e+00 -1.259189e+00 6.149462e+00
 7.387387e-01  2.359240e+00 -7.551282e-01 6.136233e+00
 7.397397e-01  2.464913e+00 -2.137634e-01 6.121489e+00
 7.407407e-01  2.447664e+00  3.379101e-01 6.105242e+00
 7.417417e-01  2.307985e+00  8.721869e-01 6.087505e+00
 7.427427e-01  2.052582e+00  1.362058e+00 6.068293e+00
 7.437437e-01  1.694095e+00  1.782600e+00 6.047622e+00
 7.447447e-01  1.250512e+00  2.112280e+00 6.025507e+00
 7.457457e-01  7.442908e-01  2.334095e+00 6.001967e+00
 7.467467e-01  2.012394e-01  2.436498e+00 5.977019e+00
 7.477477e-01 -3.507917e-01  2.414048e+00 5.950684e+00
 7.487487e-01 -8.833438e-01  2.267749e+00 5.922981e+00
 7.497497e-01 -1.368833e+00  2.005050e+00 5.893931e+00
 7.507508e-01 -1.782007e+00  1.639515e+00 5.863556e+00
 7.517518e-01 -2.101290e+00  1.190152e+00 5.831880e+00
 7.527528e-01 -2.309958e+00  6.804558e-01 5.798925e+00
 7.537538e-01 -2.397060e+00  1.371942e-01 5.764717e+00
 7.547548e-01 -2.358042e+00 -4.109930e-01 5.729279e+00
 7.557558e-01 -2.195042e+00 -9.351100e-01 5.692639e+00
 7.567568e-01 -1.916812e+00 -1.407357e+00 5.654823e+00
 7.577578e-01 -1.538299e+00 -1.802636e+00 5.615858e+00
 7.587588e-01 -1.079871e+00 -2.099916e+00 5.575771e+00
 7.597598e-01 -5.662521e-01 -2.283408e+00 5.534591e+00
 7.607608e-01 -2.519776e-02 -2.343440e+00 5.492348e+00
 7.617618e-01  5.139990e-01 -2.277032e+00 5.449070e+00
 7.627628e-01  1.022104e+00 -2.088083e+00 5.404787e+00
 7.637638e-01  1.471550e+00 -1.787197e+00 5.359531e+00
 7.647648e-01  1.837959e+00 -1.391128e+00 5.313332e+00
 7.657658e-01  2.101513e+00 -9.218818e-01 5.266221e+00
 7.667668e-01  2.248063e+00 -4.055144e-01 5.218231e+00
 7.677678e-01  2.269950e+00  1.293025e-01 5.169392e+00
 7.687688e-01  2.166447e+00  6.528743e-01 5.119738e+00
 7.697698e-01  1.943829e+00  1.136146e+00 5.069301e+00
 7.707708e-01  1.615040e+00  1.552340e+00 5.018113e+00
 7.717718e-01  1.198979e+00  1.878472e+00 4.966208e+00
 7.727728e-01  7.194469e-01  2.096668e+00 4.913619e+00
 7.737738e-01  2.038029e-01  2.195187e+00 4.860380e+00
 7.747748e-01 -3.185891e-01  2.169107e+00 4.806524e+00
 7.757758e-01 -8.180382e-01  2.020618e+00 4.752084e+00
 7.767768e-01 -1.266232e+00  1.758906e+00 4.697094e+00
 7.777778e-01 -1.637869e+00  1.399633e+00 4.641587e+00
 7.787788e-01 -1.912127e+00  9.640357e-01 4.585596e+00
 7.797798e-01 -2.073876e+00  4.776985e-01 4.529156e+00
 7.807808e-01 -2.114555e+00 -3.093525e-02 4.472298e+00
 7.817818e-01 -2.032681e+00 -5.322255e-01 4.415058e+00
 7.827828e-01 -1.833934e+00 -9.970729e-01 4.357468e+00
 7.837838e-01 -1.530814e+00 -1.398631e+00 4.299561e+00
 7.847848e-01 -1.141906e+00 -1.713890e+00 4.241369e+00
 7.857858e-01 -6.907706e-01 -1.925036e+00 4.182926e+00
 7.867868e-01 -2.045366e-01 -2.020502e+00 4.124262e+00
 7.877878e-01  2.877197e-01 -1.995652e+00 4.065410e+00
 7.887888e-01  7.567188e-01 -1.853046e+00 4.006401e+00
 7.897898e-01  1.174736e+00 -1.602267e+00 3.947266e+00
 7.907908e-01  1.517269e+00 -1.259338e+00 3.888037e+00
 7.917918e-01  1.764509e+00 -8.457255e-01 3.828744e+00
 7.927928e-01  1.902531e+00 -3.870328e-01 3.769417e+00
 7.937938e-01  1.924121e+00  8.857636e-02 3.710087e+00
 7.947948e-01  1.829197e+00  5.521038e-01 3.650782e+00
 7.957958e-01  1.624788e+00  9.754964e-01 3.591530e+00
 7.967968e-01  1.324572e+00  1.333367e+00 3.532360e+00
 7.977978e-01  9.480094e-01  1.604548e+00 3.473297e+00
 7.987988e-01  5.191098e-01  1.773385e+00 3.414371e+00
 7.997998e-01  6.492359e-02  1.830681e+00 3.355607e+00
 8.008008e-01 -3.861591e-01  1.774236e+00 3.297032e+00
 8.018018e-01 -8.061892e-01  1.608953e+00 3.238672e+00
 8.028028e-01 -1.169409e+00  1.346490e+00 3.180552e+00
 8.038038e-01 -1.453859e+00  1.004485e+00 3.122696e+00
 8.048048e-01 -1.642743e+00  6.054122e-01 3.065127e+00
 8.058058e-01 -1.725456e+00  1.751265e-01 3.007868e+00
 8.068068e-01 -1.698223e+00 -2.588015e-01 2.950940e+00
 8.078078e-01 -1.564289e+00 -6.688535e-01 2.894364e+00
 8.088088e-01 -1.333663e+00 -1.029323e+00 2.838162e+00
 8.098098e-01 -1.022429e+00 -1.317951e+00 2.782354e+00
 8.108108e-01 -6.516615e-01 -1.517333e+00 2.726962e+00
 8.118118e-01 -2.460292e-01 -1.616006e+00 2.672005e+00
 8.128128e-01  1.678356e-01 -1.609140e+00 2.617501e+00
 8.138138e-01  5.630828e-01 -1.498801e+00 2.563467e+00
 8.148148e-01  9.143975e-01 -1.293753e+00 2.509920e+00
 8.158158e-01  1.199643e+00 -1.008827e+00 2.456873e+00
 8.168168e-01  1.401282e+00 -6.638906e-01 2.404343e+00
 8.178178e-01  1.507494e+00 -2.824953e-01 2.352343e+00
 8.188188e-01  1.512895e+00  1.097180e-01 2.300888e+00
 8.198198e-01  1.418831e+00  4.867377e-01 2.249994e+00
 8.208208e-01  1.233223e+00  8.239149e-01 2.199675e+00
 8.218218e-01  9.699675e-01  1.099593e+00 2.149942e+00
 8.228228e-01  6.479422e-01  1.296526e+00 2.100808e+00
 8.238238e-01  2.896846e-01  1.402984e+00 2.052280e+00
 8.248248e-01 -8.016771e-02  1.413486e+00 2.004368e+00
 8.258258e-01 -4.365652e-01  1.329094e+00 1.957080e+00
 8.268268e-01 -7.557493e-01  1.157266e+00 1.910422e+00
 8.278278e-01 -1.016853e+00  9.112707e-01 1.864404e+00
 8.288288e-01 -1.203286e+00  6.092103e-01 1.819034e+00
 8.298298e-01 -1.303820e+00  2.727219e-01 1.774323e+00
 8.308308e-01 -1.313285e+00 -7.455396e-02 1.730276e+00
 8.318318e-01 -1.232852e+00 -4.086275e-01 1.686901e+00
 8.328328e-01 -1.069862e+00 -7.068213e-01 1.644200e+00
 8.338338e-01 -8.372329e-01 -9.493243e-01 1.602176e+00
 8.348348e-01 -5.524878e-01 -1.120529e+00 1.560827e+00
 8.358358e-01 -2.364638e-01 -1.210059e+00 1.520157e+00
 8.368368e-01  8.819245e-02 -1.213421e+00 1.480168e+00
 8.378378e-01  3.986405e-01 -1.132232e+00 1.440862e+00
 8.388388e-01  6.734571e-01 -9.740134e-01 1.402247e+00
 8.398398e-01  8.941271e-01 -7.515718e-01 1.364323e+00
 8.408408e-01  1.046310e+00 -4.820067e-01 1.327095e+00
 8.418418e-01  1.120792e+00 -1.854292e-01 1.290560e+00
 8.428428e-01  1.114063e+00  1.165205e-01 1.254714e+00
 8.438438e-01  1.028470e+00  4.022451e-01 1.219552e+00
 8.448448e-01  8.719550e-01  6.517389e-01 1.185069e+00
 8.458458e-01  6.573873e-01  8.479999e-01 1.151262e+00
 8.468468e-01  4.015511e-01  9.782056e-01 1.118130e+00
 8.478478e-01  1.238620e-01  1.034568e+00 1.085673e+00
 8.488488e-01 -1.550898e-01  1.014811e+00 1.053894e+00
 8.498498e-01 -4.150596e-01  9.222354e-01 1.022793e+00
 8.508509e-01 -6.376217e-01  7.653774e-01 9.923639e-01
 8.518519e-01 -8.074856e-01  5.572858e-01 9.626005e-01
 8.528529e-01 -9.135620e-01  3.144778e-01 9.334918e-01
 8.538539e-01 -9.496997e-01  5.565542e-02 9.050271e-01
 8.548549e-01 -9.150460e-01 -1.997203e-01 8.771974e-01
 8.558559e-01 -8.140060e-01 -4.328879e-01 8.499977e-01
 8.568569e-01 -6.558106e-01 -6.271673e-01 8.234264e-01
 8.578579e-01 -4.537307e-01 -7.691635e-01 7.974840e-01
 8.588589e-01 -2.240010e-01 -8.497019e-01 7.721697e-01
 8.598599e-01  1.546009e-02 -8.644306e-01 7.474792e-01
 8.608609e-01  2.464355e-01 -8.140470e-01 7.234030e-01
 8.618619e-01  4.517920e-01 -7.041385e-01 6.999271e-01
 8.628629e-01  6.167559e-01 -5.446538e-01 6.770356e-01
 8.638639e-01  7.299840e-01 -3.490525e-01 6.547143e-01
 8.648649e-01  7.843539e-01 -1.332017e-01 6.329537e-01
 8.658659e-01  7.774141e-01  8.589068e-02 6.117499e-01
 8.668669e-01  7.114673e-01  2.914059e-01 5.911031e-01
 8.678679e-01  5.932846e-01  4.680039e-01 5.710142e-01
 8.688689e-01  4.334804e-01  6.029724e-01 5.514809e-01
 8.698699e-01  2.456011e-01  6.871495e-01 5.324944e-01
 8.708709e-01  4.500451e-02  7.155514e-01 5.140392e-01
 8.718719e-01 -1.523790e-01  6.876601e-01 4.960958e-01
 8.728729e-01 -3.313043e-01  6.073568e-01 4.786448e-01
 8.738739e-01 -4.783885e-01  4.825105e-01 4.616719e-01
 8.748749e-01 -5.831161e-01  3.242620e-01 4.451702e-01
 8.758759e-01 -6.385962e-01  1.460648e-01 4.291400e-01
 8.768769e-01 -6.420153e-01 -3.743588e-02 4.135851e-01
 8.778779e-01 -5.947564e-01 -2.115938e-01 3.985071e-01
 8.788789e-01 -5.021810e-01 -3.629257e-01 3.839009e-01
 8.798799e-01 -3.730984e-01 -4.801558e-01 3.697520e-01
 8.808809e-01 -2.189705e-01 -5.550593e-01 3.560389e-01
 8.818819e-01 -5.292286e-02 -5.830411e-01 3.427377e-01
 8.828829e-01  1.113555e-01 -5.634078e-01 3.298284e-01
 8.838839e-01  2.607311e-01 -4.993192e-01 3.173003e-01
 8.848849e-01  3.836732e-01 -3.974265e-01 3.051529e-01
 8.858859e-01  4.711443e-01 -2.672375e-01 2.933929e-01
 8.868869e-01  5.172661e-01 -1.202634e-01 2.820275e-01
 8.878879e-01  5.197097e-01  3.097695e-02 2.710577e-01
 8.888889e-01  4.797854e-01  1.740096e-01 2.604733e-01
 8.898899e-01  4.022307e-01  2.974281e-01 2.502531e-01
 8.908909e-01  2.947215e-01  3.918017e-01 2.403694e-01
 8.918919e-01  1.671524e-01  4.503960e-01 2.307965e-01
 8.928929e-01  3.075292e-02  4.696513e-01 2.215181e-01
 8.938939e-01 -1.028842e-01  4.493838e-01 2.125310e-01
 8.948949e-01 -2.227789e-01  3.927001e-01 2.038438e-01
 8.958959e-01 -3.194610e-01  3.056380e-01 1.954700e-01
 8.968969e-01 -3.857176e-01  1.965719e-01 1.874186e-01
 8.978979e-01 -4.171281e-01  7.543720e-02 1.796866e-01
 8.988989e-01 -4.123501e-01 -4.715468e-02 1.722562e-01
 8.998999e-01 -3.731362e-01 -1.608338e-01 1.650982e-01
 9.009009e-01 -3.040878e-01 -2.563427e-01 1.581810e-01
 9.019019e-01 -2.121741e-01 -3.262871e-01 1.514811e-01
 9.029029e-01 -1.060626e-01 -3.657062e-01 1.449903e-01
 9.039039e-01  4.675450e-03 -3.724175e-01 1.387166e-01
 9.049049e-01  1.104139e-01 -3.471131e-01 1.326787e-01
 9.059059e-01  2.023001e-01 -2.932056e-01 1.268949e-01
 9.069069e-01  2.729910e-01 -2.164436e-01 1.213719e-01
 9.079079e-01  3.172369e-01 -1.243366e-01 1.160988e-01
 9.089089e-01  3.322656e-01 -2.544536e-02 1.110479e-01
 9.099099e-01  3.179393e-01  7.139825e-02 1.061831e-01
 9.109109e-01  2.766763e-01  1.578697e-01 1.014726e-01
 9.119119e-01  2.131526e-01  2.268617e-01 9.690024e-02
 9.129129e-01  1.338141e-01  2.730643e-01 9.247032e-02
 9.139139e-01  4.624905e-02  2.933684e-01 8.820401e-02
 9.149149e-01 -4.151983e-02  2.870615e-01 8.412819e-02
 9.159159e-01 -1.217593e-01  2.558048e-01 8.026143e-02
 9.169169e-01 -1.876996e-01  2.034012e-01 7.660318e-02
 9.179179e-01 -2.341012e-01  1.353790e-01 7.313087e-02
 9.189189e-01 -2.576657e-01  5.843728e-02 6.980654e-02
 9.199199e-01 -2.572599e-01 -2.019625e-02 6.659053e-02
 9.209209e-01 -2.339379e-01 -9.343169e-02 6.345644e-02
 9.219219e-01 -1.907663e-01 -1.549485e-01 6.040083e-02
 9.229229e-01 -1.324729e-01 -1.997358e-01 5.744348e-02
 9.239239e-01 -6.495849e-02 -2.244947e-01 5.461745e-02
 9.249249e-01  5.281818e-03 -2.278715e-01 5.195330e-02
 9.259259e-01  7.177039e-02 -2.105059e-01 4.946370e-02
 9.269269e-01  1.286362e-01 -1.748951e-01 4.713558e-02
 9.279279e-01  1.711275e-01 -1.250938e-01 4.493309e-02
 9.289289e-01  1.960037e-01 -6.628139e-02 4.281066e-02
 9.299299e-01  2.017740e-01 -4.242711e-03 4.073073e-02
 9.309309e-01  1.887665e-01  5.518825e-02 3.867855e-02
 9.319319e-01  1.590266e-01  1.066683e-01 3.666758e-02
 9.329329e-01  1.160593e-01  1.458191e-01 3.473296e-02
 9.339339e-01  6.444608e-02  1.695937e-01 3.291533e-02
 9.349349e-01  9.375479e-03  1.765053e-01 3.124203e-02
 9.359359e-01 -4.386595e-02  1.667009e-01 2.971342e-02
 9.369369e-01 -9.039229e-02  1.418801e-01 2.830074e-02
 9.379379e-01 -1.261606e-01  1.050708e-01 2.695637e-02
 9.389389e-01 -1.483168e-01  6.028873e-02 2.563262e-02
 9.399399e-01 -1.554163e-01  1.211802e-02 2.430107e-02
 9.409409e-01 -1.475017e-01 -3.474601e-02 2.296403e-02
 9.419419e-01 -1.260371e-01 -7.594571e-02 2.165311e-02
 9.429429e-01 -9.370909e-02 -1.078599e-01 2.041515e-02
 9.439439e-01 -5.411819e-02 -1.279161e-01 1.929130e-02
 9.449449e-01 -1.139584e-02 -1.347899e-01 1.829817e-02
 9.459459e-01  3.021503e-02 -1.284766e-01 1.741917e-02
 9.469469e-01  6.677317e-02 -1.102331e-01 1.661000e-02
 9.479479e-01  9.500636e-02 -8.240120e-02 1.581617e-02
 9.489489e-01  1.125991e-01 -4.813311e-02 1.499535e-02
 9.499499e-01  1.183754e-01 -1.105092e-02 1.413486e-02
 9.509510e-01  1.123634e-01  2.512526e-02 1.325680e-02
 9.519520e-01  9.573900e-02  5.694254e-02 1.240841e-02
 9.529530e-01  7.066023e-02  8.153874e-02 1.164143e-02
 9.539540e-01  4.001108e-02  9.689394e-02 1.098932e-02
 9.549550e-01  7.085250e-03  1.019887e-01 1.045190e-02
 9.559560e-01 -2.475760e-02  9.685720e-02 9.994255e-03
 9.569570e-01 -5.242738e-02  8.253405e-02 9.560499e-03
 9.579580e-01 -7.339805e-02  6.090545e-02 9.096747e-03
 9.589590e-01 -8.593319e-02  3.448248e-02 8.573555e-03
 9.599600e-01 -8.922302e-02  6.122999e-03 7.998238e-03
 9.609610e-01 -8.342243e-02 -2.126823e-02 7.411640e-03
 9.619620e-01 -6.959061e-02 -4.503028e-02 6.870580e-03
 9.629630e-01 -4.954203e-02 -6.299903e-02 6.423292e-03
 9.639640e-01 -2.562771e-02 -7.369872e-02 6.088281e-03
 9.649650e-01 -4.717890e-04 -7.645555e-02 5.845674e-03
 9.659660e-01  2.330795e-02 -7.142544e-02 5.644854e-03
 9.669670e-01  4.336642e-02 -5.953692e-02 5.425292e-03
 9.679680e-01  5.785777e-02 -4.235890e-02 5.141798e-03
 9.689690e-01  6.560047e-02 -2.191003e-02 4.783472e-03
 9.699700e-01  6.616674e-02 -4.317549e-04 4.378224e-03
 9.709710e-01  5.989009e-02  1.985015e-02 3.980851e-03
 9.719720e-01  4.779390e-02  3.695074e-02 3.649614e-03
 9.729730e-01  3.145167e-02  4.931536e-02 3.421213e-03
 9.739740e-01  1.279656e-02  5.595567e-02 3.294789e-03
 9.749750e-01 -6.097894e-03  5.652086e-02 3.231792e-03
 9.759760e-01 -2.324155e-02  5.129983e-02 3.171842e-03
 9.769770e-01 -3.693234e-02  4.115749e-02 3.057937e-03
 9.779780e-01 -4.592112e-02  2.741499e-02 2.860331e-03
 9.789790e-01 -4.952113e-02  1.168901e-02 2.588975e-03
 9.799800e-01 -4.765277e-02 -4.291053e-03 2.289199e-03
 9.809810e-01 -4.082190e-02 -1.886799e-02 2.022429e-03
 9.819820e-01 -3.003691e-02 -3.062434e-02 1.840067e-03
 9.829830e-01 -1.667591e-02 -3.851601e-02 1.761569e-03
 9.839840e-01 -2.320643e-03 -4.195969e-02 1.766001e-03
 9.849850e-01  1.142366e-02 -4.086739e-02 1.800644e-03
 9.859860e-01  2.310262e-02 -3.562722e-02 1.803030e-03
 9.869870e-01  3.156257e-02 -2.703526e-02 1.727101e-03
 9.879880e-01  3.606086e-02 -1.618849e-02 1.562453e-03
 9.889890e-01  3.632639e-02 -4.352138e-03 1.338548e-03
 9.899900e-01  3.256607e-02  7.183106e-03 1.112146e-03
 9.909910e-01  2.541865e-02  1.723813e-02 9.432608e-04
 9.919920e-01  1.586350e-02  2.486257e-02 8.697980e-04
 9.929930e-01  5.096127e-03  2.942071e-02 8.915487e-04
 9.939940e-01 -5.614422e-03  3.063871e-02 9.702524e-04
 9.949950e-01 -1.506979e-02  2.861044e-02 1.045656e-03
 9.959960e-01 -2.227225e-02  2.376376e-02 1.060769e-03
 9.969970e-01 -2.652653e-02  1.679327e-02 9.856709e-04
 9.979980e-01 -2.750354e-02  8.568947e-03 8.298718e-04
 9.989990e-01 -2.526044e-02  3.190901e-05 6.380911e-04
 1.000000e+00 -2.021667e-02 -7.910362e-03 4.712877e-04
