# x psi_r psi_i psi2 
 0.000000e+00 -6.965305e-01  5.559398e-01 7.942237e-01
 1.001001e-03 -6.076328e-01  6.350975e-01 7.725665e-01
 2.002002e-03 -4.804112e-01  6.868265e-01 7.025255e-01
 3.003003e-03 -3.220224e-01  7.024981e-01 5.972019e-01
 4.004004e-03 -1.420879e-01  6.749150e-01 4.756992e-01
 5.005005e-03  4.787482e-02  5.992706e-01 3.614172e-01
 6.006006e-03  2.352153e-01  4.740116e-01 2.800133e-01
 7.007007e-03  4.070497e-01  3.014982e-01 2.565906e-01
 8.008008e-03  5.512287e-01  8.836661e-02 3.116618e-01
 9.009009e-03  6.572921e-01 -1.544796e-01 4.558968e-01
 1.001001e-02  7.173264e-01 -4.122902e-01 6.845404e-01
 1.101101e-02  7.266494e-01 -6.673061e-01 9.733168e-01
 1.201201e-02  6.842555e-01 -8.999729e-01 1.278157e+00
 1.301301e-02  5.929776e-01 -1.090452e+00 1.540707e+00
 1.401401e-02  4.593450e-01 -1.220307e+00 1.700147e+00
 1.501502e-02  2.931413e-01 -1.274230e+00 1.709595e+00
 1.601602e-02  1.066949e-01 -1.241634e+00 1.553038e+00
 1.701702e-02 -8.604340e-02 -1.117961e+00 1.257240e+00
 1.801802e-02 -2.705630e-01 -9.055660e-01 8.932540e-01
 1.901902e-02 -4.329097e-01 -6.140489e-01 5.644668e-01
 2.002002e-02 -5.607670e-01 -2.599815e-01 3.820500e-01
 2.102102e-02 -6.444137e-01  1.339948e-01 4.332236e-01
 2.202202e-02 -6.774830e-01  5.406559e-01 7.512920e-01
 2.302302e-02 -6.574628e-01  9.301660e-01 1.297466e+00
 2.402402e-02 -5.858982e-01  1.272386e+00 1.962242e+00
 2.502503e-02 -4.682818e-01  1.539327e+00 2.588815e+00
 2.602603e-02 -3.136427e-01  1.707550e+00 3.014098e+00
 2.702703e-02 -1.338656e-01  1.760279e+00 3.116504e+00
 2.802803e-02  5.720443e-02  1.689055e+00 2.856178e+00
 2.902903e-02  2.448058e-01  1.494739e+00 2.294173e+00
 3.003003e-02  4.143712e-01  1.187785e+00 1.582536e+00
 3.103103e-02  5.526248e-01  7.877073e-01 9.258770e-01
 3.203203e-02  6.485851e-01  3.217808e-01 5.242055e-01
 3.303303e-02  6.943998e-01 -1.769457e-01 5.135008e-01
 3.403403e-02  6.859536e-01 -6.721601e-01 9.223315e-01
 3.503504e-02  6.232049e-01 -1.127126e+00 1.658798e+00
 3.603604e-02  5.102264e-01 -1.507612e+00 2.533224e+00
 3.703704e-02  3.549455e-01 -1.784654e+00 3.310975e+00
 3.803804e-02  1.686022e-01 -1.936930e+00 3.780126e+00
 3.903904e-02 -3.504137e-02 -1.952528e+00 3.813594e+00
 4.004004e-02 -2.406856e-01 -1.829947e+00 3.406637e+00
 4.104104e-02 -4.326048e-01 -1.578260e+00 2.678053e+00
 4.204204e-02 -5.958098e-01 -1.216403e+00 1.834625e+00
 4.304304e-02 -7.171780e-01 -7.716547e-01 1.109795e+00
 4.404404e-02 -7.864708e-01 -2.774445e-01 6.955118e-01
 4.504505e-02 -7.971622e-01  2.293405e-01 6.880646e-01
 4.604605e-02 -7.470125e-01  7.113053e-01 1.063983e+00
 4.704705e-02 -6.383404e-01  1.133510e+00 1.692324e+00
 4.804805e-02 -4.779621e-01  1.466195e+00 2.378175e+00
 4.904905e-02 -2.767935e-01  1.687038e+00 2.922711e+00
 5.005005e-02 -4.913261e-02  1.782768e+00 3.180676e+00
 5.105105e-02  1.883336e-01  1.750005e+00 3.097988e+00
 5.205205e-02  4.177335e-01  1.595270e+00 2.719388e+00
 5.305305e-02  6.213412e-01  1.334187e+00 2.166120e+00
 5.405405e-02  7.829372e-01  9.899641e-01 1.593020e+00
 5.505506e-02  8.890939e-01  5.912985e-01 1.140122e+00
 5.605606e-02  9.302857e-01  1.699006e-01 8.942978e-01
 5.705706e-02  9.017303e-01 -2.421405e-01 8.717497e-01
 5.805806e-02  8.038868e-01 -6.149222e-01 1.024363e+00
 5.905906e-02  6.425598e-01 -9.230107e-01 1.264832e+00
 6.006006e-02  4.285892e-01 -1.147257e+00 1.499888e+00
 6.106106e-02  1.771365e-01 -1.276014e+00 1.659588e+00
 6.206206e-02 -9.338720e-02 -1.305671e+00 1.713497e+00
 6.306306e-02 -3.626769e-01 -1.240504e+00 1.670384e+00
 6.406406e-02 -6.100727e-01 -1.091875e+00 1.564379e+00
 6.506507e-02 -8.161636e-01 -8.768874e-01 1.435054e+00
 6.606607e-02 -9.643290e-01 -6.166445e-01 1.310181e+00
 6.706707e-02 -1.042093e+00 -3.342758e-01 1.197699e+00
 6.806807e-02 -1.042179e+00 -5.291985e-02 1.088937e+00
 6.906907e-02 -9.631692e-01  2.061636e-01 9.701983e-01
 7.007007e-02 -8.097180e-01  4.251955e-01 8.364345e-01
 7.107107e-02 -5.922827e-01  5.910732e-01 7.001664e-01
 7.207207e-02 -3.263934e-01  6.960849e-01 5.910668e-01
 7.307307e-02 -3.151121e-02  7.381109e-01 5.458007e-01
 7.407407e-02  2.704371e-01  7.203335e-01 5.920165e-01
 7.507508e-02  5.567359e-01  6.505130e-01 7.331221e-01
 7.607608e-02  8.056335e-01  5.399300e-01 9.405698e-01
 7.707708e-02  9.980326e-01  4.021080e-01 1.157760e+00
 7.807808e-02  1.118982e+00  2.514500e-01 1.315348e+00
 7.907908e-02  1.158848e+00  1.019146e-01 1.353314e+00
 8.008008e-02  1.114072e+00 -3.415278e-02 1.242323e+00
 8.108108e-02  9.874557e-01 -1.469427e-01 9.966610e-01
 8.208208e-02  7.879442e-01 -2.297961e-01 6.736623e-01
 8.308308e-02  5.299343e-01 -2.794808e-01 3.589399e-01
 8.408408e-02  2.321603e-01 -2.961350e-01 1.415943e-01
 8.508509e-02 -8.375088e-02 -2.829102e-01 8.705237e-02
 8.608609e-02 -3.949366e-01 -2.453721e-01 2.161824e-01
 8.708709e-02 -6.790355e-01 -1.907359e-01 4.974694e-01
 8.808809e-02 -9.158639e-01 -1.270184e-01 8.549403e-01
 8.908909e-02 -1.088902e+00 -6.219197e-02 1.189576e+00
 9.009009e-02 -1.186475e+00 -3.418748e-03 1.407735e+00
 9.109109e-02 -1.202539e+00  4.357237e-02 1.447998e+00
 9.209209e-02 -1.137018e+00  7.491975e-02 1.298423e+00
 9.309309e-02 -9.956841e-01  8.884870e-02 9.992809e-01
 9.409409e-02 -7.895839e-01  8.567359e-02 6.307827e-01
 9.509510e-02 -5.340856e-01  6.759758e-02 2.898168e-01
 9.609610e-02 -2.476229e-01  3.834341e-02 6.278730e-02
 9.709710e-02  4.975146e-02  2.660047e-03 2.482284e-03
 9.809810e-02  3.378838e-01 -3.424063e-02 1.153379e-01
 9.909910e-02  5.979861e-01 -6.726159e-02 3.621115e-01
 1.001001e-01  8.139368e-01 -9.195781e-02 6.709494e-01
 1.011011e-01  9.733212e-01 -1.049855e-01 9.583762e-01
 1.021021e-01  1.068140e+00 -1.044247e-01 1.151827e+00
 1.031031e-01  1.095144e+00 -8.995075e-02 1.207431e+00
 1.041041e-01  1.055795e+00 -6.284182e-02 1.118653e+00
 1.051051e-01  9.558698e-01 -2.582701e-02 9.143541e-01
 1.061061e-01  8.047592e-01  1.720922e-02 6.479336e-01
 1.071071e-01  6.145513e-01  6.163619e-02 3.814723e-01
 1.081081e-01  3.989724e-01  1.025614e-01 1.696978e-01
 1.091091e-01  1.722936e-01  1.353439e-01 4.800307e-02
 1.101101e-01 -5.170868e-02  1.560887e-01 2.703746e-02
 1.111111e-01 -2.606552e-01  1.620735e-01 9.420892e-02
 1.121121e-01 -4.442650e-01  1.520673e-01 2.204958e-01
 1.131131e-01 -5.948162e-01  1.265051e-01 3.698098e-01
 1.141141e-01 -7.073496e-01  8.749871e-02 5.079995e-01
 1.151151e-01 -7.796272e-01  3.867654e-02 6.093145e-01
 1.161161e-01 -8.118773e-01 -1.513838e-02 6.593739e-01
 1.171171e-01 -8.063772e-01 -6.838735e-02 6.549211e-01
 1.181181e-01 -7.669368e-01 -1.153316e-01 6.014934e-01
 1.191191e-01 -6.983474e-01 -1.506542e-01 5.103857e-01
 1.201201e-01 -6.058617e-01 -1.700480e-01 3.959847e-01
 1.211211e-01 -4.947558e-01 -1.707307e-01 2.739323e-01
 1.221221e-01 -3.700132e-01 -1.518280e-01 1.599615e-01
 1.231231e-01 -2.361497e-01 -1.145783e-01 6.889487e-02
 1.241241e-01 -9.717945e-02 -6.232601e-02 1.332838e-02
 1.251251e-01  4.329709e-02 -2.917329e-04 1.874723e-03
 1.261261e-01  1.819178e-01  6.487293e-02 3.730257e-02
 1.271271e-01  3.153414e-01  1.257117e-01 1.152437e-01
 1.281281e-01  4.400391e-01  1.747192e-01 2.241612e-01
 1.291291e-01  5.521419e-01  2.051533e-01 3.469485e-01
 1.301301e-01  6.473869e-01  2.118251e-01 4.639797e-01
 1.311311e-01  7.211883e-01  1.917789e-01 5.568917e-01
 1.321321e-01  7.688446e-01  1.447856e-01 6.120849e-01
 1.331331e-01  7.858738e-01  7.358264e-02 6.230121e-01
 1.341341e-01  7.684501e-01 -1.618154e-02 5.907774e-01
 1.351351e-01  7.138987e-01 -1.163136e-01 5.231803e-01
 1.361361e-01  6.211959e-01 -2.167353e-01 4.328586e-01
 1.371371e-01  4.914108e-01 -3.063904e-01 3.353597e-01
 1.381381e-01  3.280315e-01 -3.743189e-01 2.477193e-01
 1.391391e-01  1.371188e-01 -4.108023e-01 1.875601e-01
 1.401401e-01 -7.274994e-02 -4.084647e-01 1.721359e-01
 1.411411e-01 -2.907713e-01 -3.632155e-01 2.164734e-01
 1.421421e-01 -5.044401e-01 -2.749271e-01 3.300447e-01
 1.431431e-01 -7.002856e-01 -1.477626e-01 5.122337e-01
 1.441441e-01 -8.647739e-01  9.902278e-03 7.479319e-01
 1.451451e-01 -9.853141e-01  1.859783e-01 1.005432e+00
 1.461461e-01 -1.051288e+00  3.655610e-01 1.238842e+00
 1.471471e-01 -1.055019e+00  5.321597e-01 1.396258e+00
 1.481481e-01 -9.925867e-01  6.691584e-01 1.433001e+00
 1.491491e-01 -8.644191e-01  7.613763e-01 1.326914e+00
 1.501502e-01 -6.755793e-01  7.965851e-01 1.090955e+00
 1.511512e-01 -4.357161e-01  7.668328e-01 7.778811e-01
 1.521522e-01 -1.586511e-01  6.694402e-01 4.733203e-01
 1.531532e-01  1.383859e-01  5.075597e-01 2.767675e-01
 1.541542e-01  4.358347e-01  2.902255e-01 2.741827e-01
 1.551552e-01  7.131278e-01  3.186763e-02 5.095668e-01
 1.561562e-01  9.501700e-01 -2.486842e-01 9.646668e-01
 1.571572e-01  1.128863e+00 -5.296370e-01 1.554846e+00
 1.581582e-01  1.234557e+00 -7.879928e-01 2.145064e+00
 1.591592e-01  1.257318e+00 -1.001482e+00 2.583814e+00
 1.601602e-01  1.192882e+00 -1.150501e+00 2.746618e+00
 1.611612e-01  1.043229e+00 -1.219881e+00 2.576437e+00
 1.621622e-01  8.166949e-01 -1.200331e+00 2.107784e+00
 1.631632e-01  5.275896e-01 -1.089408e+00 1.465160e+00
 1.641642e-01  1.953437e-01 -8.919360e-01 8.337091e-01
 1.651652e-01 -1.567872e-01 -6.198127e-01 4.087500e-01
 1.661662e-01 -5.033683e-01 -2.912174e-01 3.381872e-01
 1.671672e-01 -8.186669e-01  7.071979e-02 6.752168e-01
 1.681682e-01 -1.078628e+00  4.396821e-01 1.356759e+00
 1.691692e-01 -1.262790e+00  7.882167e-01 2.215924e+00
 1.701702e-01 -1.355982e+00  1.089901e+00 3.026570e+00
 1.711712e-01 -1.349658e+00  1.321442e+00 3.567785e+00
 1.721722e-01 -1.242744e+00  1.464539e+00 3.689286e+00
 1.731732e-01 -1.041915e+00  1.507346e+00 3.357677e+00
 1.741742e-01 -7.612497e-01  1.445427e+00 2.668761e+00
 1.751752e-01 -4.212884e-01  1.282121e+00 1.821318e+00
 1.761762e-01 -4.753120e-02  1.028288e+00 1.059636e+00
 1.771772e-01  3.314988e-01  7.014765e-01 6.019607e-01
 1.781782e-01  6.864867e-01  3.245715e-01 5.766106e-01
 1.791792e-01  9.896719e-01 -7.595248e-02 9.852192e-01
 1.801802e-01  1.217114e+00 -4.720333e-01 1.704183e+00
 1.811812e-01  1.350689e+00 -8.361133e-01 2.523446e+00
 1.821822e-01  1.379633e+00 -1.143158e+00 3.210197e+00
 1.831832e-01  1.301508e+00 -1.372444e+00 3.577527e+00
 1.841842e-01  1.122479e+00 -1.508994e+00 3.537023e+00
 1.851852e-01  8.568803e-01 -1.544539e+00 3.119844e+00
 1.861862e-01  5.260867e-01 -1.477975e+00 2.461177e+00
 1.871872e-01  1.567863e-01 -1.315277e+00 1.754535e+00
 1.881882e-01 -2.212147e-01 -1.068901e+00 1.191484e+00
 1.891892e-01 -5.774634e-01 -7.567420e-01 9.061224e-01
 1.901902e-01 -8.834011e-01 -4.007376e-01 9.409881e-01
 1.911912e-01 -1.114752e+00 -2.523174e-02 1.243308e+00
 1.921922e-01 -1.253550e+00  3.447659e-01 1.690251e+00
 1.931932e-01 -1.289631e+00  6.853006e-01 2.132786e+00
 1.941942e-01 -1.221452e+00  9.750505e-01 2.442668e+00
 1.951952e-01 -1.056164e+00  1.196657e+00 2.547471e+00
 1.961962e-01 -8.089464e-01  1.337728e+00 2.443912e+00
 1.971972e-01 -5.016364e-01  1.391465e+00 2.187815e+00
 1.981982e-01 -1.608051e-01  1.356884e+00 1.866993e+00
 1.991992e-01  1.845691e-01  1.238650e+00 1.568320e+00
 2.002002e-01  5.056123e-01  1.046549e+00 1.350908e+00
 2.012012e-01  7.760302e-01  7.946563e-01 1.233702e+00
 2.022022e-01  9.743290e-01  5.002795e-01 1.199597e+00
 2.032032e-01  1.085588e+00  1.827460e-01 1.211897e+00
 2.042042e-01  1.102629e+00 -1.378678e-01 1.234799e+00
 2.052052e-01  1.026495e+00 -4.419902e-01 1.249047e+00
 2.062062e-01  8.661916e-01 -7.117122e-01 1.256822e+00
 2.072072e-01  6.377419e-01 -9.317897e-01 1.274947e+00
 2.082082e-01  3.626390e-01 -1.090437e+00 1.320561e+00
 2.092092e-01  6.584933e-02 -1.179884e+00 1.396463e+00
 2.102102e-01 -2.264455e-01 -1.196673e+00 1.483305e+00
 2.112112e-01 -4.891643e-01 -1.141701e+00 1.542763e+00
 2.122122e-01 -7.004904e-01 -1.020013e+00 1.531114e+00
 2.132132e-01 -8.436939e-01 -8.403786e-01 1.418056e+00
 2.142142e-01 -9.084601e-01 -6.146715e-01 1.203121e+00
 2.152152e-01 -8.916160e-01 -3.571102e-01 9.225067e-01
 2.162162e-01 -7.972063e-01 -8.338946e-02 6.424917e-01
 2.172172e-01 -6.359305e-01  1.902387e-01 4.405983e-01
 2.182182e-01 -4.240073e-01  4.478921e-01 3.803895e-01
 2.192192e-01 -1.815855e-01  6.749414e-01 4.885192e-01
 2.202202e-01  6.914572e-02  8.588084e-01 7.423330e-01
 2.212212e-01  3.059681e-01  9.896354e-01 1.072995e+00
 2.222222e-01  5.085867e-01  1.060796e+00 1.383948e+00
 2.232232e-01  6.603501e-01  1.069215e+00 1.579283e+00
 2.242242e-01  7.495948e-01  1.015493e+00 1.593119e+00
 2.252252e-01  7.705054e-01  9.038099e-01 1.410551e+00
 2.262262e-01  7.234320e-01  7.416306e-01 1.073370e+00
 2.272272e-01  6.146530e-01  5.392210e-01 6.685576e-01
 2.282282e-01  4.556253e-01  3.090019e-01 3.030766e-01
 2.292292e-01  2.618030e-01  6.478071e-02 7.273738e-02
 2.302302e-01  5.114668e-02 -1.790921e-01 3.468995e-02
 2.312312e-01 -1.575375e-01 -4.085906e-01 1.917643e-01
 2.322322e-01 -3.462737e-01 -6.108493e-01 4.930424e-01
 2.332332e-01 -4.994619e-01 -7.749143e-01 8.499544e-01
 2.342342e-01 -6.051588e-01 -8.923599e-01 1.162523e+00
 2.352352e-01 -6.559927e-01 -9.577334e-01 1.347580e+00
 2.362362e-01 -6.496432e-01 -9.687976e-01 1.360605e+00
 2.372372e-01 -5.888586e-01 -9.265608e-01 1.205269e+00
 2.382382e-01 -4.810264e-01 -8.350942e-01 9.287688e-01
 2.392392e-01 -3.373483e-01 -7.011578e-01 6.054261e-01
 2.402402e-01 -1.717069e-01 -5.336644e-01 3.142809e-01
 2.412412e-01  6.648473e-04 -3.430289e-01 1.176693e-01
 2.422422e-01  1.645889e-01 -1.404525e-01 4.681641e-02
 2.432432e-01  3.062925e-01  6.280273e-02 9.775930e-02
 2.442442e-01  4.145866e-01  2.560937e-01 2.374660e-01
 2.452452e-01  4.817713e-01  4.299849e-01 4.169905e-01
 2.462462e-01  5.041949e-01  5.767081e-01 5.868047e-01
 2.472472e-01  4.824269e-01  6.904680e-01 7.094818e-01
 2.482482e-01  4.210379e-01  7.675865e-01 7.664619e-01
 2.492492e-01  3.280190e-01  8.064892e-01 7.580212e-01
 2.502503e-01  2.139008e-01  8.075556e-01 6.978996e-01
 2.512513e-01  9.066186e-02  7.728617e-01 6.055348e-01
 2.522523e-01 -2.946821e-02  7.058524e-01 4.990960e-01
 2.532533e-01 -1.351973e-01  6.109844e-01 3.915802e-01
 2.542543e-01 -2.172379e-01  4.933763e-01 2.906125e-01
 2.552553e-01 -2.691551e-01  3.584989e-01 2.009659e-01
 2.562563e-01 -2.879163e-01  2.119277e-01 1.278091e-01
 2.572573e-01 -2.740939e-01  5.916861e-02 7.862841e-02
 2.582583e-01 -2.317051e-01 -9.444249e-02 6.260663e-02
 2.592593e-01 -1.677063e-01 -2.437805e-01 8.755430e-02
 2.602603e-01 -9.119475e-02 -3.839299e-01 1.557187e-01
 2.612613e-01 -1.239704e-02 -5.101709e-01 2.604280e-01
 2.622623e-01  5.845521e-02 -6.179772e-01 3.853128e-01
 2.632633e-01  1.122484e-01 -7.030533e-01 5.068836e-01
 2.642643e-01  1.419962e-01 -7.614278e-01 5.999352e-01
 2.652653e-01  1.436308e-01 -7.896121e-01 6.441170e-01
 2.662663e-01  1.164935e-01 -7.848210e-01 6.295148e-01
 2.672673e-01  6.346815e-02 -7.452427e-01 5.594149e-01
 2.682683e-01 -9.259715e-03 -6.703288e-01 4.494265e-01
 2.692693e-01 -9.280417e-02 -5.610751e-01 3.234178e-01
 2.702703e-01 -1.764843e-01 -4.202499e-01 2.077567e-01
 2.712713e-01 -2.489497e-01 -2.525355e-01 1.257502e-01
 2.722723e-01 -2.994165e-01 -6.454411e-02 9.381617e-02
 2.732733e-01 -3.188884e-01  1.353150e-01 1.200000e-01
 2.742743e-01 -3.012396e-01  3.371316e-01 2.044030e-01
 2.752753e-01 -2.440426e-01  5.299516e-01 3.404054e-01
 2.762763e-01 -1.490473e-01  7.023788e-01 5.155511e-01
 2.772773e-01 -2.225255e-02  8.432864e-01 7.116271e-01
 2.782783e-01  1.264555e-01  9.425921e-01 9.044709e-01
 2.792793e-01  2.840750e-01  9.920389e-01 1.064840e+00
 2.802803e-01  4.356120e-01  9.859195e-01 1.161795e+00
 2.812813e-01  5.654549e-01  9.216793e-01 1.169232e+00
 2.822823e-01  6.588778e-01  8.003414e-01 1.074666e+00
 2.832833e-01  7.035275e-01  6.267031e-01 8.877077e-01
 2.842843e-01  6.907525e-01  4.092731e-01 6.446435e-01
 2.852853e-01  6.166381e-01  1.599325e-01 4.058209e-01
 2.862863e-01  4.826401e-01 -1.066728e-01 2.443205e-01
 2.872873e-01  2.957418e-01 -3.739823e-01 2.273260e-01
 2.882883e-01  6.810512e-02 -6.245642e-01 3.947187e-01
 2.892893e-01 -1.837691e-01 -8.412883e-01 7.415372e-01
 2.902903e-01 -4.403078e-01 -1.008547e+00 1.211038e+00
 2.912913e-01 -6.804564e-01 -1.113438e+00 1.702765e+00
 2.922923e-01 -8.834564e-01 -1.146816e+00 2.095682e+00
 2.932933e-01 -1.030655e+00 -1.104131e+00 2.281356e+00
 2.942943e-01 -1.107186e+00 -9.859769e-01 2.198011e+00
 2.952953e-01 -1.103365e+00 -7.982857e-01 1.854673e+00
 2.962963e-01 -1.015678e+00 -5.521472e-01 1.336468e+00
 2.972973e-01 -8.472659e-01 -2.632319e-01 7.871505e-01
 2.982983e-01 -6.078500e-01  4.915403e-02 3.718977e-01
 2.992993e-01 -3.131074e-01  3.633319e-01 2.300463e-01
 3.003003e-01  1.646340e-02  6.567547e-01 4.315977e-01
 3.013013e-01  3.570919e-01  9.076483e-01 9.513400e-01
 3.023023e-01  6.835736e-01  1.096672e+00 1.669963e+00
 3.033033e-01  9.712430e-01  1.208471e+00 2.403715e+00
 3.043043e-01  1.197919e+00  1.232990e+00 2.955273e+00
 3.053053e-01  1.345660e+00  1.166438e+00 3.171378e+00
 3.063063e-01  1.402195e+00  1.011808e+00 2.989907e+00
 3.073073e-01  1.361898e+00  7.788864e-01 2.461429e+00
 3.083083e-01  1.226249e+00  4.837258e-01 1.737678e+00
 3.093093e-01  1.003744e+00  1.476034e-01 1.029289e+00
 3.103103e-01  7.092547e-01 -2.044799e-01 5.448543e-01
 3.113113e-01  3.629166e-01 -5.456551e-01 4.294479e-01
 3.123123e-01 -1.137817e-02 -8.492594e-01 7.213709e-01
 3.133133e-01 -3.877514e-01 -1.090967e+00 1.340560e+00
 3.143143e-01 -7.402341e-01 -1.250802e+00 2.112453e+00
 3.153153e-01 -1.044640e+00 -1.314862e+00 2.820135e+00
 3.163163e-01 -1.280278e+00 -1.276592e+00 3.268798e+00
 3.173173e-01 -1.431377e+00 -1.137496e+00 3.342737e+00
 3.183183e-01 -1.488127e+00 -9.071974e-01 3.037528e+00
 3.193193e-01 -1.447274e+00 -6.028243e-01 2.457998e+00
 3.203203e-01 -1.312235e+00 -2.477549e-01 1.783343e+00
 3.213213e-01 -1.092741e+00  1.301894e-01 1.211033e+00
 3.223223e-01 -8.040537e-01  5.009648e-01 8.974680e-01
 3.233233e-01 -4.658145e-01  8.347561e-01 9.138008e-01
 3.243243e-01 -1.006365e-01  1.104454e+00 1.229946e+00
 3.253253e-01  2.674706e-01  1.287942e+00 1.730334e+00
 3.263263e-01  6.147200e-01  1.369995e+00 2.254767e+00
 3.273273e-01  9.191033e-01  1.343614e+00 2.650050e+00
 3.283283e-01  1.161781e+00  1.210674e+00 2.815467e+00
 3.293293e-01  1.328224e+00  9.818160e-01 2.728143e+00
 3.303303e-01  1.409041e+00  6.755939e-01 2.441823e+00
 3.313313e-01  1.400448e+00  3.169297e-01 2.061699e+00
 3.323323e-01  1.304377e+00 -6.498053e-02 1.705621e+00
 3.333333e-01  1.128213e+00 -4.391349e-01 1.465703e+00
 3.343343e-01  8.842060e-01 -7.753491e-01 1.382986e+00
 3.353353e-01  5.885992e-01 -1.046806e+00 1.442251e+00
 3.363363e-01  2.605364e-01 -1.232302e+00 1.586449e+00
 3.373373e-01 -7.917520e-02 -1.318003e+00 1.743400e+00
 3.383383e-01 -4.093696e-01 -1.298533e+00 1.853772e+00
 3.393393e-01 -7.098163e-01 -1.177336e+00 1.889959e+00
 3.403403e-01 -9.624279e-01 -9.662515e-01 1.859910e+00
 3.413413e-01 -1.152315e+00 -6.843731e-01 1.796195e+00
 3.423423e-01 -1.268627e+00 -3.562859e-01 1.736354e+00
 3.433433e-01 -1.305148e+00 -9.855759e-03 1.703508e+00
 3.443443e-01 -1.260598e+00  3.262302e-01 1.695534e+00
 3.453453e-01 -1.138650e+00  6.249440e-01 1.687078e+00
 3.463463e-01 -9.476465e-01  8.631987e-01 1.643146e+00
 3.473473e-01 -7.000521e-01  1.023728e+00 1.538092e+00
 3.483483e-01 -4.116596e-01  1.096408e+00 1.371574e+00
 3.493493e-01 -1.006092e-01  1.078908e+00 1.174164e+00
 3.503504e-01  2.137287e-01  9.766362e-01 9.994983e-01
 3.513514e-01  5.119380e-01  8.020004e-01 9.052852e-01
 3.523524e-01  7.757434e-01  5.730658e-01 9.301822e-01
 3.533534e-01  9.891228e-01  3.117560e-01 1.075556e+00
 3.543544e-01  1.139285e+00  4.176996e-02 1.299715e+00
 3.553554e-01  1.217447e+00 -2.135866e-01 1.527796e+00
 3.563564e-01  1.219364e+00 -4.334523e-01 1.674730e+00
 3.573574e-01  1.145581e+00 -6.011644e-01 1.673754e+00
 3.583584e-01  1.001375e+00 -7.055620e-01 1.500570e+00
 3.593594e-01  7.964110e-01 -7.417382e-01 1.184446e+00
 3.603604e-01  5.441031e-01 -7.111897e-01 8.018390e-01
 3.613614e-01  2.607427e-01 -6.213750e-01 4.540936e-01
 3.623624e-01 -3.556381e-02 -4.847407e-01 2.362383e-01
 3.633634e-01 -3.260766e-01 -3.173308e-01 2.070248e-01
 3.643644e-01 -5.926435e-01 -1.371186e-01 3.700278e-01
 3.653654e-01 -8.188803e-01  3.776746e-02 6.719913e-01
 3.663664e-01 -9.912283e-01  1.907614e-01 1.018923e+00
 3.673674e-01 -1.099817e+00  3.083560e-01 1.304680e+00
 3.683684e-01 -1.139067e+00  3.812528e-01 1.442828e+00
 3.693694e-01 -1.108001e+00  4.050663e-01 1.391745e+00
 3.703704e-01 -1.010222e+00  3.805373e-01 1.165358e+00
 3.713714e-01 -8.535855e-01  3.132485e-01 8.267329e-01
 3.723724e-01 -6.495671e-01  2.128923e-01 4.672606e-01
 3.733734e-01 -4.123934e-01  9.216894e-02 1.785635e-01
 3.743744e-01 -1.579892e-01 -3.456423e-02 2.615527e-02
 3.753754e-01  9.717036e-02 -1.527618e-01 3.277824e-02
 3.763764e-01  3.372186e-01 -2.491328e-01 1.757836e-01
 3.773774e-01  5.479759e-01 -3.129268e-01 3.982008e-01
 3.783784e-01  7.178692e-01 -3.369424e-01 6.288663e-01
 3.793794e-01  8.386219e-01 -3.181774e-01 8.045235e-01
 3.803804e-01  9.056692e-01 -2.580635e-01 8.868335e-01
 3.813814e-01  9.182705e-01 -1.622781e-01 8.695550e-01
 3.823824e-01  8.793240e-01 -4.015542e-02 7.748231e-01
 3.833834e-01  7.949059e-01  9.623651e-02 6.411369e-01
 3.843844e-01  6.735889e-01  2.332661e-01 5.081351e-01
 3.853854e-01  5.256019e-01  3.570405e-01 4.037353e-01
 3.863864e-01  3.619169e-01  4.547230e-01 3.377568e-01
 3.873874e-01  1.933421e-01  5.157413e-01 3.033703e-01
 3.883884e-01  2.970653e-02  5.327840e-01 2.847412e-01
 3.893894e-01 -1.207987e-01  5.024918e-01 2.670903e-01
 3.903904e-01 -2.520650e-01  4.257907e-01 2.448345e-01
 3.913914e-01 -3.602738e-01  3.078354e-01 2.245598e-01
 3.923924e-01 -4.438551e-01  1.575755e-01 2.218374e-01
 3.933934e-01 -5.032258e-01 -1.301775e-02 2.534057e-01
 3.943944e-01 -5.403431e-01 -1.899892e-01 3.280666e-01
 3.953954e-01 -5.581416e-01 -3.586142e-01 4.401261e-01
 3.963964e-01 -5.599194e-01 -5.046757e-01 5.682073e-01
 3.973974e-01 -5.487568e-01 -6.156983e-01 6.802184e-01
 3.983984e-01 -5.270296e-01 -6.820248e-01 7.429180e-01
 3.993994e-01 -4.960850e-01 -6.976495e-01 7.328151e-01
 4.004004e-01 -4.561097e-01 -6.607307e-01 6.446012e-01
 4.014014e-01 -4.062157e-01 -5.737460e-01 4.941957e-01
 4.024024e-01 -3.447245e-01 -4.432736e-01 3.153265e-01
 4.034034e-01 -2.696240e-01 -2.794287e-01 1.507775e-01
 4.044044e-01 -1.791346e-01 -9.499889e-02 4.111400e-02
 4.054054e-01 -7.231982e-02  9.563595e-02 1.437639e-02
 4.064064e-01  5.034508e-02  2.777109e-01 7.965795e-02
 4.074074e-01  1.865177e-01  4.372972e-01 2.260177e-01
 4.084084e-01  3.317236e-01  5.624403e-01 4.263796e-01
 4.094094e-01  4.793259e-01  6.441087e-01 6.446294e-01
 4.104104e-01  6.207654e-01  6.768850e-01 8.435229e-01
 4.114114e-01  7.460625e-01  6.593348e-01 9.913316e-01
 4.124124e-01  8.445603e-01  5.940391e-01 1.066165e+00
 4.134134e-01  9.058433e-01  4.872843e-01 1.057998e+00
 4.144144e-01  9.207596e-01  3.484568e-01 9.692205e-01
 4.154154e-01  8.824419e-01  1.891913e-01 8.144972e-01
 4.164164e-01  7.872332e-01  2.236462e-02 6.202362e-01
 4.174174e-01  6.354068e-01 -1.389846e-01 4.230585e-01
 4.184184e-01  4.316046e-01 -2.827044e-01 2.662043e-01
 4.194194e-01  1.849165e-01 -3.984696e-01 1.929722e-01
 4.204204e-01 -9.142300e-02 -4.785269e-01 2.373462e-01
 4.214214e-01 -3.807334e-01 -5.182030e-01 4.134922e-01
 4.224224e-01 -6.639355e-01 -5.161335e-01 7.072041e-01
 4.234234e-01 -9.208914e-01 -4.742208e-01 1.072926e+00
 4.244244e-01 -1.131924e+00 -3.973284e-01 1.439122e+00
 4.254254e-01 -1.279409e+00 -2.927665e-01 1.722600e+00
 4.264264e-01 -1.349295e+00 -1.696117e-01 1.849365e+00
 4.274274e-01 -1.332428e+00 -3.794179e-02 1.776804e+00
 4.284284e-01 -1.225547e+00  9.196050e-02 1.510423e+00
 4.294294e-01 -1.031868e+00  2.103573e-01 1.109002e+00
 4.304304e-01 -7.611627e-01  3.087183e-01 6.746757e-01
 4.314314e-01 -4.293320e-01  3.802430e-01 3.289107e-01
 4.324324e-01 -5.746078e-02  4.202330e-01 1.798975e-01
 4.334334e-01  3.295690e-01  4.262911e-01 2.903398e-01
 4.344344e-01  7.048289e-01  3.983690e-01 6.554816e-01
 4.354354e-01  1.041312e+00  3.386650e-01 1.199025e+00
 4.364364e-01  1.313989e+00  2.514108e-01 1.789774e+00
 4.374374e-01  1.501761e+00  1.425594e-01 2.275608e+00
 4.384384e-01  1.589186e+00  1.941516e-02 2.525889e+00
 4.394394e-01  1.567798e+00 -1.097879e-01 2.470042e+00
 4.404404e-01  1.436931e+00 -2.363250e-01 2.120619e+00
 4.414414e-01  1.203951e+00 -3.514420e-01 1.573010e+00
 4.424424e-01  8.838796e-01 -4.468117e-01 9.808838e-01
 4.434434e-01  4.984042e-01 -5.149965e-01 5.136281e-01
 4.444444e-01  7.437016e-02 -5.498882e-01 3.079080e-01
 4.454454e-01 -3.581700e-01 -5.471325e-01 4.276397e-01
 4.464464e-01 -7.681681e-01 -5.044961e-01 8.445986e-01
 4.474474e-01 -1.125919e+00 -4.221763e-01 1.445926e+00
 4.484484e-01 -1.405303e+00 -3.029958e-01 2.066684e+00
 4.494494e-01 -1.585802e+00 -1.524763e-01 2.538018e+00
 4.504505e-01 -1.654073e+00  2.126728e-02 2.736410e+00
 4.514515e-01 -1.605006e+00  2.078088e-01 2.619229e+00
 4.524525e-01 -1.442132e+00  3.949118e-01 2.235699e+00
 4.534535e-01 -1.177386e+00  5.692128e-01 1.710240e+00
 4.544545e-01 -8.301996e-01  7.170967e-01 1.203459e+00
 4.554555e-01 -4.260426e-01  8.256815e-01 8.632622e-01
 4.564565e-01  5.531278e-03  8.838838e-01 7.812812e-01
 4.574575e-01  4.331114e-01  8.834402e-01 9.680521e-01
 4.584585e-01  8.258261e-01  8.198333e-01 1.354115e+00
 4.594595e-01  1.155643e+00  6.929818e-01 1.815735e+00
 4.604605e-01  1.399472e+00  5.076539e-01 2.216233e+00
 4.614615e-01  1.540818e+00  2.734862e-01 2.448915e+00
 4.624625e-01  1.570963e+00  4.619166e-03 2.467947e+00
 4.634635e-01  1.489470e+00 -2.811118e-01 2.297546e+00
 4.644645e-01  1.304107e+00 -5.633362e-01 2.018042e+00
 4.654655e-01  1.030076e+00 -8.206496e-01 1.734522e+00
 4.664665e-01  6.887613e-01 -1.032279e+00 1.539992e+00
 4.674675e-01  3.059511e-01 -1.179848e+00 1.485647e+00
 4.684685e-01 -9.014746e-02 -1.249010e+00 1.568153e+00
 4.694695e-01 -4.711189e-01 -1.230883e+00 1.737026e+00
 4.704705e-01 -8.103969e-01 -1.123042e+00 1.917967e+00
 4.714715e-01 -1.085235e+00 -9.300701e-01 2.042766e+00
 4.724725e-01 -1.278187e+00 -6.634670e-01 2.073950e+00
 4.734735e-01 -1.378286e+00 -3.410317e-01 2.015975e+00
 4.744745e-01 -1.381509e+00  1.440670e-02 1.908775e+00
 4.754755e-01 -1.290912e+00  3.766467e-01 1.808316e+00
 4.764765e-01 -1.115970e+00  7.182333e-01 1.761247e+00
 4.774775e-01 -8.717794e-01  1.012624e+00 1.785406e+00
 4.784785e-01 -5.774978e-01  1.236498e+00 1.862431e+00
 4.794795e-01 -2.550401e-01  1.371660e+00 1.946496e+00
 4.804805e-01  7.297774e-02  1.406791e+00 1.984386e+00
 4.814815e-01  3.843838e-01  1.338321e+00 1.938854e+00
 4.824825e-01  6.597112e-01  1.171110e+00 1.806718e+00
 4.834835e-01  8.821942e-01  9.177175e-01 1.620472e+00
 4.844845e-01  1.041146e+00  5.982152e-01 1.441846e+00
 4.854855e-01  1.122514e+00  2.359084e-01 1.315691e+00
 4.864865e-01  1.081459e+00 -1.477356e-01 1.191379e+00
 4.874875e-01  9.198082e-01 -5.075108e-01 1.103614e+00
 4.884885e-01  6.604599e-01 -7.977132e-01 1.072554e+00
 4.894895e-01  3.349226e-01 -9.828386e-01 1.078145e+00
 4.904905e-01 -1.827761e-02 -1.041050e+00 1.084118e+00
 4.914915e-01 -3.593504e-01 -9.674045e-01 1.065004e+00
 4.924925e-01 -6.510210e-01 -7.739664e-01 1.022852e+00
 4.934935e-01 -8.630354e-01 -4.881981e-01 9.831676e-01
 4.944945e-01 -9.748670e-01 -1.489443e-01 9.725501e-01
 4.954955e-01 -9.778121e-01  1.987538e-01 9.956195e-01
 4.964965e-01 -8.752447e-01  5.098261e-01 1.025976e+00
 4.974975e-01 -6.818825e-01  7.450493e-01 1.020062e+00
 4.984985e-01 -4.215906e-01  8.762058e-01 9.454752e-01
 4.994995e-01 -1.245136e-01  8.895169e-01 8.067440e-01
 5.005005e-01  1.764892e-01  7.872080e-01 6.508449e-01
 5.015015e-01  4.494009e-01  5.867481e-01 5.462345e-01
 5.025025e-01  6.664345e-01  3.181787e-01 5.453726e-01
 5.035035e-01  8.067509e-01  1.966685e-02 6.512338e-01
 5.045045e-01  8.583538e-01 -2.678045e-01 8.084905e-01
 5.055055e-01  8.189693e-01 -5.061463e-01 9.268949e-01
 5.065065e-01  6.958531e-01 -6.651801e-01 9.266761e-01
 5.075075e-01  5.046818e-01 -7.266179e-01 7.826773e-01
 5.085085e-01  2.675329e-01 -6.861073e-01 5.423170e-01
 5.095095e-01  1.044321e-02 -5.535365e-01 3.065117e-01
 5.105105e-01 -2.395387e-01 -3.510782e-01 1.806346e-01
 5.115115e-01 -4.569864e-01 -1.099401e-01 2.209234e-01
 5.125125e-01 -6.208810e-01  1.345307e-01 4.035918e-01
 5.135135e-01 -7.162045e-01  3.475216e-01 6.337201e-01
 5.145145e-01 -7.358880e-01  5.002710e-01 7.918022e-01
 5.155155e-01 -6.799582e-01  5.726926e-01 7.903200e-01
 5.165165e-01 -5.603658e-01  5.609754e-01 6.287032e-01
 5.175175e-01 -4.124859e-01  4.912291e-01 4.114506e-01
 5.185185e-01 -2.503367e-01  3.767697e-01 2.046239e-01
 5.195195e-01 -8.336443e-02  2.305331e-01 6.009514e-02
 5.205205e-01  7.828524e-02  6.886175e-02 1.087052e-02
 5.215215e-01  2.257848e-01 -9.139422e-02 5.933167e-02
 5.225225e-01  3.514388e-01 -2.338422e-01 1.781914e-01
 5.235235e-01  4.495347e-01 -3.444828e-01 3.207499e-01
 5.245245e-01  5.163525e-01 -4.127069e-01 4.369469e-01
 5.255255e-01  5.505152e-01 -4.324192e-01 4.900534e-01
 5.265265e-01  5.528238e-01 -4.023651e-01 4.675118e-01
 5.275275e-01  5.261998e-01 -3.262670e-01 3.833364e-01
 5.285285e-01  4.752677e-01 -2.122751e-01 2.709401e-01
 5.295295e-01  4.059774e-01 -7.219233e-02 1.700294e-01
 5.305305e-01  3.249979e-01  7.977617e-02 1.119879e-01
 5.315315e-01  2.391751e-01  2.283493e-01 1.093481e-01
 5.325325e-01  1.548956e-01  3.586818e-01 1.526453e-01
 5.335335e-01  7.758593e-02  4.577153e-01 2.155229e-01
 5.345345e-01  1.124499e-02  5.154251e-01 2.657895e-01
 5.355355e-01 -4.181761e-02  5.256918e-01 2.781006e-01
 5.365365e-01 -8.112011e-02  4.868640e-01 2.436170e-01
 5.375375e-01 -1.079125e-01  4.018412e-01 1.731214e-01
 5.385385e-01 -1.249352e-01  2.777899e-01 9.277602e-02
 5.395395e-01 -1.359802e-01  1.254236e-01 3.422169e-02
 5.405405e-01 -1.453617e-01 -4.198609e-02 2.289287e-02
 5.415415e-01 -1.572927e-01 -2.098578e-01 6.878129e-02
 5.425425e-01 -1.752824e-01 -3.636097e-01 1.629359e-01
 5.435435e-01 -2.015760e-01 -4.899827e-01 2.807159e-01
 5.445445e-01 -2.367429e-01 -5.781879e-01 3.903485e-01
 5.455455e-01 -2.794265e-01 -6.208414e-01 4.635232e-01
 5.465465e-01 -3.263282e-01 -6.145463e-01 4.841573e-01
 5.475475e-01 -3.724091e-01 -5.601326e-01 4.524370e-01
 5.485485e-01 -4.113283e-01 -4.624894e-01 3.830874e-01
 5.495495e-01 -4.360607e-01 -3.300638e-01 2.990911e-01
 5.505506e-01 -4.396625e-01 -1.740348e-01 2.235912e-01
 5.515516e-01 -4.160902e-01 -7.290439e-03 1.731842e-01
 5.525526e-01 -3.610112e-01  1.567344e-01 1.548948e-01
 5.535536e-01 -2.725024e-01  3.052115e-01 1.674116e-01
 5.545546e-01 -1.515719e-01  4.269947e-01 2.052985e-01
 5.555556e-01 -2.424513e-03  5.134909e-01 2.636788e-01
 5.565566e-01  1.675604e-01  5.592866e-01 3.408780e-01
 5.575576e-01  3.481704e-01  5.624536e-01 4.375767e-01
 5.585586e-01  5.269958e-01  5.245519e-01 5.528793e-01
 5.595596e-01  6.903317e-01  4.503157e-01 6.793422e-01
 5.605606e-01  8.242667e-01  3.470958e-01 7.998911e-01
 5.615616e-01  9.158781e-01  2.240979e-01 8.890525e-01
 5.625626e-01  9.544226e-01  9.152368e-02 9.192991e-01
 5.635636e-01  9.324216e-01 -4.032463e-02 8.710360e-01
 5.645646e-01  8.465296e-01 -1.618684e-01 7.428138e-01
 5.655656e-01  6.981071e-01 -2.649589e-01 5.575568e-01
 5.665666e-01  4.934228e-01 -3.433900e-01 3.613827e-01
 5.675676e-01  2.434591e-01 -3.932095e-01 2.138860e-01
 5.685686e-01 -3.668801e-02 -4.128027e-01 1.717521e-01
 5.695696e-01 -3.287750e-01 -4.027837e-01 2.703277e-01
 5.705706e-01 -6.126824e-01 -3.657125e-01 5.091253e-01
 5.715716e-01 -8.678913e-01 -3.057048e-01 8.466908e-01
 5.725726e-01 -1.075057e+00 -2.279704e-01 1.207717e+00
 5.735736e-01 -1.217544e+00 -1.383528e-01 1.501556e+00
 5.745746e-01 -1.282814e+00 -4.289849e-02 1.647451e+00
 5.755756e-01 -1.263521e+00  5.249500e-02 1.599241e+00
 5.765766e-01 -1.158253e+00  1.423493e-01 1.361813e+00
 5.775776e-01 -9.718203e-01  2.217784e-01 9.936204e-01
 5.785786e-01 -7.150768e-01  2.865930e-01 5.934704e-01
 5.795796e-01 -4.042676e-01  3.333451e-01 2.745512e-01
 5.805806e-01 -5.994988e-02  3.593566e-01 1.327312e-01
 5.815816e-01  2.944402e-01  3.627474e-01 2.182807e-01
 5.825826e-01  6.342671e-01  3.424966e-01 5.195986e-01
 5.835836e-01  9.354961e-01  2.985356e-01 9.642765e-01
 5.845846e-01  1.176478e+00  2.318813e-01 1.437869e+00
 5.855856e-01  1.339577e+00  1.447773e-01 1.815427e+00
 5.865866e-01  1.412522e+00  4.082538e-02 1.996886e+00
 5.875876e-01  1.389368e+00 -7.494610e-02 1.935960e+00
 5.885886e-01  1.270990e+00 -1.961077e-01 1.653874e+00
 5.895896e-01  1.065082e+00 -3.149963e-01 1.233622e+00
 5.905906e-01  7.856380e-01 -4.230389e-01 7.961889e-01
 5.915916e-01  4.519684e-01 -5.112509e-01 4.656529e-01
 5.925926e-01  8.731467e-02 -5.708820e-01 3.335301e-01
 5.935936e-01 -2.828292e-01 -5.941797e-01 4.330419e-01
 5.945946e-01 -6.325647e-01 -5.751987e-01 7.309916e-01
 5.955956e-01 -9.374662e-01 -5.105846e-01 1.139540e+00
 5.965966e-01 -1.176348e+00 -4.002339e-01 1.543983e+00
 5.975976e-01 -1.332790e+00 -2.477485e-01 1.837708e+00
 5.985986e-01 -1.396302e+00 -6.059879e-02 1.953332e+00
 5.995996e-01 -1.363055e+00  1.500546e-01 1.880436e+00
 6.006006e-01 -1.236114e+00  3.699125e-01 1.664814e+00
 6.016016e-01 -1.025166e+00  5.824447e-01 1.390207e+00
 6.026026e-01 -7.457664e-01  7.701094e-01 1.149236e+00
 6.036036e-01 -4.181661e-01  9.157885e-01 1.013531e+00
 6.046046e-01 -6.580707e-02  1.004327e+00 1.013003e+00
 6.056056e-01  2.863949e-01  1.024027e+00 1.130653e+00
 6.066066e-01  6.138528e-01  9.679553e-01 1.313753e+00
 6.076076e-01  8.940606e-01  8.349205e-01 1.496437e+00
 6.086086e-01  1.108170e+00  6.299985e-01 1.624939e+00
 6.096096e-01  1.242276e+00  3.645283e-01 1.676129e+00
 6.106106e-01  1.288324e+00  5.554357e-02 1.662864e+00
 6.116116e-01  1.244584e+00 -2.753456e-01 1.624805e+00
 6.126126e-01  1.115657e+00 -6.035424e-01 1.608954e+00
 6.136136e-01  9.120307e-01 -9.034068e-01 1.647944e+00
 6.146146e-01  6.492264e-01 -1.150385e+00 1.744880e+00
 6.156156e-01  3.466041e-01 -1.323142e+00 1.870839e+00
 6.166166e-01  2.592289e-02 -1.405496e+00 1.976091e+00
 6.176176e-01 -2.902352e-01 -1.387976e+00 2.010714e+00
 6.186186e-01 -5.800625e-01 -1.268841e+00 1.946430e+00
 6.196196e-01 -8.240304e-01 -1.054456e+00 1.790904e+00
 6.206206e-01 -1.006197e+00 -7.589713e-01 1.588470e+00
 6.216216e-01 -1.115233e+00 -4.033139e-01 1.406406e+00
 6.226226e-01 -1.145101e+00 -1.357342e-02 1.311440e+00
 6.236236e-01 -1.095352e+00  3.810891e-01 1.345024e+00
 6.246246e-01 -9.710264e-01  7.508284e-01 1.506635e+00
 6.256256e-01 -7.821861e-01  1.067584e+00 1.751551e+00
 6.266266e-01 -5.431074e-01  1.307417e+00 2.004306e+00
 6.276276e-01 -2.712122e-01  1.452501e+00 2.183315e+00
 6.286286e-01  1.419058e-02  1.492588e+00 2.228019e+00
 6.296296e-01  2.932605e-01  1.425823e+00 2.118972e+00
 6.306306e-01  5.469846e-01  1.258833e+00 1.883852e+00
 6.316316e-01  7.584500e-01  1.006083e+00 1.587450e+00
 6.326326e-01  9.139464e-01  6.885703e-01 1.309427e+00
 6.336336e-01  1.003831e+00  3.319670e-01 1.117879e+00
 6.346346e-01  1.023105e+00 -3.560258e-02 1.048011e+00
 6.356356e-01  9.716629e-01 -3.859582e-01 1.093093e+00
 6.366366e-01  8.542210e-01 -6.932113e-01 1.210235e+00
 6.376376e-01  6.799140e-01 -9.358584e-01 1.338114e+00
 6.386386e-01  4.616104e-01 -1.098437e+00 1.419649e+00
 6.396396e-01  2.149849e-01 -1.172611e+00 1.421236e+00
 6.406406e-01 -4.258459e-02 -1.157598e+00 1.341846e+00
 6.416416e-01 -2.932209e-01 -1.059922e+00 1.209414e+00
 6.426426e-01 -5.197733e-01 -8.925428e-01 1.066797e+00
 6.436436e-01 -7.069832e-01 -6.734409e-01 9.533478e-01
 6.446446e-01 -8.425115e-01 -4.238268e-01 8.894549e-01
 6.456456e-01 -9.177612e-01 -1.661365e-01 8.698870e-01
 6.466466e-01 -9.284373e-01  7.799306e-02 8.680787e-01
 6.476476e-01 -8.748082e-01  2.895818e-01 8.491470e-01
 6.486486e-01 -7.616485e-01  4.538377e-01 7.860771e-01
 6.496496e-01 -5.978659e-01  5.612329e-01 6.724260e-01
 6.506507e-01 -3.958373e-01  6.080474e-01 5.264089e-01
 6.516517e-01 -1.704989e-01  5.963526e-01 3.847063e-01
 6.526527e-01  6.174740e-02  5.334633e-01 2.883958e-01
 6.536537e-01  2.842329e-01  4.309320e-01 2.664907e-01
 6.546547e-01  4.812402e-01  3.032020e-01 3.235235e-01
 6.556557e-01  6.391518e-01  1.660595e-01 4.360908e-01
 6.566567e-01  7.474418e-01  3.504089e-02 5.598972e-01
 6.576577e-01  7.994354e-01 -7.605651e-02 6.448815e-01
 6.586587e-01  7.927754e-01 -1.564218e-01 6.529606e-01
 6.596597e-01  7.295582e-01 -1.991341e-01 5.719096e-01
 6.606607e-01  6.161243e-01 -2.016505e-01 4.202721e-01
 6.616617e-01  4.625176e-01 -1.658550e-01 2.414304e-01
 6.626627e-01  2.816535e-01 -9.768107e-02 8.887031e-02
 6.636637e-01  8.826058e-02 -6.366009e-03 7.830456e-03
 6.646647e-01 -1.023204e-01  9.658009e-02 1.979717e-02
 6.656657e-01 -2.753815e-01  1.985789e-01 1.152686e-01
 6.666667e-01 -4.180349e-01  2.872458e-01 2.572634e-01
 6.676677e-01 -5.202415e-01  3.515873e-01 3.942649e-01
 6.686687e-01 -5.755938e-01  3.830303e-01 4.780205e-01
 6.696697e-01 -5.817860e-01  3.761935e-01 4.799964e-01
 6.706707e-01 -5.407278e-01  3.293455e-01 4.008550e-01
 6.716717e-01 -4.582944e-01  2.445189e-01 2.698232e-01
 6.726727e-01 -3.437312e-01  1.272874e-01 1.343532e-01
 6.736737e-01 -2.087682e-01 -1.376283e-02 4.377359e-02
 6.746747e-01 -6.652219e-02 -1.678050e-01 3.258371e-02
 6.756757e-01  6.971413e-02 -3.227139e-01 1.090043e-01
 6.766767e-01  1.876846e-01 -4.660877e-01 2.524633e-01
 6.776777e-01  2.772740e-01 -5.862626e-01 4.205848e-01
 6.786787e-01  3.314015e-01 -6.732350e-01 5.630724e-01
 6.796797e-01  3.466210e-01 -7.194226e-01 6.377150e-01
 6.806807e-01  3.233738e-01 -7.202093e-01 6.232720e-01
 6.816817e-01  2.658698e-01 -6.742441e-01 5.252919e-01
 6.826827e-01  1.816115e-01 -5.834827e-01 3.734348e-01
 6.836837e-01  8.060641e-02 -4.529835e-01 2.116914e-01
 6.846847e-01 -2.565366e-02 -2.904880e-01 8.504140e-02
 6.856857e-01 -1.253480e-01 -1.058305e-01 2.691221e-02
 6.866867e-01 -2.075040e-01  8.977118e-02 5.111678e-02
 6.876877e-01 -2.630816e-01  2.844823e-01 1.501422e-01
 6.886887e-01 -2.858600e-01  4.666218e-01 2.994519e-01
 6.896897e-01 -2.730407e-01  6.253808e-01 4.656524e-01
 6.906907e-01 -2.255115e-01  7.514496e-01 6.155319e-01
 6.916917e-01 -1.477453e-01  8.375174e-01 7.232640e-01
 6.926927e-01 -4.734880e-02  8.786290e-01 7.742308e-01
 6.936937e-01  6.569300e-02  8.723867e-01 7.653741e-01
 6.946947e-01  1.800001e-01  8.190037e-01 7.031670e-01
 6.956957e-01  2.839093e-01  7.212185e-01 6.007606e-01
 6.966967e-01  3.666056e-01  5.840904e-01 4.755613e-01
 6.976977e-01  4.191621e-01  4.146952e-01 3.476690e-01
 6.986987e-01  4.353898e-01  2.217451e-01 2.387352e-01
 6.996997e-01  4.124175e-01  1.515338e-02 1.703178e-01
 7.007007e-01  3.509516e-01 -1.944365e-01 1.609726e-01
 7.017017e-01  2.551969e-01 -3.961421e-01 2.220540e-01
 7.027027e-01  1.324545e-01 -5.793385e-01 3.531773e-01
 7.037037e-01 -7.556889e-03 -7.341499e-01 5.390332e-01
 7.047047e-01 -1.535844e-01 -8.519224e-01 7.493600e-01
 7.057057e-01 -2.938390e-01 -9.256672e-01 9.432011e-01
 7.067067e-01 -4.170116e-01 -9.504578e-01 1.077269e+00
 7.077077e-01 -5.132116e-01 -9.237648e-01 1.116728e+00
 7.087087e-01 -5.747473e-01 -8.457048e-01 1.045551e+00
 7.097097e-01 -5.966830e-01 -7.191844e-01 8.732568e-01
 7.107107e-01 -5.771376e-01 -5.499125e-01 6.354916e-01
 7.117117e-01 -5.173134e-01 -3.462644e-01 3.875122e-01
 7.127127e-01 -4.212731e-01 -1.189799e-01 1.916272e-01
 7.137137e-01 -2.955037e-01  1.193062e-01 1.015564e-01
 7.147147e-01 -1.483264e-01  3.546977e-01 1.478112e-01
 7.157157e-01  1.078369e-02  5.728120e-01 3.282298e-01
 7.167167e-01  1.718975e-01  7.596601e-01 6.066322e-01
 7.177177e-01  3.252923e-01  9.025814e-01 9.204682e-01
 7.187187e-01  4.620222e-01  9.911703e-01 1.195883e+00
 7.197197e-01  5.743668e-01  1.018123e+00 1.366471e+00
 7.207207e-01  6.561455e-01  9.799302e-01 1.390790e+00
 7.217217e-01  7.028999e-01  8.773504e-01 1.263812e+00
 7.227227e-01  7.119637e-01  7.155978e-01 1.018973e+00
 7.237237e-01  6.824486e-01  5.042122e-01 7.199661e-01
 7.247247e-01  6.151752e-01  2.565908e-01 4.442794e-01
 7.257257e-01  5.125800e-01 -1.080671e-02 2.628550e-01
 7.267267e-01  3.786169e-01 -2.795379e-01 2.214922e-01
 7.277277e-01  2.186642e-01 -5.304745e-01 3.292173e-01
 7.287287e-01  3.943143e-02 -7.452220e-01 5.569106e-01
 7.297297e-01 -1.511500e-01 -9.075539e-01 8.465003e-01
 7.307307e-01 -3.440765e-01 -1.004740e+00 1.127890e+00
 7.317317e-01 -5.294934e-01 -1.028652e+00 1.338488e+00
 7.327327e-01 -6.970126e-01 -9.765477e-01 1.439472e+00
 7.337337e-01 -8.361466e-01 -8.514430e-01 1.424096e+00
 7.347347e-01 -9.368605e-01 -6.620346e-01 1.315997e+00
 7.357357e-01 -9.902278e-01 -4.221545e-01 1.158765e+00
 7.367367e-01 -9.891537e-01 -1.497893e-01 1.000862e+00
 7.377377e-01 -9.291103e-01  1.342683e-01 8.812739e-01
 7.387387e-01 -8.088113e-01  4.080314e-01 8.206654e-01
 7.397397e-01 -6.307497e-01  6.500641e-01 8.204285e-01
 7.407407e-01 -4.015148e-01  8.412174e-01 8.688608e-01
 7.417417e-01 -1.318226e-01  9.662043e-01 9.509279e-01
 7.427427e-01  1.637924e-01  1.014881e+00 1.056812e+00
 7.437437e-01  4.676448e-01  9.831199e-01 1.185217e+00
 7.447447e-01  7.599118e-01  8.731914e-01 1.339929e+00
 7.457457e-01  1.019942e+00  6.936239e-01 1.521396e+00
 7.467467e-01  1.227776e+00  4.585429e-01 1.717696e+00
 7.477477e-01  1.365758e+00  1.865452e-01 1.900094e+00
 7.487487e-01  1.420106e+00 -1.007984e-01 2.026862e+00
 7.497497e-01  1.382291e+00 -3.806872e-01 2.055652e+00
 7.507508e-01  1.250086e+00 -6.309338e-01 1.960791e+00
 7.517518e-01  1.028161e+00 -8.317515e-01 1.748926e+00
 7.527528e-01  7.281481e-01 -9.673362e-01 1.465939e+00
 7.537538e-01  3.681149e-01 -1.027113e+00 1.190471e+00
 7.547548e-01 -2.852408e-02 -1.006548e+00 1.013952e+00
 7.557558e-01 -4.346083e-01 -9.074557e-01 1.012360e+00
 7.567568e-01 -8.212249e-01 -7.377979e-01 1.218756e+00
 7.577578e-01 -1.159941e+00 -5.109832e-01 1.606566e+00
 7.587588e-01 -1.425087e+00 -2.447434e-01 2.090773e+00
 7.597598e-01 -1.595901e+00  4.031704e-02 2.548526e+00
 7.607608e-01 -1.658324e+00  3.223724e-01 2.853963e+00
 7.617618e-01 -1.606299e+00  5.800901e-01 2.916702e+00
 7.627628e-01 -1.442429e+00  7.942690e-01 2.711466e+00
 7.637638e-01 -1.177927e+00  9.492717e-01 2.288628e+00
 7.647648e-01 -8.318406e-01  1.034145e+00 1.761414e+00
 7.657658e-01 -4.296154e-01  1.043346e+00 1.273141e+00
 7.667668e-01 -1.093715e-03  9.770416e-01 9.546114e-01
 7.677678e-01  4.218695e-01  8.409503e-01 8.851713e-01
 7.687688e-01  8.079786e-01  6.457847e-01 1.069867e+00
 7.697698e-01  1.129032e+00  4.063280e-01 1.439816e+00
 7.707708e-01  1.362200e+00  1.402445e-01 1.875258e+00
 7.717718e-01  1.491844e+00 -1.332836e-01 2.243363e+00
 7.727728e-01  1.510722e+00 -3.949783e-01 2.438288e+00
 7.737738e-01  1.420472e+00 -6.268440e-01 2.410675e+00
 7.747748e-01  1.231343e+00 -8.134005e-01 2.177826e+00
 7.757758e-01  9.611883e-01 -9.426893e-01 1.812546e+00
 7.767768e-01  6.338314e-01 -1.006994e+00 1.415779e+00
 7.777778e-01  2.769475e-01 -1.003236e+00 1.083183e+00
 7.787788e-01 -8.034706e-02 -9.330368e-01 8.770133e-01
 7.797798e-01 -4.099765e-01 -8.024542e-01 8.120134e-01
 7.807808e-01 -6.872408e-01 -6.214347e-01 8.584810e-01
 7.817818e-01 -8.927997e-01 -4.030251e-01 9.595206e-01
 7.827828e-01 -1.014137e+00 -1.624098e-01 1.054852e+00
 7.837838e-01 -1.046390e+00  8.415408e-02 1.102013e+00
 7.847848e-01 -9.924752e-01  3.204333e-01 1.087685e+00
 7.857858e-01 -8.625389e-01  5.312748e-01 1.026226e+00
 7.867868e-01 -6.727745e-01  7.035575e-01 9.476187e-01
 7.877878e-01 -4.437509e-01  8.269859e-01 8.808205e-01
 7.887888e-01 -1.984075e-01  8.946814e-01 8.398204e-01
 7.897898e-01  4.009040e-02  9.035428e-01 8.179968e-01
 7.907908e-01  2.504387e-01  8.543600e-01 7.926506e-01
 7.917918e-01  4.150364e-01  7.516809e-01 7.372794e-01
 7.927928e-01  5.214240e-01  6.034434e-01 6.360269e-01
 7.937938e-01  5.632026e-01  4.203987e-01 4.939323e-01
 7.947948e-01  5.403676e-01  2.153638e-01 3.383787e-01
 7.957958e-01  4.590471e-01  2.349560e-03 2.107298e-01
 7.967968e-01  3.306919e-01 -2.043808e-01 1.511287e-01
 7.977978e-01  1.708089e-01 -3.912630e-01 1.822624e-01
 7.987988e-01 -2.629926e-03 -5.463327e-01 2.984864e-01
 7.997998e-01 -1.709455e-01 -6.600164e-01 4.648441e-01
 8.008008e-01 -3.165129e-01 -7.257588e-01 6.269063e-01
 8.018018e-01 -4.243655e-01 -7.404425e-01 7.283412e-01
 8.028028e-01 -4.835024e-01 -7.045686e-01 7.301915e-01
 8.038038e-01 -4.877945e-01 -6.221814e-01 6.250532e-01
 8.048048e-01 -4.364213e-01 -5.005395e-01 4.410034e-01
 8.058058e-01 -3.338182e-01 -3.495536e-01 2.336223e-01
 8.068068e-01 -1.891571e-01 -1.810280e-01 6.855154e-02
 8.078078e-01 -1.542453e-02 -7.761692e-03 2.981600e-04
 8.088088e-01  1.718075e-01  1.574249e-01 5.430039e-02
 8.098098e-01  3.557965e-01  3.026628e-01 2.181960e-01
 8.108108e-01  5.201030e-01  4.179309e-01 4.451734e-01
 8.118118e-01  6.499908e-01  4.958011e-01 6.683068e-01
 8.128128e-01  7.336395e-01  5.319743e-01 8.212236e-01
 8.138138e-01  7.630734e-01  5.255583e-01 8.584926e-01
 8.148148e-01  7.347414e-01  4.790662e-01 7.693493e-01
 8.158158e-01  6.497140e-01  3.981334e-01 5.806384e-01
 8.168168e-01  5.135003e-01  2.909776e-01 3.483506e-01
 8.178178e-01  3.355158e-01  1.676492e-01 1.406771e-01
 8.188188e-01  1.282613e-01  3.913707e-02 1.798268e-02
 8.198198e-01 -9.370555e-02 -8.358924e-02 1.576789e-02
 8.208208e-01 -3.149163e-01 -1.905170e-01 1.354690e-01
 8.218218e-01 -5.201568e-01 -2.734232e-01 3.453234e-01
 8.228228e-01 -6.955613e-01 -3.265290e-01 5.904267e-01
 8.238238e-01 -8.295555e-01 -3.469193e-01 8.085153e-01
 8.248248e-01 -9.135856e-01 -3.346934e-01 9.466584e-01
 8.258258e-01 -9.425939e-01 -2.928380e-01 9.742374e-01
 8.268268e-01 -9.152206e-01 -2.268409e-01 8.890856e-01
 8.278278e-01 -8.337387e-01 -1.440891e-01 7.158818e-01
 8.288288e-01 -7.037438e-01 -5.311295e-02 4.980764e-01
 8.298298e-01 -5.336434e-01  3.724562e-02 2.861625e-01
 8.308308e-01 -3.339935e-01  1.186593e-01 1.256317e-01
 8.318318e-01 -1.167458e-01  1.840563e-01 4.750632e-02
 8.328328e-01  1.055389e-01  2.282081e-01 6.321739e-02
 8.338338e-01  3.204540e-01  2.481122e-01 1.642505e-01
 8.348348e-01  5.164405e-01  2.431443e-01 3.258300e-01
 8.358358e-01  6.833747e-01  2.149736e-01 5.132146e-01
 8.368368e-01  8.130264e-01  1.672666e-01 6.889900e-01
 8.378378e-01  8.993764e-01  1.052176e-01 8.199487e-01
 8.388388e-01  9.387933e-01  3.496910e-02 8.825557e-01
 8.398398e-01  9.300793e-01 -3.701601e-02 8.664176e-01
 8.408408e-01  8.744010e-01 -1.045582e-01 7.755096e-01
 8.418418e-01  7.751259e-01 -1.622834e-01 6.271561e-01
 8.428428e-01  6.375836e-01 -2.060155e-01 4.489552e-01
 8.438438e-01  4.687724e-01 -2.330096e-01 2.740411e-01
 8.448448e-01  2.770275e-01 -2.420204e-01 1.353181e-01
 8.458458e-01  7.166056e-02 -2.332155e-01 5.952471e-02
 8.468468e-01 -1.374181e-01 -2.079668e-01 6.213392e-02
 8.478478e-01 -3.400922e-01 -1.685605e-01 1.440753e-01
 8.488488e-01 -5.264424e-01 -1.178757e-01 2.910363e-01
 8.498498e-01 -6.871553e-01 -5.907942e-02 4.756727e-01
 8.508509e-01 -8.139326e-01  4.622608e-03 6.625077e-01
 8.518519e-01 -8.998911e-01  7.015122e-02 8.147251e-01
 8.528529e-01 -9.399366e-01  1.346270e-01 9.016052e-01
 8.538539e-01 -9.310957e-01  1.953576e-01 9.051037e-01
 8.548549e-01 -8.727787e-01  2.497643e-01 8.241250e-01
 8.558559e-01 -7.669507e-01  2.952836e-01 6.754057e-01
 8.568569e-01 -6.181834e-01  3.292855e-01 4.905796e-01
 8.578579e-01 -4.335694e-01  3.490511e-01 3.098191e-01
 8.588589e-01 -2.224815e-01  3.518409e-01 1.732900e-01
 8.598599e-01  3.826870e-03  3.350731e-01 1.122886e-01
 8.608609e-01  2.327713e-01  2.966113e-01 1.421608e-01
 8.618619e-01  4.511178e-01  2.351381e-01 2.587972e-01
 8.628629e-01  6.457591e-01  1.505745e-01 4.396775e-01
 8.638639e-01  8.045422e-01  4.448608e-02 6.492672e-01
 8.648649e-01  9.170893e-01 -7.959133e-02 8.473876e-01
 8.658659e-01  9.755533e-01 -2.159741e-01 9.983491e-01
 8.668669e-01  9.752464e-01 -3.568601e-01 1.078455e+00
 8.678679e-01  9.150858e-01 -4.926056e-01 1.080042e+00
 8.688689e-01  7.978128e-01 -6.122644e-01 1.011373e+00
 8.698699e-01  6.299533e-01 -7.043725e-01 8.929818e-01
 8.708709e-01  4.215102e-01 -7.579287e-01 7.521268e-01
 8.718719e-01  1.853960e-01 -7.634923e-01 6.172922e-01
 8.728729e-01 -6.336366e-02 -7.142929e-01 5.142293e-01
 8.738739e-01 -3.086050e-01 -6.072354e-01 4.639719e-01
 8.748749e-01 -5.341146e-01 -4.436787e-01 4.821292e-01
 8.758759e-01 -7.247531e-01 -2.298800e-01 5.781119e-01
 8.768769e-01 -8.675323e-01  2.297969e-02 7.531403e-01
 8.778779e-01 -9.525632e-01  2.992370e-01 9.969195e-01
 8.788789e-01 -9.738030e-01  5.796577e-01 1.284295e+00
 8.798799e-01 -9.295388e-01  8.427737e-01 1.574310e+00
 8.808809e-01 -8.225700e-01  1.066552e+00 1.814155e+00
 8.818819e-01 -6.600678e-01  1.230266e+00 1.949244e+00
 8.828829e-01 -4.531194e-01  1.316396e+00 1.938217e+00
 8.838839e-01 -2.159839e-01  1.312398e+00 1.769038e+00
 8.848849e-01  3.488804e-02  1.212140e+00 1.470500e+00
 8.858859e-01  2.820025e-01  1.016874e+00 1.113558e+00
 8.868869e-01  5.080573e-01  7.356059e-01 7.992383e-01
 8.878879e-01  6.971741e-01  3.848047e-01 6.341264e-01
 8.888889e-01  8.360393e-01 -1.256453e-02 6.991196e-01
 8.898899e-01  9.148706e-01 -4.286247e-01 1.020707e+00
 8.908909e-01  9.281374e-01 -8.326755e-01 1.554788e+00
 8.918919e-01  8.749824e-01 -1.193619e+00 2.190322e+00
 8.928929e-01  7.593104e-01 -1.482520e+00 2.774419e+00
 8.938939e-01  5.895358e-01 -1.675070e+00 3.153411e+00
 8.948949e-01  3.780025e-01 -1.753741e+00 3.218492e+00
 8.958959e-01  1.401167e-01 -1.709424e+00 2.941764e+00
 8.968969e-01 -1.067514e-01 -1.542397e+00 2.390383e+00
 8.978979e-01 -3.445175e-01 -1.262510e+00 1.712624e+00
 8.988989e-01 -5.556984e-01 -8.885819e-01 1.098378e+00
 8.998999e-01 -7.246979e-01 -4.470139e-01 7.250084e-01
 9.009009e-01 -8.389692e-01  3.024102e-02 7.047839e-01
 9.019019e-01 -8.899679e-01  5.082008e-01 1.050311e+00
 9.029029e-01 -8.738213e-01  9.516476e-01 1.669197e+00
 9.039039e-01 -7.916616e-01  1.327953e+00 2.390186e+00
 9.049049e-01 -6.495906e-01  1.609691e+00 3.013072e+00
 9.059059e-01 -4.582729e-01  1.776816e+00 3.367089e+00
 9.069069e-01 -2.321794e-01  1.818218e+00 3.359824e+00
 9.079079e-01  1.146801e-02  1.732525e+00 3.001773e+00
 9.089089e-01  2.539777e-01  1.528090e+00 2.399563e+00
 9.099099e-01  4.766022e-01  1.222180e+00 1.720874e+00
 9.109109e-01  6.619803e-01  8.394369e-01 1.142872e+00
 9.119119e-01  7.954964e-01  4.097601e-01 8.007179e-01
 9.129129e-01  8.664494e-01 -3.419498e-02 7.519038e-01
 9.139139e-01  8.689376e-01 -4.596865e-01 9.663642e-01
 9.149149e-01  8.023823e-01 -8.364872e-01 1.343528e+00
 9.159159e-01  6.716422e-01 -1.139200e+00 1.748879e+00
 9.169169e-01  4.867005e-01 -1.349096e+00 2.056938e+00
 9.179179e-01  2.619401e-01 -1.455342e+00 2.186634e+00
 9.189189e-01  1.505715e-02 -1.455521e+00 2.118767e+00
 9.199199e-01 -2.343079e-01 -1.355440e+00 1.892117e+00
 9.209209e-01 -4.661167e-01 -1.168268e+00 1.582116e+00
 9.219219e-01 -6.615353e-01 -9.131055e-01 1.271391e+00
 9.229229e-01 -8.044633e-01 -6.131262e-01 1.023085e+00
 9.239239e-01 -8.828641e-01 -2.934890e-01 8.655848e-01
 9.249249e-01 -8.897849e-01  2.080641e-02 7.921502e-01
 9.259259e-01 -8.239773e-01  3.069250e-01 7.731415e-01
 9.269269e-01 -6.900618e-01  5.458995e-01 7.741915e-01
 9.279279e-01 -4.982170e-01  7.239027e-01 7.722554e-01
 9.289289e-01 -2.634116e-01  8.330053e-01 7.632836e-01
 9.299299e-01 -4.237474e-03  8.713850e-01 7.593299e-01
 9.309309e-01  2.585649e-01  8.430066e-01 7.775159e-01
 9.319319e-01  5.037697e-01  7.568339e-01 8.265815e-01
 9.329329e-01  7.113822e-01  6.256776e-01 8.975371e-01
 9.339339e-01  8.642685e-01  4.648018e-01 9.630007e-01
 9.349349e-01  9.495608e-01  2.904317e-01 9.860163e-01
 9.359359e-01  9.597237e-01  1.182983e-01 9.350641e-01
 9.369369e-01  8.931898e-01 -3.765463e-02 7.992058e-01
 9.379379e-01  7.545115e-01 -1.663018e-01 5.969439e-01
 9.389389e-01  5.540165e-01 -2.600352e-01 3.745526e-01
 9.399399e-01  3.069920e-01 -3.150984e-01 1.935311e-01
 9.409409e-01  3.246904e-02 -3.315550e-01 1.109830e-01
 9.419419e-01 -2.482969e-01 -3.129278e-01 1.595751e-01
 9.429429e-01 -5.135190e-01 -2.655653e-01 3.342267e-01
 9.439439e-01 -7.426098e-01 -1.978177e-01 5.906012e-01
 9.449449e-01 -9.178049e-01 -1.191085e-01 8.565526e-01
 9.459459e-01 -1.025549e+00 -3.899243e-02 1.053271e+00
 9.469469e-01 -1.057533e+00  3.371671e-02 1.119513e+00
 9.479479e-01 -1.011302e+00  9.168007e-02 1.031136e+00
 9.489489e-01 -8.903859e-01  1.295784e-01 8.095776e-01
 9.499499e-01 -7.039590e-01  1.444370e-01 5.164204e-01
 9.509510e-01 -4.660504e-01  1.357230e-01 2.356237e-01
 9.519520e-01 -1.943887e-01  1.052254e-01 4.885933e-02
 9.529530e-01  9.102341e-02  5.674720e-02 1.150551e-02
 9.539540e-01  3.694815e-01 -4.351063e-03 1.365355e-01
 9.549550e-01  6.211689e-01 -7.170633e-02 3.909926e-01
 9.559560e-01  8.286333e-01 -1.385550e-01 7.058306e-01
 9.569570e-01  9.780361e-01 -1.983301e-01 9.958895e-01
 9.579580e-01  1.060080e+00 -2.452083e-01 1.183897e+00
 9.589590e-01  1.070552e+00 -2.745665e-01 1.221469e+00
 9.599600e-01  1.010454e+00 -2.833207e-01 1.101288e+00
 9.609610e-01  8.857245e-01 -2.701272e-01 8.574765e-01
 9.619620e-01  7.065947e-01 -2.354403e-01 5.547082e-01
 9.629630e-01  4.866496e-01 -1.814277e-01 2.697438e-01
 9.639640e-01  2.416795e-01 -1.117592e-01 7.089911e-02
 9.649650e-01 -1.156834e-02 -3.128706e-02 1.112707e-03
 9.659660e-01 -2.566353e-01  5.435267e-02 6.881588e-02
 9.669670e-01 -4.784925e-01  1.391862e-01 2.483279e-01
 9.679680e-01 -6.644945e-01  2.173607e-01 4.887986e-01
 9.689690e-01 -8.050810e-01  2.835815e-01 7.285738e-01
 9.699700e-01 -8.941934e-01  3.334930e-01 9.107995e-01
 9.709710e-01 -9.293954e-01  3.639781e-01 9.962558e-01
 9.719720e-01 -9.117163e-01  3.733507e-01 9.706174e-01
 9.729730e-01 -8.452603e-01  3.614309e-01 8.450973e-01
 9.739740e-01 -7.366370e-01  3.294964e-01 6.512019e-01
 9.749750e-01 -5.942830e-01  2.801184e-01 4.316385e-01
 9.759760e-01 -4.277450e-01  2.168975e-01 2.300103e-01
 9.769770e-01 -2.469884e-01  1.441257e-01 8.177547e-02
 9.779780e-01 -6.178576e-02  6.640606e-02 8.227246e-03
 9.789790e-01  1.187764e-01 -1.173113e-02 1.424545e-02
 9.799800e-01  2.866543e-01 -8.618041e-02 8.959773e-02
 9.809810e-01  4.350647e-01 -1.535453e-01 2.128575e-01
 9.819820e-01  5.585797e-01 -2.113285e-01 3.566710e-01
 9.829830e-01  6.531247e-01 -2.580087e-01 4.931404e-01
 9.839840e-01  7.159151e-01 -2.930024e-01 5.983848e-01
 9.849850e-01  7.453668e-01 -3.165152e-01 6.557535e-01
 9.859860e-01  7.410108e-01 -3.293093e-01 6.575416e-01
 9.869870e-01  7.034360e-01 -3.324161e-01 6.053227e-01
 9.879880e-01  6.342686e-01 -3.268382e-01 5.091199e-01
 9.889890e-01  5.361862e-01 -3.132833e-01 3.856421e-01
 9.899900e-01  4.129506e-01 -2.919724e-01 2.557761e-01
 9.909910e-01  2.694338e-01 -2.625566e-01 1.415305e-01
 9.919920e-01  1.116065e-01 -2.241642e-01 6.270562e-02
 9.929930e-01 -5.354140e-02 -1.755828e-01 3.369600e-02
 9.939940e-01 -2.181754e-01 -1.155631e-01 6.095532e-02
 9.949950e-01 -3.739008e-01 -4.321297e-02 1.416692e-01
 9.959960e-01 -5.121591e-01  4.156601e-02 2.640347e-01
 9.969970e-01 -6.247214e-01  1.376599e-01 4.092271e-01
 9.979980e-01 -7.042488e-01  2.424044e-01 5.547263e-01
 9.989990e-01 -7.448748e-01  3.513896e-01 6.783132e-01
 1.000000e+00 -7.427558e-01  4.584598e-01 7.618716e-01
