# x psi_r psi_i psi2 
 0.000000e+00  3.191891e-14  3.878287e-13 1.514299e-25
 1.001001e-03 -2.170486e-14 -1.218470e-13 1.531779e-26
 2.002002e-03 -5.589973e-14  4.305167e-13 1.884694e-25
 3.003003e-03 -1.212364e-13 -1.054712e-13 2.582242e-26
 4.004004e-03 -1.572770e-13  4.125311e-13 1.949180e-25
 5.005005e-03 -1.833811e-13 -1.365852e-13 5.228414e-26
 6.006006e-03 -1.931372e-13  3.193557e-13 1.392900e-25
 7.007007e-03 -1.989242e-13 -2.515071e-13 1.028267e-25
 8.008008e-03 -1.938588e-13  2.248479e-13 8.813783e-26
 9.009009e-03 -1.116329e-13 -3.595596e-13 1.417450e-25
 1.001001e-02 -9.003909e-14  1.378619e-13 2.711295e-26
 1.101101e-02 -2.919887e-14 -4.364703e-13 1.913589e-25
 1.201201e-02  7.316370e-14  6.424028e-14 9.479740e-27
 1.301301e-02  1.206257e-13 -4.712064e-13 2.365860e-25
 1.401401e-02  1.729311e-13  6.301903e-14 3.387657e-26
 1.501502e-02  2.372408e-13 -3.997358e-13 2.160719e-25
 1.601602e-02  2.563644e-13  1.811051e-13 9.852176e-26
 1.701702e-02  2.605277e-13 -2.680078e-13 1.397029e-25
 1.801802e-02  2.156053e-13  3.300207e-13 1.553993e-25
 1.901902e-02  1.573255e-13 -1.622036e-13 5.106133e-26
 2.002002e-02  1.040557e-13  4.343956e-13 1.995271e-25
 2.102102e-02  1.546679e-14 -7.440576e-14 5.775439e-27
 2.202202e-02 -6.414314e-14  4.843487e-13 2.387080e-25
 2.302302e-02 -1.225200e-13 -3.884393e-14 1.652001e-26
 2.402402e-02 -1.956352e-13  4.315437e-13 2.245031e-25
 2.502503e-02 -2.828016e-13 -1.432326e-13 1.004923e-25
 2.602603e-02 -2.896433e-13  3.280778e-13 1.915283e-25
 2.702703e-02 -3.383405e-13 -2.909062e-13 1.991007e-25
 2.802803e-02 -2.944450e-13  1.886546e-13 1.222884e-25
 2.902903e-02 -2.645939e-13 -3.945455e-13 2.256761e-25
 3.003003e-02 -1.961348e-13  7.567558e-14 4.419564e-26
 3.103103e-02 -1.435588e-13 -4.820866e-13 2.530166e-25
 3.203203e-02 -4.253542e-14  3.116951e-14 2.780800e-27
 3.303303e-02  6.167289e-14 -5.216244e-13 2.758956e-25
 3.403403e-02  1.614403e-13  6.031287e-14 2.970061e-26
 3.503504e-02  1.960862e-13 -4.299408e-13 2.232989e-25
 3.603604e-02  2.855632e-13  1.369321e-13 1.002968e-25
 3.703704e-02  3.309714e-13 -2.981504e-13 1.984357e-25
 3.803804e-02  3.572836e-13  3.060538e-13 2.213205e-25
 3.903904e-02  3.397699e-13 -1.578182e-13 1.403502e-25
 4.004004e-02  2.787215e-13  4.484468e-13 2.787902e-25
 4.104104e-02  1.915690e-13 -3.248790e-14 3.775414e-26
 4.204204e-02  1.069700e-13  5.719591e-13 3.385798e-25
 4.304304e-02 -1.137979e-14  3.835821e-14 1.600851e-27
 4.404404e-02 -8.185119e-14  5.590528e-13 3.192397e-25
 4.504505e-02 -2.149669e-13 -3.841372e-14 4.768640e-26
 4.604605e-02 -2.935707e-13  4.595768e-13 2.973946e-25
 4.704705e-02 -3.538836e-13 -1.662559e-13 1.528746e-25
 4.804805e-02 -3.950451e-13  3.211320e-13 2.591864e-25
 4.904905e-02 -3.625988e-13 -3.155254e-13 2.310342e-25
 5.005005e-02 -3.527179e-13  1.473821e-13 1.461314e-25
 5.105105e-02 -2.886025e-13 -5.020567e-13 3.353523e-25
 5.205205e-02 -1.900702e-13 -3.635980e-15 3.613989e-26
 5.305305e-02 -1.152411e-13 -6.022405e-13 3.759741e-25
 5.405405e-02 -1.507128e-14 -6.791789e-14 4.839984e-27
 5.505506e-02  8.454348e-14 -5.954126e-13 3.616638e-25
 5.605606e-02  1.965442e-13 -2.386980e-15 3.863531e-26
 5.705706e-02  2.851330e-13 -4.711787e-13 3.033102e-25
 5.805806e-02  3.429479e-13  1.824096e-13 1.508865e-25
 5.905906e-02  3.805567e-13 -2.891576e-13 2.284355e-25
 6.006006e-02  3.792522e-13  3.686496e-13 2.797347e-25
 6.106106e-02  3.370915e-13 -1.382366e-13 1.327400e-25
 6.206206e-02  2.723100e-13  5.264122e-13 3.512626e-25
 6.306306e-02  2.017275e-13 -1.186551e-14 4.083478e-26
 6.406406e-02  8.168466e-14  5.982159e-13 3.645347e-25
 6.506507e-02 -4.746203e-15  5.978551e-14 3.596834e-27
 6.606607e-02 -1.254344e-13  6.052936e-13 3.821141e-25
 6.706707e-02 -2.077158e-13 -6.550316e-15 4.318876e-26
 6.806807e-02 -2.568085e-13  4.854450e-13 3.016075e-25
 6.906907e-02 -3.017031e-13 -1.298267e-13 1.078797e-25
 7.007007e-02 -2.849943e-13  3.080730e-13 1.761307e-25
 7.107107e-02 -2.857437e-13 -3.198344e-13 1.839435e-25
 7.207207e-02 -2.372547e-13  1.421571e-13 7.649842e-26
 7.307307e-02 -1.894179e-13 -4.597156e-13 2.472176e-25
 7.407407e-02 -1.117162e-13  2.335632e-14 1.302603e-26
 7.507508e-02 -3.068379e-14 -5.655892e-13 3.208327e-25
 7.607608e-02  5.855039e-14 -7.022161e-15 3.477459e-27
 7.707708e-02  7.820827e-14 -4.911210e-13 2.473164e-25
 7.807808e-02  1.091974e-13  1.078165e-13 2.354847e-26
 7.907908e-02  1.263850e-13 -4.037048e-13 1.789508e-25
 8.008008e-02  1.195710e-13  2.725598e-13 8.858605e-26
 8.108108e-02  1.290912e-13 -2.216283e-13 6.578362e-26
 8.208208e-02  7.653600e-14  4.380940e-13 1.977841e-25
 8.308308e-02  1.246225e-14 -7.527312e-14 5.821351e-27
 8.408408e-02 -1.804112e-16  5.254686e-13 2.761172e-25
 8.508509e-02 -8.418266e-14 -6.283862e-14 1.103541e-26
 8.608609e-02 -9.708900e-14  5.245526e-13 2.845817e-25
 8.708709e-02 -9.520162e-14 -1.269818e-13 2.518772e-26
 8.808809e-02 -1.275091e-13  4.138495e-13 1.875300e-25
 8.908909e-02 -1.179612e-13 -2.522427e-13 7.754121e-26
 9.009009e-02 -8.171241e-14  2.729345e-13 8.117013e-26
 9.109109e-02 -4.218847e-14 -3.996248e-13 1.614798e-25
 9.209209e-02  3.930190e-14  1.452172e-13 2.263267e-26
 9.309309e-02  1.067341e-13 -5.057066e-13 2.671313e-25
 9.409409e-02  1.586370e-13  7.338574e-14 3.055116e-26
 9.509510e-02  2.125244e-13 -5.033196e-13 2.984973e-25
 9.609610e-02  2.584877e-13  1.266209e-13 8.284874e-26
 9.709710e-02  2.605138e-13 -4.127809e-13 2.382555e-25
 9.809810e-02  2.793876e-13  2.510769e-13 1.410971e-25
 9.909910e-02  2.409739e-13 -2.496753e-13 1.204062e-25
 1.001001e-01  1.737499e-13  4.555661e-13 2.377295e-25
 1.011011e-01  4.618528e-14 -6.501744e-14 6.360347e-27
 1.021021e-01 -7.222001e-14  6.096790e-13 3.769242e-25
 1.031031e-01 -1.892930e-13  3.969047e-14 3.740718e-26
 1.041041e-01 -2.915515e-13  6.515899e-13 5.095717e-25
 1.051051e-01 -3.691769e-13  4.363176e-14 1.381953e-25
 1.061061e-01 -4.169512e-13  6.019074e-13 5.361408e-25
 1.071071e-01 -4.610062e-13 -1.081357e-13 2.242201e-25
 1.081081e-01 -4.420075e-13  3.932688e-13 3.500310e-25
 1.091091e-01 -3.865241e-13 -3.413658e-13 2.659315e-25
 1.101101e-01 -2.867151e-13  1.270373e-13 9.834401e-26
 1.111111e-01 -1.732503e-13 -5.990208e-13 3.888416e-25
 1.121121e-01 -1.915135e-14 -6.517356e-14 4.614367e-27
 1.131131e-01  1.083578e-13 -7.450984e-13 5.669131e-25
 1.141141e-01  2.470801e-13 -1.667277e-13 8.884673e-26
 1.151151e-01  3.799600e-13 -7.844836e-13 7.597841e-25
 1.161161e-01  4.549694e-13 -7.011058e-14 2.119126e-25
 1.171171e-01  5.382222e-13 -6.056267e-13 6.564668e-25
 1.181181e-01  5.646351e-13  1.673106e-13 3.468057e-25
 1.191191e-01  5.451889e-13 -3.077538e-13 3.919433e-25
 1.201201e-01  4.906076e-13  4.793943e-13 4.705147e-25
 1.211211e-01  4.225231e-13 -4.696243e-14 1.807313e-25
 1.221221e-01  3.130413e-13  7.229217e-13 6.206106e-25
 1.231231e-01  1.849909e-13  2.020051e-13 7.502769e-26
 1.241241e-01  3.903822e-14  9.234280e-13 8.542433e-25
 1.251251e-01 -1.385558e-13  2.856326e-13 1.007837e-25
 1.261261e-01 -2.511324e-13  9.251488e-13 9.189679e-25
 1.271271e-01 -3.967937e-13  2.591816e-13 2.246203e-25
 1.281281e-01 -4.832246e-13  8.823359e-13 1.012023e-24
 1.291291e-01 -5.564993e-13  1.950939e-13 3.477531e-25
 1.301301e-01 -6.611378e-13  8.561346e-13 1.170070e-24
 1.311311e-01 -7.250589e-13  2.217115e-13 5.748664e-25
 1.321321e-01 -8.477663e-13  9.212076e-13 1.567331e-24
 1.331331e-01 -1.046482e-12  3.641532e-13 1.227733e-24
 1.341341e-01 -1.270692e-12  1.157185e-12 2.953736e-24
 1.351351e-01 -1.703998e-12  5.427880e-13 3.198228e-24
 1.361361e-01 -2.280343e-12  1.283917e-12 6.848406e-24
 1.371371e-01 -3.090750e-12  5.708212e-13 9.878572e-24
 1.381381e-01 -4.163780e-12  9.844903e-13 1.830629e-23
 1.391391e-01 -5.525913e-12 -2.572526e-13 3.060189e-23
 1.401401e-01 -7.140177e-12 -6.125794e-13 5.135739e-23
 1.411411e-01 -9.116041e-12 -2.949072e-12 9.179923e-23
 1.421421e-01 -1.127926e-11 -4.801493e-12 1.502759e-22
 1.431431e-01 -1.351014e-11 -9.185375e-12 2.668949e-22
 1.441441e-01 -1.561663e-11 -1.366279e-11 4.305509e-22
 1.451451e-01 -1.718373e-11 -2.139161e-11 7.528815e-22
 1.461461e-01 -1.778116e-11 -2.990030e-11 1.210198e-21
 1.471471e-01 -1.656110e-11 -4.242096e-11 2.073808e-21
 1.481481e-01 -1.260583e-11 -5.639952e-11 3.339813e-21
 1.491491e-01 -4.514278e-12 -7.482601e-11 5.619310e-21
 1.501502e-01  9.387768e-12 -9.480672e-11 9.076444e-21
 1.511512e-01  3.121442e-11 -1.186523e-10 1.505272e-20
 1.521522e-01  6.358036e-11 -1.425044e-10 2.434998e-20
 1.531532e-01  1.092709e-10 -1.672278e-10 3.990526e-20
 1.541542e-01  1.717162e-10 -1.871234e-10 6.450162e-20
 1.551552e-01  2.542305e-10 -2.004641e-10 1.048190e-19
 1.561562e-01  3.601815e-10 -1.981146e-10 1.689801e-19
 1.571572e-01  4.921685e-10 -1.744279e-10 2.726549e-19
 1.581582e-01  6.516893e-10 -1.152011e-10 4.379703e-19
 1.591592e-01  8.380391e-10 -9.150847e-12 7.023933e-19
 1.601602e-01  1.047156e-09  1.642105e-10 1.123502e-18
 1.611612e-01  1.270172e-09  4.226753e-10 1.791991e-18
 1.621622e-01  1.491403e-09  7.929549e-10 2.853060e-18
 1.631632e-01  1.686110e-09  1.297787e-09 4.527217e-18
 1.641642e-01  1.818200e-09  1.966252e-09 7.171998e-18
 1.651652e-01  1.837120e-09  2.819451e-09 1.132431e-17
 1.661662e-01  1.675403e-09  3.878409e-09 1.784903e-17
 1.671672e-01  1.246069e-09  5.147172e-09 2.804607e-17
 1.681682e-01  4.408819e-10  6.617258e-09 4.398248e-17
 1.691692e-01 -8.701468e-10  8.247245e-09 6.877421e-17
 1.701702e-01 -2.837151e-09  9.963146e-09 1.073137e-16
 1.711712e-01 -5.625867e-09  1.163349e-08 1.669885e-16
 1.721722e-01 -9.408906e-09  1.306657e-08 2.592628e-16
 1.731732e-01 -1.435160e-08  1.398221e-08 4.014708e-16
 1.741742e-01 -2.059092e-08  1.400804e-08 6.202112e-16
 1.751752e-01 -2.820645e-08  1.265307e-08 9.557041e-16
 1.761762e-01 -3.718091e-08  9.309952e-09 1.469095e-15
 1.771772e-01 -4.735145e-08  3.239706e-09 2.252656e-15
 1.781782e-01 -5.834864e-08 -6.407002e-09 3.445613e-15
 1.791792e-01 -6.952646e-08 -2.057701e-08 5.257341e-15
 1.801802e-01 -7.988329e-08 -4.025459e-08 8.001772e-15
 1.811812e-01 -8.797936e-08 -6.639711e-08 1.214894e-14
 1.821822e-01 -9.185585e-08 -9.981045e-08 1.839962e-14
 1.831832e-01 -8.896637e-08 -1.410067e-07 2.779792e-14
 1.841842e-01 -7.613278e-08 -1.899897e-07 4.189230e-14
 1.851852e-01 -4.954223e-08 -2.460151e-07 6.297788e-14
 1.861862e-01 -4.807108e-09 -3.072754e-07 9.444128e-14
 1.871872e-01  6.288901e-08 -3.705674e-07 1.412752e-13
 1.881882e-01  1.585305e-07 -4.309043e-07 2.108104e-13
 1.891892e-01  2.868662e-07 -4.811477e-07 3.137953e-13
 1.901902e-01  4.518343e-07 -5.116438e-07 4.659337e-13
 1.911912e-01  6.557915e-07 -5.099649e-07 6.901267e-13
 1.921922e-01  8.985318e-07 -4.607677e-07 1.019666e-12
 1.931932e-01  1.176092e-06 -3.459037e-07 1.502842e-12
 1.941942e-01  1.479366e-06 -1.448225e-07 2.209498e-12
 1.951952e-01  1.792574e-06  1.645716e-07 3.240407e-12
 1.961962e-01  2.091673e-06  6.045496e-07 4.740574e-12
 1.971972e-01  2.342834e-06  1.195510e-06 6.918113e-12
 1.981982e-01  2.501181e-06  1.953211e-06 1.007094e-11
 1.991992e-01  2.510014e-06  2.885173e-06 1.462439e-11
 2.002002e-01  2.300813e-06  3.986278e-06 2.118415e-11
 2.012012e-01  1.794395e-06  5.233602e-06 3.061045e-11
 2.022022e-01  9.035762e-07  6.580686e-06 4.412187e-11
 2.032032e-01 -4.622254e-07  7.951502e-06 6.344004e-11
 2.042042e-01 -2.390061e-06  9.234644e-06 9.099105e-11
 2.052052e-01 -4.953872e-06  1.027831e-05 1.301845e-10
 2.062062e-01 -8.202037e-06  1.088698e-05 1.857998e-10
 2.072072e-01 -1.214203e-05  1.082081e-05 2.645189e-10
 2.082082e-01 -1.672247e-05  9.798877e-06 3.756589e-10
 2.092092e-01 -2.181310e-05  7.507689e-06 5.321769e-10
 2.102102e-01 -2.718396e-05  3.616261e-06 7.520452e-10
 2.112112e-01 -3.248509e-05 -2.200990e-06 1.060126e-09
 2.122122e-01 -3.722925e-05 -1.023245e-05 1.490720e-09
 2.132132e-01 -4.078030e-05 -2.068811e-05 2.091031e-09
 2.142142e-01 -4.235071e-05 -3.364899e-05 2.925837e-09
 2.152152e-01 -4.101208e-05 -4.900834e-05 4.083809e-09
 2.162162e-01 -3.572278e-05 -6.640687e-05 5.685990e-09
 2.172172e-01 -2.537692e-05 -8.516569e-05 7.897184e-09
 2.182182e-01 -8.878263e-06 -1.042226e-04 1.094117e-08
 2.192192e-01  1.475814e-05 -1.220787e-04 1.512101e-08
 2.202202e-01  4.627556e-05 -1.367648e-04 2.084604e-08
 2.212212e-01  8.601766e-05 -1.458375e-04 2.866761e-08
 2.222222e-01  1.337475e-04 -1.464175e-04 3.932647e-08
 2.232232e-01  1.884514e-04 -1.352817e-04 5.381508e-08
 2.242242e-01  2.481414e-04 -1.090203e-04 7.345957e-08
 2.252252e-01  3.096719e-04 -6.426936e-05 1.000272e-07
 2.262262e-01  3.685960e-04  1.976714e-06 1.358669e-07
 2.272272e-01  4.190859e-04  9.197191e-05 1.840918e-07
 2.282282e-01  4.539504e-04  2.067520e-04 2.488174e-07
 2.292292e-01  4.647808e-04  3.456123e-04 3.354691e-07
 2.302302e-01  4.422575e-04  5.055573e-04 4.511799e-07
 2.312312e-01  3.766458e-04  6.807646e-04 6.053024e-07
 2.322322e-01  2.585003e-04  8.621160e-04 8.100664e-07
 2.332332e-01  7.958450e-05  1.036863e-03 1.081420e-06
 2.342342e-01 -1.660041e-04  1.188505e-03 1.440102e-06
 2.352352e-01 -4.805398e-04  1.296956e-03 1.913013e-06
 2.362362e-01 -8.612643e-04  1.339091e-03 2.534941e-06
 2.372372e-01 -1.298967e-03  1.289746e-03 3.350761e-06
 2.382382e-01 -1.776673e-03  1.123219e-03 4.418190e-06
 2.392392e-01 -2.268597e-03  8.153123e-04 5.811266e-06
 2.402402e-01 -2.739535e-03  3.458961e-04 7.624699e-06
 2.412412e-01 -3.144909e-03 -2.980702e-04 9.979299e-06
 2.422422e-01 -3.431641e-03 -1.119193e-03 1.302875e-05
 2.432432e-01 -3.540064e-03 -2.106173e-03 1.696802e-05
 2.442442e-01 -3.406999e-03 -3.230493e-03 2.204372e-05
 2.452452e-01 -2.970087e-03 -4.443597e-03 2.856697e-05
 2.462462e-01 -2.173369e-03 -5.674996e-03 3.692911e-05
 2.472472e-01 -9.739700e-04 -6.831723e-03 4.762106e-05
 2.482482e-01  6.503660e-04 -7.799607e-03 6.125685e-05
 2.492492e-01  2.693344e-03 -8.446792e-03 7.860239e-05
 2.502503e-01  5.112373e-03 -8.629827e-03 1.006103e-04
 2.512513e-01  7.821773e-03 -8.202546e-03 1.284619e-04
 2.522523e-01  1.068782e-02 -7.027715e-03 1.636183e-04
 2.532533e-01  1.352660e-02 -4.991193e-03 2.078810e-04
 2.542543e-01  1.610567e-02 -2.018044e-03 2.634652e-04
 2.552553e-01  1.815041e-02  1.910328e-03 3.330866e-04
 2.562563e-01  1.935581e-02  6.739276e-03 4.200650e-04
 2.572573e-01  1.940415e-02  1.232582e-02 5.284469e-04
 2.582583e-01  1.798852e-02  1.842723e-02 6.631498e-04
 2.592593e-01  1.484158e-02  2.469534e-02 8.301325e-04
 2.602603e-01  9.768533e-03  3.067849e-02 1.036594e-03
 2.612613e-01  2.682207e-03  3.583310e-02 1.291206e-03
 2.622623e-01 -6.362143e-03  3.954623e-02 1.604381e-03
 2.632633e-01 -1.713570e-02  4.116986e-02 1.988590e-03
 2.642643e-01 -2.921225e-02  4.006694e-02 2.458716e-03
 2.652653e-01 -4.195566e-02  3.566785e-02 3.032472e-03
 2.662663e-01 -5.452256e-02  2.753484e-02 3.730877e-03
 2.672673e-01 -6.588385e-02  1.543067e-02 4.578787e-03
 2.682683e-01 -7.486746e-02 -6.139173e-04 5.605513e-03
 2.692693e-01 -8.022378e-02 -2.023993e-02 6.845510e-03
 2.702703e-01 -8.071316e-02 -4.271458e-02 8.339149e-03
 2.712713e-01 -7.521273e-02 -6.690762e-02 1.013358e-02
 2.722723e-01 -6.283757e-02 -9.129710e-02 1.228372e-02
 2.732733e-01 -4.306830e-02 -1.140105e-01 1.485328e-02
 2.742743e-01 -1.587532e-02 -1.329057e-01 1.791596e-02
 2.752753e-01  1.817235e-02 -1.456932e-01 2.155675e-02
 2.762763e-01  5.782689e-02 -1.500978e-01 2.587331e-02
 2.772773e-01  1.011235e-01 -1.440539e-01 3.097748e-02
 2.782783e-01  1.453970e-01 -1.259232e-01 3.699694e-02
 2.792793e-01  1.873624e-01 -9.472179e-02 4.407688e-02
 2.802803e-01  2.232673e-01 -5.033540e-02 5.238193e-02
 2.812813e-01  2.491151e-01  6.296507e-03 6.209798e-02
 2.822823e-01  2.609553e-01  7.305238e-02 7.343431e-02
 2.832833e-01  2.552262e-01  1.465781e-01 8.662555e-02
 2.842843e-01  2.291315e-01  2.223345e-01 1.019339e-01
 2.852853e-01  1.810214e-01  2.947580e-01 1.196510e-01
 2.862863e-01  1.107461e-01  3.575413e-01 1.401005e-01
 2.872873e-01  1.994374e-02  4.040321e-01 1.636397e-01
 2.882883e-01 -8.777585e-02  4.277346e-01 1.906614e-01
 2.892893e-01 -2.067867e-01  4.228896e-01 2.215964e-01
 2.902903e-01 -3.295719e-01  3.850928e-01 2.569141e-01
 2.912913e-01 -4.470362e-01  3.119026e-01 2.971246e-01
 2.922923e-01 -5.490134e-01  2.033809e-01 3.427795e-01
 2.932933e-01 -6.249522e-01  6.250630e-02 3.944722e-01
 2.942943e-01 -6.647535e-01 -1.046018e-01 4.528387e-01
 2.952953e-01 -6.597046e-01 -2.886977e-01 5.185566e-01
 2.962963e-01 -6.034437e-01 -4.777028e-01 5.923443e-01
 2.972973e-01 -4.928701e-01 -6.572964e-01 6.749595e-01
 2.982983e-01 -3.289099e-01 -8.117973e-01 7.671966e-01
 2.992993e-01 -1.170429e-01 -9.253024e-01 8.698836e-01
 3.003003e-01  1.324938e-01 -9.830173e-01 9.838776e-01
 3.013013e-01  4.048937e-01 -9.726875e-01 1.110060e+00
 3.023023e-01  6.814026e-01 -8.860140e-01 1.249330e+00
 3.033033e-01  9.403800e-01 -7.199199e-01 1.402599e+00
 3.043043e-01  1.158768e+00 -4.775321e-01 1.570780e+00
 3.053053e-01  1.313889e+00 -1.687456e-01 1.754780e+00
 3.063063e-01  1.385456e+00  1.897386e-01 1.955489e+00
 3.073073e-01  1.357633e+00  5.749797e-01 2.173770e+00
 3.083083e-01  1.220973e+00  9.589936e-01 2.410445e+00
 3.093093e-01  9.740260e-01  1.310556e+00 2.666283e+00
 3.103103e-01  6.244332e-01  1.597520e+00 2.941988e+00
 3.113113e-01  1.893429e-01  1.789505e+00 3.238180e+00
 3.123123e-01 -3.049831e-01  1.860744e+00 3.555384e+00
 3.133133e-01 -8.244271e-01  1.792856e+00 3.894014e+00
 3.143143e-01 -1.329128e+00  1.577269e+00 4.254357e+00
 3.153153e-01 -1.776346e+00  1.217027e+00 4.636559e+00
 3.163163e-01 -2.123909e+00  7.277512e-01 5.040611e+00
 3.173173e-01 -2.333969e+00  1.375597e-01 5.466333e+00
 3.183183e-01 -2.376764e+00 -5.141536e-01 5.913361e+00
 3.193193e-01 -2.234030e+00 -1.179087e+00 6.381139e+00
 3.203203e-01 -1.901703e+00 -1.803449e+00 6.868904e+00
 3.213213e-01 -1.391591e+00 -2.332200e+00 7.375682e+00
 3.223223e-01 -7.317500e-01 -2.713820e+00 7.900278e+00
 3.233233e-01  3.458067e-02 -2.905181e+00 8.441274e+00
 3.243243e-01  8.515415e-01 -2.876092e+00 8.997029e+00
 3.253253e-01  1.654588e+00 -2.613047e+00 9.565677e+00
 3.263263e-01  2.375559e+00 -2.121758e+00 1.014513e+01
 3.273273e-01  2.948487e+00 -1.428120e+00 1.073310e+01
 3.283283e-01  3.315675e+00 -5.773970e-01 1.132709e+01
 3.293293e-01  3.433460e+00  3.684501e-01 1.192441e+01
 3.303303e-01  3.277117e+00  1.335179e+00 1.252220e+01
 3.313313e-01  2.844347e+00  2.242133e+00 1.311747e+01
 3.323323e-01  2.156923e+00  3.009113e+00 1.370708e+01
 3.333333e-01  1.260210e+00  3.563659e+00 1.428780e+01
 3.343343e-01  2.204402e-01  3.848080e+00 1.485631e+01
 3.353353e-01 -8.801192e-01  3.825529e+00 1.540928e+01
 3.363363e-01 -1.949791e+00  3.484486e+00 1.594333e+01
 3.373373e-01 -2.895370e+00  2.841120e+00 1.645513e+01
 3.383383e-01 -3.630571e+00  1.939159e+00 1.694138e+01
 3.393393e-01 -4.084263e+00  8.471767e-01 1.739891e+01
 3.403403e-01 -4.207670e+00 -3.466246e-01 1.782463e+01
 3.413413e-01 -3.979795e+00 -1.541714e+00 1.821565e+01
 3.423423e-01 -3.410441e+00 -2.634034e+00 1.856924e+01
 3.433433e-01 -2.540433e+00 -3.525496e+00 1.888292e+01
 3.443443e-01 -1.438888e+00 -4.133286e+00 1.915445e+01
 3.453453e-01 -1.976842e-01 -4.398044e+00 1.938187e+01
 3.463463e-01  1.076438e+00 -4.290082e+00 1.956352e+01
 3.473473e-01  2.271452e+00 -3.812950e+00 1.969808e+01
 3.483483e-01  3.280410e+00 -3.003908e+00 1.978455e+01
 3.493493e-01  4.011597e+00 -1.931161e+00 1.982230e+01
 3.503504e-01  4.397458e+00 -6.880412e-01 1.981104e+01
 3.513514e-01  4.401382e+00  6.153850e-01 1.975086e+01
 3.523524e-01  4.021612e+00  1.862483e+00 1.964220e+01
 3.533534e-01  3.291832e+00  2.941039e+00 1.948587e+01
 3.543544e-01  2.278303e+00  3.753978e+00 1.928302e+01
 3.553554e-01  1.073771e+00  4.228727e+00 1.903512e+01
 3.563564e-01 -2.112713e-01  4.324273e+00 1.874397e+01
 3.573574e-01 -1.459142e+00  4.035167e+00 1.841167e+01
 3.583584e-01 -2.556285e+00  3.392046e+00 1.804057e+01
 3.593594e-01 -3.404207e+00  2.458584e+00 1.763326e+01
 3.603604e-01 -3.928926e+00  1.325179e+00 1.719256e+01
 3.613614e-01 -4.087965e+00  9.998994e-02 1.672145e+01
 3.623624e-01 -3.874172e+00 -1.101751e+00 1.622306e+01
 3.633634e-01 -3.315996e+00 -2.169057e+00 1.570064e+01
 3.643644e-01 -2.474183e+00 -3.005977e+00 1.515748e+01
 3.653654e-01 -1.435280e+00 -3.540752e+00 1.459696e+01
 3.663664e-01 -3.026236e-01 -3.732404e+00 1.402242e+01
 3.673674e-01  8.142110e-01 -3.574112e+00 1.343721e+01
 3.683684e-01  1.810399e+00 -3.093067e+00 1.284461e+01
 3.693694e-01  2.596140e+00 -2.346883e+00 1.224780e+01
 3.703704e-01  3.105159e+00 -1.416984e+00 1.164986e+01
 3.713714e-01  3.300595e+00 -3.997480e-01 1.105373e+01
 3.723724e-01  3.177702e+00  6.036470e-01 1.046218e+01
 3.733734e-01  2.763182e+00  1.497547e+00 9.877824e+00
 3.743744e-01  2.111297e+00  2.201245e+00 9.303058e+00
 3.753754e-01  1.297275e+00  2.656532e+00 8.740086e+00
 3.763764e-01  4.087924e-01  2.832628e+00 8.190890e+00
 3.773774e-01 -4.634984e-01  2.728077e+00 7.657235e+00
 3.783784e-01 -1.235350e+00  2.369508e+00 7.140659e+00
 3.793794e-01 -1.837218e+00  1.807514e+00 6.642478e+00
 3.803804e-01 -2.220632e+00  1.110214e+00 6.163784e+00
 3.813814e-01 -2.362037e+00  3.552976e-01 5.705453e+00
 3.823824e-01 -2.263815e+00 -3.785448e-01 5.268153e+00
 3.833834e-01 -1.952513e+00 -1.019824e+00 4.852349e+00
 3.843844e-01 -1.474606e+00 -1.511244e+00 4.458319e+00
 3.853854e-01 -8.903845e-01 -1.814767e+00 4.086164e+00
 3.863864e-01 -2.667471e-01 -1.914332e+00 3.735819e+00
 3.873874e-01  3.302712e-01 -1.816038e+00 3.407073e+00
 3.883884e-01  8.423870e-01 -1.545950e+00 3.099577e+00
 3.893894e-01  1.224660e+00 -1.145894e+00 2.812865e+00
 3.903904e-01  1.449257e+00 -6.678482e-01 2.546366e+00
 3.913914e-01  1.507089e+00 -1.676358e-01 2.299420e+00
 3.923924e-01  1.407298e+00  3.013338e-01 2.071291e+00
 3.933934e-01  1.174788e+00  6.935828e-01 1.861185e+00
 3.943944e-01  8.462310e-01  9.757825e-01 1.668258e+00
 3.953954e-01  4.651040e-01  1.129298e+00 1.491635e+00
 3.963964e-01  7.639037e-02  1.150904e+00 1.330416e+00
 3.973974e-01 -2.784363e-01  1.051742e+00 1.183689e+00
 3.983984e-01 -5.655990e-01  8.547744e-01 1.050541e+00
 3.993994e-01 -7.619747e-01  5.911529e-01 9.300673e-01
 4.004004e-01 -8.565923e-01  2.960130e-01 8.213740e-01
 4.014014e-01 -8.506310e-01  4.213462e-03 7.235908e-01
 4.024024e-01 -7.560562e-01 -2.534805e-01 6.358733e-01
 4.034034e-01 -5.931752e-01 -4.533781e-01 5.574085e-01
 4.044044e-01 -3.874979e-01 -5.807444e-01 4.874186e-01
 4.054054e-01 -1.663298e-01 -6.304744e-01 4.251636e-01
 4.064064e-01  4.447965e-02 -6.066013e-01 3.699436e-01
 4.074074e-01  2.232750e-01 -5.208151e-01 3.211000e-01
 4.084084e-01  3.545528e-01 -3.902678e-01 2.780166e-01
 4.094094e-01  4.299952e-01 -2.349961e-01 2.401190e-01
 4.104104e-01  4.485577e-01 -7.530522e-02 2.068749e-01
 4.114114e-01  4.157068e-01  7.057509e-02 1.777930e-01
 4.124124e-01  3.419917e-01  1.883171e-01 1.524217e-01
 4.134134e-01  2.411977e-01  2.686479e-01 1.303480e-01
 4.144144e-01  1.283462e-01  3.077708e-01 1.111956e-01
 4.154154e-01  1.780037e-02  3.070929e-01 9.462290e-02
 4.164164e-01 -7.831253e-02  2.723754e-01 8.032123e-02
 4.174174e-01 -1.512117e-01  2.124799e-01 6.801268e-02
 4.184184e-01 -1.960316e-01  1.379116e-01 5.744800e-02
 4.194194e-01 -2.118506e-01  5.936160e-02 4.840446e-02
 4.204204e-01 -2.012448e-01 -1.357595e-02 4.068379e-02
 4.214214e-01 -1.694861e-01 -7.337949e-02 3.411008e-02
 4.224224e-01 -1.235273e-01 -1.151907e-01 2.852789e-02
 4.234234e-01 -7.092951e-02 -1.370010e-01 2.380028e-02
 4.244244e-01 -1.886967e-02 -1.394668e-01 1.980705e-02
 4.254254e-01  2.666064e-02 -1.254284e-01 1.644308e-02
 4.264264e-01  6.139352e-02 -9.923476e-02 1.361670e-02
 4.274274e-01  8.303195e-02 -6.598466e-02 1.124828e-02
 4.284284e-01  9.121789e-02 -3.079196e-02 9.268849e-03
 4.294294e-01  8.726682e-02  1.838055e-03 7.618877e-03
 4.304304e-01  7.373729e-02  2.845975e-02 6.247145e-03
 4.314314e-01  5.391462e-02  4.693549e-02 5.109727e-03
 4.324324e-01  3.128715e-02  5.648172e-02 4.169071e-03
 4.334334e-01  9.082163e-03  5.753859e-02 3.393175e-03
 4.344344e-01 -1.008907e-02  5.150792e-02 2.754855e-03
 4.354354e-01 -2.444986e-02  4.041401e-02 2.231088e-03
 4.364364e-01 -3.313452e-02  2.654319e-02 1.802437e-03
 4.374374e-01 -3.613655e-02  1.211169e-02 1.452543e-03
 4.384384e-01 -3.415668e-02 -1.000140e-03 1.167679e-03
 4.394394e-01 -2.838736e-02 -1.142447e-02 9.363609e-04
 4.404404e-01 -2.027250e-02 -1.838579e-02 7.490116e-04
 4.414414e-01 -1.127783e-02 -2.169049e-02 5.976670e-04
 4.424424e-01 -2.700086e-03 -2.164334e-02 4.757245e-04
 4.434434e-01  4.467163e-03 -1.891483e-02 3.777263e-04
 4.444444e-01  9.603503e-03 -1.438566e-02 2.991744e-04
 4.454454e-01  1.247002e-02 -8.992832e-03 2.363726e-04
 4.464464e-01  1.316625e-02 -3.597552e-03 1.862924e-04
 4.474474e-01  1.205089e-02  1.111788e-03 1.464599e-04
 4.484484e-01  9.643805e-03  4.675121e-03 1.148597e-04
 4.494494e-01  6.525782e-03  6.875256e-03 8.985497e-05
 4.504505e-01  3.249940e-03  7.717374e-03 7.011998e-05
 4.514515e-01  2.744792e-04  7.383012e-03 5.458420e-05
 4.524525e-01 -2.078420e-03  6.169744e-03 4.238557e-05
 4.534535e-01 -3.637119e-03  4.427550e-03 3.283183e-05
 4.544545e-01 -4.371826e-03  2.501167e-03 2.536870e-05
 4.554555e-01 -4.368556e-03  6.850655e-04 1.955359e-05
 4.564565e-01 -3.792828e-03 -8.053624e-04 1.503415e-05
 4.574575e-01 -2.850213e-03 -1.845793e-03 1.153067e-05
 4.584585e-01 -1.749795e-03 -2.399987e-03 8.821717e-06
 4.594595e-01 -6.749986e-04 -2.505374e-03 6.732521e-06
 4.604605e-01  2.357377e-04 -2.251641e-03 5.125461e-06
 4.614615e-01  8.978650e-04 -1.756784e-03 3.892452e-06
 4.624625e-01  1.280197e-03 -1.144516e-03 2.948820e-06
 4.634635e-01  1.397086e-03 -5.259089e-04 2.228429e-06
 4.644645e-01  1.296003e-03  1.308688e-05 1.679795e-06
 4.654655e-01  1.043289e-03  4.177831e-04 1.262995e-06
 4.664665e-01  7.105089e-04  6.651011e-04 9.471824e-07
 4.674675e-01  3.632040e-04  7.593792e-04 7.085739e-07
 4.684685e-01  5.311151e-05  7.252749e-04 5.288445e-07
 4.694695e-01 -1.858373e-04  5.994354e-04 3.938583e-07
 4.704705e-01 -3.380363e-04  4.224256e-04 2.927119e-07
 4.714715e-01 -4.039779e-04  2.320073e-04 2.170255e-07
 4.724725e-01 -3.962485e-04  5.843564e-05 1.604276e-07
 4.734735e-01 -3.347496e-04 -7.803506e-05 1.181468e-07
 4.744745e-01 -2.420252e-04 -1.675835e-04 8.666043e-08
 4.754755e-01 -1.393547e-04 -2.096413e-04 6.336920e-08
 4.764765e-01 -4.399786e-05 -2.106427e-04 4.630616e-08
 4.774775e-01  3.228372e-05 -1.813196e-04 3.391904e-08
 4.784785e-01  8.352669e-05 -1.340226e-04 2.493876e-08
 4.794795e-01  1.089371e-04 -8.049522e-05 1.834676e-08
 4.804805e-01  1.116609e-04 -3.027207e-05 1.338454e-08
 4.814815e-01  9.729285e-05  1.015276e-05 9.568977e-09
 4.824825e-01  7.241424e-05  3.754309e-05 6.653305e-09
 4.834835e-01  4.337724e-05  5.150958e-05 4.534822e-09
 4.844845e-01  1.544639e-05  5.392330e-05 3.146313e-09
 4.854855e-01 -7.611954e-06  4.761408e-05 2.325042e-09
 4.864865e-01 -2.337861e-05  3.445584e-05 1.733764e-09
 4.874875e-01 -3.085242e-05  1.833385e-05 1.288002e-09
 4.884885e-01 -3.075800e-05  3.014663e-06 9.551425e-10
 4.894895e-01 -2.504941e-05 -8.900319e-06 7.066889e-10
 4.904905e-01 -1.622561e-05 -1.607365e-05 5.216326e-10
 4.914915e-01 -6.727811e-06 -1.841178e-05 3.842572e-10
 4.924925e-01  1.506294e-06 -1.673608e-05 2.823655e-10
 4.934935e-01  7.277181e-06 -1.241429e-05 2.070721e-10
 4.944945e-01  1.016009e-05 -6.946960e-06 1.514877e-10
 4.954955e-01  1.038378e-05 -1.660748e-06 1.105809e-10
 4.964965e-01  8.616964e-06  2.506084e-06 8.053252e-11
 4.974975e-01  5.725700e-06  5.072428e-06 5.851317e-11
 4.984985e-01  2.556887e-06  5.990742e-06 4.242667e-11
 4.994995e-01 -2.179647e-07  5.535835e-06 3.069298e-11
 5.005005e-01 -2.183698e-06  4.170353e-06 2.216038e-11
 5.015015e-01 -3.191896e-06  2.402188e-06 1.595871e-11
 5.025025e-01 -3.316949e-06  6.781072e-07 1.146198e-11
 5.035035e-01 -2.781151e-06 -6.880391e-07 8.208198e-12
 5.045045e-01 -1.871422e-06 -1.536748e-06 5.863815e-12
 5.055055e-01 -8.663351e-07 -1.853155e-06 4.184721e-12
 5.065065e-01  1.527310e-08 -1.727775e-06 2.985441e-12
 5.075075e-01  6.398713e-07 -1.311286e-06 2.128907e-12
 5.085085e-01  9.611376e-07 -7.667657e-07 1.511715e-12
 5.095095e-01  1.004381e-06 -2.359101e-07 1.064434e-12
 5.105105e-01  8.413500e-07  1.838682e-07 7.416773e-13
 5.115115e-01  5.632141e-07  4.445532e-07 5.148377e-13
 5.125125e-01  2.572921e-07  5.438213e-07 3.619408e-13
 5.135135e-01 -8.564287e-09  5.110359e-07 2.612311e-13
 5.145145e-01 -1.937572e-07  3.930963e-07 1.920665e-13
 5.155155e-01 -2.843799e-07  2.386336e-07 1.378179e-13
 5.165165e-01 -2.907529e-07  8.925920e-08 9.250443e-14
 5.175175e-01 -2.461070e-07 -2.560778e-08 6.122443e-14
 5.185185e-01 -1.760862e-07 -9.735342e-08 4.048403e-14
 5.195195e-01 -1.005600e-07 -1.287924e-07 2.669980e-14
 5.205205e-01 -3.405993e-08 -1.280300e-07 1.755176e-14
 5.215215e-01  1.539990e-08 -1.062397e-07 1.152404e-14
 5.225225e-01  4.526619e-08 -7.406702e-08 7.534951e-15
 5.235235e-01  5.721345e-08 -4.061145e-08 4.922669e-15
 5.245245e-01  5.534580e-08 -1.184579e-08 3.203480e-15
 5.255255e-01  4.475127e-08  8.842289e-09 2.080862e-15
 5.265265e-01  3.024667e-08  2.083226e-08 1.348845e-15
 5.275275e-01  1.568141e-08  2.499234e-08 8.705238e-16
 5.285285e-01  3.573060e-09  2.344237e-08 5.623115e-16
 5.295295e-01 -4.847896e-09  1.836023e-08 3.606001e-16
 5.305305e-01 -9.427836e-09  1.196061e-08 2.319404e-16
 5.315315e-01 -1.072849e-08  5.737544e-09 1.480200e-16
 5.325325e-01 -9.692826e-09  7.947699e-10 9.458254e-17
 5.335335e-01 -7.335336e-09 -2.537134e-09 6.024421e-17
 5.345345e-01 -4.547030e-09 -4.177133e-09 3.812393e-17
 5.355355e-01 -1.973943e-09 -4.517017e-09 2.429989e-17
 5.365365e-01  4.969997e-12 -3.899945e-09 1.520960e-17
 5.375375e-01  1.255155e-09 -2.849000e-09 9.692212e-18
 5.385385e-01  1.818957e-09 -1.647958e-09 6.024367e-18
 5.395395e-01  1.848255e-09 -6.270737e-10 3.809268e-18
 5.405405e-01  1.534196e-09  1.540921e-10 2.377503e-18
 5.415415e-01  1.061193e-09  5.878913e-10 1.471746e-18
 5.425425e-01  5.736304e-10  7.783479e-10 9.348773e-19
 5.435435e-01  1.659940e-10  7.301464e-10 5.606677e-19
 5.445445e-01 -1.175685e-10  5.913773e-10 3.635495e-19
 5.455455e-01 -2.715665e-10  3.735305e-10 2.132735e-19
 5.465465e-01 -3.168790e-10  1.929563e-10 1.376444e-19
 5.475475e-01 -2.862913e-10  2.405143e-11 8.254118e-20
 5.485485e-01 -2.144510e-10 -6.303902e-11 4.996315e-20
 5.495495e-01 -1.305046e-10 -1.253024e-10 3.273213e-20
 5.505506e-01 -5.480547e-11 -1.201332e-10 1.743563e-20
 5.515516e-01  1.708411e-12 -1.137852e-10 1.294999e-20
 5.525526e-01  3.580353e-11 -6.984011e-11 6.159533e-21
 5.535536e-01  4.978090e-11 -4.807987e-11 4.789812e-21
 5.545546e-01  4.881456e-11 -8.228376e-12 2.450568e-21
 5.555556e-01  3.896256e-11  3.912426e-13 1.518234e-21
 5.565566e-01  2.560877e-11  2.209780e-11 1.144121e-21
 5.575576e-01  1.266176e-11  1.483275e-11 3.803305e-22
 5.585586e-01  2.448791e-12  2.332029e-11 5.498325e-22
 5.595596e-01 -4.151403e-12  8.683720e-12 9.264115e-23
 5.605606e-01 -7.279288e-12  1.308265e-11 2.241437e-22
 5.615616e-01 -7.761292e-12 -1.231858e-12 6.175512e-23
 5.625626e-01 -6.486922e-12  4.506451e-12 6.238826e-23
 5.635636e-01 -4.552858e-12 -6.597611e-12 6.425699e-23
 5.645646e-01 -2.451567e-12  1.382588e-12 7.921730e-24
 5.655656e-01 -7.362583e-13 -7.128242e-12 5.135392e-23
 5.665666e-01  4.532798e-13  1.875278e-12 3.722129e-24
 5.675676e-01  1.040688e-12 -5.521472e-12 3.156969e-23
 5.685686e-01  1.270817e-12  3.251621e-12 1.218802e-23
 5.695696e-01  1.102840e-12 -3.982120e-12 1.707354e-23
 5.705706e-01  8.865408e-13  4.046000e-12 1.715607e-23
 5.715716e-01  5.607459e-13 -3.202459e-12 1.057018e-23
 5.725726e-01  2.806644e-13  4.133326e-12 1.716315e-23
 5.735736e-01  4.024558e-14 -3.033629e-12 9.204524e-24
 5.745746e-01 -5.961898e-14  3.830686e-12 1.467771e-23
 5.755756e-01 -2.205458e-13 -3.077011e-12 9.516636e-24
 5.765766e-01 -2.348295e-13  3.481521e-12 1.217613e-23
 5.775776e-01 -2.665160e-13 -3.125000e-12 9.836657e-24
 5.785786e-01 -2.393225e-13  3.179262e-12 1.016498e-23
 5.795796e-01 -2.682576e-13 -3.133716e-12 9.892135e-24
 5.805806e-01 -2.122469e-13  2.934666e-12 8.657316e-24
 5.815816e-01 -2.120804e-13 -3.145737e-12 9.940640e-24
 5.825826e-01 -1.331990e-13  2.757093e-12 7.619305e-24
 5.835836e-01 -1.261768e-13 -3.083117e-12 9.521532e-24
 5.845846e-01 -2.925438e-14  2.563588e-12 6.572840e-24
 5.855856e-01 -1.790235e-15 -2.998130e-12 8.988784e-24
 5.865866e-01  1.190593e-13  2.454953e-12 6.040969e-24
 5.875876e-01  1.744889e-13 -2.863126e-12 8.227939e-24
 5.885886e-01  2.640388e-13  2.430348e-12 5.976306e-24
 5.895896e-01  2.731426e-13 -2.670142e-12 7.204265e-24
 5.905906e-01  3.235190e-13  2.448687e-12 6.100733e-24
 5.915916e-01  2.900596e-13 -2.430730e-12 5.992583e-24
 5.925926e-01  2.887968e-13  2.508386e-12 6.375403e-24
 5.935936e-01  2.222944e-13 -2.233186e-12 5.036534e-24
 5.945946e-01  1.961972e-13  2.532669e-12 6.452903e-24
 5.955956e-01  7.207082e-14 -2.072384e-12 4.299969e-24
 5.965966e-01  2.374273e-14  2.497294e-12 6.237041e-24
 5.975976e-01 -9.423365e-14 -1.960654e-12 3.853044e-24
 5.985986e-01 -1.119452e-13  2.375669e-12 5.656335e-24
 5.995996e-01 -2.070150e-13 -1.972887e-12 3.935139e-24
 6.006006e-01 -1.919020e-13  2.209288e-12 4.917781e-24
 6.016016e-01 -2.713385e-13 -1.998640e-12 4.068185e-24
 6.026026e-01 -2.251532e-13  2.022521e-12 4.141285e-24
 6.036036e-01 -2.447487e-13 -2.040812e-12 4.224815e-24
 6.046046e-01 -1.928457e-13  1.843636e-12 3.436184e-24
 6.056056e-01 -1.717237e-13 -2.088496e-12 4.391305e-24
 6.066066e-01 -1.132081e-13  1.722067e-12 2.978331e-24
 6.076076e-01 -7.313594e-14 -2.078671e-12 4.326220e-24
 6.086086e-01  2.406408e-14  1.650430e-12 2.724498e-24
 6.096096e-01  2.656209e-14 -2.006062e-12 4.024990e-24
 6.106106e-01  1.347256e-13  1.653420e-12 2.751950e-24
 6.116116e-01  1.396938e-13 -1.871177e-12 3.520817e-24
 6.126126e-01  1.908751e-13  1.688594e-12 2.887782e-24
 6.136136e-01  2.026435e-13 -1.696032e-12 2.917590e-24
 6.146146e-01  2.381983e-13  1.765948e-12 3.175313e-24
 6.156156e-01  2.080697e-13 -1.537187e-12 2.406237e-24
 6.166166e-01  1.907571e-13  1.786932e-12 3.229513e-24
 6.176176e-01  1.436351e-13 -1.435727e-12 2.081942e-24
 6.186186e-01  1.497968e-13  1.780659e-12 3.193185e-24
 6.196196e-01  3.390344e-14 -1.388074e-12 1.927898e-24
 6.206206e-01 -1.192102e-14  1.700372e-12 2.891406e-24
 6.216216e-01 -6.175616e-14 -1.414778e-12 2.005411e-24
 6.226226e-01 -8.390511e-14  1.580784e-12 2.505918e-24
 6.236236e-01 -1.464662e-13 -1.453559e-12 2.134288e-24
 6.246246e-01 -1.342121e-13  1.466133e-12 2.167558e-24
 6.256256e-01 -1.635081e-13 -1.506809e-12 2.297207e-24
 6.266266e-01 -1.421051e-13  1.332927e-12 1.796888e-24
 6.276276e-01 -1.679282e-13 -1.556616e-12 2.451253e-24
 6.286286e-01 -1.130832e-13  1.220718e-12 1.502940e-24
 6.296296e-01 -1.268222e-13 -1.533647e-12 2.368157e-24
 6.306306e-01 -8.980316e-14  1.205650e-12 1.461657e-24
 6.316316e-01 -6.605133e-14 -1.487969e-12 2.218416e-24
 6.326326e-01 -2.101791e-14  1.213769e-12 1.473676e-24
 6.336336e-01 -4.741867e-15 -1.384195e-12 1.916018e-24
 6.346346e-01  4.682452e-14  1.262691e-12 1.596582e-24
 6.356356e-01  4.653743e-14 -1.259111e-12 1.587526e-24
 6.366366e-01  8.238549e-14  1.327006e-12 1.767733e-24
 6.376376e-01  1.004960e-13 -1.152643e-12 1.338686e-24
 6.386386e-01  1.114976e-13  1.328421e-12 1.777134e-24
 6.396396e-01  8.136374e-14 -1.075478e-12 1.163274e-24
 6.406406e-01  9.792167e-14  1.331490e-12 1.782456e-24
 6.416416e-01  3.685940e-14 -1.058847e-12 1.122517e-24
 6.426426e-01  4.596323e-14  1.285416e-12 1.654407e-24
 6.436436e-01  2.842171e-14 -1.021405e-12 1.044076e-24
 6.446446e-01  2.353673e-14  1.216804e-12 1.481167e-24
 6.456456e-01 -4.440892e-15 -1.098455e-12 1.206622e-24
 6.466466e-01  9.714451e-16  1.169287e-12 1.367233e-24
 6.476476e-01 -5.440093e-14 -1.098455e-12 1.209562e-24
 6.486486e-01 -4.796163e-14  1.077805e-12 1.163963e-24
 6.496496e-01 -8.770762e-14 -1.107781e-12 1.234870e-24
 6.506507e-01 -6.061818e-14  1.035061e-12 1.075026e-24
 6.516517e-01 -6.639134e-14 -1.120826e-12 1.260658e-24
 6.526527e-01 -4.307665e-14  9.966472e-13 9.951613e-25
 6.536537e-01 -4.862777e-14 -1.092570e-12 1.196075e-24
 6.546547e-01 -5.329071e-15  9.554579e-13 9.129283e-25
 6.556557e-01 -1.021405e-14 -1.076694e-12 1.159375e-24
 6.566567e-01  2.811640e-14  9.323653e-13 8.700956e-25
 6.576577e-01  3.338996e-14 -1.045164e-12 1.093483e-24
 6.586587e-01  2.342571e-14  9.496848e-13 9.024499e-25
 6.596597e-01 -1.110223e-14 -9.757750e-13 9.522601e-25
 6.606607e-01 -4.307665e-14  9.618972e-13 9.271019e-25
 6.616617e-01 -5.062617e-14 -9.516277e-13 9.081582e-25
 6.626627e-01 -1.021405e-14  9.857115e-13 9.717315e-25
 6.636637e-01 -5.839773e-14 -8.756329e-13 7.701433e-25
 6.646647e-01 -8.026912e-14  9.827694e-13 9.722789e-25
 6.656657e-01 -1.219580e-13 -8.795187e-13 7.884269e-25
 6.666667e-01 -8.060219e-14  9.106049e-13 8.356980e-25
 6.676677e-01 -1.128542e-13 -8.832934e-13 7.929434e-25
 6.686687e-01 -1.027511e-13  8.867351e-13 7.968570e-25
 6.696697e-01 -9.681145e-14 -9.072743e-13 8.325190e-25
 6.706707e-01 -5.861978e-14  8.236190e-13 6.817845e-25
 6.716717e-01 -3.486100e-14 -9.786616e-13 9.589938e-25
 6.726727e-01  2.864375e-14  7.542023e-13 5.696415e-25
 6.736737e-01  7.494005e-14 -9.885981e-13 9.829422e-25
 6.746747e-01  1.332268e-13  7.113754e-13 5.238043e-25
 6.756757e-01  1.722511e-13 -9.234835e-13 8.824922e-25
 6.766767e-01  2.387257e-13  7.649437e-13 6.421288e-25
 6.776777e-01  2.625955e-13 -8.324452e-13 7.619214e-25
 6.786787e-01  2.833289e-13  8.135714e-13 7.421738e-25
 6.796797e-01  2.322587e-13 -7.496226e-13 6.158781e-25
 6.806807e-01  2.114975e-13  8.980594e-13 8.512419e-25
 6.816817e-01  1.396661e-13 -6.328271e-13 4.199768e-25
 6.826827e-01  5.440093e-14  9.847678e-13 9.727271e-25
 6.836837e-01  1.272940e-14 -5.611067e-13 3.150028e-25
 6.846847e-01 -1.235678e-13  9.732215e-13 9.624291e-25
 6.856857e-01 -2.197131e-13 -5.737633e-13 3.774781e-25
 6.866867e-01 -2.722267e-13  8.972822e-13 8.792228e-25
 6.876877e-01 -3.308465e-13 -6.562528e-13 5.401272e-25
 6.886887e-01 -3.592682e-13  7.525647e-13 6.954272e-25
 6.896897e-01 -4.101164e-13 -8.036627e-13 8.140692e-25
 6.906907e-01 -3.694822e-13  5.625500e-13 4.529796e-25
 6.916917e-01 -3.015366e-13 -9.861001e-13 1.063318e-24
 6.926927e-01 -2.016165e-13  3.854694e-13 1.892359e-25
 6.936937e-01 -1.192380e-13 -1.110667e-12 1.247799e-24
 6.946947e-01  4.291012e-14  3.017586e-13 9.289954e-26
 6.956957e-01  1.413314e-13 -1.097344e-12 1.224139e-24
 6.966967e-01  3.125278e-13  3.466116e-13 2.178132e-25
 6.976977e-01  3.994582e-13 -9.989787e-13 1.157525e-24
 6.986987e-01  4.949374e-13  5.140333e-13 5.091932e-25
 6.996997e-01  5.342393e-13 -7.149836e-13 7.966132e-25
 7.007007e-01  4.916068e-13  7.927548e-13 8.701373e-25
 7.017017e-01  4.518608e-13 -4.365397e-13 3.947451e-25
 7.027027e-01  3.761436e-13  1.024958e-12 1.192023e-24
 7.037037e-01  2.313705e-13 -2.065015e-13 9.617516e-26
 7.047047e-01  1.008083e-13  1.178613e-12 1.399290e-24
 7.057057e-01 -9.131584e-14 -1.190159e-13 2.250337e-26
 7.067067e-01 -2.560174e-13  1.155964e-12 1.401798e-24
 7.077077e-01 -4.083400e-13 -1.723066e-13 1.964311e-25
 7.087087e-01 -5.073719e-13  9.952039e-13 1.247857e-24
 7.097097e-01 -6.172840e-13 -4.422018e-13 5.765820e-25
 7.107107e-01 -6.141754e-13  6.389334e-13 7.854472e-25
 7.117117e-01 -6.110668e-13 -7.624457e-13 9.547260e-25
 7.127127e-01 -5.293543e-13  3.217426e-13 3.837343e-25
 7.137137e-01 -4.363176e-13 -1.065814e-12 1.326333e-24
 7.147147e-01 -2.653433e-13  0.000000e+00 7.040707e-26
 7.157157e-01 -9.736656e-14 -1.227907e-12 1.517235e-24
 7.167167e-01  1.178641e-13 -4.662937e-14 1.606623e-26
 7.177177e-01  2.861045e-13 -1.201261e-12 1.524885e-24
 7.187187e-01  4.654055e-13  7.549517e-14 2.223018e-25
 7.197197e-01  5.480061e-13 -9.543477e-13 1.211090e-24
 7.207207e-01  6.603051e-13  3.798351e-13 5.802776e-25
 7.217217e-01  6.904755e-13 -5.805356e-13 8.137780e-25
 7.227227e-01  6.636913e-13  7.485124e-13 1.000757e-24
 7.237237e-01  5.631606e-13 -2.566281e-13 3.830079e-25
 7.247247e-01  4.319600e-13  1.045886e-12 1.280466e-24
 7.257257e-01  2.397527e-13  1.948441e-14 5.786098e-26
 7.267267e-01  6.261658e-14  1.177530e-12 1.390498e-24
 7.277277e-01 -1.321165e-13  3.169687e-14 1.845947e-26
 7.287287e-01 -3.093636e-13  1.071476e-12 1.243767e-24
 7.297297e-01 -4.725109e-13 -9.217627e-14 2.317630e-25
 7.307307e-01 -5.736522e-13  8.435475e-13 1.040649e-24
 7.317317e-01 -6.529499e-13 -4.581890e-13 6.362808e-25
 7.327327e-01 -6.578627e-13  4.453660e-13 6.311341e-25
 7.337337e-01 -5.999645e-13 -7.738254e-13 9.587633e-25
 7.347347e-01 -5.023204e-13  1.074696e-13 2.638755e-25
 7.357357e-01 -3.705369e-13 -1.041389e-12 1.221789e-24
 7.367367e-01 -1.865175e-13 -7.177592e-14 3.994055e-26
 7.377377e-01 -3.619327e-14 -1.133649e-12 1.286469e-24
 7.387387e-01  1.539879e-13 -4.812817e-14 2.602860e-26
 7.397397e-01  2.769451e-13 -1.021461e-12 1.120081e-24
 7.407407e-01  4.339307e-13  1.342815e-13 2.063273e-25
 7.417417e-01  4.796719e-13 -7.314704e-13 7.651341e-25
 7.427427e-01  5.335732e-13  4.544143e-13 4.911927e-25
 7.437437e-01  4.781731e-13 -4.298228e-13 4.133971e-25
 7.447447e-01  4.490852e-13  7.231438e-13 7.246144e-25
 7.457457e-01  3.672618e-13 -1.536549e-13 1.584910e-25
 7.467467e-01  2.424727e-13  9.370837e-13 9.369190e-25
 7.477477e-01  1.251221e-13 -2.775558e-16 1.565563e-26
 7.487487e-01 -3.885781e-15  9.601209e-13 9.218472e-25
 7.497497e-01 -1.298406e-13 -4.873879e-14 1.923405e-26
 7.507508e-01 -2.252643e-13  8.402168e-13 7.567082e-25
 7.517518e-01 -2.752798e-13 -2.088330e-13 1.193902e-25
 7.527528e-01 -3.149148e-13  6.252776e-13 4.901434e-25
 7.537538e-01 -3.461675e-13 -4.335421e-13 3.077907e-25
 7.547548e-01 -3.242961e-13  4.144463e-13 2.769337e-25
 7.557558e-01 -2.892131e-13 -5.647705e-13 4.026099e-25
 7.567568e-01 -1.976197e-13  2.695622e-13 1.117173e-25
 7.577578e-01 -1.589839e-13 -7.062684e-13 5.240909e-25
 7.587588e-01 -7.704948e-14  2.149947e-13 5.215934e-26
 7.597598e-01 -4.507505e-14 -6.867840e-13 4.737040e-25
 7.607608e-01  8.715251e-15  2.195744e-13 4.828885e-26
 7.617618e-01  1.992850e-14 -6.478047e-13 4.200481e-25
 7.627628e-01  7.216450e-14  2.674527e-13 7.673868e-26
 7.637638e-01  5.967449e-14 -5.865031e-13 3.475469e-25
 7.647648e-01  9.020562e-14  3.327338e-13 1.188489e-25
 7.657658e-01  6.683543e-14 -5.090928e-13 2.636424e-25
 7.667668e-01  7.209511e-14  4.034550e-13 1.679737e-25
 7.677678e-01  5.727363e-14 -4.895528e-13 2.429423e-25
 7.687688e-01  1.023626e-13  4.041212e-13 1.737920e-25
 7.697698e-01  1.171840e-13 -4.238276e-13 1.933620e-25
 7.707708e-01  1.268985e-13  4.795331e-13 2.460552e-25
 7.717718e-01  1.239564e-13 -3.851572e-13 1.637112e-25
 7.727728e-01  1.494915e-13  5.289935e-13 3.021819e-25
 7.737738e-01  1.456613e-13 -3.182177e-13 1.224797e-25
 7.747748e-01  1.501577e-13  5.840606e-13 3.636741e-25
 7.757758e-01  1.494638e-13 -2.657874e-13 9.298236e-26
 7.767768e-01  1.101341e-13  5.879741e-13 3.578431e-25
 7.777778e-01  5.339479e-14 -2.527978e-13 6.675772e-26
 7.787788e-01  2.917111e-14  5.948575e-13 3.547064e-25
 7.797798e-01 -3.513856e-14 -2.490785e-13 6.327484e-26
 7.807808e-01 -9.978129e-14  5.341005e-13 2.952197e-25
 7.817818e-01 -1.811329e-13 -3.014949e-13 1.237083e-25
 7.827828e-01 -1.895151e-13  4.639553e-13 2.511704e-25
 7.837838e-01 -2.766676e-13 -4.062028e-13 2.415457e-25
 7.847848e-01 -2.994827e-13  3.233247e-13 1.942287e-25
 7.857858e-01 -2.755018e-13 -5.471734e-13 3.753000e-25
 7.867868e-01 -2.720671e-13  2.159661e-13 1.206619e-25
 7.877878e-01 -2.024977e-13 -6.381562e-13 4.482487e-25
 7.887888e-01 -1.488670e-13  1.190714e-13 3.633940e-26
 7.897898e-01 -4.564404e-14 -6.606937e-13 4.385996e-25
 7.907908e-01  2.875478e-14  1.504352e-13 2.345759e-26
 7.917918e-01  9.720003e-14 -6.048564e-13 3.752992e-25
 7.927928e-01  2.034206e-13  2.220030e-13 9.066527e-26
 7.937938e-01  2.389200e-13 -4.686182e-13 2.766858e-25
 7.947948e-01  3.083367e-13  3.681222e-13 2.305855e-25
 7.957958e-01  3.165454e-13 -3.147621e-13 1.992762e-25
 7.967968e-01  3.243135e-13  5.145884e-13 3.699804e-25
 7.977978e-01  2.752798e-13 -1.799810e-13 1.081721e-25
 7.987988e-01  2.191441e-13  6.412093e-13 4.591735e-25
 7.997998e-01  1.513650e-13 -7.777806e-14 2.896080e-26
 8.008008e-01  9.070522e-14  6.642742e-13 4.494876e-25
 8.018018e-01 -6.522560e-15 -9.807552e-14 9.661351e-27
 8.028028e-01 -7.904788e-14  6.268944e-13 3.992451e-25
 8.038038e-01 -1.780520e-13 -1.936229e-13 6.919235e-26
 8.048048e-01 -1.988548e-13  5.035139e-13 2.930695e-25
 8.058058e-01 -2.494185e-13 -3.242684e-13 1.673596e-25
 8.068068e-01 -3.245234e-13  3.316791e-13 2.153265e-25
 8.078078e-01 -3.201883e-13 -4.648920e-13 3.186451e-25
 8.088088e-01 -2.811501e-13  1.894873e-13 1.149508e-25
 8.098098e-01 -2.478989e-13 -5.819720e-13 4.001453e-25
 8.108108e-01 -1.888767e-13  1.122991e-13 4.828548e-26
 8.118118e-01 -1.355721e-13 -6.373096e-13 4.245434e-25
 8.128128e-01 -3.794187e-14  1.230197e-13 1.657342e-26
 8.138138e-01  2.598616e-14 -5.967796e-13 3.568211e-25
 8.148148e-01  1.233839e-13  1.467576e-13 3.676139e-26
 8.158158e-01  1.792941e-13 -4.835438e-13 2.659609e-25
 8.168168e-01  2.305066e-13  2.747108e-13 1.285993e-25
 8.178178e-01  2.378306e-13 -3.513093e-13 1.799816e-25
 8.188188e-01  2.527492e-13  4.129717e-13 2.344278e-25
 8.198198e-01  2.168335e-13 -2.434875e-13 1.063029e-25
 8.208208e-01  1.844150e-13  5.052243e-13 2.892605e-25
 8.218218e-01  1.164832e-13 -1.726119e-13 4.336322e-26
 8.228228e-01  6.209963e-14  5.208958e-13 2.751888e-25
 8.238238e-01 -2.612840e-14 -1.798631e-13 3.303342e-26
 8.248248e-01 -9.613317e-14  5.170447e-13 2.765769e-25
 8.258258e-01 -1.077029e-13 -2.279843e-13 6.357676e-26
 8.268268e-01 -1.396192e-13  4.205560e-13 1.963608e-25
 8.278278e-01 -1.760952e-13 -3.402868e-13 1.468047e-25
 8.288288e-01 -1.757552e-13  3.167666e-13 1.312310e-25
 8.298298e-01 -1.384344e-13 -4.081856e-13 1.857796e-25
 8.308308e-01 -9.811943e-14  2.123770e-13 5.473141e-26
 8.318318e-01 -4.057865e-14 -5.101319e-13 2.618811e-25
 8.328328e-01  8.138455e-15  1.525377e-13 2.333399e-26
 8.338338e-01  5.115439e-14 -5.023430e-13 2.549652e-25
 8.348348e-01  1.314157e-13  1.339519e-13 3.521319e-26
 8.358358e-01  1.430306e-13 -4.184222e-13 1.955349e-25
 8.368368e-01  1.788006e-13  2.716473e-13 1.057619e-25
 8.378378e-01  1.366667e-13 -3.097626e-13 1.146307e-25
 8.388388e-01  1.509019e-13  3.898088e-13 1.747223e-25
 8.398398e-01  1.247015e-13 -1.935474e-13 5.301106e-26
 8.408408e-01  5.073719e-14  5.037637e-13 2.563521e-25
 8.418418e-01 -1.354472e-14 -1.156159e-13 1.355048e-26
 8.428428e-01 -6.700196e-14  5.488110e-13 3.056828e-25
 8.438438e-01 -1.679212e-13 -1.176836e-13 4.204698e-26
 8.448448e-01 -1.929013e-13  5.107026e-13 2.980280e-25
 8.458458e-01 -2.451650e-13 -2.081668e-13 1.034393e-25
 8.468468e-01 -2.460532e-13  4.001799e-13 2.206861e-25
 8.478478e-01 -2.687572e-13 -3.299583e-13 1.811029e-25
 8.488488e-01 -2.245981e-13  2.242651e-13 1.007391e-25
 8.498498e-01 -1.909028e-13 -4.712897e-13 2.585579e-25
 8.508509e-01 -1.258438e-13  1.204592e-13 3.034708e-26
 8.518519e-01 -7.810419e-14 -5.565964e-13 3.158999e-25
 8.528529e-01  4.607426e-15  6.178391e-14 3.838480e-27
 8.538539e-01  8.332224e-14 -5.777878e-13 3.407814e-25
 8.548549e-01  1.598721e-13  6.700196e-14 3.004836e-26
 8.558559e-01  2.517431e-13 -5.176415e-13 3.313273e-25
 8.568569e-01  3.162262e-13  1.799116e-13 1.323672e-25
 8.578579e-01  2.851330e-13 -3.908540e-13 2.340677e-25
 8.588589e-01  2.909895e-13  3.125278e-13 1.823485e-25
 8.598599e-01  2.401135e-13 -2.438050e-13 1.170954e-25
 8.608609e-01  1.942613e-13  4.511946e-13 2.413140e-25
 8.618619e-01  1.132427e-13 -8.808232e-14 2.058242e-26
 8.628629e-01  4.729550e-14  5.448975e-13 2.991501e-25
 8.638639e-01 -3.413936e-14 -4.841960e-14 3.509954e-27
 8.648649e-01 -1.299794e-13  6.002143e-13 3.771519e-25
 8.658659e-01 -2.177980e-13 -6.178391e-14 5.125322e-26
 8.668669e-01 -2.599379e-13  5.222489e-13 3.403116e-25
 8.678679e-01 -3.243170e-13 -1.256772e-13 1.209763e-25
 8.688689e-01 -3.444189e-13  4.381495e-13 3.105994e-25
 8.698699e-01 -3.444744e-13 -2.763900e-13 1.950541e-25
 8.708709e-01 -3.168577e-13  2.667172e-13 1.715368e-25
 8.718719e-01 -2.909339e-13 -4.243897e-13 2.647492e-25
 8.728729e-01 -1.970923e-13  1.064288e-13 5.017247e-26
 8.738739e-01 -1.102035e-13 -5.002249e-13 2.623697e-25
 8.748749e-01 -1.806888e-14  2.162159e-14 7.939777e-28
 8.758759e-01  7.155387e-14 -6.271095e-13 3.983863e-25
 8.768769e-01  1.521630e-13 -4.887757e-14 2.554260e-26
 8.778779e-01  2.391143e-13 -6.384060e-13 4.647379e-25
 8.788789e-01  3.446271e-13 -4.324319e-14 1.206378e-25
 8.798799e-01  3.828882e-13 -5.406925e-13 4.389517e-25
 8.808809e-01  4.304335e-13  9.636736e-14 1.945596e-25
 8.818819e-01  4.055922e-13 -4.014566e-13 3.256725e-25
 8.828829e-01  3.829576e-13  2.839395e-13 2.272782e-25
 8.838839e-01  3.413103e-13 -1.973421e-13 1.554367e-25
 8.848849e-01  2.893935e-13  4.733436e-13 3.078028e-25
 8.858859e-01  2.051137e-13 -4.299339e-14 4.392006e-26
 8.868869e-01  1.236788e-13  6.084022e-13 3.854497e-25
 8.878879e-01 -2.309264e-14  7.216450e-14 5.740985e-27
 8.888889e-01 -1.261768e-13  6.838002e-13 4.835034e-25
 8.898899e-01 -2.314260e-13  7.741030e-14 5.955034e-26
 8.908909e-01 -3.119727e-13  6.301210e-13 4.943794e-25
 8.918919e-01 -3.939904e-13 -1.043610e-14 1.553373e-25
 8.928929e-01 -4.434231e-13  4.778955e-13 4.250081e-25
 8.938939e-01 -4.570649e-13 -2.133849e-13 2.544415e-25
 8.948949e-01 -4.653639e-13  2.423617e-13 2.753027e-25
 8.958959e-01 -4.126977e-13 -4.364287e-13 3.607893e-25
 8.968969e-01 -3.247957e-13  2.459144e-14 1.060970e-25
 8.978979e-01 -2.280398e-13 -6.382117e-13 4.593163e-25
 8.988989e-01 -1.501022e-13 -1.237344e-13 3.784085e-26
 8.998999e-01 -2.076117e-14 -7.216033e-13 5.211424e-25
 9.009009e-01  1.069145e-13 -1.731254e-13 4.140311e-26
 9.019019e-01  1.881828e-13 -6.849105e-13 5.045151e-25
 9.029029e-01  2.832734e-13 -6.605827e-14 8.460752e-26
 9.039039e-01  3.605449e-13 -5.358491e-13 4.171269e-25
 9.049049e-01  3.825759e-13  1.231792e-13 1.615375e-25
 9.059059e-01  3.736733e-13 -3.233525e-13 2.441886e-25
 9.069069e-01  3.575404e-13  3.622658e-13 2.590716e-25
 9.079079e-01  2.928907e-13 -1.039169e-13 9.658369e-26
 9.089089e-01  2.716993e-13  5.524747e-13 3.790489e-25
 9.099099e-01  2.010614e-13  2.511880e-14 4.105664e-26
 9.109109e-01  1.170730e-13  6.263878e-13 4.060678e-25
 9.119119e-01  3.791412e-14  6.480927e-14 5.637722e-27
 9.129129e-01 -5.406786e-14  6.035138e-13 3.671522e-25
 9.139139e-01 -1.292300e-13  4.191092e-15 1.671795e-26
 9.149149e-01 -1.874056e-13  4.980183e-13 2.831431e-25
 9.159159e-01 -2.669115e-13 -1.151856e-13 8.450948e-26
 9.169169e-01 -2.684242e-13  3.692602e-13 2.084046e-25
 9.179179e-01 -3.139294e-13 -2.905454e-13 1.829683e-25
 9.189189e-01 -3.103871e-13  1.777467e-13 1.279341e-25
 9.199199e-01 -2.737116e-13 -4.138356e-13 2.461780e-25
 9.209209e-01 -2.392531e-13  5.079270e-14 5.982193e-26
 9.219219e-01 -1.958156e-13 -5.250522e-13 3.140236e-25
 9.229229e-01 -1.187800e-13 -1.443290e-14 1.431699e-26
 9.239239e-01 -4.621303e-14 -5.964118e-13 3.578427e-25
 9.249249e-01  2.740863e-14 -2.242651e-14 1.254181e-27
 9.259259e-01  8.446022e-14 -5.646594e-13 3.259738e-25
 9.269269e-01  1.541545e-13  2.212119e-14 2.425295e-26
 9.279279e-01  1.975642e-13 -4.664880e-13 2.566426e-25
 9.289289e-01  2.395306e-13  1.765671e-13 8.855086e-26
 9.299299e-01  2.571832e-13 -3.324563e-13 1.766704e-25
 9.309309e-01  2.616796e-13  2.792905e-13 1.464794e-25
 9.319319e-01  2.409184e-13 -2.097766e-13 1.020479e-25
 9.329329e-01  2.389200e-13  3.997913e-13 2.169159e-25
 9.339339e-01  1.564721e-13 -9.314771e-14 3.316000e-26
 9.349349e-01  1.492279e-13  4.752865e-13 2.481662e-25
 9.359359e-01  8.834600e-14 -5.678791e-14 1.102988e-26
 9.369369e-01  4.748979e-14  4.786727e-13 2.313828e-25
 9.379379e-01 -9.936496e-15 -4.329870e-14 1.973511e-27
 9.389389e-01 -5.079270e-14  4.645728e-13 2.184078e-25
 9.399399e-01 -7.566170e-14 -7.725764e-14 1.169344e-26
 9.409409e-01 -1.176836e-13  4.539286e-13 2.199006e-25
 9.419419e-01 -1.558753e-13 -1.000727e-13 3.431166e-26
 9.429429e-01 -1.731393e-13  3.611000e-13 1.603704e-25
 9.439439e-01 -1.999512e-13 -2.213230e-13 8.896432e-26
 9.449449e-01 -1.992920e-13  3.012035e-13 1.304408e-25
 9.459459e-01 -1.913192e-13 -2.881029e-13 1.196063e-25
 9.469469e-01 -2.019981e-13  2.196576e-13 8.905272e-26
 9.479479e-01 -1.926931e-13 -3.548273e-13 1.630330e-25
 9.489489e-01 -1.257605e-13  1.059430e-13 2.703963e-26
 9.499499e-01 -1.101896e-13 -4.226341e-13 1.907614e-25
 9.509510e-01 -6.034062e-14  7.868706e-14 9.832644e-27
 9.519520e-01 -1.837419e-14 -4.884426e-13 2.389138e-25
 9.529530e-01  2.881029e-14  6.872627e-14 5.553333e-27
 9.539540e-01  5.817569e-14 -4.665990e-13 2.210990e-25
 9.549550e-01  1.144085e-13  6.369905e-14 1.714687e-26
 9.559560e-01  1.333794e-13 -4.483081e-13 2.187702e-25
 9.569570e-01  2.173817e-13  1.329492e-13 6.493028e-26
 9.579580e-01  2.291639e-13 -3.388401e-13 1.673287e-25
 9.589590e-01  2.146304e-13  2.650102e-13 1.162966e-25
 9.599600e-01  2.359640e-13 -2.063905e-13 9.827604e-26
 9.609610e-01  2.265410e-13  3.441414e-13 1.697541e-25
 9.619620e-01  1.688094e-13 -1.232209e-13 4.368000e-26
 9.629630e-01  1.107447e-13  4.895251e-13 2.518992e-25
 9.639640e-01  2.481348e-14 -4.546363e-14 2.682651e-27
 9.649650e-01 -5.759282e-14  5.255241e-13 2.794925e-25
 9.659660e-01 -1.563472e-13 -1.132427e-14 2.457267e-26
 9.669670e-01 -2.293166e-13  4.784506e-13 2.815011e-25
 9.679680e-01 -2.672862e-13 -7.954748e-14 7.776971e-26
 9.689690e-01 -2.751965e-13  3.761991e-13 2.172589e-25
 9.699700e-01 -3.069767e-13 -2.164380e-13 1.410801e-25
 9.709710e-01 -3.058664e-13  2.471356e-13 1.546303e-25
 9.719720e-01 -2.648437e-13 -3.654160e-13 2.036711e-25
 9.729730e-01 -1.969536e-13  9.006684e-14 4.690274e-26
 9.739740e-01 -1.504352e-13 -4.828360e-13 2.557614e-25
 9.749750e-01 -6.675216e-14  3.949618e-14 6.015799e-27
 9.759760e-01  2.020606e-14 -4.867218e-13 2.373064e-25
 9.769770e-01  9.960782e-14  4.746203e-14 1.217436e-26
 9.779780e-01  1.409151e-13 -4.213296e-13 1.973757e-25
 9.789790e-01  1.886824e-13  1.252332e-13 5.128439e-26
 9.799800e-01  2.026990e-13 -3.415601e-13 1.577502e-25
 9.809810e-01  2.071676e-13  2.643719e-13 1.128109e-25
 9.819820e-01  1.984801e-13 -2.041839e-13 8.108542e-26
 9.829830e-01  1.583456e-13  3.868850e-13 1.747533e-25
 9.839840e-01  1.316725e-13 -8.866519e-14 2.519915e-26
 9.849850e-01  6.458722e-14  4.365674e-13 1.947626e-25
 9.859860e-01  2.123302e-14 -1.087463e-13 1.227661e-26
 9.869870e-01 -4.359707e-14  4.163891e-13 1.752806e-25
 9.879880e-01 -8.593820e-14 -1.774136e-13 3.886097e-26
 9.889890e-01 -1.359052e-13  2.974287e-13 1.069341e-25
 9.899900e-01 -1.401657e-13 -2.890604e-13 1.032024e-25
 9.909910e-01 -1.327827e-13  1.916384e-13 5.435650e-26
 9.919920e-01 -1.317557e-13 -3.789677e-13 1.609761e-25
 9.929930e-01 -8.726353e-14  1.407693e-13 2.743093e-26
 9.939940e-01 -4.111989e-14 -3.956280e-13 1.582123e-25
 9.949950e-01 -2.839395e-14  1.390693e-13 2.014649e-26
 9.959960e-01  1.902645e-14 -3.871209e-13 1.502246e-25
 9.969970e-01  5.447032e-14  2.108036e-13 4.740517e-26
 9.979980e-01  7.518292e-14 -2.686323e-13 7.781580e-26
 9.989990e-01  9.642981e-14  3.163719e-13 1.093899e-25
 1.000000e+00  6.146472e-14 -1.442457e-13 2.458474e-26
