# x psi_r psi_i psi2 
 0.000000e+00 -5.691347e-01 -1.247816e-01 3.394848e-01
 1.001001e-03 -5.567443e-01  2.638822e-02 3.106606e-01
 2.002002e-03 -4.949516e-01  2.024428e-01 2.859602e-01
 3.003003e-03 -3.858627e-01  3.862370e-01 2.980691e-01
 4.004004e-03 -2.365509e-01  5.577650e-01 3.670581e-01
 5.005005e-03 -5.853387e-02  6.961848e-01 4.880994e-01
 6.006006e-03  1.332543e-01  7.821004e-01 6.294378e-01
 7.007007e-03  3.218891e-01  7.998592e-01 7.433874e-01
 8.008008e-03  4.901252e-01  7.396077e-01 7.872423e-01
 9.009009e-03  6.221287e-01  5.988614e-01 7.456791e-01
 1.001001e-02  7.050836e-01  3.833844e-01 6.441265e-01
 1.101101e-02  7.304995e-01  1.072385e-01 5.451296e-01
 1.201201e-02  6.950825e-01 -2.080527e-01 5.264256e-01
 1.301301e-02  6.010803e-01 -5.351865e-01 6.477222e-01
 1.401401e-02  4.560736e-01 -8.434807e-01 9.194628e-01
 1.501502e-02  2.722428e-01 -1.101773e+00 1.288019e+00
 1.601602e-02  6.519781e-02 -1.281542e+00 1.646602e+00
 1.701702e-02 -1.474994e-01 -1.359941e+00 1.871195e+00
 1.801802e-02 -3.479629e-01 -1.322410e+00 1.869847e+00
 1.901902e-02 -5.195944e-01 -1.164602e+00 1.626276e+00
 2.002002e-02 -6.485209e-01 -8.933669e-01 1.218684e+00
 2.102102e-02 -7.247295e-01 -5.266781e-01 8.026227e-01
 2.202202e-02 -7.428048e-01 -9.244616e-02 5.603053e-01
 2.302302e-02 -7.022244e-01  3.736941e-01 6.327664e-01
 2.402402e-02 -6.072119e-01  8.314447e-01 1.060007e+00
 2.502503e-02 -4.661926e-01  1.239479e+00 1.753644e+00
 2.602603e-02 -2.909295e-01  1.559310e+00 2.516087e+00
 2.702703e-02 -9.544300e-02  1.759016e+00 3.103245e+00
 2.802803e-02  1.051767e-01  1.816461e+00 3.310591e+00
 2.902903e-02  2.959533e-01  1.721674e+00 3.051749e+00
 3.003003e-02  4.631109e-01  1.478139e+00 2.399367e+00
 3.103103e-02  5.949890e-01  1.102840e+00 1.570269e+00
 3.203203e-02  6.827391e-01  6.250344e-01 8.568007e-01
 3.303303e-02  7.207780e-01  8.383821e-02 5.265498e-01
 3.403403e-02  7.070015e-01 -4.751574e-01 7.256256e-01
 3.503504e-02  6.427732e-01 -1.003942e+00 1.421057e+00
 3.603604e-02  5.327199e-01 -1.456429e+00 2.404975e+00
 3.703704e-02  3.843643e-01 -1.792681e+00 3.361442e+00
 3.803804e-02  2.076306e-01 -1.982615e+00 3.973874e+00
 3.903904e-02  1.425071e-02 -2.008824e+00 4.035577e+00
 4.004004e-02 -1.829047e-01 -1.868247e+00 3.523799e+00
 4.104104e-02 -3.705490e-01 -1.572519e+00 2.610124e+00
 4.204204e-02 -5.357376e-01 -1.146967e+00 1.602549e+00
 4.304304e-02 -6.666392e-01 -6.283263e-01 8.392018e-01
 4.404404e-02 -7.532924e-01 -6.141021e-02 5.712207e-01
 4.504505e-02 -7.883120e-01  5.049610e-01 8.764214e-01
 4.604605e-02 -7.675010e-01  1.022389e+00 1.634338e+00
 4.704705e-02 -6.903181e-01  1.447262e+00 2.571106e+00
 4.804805e-02 -5.601480e-01  1.744638e+00 3.357526e+00
 4.904905e-02 -3.843252e-01  1.891298e+00 3.724712e+00
 5.005005e-02 -1.738762e-01  1.877673e+00 3.555891e+00
 5.105105e-02  5.703990e-02  1.708490e+00 2.922193e+00
 5.205205e-02  2.919831e-01  1.402075e+00 2.051070e+00
 5.305305e-02  5.133418e-01  9.884212e-01 1.240496e+00
 5.405405e-02  7.036315e-01  5.062044e-01 7.513402e-01
 5.505506e-02  8.468900e-01 -9.343585e-04 7.172235e-01
 5.605606e-02  9.300548e-01 -4.884842e-01 1.103619e+00
 5.705706e-02  9.441971e-01 -9.151322e-01 1.728975e+00
 5.805806e-02  8.854894e-01 -1.246420e+00 2.337654e+00
 5.905906e-02  7.557982e-01 -1.457651e+00 2.695978e+00
 6.006006e-02  5.628208e-01 -1.535797e+00 2.675439e+00
 6.106106e-02  3.197232e-01 -1.480240e+00 2.293332e+00
 6.206206e-02  4.428185e-02 -1.302334e+00 1.698034e+00
 6.306306e-02 -2.424198e-01 -1.023856e+00 1.107047e+00
 6.406406e-02 -5.176443e-01 -6.745384e-01 7.229577e-01
 6.506507e-02 -7.588676e-01 -2.889661e-01 6.593814e-01
 6.606607e-02 -9.456990e-01  9.685406e-02 9.037273e-01
 6.706707e-02 -1.061682e+00  4.488886e-01 1.328669e+00
 6.806807e-02 -1.095806e+00  7.381221e-01 1.745615e+00
 6.906907e-02 -1.043586e+00  9.429680e-01 1.978260e+00
 7.007007e-02 -9.075951e-01  1.050845e+00 1.928004e+00
 7.107107e-02 -6.973957e-01  1.058809e+00 1.607437e+00
 7.207207e-02 -4.288559e-01  9.732292e-01 1.131092e+00
 7.307307e-02 -1.229061e-01  8.085979e-01 6.689364e-01
 7.407407e-02  1.961640e-01  5.856379e-01 3.814521e-01
 7.507508e-02  5.027203e-01  3.289382e-01 3.609280e-01
 7.607608e-02  7.719366e-01  6.437835e-02 6.000306e-01
 7.707708e-02  9.818935e-01 -1.833909e-01 9.977470e-01
 7.807808e-02  1.115439e+00 -3.931686e-01 1.398786e+00
 7.907908e-02  1.161648e+00 -5.489301e-01 1.650749e+00
 8.008008e-02  1.116743e+00 -6.409251e-01 1.657900e+00
 8.108108e-02  9.844155e-01 -6.660905e-01 1.412750e+00
 8.208208e-02  7.754969e-01 -6.277901e-01 9.955158e-01
 8.308308e-02  5.070284e-01 -5.349642e-01 5.432645e-01
 8.408408e-02  2.008063e-01 -4.008222e-01 2.009816e-01
 8.508509e-02 -1.184674e-01 -2.412451e-01 7.223373e-02
 8.608609e-02 -4.252658e-01 -7.308175e-02 1.861919e-01
 8.708709e-02 -6.953681e-01  8.748866e-02 4.911910e-01
 8.808809e-02 -9.078570e-01  2.263757e-01 8.754504e-01
 8.908909e-02 -1.046813e+00  3.326661e-01 1.206484e+00
 9.009009e-02 -1.102562e+00  3.993132e-01 1.375094e+00
 9.109109e-02 -1.072378e+00  4.234071e-01 1.329268e+00
 9.209209e-02 -9.605834e-01  4.060484e-01 1.087596e+00
 9.309309e-02 -7.780520e-01  3.518827e-01 7.291863e-01
 9.409409e-02 -5.411610e-01  2.683808e-01 3.648835e-01
 9.509510e-02 -2.702954e-01  1.649571e-01 1.002704e-01
 9.609610e-02  1.196130e-02  5.202393e-02 2.849562e-03
 9.709710e-02  2.827867e-01 -5.993295e-02 8.356027e-02
 9.809810e-02  5.210560e-01 -1.611878e-01 2.974808e-01
 9.909910e-02  7.090858e-01 -2.434677e-01 5.620792e-01
 1.001001e-01  8.340357e-01 -3.004755e-01 7.859011e-01
 1.011011e-01  8.888487e-01 -3.282317e-01 8.977880e-01
 1.021021e-01  8.726563e-01 -3.252395e-01 8.673098e-01
 1.031031e-01  7.906227e-01 -2.924833e-01 7.106307e-01
 1.041041e-01  6.532532e-01 -2.332791e-01 4.811589e-01
 1.051051e-01  4.752424e-01 -1.529927e-01 2.492621e-01
 1.061061e-01  2.739791e-01 -5.864278e-02 7.850350e-02
 1.071071e-01  6.785302e-02  4.159428e-02 6.334116e-03
 1.081081e-01 -1.254691e-01  1.389623e-01 3.505301e-02
 1.091091e-01 -2.906372e-01  2.247632e-01 1.349885e-01
 1.101101e-01 -4.159296e-01  2.910274e-01 2.576944e-01
 1.111111e-01 -4.941633e-01  3.311799e-01 3.538775e-01
 1.121121e-01 -5.231251e-01  3.406551e-01 3.897058e-01
 1.131131e-01 -5.054937e-01  3.174066e-01 3.562708e-01
 1.141141e-01 -4.482745e-01  2.622559e-01 2.697282e-01
 1.151151e-01 -3.618206e-01  1.790249e-01 1.629640e-01
 1.161161e-01 -2.585489e-01  7.441133e-02 7.238459e-02
 1.171171e-01 -1.514983e-01 -4.241816e-02 2.475103e-02
 1.181181e-01 -5.288111e-02 -1.605114e-01 2.856032e-02
 1.191191e-01  2.721380e-02 -2.680593e-01 7.259640e-02
 1.201201e-01  8.183444e-02 -3.535012e-01 1.316599e-01
 1.211211e-01  1.077913e-01 -4.067118e-01 1.770334e-01
 1.221221e-01  1.058377e-01 -4.201528e-01 1.877300e-01
 1.231231e-01  8.039532e-02 -3.898599e-01 1.584541e-01
 1.241241e-01  3.886601e-02 -3.161411e-01 1.014557e-01
 1.251251e-01 -9.385548e-03 -2.038818e-01 4.165588e-02
 1.261261e-01 -5.425685e-02 -6.238448e-02 6.835630e-03
 1.271271e-01 -8.620013e-02  9.528141e-02 1.650901e-02
 1.281281e-01 -9.743526e-02  2.533906e-01 7.370043e-02
 1.291291e-01 -8.294797e-02  3.950495e-01 1.629445e-01
 1.301301e-01 -4.116301e-02  5.039262e-01 2.556360e-01
 1.311311e-01  2.577991e-02  5.660476e-01 3.210745e-01
 1.321321e-01  1.121762e-01  5.714719e-01 3.391636e-01
 1.331331e-01  2.093138e-01  5.156371e-01 3.096939e-01
 1.341341e-01  3.063760e-01  4.002177e-01 2.540405e-01
 1.351351e-01  3.915919e-01  2.333576e-01 2.078000e-01
 1.361361e-01  4.535120e-01  2.921550e-02 2.065267e-01
 1.371371e-01  4.822747e-01 -1.931713e-01 2.699041e-01
 1.381381e-01  4.707341e-01 -4.116185e-01 3.910204e-01
 1.391391e-01  4.153328e-01 -6.029681e-01 5.360719e-01
 1.401401e-01  3.166355e-01 -7.454879e-01 6.560102e-01
 1.411411e-01  1.794688e-01 -8.212476e-01 7.066567e-01
 1.421421e-01  1.265528e-02 -8.182138e-01 6.696339e-01
 1.431431e-01 -1.716336e-01 -7.318211e-01 5.650202e-01
 1.441441e-01 -3.588466e-01 -5.658286e-01 4.489329e-01
 1.451451e-01 -5.332570e-01 -3.323371e-01 3.948109e-01
 1.461461e-01 -6.792973e-01 -5.093208e-02 4.640390e-01
 1.471471e-01 -7.829112e-01  2.529906e-01 6.769542e-01
 1.481481e-01 -8.328088e-01  5.505685e-01 9.966961e-01
 1.491491e-01 -8.215250e-01  8.122616e-01 1.334672e+00
 1.501502e-01 -7.461938e-01  1.010809e+00 1.578540e+00
 1.511512e-01 -6.089764e-01  1.124048e+00 1.634335e+00
 1.521522e-01 -4.171049e-01  1.137299e+00 1.467426e+00
 1.531532e-01 -1.825324e-01  1.045067e+00 1.125484e+00
 1.541542e-01  7.879506e-02  8.518529e-01 7.318620e-01
 1.551552e-01  3.480010e-01  5.719905e-01 4.482778e-01
 1.561562e-01  6.046111e-01  2.285021e-01 4.177677e-01
 1.571572e-01  8.280686e-01 -1.489310e-01 7.078781e-01
 1.581582e-01  9.993327e-01 -5.266842e-01 1.276062e+00
 1.591592e-01  1.102444e+00 -8.703313e-01 1.972860e+00
 1.601602e-01  1.125944e+00 -1.147902e+00 2.585428e+00
 1.611612e-01  1.064024e+00 -1.332935e+00 2.908861e+00
 1.621622e-01  9.173110e-01 -1.407021e+00 2.821168e+00
 1.631632e-01  6.931895e-01 -1.361598e+00 2.334460e+00
 1.641642e-01  4.056059e-01 -1.198805e+00 1.601649e+00
 1.651652e-01  7.433237e-02 -9.313358e-01 8.729116e-01
 1.661662e-01 -2.762957e-01 -5.812971e-01 4.142456e-01
 1.671672e-01 -6.191047e-01 -1.781933e-01 4.150435e-01
 1.681682e-01 -9.261613e-01  2.437619e-01 9.171946e-01
 1.691692e-01 -1.171055e+00  6.487447e-01 1.792240e+00
 1.701702e-01 -1.331204e+00  1.002535e+00 2.777179e+00
 1.711712e-01 -1.389978e+00  1.275539e+00 3.559039e+00
 1.721722e-01 -1.338451e+00  1.445348e+00 3.880481e+00
 1.731732e-01 -1.176571e+00  1.498600e+00 3.630122e+00
 1.741742e-01 -9.136362e-01  1.431995e+00 2.885339e+00
 1.751752e-01 -5.679530e-01  1.252382e+00 1.891030e+00
 1.761762e-01 -1.656729e-01  9.759555e-01 9.799366e-01
 1.771772e-01  2.611421e-01  6.266393e-01 4.608720e-01
 1.781782e-01  6.770927e-01  2.338409e-01 5.131361e-01
 1.791792e-01  1.046448e+00 -1.701986e-01 1.124020e+00
 1.801802e-01  1.336323e+00 -5.532121e-01 2.091804e+00
 1.811812e-01  1.519745e+00 -8.856133e-01 3.093935e+00
 1.821822e-01  1.578290e+00 -1.142866e+00 3.797142e+00
 1.831832e-01  1.504050e+00 -1.307326e+00 3.971268e+00
 1.841842e-01  1.300681e+00 -1.369411e+00 3.567057e+00
 1.851852e-01  9.834168e-01 -1.328034e+00 2.730783e+00
 1.861862e-01  5.779961e-01 -1.190302e+00 1.750899e+00
 1.871872e-01  1.185712e-01 -9.705395e-01 9.560060e-01
 1.881882e-01 -3.552308e-01 -6.887586e-01 6.005773e-01
 1.891892e-01 -8.018397e-01 -3.687509e-01 7.789242e-01
 1.901902e-01 -1.181537e+00 -3.597451e-02 1.397324e+00
 1.911912e-01 -1.460155e+00  2.845608e-01 2.213027e+00
 1.921922e-01 -1.612316e+00  5.702327e-01 2.924729e+00
 1.931932e-01 -1.623894e+00  8.024158e-01 3.280904e+00
 1.941942e-01 -1.493438e+00  9.676496e-01 3.166703e+00
 1.951952e-01 -1.232409e+00  1.058300e+00 2.638830e+00
 1.961962e-01 -8.641943e-01  1.072697e+00 1.897510e+00
 1.971972e-01 -4.219808e-01  1.014785e+00 1.207857e+00
 1.981982e-01  5.431698e-02  8.933587e-01 8.010401e-01
 1.991992e-01  5.217732e-01  7.209762e-01 7.920539e-01
 2.002002e-01  9.384572e-01  5.126939e-01 1.143557e+00
 2.012012e-01  1.267339e+00  2.847276e-01 1.687217e+00
 2.022022e-01  1.479712e+00  5.317257e-02 2.192376e+00
 2.032032e-01  1.557812e+00 -1.671216e-01 2.454707e+00
 2.042042e-01  1.496364e+00 -3.634428e-01 2.371197e+00
 2.052052e-01  1.302944e+00 -5.258328e-01 1.974163e+00
 2.062062e-01  9.971007e-01 -6.474125e-01 1.413353e+00
 2.072072e-01  6.083669e-01 -7.244333e-01 8.949140e-01
 2.082082e-01  1.733481e-01 -7.560952e-01 6.017296e-01
 2.092092e-01 -2.678060e-01 -7.441869e-01 6.255342e-01
 2.102102e-01 -6.751980e-01 -6.926135e-01 9.356057e-01
 2.112112e-01 -1.012877e+00 -6.068778e-01 1.394221e+00
 2.122122e-01 -1.252080e+00 -4.935699e-01 1.811315e+00
 2.132132e-01 -1.373717e+00 -3.599109e-01 2.016634e+00
 2.142142e-01 -1.369887e+00 -2.133744e-01 1.922120e+00
 2.152152e-01 -1.244306e+00 -6.139705e-02 1.552067e+00
 2.162162e-01 -1.011634e+00  8.883301e-02 1.031294e+00
 2.172172e-01 -6.958052e-01  2.305274e-01 5.372878e-01
 2.182182e-01 -3.275548e-01  3.574178e-01 2.350396e-01
 2.192192e-01  5.861120e-02  4.638726e-01 2.186130e-01
 2.202202e-01  4.276813e-01  5.450330e-01 4.799723e-01
 2.212212e-01  7.473365e-01  5.969828e-01 9.149004e-01
 2.222222e-01  9.907817e-01  6.169509e-01 1.362277e+00
 2.232232e-01  1.138964e+00  6.035325e-01 1.661491e+00
 2.242242e-01  1.182001e+00  5.569030e-01 1.707267e+00
 2.252252e-01  1.119717e+00  4.789883e-01 1.483197e+00
 2.262262e-01  9.612906e-01  3.735512e-01 1.063620e+00
 2.272272e-01  7.240651e-01  2.461581e-01 5.848640e-01
 2.282282e-01  4.316934e-01  1.039981e-01 1.971748e-01
 2.292292e-01  1.117948e-01 -4.445919e-02 1.447469e-02
 2.302302e-01 -2.066340e-01 -1.899594e-01 7.878219e-02
 2.312312e-01 -4.958162e-01 -3.230865e-01 3.502186e-01
 2.322322e-01 -7.315713e-01 -4.349668e-01 7.243927e-01
 2.332332e-01 -8.952762e-01 -5.179905e-01 1.069834e+00
 2.342342e-01 -9.752602e-01 -5.664800e-01 1.272032e+00
 2.352352e-01 -9.675433e-01 -5.772313e-01 1.269336e+00
 2.362362e-01 -8.758862e-01 -5.498626e-01 1.069525e+00
 2.372372e-01 -7.111794e-01 -4.869218e-01 7.428690e-01
 2.382382e-01 -4.902541e-01 -3.937258e-01 3.953690e-01
 2.392392e-01 -2.342371e-01 -2.779346e-01 1.321147e-01
 2.402402e-01  3.339423e-02 -1.488920e-01 2.328400e-02
 2.412412e-01  2.888869e-01 -1.679188e-02 8.373762e-02
 2.422422e-01  5.102437e-01  1.082482e-01 2.720663e-01
 2.432432e-01  6.790474e-01  2.171108e-01 5.082425e-01
 2.442442e-01  7.819396e-01  3.025028e-01 7.029374e-01
 2.452452e-01  8.116413e-01  3.595898e-01 7.880663e-01
 2.462462e-01  7.674476e-01  3.863719e-01 7.382590e-01
 2.472472e-01  6.551643e-01  3.837568e-01 5.765096e-01
 2.482482e-01  4.865011e-01  3.553254e-01 3.629395e-01
 2.492492e-01  2.779749e-01  3.068128e-01 1.714041e-01
 2.502503e-01  4.941698e-02  2.453700e-01 6.264846e-02
 2.512513e-01 -1.777952e-01  1.786885e-01 6.354070e-02
 2.522523e-01 -3.826349e-01  1.140937e-01 1.594268e-01
 2.532533e-01 -5.462959e-01  5.771217e-02 3.017699e-01
 2.542543e-01 -6.538768e-01  1.381190e-02 4.277457e-01
 2.552553e-01 -6.957349e-01 -1.560776e-02 4.842906e-01
 2.562563e-01 -6.683861e-01 -3.092905e-02 4.476966e-01
 2.572573e-01 -5.748660e-01 -3.472222e-02 3.316766e-01
 2.582583e-01 -4.245047e-01 -3.127107e-02 1.811822e-01
 2.592593e-01 -2.321244e-01 -2.588098e-02 5.455157e-02
 2.602603e-01 -1.671367e-02 -2.405642e-02 8.580582e-04
 2.612613e-01  2.003129e-01 -3.065429e-02 4.106495e-02
 2.622623e-01  3.971233e-01 -4.911906e-02 1.601196e-01
 2.632633e-01  5.535639e-01 -8.089916e-02 3.129777e-01
 2.642643e-01  6.531493e-01 -1.251180e-01 4.422585e-01
 2.652653e-01  6.847512e-01 -1.785456e-01 5.007627e-01
 2.662663e-01  6.438156e-01 -2.358758e-01 4.701359e-01
 2.672673e-01  5.329734e-01 -2.902819e-01 3.683242e-01
 2.682683e-01  3.619642e-01 -3.341844e-01 2.426973e-01
 2.692693e-01  1.468582e-01 -3.601449e-01 1.512717e-01
 2.702703e-01 -9.137282e-02 -3.617805e-01 1.392341e-01
 2.712713e-01 -3.288132e-01 -3.345954e-01 2.200722e-01
 2.722723e-01 -5.409144e-01 -2.766333e-01 3.691143e-01
 2.732733e-01 -7.049388e-01 -1.888772e-01 5.326133e-01
 2.742743e-01 -8.022959e-01 -7.535124e-02 6.493564e-01
 2.752753e-01 -8.205324e-01  5.708761e-02 6.765324e-01
 2.762763e-01 -7.547654e-01  1.992474e-01 6.093704e-01
 2.772773e-01 -6.083974e-01  3.403375e-01 4.859771e-01
 2.782783e-01 -3.930207e-01  4.688719e-01 3.743061e-01
 2.792793e-01 -1.274984e-01  5.736512e-01 3.453315e-01
 2.802803e-01  1.637068e-01  6.447359e-01 4.424842e-01
 2.812813e-01  4.528056e-01  6.743224e-01 6.597436e-01
 2.822823e-01  7.113438e-01  6.574535e-01 9.382551e-01
 2.832833e-01  9.129910e-01  5.925066e-01 1.184617e+00
 2.842843e-01  1.036180e+00  4.814302e-01 1.305445e+00
 2.852853e-01  1.066331e+00  3.297155e-01 1.245775e+00
 2.862863e-01  9.974273e-01  1.461127e-01 1.016210e+00
 2.872873e-01  8.327762e-01 -5.788436e-02 6.968668e-01
 2.882883e-01  5.848749e-01 -2.687489e-01 4.143046e-01
 2.892893e-01  2.743718e-01 -4.717836e-01 2.978597e-01
 2.902903e-01 -7.177230e-02 -6.520850e-01 4.303661e-01
 2.912913e-01 -4.227545e-01 -7.955582e-01 8.116342e-01
 2.922923e-01 -7.467902e-01 -8.899275e-01 1.349666e+00
 2.932933e-01 -1.014087e+00 -9.256877e-01 1.885270e+00
 2.942943e-01 -1.199643e+00 -8.969369e-01 2.243638e+00
 2.952953e-01 -1.285595e+00 -8.020348e-01 2.296015e+00
 2.962963e-01 -1.262902e+00 -6.440248e-01 2.009689e+00
 2.972973e-01 -1.132186e+00 -4.307717e-01 1.467409e+00
 2.982983e-01 -9.036801e-01 -1.747665e-01 8.471810e-01
 2.992993e-01 -5.962773e-01  1.074259e-01 3.670869e-01
 3.003003e-01 -2.357921e-01  3.960839e-01 2.124804e-01
 3.013013e-01  1.473942e-01  6.695840e-01 4.700678e-01
 3.023023e-01  5.210729e-01  9.059392e-01 1.092243e+00
 3.033033e-01  8.540689e-01  1.084524e+00 1.905626e+00
 3.043043e-01  1.118957e+00  1.187865e+00 2.663089e+00
 3.053053e-01  1.294385e+00  1.203344e+00 3.123469e+00
 3.063063e-01  1.366803e+00  1.124647e+00 3.132981e+00
 3.073073e-01  1.331459e+00  9.528082e-01 2.680626e+00
 3.083083e-01  1.192593e+00  6.966922e-01 1.907658e+00
 3.093093e-01  9.628446e-01  3.728220e-01 1.066066e+00
 3.103103e-01  6.619491e-01  4.498005e-03 4.381968e-01
 3.113113e-01  3.148744e-01 -3.797761e-01 2.433758e-01
 3.123123e-01 -5.041623e-02 -7.484692e-01 5.627480e-01
 3.133133e-01 -4.053630e-01 -1.069645e+00 1.308459e+00
 3.143143e-01 -7.231509e-01 -1.313810e+00 2.249043e+00
 3.153153e-01 -9.807968e-01 -1.456727e+00 3.084015e+00
 3.163163e-01 -1.160815e+00 -1.481918e+00 3.543572e+00
 3.173173e-01 -1.252345e+00 -1.382588e+00 3.479918e+00
 3.183183e-01 -1.251682e+00 -1.162736e+00 2.918662e+00
 3.193193e-01 -1.162193e+00 -8.373087e-01 2.051779e+00
 3.203203e-01 -9.936857e-01 -4.313123e-01 1.173442e+00
 3.213213e-01 -7.612984e-01  2.207979e-02 5.800628e-01
 3.223223e-01 -4.840565e-01  4.842850e-01 4.688427e-01
 3.233233e-01 -1.832243e-01  9.147049e-01 8.702562e-01
 3.243243e-01  1.193935e-01  1.274445e+00 1.638464e+00
 3.253253e-01  4.030623e-01  1.530001e+00 2.503362e+00
 3.263263e-01  6.495239e-01  1.656554e+00 3.166054e+00
 3.273273e-01  8.441063e-01  1.640523e+00 3.403831e+00
 3.283283e-01  9.764825e-01  1.481102e+00 3.147182e+00
 3.293293e-01  1.041054e+00  1.190611e+00 2.501348e+00
 3.303303e-01  1.036972e+00  7.935776e-01 1.705076e+00
 3.313313e-01  9.678288e-01  3.246293e-01 1.042077e+00
 3.323323e-01  8.410859e-01 -1.746295e-01 7.379209e-01
 3.333333e-01  6.673010e-01 -6.594584e-01 8.801761e-01
 3.343343e-01  4.592379e-01 -1.086171e+00 1.390666e+00
 3.353353e-01  2.309282e-01 -1.416263e+00 2.059129e+00
 3.363363e-01 -3.244349e-03 -1.620073e+00 2.624646e+00
 3.373373e-01 -2.293861e-01 -1.679602e+00 2.873681e+00
 3.383383e-01 -4.348201e-01 -1.590221e+00 2.717870e+00
 3.393393e-01 -6.086744e-01 -1.361082e+00 2.223029e+00
 3.403403e-01 -7.423192e-01 -1.014205e+00 1.579650e+00
 3.413413e-01 -8.296548e-01 -5.823207e-01 1.027424e+00
 3.423423e-01 -8.672589e-01 -1.056927e-01 7.633090e-01
 3.433433e-01 -8.544085e-01  3.717573e-01 8.682174e-01
 3.443443e-01 -7.929904e-01  8.066460e-01 1.279511e+00
 3.453453e-01 -6.873196e-01  1.160220e+00 1.818518e+00
 3.463463e-01 -5.438761e-01  1.401948e+00 2.261259e+00
 3.473473e-01 -3.709738e-01  1.512267e+00 2.424572e+00
 3.483483e-01 -1.783665e-01  1.484223e+00 2.234733e+00
 3.493493e-01  2.319754e-02  1.323874e+00 1.753181e+00
 3.503504e-01  2.224701e-01  1.049426e+00 1.150788e+00
 3.513514e-01  4.082338e-01  6.892281e-01 6.416902e-01
 3.523524e-01  5.698582e-01  2.788390e-01 4.024896e-01
 3.533534e-01  6.978618e-01 -1.425229e-01 5.073239e-01
 3.543544e-01  7.844566e-01 -5.357844e-01 9.024371e-01
 3.553554e-01  8.240445e-01 -8.657016e-01 1.428489e+00
 3.563564e-01  8.136335e-01 -1.104066e+00 1.880961e+00
 3.573574e-01  7.531358e-01 -1.232142e+00 2.085387e+00
 3.583584e-01  6.455172e-01 -1.242117e+00 1.959548e+00
 3.593594e-01  4.967658e-01 -1.137470e+00 1.540615e+00
 3.603604e-01  3.156640e-01 -9.322438e-01 9.687223e-01
 3.613614e-01  1.133543e-01 -6.493493e-01 4.345037e-01
 3.623624e-01 -9.728698e-02 -3.180870e-01 1.106441e-01
 3.633634e-01 -3.024470e-01  2.883810e-02 9.230582e-02
 3.643644e-01 -4.882938e-01  3.585094e-01 3.669598e-01
 3.653654e-01 -6.419588e-01  6.408815e-01 8.228402e-01
 3.663664e-01 -7.525082e-01  8.514715e-01 1.291272e+00
 3.673674e-01 -8.118264e-01  9.734165e-01 1.606602e+00
 3.683684e-01 -8.153307e-01  9.987377e-01 1.662241e+00
 3.693694e-01 -7.624470e-01  9.287225e-01 1.443851e+00
 3.703704e-01 -6.567884e-01  7.734374e-01 1.029576e+00
 3.713714e-01 -5.060027e-01  5.504487e-01 5.590325e-01
 3.723724e-01 -3.212810e-01  2.829151e-01 1.832625e-01
 3.733734e-01 -1.165515e-01 -2.751052e-03 1.359182e-02
 3.743744e-01  9.259106e-02 -2.794140e-01 8.664528e-02
 3.753754e-01  2.901338e-01 -5.217036e-01 3.563523e-01
 3.763764e-01  4.609738e-01 -7.082378e-01 7.140976e-01
 3.773774e-01  5.922045e-01 -8.233974e-01 1.028689e+00
 3.783784e-01  6.742446e-01 -8.585145e-01 1.191653e+00
 3.793794e-01  7.016949e-01 -8.124022e-01 1.152373e+00
 3.803804e-01  6.738386e-01 -6.912058e-01 9.318239e-01
 3.813814e-01  5.947201e-01 -5.076243e-01 6.113744e-01
 3.823824e-01  4.727869e-01 -2.795920e-01 3.016991e-01
 3.833834e-01  3.201132e-01 -2.855927e-02 1.032881e-01
 3.843844e-01  1.512724e-01  2.224720e-01 7.237713e-02
 3.853854e-01 -1.804295e-02  4.509793e-01 2.037079e-01
 3.863864e-01 -1.725188e-01  6.368530e-01 4.353445e-01
 3.873874e-01 -2.986937e-01  7.640709e-01 6.730223e-01
 3.883884e-01 -3.862546e-01  8.219920e-01 8.248635e-01
 3.893894e-01 -4.290271e-01  8.061674e-01 8.339701e-01
 3.903904e-01 -4.255479e-01  7.186218e-01 6.975083e-01
 3.913914e-01 -3.791609e-01  5.675870e-01 4.659181e-01
 3.923924e-01 -2.976142e-01  3.667246e-01 2.230612e-01
 3.933934e-01 -1.921997e-01  1.338997e-01 5.486985e-02
 3.943944e-01 -7.651414e-02 -1.103817e-01 1.803853e-02
 3.953954e-01  3.502672e-02 -3.447513e-01 1.200803e-01
 3.963964e-01  1.287724e-01 -5.488180e-01 3.177835e-01
 3.973974e-01  1.933461e-01 -7.049242e-01 5.343008e-01
 3.983984e-01  2.209222e-01 -7.996634e-01 6.882682e-01
 3.993994e-01  2.081259e-01 -8.250385e-01 7.240050e-01
 4.004004e-01  1.564596e-01 -7.791499e-01 6.315541e-01
 4.014014e-01  7.219810e-02 -6.663571e-01 4.492443e-01
 4.024024e-01 -3.423871e-02 -4.968871e-01 2.480691e-01
 4.034034e-01 -1.493816e-01 -2.859233e-01 1.040670e-01
 4.044044e-01 -2.581600e-01 -5.224231e-02 6.937585e-02
 4.054054e-01 -3.455603e-01  1.834752e-01 1.530751e-01
 4.064064e-01 -3.983131e-01  4.005183e-01 3.190683e-01
 4.074074e-01 -4.064399e-01  5.800243e-01 5.016216e-01
 4.084084e-01 -3.644836e-01  7.066945e-01 6.322655e-01
 4.094094e-01 -2.722983e-01  7.701740e-01 6.673144e-01
 4.104104e-01 -1.352967e-01  7.659703e-01 6.050157e-01
 4.114114e-01  3.587070e-02  6.958080e-01 4.854355e-01
 4.124124e-01  2.261922e-01  5.673935e-01 3.730983e-01
 4.134134e-01  4.176412e-01  3.935995e-01 3.293447e-01
 4.144144e-01  5.908742e-01  1.911611e-01 3.856750e-01
 4.154154e-01  7.271102e-01 -2.099410e-02 5.291300e-01
 4.164164e-01  8.100187e-01 -2.236023e-01 7.061283e-01
 4.174174e-01  8.274238e-01 -3.989233e-01 8.437700e-01
 4.184184e-01  7.726657e-01 -5.324031e-01 8.804654e-01
 4.194194e-01  6.454734e-01 -6.139793e-01 7.936066e-01
 4.204204e-01  4.522687e-01 -6.388867e-01 6.127231e-01
 4.214214e-01  2.058495e-01 -6.079011e-01 4.119177e-01
 4.224224e-01 -7.551548e-02 -5.269968e-01 2.834283e-01
 4.234234e-01 -3.695238e-01 -4.064841e-01 3.017772e-01
 4.244244e-01 -6.516733e-01 -2.597243e-01 4.921348e-01
 4.254254e-01 -8.973516e-01 -1.015946e-01 8.155615e-01
 4.264264e-01 -1.083985e+00  5.312930e-02 1.177847e+00
 4.274274e-01 -1.193079e+00  1.912732e-01 1.460022e+00
 4.284284e-01 -1.211944e+00  3.024921e-01 1.560310e+00
 4.294294e-01 -1.134990e+00  3.800831e-01 1.432666e+00
 4.304304e-01 -9.644263e-01  4.213254e-01 1.107633e+00
 4.314314e-01 -7.103344e-01  4.273182e-01 6.871758e-01
 4.324324e-01 -3.900666e-01  4.023870e-01 3.140673e-01
 4.334334e-01 -2.702643e-02  3.531437e-01 1.254409e-01
 4.344344e-01  3.510994e-01  2.873674e-01 2.058508e-01
 4.354354e-01  7.145033e-01  2.128500e-01 5.558201e-01
 4.364364e-01  1.033663e+00  1.363896e-01 1.087061e+00
 4.374374e-01  1.281777e+00  6.304600e-02 1.646927e+00
 4.384384e-01  1.437051e+00 -4.226897e-03 2.065134e+00
 4.394394e-01  1.484617e+00 -6.455810e-02 2.208254e+00
 4.404404e-01  1.417938e+00 -1.187496e-01 2.024650e+00
 4.414414e-01  1.239555e+00 -1.685845e-01 1.564918e+00
 4.424424e-01  9.611043e-01 -2.159569e-01 9.703588e-01
 4.434434e-01  6.025696e-01 -2.620037e-01 4.317361e-01
 4.444444e-01  1.908407e-01 -3.063690e-01 1.302821e-01
 4.454454e-01 -2.423576e-01 -3.467683e-01 1.789855e-01
 4.464464e-01 -6.629685e-01 -3.789213e-01 5.831086e-01
 4.474474e-01 -1.037375e+00 -3.969229e-01 1.233694e+00
 4.484484e-01 -1.335172e+00 -3.939994e-01 1.937921e+00
 4.494494e-01 -1.531752e+00 -3.635908e-01 2.478463e+00
 4.504505e-01 -1.610416e+00 -3.005849e-01 2.683792e+00
 4.514515e-01 -1.563889e+00 -2.025559e-01 2.486779e+00
 4.524525e-01 -1.395028e+00 -7.078174e-02 1.951115e+00
 4.534535e-01 -1.116710e+00  8.910403e-02 1.254980e+00
 4.544545e-01 -7.508318e-01  2.670015e-01 6.350381e-01
 4.554555e-01 -3.265631e-01  4.488126e-01 3.080762e-01
 4.564565e-01  1.220766e-01  6.175321e-01 3.962486e-01
 4.574575e-01  5.590420e-01  7.548376e-01 8.823078e-01
 4.584585e-01  9.493109e-01  8.430703e-01 1.611959e+00
 4.594595e-01  1.261820e+00  8.673435e-01 2.344474e+00
 4.604605e-01  1.472101e+00  8.175790e-01 2.835516e+00
 4.614615e-01  1.564302e+00  6.901616e-01 2.923363e+00
 4.624625e-01  1.532497e+00  4.890366e-01 2.587705e+00
 4.634635e-01  1.381080e+00  2.260147e-01 1.958464e+00
 4.644645e-01  1.124295e+00 -7.974557e-02 1.270399e+00
 4.654655e-01  7.848665e-01 -4.031492e-01 7.785447e-01
 4.664665e-01  3.919513e-01 -7.152923e-01 6.652689e-01
 4.674675e-01 -2.150661e-02 -9.861958e-01 9.730447e-01
 4.684685e-01 -4.216375e-01 -1.187787e+00 1.588616e+00
 4.694695e-01 -7.766147e-01 -1.296913e+00 2.285113e+00
 4.704705e-01 -1.059285e+00 -1.297950e+00 2.806758e+00
 4.714715e-01 -1.249420e+00 -1.184831e+00 2.964874e+00
 4.724725e-01 -1.335178e+00 -9.621044e-01 2.708344e+00
 4.734735e-01 -1.313900e+00 -6.450352e-01 2.142403e+00
 4.744745e-01 -1.191913e+00 -2.585159e-01 1.487488e+00
 4.754755e-01 -9.837141e-01  1.649382e-01 9.948980e-01
 4.764765e-01 -7.102356e-01  5.881518e-01 8.503572e-01
 4.774775e-01 -3.968704e-01  9.726843e-01 1.103621e+00
 4.784785e-01 -7.086264e-02  1.282607e+00 1.650103e+00
 4.794795e-01  2.409415e-01  1.487938e+00 2.272011e+00
 4.804805e-01  5.147082e-01  1.567807e+00 2.722942e+00
 4.814815e-01  7.311115e-01  1.512474e+00 2.822100e+00
 4.824825e-01  8.773319e-01  1.324723e+00 2.524604e+00
 4.834835e-01  9.467604e-01  1.019404e+00 1.935539e+00
 4.844845e-01  9.410473e-01  6.228958e-01 1.273569e+00
 4.854855e-01  8.616275e-01  1.685219e-01 7.708015e-01
 4.864865e-01  6.884955e-01 -3.072146e-01 5.684068e-01
 4.874875e-01  4.427010e-01 -7.419574e-01 7.464849e-01
 4.884885e-01  1.593587e-01 -1.074773e+00 1.180532e+00
 4.894895e-01 -1.254932e-01 -1.259670e+00 1.602516e+00
 4.904905e-01 -3.775527e-01 -1.271037e+00 1.758080e+00
 4.914915e-01 -5.693664e-01 -1.107793e+00 1.551383e+00
 4.924925e-01 -6.826057e-01 -7.931686e-01 1.095067e+00
 4.934935e-01 -7.099734e-01 -3.715868e-01 6.421390e-01
 4.944945e-01 -6.548638e-01  9.786377e-02 4.384239e-01
 4.954955e-01 -5.302030e-01  5.496934e-01 5.832781e-01
 4.964965e-01 -3.558253e-01  9.213952e-01 9.755807e-01
 4.974975e-01 -1.555518e-01  1.162118e+00 1.374715e+00
 4.984985e-01  4.615113e-02  1.239820e+00 1.539285e+00
 4.994995e-01  2.270234e-01  1.145512e+00 1.363738e+00
 5.005005e-01  3.694148e-01  8.943741e-01 9.363722e-01
 5.015015e-01  4.617029e-01  5.232698e-01 4.869808e-01
 5.025025e-01  4.989138e-01  8.540916e-02 2.562097e-01
 5.035035e-01  4.823897e-01 -3.574223e-01 3.604505e-01
 5.045045e-01  4.188497e-01 -7.435409e-01 7.282881e-01
 5.055055e-01  3.189377e-01 -1.020130e+00 1.142387e+00
 5.065065e-01  1.956195e-01 -1.150392e+00 1.361668e+00
 5.075075e-01  6.259027e-02 -1.118612e+00 1.255210e+00
 5.085085e-01 -6.709070e-02 -9.318679e-01 8.728790e-01
 5.095095e-01 -1.820328e-01 -6.188893e-01 4.161599e-01
 5.105105e-01 -2.732261e-01 -2.254213e-01 1.254672e-01
 5.115115e-01 -3.343619e-01  1.921145e-01 1.487058e-01
 5.125125e-01 -3.620099e-01  5.751636e-01 4.618644e-01
 5.135135e-01 -3.554371e-01  8.705849e-01 8.842535e-01
 5.145145e-01 -3.166387e-01  1.039097e+00 1.179982e+00
 5.155155e-01 -2.497004e-01  1.058373e+00 1.182503e+00
 5.165165e-01 -1.620811e-01  9.343575e-01 8.992942e-01
 5.175175e-01 -6.754362e-02  7.218135e-01 5.255768e-01
 5.185185e-01  2.837362e-02  4.490566e-01 2.024569e-01
 5.195195e-01  1.215205e-01  1.416742e-01 3.483882e-02
 5.205205e-01  2.070785e-01 -1.706564e-01 7.200509e-02
 5.215215e-01  2.802013e-01 -4.592348e-01 2.894094e-01
 5.225225e-01  3.360743e-01 -6.978031e-01 5.998752e-01
 5.235235e-01  3.704612e-01 -8.655854e-01 8.864796e-01
 5.245245e-01  3.800963e-01 -9.485836e-01 1.044284e+00
 5.255255e-01  3.632356e-01 -9.410431e-01 1.017502e+00
 5.265265e-01  3.200326e-01 -8.455300e-01 8.173419e-01
 5.275275e-01  2.528498e-01 -6.727199e-01 5.164851e-01
 5.285285e-01  1.663011e-01 -4.400838e-01 2.213298e-01
 5.295295e-01  6.708983e-02 -1.702932e-01 3.350080e-02
 5.305305e-01 -3.645255e-02  1.110663e-01 1.366450e-02
 5.315315e-01 -1.350401e-01  3.777824e-01 1.609553e-01
 5.325325e-01 -2.193129e-01  6.055020e-01 4.147308e-01
 5.335335e-01 -2.807966e-01  7.738413e-01 6.776771e-01
 5.345345e-01 -3.128674e-01  8.682411e-01 8.517286e-01
 5.355355e-01 -3.115806e-01  8.811385e-01 8.734875e-01
 5.365365e-01 -2.762756e-01  8.125970e-01 7.366420e-01
 5.375375e-01 -2.098517e-01  6.701337e-01 4.931169e-01
 5.385385e-01 -1.186732e-01  4.679607e-01 2.330705e-01
 5.395395e-01 -1.207754e-02  2.255426e-01 5.101531e-02
 5.405405e-01  9.847271e-02 -3.423394e-02 1.086884e-02
 5.415415e-01  2.005256e-01 -2.872515e-01 1.227239e-01
 5.425425e-01  2.819463e-01 -5.103792e-01 3.399806e-01
 5.435435e-01  3.322600e-01 -6.836316e-01 5.777489e-01
 5.445445e-01  3.438801e-01 -7.919583e-01 7.454514e-01
 5.455455e-01  3.130819e-01 -8.266015e-01 7.812904e-01
 5.465465e-01  2.406020e-01 -7.858026e-01 6.753750e-01
 5.475475e-01  1.317817e-01 -6.748809e-01 4.728306e-01
 5.485485e-01 -3.778068e-03 -5.055989e-01 2.556445e-01
 5.495495e-01 -1.530335e-01 -2.949556e-01 1.104181e-01
 5.505506e-01 -3.007128e-01 -6.345423e-02 9.445460e-02
 5.515516e-01 -4.308156e-01  1.669142e-01 2.134624e-01
 5.525526e-01 -5.282455e-01  3.748367e-01 4.195459e-01
 5.535536e-01 -5.804106e-01  5.417159e-01 6.303326e-01
 5.545546e-01 -5.786210e-01  6.534352e-01 7.617798e-01
 5.555556e-01 -5.191399e-01  7.016186e-01 7.617748e-01
 5.565566e-01 -4.037660e-01  6.843161e-01 6.313155e-01
 5.575576e-01 -2.398838e-01  6.059981e-01 4.247780e-01
 5.585586e-01 -3.996089e-02  4.769164e-01 2.290461e-01
 5.595596e-01  1.794642e-01  3.118605e-01 1.294644e-01
 5.605606e-01  3.992169e-01  1.284944e-01 1.758850e-01
 5.615616e-01  5.992082e-01 -5.458436e-02 3.620299e-01
 5.625626e-01  7.602842e-01 -2.198074e-01 6.263473e-01
 5.635636e-01  8.660272e-01 -3.524439e-01 8.742197e-01
 5.645646e-01  9.043411e-01 -4.420208e-01 1.013215e+00
 5.655656e-01  8.686688e-01 -4.832383e-01 9.881047e-01
 5.665666e-01  7.587290e-01 -4.762559e-01 8.024893e-01
 5.675676e-01  5.807000e-01 -4.263626e-01 5.189977e-01
 5.685686e-01  3.468338e-01 -3.430553e-01 2.379806e-01
 5.695696e-01  7.452706e-02 -2.386772e-01 6.252110e-02
 5.705706e-01 -2.150655e-01 -1.267659e-01 6.232279e-02
 5.715716e-01 -4.987614e-01 -2.034393e-02 2.491768e-01
 5.725726e-01 -7.532710e-01  6.965911e-02 5.722696e-01
 5.735736e-01 -9.571503e-01  1.356336e-01 9.345331e-01
 5.745746e-01 -1.092615e+00  1.740421e-01 1.224098e+00
 5.755756e-01 -1.147068e+00  1.855865e-01 1.350206e+00
 5.765766e-01 -1.114209e+00  1.748011e-01 1.272018e+00
 5.775776e-01 -9.946419e-01  1.491165e-01 1.011548e+00
 5.785786e-01 -7.959121e-01  1.175466e-01 6.472933e-01
 5.795796e-01 -5.319921e-01  8.916493e-02 2.909660e-01
 5.805806e-01 -2.222366e-01  7.160398e-02 5.451622e-02
 5.815816e-01  1.101004e-01  6.976898e-02 1.698982e-02
 5.825826e-01  4.396733e-01  8.497289e-02 2.005330e-01
 5.835836e-01  7.410324e-01  1.146044e-01 5.622632e-01
 5.845846e-01  9.906353e-01  1.524081e-01 1.004587e+00
 5.855856e-01  1.168721e+00  1.893372e-01 1.401757e+00
 5.865866e-01  1.260898e+00  2.148939e-01 1.636044e+00
 5.875876e-01  1.259320e+00  2.187701e-01 1.633746e+00
 5.885886e-01  1.163344e+00  1.925836e-01 1.390457e+00
 5.895896e-01  9.796350e-01  1.314529e-01 9.769645e-01
 5.905906e-01  7.216818e-01  3.519626e-02 5.220634e-01
 5.915916e-01  4.087742e-01 -9.105003e-02 1.753865e-01
 5.925926e-01  6.451626e-02 -2.369025e-01 6.028514e-02
 5.935936e-01 -2.850108e-01 -3.875399e-01 2.314184e-01
 5.945946e-01 -6.132863e-01 -5.251796e-01 6.519338e-01
 5.955956e-01 -8.954288e-01 -6.310861e-01 1.200062e+00
 5.965966e-01 -1.110146e+00 -6.878735e-01 1.705593e+00
 5.975976e-01 -1.241397e+00 -6.818425e-01 2.005975e+00
 5.985986e-01 -1.279638e+00 -6.050451e-01 2.003552e+00
 5.995996e-01 -1.222539e+00 -4.568164e-01 1.703283e+00
 6.006006e-01 -1.075128e+00 -2.445395e-01 1.215700e+00
 6.016016e-01 -8.493376e-01  1.648525e-02 7.216461e-01
 6.026026e-01 -5.630089e-01  3.041173e-01 4.094664e-01
 6.036036e-01 -2.384295e-01  5.913144e-01 4.065013e-01
 6.046046e-01  9.946960e-02  8.487667e-01 7.302990e-01
 6.056056e-01  4.251024e-01  1.047949e+00 1.278909e+00
 6.066066e-01  7.142397e-01  1.164274e+00 1.865673e+00
 6.076076e-01  9.458762e-01  1.179985e+00 2.287047e+00
 6.086086e-01  1.103804e+00  1.086460e+00 2.398779e+00
 6.096096e-01  1.177766e+00  8.856387e-01 2.171490e+00
 6.106106e-01  1.164114e+00  5.903854e-01 1.703715e+00
 6.116116e-01  1.065911e+00  2.236999e-01 1.186207e+00
 6.126126e-01  8.925148e-01 -1.831738e-01 8.301353e-01
 6.136136e-01  6.586639e-01 -5.935832e-01 7.861791e-01
 6.146146e-01  3.831763e-01 -9.689637e-01 1.085715e+00
 6.156156e-01  8.737498e-02 -1.272655e+00 1.627286e+00
 6.166166e-01 -2.066202e-01 -1.473635e+00 2.214292e+00
 6.176176e-01 -4.775928e-01 -1.549780e+00 2.629913e+00
 6.186186e-01 -7.067831e-01 -1.490303e+00 2.720546e+00
 6.196196e-01 -8.791816e-01 -1.297098e+00 2.455422e+00
 6.206206e-01 -9.844714e-01 -9.848261e-01 1.939066e+00
 6.216216e-01 -1.017568e+00 -5.797330e-01 1.371535e+00
 6.226226e-01 -9.787362e-01 -1.172752e-01 9.716780e-01
 6.236236e-01 -8.733061e-01  3.611909e-01 8.931224e-01
 6.246246e-01 -7.110322e-01  8.123472e-01 1.165475e+00
 6.256256e-01 -5.051743e-01  1.195074e+00 1.683403e+00
 6.266266e-01 -2.713867e-01  1.474421e+00 2.247568e+00
 6.276276e-01 -2.651347e-02  1.624982e+00 2.641271e+00
 6.286286e-01  2.126158e-01  1.633344e+00 2.713019e+00
 6.296296e-01  4.303037e-01  1.499349e+00 2.433209e+00
 6.306306e-01  6.129485e-01  1.236069e+00 1.903572e+00
 6.316316e-01  7.498010e-01  8.684796e-01 1.316458e+00
 6.326326e-01  8.334866e-01  4.309916e-01 8.804537e-01
 6.336336e-01  8.602820e-01 -3.591981e-02 7.413754e-01
 6.346346e-01  8.301555e-01 -4.896339e-01 9.288996e-01
 6.356356e-01  7.465909e-01 -8.894642e-01 1.348545e+00
 6.366366e-01  6.162278e-01 -1.200488e+00 1.820909e+00
 6.376376e-01  4.483537e-01 -1.396757e+00 2.151951e+00
 6.386386e-01  2.542860e-01 -1.463575e+00 2.206712e+00
 6.396396e-01  4.667958e-02 -1.398645e+00 1.958386e+00
 6.406406e-01 -1.612048e-01 -1.211988e+00 1.494901e+00
 6.416416e-01 -3.562434e-01 -9.246727e-01 9.819290e-01
 6.426426e-01 -5.261744e-01 -5.665092e-01 5.977923e-01
 6.436436e-01 -6.602810e-01 -1.729571e-01 4.658851e-01
 6.446446e-01 -7.500049e-01  2.184227e-01 6.102158e-01
 6.456456e-01 -7.894679e-01  5.716111e-01 9.499988e-01
 6.466466e-01 -7.758706e-01  8.555118e-01 1.333876e+00
 6.476476e-01 -7.097438e-01  1.046740e+00 1.599401e+00
 6.486486e-01 -5.950244e-01  1.131570e+00 1.634505e+00
 6.496496e-01 -4.389352e-01  1.106876e+00 1.417839e+00
 6.506507e-01 -2.516535e-01  9.800123e-01 1.023754e+00
 6.516517e-01 -4.576639e-02  7.676824e-01 5.914309e-01
 6.526527e-01  1.644757e-01  4.939529e-01 2.710417e-01
 6.536537e-01  3.640760e-01  1.876345e-01 1.677581e-01
 6.546547e-01  5.383310e-01 -1.206787e-01 3.043636e-01
 6.556557e-01  6.739260e-01 -4.016141e-01 6.154702e-01
 6.566567e-01  7.600060e-01 -6.297671e-01 9.742156e-01
 6.576577e-01  7.891313e-01 -7.859388e-01 1.240428e+00
 6.586587e-01  7.580301e-01 -8.586669e-01 1.311919e+00
 6.596597e-01  6.680614e-01 -8.449397e-01 1.160229e+00
 6.606607e-01  5.253260e-01 -7.500619e-01 8.385602e-01
 6.616617e-01  3.403843e-01 -5.867349e-01 4.601193e-01
 6.626627e-01  1.275750e-01 -3.734776e-01 1.557609e-01
 6.636637e-01 -9.603587e-02 -1.325827e-01 2.680107e-02
 6.646647e-01 -3.120043e-01  1.121736e-01 1.099296e-01
 6.656657e-01 -5.020558e-01  3.378305e-01 3.661894e-01
 6.666667e-01 -6.496962e-01  5.243325e-01 6.970297e-01
 6.676677e-01 -7.417424e-01  6.562236e-01 9.808111e-01
 6.686687e-01 -7.696200e-01  7.238105e-01 1.116217e+00
 6.696697e-01 -7.302925e-01  7.237199e-01 1.057098e+00
 6.706707e-01 -6.267118e-01  6.588383e-01 8.268355e-01
 6.716717e-01 -4.677227e-01  5.376800e-01 5.078643e-01
 6.726727e-01 -2.674034e-01  3.732852e-01 2.108465e-01
 6.736737e-01 -4.388199e-02  1.817786e-01 3.496908e-02
 6.746747e-01  1.822793e-01 -1.925030e-02 3.359633e-02
 6.756757e-01  3.899863e-01 -2.123872e-01 1.971976e-01
 6.766767e-01  5.596254e-01 -3.819007e-01 4.590288e-01
 6.776777e-01  6.749877e-01 -5.149934e-01 7.208266e-01
 6.786787e-01  7.249080e-01 -6.027008e-01 8.887399e-01
 6.796797e-01  7.044432e-01 -6.403886e-01 9.063378e-01
 6.806807e-01  6.154579e-01 -6.278308e-01 7.729600e-01
 6.816817e-01  4.665390e-01 -5.689006e-01 5.413065e-01
 6.826827e-01  2.722327e-01 -4.709265e-01 2.958824e-01
 6.836837e-01  5.166454e-02 -3.438034e-01 1.208700e-01
 6.846847e-01 -1.733275e-01 -1.989536e-01 6.962498e-02
 6.856857e-01 -3.803644e-01 -4.824480e-02 1.470046e-01
 6.866867e-01 -5.487798e-01  9.703608e-02 3.105753e-01
 6.876877e-01 -6.617250e-01  2.270632e-01 4.894376e-01
 6.886887e-01 -7.079001e-01  3.341414e-01 6.127730e-01
 6.896897e-01 -6.827273e-01  4.131176e-01 6.367827e-01
 6.906907e-01 -5.888347e-01  4.615208e-01 5.597278e-01
 6.916917e-01 -4.357951e-01  4.794384e-01 4.197785e-01
 6.926927e-01 -2.391403e-01  4.691648e-01 2.773037e-01
 6.936937e-01 -1.875392e-02  4.346779e-01 1.892966e-01
 6.946947e-01  2.031905e-01  3.810130e-01 1.864573e-01
 6.956957e-01  4.045256e-01  3.136107e-01 2.619927e-01
 6.966967e-01  5.653747e-01  2.377154e-01 3.761571e-01
 6.976977e-01  6.701795e-01  1.578894e-01 4.740696e-01
 6.986987e-01  7.092551e-01  7.769591e-02 5.090794e-01
 6.996997e-01  6.797055e-01 -4.237245e-04 4.619998e-01
 7.007007e-01  5.856083e-01 -7.507249e-02 3.485730e-01
 7.017017e-01  4.374539e-01 -1.456451e-01 2.125784e-01
 7.027027e-01  2.509128e-01 -2.119448e-01 1.078779e-01
 7.037037e-01  4.507436e-02 -2.737372e-01 7.696374e-02
 7.047047e-01 -1.596401e-01 -3.303150e-01 1.345929e-01
 7.057057e-01 -3.436516e-01 -3.801539e-01 2.626135e-01
 7.067067e-01 -4.902429e-01 -4.207258e-01 4.173483e-01
 7.077077e-01 -5.872006e-01 -4.485205e-01 5.459752e-01
 7.087087e-01 -6.279065e-01 -4.592972e-01 6.052205e-01
 7.097097e-01 -6.117688e-01 -4.485586e-01 5.754659e-01
 7.107107e-01 -5.439663e-01 -4.122001e-01 4.658082e-01
 7.117117e-01 -4.345571e-01 -3.472638e-01 3.094321e-01
 7.127127e-01 -2.970777e-01 -2.526977e-01 1.521113e-01
 7.137137e-01 -1.468161e-01 -1.300098e-01 3.845753e-02
 7.147147e-01  1.023213e-03  1.629040e-02 2.664241e-04
 7.157157e-01  1.330378e-01  1.785571e-01 4.958169e-02
 7.167167e-01  2.390247e-01  3.462430e-01 1.770170e-01
 7.177177e-01  3.128966e-01  5.065257e-01 3.544726e-01
 7.187187e-01  3.530229e-01  6.453014e-01 5.410391e-01
 7.197197e-01  3.619754e-01  7.484694e-01 6.912326e-01
 7.207207e-01  3.457349e-01  8.033917e-01 7.649708e-01
 7.217217e-01  3.124858e-01  8.003731e-01 7.382444e-01
 7.227227e-01  2.711746e-01  7.339942e-01 6.122832e-01
 7.237237e-01  2.300375e-01  6.041292e-01 4.178894e-01
 7.247247e-01  1.953057e-01  4.165028e-01 2.116189e-01
 7.257257e-01  1.702666e-01  1.826819e-01 6.236341e-02
 7.267267e-01  1.548166e-01 -8.054411e-02 3.045552e-02
 7.277277e-01  1.455651e-01 -3.523785e-01 1.453598e-01
 7.287287e-01  1.364838e-01 -6.097382e-01 3.904085e-01
 7.297297e-01  1.200105e-01 -8.293348e-01 7.021987e-01
 7.307307e-01  8.845841e-02 -9.899133e-01 9.877533e-01
 7.317317e-01  3.553252e-02 -1.074426e+00 1.155654e+00
 7.327327e-01 -4.226323e-02 -1.071906e+00 1.150768e+00
 7.337337e-01 -1.445402e-01 -9.788279e-01 9.789959e-01
 7.347347e-01 -2.664341e-01 -7.997988e-01 7.106654e-01
 7.357357e-01 -3.986256e-01 -5.474642e-01 4.586194e-01
 7.367367e-01 -5.280105e-01 -2.416201e-01 3.371754e-01
 7.377377e-01 -6.389774e-01  9.241090e-02 4.168319e-01
 7.387387e-01 -7.151638e-01  4.260005e-01 6.929357e-01
 7.397397e-01 -7.414989e-01  7.298197e-01 1.082457e+00
 7.407407e-01 -7.062902e-01  9.765782e-01 1.452551e+00
 7.417417e-01 -6.030939e-01  1.143625e+00 1.671600e+00
 7.427427e-01 -4.321208e-01  1.215146e+00 1.663308e+00
 7.437437e-01 -2.009738e-01  1.183737e+00 1.441624e+00
 7.447447e-01  7.542017e-02  1.051187e+00 1.110681e+00
 7.457457e-01  3.757295e-01  8.283829e-01 8.273908e-01
 7.467467e-01  6.739394e-01  5.343567e-01 7.397314e-01
 7.477477e-01  9.417284e-01  1.945444e-01 9.246999e-01
 7.487487e-01  1.151272e+00 -1.615527e-01 1.351527e+00
 7.497497e-01  1.278186e+00 -5.030842e-01 1.886854e+00
 7.507508e-01  1.304292e+00 -8.006742e-01 2.342258e+00
 7.517518e-01  1.219894e+00 -1.029080e+00 2.547146e+00
 7.527528e-01  1.025295e+00 -1.169430e+00 2.418795e+00
 7.537538e-01  7.313621e-01 -1.210833e+00 2.001007e+00
 7.547548e-01  3.590258e-01 -1.151219e+00 1.454205e+00
 7.557558e-01 -6.227186e-02 -9.973469e-01 9.985786e-01
 7.567568e-01 -4.970574e-01 -7.639947e-01 8.307540e-01
 7.577578e-01 -9.070185e-01 -4.724422e-01 1.045884e+00
 7.587588e-01 -1.254600e+00 -1.484003e-01 1.596045e+00
 7.597598e-01 -1.506653e+00  1.803921e-01 2.302545e+00
 7.607608e-01 -1.637759e+00  4.866704e-01 2.919103e+00
 7.617618e-01 -1.632897e+00  7.460055e-01 3.222877e+00
 7.627628e-01 -1.489155e+00  9.388114e-01 3.098949e+00
 7.637638e-01 -1.216301e+00  1.051829e+00 2.585732e+00
 7.647648e-01 -8.361321e-01  1.078974e+00 1.863301e+00
 7.657658e-01 -3.806406e-01  1.021506e+00 1.188362e+00
 7.667668e-01  1.108366e-01  8.875419e-01 8.000153e-01
 7.677678e-01  5.952169e-01  6.909899e-01 8.317501e-01
 7.687688e-01  1.029676e+00  4.500520e-01 1.262780e+00
 7.697698e-01  1.375666e+00  1.854466e-01 1.926848e+00
 7.707708e-01  1.602548e+00 -8.146028e-02 2.574797e+00
 7.717718e-01  1.690492e+00 -3.304417e-01 2.966954e+00
 7.727728e-01  1.632341e+00 -5.439605e-01 2.960431e+00
 7.737738e-01  1.434279e+00 -7.083651e-01 2.558939e+00
 7.747748e-01  1.115208e+00 -8.146552e-01 1.907352e+00
 7.757758e-01  7.049220e-01 -8.587918e-01 1.234438e+00
 7.767768e-01  2.412488e-01 -8.415688e-01 7.664391e-01
 7.777778e-01 -2.335553e-01 -7.681070e-01 6.445365e-01
 7.787788e-01 -6.768013e-01 -6.470571e-01 8.767429e-01
 7.797798e-01 -1.049362e+00 -4.896180e-01 1.340887e+00
 7.807808e-01 -1.319277e+00 -3.084795e-01 1.835652e+00
 7.817818e-01 -1.464625e+00 -1.167915e-01 2.158767e+00
 7.827828e-01 -1.475390e+00  7.275752e-02 2.182071e+00
 7.837838e-01 -1.354168e+00  2.486922e-01 1.895618e+00
 7.847848e-01 -1.115647e+00  4.013024e-01 1.405712e+00
 7.857858e-01 -7.849611e-01  5.229893e-01 8.896817e-01
 7.867868e-01 -3.950747e-01  6.084258e-01 5.262660e-01
 7.877878e-01  1.650883e-02  6.545637e-01 4.287261e-01
 7.887888e-01  4.113871e-01  6.605328e-01 6.055429e-01
 7.897898e-01  7.538836e-01  6.274727e-01 9.620624e-01
 7.907908e-01  1.014309e+00  5.583347e-01 1.340560e+00
 7.917918e-01  1.171554e+00  4.576770e-01 1.582007e+00
 7.927928e-01  1.214784e+00  3.314620e-01 1.585567e+00
 7.937938e-01  1.144104e+00  1.868493e-01 1.343887e+00
 7.947948e-01  9.701623e-01  3.196898e-02 9.422370e-01
 7.957958e-01  7.127702e-01 -1.243492e-01 5.235041e-01
 7.967968e-01  3.987120e-01 -2.729121e-01 2.334523e-01
 7.977978e-01  5.898007e-02 -4.045802e-01 1.671638e-01
 7.987988e-01 -2.742716e-01 -5.107645e-01 3.361053e-01
 7.997998e-01 -5.707546e-01 -5.839887e-01 6.668036e-01
 8.008008e-01 -8.047670e-01 -6.184789e-01 1.030166e+00
 8.018018e-01 -9.573625e-01 -6.107304e-01 1.289535e+00
 8.028028e-01 -1.017791e+00 -5.599854e-01 1.349481e+00
 8.038038e-01 -9.841068e-01 -4.685545e-01 1.188009e+00
 8.048048e-01 -8.629390e-01 -3.419192e-01 8.615724e-01
 8.058058e-01 -6.684764e-01 -1.885664e-01 4.824180e-01
 8.068068e-01 -4.208170e-01 -1.953332e-02 1.774685e-01
 8.078078e-01 -1.438650e-01  1.523315e-01 4.390202e-02
 8.088088e-01  1.370028e-01  3.133489e-01 1.169573e-01
 8.098098e-01  3.972721e-01  4.501576e-01 3.604670e-01
 8.108108e-01  6.154140e-01  5.509279e-01 6.822559e-01
 8.118118e-01  7.746144e-01  6.065212e-01 9.678954e-01
 8.128128e-01  8.639797e-01  6.114696e-01 1.120356e+00
 8.138138e-01  8.791425e-01  5.646580e-01 1.091730e+00
 8.148148e-01  8.222545e-01  4.696173e-01 8.966429e-01
 8.158158e-01  7.014073e-01  3.343707e-01 6.037759e-01
 8.168168e-01  5.295734e-01  1.708222e-01 3.096283e-01
 8.178178e-01  3.231950e-01 -6.272562e-03 1.044943e-01
 8.188188e-01  1.005679e-01 -1.806670e-01 4.275447e-02
 8.198198e-01 -1.198197e-01 -3.361851e-01 1.273772e-01
 8.208208e-01 -3.208484e-01 -4.583259e-01 3.130063e-01
 8.218218e-01 -4.880974e-01 -5.357416e-01 5.252582e-01
 8.228228e-01 -6.108470e-01 -5.614238e-01 6.883307e-01
 8.238238e-01 -6.826886e-01 -5.334627e-01 7.506463e-01
 8.248248e-01 -7.017218e-01 -4.552838e-01 6.996968e-01
 8.258258e-01 -6.703497e-01 -3.353238e-01 5.618107e-01
 8.268268e-01 -5.947239e-01 -1.861687e-01 3.883553e-01
 8.278278e-01 -4.839121e-01 -2.323972e-02 2.347110e-01
 8.288288e-01 -3.488845e-01  1.368356e-01 1.404444e-01
 8.298298e-01 -2.014228e-01  2.779901e-01 1.178496e-01
 8.308308e-01 -5.305557e-02  3.864250e-01 1.521391e-01
 8.318318e-01  8.588495e-02  4.520668e-01 2.117407e-01
 8.328328e-01  2.070070e-01  4.696074e-01 2.633830e-01
 8.338338e-01  3.043507e-01  4.390050e-01 2.853547e-01
 8.348348e-01  3.745992e-01  3.653901e-01 2.738345e-01
 8.358358e-01  4.170125e-01  2.583853e-01 2.406624e-01
 8.368368e-01  4.331131e-01  1.309185e-01 2.047266e-01
 8.378378e-01  4.261762e-01 -2.328075e-03 1.816316e-01
 8.388388e-01  4.005968e-01 -1.266505e-01 1.765181e-01
 8.398398e-01  3.612128e-01 -2.290284e-01 1.829287e-01
 8.408408e-01  3.126686e-01 -2.995989e-01 1.875211e-01
 8.418418e-01  2.588903e-01 -3.327216e-01 1.777279e-01
 8.428428e-01  2.027332e-01 -3.275076e-01 1.483620e-01
 8.438438e-01  1.458353e-01 -2.877511e-01 1.040686e-01
 8.448448e-01  8.868656e-02 -2.212758e-01 5.682828e-02
 8.458458e-01  3.089414e-02 -1.387835e-01 2.021532e-02
 8.468468e-01 -2.840069e-02 -5.235419e-02 3.547560e-03
 8.478478e-01 -9.001964e-02  2.620844e-02 8.790419e-03
 8.488488e-01 -1.542358e-01  8.696917e-02 3.135231e-02
 8.498498e-01 -2.203342e-01  1.231829e-01 6.372116e-02
 8.508509e-01 -2.863175e-01  1.321700e-01 9.944661e-02
 8.518519e-01 -3.488132e-01  1.156256e-01 1.350399e-01
 8.528529e-01 -4.032120e-01  7.931682e-02 1.688710e-01
 8.538539e-01 -4.440388e-01  3.220042e-02 1.982073e-01
 8.548549e-01 -4.655249e-01 -1.492634e-02 2.169362e-01
 8.558559e-01 -4.623199e-01 -5.106889e-02 2.163477e-01
 8.568569e-01 -4.302615e-01 -6.675204e-02 1.895808e-01
 8.578579e-01 -3.671061e-01 -5.557775e-02 1.378558e-01
 8.588589e-01 -2.731213e-01 -1.540285e-02 7.483250e-02
 8.598599e-01 -1.514541e-01  5.103832e-02 2.554325e-02
 8.608609e-01 -8.207252e-03  1.361768e-01 1.861147e-02
 8.618619e-01  1.478083e-01  2.283410e-01 7.398691e-02
 8.628629e-01  3.056453e-01  3.131150e-01 1.914600e-01
 8.638639e-01  4.530728e-01  3.751725e-01 3.460293e-01
 8.648649e-01  5.776374e-01  4.003704e-01 4.939613e-01
 8.658659e-01  6.678272e-01  3.778398e-01 5.887561e-01
 8.668669e-01  7.142221e-01  3.018037e-01 6.011986e-01
 8.678679e-01  7.105053e-01  1.728685e-01 5.347013e-01
 8.688689e-01  6.542277e-01 -1.405623e-03 4.280158e-01
 8.698699e-01  5.472338e-01 -2.067721e-01 3.422196e-01
 8.708709e-01  3.956968e-01 -4.234212e-01 3.358615e-01
 8.718719e-01  2.097463e-01 -6.278733e-01 4.382184e-01
 8.728729e-01  2.717870e-03 -7.954577e-01 6.327603e-01
 8.738739e-01 -2.099112e-01 -9.031149e-01 8.596792e-01
 8.748749e-01 -4.118001e-01 -9.322088e-01 1.038593e+00
 8.758759e-01 -5.871183e-01 -8.710186e-01 1.103381e+00
 8.768769e-01 -7.218864e-01 -7.166046e-01 1.034642e+00
 8.778779e-01 -8.051596e-01 -4.758000e-01 8.746676e-01
 8.788789e-01 -8.299499e-01 -1.651710e-01 7.160983e-01
 8.798799e-01 -7.938054e-01  1.901010e-01 6.662654e-01
 8.808809e-01 -6.990033e-01  5.583438e-01 8.003534e-01
 8.818819e-01 -5.523491e-01  9.043345e-01 1.122910e+00
 8.828829e-01 -3.646083e-01  1.192772e+00 1.555645e+00
 8.838839e-01 -1.496326e-01  1.391928e+00 1.959854e+00
 8.848849e-01  7.673922e-02  1.477086e+00 2.187673e+00
 8.858859e-01  2.979057e-01  1.433405e+00 2.143397e+00
 8.868869e-01  4.977530e-01  1.257868e+00 1.829990e+00
 8.878879e-01  6.618315e-01  9.601038e-01 1.359820e+00
 8.888889e-01  7.783771e-01  5.619331e-01 9.216397e-01
 8.898899e-01  8.391079e-01  9.567599e-02 7.132560e-01
 8.908909e-01  8.397553e-01 -3.986552e-01 8.641148e-01
 8.918919e-01  7.803032e-01 -8.770104e-01 1.378020e+00
 8.928929e-01  6.649378e-01 -1.295453e+00 2.120340e+00
 8.938939e-01  5.017217e-01 -1.614395e+00 2.857998e+00
 8.948949e-01  3.020256e-01 -1.802499e+00 3.340222e+00
 8.958959e-01  7.975808e-02 -1.839835e+00 3.391354e+00
 8.968969e-01 -1.495552e-01 -1.719986e+00 2.980718e+00
 8.978979e-01 -3.697908e-01 -1.450865e+00 2.241754e+00
 8.988989e-01 -5.652869e-01 -1.054158e+00 1.430798e+00
 8.998999e-01 -7.218874e-01 -5.634292e-01 8.385739e-01
 9.009009e-01 -8.279101e-01 -2.107780e-02 6.858795e-01
 9.019019e-01 -8.749853e-01  5.255749e-01 1.041828e+00
 9.029029e-01 -8.587083e-01  1.028675e+00 1.795552e+00
 9.039039e-01 -7.790603e-01  1.444281e+00 2.692884e+00
 9.049049e-01 -6.405539e-01  1.736434e+00 3.425511e+00
 9.059059e-01 -4.520789e-01  1.880446e+00 3.740454e+00
 9.069069e-01 -2.264348e-01  1.865118e+00 3.529939e+00
 9.079079e-01  2.044108e-02  1.693647e+00 2.868857e+00
 9.089089e-01  2.705161e-01  1.383173e+00 1.986345e+00
 9.099099e-01  5.049211e-01  9.630168e-01 1.182347e+00
 9.109109e-01  7.053455e-01  4.717896e-01 7.200976e-01
 9.119119e-01  8.554682e-01 -4.632702e-02 7.339720e-01
 9.129129e-01  9.423154e-01 -5.457528e-01 1.185804e+00
 9.139139e-01  9.574265e-01 -9.837302e-01 1.884391e+00
 9.149149e-01  8.977197e-01 -1.324183e+00 2.559361e+00
 9.159159e-01  7.659631e-01 -1.540848e+00 2.960912e+00
 9.169169e-01  5.707877e-01 -1.619402e+00 2.948260e+00
 9.179179e-01  3.262112e-01 -1.558392e+00 2.535000e+00
 9.189189e-01  5.068809e-02 -1.368933e+00 1.876546e+00
 9.199199e-01 -2.342594e-01 -1.073217e+00 1.206672e+00
 9.209209e-01 -5.057282e-01 -7.020363e-01 7.486160e-01
 9.219219e-01 -7.413073e-01 -2.915832e-01 6.345573e-01
 9.229229e-01 -9.209785e-01  1.201343e-01 8.626336e-01
 9.239239e-01 -1.028877e+00  4.968950e-01 1.305492e+00
 9.249249e-01 -1.054749e+00  8.075377e-01 1.764613e+00
 9.259259e-01 -9.949700e-01  1.028599e+00 2.047980e+00
 9.269269e-01 -8.530092e-01  1.146085e+00 2.041134e+00
 9.279279e-01 -6.392918e-01  1.156252e+00 1.745612e+00
 9.289289e-01 -3.704494e-01  1.065361e+00 1.272228e+00
 9.299299e-01 -6.801187e-02  8.884907e-01 7.940413e-01
 9.309309e-01  2.433543e-01  6.475703e-01 4.785687e-01
 9.319319e-01  5.379125e-01  3.688821e-01 4.254238e-01
 9.329329e-01  7.910478e-01  8.029948e-02 6.322046e-01
 9.339339e-01  9.813909e-01 -1.914423e-01 9.997783e-01
 9.349349e-01  1.092683e+00 -4.231765e-01 1.373034e+00
 9.359359e-01  1.115211e+00 -5.972171e-01 1.600364e+00
 9.369369e-01  1.046686e+00 -7.025976e-01 1.589195e+00
 9.379379e-01  8.924762e-01 -7.355652e-01 1.337570e+00
 9.389389e-01  6.651754e-01 -6.993377e-01 9.315317e-01
 9.399399e-01  3.835399e-01 -6.032071e-01 5.109616e-01
 9.409409e-01  7.088684e-02 -4.611335e-01 2.176690e-01
 9.419419e-01 -2.469038e-01 -2.900167e-01 1.450712e-01
 9.429429e-01 -5.436080e-01 -1.078452e-01 3.071403e-01
 9.439439e-01 -7.949003e-01  6.807914e-02 6.365012e-01
 9.449449e-01 -9.804215e-01  2.226712e-01 1.010809e+00
 9.459459e-01 -1.085491e+00  3.442200e-01 1.296779e+00
 9.469469e-01 -1.102315e+00  4.250998e-01 1.395809e+00
 9.479479e-01 -1.030582e+00  4.620134e-01 1.275556e+00
 9.489489e-01 -8.774061e-01  4.558016e-01 9.775966e-01
 9.499499e-01 -6.566225e-01  4.108925e-01 5.999858e-01
 9.509510e-01 -3.875037e-01  3.344928e-01 2.620445e-01
 9.519520e-01 -9.301888e-02  2.356370e-01 6.417732e-02
 9.529530e-01  2.022052e-01  1.242101e-01 5.631508e-02
 9.539540e-01  4.740371e-01  1.004024e-02 2.248120e-01
 9.549550e-01  7.009128e-01 -9.786211e-02 5.008558e-01
 9.559560e-01  8.656419e-01 -1.918749e-01 7.861519e-01
 9.569570e-01  9.567898e-01 -2.661296e-01 9.862717e-01
 9.579580e-01  9.695171e-01 -3.166828e-01 1.040251e+00
 9.589590e-01  9.058087e-01 -3.415238e-01 9.371279e-01
 9.599600e-01  7.740826e-01 -3.404607e-01 7.151174e-01
 9.609610e-01  5.882263e-01 -3.149278e-01 4.451897e-01
 9.619620e-01  3.661612e-01 -2.677508e-01 2.057645e-01
 9.629630e-01  1.280803e-01 -2.028976e-01 5.757201e-02
 9.639640e-01 -1.054674e-01 -1.252263e-01 2.680501e-02
 9.649650e-01 -3.154602e-01 -4.023102e-02 1.011337e-01
 9.659660e-01 -4.860730e-01  4.622216e-02 2.384034e-01
 9.669670e-01 -6.059768e-01  1.281817e-01 3.836384e-01
 9.679680e-01 -6.691509e-01  1.999277e-01 4.877340e-01
 9.689690e-01 -6.751403e-01  2.563213e-01 5.215150e-01
 9.699700e-01 -6.287510e-01  2.931725e-01 4.812779e-01
 9.709710e-01 -5.392310e-01  3.076024e-01 3.853893e-01
 9.719720e-01 -4.190398e-01  2.983616e-01 2.646140e-01
 9.729730e-01 -2.823499e-01  2.660589e-01 1.505088e-01
 9.739740e-01 -1.434501e-01  2.132558e-01 6.605593e-02
 9.749750e-01 -1.522656e-02  1.443873e-01 2.107955e-02
 9.759760e-01  9.211167e-02  6.548829e-02 1.277328e-02
 9.769770e-01  1.719312e-01 -1.627719e-02 2.982529e-02
 9.779780e-01  2.216058e-01 -9.325515e-02 5.780567e-02
 9.789790e-01  2.424494e-01 -1.580581e-01 8.376407e-02
 9.799800e-01  2.391747e-01 -2.043634e-01 9.896893e-02
 9.809810e-01  2.189607e-01 -2.276611e-01 9.977337e-02
 9.819820e-01  1.902542e-01 -2.258578e-01 8.720840e-02
 9.829830e-01  1.614638e-01 -1.996471e-01 6.592953e-02
 9.839840e-01  1.397159e-01 -1.525800e-01 4.280118e-02
 9.849850e-01  1.298304e-01 -9.079920e-02 2.510042e-02
 9.859860e-01  1.336486e-01 -2.244145e-02 1.836557e-02
 9.869870e-01  1.497977e-01  4.324770e-02 2.430973e-02
 9.879880e-01  1.739216e-01  9.699877e-02 3.965749e-02
 9.889890e-01  1.993474e-01  1.306858e-01 5.681815e-02
 9.899900e-01  2.181010e-01  1.384361e-01 6.673260e-02
 9.909910e-01  2.221388e-01  1.175418e-01 6.316173e-02
 9.919920e-01  2.046329e-01  6.904164e-02 4.664135e-02
 9.929930e-01  1.611376e-01 -2.121289e-03 2.596984e-02
 9.939940e-01  9.048026e-02 -8.742103e-02 1.582911e-02
 9.949950e-01 -4.753443e-03 -1.755437e-01 3.083817e-02
 9.959960e-01 -1.182134e-01 -2.535955e-01 7.828509e-02
 9.969970e-01 -2.402778e-01 -3.086061e-01 1.529712e-01
 9.979980e-01 -3.589985e-01 -3.291664e-01 2.372304e-01
 9.989990e-01 -4.613957e-01 -3.070109e-01 3.071417e-01
 1.000000e+00 -5.349529e-01 -2.383516e-01 3.429861e-01
