# x psi_r psi_i psi2 
 0.000000e+00 -8.433273e-01  1.199805e-01 7.255962e-01
 1.001001e-03 -8.108901e-01  2.381962e-01 7.142803e-01
 2.002002e-03 -7.329563e-01  3.536734e-01 6.623097e-01
 3.003003e-03 -6.109599e-01  4.548126e-01 5.801265e-01
 4.004004e-03 -4.491802e-01  5.298224e-01 4.824746e-01
 5.005005e-03 -2.547557e-01  5.679070e-01 3.874188e-01
 6.006006e-03 -3.747736e-02  5.604840e-01 3.155469e-01
 7.007007e-03  1.906464e-01  5.023041e-01 2.886555e-01
 8.008008e-03  4.160395e-01  3.923455e-01 3.270239e-01
 9.009009e-03  6.243872e-01  2.343665e-01 4.447870e-01
 1.001001e-02  8.015927e-01  3.703074e-02 6.439221e-01
 1.101101e-02  9.347941e-01 -1.864456e-01 9.086020e-01
 1.201201e-02  1.013364e+00 -4.191264e-01 1.202574e+00
 1.301301e-02  1.029813e+00 -6.416221e-01 1.472193e+00
 1.401401e-02  9.805118e-01 -8.336937e-01 1.656448e+00
 1.501502e-02  8.661810e-01 -9.760620e-01 1.702966e+00
 1.601602e-02  6.920718e-01 -1.052255e+00 1.586204e+00
 1.701702e-02  4.678267e-01 -1.050320e+00 1.322034e+00
 1.801802e-02  2.070010e-01 -9.642199e-01 9.725695e-01
 1.901902e-02 -7.373231e-02 -7.947727e-01 6.371001e-01
 2.002002e-02 -3.556513e-01 -5.500085e-01 4.289972e-01
 2.102102e-02 -6.192592e-01 -2.448888e-01 4.434524e-01
 2.202202e-02 -8.456757e-01  9.961929e-02 7.250914e-01
 2.302302e-02 -1.018047e+00  4.580564e-01 1.246235e+00
 2.402402e-02 -1.122862e+00  8.024559e-01 1.904755e+00
 2.502503e-02 -1.151079e+00  1.104636e+00 2.545205e+00
 2.602603e-02 -1.098954e+00  1.338604e+00 2.999561e+00
 2.702703e-02 -9.685029e-01  1.482850e+00 3.136842e+00
 2.802803e-02 -7.675488e-01  1.522330e+00 2.906620e+00
 2.902903e-02 -5.093174e-01  1.449946e+00 2.361749e+00
 3.003003e-02 -2.116098e-01  1.267379e+00 1.651029e+00
 3.103103e-02  1.044095e-01  9.851859e-01 9.814926e-01
 3.203203e-02  4.157284e-01  6.221427e-01 5.598916e-01
 3.303303e-02  6.991970e-01  2.038737e-01 5.304410e-01
 3.403403e-02  9.333055e-01 -2.391209e-01 9.282379e-01
 3.503504e-02  1.099889e+00 -6.738740e-01 1.663863e+00
 3.603604e-02  1.185624e+00 -1.067593e+00 2.545459e+00
 3.703704e-02  1.183177e+00 -1.390307e+00 3.332861e+00
 3.803804e-02  1.091920e+00 -1.617291e+00 3.807920e+00
 3.903904e-02  9.181186e-01 -1.731064e+00 3.839525e+00
 4.004004e-02  6.745735e-01 -1.722787e+00 3.423045e+00
 4.104104e-02  3.797232e-01 -1.592948e+00 2.681673e+00
 4.204204e-02  5.626758e-02 -1.351281e+00 1.829125e+00
 4.304304e-02 -2.705898e-01 -1.015933e+00 1.105338e+00
 4.404404e-02 -5.751416e-01 -6.119587e-01 7.052813e-01
 4.504505e-02 -8.332592e-01 -1.692782e-01 7.229761e-01
 4.604605e-02 -1.024384e+00  2.797233e-01 1.127608e+00
 4.704705e-02 -1.133258e+00  7.027456e-01 1.778125e+00
 4.804805e-02 -1.151237e+00  1.070060e+00 2.470375e+00
 4.904905e-02 -1.077074e+00  1.356731e+00 3.000807e+00
 5.005005e-02 -9.170858e-01  1.544393e+00 3.226195e+00
 5.105105e-02 -6.846855e-01  1.622457e+00 3.101161e+00
 5.205205e-02 -3.993055e-01  1.588665e+00 2.683303e+00
 5.305305e-02 -8.479773e-02  1.448968e+00 2.106700e+00
 5.405405e-02  2.325586e-01  1.216769e+00 1.534610e+00
 5.505506e-02  5.262734e-01  9.116160e-01 1.108007e+00
 5.605606e-02  7.718959e-01  5.574795e-01 9.066068e-01
 5.705706e-02  9.491027e-01  1.807660e-01 9.334723e-01
 5.805806e-02  1.043439e+00 -1.917540e-01 1.125535e+00
 5.905906e-02  1.047561e+00 -5.349352e-01 1.383541e+00
 6.006006e-02  9.618626e-01 -8.270104e-01 1.609126e+00
 6.106106e-02  7.944321e-01 -1.050982e+00 1.735686e+00
 6.206206e-02  5.603433e-01 -1.195568e+00 1.743367e+00
 6.306306e-02  2.803353e-01 -1.255648e+00 1.655240e+00
 6.406406e-02 -2.099850e-02 -1.232228e+00 1.518826e+00
 6.506507e-02 -3.173533e-01 -1.131939e+00 1.381999e+00
 6.606607e-02 -5.829989e-01 -9.661681e-01 1.273369e+00
 6.706707e-02 -7.950065e-01 -7.498994e-01 1.194385e+00
 6.806807e-02 -9.352217e-01 -5.003927e-01 1.125033e+00
 6.906907e-02 -9.918099e-01 -2.358084e-01 1.039293e+00
 7.007007e-02 -9.602415e-01  2.610812e-02 9.227454e-01
 7.107107e-02 -8.436349e-01  2.691915e-01 7.841839e-01
 7.207207e-02 -6.524322e-01  4.797965e-01 6.558725e-01
 7.307307e-02 -4.034426e-01  6.474679e-01 5.819806e-01
 7.407407e-02 -1.183430e-01  7.653213e-01 5.997218e-01
 7.507508e-02  1.782252e-01  8.301392e-01 7.208953e-01
 7.607608e-02  4.607943e-01  8.422101e-01 9.216493e-01
 7.707708e-02  7.052529e-01  8.049553e-01 1.145335e+00
 7.807808e-02  8.908841e-01  7.243948e-01 1.318422e+00
 7.907908e-02  1.002085e+00  6.085139e-01 1.374463e+00
 8.008008e-02  1.029623e+00  4.665839e-01 1.277824e+00
 8.108108e-02  9.713358e-01  3.084909e-01 1.038660e+00
 8.208208e-02  8.322148e-01  1.441138e-01 7.133503e-01
 8.308308e-02  6.238883e-01 -1.721855e-02 3.895330e-01
 8.408408e-02  3.635537e-01 -1.671686e-01 1.601167e-01
 8.508509e-02  7.246656e-02 -2.987225e-01 9.448653e-02
 8.608609e-02 -2.258792e-01 -4.064110e-01 2.161914e-01
 8.708709e-02 -5.077160e-01 -4.864272e-01 4.943870e-01
 8.808809e-02 -7.509445e-01 -5.366486e-01 8.519093e-01
 8.908909e-02 -9.368911e-01 -5.565797e-01 1.187546e+00
 9.009009e-02 -1.051738e+00 -5.472266e-01 1.405610e+00
 9.109109e-02 -1.087519e+00 -5.109186e-01 1.443736e+00
 9.209209e-02 -1.042607e+00 -4.510891e-01 1.290510e+00
 9.309309e-02 -9.216731e-01 -3.720294e-01 9.878872e-01
 9.409409e-02 -7.351379e-01 -2.786258e-01 6.180601e-01
 9.509510e-02 -4.981729e-01 -1.760918e-01 2.791846e-01
 9.609610e-02 -2.293556e-01 -6.970714e-02 5.746307e-02
 9.709710e-02  5.090192e-02  3.542524e-02 3.845953e-03
 9.809810e-02  3.220116e-01  1.345952e-01 1.218073e-01
 9.909910e-02  5.648169e-01  2.236632e-01 3.690433e-01
 1.001001e-01  7.630179e-01  2.991950e-01 6.717139e-01
 1.011011e-01  9.043061e-01  3.585474e-01 9.463258e-01
 1.021021e-01  9.811272e-01  3.999062e-01 1.122536e+00
 1.031031e-01  9.910260e-01  4.222786e-01 1.160452e+00
 1.041041e-01  9.365647e-01  4.254483e-01 1.058160e+00
 1.051051e-01  8.248426e-01  4.099039e-01 8.483866e-01
 1.061061e-01  6.666759e-01  3.767521e-01 5.863989e-01
 1.071071e-01  4.755249e-01  3.276280e-01 3.334641e-01
 1.081081e-01  2.662728e-01  2.646150e-01 1.409223e-01
 1.091091e-01  5.396696e-02  1.901793e-01 3.908058e-02
 1.101101e-01 -1.473660e-01  1.071227e-01 3.319202e-02
 1.111111e-01 -3.257346e-01  1.855176e-02 1.064472e-01
 1.121121e-01 -4.719472e-01 -7.214707e-02 2.279394e-01
 1.131131e-01 -5.800753e-01 -1.613368e-01 3.625170e-01
 1.141141e-01 -6.475941e-01 -2.451796e-01 4.794911e-01
 1.151151e-01 -6.752079e-01 -3.197216e-01 5.581276e-01
 1.161161e-01 -6.664003e-01 -3.810236e-01 5.892683e-01
 1.171171e-01 -6.267694e-01 -4.253450e-01 5.737583e-01
 1.181181e-01 -5.632293e-01 -4.493774e-01 5.191673e-01
 1.191191e-01 -4.831671e-01 -4.505165e-01 4.364155e-01
 1.201201e-01 -3.936448e-01 -4.271512e-01 3.374144e-01
 1.211211e-01 -3.007284e-01 -3.789410e-01 2.340339e-01
 1.221221e-01 -2.090078e-01 -3.070443e-01 1.379605e-01
 1.231231e-01 -1.213511e-01 -2.142635e-01 6.063496e-02
 1.241241e-01 -3.890821e-02 -1.050717e-01 1.255391e-02
 1.251251e-01  3.864908e-02  1.450527e-02 1.704154e-03
 1.261261e-01  1.126876e-01  1.371632e-01 3.151223e-02
 1.271271e-01  1.850365e-01  2.547492e-01 9.913566e-02
 1.281281e-01  2.573496e-01  3.588254e-01 1.949845e-01
 1.291291e-01  3.304911e-01  4.413280e-01 3.039948e-01
 1.301301e-01  4.040259e-01  4.952688e-01 4.085281e-01
 1.311311e-01  4.758880e-01  5.154134e-01 4.921204e-01
 1.321321e-01  5.422791e-01  4.988680e-01 5.429359e-01
 1.331331e-01  5.978262e-01  4.455049e-01 5.558708e-01
 1.341341e-01  6.359974e-01  3.581736e-01 5.327810e-01
 1.351351e-01  6.497456e-01  2.426540e-01 4.810503e-01
 1.361361e-01  6.323225e-01  1.073381e-01 4.113532e-01
 1.371371e-01  5.781800e-01 -3.735057e-02 3.356872e-01
 1.381381e-01  4.838653e-01 -1.797623e-01 2.664401e-01
 1.391391e-01  3.488051e-01 -3.079876e-01 2.165214e-01
 1.401401e-01  1.758820e-01 -4.109019e-01 1.997748e-01
 1.411411e-01 -2.827957e-02 -4.791908e-01 2.304235e-01
 1.421421e-01 -2.533774e-01 -5.062586e-01 3.204979e-01
 1.431431e-01 -4.858728e-01 -4.889253e-01 4.751203e-01
 1.441441e-01 -7.097998e-01 -4.278370e-01 6.868603e-01
 1.451451e-01 -9.078964e-01 -3.275387e-01 9.315575e-01
 1.461461e-01 -1.062976e+00 -1.961893e-01 1.168409e+00
 1.471471e-01 -1.159432e+00 -4.493475e-02 1.346301e+00
 1.481481e-01 -1.184732e+00  1.130141e-01 1.416361e+00
 1.491491e-01 -1.130786e+00  2.635177e-01 1.348118e+00
 1.501502e-01 -9.950244e-01  3.927589e-01 1.144333e+00
 1.511512e-01 -7.810861e-01  4.884932e-01 8.487211e-01
 1.521522e-01 -4.990179e-01  5.411827e-01 5.418976e-01
 1.531532e-01 -1.649364e-01  5.449053e-01 3.241258e-01
 1.541542e-01  1.998551e-01  4.979531e-01 2.878993e-01
 1.551552e-01  5.702506e-01  4.030612e-01 4.876441e-01
 1.561562e-01  9.191366e-01  2.672425e-01 9.162306e-01
 1.571572e-01  1.219466e+00  1.012397e-01 1.497347e+00
 1.581582e-01  1.446448e+00 -8.135467e-02 2.098832e+00
 1.591592e-01  1.579670e+00 -2.652365e-01 2.565709e+00
 1.601602e-01  1.604967e+00 -4.346818e-01 2.764866e+00
 1.611612e-01  1.515863e+00 -5.748795e-01 2.628326e+00
 1.621622e-01  1.314451e+00 -6.731891e-01 2.180965e+00
 1.631632e-01  1.011596e+00 -7.202143e-01 1.542035e+00
 1.641642e-01  6.264257e-01 -7.106024e-01 8.973649e-01
 1.651652e-01  1.851228e-01 -6.435061e-01 4.483705e-01
 1.661662e-01 -2.809154e-01 -5.226734e-01 3.521010e-01
 1.671672e-01 -7.374061e-01 -3.561642e-01 6.706207e-01
 1.681682e-01 -1.149829e+00 -1.557231e-01 1.346356e+00
 1.691692e-01 -1.486175e+00  6.413189e-02 2.212829e+00
 1.701702e-01 -1.719569e+00  2.872282e-01 3.039418e+00
 1.711712e-01 -1.830543e+00  4.969704e-01 3.597869e+00
 1.721722e-01 -1.808758e+00  6.775885e-01 3.730730e+00
 1.731732e-01 -1.654011e+00  8.153058e-01 3.400475e+00
 1.741742e-01 -1.376440e+00  8.993427e-01 2.703404e+00
 1.751752e-01 -9.958738e-01  9.226870e-01 1.843116e+00
 1.761762e-01 -5.403794e-01  8.825833e-01 1.070963e+00
 1.771772e-01 -4.410888e-02  7.807137e-01 6.114595e-01
 1.781782e-01  4.553811e-01  6.230695e-01 5.955875e-01
 1.791792e-01  9.201192e-01  4.195285e-01 1.022623e+00
 1.801802e-01  1.314768e+00  1.831789e-01 1.762170e+00
 1.811812e-01  1.609477e+00 -7.056385e-02 2.595397e+00
 1.821822e-01  1.782294e+00 -3.249805e-01 3.282184e+00
 1.831832e-01  1.820926e+00 -5.631488e-01 3.632909e+00
 1.841842e-01  1.723710e+00 -7.690482e-01 3.562612e+00
 1.851852e-01  1.499690e+00 -9.286040e-01 3.111376e+00
 1.861862e-01  1.167812e+00 -1.030608e+00 2.425939e+00
 1.871872e-01  7.552996e-01 -1.067461e+00 1.709951e+00
 1.881882e-01  2.953478e-01 -1.035696e+00 1.159897e+00
 1.891892e-01 -1.756512e-01 -9.362483e-01 9.074142e-01
 1.901902e-01 -6.211226e-01 -7.744549e-01 9.855737e-01
 1.911912e-01 -1.007295e+00 -5.597840e-01 1.328001e+00
 1.921922e-01 -1.305904e+00 -3.052986e-01 1.798593e+00
 1.931932e-01 -1.496389e+00 -2.688627e-02 2.239903e+00
 1.941942e-01 -1.567392e+00  2.577070e-01 2.523130e+00
 1.951952e-01 -1.517455e+00  5.299850e-01 2.583555e+00
 1.961962e-01 -1.354865e+00  7.718877e-01 2.431469e+00
 1.971972e-01 -1.096671e+00  9.669822e-01 2.137741e+00
 1.981982e-01 -7.669974e-01  1.101585e+00 1.801774e+00
 1.991992e-01 -3.948007e-01  1.165733e+00 1.514802e+00
 2.002002e-01 -1.128675e-02  1.153948e+00 1.331724e+00
 2.012012e-01  3.527736e-01  1.065710e+00 1.260186e+00
 2.022022e-01  6.695956e-01  9.056219e-01 1.268509e+00
 2.032032e-01  9.165796e-01  6.832266e-01 1.306917e+00
 2.042042e-01  1.077975e+00  4.124748e-01 1.332165e+00
 2.052052e-01  1.145885e+00  1.108752e-01 1.325346e+00
 2.062062e-01  1.120549e+00 -2.016305e-01 1.296285e+00
 2.072072e-01  1.009906e+00 -5.039962e-01 1.273922e+00
 2.082082e-01  8.285071e-01 -7.755133e-01 1.287845e+00
 2.092092e-01  5.959106e-01 -9.972675e-01 1.349652e+00
 2.102102e-01  3.347144e-01 -1.153502e+00 1.442601e+00
 2.112112e-01  6.842993e-02 -1.232788e+00 1.524450e+00
 2.122122e-01 -1.806100e-01 -1.228904e+00 1.542825e+00
 2.132132e-01 -3.931210e-01 -1.141359e+00 1.457245e+00
 2.142142e-01 -5.543571e-01 -9.755098e-01 1.258931e+00
 2.152152e-01 -6.551078e-01 -7.422490e-01 9.800997e-01
 2.162162e-01 -6.921375e-01 -4.572883e-01 6.881668e-01
 2.172172e-01 -6.680590e-01 -1.400765e-01 4.659242e-01
 2.182182e-01 -5.906851e-01  1.875688e-01 3.840909e-01
 2.192192e-01 -4.719479e-01  5.030167e-01 4.757606e-01
 2.202202e-01 -3.265111e-01  7.844510e-01 7.219729e-01
 2.212212e-01 -1.702211e-01  1.012446e+00 1.054023e+00
 2.222222e-01 -1.855085e-02  1.171374e+00 1.372462e+00
 2.232232e-01  1.148186e-01  1.250529e+00 1.577005e+00
 2.242242e-01  2.191551e-01  1.244887e+00 1.597773e+00
 2.252252e-01  2.874783e-01  1.155447e+00 1.417701e+00
 2.262262e-01  3.169542e-01  9.891077e-01 1.078794e+00
 2.272272e-01  3.088692e-01  7.581216e-01 6.701486e-01
 2.282282e-01  2.682097e-01  4.791395e-01 3.015111e-01
 2.292292e-01  2.029116e-01  1.719426e-01 7.073736e-02
 2.302302e-01  1.228683e-01 -1.420457e-01 3.527361e-02
 2.312312e-01  3.880597e-02 -4.413495e-01 1.962953e-01
 2.322322e-01 -3.886140e-02 -7.060058e-01 4.999544e-01
 2.332332e-01 -1.010849e-01 -9.189848e-01 8.547512e-01
 2.342342e-01 -1.410478e-01 -1.067356e+00 1.159144e+00
 2.352352e-01 -1.547717e-01 -1.143116e+00 1.330667e+00
 2.362362e-01 -1.414163e-01 -1.143612e+00 1.327848e+00
 2.372372e-01 -1.032567e-01 -1.071556e+00 1.158893e+00
 2.382382e-01 -4.535356e-02 -9.346099e-01 8.755527e-01
 2.392392e-01  2.504349e-02 -7.446232e-01 5.550910e-01
 2.402402e-01  9.929194e-02 -5.165623e-01 2.766955e-01
 2.412412e-01  1.682731e-01 -2.672524e-01 9.973968e-02
 2.422422e-01  2.233397e-01 -1.402959e-02 5.007744e-02
 2.432432e-01  2.572046e-01  2.265780e-01 1.174918e-01
 2.442442e-01  2.646898e-01  4.400338e-01 2.636905e-01
 2.452452e-01  2.432675e-01  6.147475e-01 4.370936e-01
 2.462462e-01  1.933453e-01  7.427311e-01 5.890319e-01
 2.472472e-01  1.182714e-01  8.199170e-01 6.862520e-01
 2.482482e-01  2.406067e-02  8.461285e-01 7.165124e-01
 2.492492e-01 -8.113480e-02  8.247260e-01 6.867559e-01
 2.502503e-01 -1.877612e-01  7.619809e-01 6.158691e-01
 2.512513e-01 -2.857405e-01  6.662509e-01 5.255379e-01
 2.522523e-01 -3.654108e-01  5.470492e-01 4.327879e-01
 2.532533e-01 -4.184459e-01  4.140997e-01 3.465755e-01
 2.542543e-01 -4.386692e-01  2.764755e-01 2.688693e-01
 2.552553e-01 -4.226890e-01  1.418962e-01 1.988005e-01
 2.562563e-01 -3.702923e-01  1.624822e-02 1.373804e-01
 2.572573e-01 -2.845583e-01 -9.664044e-02 9.031283e-02
 2.582583e-01 -1.716739e-01 -1.949637e-01 6.748275e-02
 2.592593e-01 -4.046188e-02 -2.786624e-01 7.928988e-02
 2.602603e-01  9.834213e-02 -3.489582e-01 1.314430e-01
 2.612613e-01  2.330067e-01 -4.077657e-01 2.205650e-01
 2.622623e-01  3.518352e-01 -4.570606e-01 3.326925e-01
 2.632633e-01  4.442211e-01 -4.982905e-01 4.456258e-01
 2.642643e-01  5.016307e-01 -5.319029e-01 5.345540e-01
 2.652653e-01  5.184239e-01 -5.570569e-01 5.790757e-01
 2.662663e-01  4.924312e-01 -5.715576e-01 5.691666e-01
 2.672673e-01  4.252298e-01 -5.720308e-01 5.080396e-01
 2.682683e-01  3.220838e-01 -5.543238e-01 4.110128e-01
 2.692693e-01  1.915465e-01 -5.140935e-01 3.009822e-01
 2.702703e-01  4.475358e-02 -4.475158e-01 2.022733e-01
 2.712713e-01 -1.055368e-01 -3.520370e-01 1.350680e-01
 2.722723e-01 -2.460713e-01 -2.270753e-01 1.121143e-01
 2.732733e-01 -3.642970e-01 -7.458433e-02 1.382751e-01
 2.742743e-01 -4.495153e-01  1.006036e-01 2.121851e-01
 2.752753e-01 -4.938850e-01  2.907117e-01 3.284357e-01
 2.762763e-01 -4.931794e-01  4.852690e-01 4.787119e-01
 2.772773e-01 -4.472222e-01  6.716763e-01 6.511567e-01
 2.782783e-01 -3.599561e-01  8.360631e-01 8.285700e-01
 2.792793e-01 -2.391329e-01  9.643712e-01 9.871963e-01
 2.802803e-01 -9.564884e-02  1.043580e+00 1.098208e+00
 2.812813e-01  5.741684e-02  1.062966e+00 1.133193e+00
 2.822823e-01  2.059738e-01  1.015278e+00 1.073215e+00
 2.832833e-01  3.361955e-01  8.977133e-01 9.189166e-01
 2.842843e-01  4.357790e-01  7.125843e-01 6.976798e-01
 2.852853e-01  4.950744e-01  4.675979e-01 4.637465e-01
 2.862863e-01  5.079774e-01  1.756891e-01 2.889077e-01
 2.872873e-01  4.725039e-01 -1.456056e-01 2.444609e-01
 2.882883e-01  3.909938e-01 -4.752102e-01 3.787008e-01
 2.892893e-01  2.699258e-01 -7.899448e-01 6.968728e-01
 2.902903e-01  1.193638e-01 -1.066232e+00 1.151099e+00
 2.912913e-01 -4.791542e-02 -1.281947e+00 1.645683e+00
 2.922923e-01 -2.175286e-01 -1.418258e+00 2.058775e+00
 2.932933e-01 -3.747278e-01 -1.461311e+00 2.275850e+00
 2.942943e-01 -5.056641e-01 -1.403591e+00 2.225764e+00
 2.952953e-01 -5.985623e-01 -1.244853e+00 1.907936e+00
 2.962963e-01 -6.447067e-01 -9.924994e-01 1.400702e+00
 2.972973e-01 -6.391552e-01 -6.613632e-01 8.459207e-01
 2.982983e-01 -5.811302e-01 -2.728786e-01 4.121751e-01
 2.992993e-01 -4.740593e-01  1.463173e-01 2.461410e-01
 3.003003e-01 -3.252751e-01  5.662624e-01 4.264570e-01
 3.013013e-01 -1.454088e-01  9.558899e-01 9.348691e-01
 3.023023e-01  5.246180e-02  1.285425e+00 1.655069e+00
 3.033033e-01  2.538323e-01  1.528764e+00 2.401550e+00
 3.043043e-01  4.438736e-01  1.665644e+00 2.971393e+00
 3.053053e-01  6.085273e-01  1.683410e+00 3.204175e+00
 3.063063e-01  7.355116e-01  1.578230e+00 3.031787e+00
 3.073073e-01  8.151702e-01  1.355630e+00 2.502235e+00
 3.083083e-01  8.411103e-01  1.030293e+00 1.768969e+00
 3.093093e-01  8.105978e-01  6.251090e-01 1.047830e+00
 3.103103e-01  7.246961e-01  1.695444e-01 5.539297e-01
 3.113113e-01  5.881535e-01 -3.025651e-01 4.374702e-01
 3.123123e-01  4.090618e-01 -7.556164e-01 7.382877e-01
 3.133133e-01  1.983177e-01 -1.155037e+00 1.373440e+00
 3.143143e-01 -3.107082e-02 -1.470045e+00 2.161999e+00
 3.153153e-01 -2.647865e-01 -1.676151e+00 2.879595e+00
 3.163163e-01 -4.880676e-01 -1.757170e+00 3.325858e+00
 3.173173e-01 -6.865874e-01 -1.706591e+00 3.383856e+00
 3.183183e-01 -8.473065e-01 -1.528163e+00 3.053211e+00
 3.193193e-01 -9.592564e-01 -1.235649e+00 2.447001e+00
 3.203203e-01 -1.014219e+00 -8.517547e-01 1.754126e+00
 3.213213e-01 -1.007266e+00 -4.063222e-01 1.179682e+00
 3.223223e-01 -9.371370e-01  6.607375e-02 8.825915e-01
 3.233233e-01 -8.064217e-01  5.289163e-01 9.300684e-01
 3.243243e-01 -6.215349e-01  9.466978e-01 1.282542e+00
 3.253253e-01 -3.924727e-01  1.287776e+00 1.812402e+00
 3.263263e-01 -1.323446e-01  1.526899e+00 2.348936e+00
 3.273273e-01  1.433046e-01  1.647181e+00 2.733740e+00
 3.283283e-01  4.173624e-01  1.641365e+00 2.868269e+00
 3.293293e-01  6.721661e-01  1.512277e+00 2.738790e+00
 3.303303e-01  8.906190e-01  1.272433e+00 2.412288e+00
 3.313313e-01  1.057339e+00  9.428392e-01 2.006911e+00
 3.323323e-01  1.159763e+00  5.511155e-01 1.648779e+00
 3.333333e-01  1.189134e+00  1.290963e-01 1.430705e+00
 3.343343e-01  1.141274e+00 -2.898657e-01 1.386528e+00
 3.353353e-01  1.017092e+00 -6.736602e-01 1.488295e+00
 3.363363e-01  8.227567e-01 -9.940003e-01 1.664965e+00
 3.373373e-01  5.694914e-01 -1.228611e+00 1.833805e+00
 3.383383e-01  2.730005e-01 -1.362842e+00 1.931868e+00
 3.393393e-01 -4.747047e-02 -1.390586e+00 1.935983e+00
 3.403403e-01 -3.703825e-01 -1.314440e+00 1.864935e+00
 3.413413e-01 -6.733805e-01 -1.145126e+00 1.764754e+00
 3.423423e-01 -9.348979e-01 -9.002455e-01 1.684476e+00
 3.433433e-01 -1.135768e+00 -6.025046e-01 1.652981e+00
 3.443443e-01 -1.260715e+00 -2.775802e-01 1.666454e+00
 3.453453e-01 -1.299604e+00  4.815834e-02 1.691291e+00
 3.463463e-01 -1.248335e+00  3.498757e-01 1.680753e+00
 3.473473e-01 -1.109300e+00  6.062429e-01 1.598077e+00
 3.483483e-01 -8.913558e-01  8.009983e-01 1.436113e+00
 3.493493e-01 -6.092892e-01  9.239759e-01 1.224965e+00
 3.503504e-01 -2.828121e-01  9.715407e-01 1.023874e+00
 3.513514e-01  6.484967e-02  9.464233e-01 8.999225e-01
 3.523524e-01  4.086674e-01  8.570070e-01 9.014701e-01
 3.533534e-01  7.236905e-01  7.161631e-01 1.036618e+00
 3.543544e-01  9.869482e-01  5.397716e-01 1.265420e+00
 3.553554e-01  1.179218e+00  3.450818e-01 1.509637e+00
 3.563564e-01  1.286521e+00  1.490783e-01 1.677360e+00
 3.573574e-01  1.301210e+00 -3.299971e-02 1.694235e+00
 3.583584e-01  1.222574e+00 -1.888530e-01 1.530352e+00
 3.593594e-01  1.056894e+00 -3.099436e-01 1.213089e+00
 3.603604e-01  8.169494e-01 -3.918865e-01 8.209813e-01
 3.613614e-01  5.210114e-01 -4.344115e-01 4.601662e-01
 3.623624e-01  1.914049e-01 -4.409266e-01 2.310521e-01
 3.633634e-01 -1.472431e-01 -4.177601e-01 1.962040e-01
 3.643644e-01 -4.699274e-01 -3.731774e-01 3.600932e-01
 3.653654e-01 -7.532038e-01 -3.162922e-01 6.673567e-01
 3.663664e-01 -9.769847e-01 -2.559842e-01 1.020027e+00
 3.673674e-01 -1.126048e+00 -1.999399e-01 1.307959e+00
 3.683684e-01 -1.191137e+00 -1.539009e-01 1.442492e+00
 3.693694e-01 -1.169570e+00 -1.211873e-01 1.382579e+00
 3.703704e-01 -1.065310e+00 -1.025248e-01 1.145396e+00
 3.713714e-01 -8.885039e-01 -9.617795e-02 7.986894e-01
 3.723724e-01 -6.545303e-01 -9.835403e-02 4.380834e-01
 3.733734e-01 -3.826467e-01 -1.038239e-01 1.571979e-01
 3.743744e-01 -9.435576e-02 -1.066791e-01 2.028344e-02
 3.753754e-01  1.883703e-01 -1.011443e-01 4.571353e-02
 3.763764e-01  4.448556e-01 -8.235127e-02 2.046782e-01
 3.773774e-01  6.573280e-01 -4.700132e-02 4.342892e-01
 3.783784e-01  8.122381e-01  6.156124e-03 6.597686e-01
 3.793794e-01  9.011839e-01  7.606672e-02 8.179186e-01
 3.803804e-01  9.213746e-01  1.593642e-01 8.743282e-01
 3.813814e-01  8.756036e-01  2.506042e-01 8.294841e-01
 3.823824e-01  7.717500e-01  3.427186e-01 7.130540e-01
 3.833834e-01  6.218629e-01  4.276396e-01 5.695891e-01
 3.843844e-01  4.409240e-01  4.970392e-01 4.414619e-01
 3.853854e-01  2.454049e-01  5.431091e-01 3.551910e-01
 3.863864e-01  5.175768e-02  5.593168e-01 3.155142e-01
 3.873874e-01 -1.250262e-01  5.410642e-01 3.083820e-01
 3.883884e-01 -2.726566e-01  4.861964e-01 3.107285e-01
 3.893894e-01 -3.824798e-01  3.953125e-01 3.025628e-01
 3.903904e-01 -4.500290e-01  2.718557e-01 2.764316e-01
 3.913914e-01 -4.751524e-01  1.219687e-01 2.406461e-01
 3.923924e-01 -4.617184e-01 -4.586863e-02 2.152878e-01
 3.933934e-01 -4.169420e-01 -2.213982e-01 2.228578e-01
 3.943944e-01 -3.504076e-01 -3.932905e-01 2.774629e-01
 3.953954e-01 -2.728956e-01 -5.499521e-01 3.769193e-01
 3.963964e-01 -1.951356e-01 -6.803649e-01 5.009743e-01
 3.973974e-01 -1.266154e-01 -7.749028e-01 6.165058e-01
 3.983984e-01 -7.456612e-02 -8.260555e-01 6.879277e-01
 3.993994e-01 -4.322889e-02 -8.290141e-01 6.891331e-01
 4.004004e-01 -3.347274e-02 -7.820660e-01 6.127477e-01
 4.014014e-01 -4.280364e-02 -6.867785e-01 4.734969e-01
 4.024024e-01 -6.575814e-02 -5.479468e-01 3.045698e-01
 4.034034e-01 -9.464059e-02 -3.733202e-01 1.483248e-01
 4.044044e-01 -1.205216e-01 -1.731150e-01 4.449427e-02
 4.054054e-01 -1.343933e-01  4.064108e-02 1.971325e-02
 4.064064e-01 -1.283539e-01  2.548976e-01 8.144751e-02
 4.074074e-01 -9.669562e-02  4.564350e-01 2.176829e-01
 4.084084e-01 -3.677131e-02  6.327359e-01 4.017068e-01
 4.094094e-01  5.045500e-02  7.728013e-01 5.997676e-01
 4.104104e-01  1.602469e-01  8.678678e-01 7.788736e-01
 4.114114e-01  2.843484e-01  9.119658e-01 9.125356e-01
 4.124124e-01  4.116420e-01  9.022959e-01 9.835871e-01
 4.134134e-01  5.291529e-01  8.393894e-01 9.845773e-01
 4.144144e-01  6.233110e-01  7.270577e-01 9.171295e-01
 4.154154e-01  6.813466e-01  5.721290e-01 7.915648e-01
 4.164164e-01  6.926855e-01  3.840053e-01 6.272733e-01
 4.174174e-01  6.501988e-01  1.740620e-01 4.530560e-01
 4.184184e-01  5.511805e-01 -4.505572e-02 3.058300e-01
 4.194194e-01  3.979414e-01 -2.602055e-01 2.260643e-01
 4.204204e-01  1.979500e-01 -4.585286e-01 2.494327e-01
 4.214214e-01 -3.651420e-02 -6.282072e-01 3.959776e-01
 4.224224e-01 -2.891754e-01 -7.591417e-01 6.599186e-01
 4.234234e-01 -5.409895e-01 -8.435308e-01 1.004214e+00
 4.244244e-01 -7.716781e-01 -8.763101e-01 1.363406e+00
 4.254254e-01 -9.614444e-01 -8.554483e-01 1.656167e+00
 4.264264e-01 -1.092711e+00 -7.820732e-01 1.805656e+00
 4.274274e-01 -1.151734e+00 -6.604394e-01 1.762670e+00
 4.284284e-01 -1.129929e+00 -4.977241e-01 1.524468e+00
 4.294294e-01 -1.024808e+00 -3.036749e-01 1.142449e+00
 4.304304e-01 -8.404084e-01 -9.010369e-02 7.144049e-01
 4.314314e-01 -5.871931e-01  1.297367e-01 3.616274e-01
 4.324324e-01 -2.813975e-01  3.418898e-01 1.960732e-01
 4.334334e-01  5.611036e-02  5.324984e-01 2.867029e-01
 4.344344e-01  4.013807e-01  6.886570e-01 6.353550e-01
 4.354354e-01  7.292074e-01  7.992519e-01 1.170547e+00
 4.364364e-01  1.015088e+00  8.557604e-01 1.762730e+00
 4.374374e-01  1.237147e+00  8.529349e-01 2.258030e+00
 4.384384e-01  1.377873e+00  7.893399e-01 2.521591e+00
 4.394394e-01  1.425521e+00  6.676643e-01 2.477886e+00
 4.404404e-01  1.375073e+00  4.947906e-01 2.135643e+00
 4.414414e-01  1.228670e+00  2.815587e-01 1.588905e+00
 4.424424e-01  9.954976e-01  4.224163e-02 9.927999e-01
 4.434434e-01  6.911228e-01 -2.062930e-01 5.202075e-01
 4.444444e-01  3.363505e-01 -4.456677e-01 3.117514e-01
 4.454454e-01 -4.431807e-02 -6.573010e-01 4.340087e-01
 4.464464e-01 -4.244867e-01 -8.238122e-01 8.588556e-01
 4.474474e-01 -7.778015e-01 -9.304601e-01 1.470731e+00
 4.484484e-01 -1.079854e+00 -9.664547e-01 2.100120e+00
 4.494494e-01 -1.309930e+00 -9.260645e-01 2.573511e+00
 4.504505e-01 -1.452448e+00 -8.093635e-01 2.764674e+00
 4.514515e-01 -1.498022e+00 -6.225677e-01 2.631660e+00
 4.524525e-01 -1.444038e+00 -3.778553e-01 2.228021e+00
 4.534535e-01 -1.294756e+00 -9.269615e-02 1.684986e+00
 4.544545e-01 -1.060900e+00  2.113374e-01 1.170173e+00
 4.554555e-01 -7.588237e-01  5.101517e-01 8.360682e-01
 4.564565e-01 -4.092769e-01  7.790495e-01 7.744256e-01
 4.574575e-01 -3.592005e-02  9.947691e-01 9.908557e-01
 4.584585e-01  3.363490e-01  1.137539e+00 1.407125e+00
 4.594595e-01  6.830868e-01  1.192889e+00 1.889591e+00
 4.604605e-01  9.819446e-01  1.153122e+00 2.293905e+00
 4.614615e-01  1.214097e+00  1.018216e+00 2.510796e+00
 4.624625e-01  1.365426e+00  7.961306e-01 2.498211e+00
 4.634635e-01  1.427323e+00  5.023782e-01 2.289634e+00
 4.644645e-01  1.397148e+00  1.589672e-01 1.977294e+00
 4.654655e-01  1.278245e+00 -2.073218e-01 1.676893e+00
 4.664665e-01  1.079607e+00 -5.670686e-01 1.487118e+00
 4.674675e-01  8.151482e-01 -8.907124e-01 1.457835e+00
 4.684685e-01  5.027337e-01 -1.151049e+00 1.577654e+00
 4.694695e-01  1.629242e-01 -1.325664e+00 1.783930e+00
 4.704705e-01 -1.823436e-01 -1.398905e+00 1.990184e+00
 4.714715e-01 -5.112054e-01 -1.363389e+00 2.120160e+00
 4.724725e-01 -8.031870e-01 -1.220694e+00 2.135204e+00
 4.734735e-01 -1.040506e+00 -9.814009e-01 2.045800e+00
 4.744745e-01 -1.209055e+00 -6.641776e-01 1.902947e+00
 4.754755e-01 -1.299289e+00 -2.943339e-01 1.774784e+00
 4.764765e-01 -1.306629e+00  9.844628e-02 1.716972e+00
 4.774775e-01 -1.231787e+00  4.825035e-01 1.750109e+00
 4.784785e-01 -1.080485e+00  8.271020e-01 1.851546e+00
 4.794795e-01 -8.632244e-01  1.104844e+00 1.965837e+00
 4.804805e-01 -5.943217e-01  1.294300e+00 2.028431e+00
 4.814815e-01 -2.913368e-01  1.381401e+00 1.993146e+00
 4.824825e-01  2.656739e-02  1.361156e+00 1.853452e+00
 4.834835e-01  3.389506e-01  1.237019e+00 1.645102e+00
 4.844845e-01  6.271173e-01  1.022281e+00 1.438334e+00
 4.854855e-01  8.678884e-01  7.318103e-01 1.288777e+00
 4.864865e-01  1.012072e+00  3.647630e-01 1.157342e+00
 4.874875e-01  1.039990e+00 -3.652215e-02 1.082914e+00
 4.884885e-01  9.500772e-01 -4.194955e-01 1.078623e+00
 4.894895e-01  7.530595e-01 -7.369689e-01 1.110222e+00
 4.904905e-01  4.722178e-01 -9.511006e-01 1.127582e+00
 4.914915e-01  1.399068e-01 -1.039044e+00 1.099186e+00
 4.924925e-01 -2.056775e-01 -9.948066e-01 1.031943e+00
 4.934935e-01 -5.251793e-01 -8.298371e-01 9.644429e-01
 4.944945e-01 -7.823408e-01 -5.705454e-01 9.375792e-01
 4.954955e-01 -9.482869e-01 -2.544534e-01 9.639946e-01
 4.964965e-01 -1.004674e+00  7.540981e-02 1.015056e+00
 4.974975e-01 -9.458379e-01  3.762906e-01 1.036204e+00
 4.984985e-01 -7.793335e-01  6.114909e-01 9.812819e-01
 4.994995e-01 -5.250584e-01  7.548450e-01 8.454772e-01
 5.005005e-01 -2.128830e-01  7.937718e-01 6.753928e-01
 5.015015e-01  1.208236e-01  7.301605e-01 5.477327e-01
 5.025025e-01  4.374352e-01  5.794043e-01 5.270589e-01
 5.035035e-01  7.005719e-01  3.674843e-01 6.258457e-01
 5.045045e-01  8.802976e-01  1.268883e-01 7.910245e-01
 5.055055e-01  9.566181e-01 -1.082905e-01 9.268451e-01
 5.065065e-01  9.217075e-01 -3.070820e-01 9.438440e-01
 5.075075e-01  7.808297e-01 -4.458084e-01 8.084401e-01
 5.085085e-01  5.515323e-01 -5.108567e-01 5.651625e-01
 5.095095e-01  2.616282e-01 -5.000246e-01 3.184739e-01
 5.105105e-01 -5.435085e-02 -4.219921e-01 1.810314e-01
 5.115115e-01 -3.590524e-01 -2.944654e-01 2.156285e-01
 5.125125e-01 -6.171149e-01 -1.408637e-01 4.006734e-01
 5.135135e-01 -7.988320e-01  1.329820e-02 6.383093e-01
 5.145145e-01 -8.845031e-01  1.446490e-01 8.032691e-01
 5.155155e-01 -8.649564e-01  2.347395e-01 8.032522e-01
 5.165165e-01 -7.493082e-01  2.749508e-01 6.370608e-01
 5.175175e-01 -5.812345e-01  2.740888e-01 4.129583e-01
 5.185185e-01 -3.797497e-01  2.383457e-01 2.010185e-01
 5.195195e-01 -1.597398e-01  1.755093e-01 5.632031e-02
 5.205205e-01  6.168938e-02  9.618037e-02 1.305624e-02
 5.215215e-01  2.683906e-01  1.197549e-02 7.217695e-02
 5.225225e-01  4.455195e-01 -6.543162e-02 2.027689e-01
 5.235235e-01  5.812355e-01 -1.257121e-01 3.536382e-01
 5.245245e-01  6.672191e-01 -1.607783e-01 4.710310e-01
 5.255255e-01  6.995311e-01 -1.656501e-01 5.167837e-01
 5.265265e-01  6.786294e-01 -1.388107e-01 4.798062e-01
 5.275275e-01  6.093704e-01 -8.234713e-02 3.781133e-01
 5.285285e-01  5.003531e-01 -1.620789e-03 2.503558e-01
 5.295295e-01  3.631732e-01  9.527734e-02 1.409725e-01
 5.305305e-01  2.112384e-01  1.984017e-01 8.398491e-02
 5.315315e-01  5.859454e-02  2.969153e-01 9.159203e-02
 5.325325e-01 -8.142065e-02  3.801775e-01 1.511643e-01
 5.335335e-01 -1.973265e-01  4.387378e-01 2.314286e-01
 5.345345e-01 -2.805573e-01  4.652490e-01 2.951691e-01
 5.355355e-01 -3.261470e-01  4.551276e-01 3.135130e-01
 5.365365e-01 -3.331362e-01  4.069917e-01 2.766220e-01
 5.375375e-01 -3.045223e-01  3.227699e-01 1.969142e-01
 5.385385e-01 -2.468817e-01  2.075484e-01 1.040269e-01
 5.395395e-01 -1.695895e-01  6.911678e-02 3.353772e-02
 5.405405e-01 -8.381141e-02 -8.268211e-02 1.386068e-02
 5.415415e-01 -1.276504e-03 -2.367891e-01 5.607069e-02
 5.425425e-01  6.696625e-02 -3.818240e-01 1.502740e-01
 5.435435e-01  1.117581e-01 -5.070098e-01 2.695488e-01
 5.445445e-01  1.268171e-01 -6.030019e-01 3.796939e-01
 5.455455e-01  1.094619e-01 -6.625998e-01 4.510204e-01
 5.465465e-01  6.093803e-02 -6.812477e-01 4.678119e-01
 5.475475e-01 -1.363703e-02 -6.573302e-01 4.322689e-01
 5.485485e-01 -1.057613e-01 -5.922135e-01 3.619023e-01
 5.495495e-01 -2.043785e-01 -4.900753e-01 2.819444e-01
 5.505506e-01 -2.970157e-01 -3.575160e-01 2.160360e-01
 5.515516e-01 -3.710793e-01 -2.030263e-01 1.789195e-01
 5.525526e-01 -4.152176e-01 -3.633067e-02 1.737256e-01
 5.535536e-01 -4.205798e-01  1.323043e-01 1.943918e-01
 5.545546e-01 -3.818737e-01  2.927705e-01 2.315420e-01
 5.555556e-01 -2.980825e-01  4.357478e-01 2.787293e-01
 5.565566e-01 -1.727893e-01  5.532477e-01 3.359392e-01
 5.575576e-01 -1.404055e-02  6.390177e-01 4.085407e-01
 5.585586e-01  1.662220e-01  6.888132e-01 5.020934e-01
 5.595596e-01  3.531412e-01  7.005162e-01 6.154317e-01
 5.605606e-01  5.302257e-01  6.741299e-01 7.355904e-01
 5.615616e-01  6.808402e-01  6.116506e-01 8.376599e-01
 5.625626e-01  7.897439e-01  5.168620e-01 8.908417e-01
 5.635636e-01  8.445541e-01  3.950592e-01 8.693433e-01
 5.645646e-01  8.369784e-01  2.527471e-01 7.644139e-01
 5.655656e-01  7.637135e-01  9.731541e-02 5.927286e-01
 5.665666e-01  6.269080e-01 -6.327930e-02 3.970179e-01
 5.675676e-01  4.341560e-01 -2.208340e-01 2.372591e-01
 5.685686e-01  1.980039e-01 -3.672069e-01 1.740465e-01
 5.695696e-01 -6.497837e-02 -4.946312e-01 2.488823e-01
 5.705706e-01 -3.354926e-01 -5.960270e-01 4.678034e-01
 5.715716e-01 -5.930515e-01 -6.653274e-01 7.943707e-01
 5.725726e-01 -8.176393e-01 -6.978053e-01 1.155466e+00
 5.735736e-01 -9.913397e-01 -6.904025e-01 1.459410e+00
 5.745746e-01 -1.099803e+00 -6.420310e-01 1.621770e+00
 5.755756e-01 -1.133419e+00 -5.538305e-01 1.591366e+00
 5.765766e-01 -1.088110e+00 -4.293370e-01 1.368313e+00
 5.775776e-01 -9.656736e-01 -2.745358e-01 1.007895e+00
 5.785786e-01 -7.736604e-01 -9.775341e-02 6.081062e-01
 5.795796e-01 -5.247973e-01  9.062806e-02 2.836257e-01
 5.805806e-01 -2.360194e-01  2.786583e-01 1.333556e-01
 5.815816e-01  7.281227e-02  4.534929e-01 2.109574e-01
 5.825826e-01  3.803916e-01  6.022386e-01 5.073892e-01
 5.835836e-01  6.655326e-01  7.129102e-01 9.511746e-01
 5.845846e-01  9.086905e-01  7.754392e-01 1.427024e+00
 5.855856e-01  1.093331e+00  7.826399e-01 1.807899e+00
 5.865866e-01  1.207047e+00  7.310474e-01 1.991393e+00
 5.875876e-01  1.242350e+00  6.215234e-01 1.929724e+00
 5.885886e-01  1.197093e+00  4.595570e-01 1.644225e+00
 5.895896e-01  1.074518e+00  2.551876e-01 1.219709e+00
 5.905906e-01  8.829195e-01  2.252796e-02 7.800543e-01
 5.915916e-01  6.349985e-01 -2.211184e-01 4.521165e-01
 5.925926e-01  3.469315e-01 -4.564900e-01 3.287446e-01
 5.935936e-01  3.725544e-02 -6.638772e-01 4.421209e-01
 5.945946e-01 -2.743631e-01 -8.247809e-01 7.555387e-01
 5.955956e-01 -5.683853e-01 -9.235865e-01 1.176074e+00
 5.965966e-01 -8.266087e-01 -9.490887e-01 1.584051e+00
 5.975976e-01 -1.033253e+00 -8.957244e-01 1.869933e+00
 5.985986e-01 -1.175869e+00 -7.643695e-01 1.966928e+00
 5.995996e-01 -1.246026e+00 -5.626070e-01 1.869107e+00
 6.006006e-01 -1.239749e+00 -3.044030e-01 1.629639e+00
 6.016016e-01 -1.157694e+00 -9.194844e-03 1.340340e+00
 6.026026e-01 -1.005056e+00  2.995618e-01 1.099874e+00
 6.036036e-01 -7.912299e-01  5.962707e-01 9.815835e-01
 6.046046e-01 -5.292445e-01  8.553505e-01 1.011724e+00
 6.056056e-01 -2.349954e-01  1.053474e+00 1.165031e+00
 6.066066e-01  7.367357e-02  1.171695e+00 1.378297e+00
 6.076076e-01  3.780018e-01  1.197250e+00 1.576292e+00
 6.086086e-01  6.594014e-01  1.124876e+00 1.700155e+00
 6.096096e-01  9.005524e-01  9.574900e-01 1.727782e+00
 6.106106e-01  1.086443e+00  7.061636e-01 1.679026e+00
 6.116116e-01  1.205303e+00  3.893639e-01 1.604361e+00
 6.126126e-01  1.249368e+00  3.152673e-02 1.561913e+00
 6.136136e-01  1.215426e+00 -3.389338e-01 1.592137e+00
 6.146146e-01  1.105116e+00 -6.919997e-01 1.700146e+00
 6.156156e-01  9.249240e-01 -9.986047e-01 1.852696e+00
 6.166166e-01  6.858843e-01 -1.233136e+00 1.991062e+00
 6.176176e-01  4.029802e-01 -1.375660e+00 2.054834e+00
 6.186186e-01  9.426270e-02 -1.413667e+00 2.007340e+00
 6.196196e-01 -2.202614e-01 -1.343173e+00 1.852630e+00
 6.206206e-01 -5.199155e-01 -1.169084e+00 1.637069e+00
 6.216216e-01 -7.847295e-01 -9.047810e-01 1.434429e+00
 6.226226e-01 -9.968182e-01 -5.709751e-01 1.319659e+00
 6.236236e-01 -1.141661e+00 -1.939286e-01 1.340997e+00
 6.246246e-01 -1.209186e+00  1.967890e-01 1.500858e+00
 6.256256e-01 -1.194578e+00  5.708056e-01 1.752835e+00
 6.266266e-01 -1.098718e+00  8.994887e-01 2.016262e+00
 6.276276e-01 -9.282377e-01  1.158295e+00 2.203273e+00
 6.286286e-01 -6.951366e-01  1.328728e+00 2.248732e+00
 6.296296e-01 -4.159990e-01  1.399728e+00 2.132294e+00
 6.306306e-01 -1.108444e-01  1.368402e+00 1.884811e+00
 6.316316e-01  1.983086e-01  1.240023e+00 1.576982e+00
 6.326326e-01  4.890607e-01  1.027339e+00 1.294606e+00
 6.336336e-01  7.403127e-01  7.492688e-01 1.109467e+00
 6.346346e-01  9.338769e-01  4.291095e-01 1.056261e+00
 6.356356e-01  1.055889e+00  9.244973e-02 1.123449e+00
 6.366366e-01  1.097904e+00 -2.350288e-01 1.260633e+00
 6.376376e-01  1.057583e+00 -5.296584e-01 1.399020e+00
 6.386386e-01  9.389000e-01 -7.716172e-01 1.476926e+00
 6.396396e-01  7.518581e-01 -9.463406e-01 1.460851e+00
 6.406406e-01  5.117141e-01 -1.045405e+00 1.354723e+00
 6.416416e-01  2.377791e-01 -1.066836e+00 1.194679e+00
 6.426426e-01 -4.811709e-02 -1.014847e+00 1.032230e+00
 6.436436e-01 -3.233728e-01 -8.990589e-01 9.128768e-01
 6.446446e-01 -5.664325e-01 -7.333103e-01 8.585897e-01
 6.456456e-01 -7.585237e-01 -5.341884e-01 8.607155e-01
 6.466466e-01 -8.851699e-01 -3.194264e-01 8.855589e-01
 6.476476e-01 -9.373493e-01 -1.063273e-01 8.899292e-01
 6.486486e-01 -9.122038e-01  8.965042e-02 8.401530e-01
 6.496496e-01 -8.132341e-01  2.560268e-01 7.268994e-01
 6.506507e-01 -6.499650e-01  3.840755e-01 5.699685e-01
 6.516517e-01 -4.371076e-01  4.691965e-01 4.112084e-01
 6.526527e-01 -1.932892e-01  5.108873e-01 2.983666e-01
 6.536537e-01  6.054111e-02  5.123483e-01 2.661660e-01
 6.546547e-01  3.028951e-01  4.797927e-01 3.219464e-01
 6.556557e-01  5.135635e-01  4.215490e-01 4.414510e-01
 6.566567e-01  6.753133e-01  3.470616e-01 5.764998e-01
 6.576577e-01  7.753198e-01  2.658887e-01 6.718176e-01
 6.586587e-01  8.062099e-01  1.867942e-01 6.848664e-01
 6.596597e-01  7.666292e-01  1.170080e-01 6.014113e-01
 6.606607e-01  6.612864e-01  6.170781e-02 4.411075e-01
 6.616617e-01  5.004728e-01  2.374867e-02 2.510370e-01
 6.626627e-01  2.991044e-01  3.641691e-03 8.947669e-02
 6.636637e-01  7.537112e-02 -2.432690e-04 5.680865e-03
 6.646647e-01 -1.508838e-01  8.709792e-03 2.284178e-02
 6.656657e-01 -3.599114e-01  2.587782e-02 1.302059e-01
 6.666667e-01 -5.337760e-01  4.598331e-02 2.870313e-01
 6.676677e-01 -6.578950e-01  6.368596e-02 4.368817e-01
 6.686687e-01 -7.222646e-01  7.413058e-02 5.271615e-01
 6.696697e-01 -7.222673e-01  7.340533e-02 5.270583e-01
 6.706707e-01 -6.589925e-01  5.888273e-02 4.377382e-01
 6.716717e-01 -5.390490e-01  2.942487e-02 2.914396e-01
 6.726727e-01 -3.738915e-01 -1.454749e-02 1.400065e-01
 6.736737e-01 -1.787269e-01 -7.111590e-02 3.700077e-02
 6.746747e-01  2.889408e-02 -1.370353e-01 1.961355e-02
 6.756757e-01  2.306708e-01 -2.079952e-01 9.647106e-02
 6.766767e-01  4.091849e-01 -2.789423e-01 2.452411e-01
 6.776777e-01  5.494226e-01 -3.444423e-01 4.205057e-01
 6.786787e-01  6.400525e-01 -3.990543e-01 5.689116e-01
 6.796797e-01  6.743465e-01 -4.376998e-01 6.463243e-01
 6.806807e-01  6.506665e-01 -4.560064e-01 6.313088e-01
 6.816817e-01  5.724839e-01 -4.506140e-01 5.307908e-01
 6.826827e-01  4.479361e-01 -4.194298e-01 3.765681e-01
 6.836837e-01  2.889760e-01 -3.618234e-01 2.144232e-01
 6.846847e-01  1.101982e-01 -2.787510e-01 8.984576e-02
 6.856857e-01 -7.253849e-02 -1.728032e-01 3.512278e-02
 6.866867e-01 -2.435615e-01 -4.816546e-02 6.164213e-02
 6.876877e-01 -3.887706e-01  8.951007e-02 1.591547e-01
 6.886887e-01 -4.968332e-01  2.333269e-01 3.012847e-01
 6.896897e-01 -5.600840e-01  3.754564e-01 4.546616e-01
 6.906907e-01 -5.750555e-01  5.075341e-01 5.882797e-01
 6.916917e-01 -5.426036e-01  6.211246e-01 6.802143e-01
 6.926927e-01 -4.676319e-01  7.082356e-01 7.202772e-01
 6.936937e-01 -3.584594e-01  7.618520e-01 7.089116e-01
 6.946947e-01 -2.259060e-01  7.764575e-01 6.539197e-01
 6.956957e-01 -8.219609e-02  7.485065e-01 5.670181e-01
 6.966967e-01  6.020375e-02  6.768090e-01 4.616949e-01
 6.976977e-01  1.897012e-01  5.627911e-01 3.527204e-01
 6.986987e-01  2.965416e-01  4.106026e-01 2.565314e-01
 6.996997e-01  3.735370e-01  2.270475e-01 1.910804e-01
 7.007007e-01  4.165037e-01  2.132997e-02 1.739303e-01
 7.017017e-01  4.243887e-01 -1.953848e-01 2.182810e-01
 7.027027e-01  3.990948e-01 -4.105745e-01 3.278481e-01
 7.037037e-01  3.450482e-01 -6.110997e-01 4.925011e-01
 7.047047e-01  2.685729e-01 -7.840334e-01 6.868397e-01
 7.057057e-01  1.771562e-01 -9.175294e-01 8.732446e-01
 7.067067e-01  7.868947e-02 -1.001666e+00 1.009528e+00
 7.077077e-01 -1.923318e-02 -1.029208e+00 1.059639e+00
 7.087087e-01 -1.098912e-01 -9.962170e-01 1.004524e+00
 7.097097e-01 -1.878432e-01 -9.024757e-01 8.497474e-01
 7.107107e-01 -2.491423e-01 -7.516674e-01 6.270758e-01
 7.117117e-01 -2.913662e-01 -5.512995e-01 3.888254e-01
 7.127127e-01 -3.134910e-01 -3.123580e-01 1.958441e-01
 7.137137e-01 -3.156566e-01 -4.870860e-02 1.020116e-01
 7.147147e-01 -2.988795e-01  2.237246e-01 1.393816e-01
 7.157157e-01 -2.647702e-01  4.879532e-01 3.082016e-01
 7.167167e-01 -2.153062e-01  7.270284e-01 5.749270e-01
 7.177177e-01 -1.526938e-01  9.251781e-01 8.792699e-01
 7.187187e-01 -7.933509e-02  1.068902e+00 1.148845e+00
 7.197197e-01  2.110246e-03  1.147941e+00 1.317773e+00
 7.207207e-01  8.859443e-02  1.156054e+00 1.344310e+00
 7.217217e-01  1.765294e-01  1.091537e+00 1.222616e+00
 7.227227e-01  2.616659e-01  9.574422e-01 9.851647e-01
 7.237237e-01  3.390599e-01  7.614748e-01 6.948055e-01
 7.247247e-01  4.031709e-01  5.155656e-01 4.283547e-01
 7.257257e-01  4.481210e-01  2.351414e-01 2.561039e-01
 7.267267e-01  4.681193e-01 -6.186130e-02 2.229625e-01
 7.277277e-01  4.580290e-01 -3.561749e-01 3.366511e-01
 7.287287e-01  4.140265e-01 -6.284918e-01 5.664199e-01
 7.297297e-01  3.342800e-01 -8.607796e-01 8.526847e-01
 7.307307e-01  2.195599e-01 -1.037526e+00 1.124666e+00
 7.317317e-01  7.368768e-02 -1.146824e+00 1.320636e+00
 7.327327e-01 -9.626297e-02 -1.181225e+00 1.404558e+00
 7.337337e-01 -2.800783e-01 -1.138277e+00 1.374119e+00
 7.347347e-01 -4.648677e-01 -1.020739e+00 1.258010e+00
 7.357357e-01 -6.358770e-01 -8.364137e-01 1.103928e+00
 7.367367e-01 -7.776088e-01 -5.976431e-01 9.618527e-01
 7.377377e-01 -8.751681e-01 -3.204755e-01 8.686238e-01
 7.387387e-01 -9.157162e-01 -2.357398e-02 8.390919e-01
 7.397397e-01 -8.898908e-01  2.730622e-01 8.664686e-01
 7.407407e-01 -7.930425e-01  5.494727e-01 9.308367e-01
 7.417417e-01 -6.261414e-01  7.871097e-01 1.011595e+00
 7.427427e-01 -3.962317e-01  9.701149e-01 1.098123e+00
 7.437437e-01 -1.163494e-01  1.086408e+00 1.193820e+00
 7.447447e-01  1.951330e-01  1.128512e+00 1.311615e+00
 7.457457e-01  5.157151e-01  1.094054e+00 1.462917e+00
 7.467467e-01  8.204503e-01  9.859185e-01 1.645174e+00
 7.477477e-01  1.083972e+00  8.120222e-01 1.834375e+00
 7.487487e-01  1.282689e+00  5.847533e-01 1.987228e+00
 7.497497e-01  1.396955e+00  3.200952e-01 2.053944e+00
 7.507508e-01  1.412996e+00  3.650777e-02 1.997892e+00
 7.517518e-01  1.324416e+00 -2.463592e-01 1.814771e+00
 7.527528e-01  1.133103e+00 -5.090287e-01 1.543032e+00
 7.537538e-01  8.494385e-01 -7.335430e-01 1.259631e+00
 7.547548e-01  4.917632e-01 -9.046983e-01 1.060310e+00
 7.557558e-01  8.510734e-02 -1.011086e+00 1.029539e+00
 7.567568e-01 -3.407044e-01 -1.045869e+00 1.209921e+00
 7.577578e-01 -7.534291e-01 -1.007234e+00 1.582177e+00
 7.587588e-01 -1.121056e+00 -8.985060e-01 2.064079e+00
 7.597598e-01 -1.414495e+00 -7.278933e-01 2.530624e+00
 7.607608e-01 -1.610069e+00 -5.079052e-01 2.850291e+00
 7.617618e-01 -1.691571e+00 -2.544644e-01 2.926164e+00
 7.627628e-01 -1.651701e+00  1.421634e-02 2.728319e+00
 7.637638e-01 -1.492754e+00  2.789191e-01 2.306110e+00
 7.647648e-01 -1.226477e+00  5.207789e-01 1.775457e+00
 7.657658e-01 -8.731214e-01  7.226202e-01 1.284521e+00
 7.667668e-01 -4.597560e-01  8.701795e-01 9.685880e-01
 7.677678e-01 -1.800790e-02  9.531265e-01 9.087743e-01
 7.687688e-01  4.185788e-01  9.658113e-01 1.108000e+00
 7.697698e-01  8.173230e-01  9.076815e-01 1.491903e+00
 7.707708e-01  1.149081e+00  7.833356e-01 1.934003e+00
 7.717718e-01  1.390582e+00  6.022060e-01 2.296370e+00
 7.727728e-01  1.526214e+00  3.778886e-01 2.472130e+00
 7.737738e-01  1.549132e+00  1.271628e-01 2.415982e+00
 7.747748e-01  1.461580e+00 -1.312297e-01 2.153437e+00
 7.757758e-01  1.274434e+00 -3.779631e-01 1.767038e+00
 7.767768e-01  1.006022e+00 -5.945620e-01 1.365585e+00
 7.777778e-01  6.803424e-01 -7.647868e-01 1.047765e+00
 7.787788e-01  3.248541e-01 -8.758664e-01 8.726721e-01
 7.797798e-01 -3.193915e-02 -9.194826e-01 8.464683e-01
 7.807808e-01 -3.629063e-01 -8.924270e-01 9.281269e-01
 7.817818e-01 -6.444811e-01 -7.968771e-01 1.050369e+00
 7.827828e-01 -8.584500e-01 -6.402622e-01 1.146872e+00
 7.837838e-01 -9.931913e-01 -4.347248e-01 1.175415e+00
 7.847848e-01 -1.044281e+00 -1.962120e-01 1.129021e+00
 7.857858e-01 -1.014438e+00  5.673751e-02 1.032304e+00
 7.867868e-01 -9.128566e-01  3.044212e-01 9.259795e-01
 7.877878e-01 -7.539960e-01  5.275045e-01 8.467709e-01
 7.887888e-01 -5.559906e-01  7.085383e-01 8.111521e-01
 7.897898e-01 -3.388250e-01  8.333413e-01 8.092601e-01
 7.907908e-01 -1.224603e-01  8.921346e-01 8.109006e-01
 7.917918e-01  7.491674e-02  8.803349e-01 7.806020e-01
 7.927928e-01  2.383719e-01  7.989394e-01 6.951253e-01
 7.937938e-01  3.573112e-01  6.544656e-01 5.559964e-01
 7.947948e-01  4.261031e-01  4.584475e-01 3.917380e-01
 7.957958e-01  4.442100e-01  2.265246e-01 2.486359e-01
 7.967968e-01  4.158470e-01 -2.280552e-02 1.734489e-01
 7.977978e-01  3.492337e-01 -2.696712e-01 1.946867e-01
 7.987988e-01  2.555311e-01 -4.944270e-01 3.097542e-01
 7.997998e-01  1.475857e-01 -6.792394e-01 4.831476e-01
 8.008008e-01  3.860611e-02 -8.095269e-01 6.568243e-01
 8.018018e-01 -5.910139e-02 -8.751349e-01 7.693540e-01
 8.028028e-01 -1.352285e-01 -8.711458e-01 7.771817e-01
 8.038038e-01 -1.823040e-01 -7.982587e-01 6.704518e-01
 8.048048e-01 -1.962196e-01 -6.627048e-01 4.776797e-01
 8.058058e-01 -1.764172e-01 -4.757064e-01 2.574196e-01
 8.068068e-01 -1.257460e-01 -2.525271e-01 7.958197e-02
 8.078078e-01 -5.002564e-02 -1.119255e-02 2.627837e-03
 8.088088e-01  4.262623e-02  2.290070e-01 5.426122e-02
 8.098098e-01  1.426253e-01  4.491060e-01 2.220382e-01
 8.108108e-01  2.398299e-01  6.320079e-01 4.569524e-01
 8.118118e-01  3.244447e-01  7.638552e-01 6.887391e-01
 8.128128e-01  3.878464e-01  8.351092e-01 8.478323e-01
 8.138138e-01  4.232676e-01  8.412524e-01 8.868611e-01
 8.148148e-01  4.262964e-01  7.830575e-01 7.949077e-01
 8.158158e-01  3.951657e-01  6.664081e-01 6.002557e-01
 8.168168e-01  3.308242e-01  5.016953e-01 3.611429e-01
 8.178178e-01  2.368011e-01  3.028491e-01 1.477924e-01
 8.188188e-01  1.188878e-01  8.609938e-02 2.154742e-02
 8.198198e-01 -1.532694e-02 -1.314221e-01 1.750668e-02
 8.208208e-01 -1.570274e-01 -3.331098e-01 1.356198e-01
 8.218218e-01 -2.967999e-01 -5.042199e-01 3.423279e-01
 8.228228e-01 -4.252780e-01 -6.329966e-01 5.815461e-01
 8.238238e-01 -5.337589e-01 -7.115010e-01 7.911322e-01
 8.248248e-01 -6.147580e-01 -7.360781e-01 9.197383e-01
 8.258258e-01 -6.624696e-01 -7.074385e-01 9.393353e-01
 8.268268e-01 -6.731130e-01 -6.303642e-01 8.504400e-01
 8.278278e-01 -6.451474e-01 -5.130836e-01 6.794699e-01
 8.288288e-01 -5.793519e-01 -3.663901e-01 4.698903e-01
 8.298298e-01 -4.787684e-01 -2.025983e-01 2.702652e-01
 8.308308e-01 -3.485146e-01 -3.444317e-02 1.226488e-01
 8.318318e-01 -1.954830e-01  1.259745e-01 5.408319e-02
 8.328328e-01 -2.794082e-02  2.681015e-01 7.265912e-02
 8.338338e-01  1.449428e-01  3.836315e-01 1.681815e-01
 8.348348e-01  3.136176e-01  4.669435e-01 3.163922e-01
 8.358358e-01  4.686911e-01  5.152617e-01 4.851660e-01
 8.368368e-01  6.014562e-01  5.285487e-01 6.411134e-01
 8.378378e-01  7.043781e-01  5.091721e-01 7.554046e-01
 8.388388e-01  7.715125e-01  4.614034e-01 8.081246e-01
 8.398398e-01  7.988347e-01  3.908216e-01 7.908783e-01
 8.408408e-01  7.844580e-01  3.036960e-01 7.076056e-01
 8.418418e-01  7.287338e-01  2.064178e-01 5.736612e-01
 8.428428e-01  6.342265e-01  1.050353e-01 4.132756e-01
 8.438438e-01  5.055685e-01  4.928583e-03 2.556238e-01
 8.448448e-01  3.492051e-01 -8.936413e-02 1.299301e-01
 8.458458e-01  1.730458e-01 -1.741790e-01 6.028315e-02
 8.468468e-01 -1.395483e-02 -2.466469e-01 6.102941e-02
 8.478478e-01 -2.022633e-01 -3.045470e-01 1.336593e-01
 8.488488e-01 -3.822534e-01 -3.461433e-01 2.659328e-01
 8.498498e-01 -5.446863e-01 -3.700528e-01 4.336223e-01
 8.508509e-01 -6.811620e-01 -3.751871e-01 6.047470e-01
 8.518519e-01 -7.845206e-01 -3.607873e-01 7.456400e-01
 8.528529e-01 -8.491794e-01 -3.265595e-01 8.277467e-01
 8.538539e-01 -8.713933e-01 -2.728899e-01 8.337952e-01
 8.548549e-01 -8.494323e-01 -2.011039e-01 7.619781e-01
 8.558559e-01 -7.836729e-01 -1.137170e-01 6.270748e-01
 8.568569e-01 -6.766039e-01 -1.461823e-02 4.580065e-01
 8.578579e-01 -5.327485e-01  9.086930e-02 2.920781e-01
 8.588589e-01 -3.585057e-01  1.960988e-01 1.669810e-01
 8.598599e-01 -1.619157e-01  2.934054e-01 1.123034e-01
 8.608609e-01  4.764713e-02  3.746109e-01 1.426036e-01
 8.618619e-01  2.598475e-01  4.316982e-01 2.538841e-01
 8.628629e-01  4.638229e-01  4.576029e-01 4.245321e-01
 8.638639e-01  6.486678e-01  4.470418e-01 6.206163e-01
 8.648649e-01  8.039570e-01  3.972866e-01 8.041835e-01
 8.658659e-01  9.202903e-01  3.087820e-01 9.422805e-01
 8.668669e-01  9.898378e-01  1.855163e-01 1.014195e+00
 8.678679e-01  1.006857e+00  3.507271e-02 1.014992e+00
 8.688689e-01  9.681540e-01 -1.316857e-01 9.546634e-01
 8.698699e-01  8.734469e-01 -3.013008e-01 8.536917e-01
 8.708709e-01  7.256074e-01 -4.587420e-01 7.369503e-01
 8.718719e-01  5.307370e-01 -5.886899e-01 6.282375e-01
 8.728729e-01  2.980573e-01 -6.769712e-01 5.471281e-01
 8.738739e-01  3.959427e-02 -7.120094e-01 5.085251e-01
 8.748749e-01 -2.303475e-01 -6.861423e-01 5.238513e-01
 8.758759e-01 -4.959104e-01 -5.966628e-01 6.019337e-01
 8.768769e-01 -7.405819e-01 -4.464559e-01 7.477845e-01
 8.778779e-01 -9.482188e-01 -2.441417e-01 9.587240e-01
 8.788789e-01 -1.104138e+00 -3.675819e-03 1.219134e+00
 8.798799e-01 -1.196200e+00  2.565845e-01 1.496729e+00
 8.808809e-01 -1.215801e+00  5.152906e-01 1.743697e+00
 8.818819e-01 -1.158698e+00  7.498747e-01 1.904893e+00
 8.828829e-01 -1.025575e+00  9.385339e-01 1.932650e+00
 8.838839e-01 -8.222977e-01  1.062243e+00 1.804534e+00
 8.848849e-01 -5.598059e-01  1.106608e+00 1.537964e+00
 8.858859e-01 -2.536200e-01  1.063372e+00 1.195084e+00
 8.868869e-01  7.702516e-02  9.314285e-01 8.734919e-01
 8.878879e-01  4.103793e-01  7.172147e-01 6.828082e-01
 8.888889e-01  7.236386e-01  4.344449e-01 7.123953e-01
 8.898899e-01  9.945699e-01  1.031747e-01 9.998143e-01
 8.908909e-01  1.203180e+00 -2.517274e-01 1.511008e+00
 8.918919e-01  1.333297e+00 -6.025772e-01 2.140781e+00
 8.928929e-01  1.373937e+00 -9.211699e-01 2.736256e+00
 8.938939e-01  1.320322e+00 -1.181169e+00 3.138410e+00
 8.948949e-01  1.174468e+00 -1.360373e+00 3.229992e+00
 8.958959e-01  9.452552e-01 -1.442667e+00 2.974795e+00
 8.968969e-01  6.479600e-01 -1.419457e+00 2.434710e+00
 8.978979e-01  3.032679e-01 -1.290487e+00 1.757329e+00
 8.988989e-01 -6.418391e-02 -1.063940e+00 1.136089e+00
 8.998999e-01 -4.276230e-01 -7.558226e-01 7.541293e-01
 9.009009e-01 -7.601848e-01 -3.886850e-01 7.289569e-01
 9.019019e-01 -1.037018e+00  1.020449e-02 1.075511e+00
 9.029029e-01 -1.237281e+00  4.110770e-01 1.699849e+00
 9.039039e-01 -1.345856e+00  7.840723e-01 2.426099e+00
 9.049049e-01 -1.354636e+00  1.101632e+00 3.048630e+00
 9.059059e-01 -1.263253e+00  1.340670e+00 3.393205e+00
 9.069069e-01 -1.079194e+00  1.484348e+00 3.367949e+00
 9.079079e-01 -8.172570e-01  1.523297e+00 2.988344e+00
 9.089089e-01 -4.984038e-01  1.456213e+00 2.368962e+00
 9.099099e-01 -1.480795e-01  1.289776e+00 1.685449e+00
 9.109109e-01  2.058540e-01  1.037936e+00 1.119687e+00
 9.119119e-01  5.354056e-01  7.206272e-01 8.059627e-01
 9.129129e-01  8.147661e-01  3.620492e-01 7.949234e-01
 9.139139e-01  1.022446e+00 -1.132966e-02 1.045525e+00
 9.149149e-01  1.143054e+00 -3.728727e-01 1.445607e+00
 9.159159e-01  1.168558e+00 -6.977999e-01 1.852452e+00
 9.169169e-01  1.098916e+00 -9.649769e-01 2.138797e+00
 9.179179e-01  9.420295e-01 -1.158333e+00 2.229156e+00
 9.189189e-01  7.130048e-01 -1.267816e+00 2.115733e+00
 9.199199e-01  4.328025e-01 -1.289822e+00 1.850958e+00
 9.209209e-01  1.263859e-01 -1.227115e+00 1.521786e+00
 9.219219e-01 -1.794665e-01 -1.088259e+00 1.216516e+00
 9.229229e-01 -4.584901e-01 -8.866396e-01 9.963430e-01
 9.239239e-01 -6.872001e-01 -6.391965e-01 8.808161e-01
 9.249249e-01 -8.468944e-01 -3.649699e-01 8.504331e-01
 9.259259e-01 -9.252186e-01 -8.359884e-02 8.630183e-01
 9.269269e-01 -9.171585e-01  1.861114e-01 8.758172e-01
 9.279279e-01 -8.253768e-01  4.274468e-01 8.639577e-01
 9.289289e-01 -6.598720e-01  6.267867e-01 8.282926e-01
 9.299299e-01 -4.369957e-01  7.742979e-01 7.905025e-01
 9.309309e-01 -1.779250e-01  8.642965e-01 7.786658e-01
 9.319319e-01  9.327080e-02  8.952846e-01 8.102340e-01
 9.329329e-01  3.517894e-01  8.696918e-01 8.801196e-01
 9.339339e-01  5.742891e-01  7.933711e-01 9.592457e-01
 9.349349e-01  7.409205e-01  6.749133e-01 1.004471e+00
 9.359359e-01  8.370216e-01  5.248467e-01 9.760693e-01
 9.369369e-01  8.543309e-01  3.547925e-01 8.557590e-01
 9.379379e-01  7.916216e-01  1.766362e-01 6.578651e-01
 9.389389e-01  6.547119e-01  1.768746e-03 4.286509e-01
 9.399399e-01  4.558620e-01 -1.595632e-01 2.332706e-01
 9.409409e-01  2.126227e-01 -2.987716e-01 1.344729e-01
 9.419419e-01 -5.375121e-02 -4.092911e-01 1.704084e-01
 9.429429e-01 -3.201777e-01 -4.867907e-01 3.394790e-01
 9.439439e-01 -5.637441e-01 -5.292392e-01 5.979016e-01
 9.449449e-01 -7.636491e-01 -5.368368e-01 8.713536e-01
 9.459459e-01 -9.029243e-01 -5.118314e-01 1.077244e+00
 9.469469e-01 -9.697953e-01 -4.582379e-01 1.150485e+00
 9.479479e-01 -9.585735e-01 -3.814835e-01 1.064393e+00
 9.489489e-01 -8.700184e-01 -2.879991e-01 8.398755e-01
 9.499499e-01 -7.111537e-01 -1.847803e-01 5.398833e-01
 9.509510e-01 -4.945696e-01 -7.893944e-02 2.508306e-01
 9.519520e-01 -2.372860e-01  2.272939e-02 5.682129e-02
 9.529530e-01  4.071465e-02  1.141493e-01 1.468775e-02
 9.539540e-01  3.181514e-01  1.903031e-01 1.374356e-01
 9.549550e-01  5.741609e-01  2.474992e-01 3.909166e-01
 9.559560e-01  7.899230e-01  2.835450e-01 7.043760e-01
 9.569570e-01  9.500656e-01  2.978160e-01 9.913189e-01
 9.579580e-01  1.043743e+00  2.912151e-01 1.174206e+00
 9.589590e-01  1.065314e+00  2.660249e-01 1.205664e+00
 9.599600e-01  1.014584e+00  2.256631e-01 1.080304e+00
 9.609610e-01  8.966056e-01  1.743616e-01 8.343036e-01
 9.619620e-01  7.210890e-01  1.167934e-01 5.336100e-01
 9.629630e-01  5.014719e-01  5.768098e-02 2.548012e-01
 9.639640e-01  2.537567e-01  1.419441e-03 6.439446e-02
 9.649650e-01 -4.787170e-03 -4.825202e-02 2.351175e-03
 9.659660e-01 -2.569406e-01 -8.850146e-02 7.385100e-02
 9.669670e-01 -4.867675e-01 -1.175565e-01 2.507622e-01
 9.679680e-01 -6.806685e-01 -1.347474e-01 4.814665e-01
 9.689690e-01 -8.281859e-01 -1.404405e-01 7.056155e-01
 9.699700e-01 -9.225131e-01 -1.358761e-01 8.694927e-01
 9.709710e-01 -9.606913e-01 -1.229321e-01 9.380401e-01
 9.719720e-01 -9.435048e-01 -1.038474e-01 9.009855e-01
 9.729730e-01 -8.751080e-01 -8.093763e-02 7.723649e-01
 9.739740e-01 -7.624418e-01 -5.634092e-02 5.844918e-01
 9.749750e-01 -6.145056e-01 -3.182311e-02 3.786298e-01
 9.759760e-01 -4.415612e-01 -8.664475e-03 1.950514e-01
 9.769770e-01 -2.543417e-01  1.236223e-02 6.484250e-02
 9.779780e-01 -6.332906e-02  3.092530e-02 4.966945e-03
 9.789790e-01  1.218453e-01  4.699632e-02 1.705493e-02
 9.799800e-01  2.928463e-01  6.066773e-02 8.943951e-02
 9.809810e-01  4.429100e-01  7.196124e-02 2.013477e-01
 9.819820e-01  5.669538e-01  8.066349e-02 3.279432e-01
 9.829830e-01  6.615417e-01  8.622364e-02 4.450720e-01
 9.839840e-01  7.247397e-01  8.773788e-02 5.329455e-01
 9.849850e-01  7.559012e-01  8.403455e-02 5.784484e-01
 9.859860e-01  7.554285e-01  7.385601e-02 5.761269e-01
 9.869870e-01  7.245474e-01  5.611902e-02 5.281183e-01
 9.879880e-01  6.651292e-01  3.021834e-02 4.433099e-01
 9.889890e-01  5.795782e-01 -3.671223e-03 3.359244e-01
 9.899900e-01  4.707925e-01 -4.434626e-02 2.236122e-01
 9.909910e-01  3.421877e-01 -8.942887e-02 1.250899e-01
 9.919920e-01  1.977656e-01 -1.353656e-01 5.743509e-02
 9.929930e-01  4.219673e-02 -1.775965e-01 3.332108e-02
 9.939940e-01 -1.191185e-01 -2.109007e-01 5.866831e-02
 9.949950e-01 -2.800431e-01 -2.298990e-01 1.312777e-01
 9.959960e-01 -4.337830e-01 -2.296735e-01 2.409176e-01
 9.969970e-01 -5.730720e-01 -2.064393e-01 3.710287e-01
 9.979980e-01 -6.904695e-01 -1.581932e-01 5.017733e-01
 9.989990e-01 -7.787653e-01 -8.525303e-02 6.137435e-01
 1.000000e+00 -8.314656e-01  9.390713e-03 6.914233e-01
