# x psi_r psi_i psi2 
 0.000000e+00 -5.764564e-01  4.951036e-01 5.774296e-01
 1.001001e-03 -7.155302e-01  5.235689e-01 7.861079e-01
 2.002002e-03 -8.330438e-01  5.215973e-01 9.660258e-01
 3.003003e-03 -9.255992e-01  4.919977e-01 1.098796e+00
 4.004004e-03 -9.904722e-01  4.389630e-01 1.173724e+00
 5.005005e-03 -1.025687e+00  3.677900e-01 1.187303e+00
 6.006006e-03 -1.030075e+00  2.845445e-01 1.142020e+00
 7.007007e-03 -1.003321e+00  1.956896e-01 1.044948e+00
 8.008008e-03 -9.459893e-01  1.076996e-01 9.064950e-01
 9.009009e-03 -8.595333e-01  2.667901e-02 7.395092e-01
 1.001001e-02 -7.462854e-01 -4.198958e-02 5.587050e-01
 1.101101e-02 -6.094247e-01 -9.395180e-02 3.802254e-01
 1.201201e-02 -4.529202e-01 -1.261227e-01 2.210436e-01
 1.301301e-02 -2.814495e-01 -1.368509e-01 9.794200e-02
 1.401401e-02 -1.002907e-01 -1.259955e-01 2.593309e-02
 1.501502e-02  8.481203e-02 -9.491255e-02 1.620147e-02
 1.601602e-02  2.678084e-01 -4.635228e-02 7.386987e-02
 1.701702e-02  4.425245e-01  1.572775e-02 1.960753e-01
 1.801802e-02  6.028642e-01  8.642104e-02 3.709139e-01
 1.901902e-02  7.430243e-01  1.601875e-01 5.777451e-01
 2.002002e-02  8.577142e-01  2.312068e-01 7.891302e-01
 2.102102e-02  9.423743e-01  2.937486e-01 9.743576e-01
 2.202202e-02  9.933814e-01  3.425378e-01 1.104139e+00
 2.302302e-02  1.008231e+00  3.730933e-01 1.155729e+00
 2.402402e-02  9.856893e-01  3.820184e-01 1.117521e+00
 2.502503e-02  9.258969e-01  3.672283e-01 9.921418e-01
 2.602603e-02  8.304294e-01  3.280979e-01 7.972612e-01
 2.702703e-02  7.022938e-01  2.655225e-01 5.637188e-01
 2.802803e-02  5.458662e-01  1.818883e-01 3.310533e-01
 2.902903e-02  3.667654e-01  8.095179e-02 1.410701e-01
 3.003003e-02  1.716653e-01 -3.236240e-02 3.051630e-02
 3.103103e-02 -3.194847e-02 -1.522349e-01 2.419616e-02
 3.203203e-02 -2.360697e-01 -2.722794e-01 1.298650e-01
 3.303303e-02 -4.324983e-01 -3.859066e-01 3.359787e-01
 3.403403e-02 -6.131888e-01 -4.867010e-01 6.128783e-01
 3.503504e-02 -7.706037e-01 -5.687908e-01 9.173531e-01
 3.603604e-02 -8.980562e-01 -6.271876e-01 1.199869e+00
 3.703704e-02 -9.900223e-01 -6.580772e-01 1.413210e+00
 3.803804e-02 -1.042408e+00 -6.590442e-01 1.520955e+00
 3.903904e-02 -1.052758e+00 -6.292184e-01 1.504214e+00
 4.004004e-02 -1.020383e+00 -5.693353e-01 1.365325e+00
 4.104104e-02 -9.464228e-01 -4.817065e-01 1.127757e+00
 4.204204e-02 -8.338028e-01 -3.701051e-01 8.322049e-01
 4.304304e-02 -6.871218e-01 -2.395703e-01 5.295304e-01
 4.404404e-02 -5.124498e-01 -9.614609e-02 2.718488e-01
 4.504505e-02 -3.170556e-01  5.343238e-02 1.033793e-01
 4.604605e-02 -1.090764e-01  2.020859e-01 5.273638e-02
 4.704705e-02  1.028565e-01  3.427522e-01 1.280585e-01
 4.804805e-02  3.100154e-01  4.687409e-01 3.158276e-01
 4.904905e-02  5.039771e-01  5.740638e-01 5.835422e-01
 5.005005e-02  6.770068e-01  6.537228e-01 8.856917e-01
 5.105105e-02  8.224046e-01  7.039425e-01 1.171884e+00
 5.205205e-02  9.347979e-01  7.223354e-01 1.395615e+00
 5.305305e-02  1.010363e+00  7.079947e-01 1.522090e+00
 5.405405e-02  1.046968e+00  6.615126e-01 1.533741e+00
 5.505506e-02  1.044226e+00  5.849246e-01 1.432544e+00
 5.605606e-02  1.003462e+00  4.815878e-01 1.238863e+00
 5.705706e-02  9.275948e-01  3.559999e-01 9.871681e-01
 5.805806e-02  8.209395e-01  2.135736e-01 7.195553e-01
 5.905906e-02  6.889468e-01  6.037649e-02 4.782930e-01
 6.006006e-02  5.378928e-01 -9.714691e-02 2.987662e-01
 6.106106e-02  3.745376e-01 -2.524580e-01 2.040135e-01
 6.206206e-02  2.057722e-01 -3.991982e-01 2.017014e-01
 6.306306e-02  3.827402e-02 -5.314424e-01 2.838960e-01
 6.406406e-02 -1.218100e-01 -6.439226e-01 4.294740e-01
 6.506507e-02 -2.691365e-01 -7.322129e-01 6.085702e-01
 6.606607e-02 -3.993801e-01 -7.928728e-01 7.881518e-01
 6.706707e-02 -5.093798e-01 -8.235449e-01 9.376940e-01
 6.806807e-02 -5.972110e-01 -8.230073e-01 1.034002e+00
 6.906907e-02 -6.621817e-01 -7.911831e-01 1.064455e+00
 7.007007e-02 -7.047570e-01 -7.291091e-01 1.028282e+00
 7.107107e-02 -7.264183e-01 -6.388704e-01 9.358389e-01
 7.207207e-02 -7.294696e-01 -5.235030e-01 8.061814e-01
 7.307307e-02 -7.168042e-01 -3.868740e-01 6.634797e-01
 7.407407e-02 -6.916487e-01 -2.335406e-01 5.329191e-01
 7.507508e-02 -6.573021e-01 -6.859657e-02 4.367515e-01
 7.607608e-02 -6.168859e-01  1.024914e-01 3.910528e-01
 7.707708e-02 -5.731230e-01  2.740526e-01 4.035747e-01
 7.807808e-02 -5.281574e-01  4.403823e-01 4.728868e-01
 7.907908e-02 -4.834283e-01  5.959113e-01 5.888132e-01
 8.008008e-02 -4.396032e-01  7.353704e-01 7.340206e-01
 8.108108e-02 -3.965753e-01  8.539480e-01 8.864991e-01
 8.208208e-02 -3.535242e-01  9.474377e-01 1.022618e+00
 8.308308e-02 -3.090333e-01  1.012373e+00 1.120400e+00
 8.408408e-02 -2.612578e-01  1.046145e+00 1.162675e+00
 8.508509e-02 -2.081291e-01  1.047101e+00 1.139739e+00
 8.608609e-02 -1.475827e-01  1.014620e+00 1.051234e+00
 8.708709e-02 -7.779363e-02  9.491560e-01 9.069489e-01
 8.808809e-02  2.597779e-03  8.522583e-01 7.263510e-01
 8.908909e-02  9.428437e-02  7.265502e-01 5.367648e-01
 9.009009e-02  1.971301e-01  5.756756e-01 3.702627e-01
 9.109109e-02  3.100593e-01  4.042070e-01 2.595201e-01
 9.209209e-02  4.310057e-01  2.175170e-01 2.330796e-01
 9.309309e-02  5.569276e-01  2.161513e-02 3.106356e-01
 9.409409e-02  6.838889e-01 -1.770468e-01 4.990496e-01
 9.509510e-02  8.072049e-01 -3.717942e-01 7.898107e-01
 9.609610e-02  9.216455e-01 -5.559669e-01 1.158530e+00
 9.709710e-02  1.021685e+00 -7.231670e-01 1.566810e+00
 9.809810e-02  1.101785e+00 -8.675049e-01 1.966496e+00
 9.909910e-02  1.156701e+00 -9.838349e-01 2.305888e+00
 1.001001e-01  1.181781e+00 -1.067969e+00 2.537164e+00
 1.011011e-01  1.173260e+00 -1.116858e+00 2.623911e+00
 1.021021e-01  1.128512e+00 -1.128735e+00 2.547582e+00
 1.031031e-01  1.046266e+00 -1.103201e+00 2.311727e+00
 1.041041e-01  9.267494e-01 -1.041270e+00 1.943108e+00
 1.051051e-01  7.717711e-01 -9.453384e-01 1.489295e+00
 1.061061e-01  5.847261e-01 -8.191107e-01 1.012847e+00
 1.071071e-01  3.705204e-01 -6.674592e-01 5.827872e-01
 1.081081e-01  1.354210e-01 -4.962344e-01 2.645875e-01
 1.091091e-01 -1.131650e-01 -3.120305e-01 1.101694e-01
 1.101101e-01 -3.669715e-01 -1.219155e-01 1.495315e-01
 1.111111e-01 -6.172034e-01  6.686217e-02 3.854106e-01
 1.121121e-01 -8.548988e-01  2.471769e-01 7.919483e-01
 1.131131e-01 -1.071307e+00  4.123270e-01 1.317712e+00
 1.141141e-01 -1.258264e+00  5.563177e-01 1.892719e+00
 1.151151e-01 -1.408550e+00  6.741151e-01 2.438444e+00
 1.161161e-01 -1.516204e+00  7.618575e-01 2.879302e+00
 1.171171e-01 -1.576794e+00  8.170149e-01 3.153793e+00
 1.181181e-01 -1.587615e+00  8.384888e-01 3.223586e+00
 1.191191e-01 -1.547819e+00  8.266465e-01 3.079089e+00
 1.201201e-01 -1.458459e+00  7.832900e-01 2.740646e+00
 1.211211e-01 -1.322454e+00  7.115578e-01 2.255198e+00
 1.221221e-01 -1.144473e+00  6.157658e-01 1.688985e+00
 1.231231e-01 -9.307453e-01  5.011943e-01 1.117482e+00
 1.241241e-01 -6.888056e-01  3.738294e-01 6.142016e-01
 1.251251e-01 -4.271829e-01  2.400730e-01 2.401203e-01
 1.261261e-01 -1.550546e-01  1.064332e-01 3.536997e-02
 1.271271e-01  1.181233e-01 -2.078943e-02 1.438532e-02
 1.281281e-01  3.829921e-01 -1.358044e-01 1.651258e-01
 1.291291e-01  6.306540e-01 -2.336086e-01 4.522975e-01
 1.301301e-01  8.530103e-01 -3.102235e-01 8.238652e-01
 1.311311e-01  1.043056e+00 -3.628823e-01 1.219650e+00
 1.321321e-01  1.195125e+00 -3.901551e-01 1.580546e+00
 1.331331e-01  1.305068e+00 -3.920062e-01 1.856871e+00
 1.341341e-01  1.370366e+00 -3.697809e-01 2.014640e+00
 1.351351e-01  1.390171e+00 -3.261202e-01 2.038930e+00
 1.361361e-01  1.365282e+00 -2.648075e-01 1.934118e+00
 1.371371e-01  1.298045e+00 -1.905550e-01 1.721233e+00
 1.381381e-01  1.192208e+00 -1.087388e-01 1.433183e+00
 1.391391e-01  1.052711e+00 -2.509726e-02 1.108830e+00
 1.401401e-01  8.854550e-01  5.459332e-02 7.870109e-01
 1.411411e-01  6.970333e-01  1.248476e-01 5.014423e-01
 1.421421e-01  4.944548e-01  1.807882e-01 2.771699e-01
 1.431431e-01  2.848679e-01  2.184320e-01 1.288622e-01
 1.441441e-01  7.529626e-02  2.349312e-01 6.086219e-02
 1.451451e-01 -1.276029e-01  2.287536e-01 6.861068e-02
 1.461461e-01 -3.177487e-01  1.997913e-01 1.408808e-01
 1.471471e-01 -4.898091e-01  1.493903e-01 2.622305e-01
 1.481481e-01 -6.393314e-01  8.029756e-02 4.151923e-01
 1.491491e-01 -7.628285e-01 -3.473927e-03 5.819194e-01
 1.501502e-01 -8.578239e-01 -9.685572e-02 7.452428e-01
 1.511512e-01 -9.228549e-01 -1.940006e-01 8.892975e-01
 1.521522e-01 -9.574416e-01 -2.886107e-01 9.999906e-01
 1.531532e-01 -9.620246e-01 -3.743005e-01 1.065592e+00
 1.541542e-01 -9.378799e-01 -4.449732e-01 1.077620e+00
 1.551552e-01 -8.870170e-01 -4.951910e-01 1.032013e+00
 1.561562e-01 -8.120662e-01 -5.205164e-01 9.303887e-01
 1.571572e-01 -7.161617e-01 -5.178043e-01 7.810089e-01
 1.581582e-01 -6.028260e-01 -4.854277e-01 5.990393e-01
 1.591592e-01 -4.758580e-01 -4.234211e-01 4.057262e-01
 1.601602e-01 -3.392289e-01 -3.335311e-01 2.263192e-01
 1.611612e-01 -1.969867e-01 -2.191711e-01 8.683973e-02
 1.621622e-01 -5.316935e-02 -8.527749e-02 1.009923e-02
 1.631632e-01  8.827363e-02  6.192412e-02 1.162683e-02
 1.641642e-01  2.235531e-01  2.152325e-01 9.630098e-02
 1.651652e-01  3.491065e-01  3.668469e-01 2.564520e-01
 1.661662e-01  4.616613e-01  5.087866e-01 4.719950e-01
 1.671672e-01  5.582953e-01  6.333281e-01 7.127980e-01
 1.681682e-01  6.364962e-01  7.334375e-01 9.430580e-01
 1.691692e-01  6.942193e-01  8.031722e-01 1.127026e+00
 1.701702e-01  7.299424e-01  8.380278e-01 1.235107e+00
 1.711712e-01  7.427164e-01  8.352101e-01 1.249204e+00
 1.721722e-01  7.322084e-01  7.938160e-01 1.166273e+00
 1.731732e-01  6.987344e-01  7.149110e-01 9.993275e-01
 1.741742e-01  6.432768e-01  6.014995e-01 7.756067e-01
 1.751752e-01  5.674853e-01  4.583863e-01 5.321576e-01
 1.761762e-01  4.736545e-01  2.919395e-01 3.095773e-01
 1.771772e-01  3.646792e-01  1.097654e-01 1.450394e-01
 1.781782e-01  2.439840e-01 -7.968555e-02 6.587796e-02
 1.791792e-01  1.154271e-01 -2.675585e-01 8.491096e-02
 1.801802e-01 -1.681813e-02 -4.450565e-01 1.983582e-01
 1.811812e-01 -1.484028e-01 -6.038982e-01 3.867164e-01
 1.821822e-01 -2.749567e-01 -7.367444e-01 6.183934e-01
 1.831832e-01 -3.922513e-01 -8.375718e-01 8.553875e-01
 1.841842e-01 -4.963642e-01 -9.019709e-01 1.059929e+00
 1.851852e-01 -5.838362e-01 -9.273541e-01 1.200850e+00
 1.861862e-01 -6.518130e-01 -9.130616e-01 1.258542e+00
 1.871872e-01 -6.981637e-01 -8.603625e-01 1.227656e+00
 1.881882e-01 -7.215689e-01 -7.723515e-01 1.117188e+00
 1.891892e-01 -7.215715e-01 -6.537493e-01 9.480537e-01
 1.901902e-01 -6.985895e-01 -5.106199e-01 7.487600e-01
 1.911912e-01 -6.538856e-01 -3.500224e-01 5.500821e-01
 1.921922e-01 -5.894973e-01 -1.796194e-01 3.797702e-01
 1.931932e-01 -5.081299e-01 -7.263186e-03 2.582487e-01
 1.941942e-01 -4.130181e-01  1.594136e-01 1.959967e-01
 1.951952e-01 -3.077643e-01  3.133820e-01 1.929271e-01
 1.961962e-01 -1.961620e-01  4.485542e-01 2.396804e-01
 1.971972e-01 -8.201667e-02  5.600548e-01 3.203881e-01
 1.981982e-01  3.102795e-02  6.444160e-01 4.162347e-01
 1.991992e-01  1.396459e-01  6.996856e-01 5.090609e-01
 2.002002e-01  2.409592e-01  7.254465e-01 5.843339e-01
 2.012012e-01  3.326346e-01  7.227491e-01 6.330121e-01
 2.022022e-01  4.129417e-01  6.939654e-01 6.521088e-01
 2.032032e-01  4.807704e-01  6.425744e-01 6.440420e-01
 2.042042e-01  5.356069e-01  5.728971e-01 6.150858e-01
 2.052052e-01  5.774734e-01  4.897962e-01 5.733758e-01
 2.062062e-01  6.068347e-01  3.983614e-01 5.269402e-01
 2.072072e-01  6.244829e-01  3.035991e-01 4.821512e-01
 2.082082e-01  6.314060e-01  2.101451e-01 4.428345e-01
 2.092092e-01  6.286557e-01  1.220155e-01 4.100958e-01
 2.102102e-01  6.172211e-01  4.241150e-02 3.827606e-01
 2.112112e-01  5.979208e-01 -2.641587e-02 3.582071e-01
 2.122122e-01  5.713227e-01 -8.323165e-02 3.333371e-01
 2.132132e-01  5.376967e-01 -1.278153e-01 3.054545e-01
 2.142142e-01  4.970059e-01 -1.608924e-01 2.729013e-01
 2.152152e-01  4.489375e-01 -1.840080e-01 2.354038e-01
 2.162162e-01  3.929707e-01 -1.993499e-01 1.941664e-01
 2.172172e-01  3.284788e-01 -2.095367e-01 1.518039e-01
 2.182182e-01  2.548551e-01 -2.173831e-01 1.122065e-01
 2.192192e-01  1.716557e-01 -2.256593e-01 8.038777e-02
 2.202202e-01  7.874554e-02 -2.368589e-01 6.230302e-02
 2.212212e-01 -2.356304e-02 -2.529908e-01 6.455956e-02
 2.222222e-01 -1.343924e-01 -2.754057e-01 9.390964e-02
 2.232232e-01 -2.522130e-01 -3.046708e-01 1.564357e-01
 2.242242e-01 -3.747972e-01 -3.404968e-01 2.564110e-01
 2.252252e-01 -4.992217e-01 -3.817235e-01 3.949351e-01
 2.262262e-01 -6.219208e-01 -4.263640e-01 5.685717e-01
 2.272272e-01 -7.387922e-01 -4.717050e-01 7.683195e-01
 2.282282e-01 -8.453516e-01 -5.144572e-01 9.792854e-01
 2.292292e-01 -9.369290e-01 -5.509476e-01 1.181379e+00
 2.302302e-01 -1.008899e+00 -5.773426e-01 1.351201e+00
 2.312312e-01 -1.056929e+00 -5.898890e-01 1.465068e+00
 2.322322e-01 -1.077236e+00 -5.851603e-01 1.502849e+00
 2.332332e-01 -1.066831e+00 -5.602931e-01 1.452058e+00
 2.342342e-01 -1.023744e+00 -5.132017e-01 1.311428e+00
 2.352352e-01 -9.472015e-01 -4.427578e-01 1.093225e+00
 2.362362e-01 -8.377609e-01 -3.489240e-01 8.235913e-01
 2.372372e-01 -6.973788e-01 -2.328355e-01 5.405496e-01
 2.382382e-01 -5.294111e-01 -9.682131e-02 2.896505e-01
 2.392392e-01 -3.385424e-01  5.563527e-02 1.177062e-01
 2.402402e-01 -1.306440e-01  2.199974e-01 6.546670e-02
 2.412412e-01  8.743345e-02  3.908326e-01 1.603948e-01
 2.422422e-01  3.081249e-01  5.620220e-01 4.108097e-01
 2.432432e-01  5.234609e-01  7.270104e-01 8.025554e-01
 2.442442e-01  7.254084e-01  8.790874e-01 1.299012e+00
 2.452452e-01  9.062257e-01  1.011685e+00 1.844753e+00
 2.462462e-01  1.058814e+00  1.118682e+00 2.372536e+00
 2.472472e-01  1.177048e+00  1.194688e+00 2.812722e+00
 2.482482e-01  1.256068e+00  1.235318e+00 3.103718e+00
 2.492492e-01  1.292520e+00  1.237412e+00 3.201796e+00
 2.502503e-01  1.284729e+00  1.199218e+00 3.088653e+00
 2.512513e-01  1.232801e+00  1.120509e+00 2.775339e+00
 2.522523e-01  1.138639e+00  1.002638e+00 2.301782e+00
 2.532533e-01  1.005880e+00  8.485251e-01 1.731790e+00
 2.542543e-01  8.397524e-01  6.625739e-01 1.144188e+00
 2.552553e-01  6.468569e-01  4.505214e-01 6.213934e-01
 2.562563e-01  4.348858e-01  2.192303e-01 2.371876e-01
 2.572573e-01  2.122892e-01 -2.357128e-02 4.562229e-02
 2.582583e-01 -1.209439e-02 -2.695898e-01 7.282493e-02
 2.592593e-01 -2.294254e-01 -5.102925e-01 3.130344e-01
 2.602603e-01 -4.312526e-01 -7.372458e-01 7.295101e-01
 2.612613e-01 -6.098836e-01 -9.424511e-01 1.260172e+00
 2.622623e-01 -7.587216e-01 -1.118663e+00 1.827065e+00
 2.632633e-01 -8.725507e-01 -1.259673e+00 2.348122e+00
 2.642643e-01 -9.477573e-01 -1.360558e+00 2.749361e+00
 2.652653e-01 -9.824766e-01 -1.417858e+00 2.975581e+00
 2.662663e-01 -9.766574e-01 -1.429711e+00 2.997933e+00
 2.672673e-01 -9.320425e-01 -1.395907e+00 2.817259e+00
 2.682683e-01 -8.520642e-01 -1.317879e+00 2.462819e+00
 2.692693e-01 -7.416610e-01 -1.198629e+00 1.986773e+00
 2.702703e-01 -6.070243e-01 -1.042588e+00 1.455468e+00
 2.712713e-01 -4.552858e-01 -8.554230e-01 9.390336e-01
 2.722723e-01 -2.941625e-01 -6.438026e-01 5.010134e-01
 2.732733e-01 -1.315751e-01 -4.151238e-01 1.896398e-01
 2.742743e-01  2.474080e-02 -1.772215e-01 3.201957e-02
 2.752753e-01  1.676110e-01  6.193016e-02 3.192880e-02
 2.762763e-01  2.907690e-01  2.945117e-01 1.712838e-01
 2.772773e-01  3.891533e-01  5.131344e-01 4.147472e-01
 2.782783e-01  4.591418e-01  7.110881e-01 7.164574e-01
 2.792793e-01  4.987100e-01  8.825526e-01 1.027611e+00
 2.802803e-01  5.075061e-01  1.022766e+00 1.303612e+00
 2.812813e-01  4.868367e-01  1.128141e+00 1.509713e+00
 2.822823e-01  4.395667e-01  1.196343e+00 1.624456e+00
 2.832833e-01  3.699351e-01  1.226302e+00 1.640668e+00
 2.842843e-01  2.832990e-01  1.218194e+00 1.564254e+00
 2.852853e-01  1.858183e-01  1.173373e+00 1.411332e+00
 2.862863e-01  8.409779e-02  1.094270e+00 1.204499e+00
 2.872873e-01 -1.519284e-02  9.842613e-01 9.690011e-01
 2.882883e-01 -1.057012e-01  8.475198e-01 7.294626e-01
 2.892893e-01 -1.817545e-01  6.888487e-01 5.075472e-01
 2.902903e-01 -2.386816e-01  5.135115e-01 3.206630e-01
 2.912913e-01 -2.730771e-01  3.270618e-01 1.815406e-01
 2.922923e-01 -2.829911e-01  1.351781e-01 9.835712e-02
 2.932933e-01 -2.680346e-01 -5.649182e-02 7.503389e-02
 2.942943e-01 -2.293932e-01 -2.424735e-01 1.114146e-01
 2.952953e-01 -1.697486e-01 -4.175943e-01 2.031996e-01
 2.962963e-01 -9.311188e-02 -5.770967e-01 3.417105e-01
 2.972973e-01 -4.577849e-03 -7.167371e-01 5.137331e-01
 2.982983e-01  8.998481e-02 -8.328692e-01 7.017684e-01
 2.992993e-01  1.842901e-01 -9.225149e-01 8.849966e-01
 3.003003e-01  2.720166e-01 -9.834216e-01 1.041111e+00
 3.013013e-01  3.471919e-01 -1.014108e+00 1.148958e+00
 3.023023e-01  4.045569e-01 -1.013898e+00 1.191656e+00
 3.033033e-01  4.398880e-01 -9.829411e-01 1.159675e+00
 3.043043e-01  4.502571e-01 -9.222181e-01 1.053218e+00
 3.053053e-01  4.342149e-01 -8.335353e-01 8.833238e-01
 3.063063e-01  3.918851e-01 -7.194977e-01 6.712508e-01
 3.073073e-01  3.249639e-01 -5.834636e-01 4.460313e-01
 3.083083e-01  2.366261e-01 -4.294784e-01 2.404436e-01
 3.093093e-01  1.313409e-01 -2.621852e-01 8.599154e-02
 3.103103e-01  1.461197e-02 -8.671162e-02 7.732415e-03
 3.113113e-01 -1.073456e-01  9.146629e-02 1.988915e-02
 3.123123e-01 -2.279689e-01  2.666812e-01 1.230887e-01
 3.133133e-01 -3.407314e-01  4.332496e-01 3.038031e-01
 3.143143e-01 -4.395225e-01  5.856598e-01 5.361774e-01
 3.153153e-01 -5.190006e-01  7.187665e-01 7.859869e-01
 3.163163e-01 -5.748977e-01  8.279843e-01 1.016065e+00
 3.173173e-01 -6.042577e-01  9.094713e-01 1.192265e+00
 3.183183e-01 -6.055941e-01  9.602949e-01 1.288910e+00
 3.193193e-01 -5.789587e-01  9.785686e-01 1.292790e+00
 3.203203e-01 -5.259177e-01  9.635544e-01 1.205027e+00
 3.213213e-01 -4.494380e-01  9.157206e-01 1.040539e+00
 3.223223e-01 -3.536914e-01  8.367522e-01 8.252518e-01
 3.233233e-01 -2.437911e-01  7.295086e-01 5.916169e-01
 3.243243e-01 -1.254758e-01  5.979298e-01 3.732642e-01
 3.253253e-01 -4.763891e-03  4.468910e-01 1.997343e-01
 3.263263e-01  1.124022e-01  2.820134e-01 9.216583e-02
 3.273273e-01  2.204981e-01  1.094360e-01 6.059566e-02
 3.283283e-01  3.147252e-01 -6.443916e-02 1.032043e-01
 3.293293e-01  3.912661e-01 -2.332181e-01 2.074798e-01
 3.303303e-01  4.474723e-01 -3.907876e-01 3.529464e-01
 3.313313e-01  4.819740e-01 -5.315775e-01 5.148736e-01
 3.323323e-01  4.947062e-01 -6.507972e-01 6.682712e-01
 3.333333e-01  4.868530e-01 -7.446352e-01 7.915074e-01
 3.343343e-01  4.607129e-01 -8.104111e-01 8.690225e-01
 3.353353e-01  4.194984e-01 -8.466712e-01 8.928311e-01
 3.363363e-01  3.670817e-01 -8.532234e-01 8.627392e-01
 3.373373e-01  3.077062e-01 -8.311098e-01 7.854267e-01
 3.383383e-01  2.456815e-01 -7.825185e-01 6.726946e-01
 3.393393e-01  1.850836e-01 -7.106404e-01 5.392657e-01
 3.403403e-01  1.294796e-01 -6.194795e-01 4.005198e-01
 3.413413e-01  8.169374e-02 -5.136276e-01 2.704872e-01
 3.423423e-01  4.363058e-02 -3.980169e-01 1.603211e-01
 3.433433e-01  1.616621e-02 -2.776647e-01 7.735901e-02
 3.443443e-01 -8.866802e-04 -1.574238e-01 2.478303e-02
 3.453453e-01 -8.737625e-03 -4.175477e-02 1.819807e-03
 3.463463e-01 -9.504652e-03  6.547043e-02 4.376715e-03
 3.473473e-01 -6.035766e-03  1.611212e-01 2.599646e-02
 3.483483e-01 -1.677637e-03  2.429113e-01 5.900870e-02
 3.493493e-01 -6.723692e-06  3.094475e-01 9.575776e-02
 3.503504e-01 -4.540415e-03  3.602242e-01 1.297821e-01
 3.513514e-01 -1.844699e-02  3.955657e-01 1.568125e-01
 3.523524e-01 -4.427333e-02  4.165236e-01 1.754520e-01
 3.533534e-01 -8.370808e-02  4.247368e-01 1.874084e-01
 3.543544e-01 -1.373962e-01  4.222666e-01 1.971868e-01
 3.553554e-01 -2.048173e-01  4.114162e-01 2.112134e-01
 3.563564e-01 -2.842369e-01  3.945503e-01 2.364605e-01
 3.573574e-01 -3.727348e-01  3.739242e-01 2.787505e-01
 3.583584e-01 -4.663111e-01  3.515354e-01 3.410232e-01
 3.593594e-01 -5.600653e-01  3.290045e-01 4.219171e-01
 3.603604e-01 -6.484390e-01  3.074939e-01 5.150256e-01
 3.613614e-01 -7.255107e-01  2.876664e-01 6.091178e-01
 3.623624e-01 -7.853265e-01  2.696856e-01 6.894681e-01
 3.633634e-01 -8.222483e-01  2.532555e-01 7.402307e-01
 3.643644e-01 -8.313017e-01  2.376938e-01 7.475609e-01
 3.653654e-01 -8.085029e-01  2.220327e-01 7.029755e-01
 3.663664e-01 -7.511466e-01  2.051392e-01 6.063033e-01
 3.673674e-01 -6.580385e-01  1.858420e-01 4.675520e-01
 3.683684e-01 -5.296577e-01  1.630606e-01 3.071261e-01
 3.693694e-01 -3.682383e-01  1.359205e-01 1.540739e-01
 3.703704e-01 -1.777647e-01  1.038522e-01 4.238557e-02
 3.713714e-01  3.612367e-02  6.666275e-02 5.748842e-03
 3.723724e-01  2.663135e-01  2.457817e-02 7.152695e-02
 3.733734e-01  5.044801e-01 -2.174784e-02 2.549732e-01
 3.743744e-01  7.414196e-01 -7.125683e-02 5.547806e-01
 3.753754e-01  9.674357e-01 -1.225402e-01 9.509478e-01
 3.763764e-01  1.172765e+00 -1.739184e-01 1.405625e+00
 3.773774e-01  1.348019e+00 -2.235418e-01 1.867126e+00
 3.783784e-01  1.484627e+00 -2.695022e-01 2.276749e+00
 3.793794e-01  1.575252e+00 -3.099516e-01 2.577487e+00
 3.803804e-01  1.614161e+00 -3.432156e-01 2.723314e+00
 3.813814e-01  1.597543e+00 -3.678978e-01 2.687493e+00
 3.823824e-01  1.523734e+00 -3.829655e-01 2.468429e+00
 3.833834e-01  1.393364e+00 -3.878138e-01 2.091863e+00
 3.843844e-01  1.209397e+00 -3.823028e-01 1.608797e+00
 3.853854e-01  9.770729e-01 -3.667668e-01 1.089189e+00
 3.863864e-01  7.037430e-01 -3.419945e-01 6.122144e-01
 3.873874e-01  3.986117e-01 -3.091841e-01 2.544861e-01
 3.883884e-01  7.238994e-02 -2.698731e-01 7.807182e-02
 3.893894e-01 -2.631244e-01 -2.258515e-01 1.202434e-01
 3.903904e-01 -5.955200e-01 -1.790594e-01 3.867063e-01
 3.913914e-01 -9.122807e-01 -1.314802e-01 8.495431e-01
 3.923924e-01 -1.201307e+00 -8.503086e-02 1.450368e+00
 3.933934e-01 -1.451424e+00 -4.145953e-02 2.108352e+00
 3.943944e-01 -1.652863e+00 -2.252934e-03 2.731960e+00
 3.953954e-01 -1.797673e+00  3.143816e-02 3.232618e+00
 3.963964e-01 -1.880079e+00  5.885533e-02 3.538160e+00
 3.973974e-01 -1.896726e+00  7.966371e-02 3.603917e+00
 3.983984e-01 -1.846842e+00  9.396092e-02 3.419652e+00
 3.993994e-01 -1.732271e+00  1.022590e-01 3.011218e+00
 4.004004e-01 -1.557410e+00  1.054451e-01 2.436644e+00
 4.014014e-01 -1.329026e+00  1.047182e-01 1.777277e+00
 4.024024e-01 -1.055974e+00  1.015099e-01 1.125385e+00
 4.034034e-01 -7.488198e-01  9.738924e-02 5.702158e-01
 4.044044e-01 -4.194014e-01  9.395980e-02 1.847260e-01
 4.054054e-01 -8.032432e-02  9.275108e-02 1.505476e-02
 4.064064e-01  2.555662e-01  9.511360e-02 7.436067e-02
 4.074074e-01  5.757216e-01  1.021185e-01 3.418835e-01
 4.084084e-01  8.684089e-01  1.144728e-01 7.672381e-01
 4.094094e-01  1.123188e+00  1.324486e-01 1.279094e+00
 4.104104e-01  1.331328e+00  1.558383e-01 1.796719e+00
 4.114114e-01  1.486138e+00  1.839311e-01 2.242436e+00
 4.124124e-01  1.583211e+00  2.155210e-01 2.553005e+00
 4.134134e-01  1.620555e+00  2.489413e-01 2.688169e+00
 4.144144e-01  1.598619e+00  2.821299e-01 2.635179e+00
 4.154154e-01  1.520208e+00  3.127204e-01 2.408827e+00
 4.164164e-01  1.390299e+00  3.381595e-01 2.047284e+00
 4.174174e-01  1.215759e+00  3.558417e-01 1.604693e+00
 4.184184e-01  1.004991e+00  3.632611e-01 1.141966e+00
 4.194194e-01  7.675217e-01  3.581662e-01 7.173726e-01
 4.204204e-01  5.135491e-01  3.387173e-01 3.784621e-01
 4.214214e-01  2.534794e-01  3.036308e-01 1.564435e-01
 4.224224e-01 -2.529422e-03  2.523085e-01 6.366598e-02
 4.234234e-01 -2.449938e-01  1.849361e-01 9.422334e-02
 4.244244e-01 -4.654805e-01  1.025517e-01 2.271889e-01
 4.254254e-01 -6.569163e-01  7.069278e-03 4.315889e-01
 4.264264e-01 -8.138190e-01 -9.873892e-02 6.720507e-01
 4.274274e-01 -9.324422e-01 -2.113119e-01 9.141012e-01
 4.284284e-01 -1.010829e+00 -3.264124e-01 1.128320e+00
 4.294294e-01 -1.048778e+00 -4.392890e-01 1.292910e+00
 4.304304e-01 -1.047730e+00 -5.448727e-01 1.394624e+00
 4.314314e-01 -1.010580e+00 -6.380099e-01 1.428328e+00
 4.324324e-01 -9.414326e-01 -7.137114e-01 1.395679e+00
 4.334334e-01 -8.453233e-01 -7.674157e-01 1.303498e+00
 4.344344e-01 -7.279067e-01 -7.952422e-01 1.162258e+00
 4.354354e-01 -5.951492e-01 -7.942312e-01 9.850058e-01
 4.364364e-01 -4.530297e-01 -7.625460e-01 7.867122e-01
 4.374374e-01 -3.072716e-01 -6.996355e-01 5.839057e-01
 4.384384e-01 -1.631146e-01 -6.063341e-01 3.942474e-01
 4.394394e-01 -2.513902e-02 -4.849028e-01 2.357627e-01
 4.404404e-01  1.028553e-01 -3.389933e-01 1.254957e-01
 4.414414e-01  2.179091e-01 -1.735469e-01 7.760291e-02
 4.424424e-01  3.179115e-01  5.384413e-03 1.010967e-01
 4.434434e-01  4.015532e-01  1.908727e-01 1.976774e-01
 4.444444e-01  4.682440e-01  3.754121e-01 3.601867e-01
 4.454454e-01  5.179946e-01  5.512481e-01 5.721929e-01
 4.464464e-01  5.512866e-01  7.107420e-01 8.090712e-01
 4.474474e-01  5.689318e-01  8.467318e-01 1.040638e+00
 4.484484e-01  5.719448e-01  9.528918e-01 1.235124e+00
 4.494494e-01  5.614273e-01  1.024051e+00 1.363881e+00
 4.504505e-01  5.384851e-01  1.056472e+00 1.406100e+00
 4.514515e-01  5.041695e-01  1.048058e+00 1.352613e+00
 4.524525e-01  4.594600e-01  9.984895e-01 1.208085e+00
 4.534535e-01  4.052719e-01  9.092665e-01 9.910108e-01
 4.544545e-01  3.425005e-01  7.836738e-01 7.314512e-01
 4.554555e-01  2.720783e-01  6.266412e-01 4.667059e-01
 4.564565e-01  1.950540e-01  4.445370e-01 2.356592e-01
 4.574575e-01  1.126634e-01  2.448693e-01 7.265401e-02
 4.584585e-01  2.640431e-02  3.594792e-02 1.989440e-03
 4.594595e-01 -6.192091e-02 -1.735168e-01 3.394228e-02
 4.604605e-01 -1.501750e-01 -3.748144e-01 1.630383e-01
 4.614615e-01 -2.359048e-01 -5.596589e-01 3.688691e-01
 4.624625e-01 -3.163814e-01 -7.205660e-01 6.193125e-01
 4.634635e-01 -3.886956e-01 -8.512168e-01 8.756542e-01
 4.644645e-01 -4.498693e-01 -9.467299e-01 1.098680e+00
 4.654655e-01 -4.970187e-01 -1.003892e+00 1.254828e+00
 4.664665e-01 -5.275111e-01 -1.021268e+00 1.321256e+00
 4.674675e-01 -5.391609e-01 -9.992524e-01 1.289200e+00
 4.684685e-01 -5.303885e-01 -9.399914e-01 1.164896e+00
 4.694695e-01 -5.003994e-01 -8.472603e-01 9.682496e-01
 4.704705e-01 -4.492906e-01 -7.262064e-01 7.292379e-01
 4.714715e-01 -3.781641e-01 -5.830886e-01 4.830004e-01
 4.724725e-01 -2.891324e-01 -4.248960e-01 2.641342e-01
 4.734735e-01 -1.853319e-01 -2.590189e-01 1.014387e-01
 4.744745e-01 -7.079902e-02 -9.281549e-02 1.362722e-02
 4.754755e-01  4.962343e-02  6.669718e-02 6.910999e-03
 4.764765e-01  1.705433e-01  2.132519e-01 7.456140e-02
 4.774775e-01  2.861899e-01  3.415314e-01 1.985483e-01
 4.784785e-01  3.907844e-01  4.474966e-01 3.529657e-01
 4.794795e-01  4.787201e-01  5.283972e-01 5.083766e-01
 4.804805e-01  5.450217e-01  5.830148e-01 6.369549e-01
 4.814815e-01  5.854146e-01  6.113984e-01 7.165183e-01
 4.824825e-01  5.969084e-01  6.151312e-01 7.346861e-01
 4.834835e-01  5.774752e-01  5.965720e-01 6.893757e-01
 4.844845e-01  5.272535e-01  5.597933e-01 5.913648e-01
 4.854855e-01  4.445203e-01  5.057236e-01 4.533547e-01
 4.864865e-01  3.155957e-01  4.197438e-01 2.757855e-01
 4.874875e-01  1.490877e-01  3.076848e-01 1.168971e-01
 4.884885e-01 -3.841669e-02  1.807674e-01 3.415269e-02
 4.894895e-01 -2.284836e-01  4.965789e-02 5.467064e-02
 4.904905e-01 -4.015489e-01 -7.527625e-02 1.669081e-01
 4.914915e-01 -5.394275e-01 -1.853732e-01 3.253453e-01
 4.924925e-01 -6.268632e-01 -2.738809e-01 4.679682e-01
 4.934935e-01 -6.533606e-01 -3.365345e-01 5.401355e-01
 4.944945e-01 -6.142167e-01 -3.714425e-01 5.152317e-01
 4.954955e-01 -5.112486e-01 -3.790612e-01 4.050625e-01
 4.964965e-01 -3.527021e-01 -3.617357e-01 2.552515e-01
 4.974975e-01 -1.526484e-01 -3.233099e-01 1.278308e-01
 4.984985e-01  7.030587e-02 -2.685176e-01 7.704464e-02
 4.994995e-01  2.947252e-01 -2.025123e-01 1.278742e-01
 5.005005e-01  4.984058e-01 -1.303470e-01 2.653987e-01
 5.015015e-01  6.605443e-01 -5.665331e-02 4.395284e-01
 5.025025e-01  7.638088e-01  1.463523e-02 5.836181e-01
 5.035035e-01  7.961439e-01  8.035848e-02 6.403026e-01
 5.045045e-01  7.520493e-01  1.381521e-01 5.846641e-01
 5.055055e-01  6.333230e-01  1.863266e-01 4.358157e-01
 5.065065e-01  4.490109e-01  2.237456e-01 2.516729e-01
 5.075075e-01  2.147879e-01  2.496485e-01 1.084582e-01
 5.085085e-01 -4.848538e-02  2.635377e-01 7.180297e-02
 5.095095e-01 -3.165101e-01  2.650833e-01 1.704478e-01
 5.105105e-01 -5.639563e-01  2.541255e-01 3.826265e-01
 5.115115e-01 -7.666260e-01  2.307204e-01 6.409474e-01
 5.125125e-01 -9.040944e-01  1.952604e-01 8.555133e-01
 5.135135e-01 -9.612623e-01  1.486139e-01 9.461113e-01
 5.145145e-01 -9.306737e-01  9.226362e-02 8.746661e-01
 5.155155e-01 -8.118895e-01  2.843984e-02 6.599734e-01
 5.165165e-01 -6.174807e-01 -4.007736e-02 3.828886e-01
 5.175175e-01 -3.857667e-01 -1.115695e-01 1.612637e-01
 5.185185e-01 -1.296125e-01 -1.852417e-01 5.111389e-02
 5.195195e-01  1.426990e-01 -2.600548e-01 8.799151e-02
 5.205205e-01  4.208335e-01 -3.345835e-01 2.890470e-01
 5.215215e-01  6.944701e-01 -4.070917e-01 6.480124e-01
 5.225225e-01  9.528780e-01 -4.755971e-01 1.134169e+00
 5.235235e-01  1.185847e+00 -5.379772e-01 1.695651e+00
 5.245245e-01  1.383761e+00 -5.920729e-01 2.265345e+00
 5.255255e-01  1.538241e+00 -6.358127e-01 2.770442e+00
 5.265265e-01  1.642305e+00 -6.673239e-01 3.142488e+00
 5.275275e-01  1.690819e+00 -6.850466e-01 3.328158e+00
 5.285285e-01  1.680605e+00 -6.878243e-01 3.297537e+00
 5.295295e-01  1.610697e+00 -6.749831e-01 3.049948e+00
 5.305305e-01  1.482331e+00 -6.463795e-01 2.615111e+00
 5.315315e-01  1.298995e+00 -6.024297e-01 2.050310e+00
 5.325325e-01  1.066276e+00 -5.441046e-01 1.432994e+00
 5.335335e-01  7.917162e-01 -4.729053e-01 8.504539e-01
 5.345345e-01  4.845114e-01 -3.908064e-01 3.874810e-01
 5.355355e-01  1.552142e-01 -3.001853e-01 1.142027e-01
 5.365365e-01 -1.846860e-01 -2.037262e-01 7.561328e-02
 5.375375e-01 -5.231623e-01 -1.043180e-01 2.845810e-01
 5.385385e-01 -8.481303e-01 -4.937563e-03 7.193494e-01
 5.395395e-01 -1.147885e+00  9.146396e-02 1.326006e+00
 5.405405e-01 -1.411572e+00  1.820783e-01 2.025689e+00
 5.415415e-01 -1.629588e+00  2.643450e-01 2.725437e+00
 5.425425e-01 -1.793974e+00  3.360502e-01 3.331274e+00
 5.435435e-01 -1.898711e+00  3.954058e-01 3.761450e+00
 5.445445e-01 -1.939973e+00  4.411148e-01 3.958077e+00
 5.455455e-01 -1.916266e+00  4.724126e-01 3.895251e+00
 5.465465e-01 -1.828506e+00  4.890897e-01 3.582643e+00
 5.475475e-01 -1.679966e+00  4.914883e-01 3.063848e+00
 5.485485e-01 -1.476167e+00  4.804800e-01 2.409930e+00
 5.495495e-01 -1.224643e+00  4.574176e-01 1.708981e+00
 5.505506e-01 -9.346556e-01  4.240707e-01 1.053417e+00
 5.515516e-01 -6.168169e-01  3.825395e-01 5.267995e-01
 5.525526e-01 -2.826746e-01  3.351578e-01 1.922357e-01
 5.535536e-01  5.575212e-02  2.843813e-01 8.398102e-02
 5.545546e-01  3.864410e-01  2.326729e-01 2.034733e-01
 5.555556e-01  6.978444e-01  1.823834e-01 5.202505e-01
 5.565566e-01  9.793311e-01  1.356390e-01 9.774874e-01
 5.575576e-01  1.221598e+00  9.423507e-02 1.501182e+00
 5.585586e-01  1.417009e+00  5.954745e-02 2.011460e+00
 5.595596e-01  1.559873e+00  3.246073e-02 2.434259e+00
 5.605606e-01  1.646625e+00  1.332344e-02 2.711552e+00
 5.615616e-01  1.675922e+00  1.927951e-03 2.808717e+00
 5.625626e-01  1.648635e+00 -2.476519e-03 2.718004e+00
 5.635636e-01  1.567762e+00 -1.142931e-03 2.457880e+00
 5.645646e-01  1.438233e+00  4.247752e-03 2.068532e+00
 5.655656e-01  1.266653e+00  1.168581e-02 1.604546e+00
 5.665666e-01  1.060971e+00  1.895861e-02 1.126018e+00
 5.675676e-01  8.301056e-01  2.379170e-02 6.896413e-01
 5.685686e-01  5.835394e-01  2.400349e-02 3.410944e-01
 5.695696e-01  3.309031e-01  1.765976e-02 1.098087e-01
 5.705706e-01  8.156814e-02  3.224173e-03 6.663757e-03
 5.715716e-01 -1.557282e-01 -2.030948e-02 2.466375e-02
 5.725726e-01 -3.732180e-01 -5.330752e-02 1.421333e-01
 5.735736e-01 -5.643726e-01 -9.542181e-02 3.276218e-01
 5.745746e-01 -7.241086e-01 -1.455526e-01 5.455189e-01
 5.755756e-01 -8.489108e-01 -2.018577e-01 7.613961e-01
 5.765766e-01 -9.368815e-01 -2.618068e-01 9.462897e-01
 5.775776e-01 -9.877070e-01 -3.222832e-01 1.079432e+00
 5.785786e-01 -1.002557e+00 -3.797283e-01 1.149315e+00
 5.795796e-01 -9.839182e-01 -4.303245e-01 1.153274e+00
 5.805806e-01 -9.353772e-01 -4.702057e-01 1.096024e+00
 5.815816e-01 -8.613703e-01 -4.956876e-01 9.876651e-01
 5.825826e-01 -7.669118e-01 -5.035028e-01 8.416687e-01
 5.835836e-01 -6.573155e-01 -4.910290e-01 6.731731e-01
 5.845846e-01 -5.379316e-01 -4.564948e-01 4.977579e-01
 5.855856e-01 -4.139033e-01 -3.991524e-01 3.306386e-01
 5.865866e-01 -2.899635e-01 -3.194007e-01 1.860957e-01
 5.875876e-01 -1.702715e-01 -2.188551e-01 7.688995e-02
 5.885886e-01 -5.830263e-02 -1.003498e-01 1.346928e-02
 5.895896e-01  4.321511e-02  3.212447e-02 2.899527e-03
 5.905906e-01  1.323120e-01  1.735530e-01 4.762710e-02
 5.915916e-01  2.077469e-01  3.180916e-01 1.443411e-01
 5.925926e-01  2.689384e-01  4.593196e-01 2.833024e-01
 5.935936e-01  3.158712e-01  5.905359e-01 4.485072e-01
 5.945946e-01  3.489833e-01  7.050878e-01 6.189382e-01
 5.955956e-01  3.690503e-01  7.967132e-01 7.709500e-01
 5.965966e-01  3.770711e-01  8.598795e-01 8.815754e-01
 5.975976e-01  3.741689e-01  8.901004e-01 9.322810e-01
 5.985986e-01  3.615105e-01  8.842123e-01 9.125212e-01
 5.995996e-01  3.402523e-01  8.405940e-01 8.223698e-01
 6.006006e-01  3.115095e-01  7.593164e-01 6.735995e-01
 6.016016e-01  2.763547e-01  6.422101e-01 4.888057e-01
 6.026026e-01  2.358343e-01  4.928469e-01 2.985159e-01
 6.036036e-01  1.910051e-01  3.164308e-01 1.366114e-01
 6.046046e-01  1.429768e-01  1.196042e-01 3.474753e-02
 6.056056e-01  9.295801e-02 -8.982560e-02 1.670983e-02
 6.066066e-01  4.229309e-02 -3.032249e-01 9.373407e-02
 6.076076e-01 -7.514371e-03 -5.115237e-01 2.617130e-01
 6.086086e-01 -5.480108e-02 -7.056349e-01 5.009238e-01
 6.096096e-01 -9.776751e-02 -8.768860e-01 7.784875e-01
 6.106106e-01 -1.345308e-01 -1.017436e+00 1.053275e+00
 6.116116e-01 -1.632031e-01 -1.120662e+00 1.282518e+00
 6.126126e-01 -1.819943e-01 -1.181487e+00 1.429034e+00
 6.136136e-01 -1.893319e-01 -1.196644e+00 1.467802e+00
 6.146146e-01 -1.839903e-01 -1.164842e+00 1.390710e+00
 6.156156e-01 -1.652183e-01 -1.086855e+00 1.208552e+00
 6.166166e-01 -1.328574e-01 -9.654928e-01 9.498274e-01
 6.176176e-01 -8.743527e-02 -8.054845e-01 6.564501e-01
 6.186186e-01 -3.022934e-02 -6.132663e-01 3.770094e-01
 6.196196e-01  3.671218e-02 -3.966861e-01 1.587076e-01
 6.206206e-01  1.105943e-01 -1.646404e-01 3.933756e-02
 6.216216e-01  1.879508e-01  7.333580e-02 4.070363e-02
 6.226226e-01  2.647674e-01  3.075086e-01 1.646633e-01
 6.236236e-01  3.366536e-01  5.283893e-01 3.925309e-01
 6.246246e-01  3.990507e-01  7.271631e-01 6.880077e-01
 6.256256e-01  4.474715e-01  8.960789e-01 1.003188e+00
 6.266266e-01  4.777539e-01  1.028784e+00 1.286645e+00
 6.276276e-01  4.863180e-01  1.120586e+00 1.492218e+00
 6.286286e-01  4.704089e-01  1.168631e+00 1.586983e+00
 6.296296e-01  4.283113e-01  1.171995e+00 1.557022e+00
 6.306306e-01  3.595200e-01  1.131676e+00 1.409946e+00
 6.316316e-01  2.648562e-01  1.050506e+00 1.173712e+00
 6.326326e-01  1.465172e-01  9.329714e-01 8.919030e-01
 6.336336e-01  8.056655e-03  7.849681e-01 6.162398e-01
 6.346346e-01 -1.457104e-01  6.134984e-01 3.976118e-01
 6.356356e-01 -3.088727e-01  4.263272e-01 2.771572e-01
 6.366366e-01 -4.746541e-01  2.316163e-01 2.789426e-01
 6.376376e-01 -6.357002e-01  3.755508e-02 4.055251e-01
 6.386386e-01 -7.844079e-01 -1.479953e-01 6.371984e-01
 6.396396e-01 -9.132809e-01 -3.178283e-01 9.350969e-01
 6.406406e-01 -1.015294e+00 -4.656745e-01 1.247676e+00
 6.416416e-01 -1.084250e+00 -5.864310e-01 1.519500e+00
 6.426426e-01 -1.115104e+00 -6.763283e-01 1.700877e+00
 6.436436e-01 -1.104247e+00 -7.330330e-01 1.756699e+00
 6.446446e-01 -1.049730e+00 -7.556837e-01 1.672990e+00
 6.456456e-01 -9.514092e-01 -7.448634e-01 1.460001e+00
 6.466466e-01 -8.110219e-01 -7.025139e-01 1.151282e+00
 6.476476e-01 -6.321650e-01 -6.317990e-01 7.988027e-01
 6.486486e-01 -4.201965e-01 -5.369266e-01 4.648552e-01
 6.496496e-01 -1.820502e-01 -4.229381e-01 2.120189e-01
 6.506507e-01  7.402052e-02 -2.954775e-01 9.278596e-02
 6.516517e-01  3.387648e-01 -1.605490e-01 1.405376e-01
 6.526527e-01  6.023031e-01 -2.427407e-02 3.633582e-01
 6.536537e-01  8.545290e-01  1.073443e-01 7.417426e-01
 6.546547e-01  1.085526e+00  2.286421e-01 1.230644e+00
 6.556557e-01  1.285980e+00  3.344930e-01 1.765630e+00
 6.566567e-01  1.447568e+00  4.204808e-01 2.272259e+00
 6.576577e-01  1.563315e+00  4.830421e-01 2.677284e+00
 6.586587e-01  1.627886e+00  5.195769e-01 2.919971e+00
 6.596597e-01  1.637820e+00  5.285239e-01 2.961791e+00
 6.606607e-01  1.591689e+00  5.094035e-01 2.792965e+00
 6.616617e-01  1.490169e+00  4.628249e-01 2.434809e+00
 6.626627e-01  1.336030e+00  3.904600e-01 1.937435e+00
 6.636637e-01  1.134045e+00  2.949849e-01 1.373075e+00
 6.646647e-01  8.908148e-01  1.799903e-01 8.259476e-01
 6.656657e-01  6.145223e-01  4.986249e-02 3.801240e-01
 6.666667e-01  3.146292e-01 -9.036142e-02 1.071567e-01
 6.676677e-01  1.518953e-03 -2.351619e-01 5.530343e-02
 6.686687e-01 -3.138932e-01 -3.787243e-01 2.419611e-01
 6.696697e-01 -6.205698e-01 -5.151415e-01 6.504776e-01
 6.706707e-01 -9.077643e-01 -6.386242e-01 1.231877e+00
 6.716717e-01 -1.165423e+00 -7.437157e-01 1.911323e+00
 6.726727e-01 -1.384558e+00 -8.255010e-01 2.598452e+00
 6.736737e-01 -1.557580e+00 -8.798048e-01 3.200111e+00
 6.746747e-01 -1.678578e+00 -9.033698e-01 3.633702e+00
 6.756757e-01 -1.743536e+00 -8.940075e-01 3.839168e+00
 6.766767e-01 -1.750473e+00 -8.507152e-01 3.787871e+00
 6.776777e-01 -1.699512e+00 -7.737511e-01 3.487033e+00
 6.786787e-01 -1.592870e+00 -6.646639e-01 2.979014e+00
 6.796797e-01 -1.434765e+00 -5.262733e-01 2.335513e+00
 6.806807e-01 -1.231248e+00 -3.625983e-01 1.647450e+00
 6.816817e-01 -9.899755e-01 -1.787364e-01 1.011998e+00
 6.826827e-01 -7.199073e-01  1.930546e-02 5.186392e-01
 6.836837e-01 -4.309666e-01  2.248213e-01 2.362768e-01
 6.846847e-01 -1.336593e-01  4.306510e-01 2.033251e-01
 6.856857e-01  1.613285e-01  6.294506e-01 4.222349e-01
 6.866867e-01  4.435381e-01  8.139754e-01 8.592820e-01
 6.876877e-01  7.031369e-01  9.773659e-01 1.449646e+00
 6.886887e-01  9.312916e-01  1.113423e+00 2.107015e+00
 6.896897e-01  1.120502e+00  1.216859e+00 2.736271e+00
 6.906907e-01  1.264878e+00  1.283518e+00 3.247335e+00
 6.916917e-01  1.360358e+00  1.310544e+00 3.568101e+00
 6.926927e-01  1.404846e+00  1.296508e+00 3.654524e+00
 6.936937e-01  1.398267e+00  1.241465e+00 3.496387e+00
 6.946947e-01  1.342551e+00  1.146960e+00 3.117961e+00
 6.956957e-01  1.241516e+00  1.015967e+00 2.573552e+00
 6.966967e-01  1.100688e+00  8.527706e-01 1.938731e+00
 6.976977e-01  9.270382e-01  6.627955e-01 1.298698e+00
 6.986987e-01  7.286687e-01  4.523936e-01 7.356180e-01
 6.996997e-01  5.144446e-01  2.285923e-01 3.169076e-01
 7.007007e-01  2.935994e-01 -1.177392e-03 8.620202e-02
 7.017017e-01  7.532710e-02 -2.293652e-01 5.828254e-02
 7.027027e-01 -1.316214e-01 -4.485831e-01 2.185510e-01
 7.037037e-01 -3.193157e-01 -6.518747e-01 5.269032e-01
 7.047047e-01 -4.809830e-01 -8.329578e-01 9.251633e-01
 7.057057e-01 -6.112864e-01 -9.864343e-01 1.346724e+00
 7.067067e-01 -7.065325e-01 -1.107958e+00 1.726759e+00
 7.077077e-01 -7.647986e-01 -1.194354e+00 2.011400e+00
 7.087087e-01 -7.859726e-01 -1.243693e+00 2.164524e+00
 7.097097e-01 -7.717040e-01 -1.255305e+00 2.171318e+00
 7.107107e-01 -7.252699e-01 -1.229761e+00 2.038329e+00
 7.117117e-01 -6.513613e-01 -1.168796e+00 1.790355e+00
 7.127127e-01 -5.558023e-01 -1.075201e+00 1.464973e+00
 7.137137e-01 -4.452155e-01 -9.526853e-01 1.105826e+00
 7.147147e-01 -3.266532e-01 -8.057130e-01 7.558757e-01
 7.157157e-01 -2.072106e-01 -6.393264e-01 4.516744e-01
 7.167167e-01 -9.364578e-02 -4.589628e-01 2.194164e-01
 7.177177e-01  7.978516e-03 -2.702733e-01 7.311132e-02
 7.187187e-01  9.260741e-02 -7.894833e-02 1.480897e-02
 7.197197e-01  1.564477e-01  1.094436e-01 3.645378e-02
 7.207207e-01  1.971475e-01  2.896002e-01 1.227354e-01
 7.217217e-01  2.138932e-01  4.566113e-01 2.542442e-01
 7.227227e-01  2.074183e-01  6.060641e-01 4.103360e-01
 7.237237e-01  1.799249e-01  7.341292e-01 5.713187e-01
 7.247247e-01  1.349213e-01  8.376286e-01 7.198255e-01
 7.257257e-01  7.698679e-02  9.140862e-01 8.414806e-01
 7.267267e-01  1.147575e-02  9.617646e-01 9.251227e-01
 7.277277e-01 -5.582059e-02  9.796891e-01 9.629066e-01
 7.287287e-01 -1.190366e-01  9.676616e-01 9.505387e-01
 7.297297e-01 -1.725969e-01  9.262639e-01 8.877545e-01
 7.307307e-01 -2.115633e-01  8.568521e-01 7.789545e-01
 7.317317e-01 -2.319433e-01  7.615402e-01 6.337411e-01
 7.327327e-01 -2.309428e-01  6.431725e-01 4.670054e-01
 7.337337e-01 -2.071479e-01  5.052815e-01 2.982197e-01
 7.347347e-01 -1.606261e-01  3.520297e-01 1.497257e-01
 7.357357e-01 -9.294000e-02  1.881315e-01 4.403132e-02
 7.367367e-01 -7.073000e-03  1.875465e-02 4.017644e-04
 7.377377e-01  9.272879e-02 -1.506024e-01 3.127970e-02
 7.387387e-01  2.011896e-01 -3.142550e-01 1.392334e-01
 7.397397e-01  3.122986e-01 -4.665001e-01 3.151528e-01
 7.407407e-01  4.196500e-01 -6.018020e-01 5.382717e-01
 7.417417e-01  5.168074e-01 -7.149924e-01 7.783040e-01
 7.427427e-01  5.976742e-01 -8.014776e-01 9.995808e-01
 7.437437e-01  6.568461e-01 -8.574443e-01 1.166657e+00
 7.447447e-01  6.899278e-01 -8.800534e-01 1.250494e+00
 7.457457e-01  6.937953e-01 -8.676133e-01 1.234105e+00
 7.467467e-01  6.667872e-01 -8.197181e-01 1.116543e+00
 7.477477e-01  6.088180e-01 -7.373438e-01 9.143353e-01
 7.487487e-01  5.214028e-01 -6.228914e-01 6.598545e-01
 7.497497e-01  4.075956e-01 -4.801691e-01 3.966965e-01
 7.507508e-01  2.718432e-01 -3.143105e-01 1.726898e-01
 7.517518e-01  1.197637e-01 -1.316265e-01 3.166886e-02
 7.527528e-01 -4.213818e-02  6.060760e-02 5.448908e-03
 7.537538e-01 -2.068016e-01  2.544226e-01 1.074978e-01
 7.547548e-01 -3.669693e-01  4.414755e-01 3.295671e-01
 7.557558e-01 -5.155546e-01  6.134051e-01 6.420624e-01
 7.567568e-01 -6.459975e-01  7.622081e-01 9.982739e-01
 7.577578e-01 -7.525885e-01  8.806173e-01 1.341876e+00
 7.587588e-01 -8.307461e-01  9.624635e-01 1.616475e+00
 7.597598e-01 -8.772307e-01  1.003001e+00 1.775546e+00
 7.607608e-01 -8.902870e-01  9.991816e-01 1.790975e+00
 7.617618e-01 -8.697074e-01  9.498519e-01 1.658610e+00
 7.627628e-01 -8.168164e-01  8.558762e-01 1.399713e+00
 7.637638e-01 -7.343765e-01  7.201601e-01 1.057939e+00
 7.647648e-01 -6.264252e-01  5.475798e-01 6.922522e-01
 7.657658e-01 -4.980521e-01  3.448144e-01 3.669529e-01
 7.667668e-01 -3.551302e-01  1.200871e-01 1.405384e-01
 7.677678e-01 -2.040173e-01 -1.171749e-01 5.535303e-02
 7.687688e-01 -5.124334e-02 -3.567451e-01 1.298929e-01
 7.697698e-01  9.679914e-02 -5.880502e-01 3.551732e-01
 7.707708e-01  2.341457e-01 -8.006484e-01 6.958621e-01
 7.717718e-01  3.555184e-01 -9.847093e-01 1.096046e+00
 7.727728e-01  4.565399e-01 -1.131473e+00 1.488661e+00
 7.737738e-01  5.338949e-01 -1.233668e+00 1.806979e+00
 7.747748e-01  5.854347e-01 -1.285856e+00 1.996160e+00
 7.757758e-01  6.102211e-01 -1.284711e+00 2.022851e+00
 7.767768e-01  6.085131e-01 -1.229182e+00 1.881178e+00
 7.777778e-01  5.817000e-01 -1.120574e+00 1.594061e+00
 7.787788e-01  5.321875e-01 -9.625008e-01 1.209631e+00
 7.797798e-01  4.632460e-01 -7.607482e-01 7.933347e-01
 7.807808e-01  3.788301e-01 -5.230306e-01 4.170733e-01
 7.817818e-01  2.833817e-01 -2.586624e-01 1.472114e-01
 7.827828e-01  1.816240e-01  2.184068e-02 3.346430e-02
 7.837838e-01  7.835840e-02  3.072127e-01 1.005197e-01
 7.847848e-01 -2.172841e-02  5.859196e-01 3.437739e-01
 7.857858e-01 -1.142403e-01  8.466492e-01 7.298657e-01
 7.867868e-01 -1.952256e-01  1.078788e+00 1.201897e+00
 7.877878e-01 -2.613046e-01  1.272863e+00 1.688461e+00
 7.887888e-01 -3.097703e-01  1.420931e+00 2.115003e+00
 7.897898e-01 -3.386611e-01  1.516895e+00 2.415661e+00
 7.907908e-01 -3.468061e-01  1.556741e+00 2.543716e+00
 7.917918e-01 -3.338454e-01  1.538686e+00 2.479007e+00
 7.927928e-01 -3.002265e-01  1.463227e+00 2.231169e+00
 7.937938e-01 -2.471798e-01  1.333099e+00 1.838250e+00
 7.947948e-01 -1.766738e-01  1.153140e+00 1.360946e+00
 7.957958e-01 -9.135406e-02  9.300777e-01 8.733902e-01
 7.967968e-01  5.535223e-03  6.722398e-01 4.519370e-01
 7.977978e-01  1.102438e-01  3.892111e-01 1.636390e-01
 7.987988e-01  2.186228e-01  9.144637e-02 5.615835e-02
 7.997998e-01  3.262451e-01 -2.101420e-01 1.505956e-01
 8.008008e-01  4.285389e-01 -5.046050e-01 4.382717e-01
 8.018018e-01  5.209308e-01 -7.813696e-01 8.819074e-01
 8.028028e-01  5.989994e-01 -1.030629e+00 1.420997e+00
 8.038038e-01  6.586333e-01 -1.243695e+00 1.980575e+00
 8.048048e-01  6.961913e-01 -1.413299e+00 2.482097e+00
 8.058058e-01  7.086592e-01 -1.533838e+00 2.854858e+00
 8.068068e-01  6.937975e-01 -1.601550e+00 3.046319e+00
 8.078078e-01  6.502728e-01 -1.614621e+00 3.029854e+00
 8.088088e-01  5.777663e-01 -1.573215e+00 2.808819e+00
 8.098098e-01  4.770522e-01 -1.479441e+00 2.416324e+00
 8.108108e-01  3.500395e-01 -1.337240e+00 1.910738e+00
 8.118118e-01  1.997711e-01 -1.152216e+00 1.367510e+00
 8.128128e-01  3.037768e-02 -9.314062e-01 8.684403e-01
 8.138138e-01 -1.530186e-01 -6.830090e-01 4.899160e-01
 8.148148e-01 -3.444472e-01 -4.160695e-01 2.917577e-01
 8.158158e-01 -5.372796e-01 -1.401435e-01 3.083095e-01
 8.168168e-01 -7.244588e-01  1.350530e-01 5.430798e-01
 8.178178e-01 -8.987629e-01  3.999952e-01 9.677709e-01
 8.188188e-01 -1.053091e+00  6.456904e-01 1.525917e+00
 8.198198e-01 -1.180760e+00  8.639945e-01 2.140681e+00
 8.208208e-01 -1.275798e+00  1.047896e+00 2.725747e+00
 8.218218e-01 -1.333225e+00  1.191755e+00 3.197767e+00
 8.228228e-01 -1.349295e+00  1.291489e+00 3.488543e+00
 8.238238e-01 -1.321709e+00  1.344706e+00 3.555148e+00
 8.248248e-01 -1.249756e+00  1.350761e+00 3.386446e+00
 8.258258e-01 -1.134405e+00  1.310763e+00 3.004973e+00
 8.268268e-01 -9.783150e-01  1.227502e+00 2.463862e+00
 8.278278e-01 -7.857829e-01  1.105322e+00 1.839191e+00
 8.288288e-01 -5.626087e-01  9.499268e-01 1.218889e+00
 8.298298e-01 -3.158977e-01  7.681429e-01 6.898349e-01
 8.308308e-01 -5.380003e-02  5.676323e-01 3.251008e-01
 8.318318e-01  2.147995e-01  3.565771e-01 1.732861e-01
 8.328328e-01  4.806285e-01  1.433456e-01 2.515517e-01
 8.338338e-01  7.343956e-01 -6.384953e-02 5.434137e-01
 8.348348e-01  9.671631e-01 -2.572821e-01 1.001598e+00
 8.358358e-01  1.170707e+00 -4.300230e-01 1.555475e+00
 8.368368e-01  1.337850e+00 -5.762137e-01 2.121866e+00
 8.378378e-01  1.462749e+00 -6.912934e-01 2.617521e+00
 8.388388e-01  1.541123e+00 -7.721679e-01 2.971304e+00
 8.398398e-01  1.570423e+00 -8.173134e-01 3.134229e+00
 8.408408e-01  1.549915e+00 -8.268099e-01 3.085851e+00
 8.418418e-01  1.480698e+00 -8.023027e-01 2.836156e+00
 8.428428e-01  1.365636e+00 -7.468931e-01 2.422812e+00
 8.438438e-01  1.209225e+00 -6.649630e-01 1.904400e+00
 8.448448e-01  1.017384e+00 -5.619408e-01 1.350847e+00
 8.458458e-01  7.972050e-01 -4.440213e-01 8.326907e-01
 8.468468e-01  5.566490e-01 -3.178498e-01 4.108865e-01
 8.478478e-01  3.042197e-01 -1.901873e-01 1.287208e-01
 8.488488e-01  4.862399e-02 -6.757353e-02 6.930474e-03
 8.498498e-01 -2.015651e-01  4.399775e-02 4.256429e-02
 8.508509e-01 -4.382279e-01  1.393730e-01 2.114686e-01
 8.518519e-01 -6.539868e-01  2.144888e-01 4.737042e-01
 8.528529e-01 -8.424524e-01  2.665641e-01 7.807826e-01
 8.538539e-01 -9.984199e-01  2.942250e-01 1.083411e+00
 8.548549e-01 -1.118008e+00  2.975545e-01 1.338480e+00
 8.558559e-01 -1.198738e+00  2.780649e-01 1.514293e+00
 8.568569e-01 -1.239556e+00  2.385933e-01 1.593425e+00
 8.578579e-01 -1.240794e+00  1.831244e-01 1.573104e+00
 8.588589e-01 -1.204085e+00  1.165514e-01 1.463405e+00
 8.598599e-01 -1.132231e+00  4.438444e-02 1.283917e+00
 8.608609e-01 -1.029038e+00 -2.757582e-02 1.059680e+00
 8.618619e-01 -8.991257e-01 -9.358343e-02 8.171848e-01
 8.628629e-01 -7.477218e-01 -1.482919e-01 5.810783e-01
 8.638639e-01 -5.804530e-01 -1.870800e-01 3.719245e-01
 8.648649e-01 -4.031389e-01 -2.063391e-01 2.050967e-01
 8.658659e-01 -2.215980e-01 -2.037073e-01 9.060234e-02
 8.668669e-01 -4.147223e-02 -1.782344e-01 3.348743e-02
 8.678679e-01  1.319271e-01 -1.304681e-01 3.442667e-02
 8.688689e-01  2.937471e-01 -6.245528e-02 9.018801e-02
 8.698699e-01  4.396963e-01  2.234394e-02 1.938320e-01
 8.708709e-01  5.661215e-01  1.192263e-01 3.347085e-01
 8.718719e-01  6.700622e-01  2.224916e-01 4.984859e-01
 8.728729e-01  7.492833e-01  3.257526e-01 6.675401e-01
 8.738739e-01  8.022909e-01  4.222933e-01 8.220024e-01
 8.748749e-01  8.283340e-01  5.054558e-01 9.416227e-01
 8.758759e-01  8.273935e-01  5.690340e-01 1.008380e+00
 8.768769e-01  8.001635e-01  6.076535e-01 1.009504e+00
 8.778779e-01  7.480232e-01  6.171142e-01 9.403687e-01
 8.788789e-01  6.730026e-01  5.946762e-01 8.065723e-01
 8.798799e-01  5.777390e-01  5.392716e-01 6.245962e-01
 8.808809e-01  4.654260e-01  4.516274e-01 4.205886e-01
 8.818819e-01  3.397499e-01  3.342919e-01 2.271811e-01
 8.828829e-01  2.048147e-01  1.915598e-01 7.864425e-02
 8.838839e-01  6.505232e-02  2.929764e-02 5.090156e-03
 8.848849e-01 -7.488397e-02 -1.453219e-01 2.672608e-02
 8.858859e-01 -2.102406e-01 -3.241651e-01 1.492841e-01
 8.868869e-01 -3.363011e-01 -4.985430e-01 3.616436e-01
 8.878879e-01 -4.485352e-01 -6.596589e-01 6.363337e-01
 8.888889e-01 -5.427575e-01 -7.990708e-01 9.330999e-01
 8.898899e-01 -6.152891e-01 -9.091457e-01 1.205127e+00
 8.908909e-01 -6.631154e-01 -9.834801e-01 1.406955e+00
 8.918919e-01 -6.840329e-01 -1.017263e+00 1.502725e+00
 8.928929e-01 -6.767762e-01 -1.007562e+00 1.473207e+00
 8.938939e-01 -6.411171e-01 -9.535115e-01 1.320215e+00
 8.948949e-01 -5.779272e-01 -8.564011e-01 1.067423e+00
 8.958959e-01 -4.891979e-01 -7.196464e-01 7.572055e-01
 8.968969e-01 -3.780129e-01 -5.486524e-01 4.439132e-01
 8.978979e-01 -2.484702e-01 -3.505715e-01 1.846378e-01
 8.988989e-01 -1.055530e-01 -1.339691e-01 2.908917e-02
 8.998999e-01  4.504628e-02  9.158520e-02 1.041702e-02
 9.009009e-01  1.971453e-01  3.159802e-01 1.387097e-01
 9.019019e-01  3.443235e-01  5.290543e-01 3.984571e-01
 9.029029e-01  4.801977e-01  7.210905e-01 7.505614e-01
 9.039039e-01  5.987073e-01  8.832891e-01 1.138650e+00
 9.049049e-01  6.943952e-01  1.008193e+00 1.498639e+00
 9.059059e-01  7.626703e-01  1.090048e+00 1.769870e+00
 9.069069e-01  8.000374e-01  1.125069e+00 1.905840e+00
 9.079079e-01  8.042809e-01  1.111621e+00 1.882570e+00
 9.089089e-01  7.745923e-01  1.050282e+00 1.703086e+00
 9.099099e-01  7.116322e-01  9.438029e-01 1.397184e+00
 9.109109e-01  6.175232e-01  7.969650e-01 1.016488e+00
 9.119119e-01  4.957718e-01  6.163414e-01 6.256665e-01
 9.129129e-01  3.511217e-01  4.099778e-01 2.913682e-01
 9.139139e-01  1.893458e-01  1.870098e-01 7.082453e-02
 9.149149e-01  1.698679e-02 -4.276118e-02 2.117069e-03
 9.159159e-01 -1.589419e-01 -2.693159e-01 9.779356e-02
 9.169169e-01 -3.312776e-01 -4.828628e-01 3.429014e-01
 9.179179e-01 -4.930380e-01 -6.742640e-01 6.977184e-01
 9.189189e-01 -6.377398e-01 -8.354198e-01 1.104638e+00
 9.199199e-01 -7.596909e-01 -9.595987e-01 1.497960e+00
 9.209209e-01 -8.542415e-01 -1.041697e+00 1.814861e+00
 9.219219e-01 -9.179803e-01 -1.078423e+00 2.005683e+00
 9.229229e-01 -9.488662e-01 -1.068396e+00 2.041817e+00
 9.239239e-01 -9.462911e-01 -1.012167e+00 1.919950e+00
 9.249249e-01 -9.110697e-01 -9.121588e-01 1.662082e+00
 9.259259e-01 -8.453588e-01 -7.725267e-01 1.311429e+00
 9.269269e-01 -7.525130e-01 -5.989662e-01 9.250363e-01
 9.279279e-01 -6.368842e-01 -3.984590e-01 5.643911e-01
 9.289289e-01 -5.035792e-01 -1.789820e-01 2.856266e-01
 9.299299e-01 -3.581873e-01  5.081190e-02 1.308800e-01
 9.309309e-01 -2.064960e-01  2.819277e-01 1.221238e-01
 9.319319e-01 -5.420899e-02  5.053638e-01 2.583312e-01
 9.329329e-01  9.331792e-02  7.124390e-01 5.162776e-01
 9.339339e-01  2.313082e-01  8.950984e-01 8.547046e-01
 9.349349e-01  3.557529e-01  1.046191e+00 1.221077e+00
 9.359359e-01  4.635468e-01  1.159714e+00 1.559812e+00
 9.369369e-01  5.525665e-01  1.231008e+00 1.820711e+00
 9.379379e-01  6.216899e-01  1.256916e+00 1.966335e+00
 9.389389e-01  6.707581e-01  1.235882e+00 1.977320e+00
 9.399399e-01  7.004849e-01  1.168008e+00 1.854922e+00
 9.409409e-01  7.123227e-01  1.055054e+00 1.620542e+00
 9.419419e-01  7.082948e-01  9.003844e-01 1.312374e+00
 9.429429e-01  6.908062e-01  7.088693e-01 9.797089e-01
 9.439439e-01  6.624466e-01  4.867328e-01 6.757444e-01
 9.449449e-01  6.257980e-01  2.413599e-01 4.498777e-01
 9.459459e-01  5.832592e-01 -1.893899e-02 3.405500e-01
 9.469469e-01  5.368982e-01 -2.851962e-01 3.695966e-01
 9.479479e-01  4.883407e-01 -5.480840e-01 5.388727e-01
 9.489489e-01  4.387008e-01 -7.982299e-01 8.296293e-01
 9.499499e-01  3.885567e-01 -1.026542e+00 1.204766e+00
 9.509510e-01  3.379714e-01 -1.224537e+00 1.613716e+00
 9.519520e-01  2.865550e-01 -1.384650e+00 1.999370e+00
 9.529530e-01  2.335636e-01 -1.500530e+00 2.306141e+00
 9.539540e-01  1.780260e-01 -1.567292e+00 2.488097e+00
 9.549550e-01  1.188885e-01 -1.581735e+00 2.516019e+00
 9.559560e-01  5.516813e-02 -1.542491e+00 2.382321e+00
 9.569570e-01 -1.389812e-02 -1.450122e+00 2.103046e+00
 9.579580e-01 -8.871782e-02 -1.307139e+00 1.716483e+00
 9.589590e-01 -1.692316e-01 -1.117951e+00 1.278453e+00
 9.599600e-01 -2.548330e-01 -8.887363e-01 8.547921e-01
 9.609610e-01 -3.443265e-01 -6.272426e-01 5.119940e-01
 9.619620e-01 -4.359261e-01 -3.425181e-01 3.073502e-01
 9.629630e-01 -5.272962e-01 -4.458564e-02 2.800291e-01
 9.639640e-01 -6.156325e-01  2.559316e-01 4.445044e-01
 9.649650e-01 -6.977792e-01  5.482164e-01 7.874371e-01
 9.659660e-01 -7.703750e-01  8.216797e-01 1.268635e+00
 9.669670e-01 -8.300208e-01  1.066383e+00 1.826106e+00
 9.679680e-01 -8.734592e-01  1.273437e+00 2.384573e+00
 9.689690e-01 -8.977551e-01  1.435372e+00 2.866257e+00
 9.699700e-01 -9.004682e-01  1.546441e+00 3.202323e+00
 9.709710e-01 -8.798069e-01  1.602866e+00 3.343239e+00
 9.719720e-01 -8.347543e-01  1.602996e+00 3.266411e+00
 9.729730e-01 -7.651613e-01  1.547382e+00 2.979863e+00
 9.739740e-01 -6.717992e-01  1.438753e+00 2.521325e+00
 9.749750e-01 -5.563697e-01  1.281904e+00 1.952826e+00
 9.759760e-01 -4.214722e-01  1.083491e+00 1.351590e+00
 9.769770e-01 -2.705284e-01  8.517432e-01 7.986521e-01
 9.779780e-01 -1.076695e-01  5.961170e-01 3.669482e-01
 9.789790e-01  6.241069e-02  3.268833e-01 1.107478e-01
 9.799800e-01  2.346267e-01  5.468865e-02 5.804055e-02
 9.809810e-01  4.036914e-01 -2.099009e-01 2.070251e-01
 9.819820e-01  5.643136e-01 -4.568503e-01 5.271621e-01
 9.829830e-01  7.113962e-01 -6.770791e-01 9.645206e-01
 9.839840e-01  8.402247e-01 -8.628391e-01 1.450469e+00
 9.849850e-01  9.466393e-01 -1.008029e+00 1.912249e+00
 9.859860e-01  1.027183e+00 -1.108431e+00 2.283725e+00
 9.869870e-01  1.079221e+00 -1.161859e+00 2.514635e+00
 9.879880e-01  1.101026e+00 -1.168211e+00 2.576976e+00
 9.889890e-01  1.091830e+00 -1.129426e+00 2.467696e+00
 9.899900e-01  1.051837e+00 -1.049347e+00 2.207492e+00
 9.909910e-01  9.822100e-01 -9.334937e-01 1.836147e+00
 9.919920e-01  8.850119e-01 -7.887634e-01 1.405394e+00
 9.929930e-01  7.631321e-01 -6.230702e-01 9.705871e-01
 9.939940e-01  6.201811e-01 -4.449418e-01 5.825978e-01
 9.949950e-01  4.603691e-01 -2.630940e-01 2.811582e-01
 9.959960e-01  2.883711e-01 -8.600470e-02 9.055472e-02
 9.969970e-01  1.091835e-01  7.849172e-02 1.808198e-02
 9.979980e-01 -7.202291e-02  2.235701e-01 5.517089e-02
 9.989990e-01 -2.500484e-01  3.437214e-01 1.806686e-01
 1.000000e+00 -4.198063e-01  4.349862e-01 3.654503e-01
