# x psi_r psi_i psi2 
 0.000000e+00  1.912822e-08  1.012396e-08 4.683832e-16
 1.001001e-03 -1.913096e-08 -1.012827e-08 4.685752e-16
 2.002002e-03  1.912813e-08  1.013175e-08 4.685379e-16
 3.003003e-03 -1.913108e-08 -1.013788e-08 4.687746e-16
 4.004004e-03  1.912994e-08  1.014057e-08 4.687855e-16
 5.005005e-03 -1.913242e-08 -1.014809e-08 4.690332e-16
 6.006006e-03  1.913351e-08  1.015054e-08 4.691249e-16
 7.007007e-03 -1.913515e-08 -1.015876e-08 4.693545e-16
 8.008008e-03  1.913858e-08  1.016171e-08 4.695457e-16
 9.009009e-03 -1.913952e-08 -1.016981e-08 4.697464e-16
 1.001001e-02  1.914497e-08  1.017402e-08 4.700405e-16
 1.101101e-02 -1.914573e-08 -1.018145e-08 4.702206e-16
 1.201201e-02  1.915252e-08  1.018741e-08 4.706022e-16
 1.301301e-02 -1.915382e-08 -1.019374e-08 4.707811e-16
 1.401401e-02  1.916117e-08  1.020156e-08 4.712223e-16
 1.501502e-02 -1.916384e-08 -1.020697e-08 4.714349e-16
 1.601602e-02  1.917108e-08  1.021637e-08 4.719044e-16
 1.701702e-02 -1.917568e-08 -1.022131e-08 4.721817e-16
 1.801802e-02  1.918227e-08  1.023170e-08 4.726473e-16
 1.901902e-02 -1.918916e-08 -1.023692e-08 4.730182e-16
 2.002002e-02  1.919504e-08  1.024748e-08 4.734603e-16
 2.102102e-02 -1.920408e-08 -1.025365e-08 4.739342e-16
 2.202202e-02  1.920948e-08  1.026379e-08 4.743496e-16
 2.302302e-02 -1.922027e-08 -1.027153e-08 4.749230e-16
 2.402402e-02  1.922583e-08  1.028075e-08 4.753265e-16
 2.502503e-02 -1.923760e-08 -1.029027e-08 4.759746e-16
 2.602603e-02  1.924413e-08  1.029870e-08 4.763997e-16
 2.702703e-02 -1.925612e-08 -1.030977e-08 4.770895e-16
 2.802803e-02  1.926434e-08  1.031764e-08 4.775684e-16
 2.902903e-02 -1.927598e-08 -1.032986e-08 4.782691e-16
 3.003003e-02  1.928625e-08  1.033773e-08 4.788283e-16
 3.103103e-02 -1.929730e-08 -1.035050e-08 4.795186e-16
 3.203203e-02  1.930974e-08  1.035906e-08 4.801760e-16
 3.303303e-02 -1.932033e-08 -1.037176e-08 4.808487e-16
 3.403403e-02  1.933466e-08  1.038150e-08 4.816046e-16
 3.503504e-02 -1.934513e-08 -1.039368e-08 4.822626e-16
 3.603604e-02  1.936087e-08  1.040489e-08 4.831049e-16
 3.703704e-02 -1.937193e-08 -1.041646e-08 4.837742e-16
 3.803804e-02  1.938827e-08  1.042923e-08 4.846737e-16
 3.903904e-02 -1.940057e-08 -1.044026e-08 4.853811e-16
 4.004004e-02  1.941702e-08  1.045431e-08 4.863134e-16
 4.104104e-02 -1.943103e-08 -1.046517e-08 4.870848e-16
 4.204204e-02  1.944726e-08  1.048000e-08 4.880261e-16
 4.304304e-02 -1.946329e-08 -1.049127e-08 4.888864e-16
 4.404404e-02  1.947908e-08  1.050636e-08 4.898180e-16
 4.504505e-02 -1.949702e-08 -1.051849e-08 4.907724e-16
 4.604605e-02  1.951271e-08  1.053351e-08 4.917005e-16
 4.704705e-02 -1.953226e-08 -1.054679e-08 4.927438e-16
 4.804805e-02  1.954820e-08  1.056143e-08 4.936759e-16
 4.904905e-02 -1.956886e-08 -1.057610e-08 4.947942e-16
 5.005005e-02  1.958559e-08  1.059038e-08 4.957514e-16
 5.105105e-02 -1.960685e-08 -1.060625e-08 4.969210e-16
 5.205205e-02  1.962493e-08  1.062039e-08 4.979303e-16
 5.305305e-02 -1.964630e-08 -1.063723e-08 4.991278e-16
 5.405405e-02  1.966605e-08  1.065152e-08 5.002084e-16
 5.505506e-02 -1.968741e-08 -1.066900e-08 5.014215e-16
 5.605606e-02  1.970896e-08  1.068388e-08 5.025883e-16
 5.705706e-02 -1.973025e-08 -1.070163e-08 5.038076e-16
 5.805806e-02  1.975344e-08  1.071728e-08 5.050583e-16
 5.905906e-02 -1.977486e-08 -1.073504e-08 5.062863e-16
 6.006006e-02  1.979951e-08  1.075187e-08 5.076232e-16
 6.106106e-02 -1.982138e-08 -1.076952e-08 5.088696e-16
 6.206206e-02  1.984715e-08  1.078740e-08 5.102772e-16
 6.306306e-02 -1.986996e-08 -1.080494e-08 5.115620e-16
 6.406406e-02  1.989630e-08  1.082396e-08 5.130210e-16
 6.506507e-02 -1.992042e-08 -1.084153e-08 5.143622e-16
 6.606607e-02  1.994714e-08  1.086144e-08 5.158594e-16
 6.706707e-02 -1.997277e-08 -1.087927e-08 5.172703e-16
 6.806807e-02  1.999968e-08  1.089977e-08 5.187923e-16
 6.906907e-02 -2.002694e-08 -1.091825e-08 5.202866e-16
 7.007007e-02  2.005401e-08  1.093911e-08 5.218274e-16
 7.107107e-02 -2.008290e-08 -1.095830e-08 5.234071e-16
 7.207207e-02  2.011027e-08  1.097937e-08 5.249696e-16
 7.307307e-02 -2.014052e-08 -1.099959e-08 5.266315e-16
 7.407407e-02  2.016855e-08  1.102073e-08 5.282271e-16
 7.507508e-02 -2.019987e-08 -1.104201e-08 5.299608e-16
 7.607608e-02  2.022885e-08  1.106317e-08 5.315998e-16
 7.707708e-02 -2.026092e-08 -1.108550e-08 5.333930e-16
 7.807808e-02  2.029115e-08  1.110683e-08 5.350925e-16
 7.907908e-02 -2.032375e-08 -1.113003e-08 5.369322e-16
 8.008008e-02  2.035553e-08  1.115178e-08 5.387096e-16
 8.108108e-02 -2.038847e-08 -1.117555e-08 5.405824e-16
 8.208208e-02  2.042177e-08  1.119790e-08 5.424415e-16
 8.308308e-02 -2.045513e-08 -1.122215e-08 5.443490e-16
 8.408408e-02  2.048993e-08  1.124536e-08 5.462952e-16
 8.508509e-02 -2.052388e-08 -1.126984e-08 5.482391e-16
 8.608609e-02  2.055998e-08  1.129402e-08 5.502679e-16
 8.708709e-02 -2.059472e-08 -1.131868e-08 5.522549e-16
 8.808809e-02  2.063186e-08  1.134389e-08 5.543575e-16
 8.908909e-02 -2.066774e-08 -1.136882e-08 5.564057e-16
 9.009009e-02  2.070569e-08  1.139496e-08 5.585706e-16
 9.109109e-02 -2.074282e-08 -1.142025e-08 5.606868e-16
 9.209209e-02  2.078148e-08  1.144716e-08 5.629074e-16
 9.309309e-02 -2.082003e-08 -1.147303e-08 5.651042e-16
 9.409409e-02  2.085946e-08  1.150057e-08 5.673801e-16
 9.509510e-02 -2.089932e-08 -1.152713e-08 5.696565e-16
 9.609610e-02  2.093949e-08  1.155515e-08 5.719837e-16
 9.709710e-02 -2.098070e-08 -1.158256e-08 5.743456e-16
 9.809810e-02  2.102173e-08  1.161106e-08 5.767300e-16
 9.909910e-02 -2.106417e-08 -1.163938e-08 5.791743e-16
 1.001001e-01  2.110626e-08  1.166828e-08 5.816227e-16
 1.011011e-01 -2.114974e-08 -1.169752e-08 5.841435e-16
 1.021021e-01  2.119294e-08  1.172688e-08 5.866605e-16
 1.031031e-01 -2.123750e-08 -1.175692e-08 5.892565e-16
 1.041041e-01  2.128197e-08  1.178686e-08 5.918524e-16
 1.051051e-01 -2.132751e-08 -1.181765e-08 5.945194e-16
 1.061061e-01  2.137323e-08  1.184830e-08 5.971970e-16
 1.071071e-01 -2.141982e-08 -1.187979e-08 5.999380e-16
 1.081081e-01  2.146674e-08  1.191121e-08 6.026977e-16
 1.091091e-01 -2.151444e-08 -1.194337e-08 6.055150e-16
 1.101101e-01  2.156264e-08  1.197558e-08 6.083617e-16
 1.111111e-01 -2.161144e-08 -1.200831e-08 6.112539e-16
 1.121121e-01  2.166089e-08  1.204138e-08 6.141888e-16
 1.131131e-01 -2.171086e-08 -1.207477e-08 6.171617e-16
 1.141141e-01  2.176151e-08  1.210868e-08 6.201833e-16
 1.151151e-01 -2.181270e-08 -1.214281e-08 6.232418e-16
 1.161161e-01  2.186462e-08  1.217750e-08 6.263529e-16
 1.171171e-01 -2.191693e-08 -1.221237e-08 6.294940e-16
 1.181181e-01  2.197023e-08  1.224785e-08 6.327008e-16
 1.191191e-01 -2.202374e-08 -1.228348e-08 6.359290e-16
 1.201201e-01  2.207834e-08  1.231979e-08 6.392305e-16
 1.211211e-01 -2.213309e-08 -1.235624e-08 6.425503e-16
 1.221221e-01  2.218900e-08  1.239335e-08 6.459467e-16
 1.231231e-01 -2.224503e-08 -1.243057e-08 6.493605e-16
 1.241241e-01  2.230227e-08  1.246856e-08 6.528565e-16
 1.251251e-01 -2.235972e-08 -1.250658e-08 6.563716e-16
 1.261261e-01  2.241814e-08  1.254540e-08 6.599598e-16
 1.271271e-01 -2.247712e-08 -1.258430e-08 6.635855e-16
 1.281281e-01  2.253666e-08  1.262392e-08 6.672646e-16
 1.291291e-01 -2.259723e-08 -1.266371e-08 6.710044e-16
 1.301301e-01  2.265792e-08  1.270421e-08 6.747783e-16
 1.311311e-01 -2.272016e-08 -1.274495e-08 6.786398e-16
 1.321321e-01  2.278202e-08  1.278622e-08 6.825079e-16
 1.331331e-01 -2.284583e-08 -1.282804e-08 6.864904e-16
 1.341341e-01  2.290909e-08  1.287000e-08 6.904635e-16
 1.351351e-01 -2.297433e-08 -1.291292e-08 6.945632e-16
 1.361361e-01  2.303917e-08  1.295561e-08 6.986513e-16
 1.371371e-01 -2.310563e-08 -1.299969e-08 7.028619e-16
 1.381381e-01  2.317228e-08  1.304322e-08 7.070802e-16
 1.391391e-01 -2.323985e-08 -1.308831e-08 7.113945e-16
 1.401401e-01  2.330852e-08  1.313275e-08 7.157564e-16
 1.411411e-01 -2.337705e-08 -1.317872e-08 7.201650e-16
 1.421421e-01  2.344780e-08  1.322437e-08 7.246833e-16
 1.431431e-01 -2.351746e-08 -1.327107e-08 7.291919e-16
 1.441441e-01  2.359010e-08  1.331810e-08 7.338648e-16
 1.451451e-01 -2.366113e-08 -1.336539e-08 7.384829e-16
 1.461461e-01  2.373548e-08  1.341387e-08 7.433048e-16
 1.471471e-01 -2.380819e-08 -1.346187e-08 7.480521e-16
 1.481481e-01  2.388399e-08  1.351172e-08 7.530112e-16
 1.491491e-01 -2.395872e-08 -1.356047e-08 7.579065e-16
 1.501502e-01  2.403561e-08  1.361151e-08 7.629837e-16
 1.511512e-01 -2.411260e-08 -1.366144e-08 7.680526e-16
 1.521522e-01  2.419066e-08  1.371336e-08 7.732443e-16
 1.531532e-01 -2.426989e-08 -1.376479e-08 7.784971e-16
 1.541542e-01  2.434937e-08  1.381727e-08 7.838087e-16
 1.551552e-01 -2.443049e-08 -1.387056e-08 7.892411e-16
 1.561562e-01  2.451183e-08  1.392328e-08 7.946876e-16
 1.571572e-01 -2.459433e-08 -1.397872e-08 8.002861e-16
 1.581582e-01  2.467830e-08  1.403169e-08 8.059066e-16
 1.591592e-01 -2.476136e-08 -1.408919e-08 8.116301e-16
 1.601602e-01  2.484883e-08  1.414256e-08 8.174762e-16
 1.611612e-01 -2.493180e-08 -1.420197e-08 8.232904e-16
 1.621622e-01  2.502353e-08  1.425608e-08 8.294130e-16
 1.631632e-01 -2.510558e-08 -1.431696e-08 8.352656e-16
 1.641642e-01  2.520245e-08  1.437242e-08 8.417297e-16
 1.651652e-01 -2.528294e-08 -1.443418e-08 8.475724e-16
 1.661662e-01  2.538563e-08  1.449168e-08 8.544391e-16
 1.671672e-01 -2.546379e-08 -1.455362e-08 8.602122e-16
 1.681682e-01  2.557328e-08  1.461385e-08 8.675576e-16
 1.691692e-01 -2.564818e-08 -1.467542e-08 8.731972e-16
 1.701702e-01  2.576574e-08  1.473916e-08 8.811163e-16
 1.711712e-01 -2.583587e-08 -1.479942e-08 8.865151e-16
 1.721722e-01  2.596346e-08  1.486774e-08 8.951511e-16
 1.731732e-01 -2.602646e-08 -1.492550e-08 9.001471e-16
 1.741742e-01  2.616710e-08  1.500016e-08 9.097218e-16
 1.751752e-01 -2.621946e-08 -1.505314e-08 9.140570e-16
 1.761762e-01  2.637741e-08  1.513721e-08 9.249031e-16
 1.771772e-01 -2.641417e-08 -1.518140e-08 9.281832e-16
 1.781782e-01  2.659529e-08  1.528015e-08 9.407924e-16
 1.791792e-01 -2.660999e-08 -1.530888e-08 9.424535e-16
 1.801802e-01  2.682160e-08  1.543099e-08 9.575137e-16
 1.811812e-01 -2.680623e-08 -1.543348e-08 9.567662e-16
 1.821822e-01  2.705711e-08  1.559232e-08 9.752077e-16
 1.831832e-01 -2.700254e-08 -1.555204e-08 9.710035e-16
 1.841842e-01  2.730227e-08  1.576803e-08 9.940447e-16
 1.851852e-01 -2.719887e-08 -1.566034e-08 9.850249e-16
 1.861862e-01  2.755697e-08  1.596325e-08 1.014212e-15
 1.871872e-01 -2.739604e-08 -1.575250e-08 9.986841e-16
 1.881882e-01  2.782018e-08  1.618512e-08 1.035920e-15
 1.891892e-01 -2.759600e-08 -1.582052e-08 1.011828e-15
 1.901902e-01  2.808907e-08  1.644294e-08 1.059366e-15
 1.911912e-01 -2.780302e-08 -1.585380e-08 1.024351e-15
 1.921922e-01  2.835810e-08  1.674904e-08 1.084712e-15
 1.931932e-01 -2.802502e-08 -1.583859e-08 1.036263e-15
 1.941942e-01  2.861729e-08  1.711916e-08 1.112015e-15
 1.951952e-01 -2.827532e-08 -1.575745e-08 1.047791e-15
 1.961962e-01  2.884953e-08  1.757287e-08 1.141101e-15
 1.971972e-01 -2.857576e-08 -1.558909e-08 1.059593e-15
 1.981982e-01  2.902780e-08  1.813331e-08 1.171430e-15
 1.991992e-01 -2.896056e-08 -1.530914e-08 1.073084e-15
 2.002002e-01  2.911023e-08  1.882619e-08 1.201831e-15
 2.012012e-01 -2.948121e-08 -1.489161e-08 1.090902e-15
 2.022022e-01  2.903451e-08  1.967737e-08 1.230202e-15
 2.032032e-01 -3.021317e-08 -1.431268e-08 1.117689e-15
 2.042042e-01  2.871060e-08  2.070755e-08 1.253101e-15
 2.052052e-01 -3.126393e-08 -1.355670e-08 1.161217e-15
 2.062062e-01  2.801210e-08  2.192497e-08 1.265382e-15
 2.072072e-01 -3.278181e-08 -1.262688e-08 1.234085e-15
 2.082082e-01  2.676685e-08  2.331190e-08 1.259909e-15
 2.092092e-01 -3.496554e-08 -1.156069e-08 1.356239e-15
 2.102102e-01  2.474832e-08  2.480525e-08 1.227779e-15
 2.112112e-01 -3.807206e-08 -1.045467e-08 1.558782e-15
 2.122122e-01  2.166866e-08  2.626729e-08 1.159502e-15
 2.132132e-01 -4.242129e-08 -9.498558e-09 1.889788e-15
 2.142142e-01  1.717702e-08  2.744450e-08 1.048251e-15
 2.152152e-01 -4.839400e-08 -9.023566e-09 2.423404e-15
 2.162162e-01  1.086699e-08  2.791326e-08 8.972417e-16
 2.172172e-01 -5.641704e-08 -9.563743e-09 3.274348e-15
 2.182182e-01  2.301273e-09  2.701072e-08 7.348750e-16
 2.192192e-01 -6.692597e-08 -1.193222e-08 4.621464e-15
 2.202202e-01 -8.935675e-09  2.375162e-08 6.439857e-16
 2.212212e-01 -8.029349e-08 -1.731067e-08 6.746704e-15
 2.222222e-01 -2.314215e-08  1.673318e-08 8.155585e-16
 2.232232e-01 -9.670627e-08 -2.734959e-08 1.010010e-14
 2.242242e-01 -4.034527e-08  4.032265e-09 1.644000e-15
 2.252252e-01 -1.159762e-07 -4.426951e-08 1.541026e-14
 2.262262e-01 -6.007352e-08 -1.688928e-08 3.894076e-15
 2.272272e-01 -1.372697e-07 -7.094243e-08 2.387580e-14
 2.282282e-01 -8.103855e-08 -4.924350e-08 8.992169e-15
 2.292292e-01 -1.587388e-07 -1.109155e-07 3.750025e-14
 2.302302e-01 -1.007096e-07 -9.689022e-08 1.953015e-14
 2.312312e-01 -1.770325e-07 -1.683202e-07 5.967219e-14
 2.322322e-01 -1.147597e-07 -1.641645e-07 4.011975e-14
 2.332332e-01 -1.866767e-07 -2.475984e-07 9.615315e-14
 2.342342e-01 -1.163785e-07 -2.554824e-07 7.881523e-14
 2.352352e-01 -1.793269e-07 -3.529688e-07 1.567451e-13
 2.362362e-01 -9.548151e-08 -3.746443e-07 1.494751e-13
 2.372372e-01 -1.429563e-07 -4.875399e-07 2.581317e-13
 2.382382e-01 -3.790786e-08 -5.237297e-07 2.757298e-13
 2.392392e-01 -6.110685e-08 -6.519537e-07 4.287777e-13
 2.402402e-01  7.522227e-08 -7.014489e-07 4.976889e-13
 2.412412e-01  8.758822e-08 -8.424026e-07 7.173138e-13
 2.422422e-01  2.677556e-07 -9.007847e-07 8.831061e-13
 2.432432e-01  3.293511e-07 -1.047861e-06 1.206484e-12
 2.442442e-01  5.680716e-07 -1.105792e-06 1.545481e-12
 2.452452e-01  6.943576e-07 -1.246450e-06 2.035771e-12
 2.462462e-01  1.007613e-06 -1.287556e-06 2.673082e-12
 2.472472e-01  1.214577e-06 -1.401053e-06 3.438147e-12
 2.482482e-01  1.617887e-06 -1.399558e-06 4.576319e-12
 2.492492e-01  1.919762e-06 -1.454571e-06 5.801260e-12
 2.502503e-01  2.425240e-06 -1.372997e-06 7.766910e-12
 2.512513e-01  2.830775e-06 -1.325501e-06 9.770240e-12
 2.522523e-01  3.442501e-06 -1.112855e-06 1.308926e-11
 2.532533e-01  3.949334e-06 -9.047427e-07 1.641580e-11
 2.542543e-01  4.656648e-06 -4.957128e-07 2.193010e-11
 2.552553e-01  5.243498e-06 -5.475558e-08 2.749727e-11
 2.562563e-01  6.012128e-06  6.293520e-07 3.654177e-11
 2.572573e-01  6.628954e-06  1.387321e-06 4.586768e-11
 2.582583e-01  7.390378e-06  2.434808e-06 6.054598e-11
 2.592593e-01  7.947187e-06  3.600118e-06 7.611863e-11
 2.602603e-01  8.587192e-06  5.100636e-06 9.975635e-11
 2.612613e-01  8.942692e-06  6.758504e-06 1.256491e-10
 2.622623e-01  9.290502e-06  8.788218e-06 1.635462e-10
 2.632633e-01  9.242156e-06  1.099985e-05 2.064141e-10
 2.642643e-01  9.061920e-06  1.359807e-05 2.670260e-10
 2.652653e-01  8.339473e-06  1.637259e-05 3.376085e-10
 2.662663e-01  7.326621e-06  1.950900e-05 4.342804e-10
 2.672673e-01  5.592289e-06  2.276618e-05 5.495729e-10
 2.682683e-01  3.378827e-06  2.629958e-05 7.030843e-10
 2.692693e-01  2.392851e-07  2.982542e-05 8.896130e-10
 2.702703e-01 -3.585642e-06  3.345705e-05 1.132231e-09
 2.712713e-01 -8.548012e-06  3.685602e-05 1.431435e-09
 2.722723e-01 -1.439399e-05  4.008211e-05 1.813763e-09
 2.732733e-01 -2.156197e-05  4.273137e-05 2.290888e-09
 2.742743e-01 -2.976142e-05  4.480079e-05 2.892852e-09
 2.752753e-01 -3.938915e-05  4.581340e-05 3.650373e-09
 2.762763e-01 -5.008519e-05  4.569897e-05 4.596922e-09
 2.772773e-01 -6.216823e-05  4.390678e-05 5.792695e-09
 2.782783e-01 -7.516859e-05  4.030412e-05 7.274739e-09
 2.792793e-01 -8.928431e-05  3.427807e-05 9.146674e-09
 2.802803e-01 -1.038916e-04  2.565404e-05 1.145160e-08
 2.812813e-01 -1.190236e-04  1.378825e-05 1.435674e-08
 2.822823e-01 -1.338588e-04 -1.491228e-06 1.792041e-08
 2.832833e-01 -1.482244e-04 -2.080009e-05 2.240312e-08
 2.842843e-01 -1.610642e-04 -4.423240e-05 2.789819e-08
 2.852853e-01 -1.719692e-04 -7.228434e-05 3.479842e-08
 2.862863e-01 -1.796267e-04 -1.048643e-04 4.326227e-08
 2.872873e-01 -1.833824e-04 -1.422267e-04 5.385754e-08
 2.882883e-01 -1.816747e-04 -1.839594e-04 6.684676e-08
 2.892893e-01 -1.736339e-04 -2.299314e-04 8.301720e-08
 2.902903e-01 -1.575072e-04 -2.792615e-04 1.027955e-07
 2.912913e-01 -1.323027e-04 -3.312848e-04 1.272536e-07
 2.922923e-01 -9.621081e-05 -3.845066e-04 1.571018e-07
 2.932933e-01 -4.830033e-05 -4.375946e-04 1.938220e-07
 2.942943e-01  1.306076e-05 -4.883238e-04 2.386307e-07
 2.952953e-01  8.845464e-05 -5.346001e-04 2.936215e-07
 2.962963e-01  1.789947e-04 -5.734049e-04 3.608323e-07
 2.972973e-01  2.845250e-04 -6.018614e-04 4.431916e-07
 2.982983e-01  4.052131e-04 -6.161889e-04 5.438863e-07
 2.992993e-01  5.397110e-04 -6.128286e-04 6.668468e-07
 3.003003e-01  6.867771e-04 -5.874248e-04 8.167306e-07
 3.013013e-01  8.434161e-04 -5.360292e-04 9.986781e-07
 3.023023e-01  1.006551e-03 -4.541280e-04 1.219376e-06
 3.033033e-01  1.171160e-03 -3.379429e-04 1.485821e-06
 3.043043e-01  1.332024e-03 -1.835163e-04 1.807967e-06
 3.053053e-01  1.481883e-03  1.188464e-05 2.196118e-06
 3.063063e-01  1.613275e-03  2.506314e-04 2.665473e-06
 3.073073e-01  1.716746e-03  5.332440e-04 3.231568e-06
 3.083083e-01  1.782815e-03  8.592346e-04 3.916714e-06
 3.093093e-01  1.800260e-03  1.225577e-03 4.742974e-06
 3.103103e-01  1.758256e-03  1.627590e-03 5.740514e-06
 3.113113e-01  1.644788e-03  2.057433e-03 6.938356e-06
 3.123123e-01  1.449000e-03  2.505104e-03 8.375147e-06
 3.133133e-01  1.159771e-03  2.957039e-03 1.008915e-05
 3.143143e-01  7.683134e-04  3.397302e-03 1.213197e-05
 3.153153e-01  2.669119e-04  3.806353e-03 1.455956e-05
 3.163163e-01 -3.482511e-04  4.162501e-03 1.744770e-05
 3.173173e-01 -1.078248e-03  4.440913e-03 2.088432e-05
 3.183183e-01 -1.918459e-03  4.615377e-03 2.498219e-05
 3.193193e-01 -2.859768e-03  4.657615e-03 2.987164e-05
 3.203203e-01 -3.885676e-03  4.539429e-03 3.570489e-05
 3.213213e-01 -4.973769e-03  4.232371e-03 4.265135e-05
 3.223223e-01 -6.093147e-03  3.710339e-03 5.089305e-05
 3.233233e-01 -7.206406e-03  2.949643e-03 6.063269e-05
 3.243243e-01 -8.267632e-03  1.932079e-03 7.208667e-05
 3.253253e-01 -9.225128e-03  6.453599e-04 8.551948e-05
 3.263263e-01 -1.002014e-02 -9.134341e-04 1.012375e-04
 3.273273e-01 -1.059046e-02 -2.737235e-03 1.196503e-04
 3.283283e-01 -1.086997e-02 -4.805462e-03 1.412488e-04
 3.293293e-01 -1.079316e-02 -7.083626e-03 1.666701e-04
 3.303303e-01 -1.029545e-02 -9.520251e-03 1.966314e-04
 3.313313e-01 -9.318539e-03 -1.204734e-02 2.319735e-04
 3.323323e-01 -7.811478e-03 -1.457842e-02 2.735494e-04
 3.333333e-01 -5.736696e-03 -1.701060e-02 3.222701e-04
 3.343343e-01 -3.071538e-03 -1.922444e-02 3.790136e-04
 3.353353e-01  1.852284e-04 -2.108817e-02 4.447454e-04
 3.363363e-01  4.011802e-03 -2.245978e-02 5.205362e-04
 3.373373e-01  8.356951e-03 -2.319360e-02 6.077818e-04
 3.383383e-01  1.313905e-02 -2.314467e-02 7.083104e-04
 3.393393e-01  1.824075e-02 -2.217733e-02 8.245587e-04
 3.403403e-01  2.350983e-02 -2.017122e-02 9.595901e-04
 3.413413e-01  2.875632e-02 -1.703120e-02 1.116988e-03
 3.423423e-01  3.375670e-02 -1.269394e-02 1.300651e-03
 3.433433e-01  3.825496e-02 -7.137935e-03 1.514392e-03
 3.443443e-01  4.197161e-02 -3.895199e-04 1.761768e-03
 3.453453e-01  4.460988e-02  7.468396e-03 2.045818e-03
 3.463463e-01  4.587020e-02  1.629240e-02 2.369517e-03
 3.473473e-01  4.546164e-02  2.587254e-02 2.736149e-03
 3.483483e-01  4.312123e-02  3.593209e-02 3.150556e-03
 3.493493e-01  3.862909e-02  4.612598e-02 3.619812e-03
 3.503504e-01  3.183018e-02  5.604604e-02 4.154319e-03
 3.513514e-01  2.264995e-02  6.522586e-02 4.767434e-03
 3.523524e-01  1.111461e-02  7.315356e-02 5.474978e-03
 3.533534e-01 -2.637118e-03  7.928488e-02 6.293046e-03
 3.543544e-01 -1.833978e-02  8.306502e-02 7.236145e-03
 3.553554e-01 -3.559784e-02  8.395099e-02 8.314975e-03
 3.563564e-01 -5.388171e-02  8.144253e-02 9.536124e-03
 3.573574e-01 -7.253641e-02  7.511246e-02 1.090341e-02
 3.583584e-01 -9.079069e-02  6.464385e-02 1.242178e-02
 3.593594e-01 -1.077795e-01  4.986383e-02 1.410283e-02
 3.603604e-01 -1.225673e-01  3.078052e-02 1.597017e-02
 3.613614e-01 -1.341840e-01  7.611852e-03 1.806327e-02
 3.623624e-01 -1.416614e-01 -1.918741e-02 2.043610e-02
 3.633634e-01 -1.440812e-01 -4.891263e-02 2.315183e-02
 3.643644e-01 -1.406209e-01 -8.060336e-02 2.627115e-02
 3.653654e-01 -1.306099e-01 -1.130564e-01 2.984071e-02
 3.663664e-01 -1.135796e-01 -1.448499e-01 3.388183e-02
 3.673674e-01 -8.932070e-02 -1.743888e-01 3.838965e-02
 3.683684e-01 -5.792920e-02 -1.999619e-01 4.334055e-02
 3.693694e-01 -1.985431e-02 -2.198186e-01 4.871442e-02
 3.703704e-01  2.407160e-02 -2.322536e-01 5.452120e-02
 3.713714e-01  7.260888e-02 -2.357051e-01 6.082895e-02
 3.723724e-01  1.241120e-01 -2.288524e-01 6.777720e-02
 3.733734e-01  1.765448e-01 -2.107185e-01 7.557034e-02
 3.743744e-01  2.275283e-01 -1.807608e-01 8.444361e-02
 3.753754e-01  2.744085e-01 -1.389557e-01 9.460870e-02
 3.763764e-01  3.143598e-01 -8.586004e-02 1.061940e-01
 3.773774e-01  3.445081e-01 -2.265683e-02 1.191992e-01
 3.783784e-01  3.620868e-01  4.883217e-02 1.334915e-01
 3.793794e-01  3.646020e-01  1.261572e-01 1.488503e-01
 3.803804e-01  3.500181e-01  2.062899e-01 1.650682e-01
 3.813814e-01  3.169342e-01  2.857005e-01 1.820721e-01
 3.823824e-01  2.647588e-01  3.604753e-01 2.000397e-01
 3.833834e-01  1.938494e-01  4.264599e-01 2.194456e-01
 3.843844e-01  1.056240e-01  4.794407e-01 2.410198e-01
 3.853854e-01  2.612889e-03  5.153446e-01 2.655869e-01
 3.863864e-01 -1.115418e-01  5.304670e-01 2.938368e-01
 3.873874e-01 -2.321646e-01  5.217038e-01 3.260753e-01
 3.883884e-01 -3.536873e-01  4.867942e-01 3.620633e-01
 3.893894e-01 -4.698709e-01  4.245446e-01 4.010168e-01
 3.903904e-01 -5.740827e-01  3.350372e-01 4.418209e-01
 3.913914e-01 -6.596382e-01  2.197899e-01 4.834302e-01
 3.923924e-01 -7.201703e-01  8.186872e-02 5.253478e-01
 3.933934e-01 -7.500300e-01 -7.408062e-02 5.680329e-01
 3.943944e-01 -7.446720e-01 -2.418800e-01 6.130423e-01
 3.953954e-01 -7.010259e-01 -4.139728e-01 6.628108e-01
 3.963964e-01 -6.178053e-01 -5.816743e-01 7.200284e-01
 3.973974e-01 -4.957552e-01 -7.355366e-01 7.867873e-01
 3.983984e-01 -3.377952e-01 -8.658029e-01 8.637202e-01
 3.993994e-01 -1.490656e-01 -9.629541e-01 9.495011e-01
 4.004004e-01  6.315928e-02 -1.018304e+00 1.040933e+00
 4.014014e-01  2.896701e-01 -1.024632e+00 1.133779e+00
 4.024024e-01  5.196599e-01 -9.767878e-01 1.224161e+00
 4.034034e-01  7.411661e-01 -8.722545e-01 1.310155e+00
 4.044044e-01  9.416297e-01 -7.115918e-01 1.393029e+00
 4.054054e-01  1.108525e+00 -4.987436e-01 1.477574e+00
 4.064064e-01  1.230063e+00 -2.411454e-01 1.571206e+00
 4.074074e-01  1.295901e+00  5.037574e-02 1.681896e+00
 4.084084e-01  1.297865e+00  3.619479e-01 1.815459e+00
 4.094094e-01  1.230602e+00  6.772274e-01 1.973017e+00
 4.104104e-01  1.092154e+00  9.782058e-01 2.149687e+00
 4.114114e-01  8.843899e-01  1.246193e+00 2.335143e+00
 4.124124e-01  6.132671e-01  1.462950e+00 2.516318e+00
 4.134134e-01  2.888761e-01  1.611880e+00 2.681606e+00
 4.144144e-01 -7.474183e-02  1.679231e+00 2.825402e+00
 4.154154e-01 -4.600499e-01  1.655193e+00 2.951309e+00
 4.164164e-01 -8.467134e-01  1.534840e+00 3.072656e+00
 4.174174e-01 -1.212564e+00  1.318809e+00 3.209568e+00
 4.184184e-01 -1.534760e+00  1.013679e+00 3.383035e+00
 4.194194e-01 -1.791141e+00  6.319707e-01 3.607573e+00
 4.204204e-01 -1.961652e+00  1.917693e-01 3.884852e+00
 4.214214e-01 -2.029810e+00 -2.840535e-01 4.200815e+00
 4.224224e-01 -1.984070e+00 -7.689729e-01 4.527852e+00
 4.234234e-01 -1.819018e+00 -1.234272e+00 4.832254e+00
 4.244244e-01 -1.536265e+00 -1.650722e+00 5.084994e+00
 4.254254e-01 -1.144968e+00 -1.990422e+00 5.272733e+00
 4.264264e-01 -6.618753e-01 -2.228645e+00 5.404936e+00
 4.274274e-01 -1.108746e-01 -2.345607e+00 5.514163e+00
 4.284284e-01  4.780152e-01 -2.328009e+00 5.648122e+00
 4.294294e-01  1.070145e+00 -2.170261e+00 5.855243e+00
 4.304304e-01  1.628218e+00 -1.875262e+00 6.167702e+00
 4.314314e-01  2.114603e+00 -1.454693e+00 6.587677e+00
 4.324324e-01  2.493892e+00 -9.287340e-01 7.082045e+00
 4.334334e-01  2.735481e+00 -3.252366e-01 7.588636e+00
 4.344344e-01  2.816037e+00  3.216724e-01 8.033539e+00
 4.354354e-01  2.721607e+00  9.734535e-01 8.354755e+00
 4.364364e-01  2.449235e+00  1.589434e+00 8.525055e+00
 4.374374e-01  2.007875e+00  2.129329e+00 8.565602e+00
 4.384384e-01  1.418525e+00  2.555900e+00 8.544839e+00
 4.394394e-01  7.134704e-01  2.837539e+00 8.560666e+00
 4.404404e-01 -6.532116e-02  2.950638e+00 8.710529e+00
 4.414414e-01 -8.686489e-01  2.881531e+00 9.057774e+00
 4.424424e-01 -1.643174e+00  2.627907e+00 9.605915e+00
 4.434434e-01 -2.335046e+00  2.199485e+00 1.029017e+01
 4.444444e-01 -2.893729e+00  1.617961e+00 1.099147e+01
 4.454454e-01 -3.275845e+00  9.160838e-01 1.157037e+01
 4.464464e-01 -3.448641e+00  1.359591e-01 1.191161e+01
 4.474474e-01 -3.392896e+00 -6.734165e-01 1.196523e+01
 4.484484e-01 -3.104903e+00 -1.459191e+00 1.176966e+01
 4.494494e-01 -2.597452e+00 -2.168165e+00 1.144769e+01
 4.504505e-01 -1.899543e+00 -2.750445e+00 1.117321e+01
 4.514515e-01 -1.054940e+00 -3.163101e+00 1.111810e+01
 4.524525e-01 -1.194725e-01 -3.373441e+00 1.139438e+01
 4.534535e-01  8.426268e-01 -3.361765e+00 1.201149e+01
 4.544545e-01  1.763237e+00 -3.123242e+00 1.286364e+01
 4.554555e-01  2.575271e+00 -2.668849e+00 1.375477e+01
 4.564565e-01  3.217783e+00 -2.025127e+00 1.445527e+01
 4.574575e-01  3.640714e+00 -1.232850e+00 1.477472e+01
 4.584585e-01  3.809048e+00 -3.444957e-01 1.462752e+01
 4.594595e-01  3.705865e+00  5.791591e-01 1.406886e+01
 4.604605e-01  3.334191e+00  1.473308e+00 1.328747e+01
 4.614615e-01  2.717250e+00  2.273735e+00 1.255332e+01
 4.624625e-01  1.897258e+00  2.921670e+00 1.213574e+01
 4.634635e-01  9.325876e-01  3.368270e+00 1.221496e+01
 4.644645e-01 -1.063053e-01  3.578627e+00 1.281787e+01
 4.654655e-01 -1.142144e+00  3.534669e+00 1.379838e+01
 4.664665e-01 -2.096629e+00  3.237008e+00 1.487407e+01
 4.674675e-01 -2.896629e+00  2.705205e+00 1.570860e+01
 4.684685e-01 -3.479926e+00  1.976759e+00 1.601746e+01
 4.694695e-01 -3.800425e+00  1.104427e+00 1.566299e+01
 4.704705e-01 -3.831966e+00  1.525390e-01 1.470723e+01
 4.714715e-01 -3.570851e+00 -8.079820e-01 1.340381e+01
 4.724725e-01 -3.036337e+00 -1.704901e+00 1.212603e+01
 4.734735e-01 -2.269574e+00 -2.470519e+00 1.125443e+01
 4.744745e-01 -1.330391e+00 -3.046844e+00 1.105320e+01
 4.754755e-01 -2.928987e-01 -3.390535e+00 1.158151e+01
 4.764765e-01  7.606271e-01 -3.476155e+00 1.266221e+01
 4.774775e-01  1.746078e+00 -3.298696e+00 1.393019e+01
 4.784785e-01  2.584756e+00 -2.873604e+00 1.493857e+01
 4.794795e-01  3.209442e+00 -2.236194e+00 1.530108e+01
 4.804805e-01  3.570631e+00 -1.438023e+00 1.481732e+01
 4.814815e-01  3.639959e+00 -5.437958e-01 1.354502e+01
 4.824825e-01  3.413843e+00  3.755781e-01 1.179539e+01
 4.834835e-01  2.912055e+00  1.246146e+00 1.003294e+01
 4.844845e-01  2.179653e+00  2.002362e+00 8.760343e+00
 4.854855e-01  1.270501e+00  2.570347e+00 8.220856e+00
 4.864865e-01  2.184449e-01  2.807467e+00 7.929591e+00
 4.874875e-01 -8.496105e-01  2.675128e+00 7.878147e+00
 4.884885e-01 -1.790604e+00  2.199023e+00 8.041963e+00
 4.894895e-01 -2.482464e+00  1.446468e+00 8.254895e+00
 4.904905e-01 -2.836124e+00  5.217343e-01 8.315805e+00
 4.914915e-01 -2.809346e+00 -4.507872e-01 8.095632e+00
 4.924925e-01 -2.410750e+00 -1.341944e+00 7.612529e+00
 4.934935e-01 -1.699107e+00 -2.036174e+00 7.032970e+00
 4.944945e-01 -7.742769e-01 -2.445996e+00 6.582399e+00
 4.954955e-01  2.362137e-01 -2.523821e+00 6.425469e+00
 4.964965e-01  1.195202e+00 -2.267181e+00 6.568615e+00
 4.974975e-01  1.974302e+00 -1.718547e+00 6.851275e+00
 4.984985e-01  2.471627e+00 -9.584174e-01 7.027502e+00
 4.994995e-01  2.625080e+00 -9.386982e-02 6.899857e+00
 5.005005e-01  2.420596e+00  7.567215e-01 6.431913e+00
 5.015015e-01  1.893125e+00  1.479847e+00 5.773869e+00
 5.025025e-01  1.121341e+00  1.982329e+00 5.187033e+00
 5.035035e-01  2.158588e-01  2.203397e+00 4.901554e+00
 5.045045e-01 -6.963169e-01  2.122259e+00 4.988842e+00
 5.055055e-01 -1.489931e+00  1.759786e+00 5.316739e+00
 5.065065e-01 -2.058523e+00  1.174558e+00 5.617105e+00
 5.075075e-01 -2.329227e+00  4.536677e-01 5.631113e+00
 5.085085e-01 -2.271881e+00 -3.000992e-01 5.251504e+00
 5.095095e-01 -1.902862e+00 -9.829700e-01 4.587113e+00
 5.105105e-01 -1.281264e+00 -1.504583e+00 3.905407e+00
 5.115115e-01 -5.004438e-01 -1.800059e+00 3.490657e+00
 5.125125e-01  3.268250e-01 -1.838212e+00 3.485839e+00
 5.135135e-01  1.083231e+00 -1.624596e+00 3.812702e+00
 5.145145e-01  1.665871e+00 -1.199586e+00 4.214133e+00
 5.155155e-01  1.995926e+00 -6.310280e-01 4.381916e+00
 5.165165e-01  2.047331e+00 -4.522048e-03 4.191584e+00
 5.175175e-01  1.899467e+00  5.933028e-01 3.959983e+00
 5.185185e-01  1.587498e+00  1.105299e+00 3.741836e+00
 5.195195e-01  1.146122e+00  1.488588e+00 3.529488e+00
 5.205205e-01  6.236859e-01  1.713644e+00 3.325561e+00
 5.215215e-01  7.262419e-02  1.767481e+00 3.129263e+00
 5.225225e-01 -4.534906e-01  1.653822e+00 2.940781e+00
 5.235235e-01 -9.065458e-01  1.392274e+00 2.760252e+00
 5.245245e-01 -1.247364e+00  1.015605e+00 2.587370e+00
 5.255255e-01 -1.449809e+00  5.660706e-01 2.422383e+00
 5.265265e-01 -1.502219e+00  9.079166e-02 2.264906e+00
 5.275275e-01 -1.408292e+00 -3.630488e-01 2.115091e+00
 5.285285e-01 -1.185645e+00 -7.528887e-01 1.972595e+00
 5.295295e-01 -8.636721e-01 -1.044748e+00 1.837428e+00
 5.305305e-01 -4.797914e-01 -1.216190e+00 1.709317e+00
 5.315315e-01 -7.550045e-02 -1.257952e+00 1.588142e+00
 5.325325e-01  3.081750e-01 -1.174187e+00 1.473688e+00
 5.335335e-01  6.346304e-01 -9.813186e-01 1.365742e+00
 5.345345e-01  8.752760e-01 -7.056990e-01 1.264119e+00
 5.355355e-01  1.011865e+00 -3.803771e-01 1.168557e+00
 5.365365e-01  1.037867e+00 -4.133938e-02 1.078876e+00
 5.375375e-01  9.583476e-01  2.763473e-01 9.947980e-01
 5.385385e-01  7.888418e-01  5.420889e-01 9.161318e-01
 5.395395e-01  5.530223e-01  7.326483e-01 8.426071e-01
 5.405405e-01  2.798114e-01  8.340983e-01 7.740144e-01
 5.415415e-01 -3.654410e-05  8.426765e-01 7.101037e-01
 5.425425e-01 -2.572084e-01  7.645214e-01 6.506491e-01
 5.435435e-01 -4.668766e-01  6.143693e-01 5.954233e-01
 5.445445e-01 -6.109622e-01  4.134230e-01 5.441933e-01
 5.455455e-01 -6.796394e-01  1.866577e-01 4.967508e-01
 5.465465e-01 -6.717577e-01 -4.009704e-02 4.528662e-01
 5.475475e-01 -5.943944e-01 -2.429827e-01 4.123452e-01
 5.485485e-01 -4.614582e-01 -4.025270e-01 3.749717e-01
 5.495495e-01 -2.917291e-01 -5.054255e-01 3.405608e-01
 5.505506e-01 -1.064239e-01 -5.455178e-01 3.089157e-01
 5.515516e-01  7.325973e-02 -5.239209e-01 2.798601e-01
 5.525526e-01  2.284896e-01 -4.483427e-01 2.532186e-01
 5.535536e-01  3.446475e-01 -3.317262e-01 2.288241e-01
 5.545546e-01  4.126351e-01 -1.904052e-01 2.065219e-01
 5.555556e-01  4.294069e-01 -4.202919e-02 1.861568e-01
 5.565566e-01  3.978414e-01  9.650838e-02 1.675916e-01
 5.575576e-01  3.259031e-01  2.108870e-01 1.506862e-01
 5.585586e-01  2.253487e-01  2.907506e-01 1.353179e-01
 5.595596e-01  1.100571e-01  3.305307e-01 1.213631e-01
 5.605606e-01 -5.697361e-03  3.296654e-01 1.087118e-01
 5.615616e-01 -1.089210e-01  2.922208e-01 9.725681e-02
 5.625626e-01 -1.892454e-01  2.260215e-01 8.689951e-02
 5.635636e-01 -2.398972e-01  1.414138e-01 7.754853e-02
 5.645646e-01 -2.581297e-01  4.985201e-02 6.911614e-02
 5.655656e-01 -2.451859e-01 -3.752812e-02 6.152450e-02
 5.665666e-01 -2.057652e-01 -1.111657e-01 5.469712e-02
 5.675676e-01 -1.471663e-01 -1.640409e-01 4.856735e-02
 5.685686e-01 -7.817064e-02 -1.922478e-01 4.306987e-02
 5.695696e-01 -7.884574e-03 -1.951541e-01 3.814728e-02
 5.705706e-01  5.537960e-02 -1.751512e-01 3.374485e-02
 5.715716e-01  1.049927e-01 -1.370753e-01 2.981309e-02
 5.725726e-01  1.366409e-01 -8.738421e-02 2.630673e-02
 5.735736e-01  1.485912e-01 -3.322682e-02 2.318337e-02
 5.745746e-01  1.416473e-01  1.848684e-02 2.040572e-02
 5.755756e-01  1.187766e-01  6.188793e-02 1.793799e-02
 5.765766e-01  8.453782e-02  9.275083e-02 1.574936e-02
 5.775776e-01  4.434778e-02  1.088277e-01 1.381020e-02
 5.785786e-01  3.742062e-03  1.099130e-01 1.209486e-02
 5.795796e-01 -3.232538e-02  9.764397e-02 1.057928e-02
 5.805806e-01 -6.001500e-02  7.510147e-02 9.242032e-03
 5.815816e-01 -7.696198e-02  4.626761e-02 8.063838e-03
 5.825826e-01 -8.239328e-02  1.543558e-02 7.026910e-03
 5.835836e-01 -7.705412e-02 -1.336119e-02 6.115859e-03
 5.845846e-01 -6.293195e-02 -3.681952e-02 5.316108e-03
 5.855856e-01 -4.287436e-02 -5.269839e-02 4.615331e-03
 5.865866e-01 -2.012176e-02 -5.997441e-02 4.001815e-03
 5.875876e-01  2.138383e-03 -5.883052e-02 3.465603e-03
 5.885886e-01  2.117798e-02 -5.048725e-02 2.997470e-03
 5.895896e-01  3.501160e-02 -3.692581e-02 2.589327e-03
 5.905906e-01  4.256872e-02 -2.054074e-02 2.234018e-03
 5.915916e-01  4.371121e-02 -3.784938e-03 1.924996e-03
 5.925926e-01  3.914439e-02  1.115559e-02 1.656730e-03
 5.935936e-01  3.021328e-02  2.260879e-02 1.424000e-03
 5.945946e-01  1.865569e-02  2.957139e-02 1.222502e-03
 5.955956e-01  6.318619e-03  3.175278e-02 1.048164e-03
 5.965966e-01 -5.089813e-03  2.952438e-02 8.975951e-04
 5.975976e-01 -1.421397e-02  2.378353e-02 7.676933e-04
 5.985986e-01 -2.017666e-02  1.576913e-02 6.557633e-04
 5.995996e-01 -2.263945e-02  6.850880e-03 5.594795e-04
 6.006006e-01 -2.176986e-02 -1.667875e-03 4.767086e-04
 6.016016e-01 -1.815822e-02 -8.717196e-03 4.057104e-04
 6.026026e-01 -1.267553e-02 -1.357050e-02 3.448275e-04
 6.036036e-01 -6.324651e-03 -1.589776e-02 2.927401e-04
 6.046046e-01 -8.086237e-05 -1.575405e-02 2.481966e-04
 6.056056e-01  5.230491e-03 -1.352102e-02 2.101761e-04
 6.066066e-01  9.031345e-03 -9.807896e-03 1.777600e-04
 6.076076e-01  1.102957e-02 -5.338343e-03 1.501493e-04
 6.086086e-01  1.122439e-02 -8.333434e-04 1.266814e-04
 6.096096e-01  9.859667e-03  3.085824e-03 1.067354e-04
 6.106106e-01  7.360639e-03  5.970947e-03 8.983121e-05
 6.116116e-01  4.243537e-03  7.582342e-03 7.549952e-05
 6.126126e-01  1.035714e-03  7.893705e-03 6.338328e-05
 6.136136e-01 -1.804769e-03  7.062875e-03 5.314139e-05
 6.146146e-01 -3.938199e-03  5.384267e-03 4.449974e-05
 6.156156e-01 -5.178396e-03  3.225481e-03 3.721951e-05
 6.166166e-01 -5.491275e-03  9.660491e-04 3.108735e-05
 6.176176e-01 -4.981512e-03 -1.059841e-03 2.593872e-05
 6.186186e-01 -3.851965e-03 -2.602472e-03 2.161049e-05
 6.196196e-01 -2.364230e-03 -3.520987e-03 1.798693e-05
 6.206206e-01 -7.875919e-04 -3.785314e-03 1.494890e-05
 6.216216e-01  6.365698e-04 -3.464879e-03 1.241061e-05
 6.226226e-01  1.729653e-03 -2.701544e-03 1.029004e-05
 6.236236e-01  2.387671e-03 -1.679138e-03 8.520476e-06
 6.246246e-01  2.588775e-03 -5.885614e-04 7.048159e-06
 6.256256e-01  2.379293e-03  3.998026e-04 5.820876e-06
 6.266266e-01  1.860029e-03  1.159256e-03 4.803583e-06
 6.276276e-01  1.158673e-03  1.616996e-03 3.957198e-06
 6.286286e-01  4.104371e-04  1.757534e-03 3.257385e-06
 6.296296e-01 -2.670724e-04  1.614257e-03 2.677153e-06
 6.306306e-01 -7.847260e-04  1.257777e-03 2.197798e-06
 6.316316e-01 -1.094191e-03  7.778636e-04 1.802325e-06
 6.326326e-01 -1.184755e-03  2.681071e-04 1.475525e-06
 6.336336e-01 -1.082218e-03 -1.901414e-04 1.207349e-06
 6.346346e-01 -8.353088e-04 -5.367107e-04 9.857992e-07
 6.356356e-01 -5.078658e-04 -7.394355e-04 8.046924e-07
 6.366366e-01 -1.631144e-04 -7.930073e-04 6.554668e-07
 6.376376e-01  1.425344e-04 -7.164268e-04 5.335835e-07
 6.386386e-01  3.702763e-04 -5.446479e-04 4.337458e-07
 6.396396e-01  4.985709e-04 -3.216420e-04 3.520265e-07
 6.406406e-01  5.266639e-04 -9.081287e-05 2.856218e-07
 6.416416e-01  4.678836e-04  1.104447e-04 2.311131e-07
 6.426426e-01  3.481891e-04  2.566873e-04 1.871240e-07
 6.436436e-01  1.967924e-04  3.351053e-04 1.510228e-07
 6.446446e-01  4.401915e-05  3.464243e-04 1.219475e-07
 6.456456e-01 -8.665024e-05  3.012124e-04 9.823719e-08
 6.466466e-01 -1.781113e-04  2.175552e-04 7.905390e-08
 6.476476e-01 -2.240851e-04  1.157026e-04 6.360124e-08
 6.486486e-01 -2.252776e-04  1.555108e-05 5.099184e-08
 6.496496e-01 -1.907969e-04 -6.755938e-05 4.096773e-08
 6.506507e-01 -1.323583e-04 -1.233831e-04 3.274211e-08
 6.516517e-01 -6.465366e-05 -1.485342e-04 2.624251e-08
 6.526527e-01  2.814161e-07 -1.446942e-04 2.093648e-08
 6.536537e-01  5.185169e-05 -1.184278e-04 1.671373e-08
 6.546547e-01  8.498305e-05 -7.815910e-05 1.333096e-08
 6.556557e-01  9.730436e-05 -3.346323e-05 1.058793e-08
 6.566567e-01  9.157938e-05  7.732183e-06 8.446570e-09
 6.576577e-01  7.173720e-05  3.913418e-05 6.677710e-09
 6.586587e-01  4.449292e-05  5.779463e-05 5.319839e-09
 6.596597e-01  1.523228e-05  6.297009e-05 4.197255e-09
 6.606607e-01 -1.019287e-05  5.678193e-05 3.328082e-09
 6.616617e-01 -2.893113e-05  4.234230e-05 2.629881e-09
 6.626627e-01 -3.864702e-05  2.398542e-05 2.068892e-09
 6.636637e-01 -4.014993e-05  5.359435e-06 1.640741e-09
 6.646647e-01 -3.432029e-05 -1.012300e-05 1.280357e-09
 6.656657e-01 -2.422786e-05 -2.073337e-05 1.016862e-09
 6.666667e-01 -1.191645e-05 -2.547155e-05 7.908017e-10
 6.676677e-01 -4.895366e-07 -2.498903e-05 6.246912e-10
 6.686687e-01  8.834410e-06 -2.024999e-05 4.881087e-10
 6.696697e-01  1.437292e-05 -1.318470e-05 3.804171e-10
 6.706707e-01  1.651071e-05 -5.284991e-06 3.005347e-10
 6.716717e-01  1.508543e-05  1.697354e-06 2.304511e-10
 6.726727e-01  1.162522e-05  6.964918e-06 1.836559e-10
 6.736737e-01  6.659266e-06  9.765590e-06 1.397126e-10
 6.746747e-01  1.882063e-06  1.035474e-05 1.107627e-10
 6.756757e-01 -2.412077e-06  8.905986e-06 8.513471e-11
 6.766767e-01 -5.084097e-06  6.322565e-06 6.582286e-11
 6.776777e-01 -6.508110e-06  3.106380e-06 5.200510e-11
 6.786787e-01 -6.226885e-06  1.640104e-07 3.880099e-11
 6.796797e-01 -5.144636e-06 -2.242397e-06 3.149563e-11
 6.806807e-01 -3.160939e-06 -3.608914e-06 2.301579e-11
 6.816817e-01 -1.296730e-06 -4.118867e-06 1.864657e-11
 6.826827e-01  6.022741e-07 -3.681090e-06 1.391316e-11
 6.836837e-01  1.731796e-06 -2.778623e-06 1.071986e-11
 6.846847e-01  2.513684e-06 -1.490254e-06 8.539462e-12
 6.856857e-01  2.439807e-06 -3.237635e-07 6.057480e-12
 6.866867e-01  2.160347e-06  7.228737e-07 5.189646e-12
 6.876877e-01  1.336705e-06  1.302878e-06 3.484270e-12
 6.886887e-01  6.765576e-07  1.600255e-06 3.018545e-12
 6.896897e-01 -1.645568e-07  1.445222e-06 2.115745e-12
 6.906907e-01 -5.670166e-07  1.150508e-06 1.645177e-12
 6.916917e-01 -9.776724e-07  6.254206e-07 1.346994e-12
 6.926927e-01 -9.042338e-07  1.970892e-07 8.564829e-13
 6.936937e-01 -8.843785e-07 -2.523172e-07 8.457893e-13
 6.946947e-01 -5.030845e-07 -4.610839e-07 4.656924e-13
 6.956957e-01 -3.192469e-07 -6.188619e-07 4.849086e-13
 6.966967e-01  7.765496e-08 -5.380578e-07 2.955365e-13
 6.976977e-01  1.680418e-07 -4.596052e-07 2.394750e-13
 6.986987e-01  3.985433e-07 -2.304144e-07 2.119275e-13
 6.996997e-01  3.054495e-07 -9.610975e-08 1.025365e-13
 7.007007e-01  3.672514e-07  1.053161e-07 1.459651e-13
 7.017017e-01  1.556998e-07  1.559683e-07 4.856853e-14
 7.027027e-01  1.530755e-07  2.447939e-07 8.335613e-14
 7.037037e-01 -6.287514e-08  1.848364e-07 3.811778e-14
 7.047047e-01 -3.009321e-08  1.834507e-07 3.455977e-14
 7.057057e-01 -1.808668e-07  6.845522e-08 3.739893e-14
 7.067067e-01 -7.934345e-08  4.698139e-08 8.502634e-15
 7.077077e-01 -1.657762e-07 -5.553402e-08 3.056578e-14
 7.087087e-01 -2.190350e-08 -4.461999e-08 2.470707e-15
 7.097097e-01 -8.478150e-08 -1.038667e-07 1.797620e-14
 7.107107e-01  5.793278e-08 -5.214582e-08 6.075393e-15
 7.117117e-01 -1.859381e-08 -7.831395e-08 6.478805e-15
 7.127127e-01  9.801904e-08 -7.952914e-09 9.670980e-15
 7.137137e-01 -3.105972e-09 -2.791021e-08 7.886271e-16
 7.147147e-01  8.932670e-08  3.606512e-08 9.279952e-15
 7.157157e-01 -2.534909e-08  3.599060e-09 6.555296e-16
 7.167167e-01  5.876182e-08  5.098993e-08 6.052925e-15
 7.177177e-01 -5.333230e-08  4.193886e-09 2.861923e-15
 7.187187e-01  3.571338e-08  3.986916e-08 2.864995e-15
 7.197197e-01 -6.551644e-08 -1.241525e-08 4.446542e-15
 7.207207e-01  3.150878e-08  2.161739e-08 1.460115e-15
 7.217217e-01 -6.048415e-08 -2.725332e-08 4.401076e-15
 7.227227e-01  3.988766e-08  1.140448e-08 1.721088e-15
 7.237237e-01 -4.893568e-08 -3.107001e-08 3.360046e-15
 7.247247e-01  4.902964e-08  1.219005e-08 2.552503e-15
 7.257257e-01 -4.110019e-08 -2.618302e-08 2.374777e-15
 7.267267e-01  5.198459e-08  1.821715e-08 3.034263e-15
 7.277277e-01 -4.006431e-08 -1.971034e-08 1.993646e-15
 7.287287e-01  4.916015e-08  2.283106e-08 2.937978e-15
 7.297297e-01 -4.292022e-08 -1.658399e-08 2.117174e-15
 7.307307e-01  4.470241e-08  2.339645e-08 2.545700e-15
 7.317317e-01 -4.547169e-08 -1.719601e-08 2.363377e-15
 7.327327e-01  4.196444e-08  2.125416e-08 2.212754e-15
 7.337337e-01 -4.568733e-08 -1.921203e-08 2.456434e-15
 7.347347e-01  4.157713e-08  1.897619e-08 2.088754e-15
 7.357357e-01 -4.409465e-08 -2.042838e-08 2.361657e-15
 7.367367e-01  4.227424e-08  1.802909e-08 2.112160e-15
 7.377377e-01 -4.222941e-08 -2.022879e-08 2.192527e-15
 7.387387e-01  4.264839e-08  1.827583e-08 2.152891e-15
 7.397397e-01 -4.110282e-08 -1.927017e-08 2.060781e-15
 7.407407e-01  4.219221e-08  1.882096e-08 2.134411e-15
 7.417417e-01 -4.074446e-08 -1.842871e-08 1.999728e-15
 7.427427e-01  4.122813e-08  1.899062e-08 2.060402e-15
 7.437437e-01 -4.064435e-08 -1.808485e-08 1.979025e-15
 7.447447e-01  4.028980e-08  1.869938e-08 1.972935e-15
 7.457457e-01 -4.036626e-08 -1.809134e-08 1.956732e-15
 7.467467e-01  3.964619e-08  1.823007e-08 1.904156e-15
 7.477477e-01 -3.981944e-08 -1.812886e-08 1.914243e-15
 7.487487e-01  3.923806e-08  1.785779e-08 1.858526e-15
 7.497497e-01 -3.915676e-08 -1.801431e-08 1.857767e-15
 7.507508e-01  3.887757e-08  1.765867e-08 1.823294e-15
 7.517518e-01 -3.854823e-08 -1.776492e-08 1.801559e-15
 7.527528e-01  3.844372e-08  1.755152e-08 1.785976e-15
 7.537538e-01 -3.805111e-08 -1.748914e-08 1.753757e-15
 7.547548e-01  3.793650e-08  1.743247e-08 1.743069e-15
 7.557558e-01 -3.762344e-08 -1.726406e-08 1.713571e-15
 7.567568e-01  3.741728e-08  1.726049e-08 1.697977e-15
 7.577578e-01 -3.720246e-08 -1.709523e-08 1.676270e-15
 7.587588e-01  3.693417e-08  1.705612e-08 1.655044e-15
 7.597598e-01 -3.676019e-08 -1.694781e-08 1.638540e-15
 7.607608e-01  3.649348e-08  1.685612e-08 1.615903e-15
 7.617618e-01 -3.630613e-08 -1.679172e-08 1.600097e-15
 7.627628e-01  3.607552e-08  1.667860e-08 1.579619e-15
 7.637638e-01 -3.586146e-08 -1.662117e-08 1.562308e-15
 7.647648e-01  3.566174e-08  1.651898e-08 1.544636e-15
 7.657658e-01 -3.543763e-08 -1.644660e-08 1.526316e-15
 7.667668e-01  3.524742e-08  1.636458e-08 1.510180e-15
 7.677678e-01 -3.503243e-08 -1.627897e-08 1.492276e-15
 7.687688e-01  3.483816e-08  1.620814e-08 1.476401e-15
 7.697698e-01 -3.463840e-08 -1.612117e-08 1.459711e-15
 7.707708e-01  3.444004e-08  1.605019e-08 1.443725e-15
 7.717718e-01 -3.425075e-08 -1.596986e-08 1.428150e-15
 7.727728e-01  3.405480e-08  1.589469e-08 1.412371e-15
 7.737738e-01 -3.386943e-08 -1.582131e-08 1.397452e-15
 7.747748e-01  3.368058e-08  1.574434e-08 1.382266e-15
 7.757758e-01 -3.349640e-08 -1.567403e-08 1.367684e-15
 7.767768e-01  3.331484e-08  1.559904e-08 1.353209e-15
 7.777778e-01 -3.313307e-08 -1.552887e-08 1.338946e-15
 7.787788e-01  3.295666e-08  1.545738e-08 1.325072e-15
 7.797798e-01 -3.277923e-08 -1.538698e-08 1.311237e-15
 7.807808e-01  3.260617e-08  1.531844e-08 1.297817e-15
 7.817818e-01 -3.243382e-08 -1.524879e-08 1.284478e-15
 7.827828e-01  3.226384e-08  1.518193e-08 1.271446e-15
 7.837838e-01 -3.209624e-08 -1.511402e-08 1.258602e-15
 7.847848e-01  3.192976e-08  1.504822e-08 1.245958e-15
 7.857858e-01 -3.176609e-08 -1.498221e-08 1.233551e-15
 7.867868e-01  3.160360e-08  1.491760e-08 1.221322e-15
 7.877878e-01 -3.144346e-08 -1.485303e-08 1.209304e-15
 7.887888e-01  3.128483e-08  1.478986e-08 1.197480e-15
 7.897898e-01 -3.112834e-08 -1.472666e-08 1.185848e-15
 7.907908e-01  3.097322e-08  1.466489e-08 1.174399e-15
 7.917918e-01 -3.082047e-08 -1.460306e-08 1.163151e-15
 7.927928e-01  3.066867e-08  1.454251e-08 1.152052e-15
 7.937938e-01 -3.051955e-08 -1.448229e-08 1.141180e-15
 7.947948e-01  3.037109e-08  1.442267e-08 1.130416e-15
 7.957958e-01 -3.022533e-08 -1.436419e-08 1.119901e-15
 7.967968e-01  3.008036e-08  1.430535e-08 1.109471e-15
 7.977978e-01 -2.993766e-08 -1.424863e-08 1.099287e-15
 7.987988e-01  2.979629e-08  1.419063e-08 1.089193e-15
 7.997998e-01 -2.965631e-08 -1.413545e-08 1.079308e-15
 8.008008e-01  2.951857e-08  1.407858e-08 1.069553e-15
 8.018018e-01 -2.938126e-08 -1.402447e-08 1.059944e-15
 8.028028e-01  2.924706e-08  1.396909e-08 1.050526e-15
 8.038038e-01 -2.911244e-08 -1.391573e-08 1.041181e-15
 8.048048e-01  2.898150e-08  1.386202e-08 1.032083e-15
 8.058058e-01 -2.884965e-08 -1.380922e-08 1.022997e-15
 8.068068e-01  2.872171e-08  1.375735e-08 1.014201e-15
 8.078078e-01 -2.859291e-08 -1.370498e-08 1.005381e-15
 8.088088e-01  2.846746e-08  1.365487e-08 9.968519e-16
 8.098098e-01 -2.834200e-08 -1.360308e-08 9.883127e-16
 8.108108e-01  2.821870e-08  1.355450e-08 9.800194e-16
 8.118118e-01 -2.809667e-08 -1.350351e-08 9.717679e-16
 8.128128e-01  2.797537e-08  1.345607e-08 9.636871e-16
 8.138138e-01 -2.785679e-08 -1.340626e-08 9.557287e-16
 8.148148e-01  2.773741e-08  1.335951e-08 9.478403e-16
 8.158158e-01 -2.762207e-08 -1.331128e-08 9.401691e-16
 8.168168e-01  2.750481e-08  1.326488e-08 9.324714e-16
 8.178178e-01 -2.739226e-08 -1.321849e-08 9.250645e-16
 8.188188e-01  2.727751e-08  1.317216e-08 9.175682e-16
 8.198198e-01 -2.716724e-08 -1.312769e-08 9.103950e-16
 8.208208e-01  2.705547e-08  1.308143e-08 9.031221e-16
 8.218218e-01 -2.694692e-08 -1.303878e-08 8.961466e-16
 8.228228e-01  2.683843e-08  1.299285e-08 8.891153e-16
 8.238238e-01 -2.673127e-08 -1.295151e-08 8.823024e-16
 8.248248e-01  2.662622e-08  1.290640e-08 8.755307e-16
 8.258258e-01 -2.652031e-08 -1.286576e-08 8.688547e-16
 8.268268e-01  2.641852e-08  1.282221e-08 8.623470e-16
 8.278278e-01 -2.631411e-08 -1.278163e-08 8.558025e-16
 8.288288e-01  2.621508e-08  1.274002e-08 8.495386e-16
 8.298298e-01 -2.611260e-08 -1.269913e-08 8.431361e-16
 8.308308e-01  2.601577e-08  1.265966e-08 8.370875e-16
 8.318318e-01 -2.591576e-08 -1.261847e-08 8.308526e-16
 8.328328e-01  2.582054e-08  1.258095e-08 8.249809e-16
 8.338338e-01 -2.572351e-08 -1.253972e-08 8.189433e-16
 8.348348e-01  2.562918e-08  1.250369e-08 8.131973e-16
 8.358358e-01 -2.553561e-08 -1.246299e-08 8.073933e-16
 8.368368e-01  2.544193e-08  1.242778e-08 8.017414e-16
 8.378378e-01 -2.535173e-08 -1.238827e-08 7.961793e-16
 8.388388e-01  2.525889e-08  1.235311e-08 7.906109e-16
 8.398398e-01 -2.517161e-08 -1.231547e-08 7.852806e-16
 8.408408e-01  2.508009e-08  1.227984e-08 7.798057e-16
 8.418418e-01 -2.499507e-08 -1.224443e-08 7.746795e-16
 8.428428e-01  2.490560e-08  1.220814e-08 7.693277e-16
 8.438438e-01 -2.482192e-08 -1.217493e-08 7.643565e-16
 8.448448e-01  2.473523e-08  1.213817e-08 7.591668e-16
 8.458458e-01 -2.465223e-08 -1.210666e-08 7.543035e-16
 8.468468e-01  2.456879e-08  1.207007e-08 7.493123e-16
 8.478478e-01 -2.448603e-08 -1.203959e-08 7.445176e-16
 8.488488e-01  2.440599e-08  1.200387e-08 7.397454e-16
 8.498498e-01 -2.432360e-08 -1.197350e-08 7.350020e-16
 8.508509e-01  2.424653e-08  1.193955e-08 7.304471e-16
 8.518519e-01 -2.416502e-08 -1.190866e-08 7.257644e-16
 8.528529e-01  2.409013e-08  1.187684e-08 7.213939e-16
 8.538539e-01 -2.401031e-08 -1.184508e-08 7.168008e-16
 8.548549e-01  2.393677e-08  1.181557e-08 7.125765e-16
 8.558559e-01 -2.385937e-08 -1.178314e-08 7.081120e-16
 8.568569e-01  2.378645e-08  1.175548e-08 7.039866e-16
 8.578579e-01 -2.371203e-08 -1.172291e-08 6.996870e-16
 8.588589e-01  2.363911e-08  1.169634e-08 6.956121e-16
 8.598599e-01 -2.356796e-08 -1.166440e-08 6.915071e-16
 8.608609e-01  2.349512e-08  1.163811e-08 6.874664e-16
 8.618619e-01 -2.342693e-08 -1.160769e-08 6.835596e-16
 8.628629e-01  2.335460e-08  1.158090e-08 6.795548e-16
 8.638639e-01 -2.328857e-08 -1.155252e-08 6.758181e-16
 8.648649e-01  2.321756e-08  1.152497e-08 6.718802e-16
 8.658659e-01 -2.315289e-08 -1.149861e-08 6.682742e-16
 8.668669e-01  2.308402e-08  1.147035e-08 6.644409e-16
 8.678679e-01 -2.301982e-08 -1.144581e-08 6.609187e-16
 8.688689e-01  2.295375e-08  1.141731e-08 6.572294e-16
 8.698699e-01 -2.288961e-08 -1.139390e-08 6.537552e-16
 8.708709e-01  2.282641e-08  1.136590e-08 6.502289e-16
 8.718719e-01 -2.276233e-08 -1.134290e-08 6.467848e-16
 8.728729e-01  2.270177e-08  1.131600e-08 6.434222e-16
 8.738739e-01 -2.263817e-08 -1.129282e-08 6.400148e-16
 8.748749e-01  2.257965e-08  1.126759e-08 6.367992e-16
 8.758759e-01 -2.251716e-08 -1.124387e-08 6.334471e-16
 8.768769e-01  2.245993e-08  1.122036e-08 6.303450e-16
 8.778779e-01 -2.239924e-08 -1.119612e-08 6.270792e-16
 8.788789e-01  2.234263e-08  1.117422e-08 6.240564e-16
 8.798799e-01 -2.228418e-08 -1.114972e-08 6.209010e-16
 8.808809e-01  2.222794e-08  1.112889e-08 6.179335e-16
 8.818819e-01 -2.217178e-08 -1.110477e-08 6.149036e-16
 8.828829e-01  2.211591e-08  1.108453e-08 6.119803e-16
 8.838839e-01 -2.206197e-08 -1.106117e-08 6.090798e-16
 8.848849e-01  2.200660e-08  1.104104e-08 6.061951e-16
 8.858859e-01 -2.195447e-08 -1.101895e-08 6.034159e-16
 8.868869e-01  2.190006e-08  1.099855e-08 6.005807e-16
 8.878879e-01 -2.184932e-08 -1.097775e-08 5.979040e-16
 8.888889e-01  2.179626e-08  1.095725e-08 5.951384e-16
 8.898899e-01 -2.174648e-08 -1.093768e-08 5.925422e-16
 8.908909e-01  2.169498e-08  1.091706e-08 5.898542e-16
 8.918919e-01 -2.164597e-08 -1.089849e-08 5.873250e-16
 8.928929e-01  2.159624e-08  1.087813e-08 5.847312e-16
 8.938939e-01 -2.154785e-08 -1.086020e-08 5.822536e-16
 8.948949e-01  2.149986e-08  1.084039e-08 5.797583e-16
 8.958959e-01 -2.145212e-08 -1.082290e-08 5.773286e-16
 8.968969e-01  2.140573e-08  1.080377e-08 5.749267e-16
 8.978979e-01 -2.135884e-08 -1.078651e-08 5.725490e-16
 8.988989e-01  2.131387e-08  1.076823e-08 5.702357e-16
 8.998999e-01 -2.126786e-08 -1.075115e-08 5.679094e-16
 9.009009e-01  2.122420e-08  1.073369e-08 5.656786e-16
 9.019019e-01 -2.117928e-08 -1.071676e-08 5.634109e-16
 9.029029e-01  2.113668e-08  1.070022e-08 5.612539e-16
 9.039039e-01 -2.109302e-08 -1.068340e-08 5.590506e-16
 9.049049e-01  2.105132e-08  1.066766e-08 5.569569e-16
 9.059059e-01 -2.100900e-08 -1.065105e-08 5.548230e-16
 9.069069e-01  2.096812e-08  1.063606e-08 5.527881e-16
 9.079079e-01 -2.092712e-08 -1.061980e-08 5.507247e-16
 9.089089e-01  2.088702e-08  1.060538e-08 5.487417e-16
 9.099099e-01 -2.084745e-08 -1.058957e-08 5.467552e-16
 9.109109e-01  2.080800e-08  1.057549e-08 5.448140e-16
 9.119119e-01 -2.076991e-08 -1.056037e-08 5.429105e-16
 9.129129e-01  2.073110e-08  1.054653e-08 5.410079e-16
 9.139139e-01 -2.069437e-08 -1.053219e-08 5.391840e-16
 9.149149e-01  2.065642e-08  1.051839e-08 5.373244e-16
 9.159159e-01 -2.062075e-08 -1.050501e-08 5.355707e-16
 9.169169e-01  2.058382e-08  1.049131e-08 5.337613e-16
 9.179179e-01 -2.054906e-08 -1.047868e-08 5.320665e-16
 9.189189e-01  2.051341e-08  1.046511e-08 5.303184e-16
 9.199199e-01 -2.047925e-08 -1.045321e-08 5.286691e-16
 9.209209e-01  2.044504e-08  1.043993e-08 5.269917e-16
 9.219219e-01 -2.041133e-08 -1.042852e-08 5.253763e-16
 9.229229e-01  2.037860e-08  1.041580e-08 5.237761e-16
 9.239239e-01 -2.034544e-08 -1.040465e-08 5.221938e-16
 9.249249e-01  2.031412e-08  1.039269e-08 5.206713e-16
 9.259259e-01 -2.028161e-08 -1.038157e-08 5.191205e-16
 9.269269e-01  2.025134e-08  1.037050e-08 5.176641e-16
 9.279279e-01 -2.021980e-08 -1.035937e-08 5.161568e-16
 9.289289e-01  2.019035e-08  1.034916e-08 5.147552e-16
 9.299299e-01 -2.016006e-08 -1.033811e-08 5.133043e-16
 9.309309e-01  2.013102e-08  1.032857e-08 5.119375e-16
 9.319319e-01 -2.010219e-08 -1.031785e-08 5.105561e-16
 9.329329e-01  2.007358e-08  1.030883e-08 5.092206e-16
 9.339339e-01 -2.004616e-08 -1.029860e-08 5.079100e-16
 9.349349e-01  2.001809e-08  1.028972e-08 5.066022e-16
 9.359359e-01 -1.999191e-08 -1.028025e-08 5.053602e-16
 9.369369e-01  1.996446e-08  1.027145e-08 5.040821e-16
 9.379379e-01 -1.993925e-08 -1.026283e-08 5.028992e-16
 9.389389e-01  1.991287e-08  1.025404e-08 5.016678e-16
 9.399399e-01 -1.988822e-08 -1.024622e-08 5.005261e-16
 9.409409e-01  1.986313e-08  1.023752e-08 4.993508e-16
 9.419419e-01 -1.983893e-08 -1.023034e-08 4.982430e-16
 9.429429e-01  1.981522e-08  1.022199e-08 4.971322e-16
 9.439439e-01 -1.979135e-08 -1.021518e-08 4.960472e-16
 9.449449e-01  1.976899e-08  1.020742e-08 4.950044e-16
 9.459459e-01 -1.974565e-08 -1.020075e-08 4.939458e-16
 9.469469e-01  1.972433e-08  1.019376e-08 4.929618e-16
 9.479479e-01 -1.970185e-08 -1.018709e-08 4.919395e-16
 9.489489e-01  1.968127e-08  1.018091e-08 4.910031e-16
 9.499499e-01 -1.965987e-08 -1.017428e-08 4.900266e-16
 9.509510e-01  1.963972e-08  1.016885e-08 4.891238e-16
 9.519520e-01 -1.961968e-08 -1.016239e-08 4.882060e-16
 9.529530e-01  1.959979e-08  1.015744e-08 4.873253e-16
 9.539540e-01 -1.958117e-08 -1.015145e-08 4.864740e-16
 9.549550e-01  1.956162e-08  1.014675e-08 4.856133e-16
 9.559560e-01 -1.954424e-08 -1.014151e-08 4.848274e-16
 9.569570e-01  1.952534e-08  1.013674e-08 4.839923e-16
 9.579580e-01 -1.950877e-08 -1.013234e-08 4.832565e-16
 9.589590e-01  1.949082e-08  1.012753e-08 4.824587e-16
 9.599600e-01 -1.947474e-08 -1.012408e-08 4.817626e-16
 9.609610e-01  1.945810e-08  1.011921e-08 4.810160e-16
 9.619620e-01 -1.944218e-08 -1.011644e-08 4.803408e-16
 9.629630e-01  1.942718e-08  1.011191e-08 4.796659e-16
 9.639640e-01 -1.941127e-08 -1.010936e-08 4.789967e-16
 9.649650e-01  1.939774e-08  1.010547e-08 4.783929e-16
 9.659660e-01 -1.938213e-08 -1.010297e-08 4.777369e-16
 9.669670e-01  1.936972e-08  1.010007e-08 4.771974e-16
 9.679680e-01 -1.935477e-08 -1.009727e-08 4.765618e-16
 9.689690e-01  1.934309e-08  1.009546e-08 4.760735e-16
 9.699700e-01 -1.932930e-08 -1.009239e-08 4.754783e-16
 9.709710e-01  1.931777e-08  1.009163e-08 4.750173e-16
 9.719720e-01 -1.930557e-08 -1.008838e-08 4.744804e-16
 9.729730e-01  1.929389e-08  1.008837e-08 4.740294e-16
 9.739740e-01 -1.928349e-08 -1.008543e-08 4.735690e-16
 9.749750e-01  1.927161e-08  1.008569e-08 4.731160e-16
 9.759760e-01 -1.926293e-08 -1.008351e-08 4.727378e-16
 9.769770e-01  1.925105e-08  1.008355e-08 4.722809e-16
 9.779780e-01 -1.924369e-08 -1.008258e-08 4.719780e-16
 9.789790e-01  1.923236e-08  1.008204e-08 4.715312e-16
 9.799800e-01 -1.922566e-08 -1.008253e-08 4.712835e-16
 9.809810e-01  1.921557e-08  1.008139e-08 4.708724e-16
 9.819820e-01 -1.920884e-08 -1.008314e-08 4.706492e-16
 9.829830e-01  1.920058e-08  1.008165e-08 4.703020e-16
 9.839840e-01 -1.919345e-08 -1.008437e-08 4.700829e-16
 9.849850e-01  1.918723e-08  1.008297e-08 4.698158e-16
 9.859860e-01 -1.917955e-08 -1.008604e-08 4.695834e-16
 9.869870e-01  1.917534e-08  1.008544e-08 4.694098e-16
 9.879880e-01 -1.916741e-08 -1.008817e-08 4.691606e-16
 9.889890e-01  1.916470e-08  1.008897e-08 4.690730e-16
 9.899900e-01 -1.915708e-08 -1.009089e-08 4.688197e-16
 9.909910e-01  1.915517e-08  1.009341e-08 4.687974e-16
 9.919920e-01 -1.914873e-08 -1.009450e-08 4.685727e-16
 9.929930e-01  1.914684e-08  1.009859e-08 4.685830e-16
 9.939940e-01 -1.914221e-08 -1.009900e-08 4.684140e-16
 9.949950e-01  1.913978e-08  1.010426e-08 4.684271e-16
 9.959960e-01 -1.913738e-08 -1.010461e-08 4.683426e-16
 9.969970e-01  1.913415e-08  1.011037e-08 4.683352e-16
 9.979980e-01 -1.913404e-08 -1.011140e-08 4.683520e-16
 9.989990e-01  1.913028e-08  1.011689e-08 4.683189e-16
 1.000000e+00 -1.913195e-08 -1.011936e-08 4.684331e-16
