# x psi_r psi_i psi2 
 0.000000e+00  1.006823e+00  2.727616e-02 1.014437e+00
 1.001001e-03  1.023481e+00  1.377108e-01 1.066478e+00
 2.002002e-03  9.925497e-01  2.543422e-01 1.049845e+00
 3.003003e-03  9.183561e-01  3.726817e-01 9.822696e-01
 4.004004e-03  8.072087e-01  4.876280e-01 8.893669e-01
 5.005005e-03  6.669962e-01  5.936624e-01 7.973189e-01
 6.006006e-03  5.067146e-01  6.850907e-01 7.261089e-01
 7.007007e-03  3.359458e-01  7.563248e-01 6.848868e-01
 8.008008e-03  1.643185e-01  8.021899e-01 6.705092e-01
 9.009009e-03  9.820059e-04  8.182424e-01 6.695216e-01
 1.001001e-02 -1.458796e-01  8.010812e-01 6.630119e-01
 1.101101e-02 -2.694639e-01  7.486316e-01 6.330601e-01
 1.201201e-02 -3.646771e-01  6.603827e-01 5.690947e-01
 1.301301e-02 -4.283524e-01  5.375590e-01 4.724555e-01
 1.401401e-02 -4.593510e-01  3.832097e-01 3.578530e-01
 1.501502e-02 -4.585405e-01  2.022025e-01 2.511453e-01
 1.601602e-02 -4.286562e-01  1.113658e-03 1.837474e-01
 1.701702e-02 -3.740538e-01 -2.119875e-01 1.848550e-01
 1.801802e-02 -3.003732e-01 -4.278561e-01 2.732850e-01
 1.901902e-02 -2.141334e-01 -6.364795e-01 4.509592e-01
 2.002002e-02 -1.222860e-01 -8.275582e-01 6.998064e-01
 2.102102e-02 -3.175657e-02 -9.910372e-01 9.831633e-01
 2.202202e-02  5.099982e-02 -1.117658e+00 1.251760e+00
 2.302302e-02  1.203980e-01 -1.199499e+00 1.453294e+00
 2.402402e-02  1.720554e-01 -1.230479e+00 1.543681e+00
 2.502503e-02  2.030363e-01 -1.206776e+00 1.497532e+00
 2.602603e-02  2.119959e-01 -1.127151e+00 1.315412e+00
 2.702703e-02  1.992145e-01 -9.931376e-01 1.026009e+00
 2.802803e-02  1.665244e-01 -8.090857e-01 6.823500e-01
 2.902903e-02  1.171361e-01 -5.820504e-01 3.525035e-01
 3.003003e-02  5.537594e-02 -3.215236e-01 1.064440e-01
 3.103103e-02 -1.364258e-02 -3.901882e-02 1.708588e-03
 3.203203e-02 -8.439281e-02  2.524728e-01 7.086464e-02
 3.303303e-02 -1.513268e-01  5.391264e-01 3.135571e-01
 3.403403e-02 -2.092588e-01  8.069950e-01 6.950302e-01
 3.503504e-02 -2.537140e-01  1.042747e+00 1.151693e+00
 3.603604e-02 -2.812212e-01  1.234390e+00 1.602804e+00
 3.703704e-02 -2.895287e-01  1.371934e+00 1.966028e+00
 3.803804e-02 -2.777327e-01  1.447957e+00 2.173715e+00
 3.903904e-02 -2.463109e-01  1.458044e+00 2.186561e+00
 4.004004e-02 -1.970609e-01  1.401055e+00 2.001789e+00
 4.104104e-02 -1.329521e-01  1.279227e+00 1.654098e+00
 4.204204e-02 -5.790194e-02  1.098077e+00 1.209126e+00
 4.304304e-02  2.350426e-02  8.661362e-01 7.507443e-01
 4.404404e-02  1.063296e-01  5.945066e-01 3.647441e-01
 4.504505e-02  1.856144e-01  2.962795e-01 1.222343e-01
 4.604605e-02  2.566941e-01 -1.415784e-02 6.609233e-02
 4.704705e-02  3.154855e-01 -3.218841e-01 2.031405e-01
 4.804805e-02  3.587212e-01 -6.122323e-01 5.035093e-01
 4.904905e-02  3.841199e-01 -8.715582e-01 9.071619e-01
 5.005005e-02  3.904821e-01 -1.087946e+00 1.336103e+00
 5.105105e-02  3.777092e-01 -1.251810e+00 1.709693e+00
 5.205205e-02  3.467486e-01 -1.356361e+00 1.959951e+00
 5.305305e-02  2.994729e-01 -1.397912e+00 2.043842e+00
 5.405405e-02  2.385064e-01 -1.376005e+00 1.950275e+00
 5.505506e-02  1.670145e-01 -1.293365e+00 1.700686e+00
 5.605606e-02  8.847548e-02 -1.155673e+00 1.343408e+00
 5.705706e-02  6.451836e-03 -9.711893e-01 9.432502e-01
 5.805806e-02 -7.561998e-02 -7.502416e-01 5.685808e-01
 5.905906e-02 -1.546074e-01 -5.046167e-01 2.785414e-01
 6.006006e-02 -2.278152e-01 -2.468904e-01 1.128546e-01
 6.106106e-02 -2.930680e-01  1.026265e-02 8.599415e-02
 6.206206e-02 -3.487396e-01  2.547415e-01 1.865125e-01
 6.306306e-02 -3.937332e-01  4.756342e-01 3.812537e-01
 6.406406e-02 -4.274181e-01  6.637441e-01 6.232425e-01
 6.506507e-02 -4.495365e-01  8.120006e-01 8.614280e-01
 6.606607e-02 -4.600910e-01  9.157348e-01 1.050254e+00
 6.706707e-02 -4.592311e-01  9.728109e-01 1.157254e+00
 6.806807e-02 -4.471502e-01  9.836109e-01 1.167434e+00
 6.906907e-02 -4.240077e-01  9.508802e-01 1.083956e+00
 7.007007e-02 -3.898860e-01  8.794498e-01 9.254431e-01
 7.107107e-02 -3.447880e-01  7.758549e-01 7.208296e-01
 7.207207e-02 -2.886775e-01  6.478776e-01 5.030801e-01
 7.307307e-02 -2.215585e-01  5.040434e-01 3.031480e-01
 7.407407e-02 -1.435870e-01  3.531019e-01 1.452982e-01
 7.507508e-02 -5.520252e-02  2.035221e-01 4.446858e-02
 7.607608e-02  4.273364e-02  6.303168e-02 5.799156e-03
 7.707708e-02  1.488110e-01 -6.177773e-02 2.596121e-02
 7.807808e-02  2.609685e-01 -1.657573e-01 9.558007e-02
 7.907908e-02  3.764347e-01 -2.454088e-01 2.019286e-01
 8.008008e-02  4.917215e-01 -2.989848e-01 3.311819e-01
 8.108108e-02  6.026809e-01 -3.264817e-01 4.698146e-01
 8.208208e-02  7.046273e-01 -3.295310e-01 6.050902e-01
 8.308308e-02  7.925237e-01 -3.111994e-01 7.249389e-01
 8.408408e-02  8.612258e-01 -2.757150e-01 8.177287e-01
 8.508509e-02  9.057693e-01 -2.281370e-01 8.724645e-01
 8.608609e-02  9.216852e-01 -1.739920e-01 8.797769e-01
 8.708709e-02  9.053225e-01 -1.188985e-01 8.337457e-01
 8.808809e-02  8.541543e-01 -6.820239e-02 7.342311e-01
 8.908909e-02  7.670465e-01 -2.664323e-02 5.890702e-01
 9.009009e-02  6.444672e-01  1.929891e-03 4.153417e-01
 9.109109e-02  4.886169e-01  1.477928e-02 2.389649e-01
 9.209209e-02  3.034675e-01  1.042540e-02 9.220120e-02
 9.309309e-02  9.469933e-02 -1.128609e-02 9.095339e-03
 9.409409e-02 -1.304645e-01 -4.919828e-02 1.944146e-02
 9.509510e-02 -3.635235e-01 -1.009348e-01 1.423372e-01
 9.609610e-02 -5.950534e-01 -1.630617e-01 3.806777e-01
 9.709710e-02 -8.151313e-01 -2.313093e-01 7.179431e-01
 9.809810e-02 -1.013811e+00 -3.008387e-01 1.118317e+00
 9.909910e-02 -1.181622e+00 -3.665385e-01 1.530581e+00
 1.001001e-01 -1.310067e+00 -4.233344e-01 1.895488e+00
 1.011011e-01 -1.392084e+00 -4.664927e-01 2.155515e+00
 1.021021e-01 -1.422456e+00 -4.919046e-01 2.265351e+00
 1.031031e-01 -1.398129e+00 -4.963320e-01 2.201111e+00
 1.041041e-01 -1.318439e+00 -4.776058e-01 1.966389e+00
 1.051051e-01 -1.185212e+00 -4.347644e-01 1.593747e+00
 1.061061e-01 -1.002745e+00 -3.681259e-01 1.141015e+00
 1.071071e-01 -7.776642e-01 -2.792926e-01 6.827660e-01
 1.081081e-01 -5.186535e-01 -1.710861e-01 2.982719e-01
 1.091091e-01 -2.360879e-01 -4.741842e-02 5.798600e-02
 1.101101e-01  5.843037e-02  8.689324e-02 1.096454e-02
 1.111111e-01  3.525990e-01  2.263593e-01 1.755646e-01
 1.121121e-01  6.339834e-01  3.650841e-01 5.352214e-01
 1.131131e-01  8.905964e-01  4.970526e-01 1.040223e+00
 1.141141e-01  1.111460e+00  6.164217e-01 1.615320e+00
 1.151151e-01  1.287125e+00  7.178026e-01 2.171932e+00
 1.161161e-01  1.410115e+00  7.965184e-01 2.622866e+00
 1.171171e-01  1.475283e+00  8.488242e-01 2.896962e+00
 1.181181e-01  1.480057e+00  8.720810e-01 2.951094e+00
 1.191191e-01  1.424563e+00  8.648725e-01 2.777385e+00
 1.201201e-01  1.311624e+00  8.270622e-01 2.404389e+00
 1.211211e-01  1.146626e+00  7.597878e-01 1.892028e+00
 1.221221e-01  9.372694e-01  6.653951e-01 1.321225e+00
 1.231231e-01  6.932108e-01  5.473165e-01 7.800965e-01
 1.241241e-01  4.256075e-01  4.099008e-01 3.491604e-01
 1.251251e-01  1.465970e-01  2.582063e-01 8.816118e-02
 1.261261e-01 -1.312720e-01  9.776639e-02 2.679061e-02
 1.271271e-01 -3.956284e-01 -6.565665e-02 1.608326e-01
 1.281281e-01 -6.348583e-01 -2.263188e-01 4.542652e-01
 1.291291e-01 -8.386495e-01 -3.787284e-01 8.467683e-01
 1.301301e-01 -9.984747e-01 -5.178569e-01 1.265128e+00
 1.311311e-01 -1.107989e+00 -6.393160e-01 1.636364e+00
 1.321321e-01 -1.163322e+00 -7.394949e-01 1.900171e+00
 1.331331e-01 -1.163254e+00 -8.156538e-01 2.018451e+00
 1.341341e-01 -1.109258e+00 -8.659709e-01 1.980359e+00
 1.351351e-01 -1.005414e+00 -8.895468e-01 1.802150e+00
 1.361361e-01 -8.581900e-01 -8.863685e-01 1.522139e+00
 1.371371e-01 -6.761073e-01 -8.572409e-01 1.191983e+00
 1.381381e-01 -4.692965e-01 -8.036922e-01 8.661603e-01
 1.391391e-01 -2.489736e-01 -7.278640e-01 5.917739e-01
 1.401401e-01 -2.685710e-02 -6.323931e-01 4.006423e-01
 1.411411e-01  1.854439e-01 -5.202942e-01 3.050955e-01
 1.421421e-01  3.770373e-01 -3.948514e-01 2.980648e-01
 1.431431e-01  5.383216e-01 -2.595217e-01 3.571416e-01
 1.441441e-01  6.614921e-01 -1.178558e-01 4.514618e-01
 1.451451e-01  7.409538e-01  2.656408e-02 5.497182e-01
 1.461461e-01  7.736151e-01  1.701711e-01 6.274385e-01
 1.471471e-01  7.590457e-01  3.094477e-01 6.719083e-01
 1.481481e-01  6.994878e-01  4.409531e-01 6.837229e-01
 1.491491e-01  5.997174e-01  5.613486e-01 6.747732e-01
 1.501502e-01  4.667616e-01  6.674281e-01 6.633266e-01
 1.511512e-01  3.094864e-01  7.561595e-01 6.675590e-01
 1.521522e-01  1.380766e-01  8.247400e-01 6.992611e-01
 1.531532e-01 -3.656383e-02  8.706694e-01 7.594021e-01
 1.541542e-01 -2.034556e-01  8.918404e-01 8.367734e-01
 1.551552e-01 -3.521963e-01  8.866437e-01 9.101793e-01
 1.561562e-01 -4.735809e-01  8.540831e-01 9.537368e-01
 1.571572e-01 -5.601540e-01  7.938918e-01 9.440367e-01
 1.581582e-01 -6.066592e-01  7.066420e-01 8.673784e-01
 1.591592e-01 -6.103575e-01  5.938357e-01 7.251771e-01
 1.601602e-01 -5.711937e-01  4.579655e-01 5.359946e-01
 1.611612e-01 -4.918001e-01  3.025361e-01 3.333955e-01
 1.621622e-01 -3.773342e-01  1.320364e-01 1.598147e-01
 1.631632e-01 -2.351604e-01 -4.814490e-02 5.761835e-02
 1.641642e-01 -7.439448e-02 -2.318607e-01 5.929395e-02
 1.651652e-01  9.466301e-02 -4.124061e-01 1.790399e-01
 1.661662e-01  2.611681e-01 -5.827706e-01 4.078303e-01
 1.671672e-01  4.144100e-01 -7.359335e-01 7.133338e-01
 1.681682e-01  5.444812e-01 -8.651898e-01 1.045013e+00
 1.691692e-01  6.428968e-01 -9.644875e-01 1.343552e+00
 1.701702e-01  7.031262e-01 -1.028760e+00 1.552733e+00
 1.711712e-01  7.210003e-01 -1.054230e+00 1.631242e+00
 1.721722e-01  6.949715e-01 -1.038670e+00 1.561820e+00
 1.731732e-01  6.262064e-01 -9.815911e-01 1.355656e+00
 1.741742e-01  5.185092e-01 -8.843585e-01 1.050942e+00
 1.751752e-01  3.780778e-01 -7.502059e-01 7.057516e-01
 1.761762e-01  2.131118e-01 -5.841559e-01 3.866547e-01
 1.771772e-01  3.329594e-02 -3.928379e-01 1.554302e-01
 1.781782e-01 -1.508055e-01 -1.842121e-01 5.667639e-02
 1.791792e-01 -3.284051e-01  3.278960e-02 1.089251e-01
 1.801802e-01 -4.891560e-01  2.486879e-01 3.011192e-01
 1.811812e-01 -6.237809e-01  4.539238e-01 5.951495e-01
 1.821822e-01 -7.246266e-01  6.393445e-01 9.338451e-01
 1.831832e-01 -7.861090e-01  7.966787e-01 1.252664e+00
 1.841842e-01 -8.050224e-01  9.189746e-01 1.492575e+00
 1.851852e-01 -7.806956e-01  1.000974e+00 1.611434e+00
 1.861862e-01 -7.149871e-01  1.039398e+00 1.591554e+00
 1.871872e-01 -6.121240e-01  1.033128e+00 1.442049e+00
 1.881882e-01 -4.783966e-01  9.832672e-01 1.195678e+00
 1.891892e-01 -3.217340e-01  8.930800e-01 9.011046e-01
 1.901902e-01 -1.511890e-01  7.678061e-01 6.123843e-01
 1.911912e-01  2.363222e-02  6.143654e-01 3.780034e-01
 1.921922e-01  1.931567e-01  4.409654e-01 2.317600e-01
 1.931932e-01  3.484107e-01  2.566350e-01 1.872516e-01
 1.941942e-01  4.815299e-01  7.071253e-02 2.368713e-01
 1.951952e-01  5.861825e-01 -1.076816e-01 3.552052e-01
 1.961962e-01  6.578827e-01 -2.701567e-01 5.057943e-01
 1.971972e-01  6.941786e-01 -4.095156e-01 6.495869e-01
 1.981982e-01  6.947077e-01 -5.201433e-01 7.531679e-01
 1.991992e-01  6.611225e-01 -5.982966e-01 7.950418e-01
 2.002002e-01  5.968970e-01 -6.422760e-01 7.688045e-01
 2.012012e-01  5.070317e-01 -6.524703e-01 6.827986e-01
 2.022022e-01  3.976811e-01 -6.312716e-01 5.566541e-01
 2.032032e-01  2.757307e-01 -5.828659e-01 4.157601e-01
 2.042042e-01  1.483543e-01 -5.129126e-01 2.850883e-01
 2.052052e-01  2.257778e-02 -4.281351e-01 1.838094e-01
 2.062062e-01 -9.512037e-02 -3.358472e-01 1.218412e-01
 2.072072e-01 -1.991517e-01 -2.434475e-01 9.892808e-02
 2.082082e-01 -2.850844e-01 -1.579129e-01 1.062096e-01
 2.092092e-01 -3.498226e-01 -8.532638e-02 1.296564e-01
 2.102102e-01 -3.916930e-01 -3.046756e-02 1.543517e-01
 2.112112e-01 -4.104408e-01  3.505824e-03 1.684739e-01
 2.122122e-01 -4.071399e-01  1.526477e-02 1.659959e-01
 2.132132e-01 -3.840315e-01  5.390570e-03 1.475092e-01
 2.142142e-01 -3.443046e-01 -2.367480e-02 1.191062e-01
 2.152152e-01 -2.918379e-01 -6.780654e-02 8.976709e-02
 2.162162e-01 -2.309201e-01 -1.214921e-01 6.808440e-02
 2.172172e-01 -1.659692e-01 -1.782246e-01 5.930977e-02
 2.182182e-01 -1.012664e-01 -2.309692e-01 6.360164e-02
 2.192192e-01 -4.071924e-02 -2.726725e-01 7.600835e-02
 2.202202e-01  1.233441e-02 -2.967815e-01 8.823142e-02
 2.212212e-01  5.527400e-02 -2.977385e-01 9.170342e-02
 2.222222e-01  8.629172e-02 -2.714186e-01 8.111432e-02
 2.232232e-01  1.044350e-01 -2.154820e-01 5.733917e-02
 2.242242e-01  1.095991e-01 -1.296156e-01 2.881216e-02
 2.252252e-01  1.024746e-01 -1.564766e-02 1.074590e-02
 2.262262e-01  8.445773e-02  1.224735e-01 2.213288e-02
 2.272272e-01  5.753029e-02  2.788383e-01 8.106051e-02
 2.282282e-01  2.412011e-02  4.458628e-01 1.993754e-01
 2.292292e-01 -1.305111e-02  6.146901e-01 3.780142e-01
 2.302302e-01 -5.112322e-02  7.756808e-01 6.042943e-01
 2.312312e-01 -8.724972e-02  9.189657e-01 8.521104e-01
 2.322322e-01 -1.187400e-01  1.035027e+00 1.085381e+00
 2.332332e-01 -1.431870e-01  1.115276e+00 1.264343e+00
 2.342342e-01 -1.585771e-01  1.152587e+00 1.353604e+00
 2.352352e-01 -1.633782e-01  1.141767e+00 1.330323e+00
 2.362362e-01 -1.566059e-01  1.079916e+00 1.190745e+00
 2.372372e-01 -1.378656e-01  9.666807e-01 9.534784e-01
 2.382382e-01 -1.073710e-01  8.043527e-01 6.585118e-01
 2.392392e-01 -6.593770e-02  5.978406e-01 3.617612e-01
 2.402402e-01 -1.495438e-02  3.544885e-01 1.258857e-01
 2.412412e-01  4.366973e-02  8.376361e-02 8.923388e-03
 2.422422e-01  1.075781e-01 -2.031741e-01 5.285275e-02
 2.432432e-01  1.740594e-01 -4.939985e-01 2.743312e-01
 2.442442e-01  2.401573e-01 -7.758116e-01 6.595592e-01
 2.452452e-01  3.027932e-01 -1.035774e+00 1.164512e+00
 2.462462e-01  3.588980e-01 -1.261742e+00 1.720801e+00
 2.472472e-01  4.055493e-01 -1.442871e+00 2.246347e+00
 2.482482e-01  4.401058e-01 -1.570163e+00 2.659105e+00
 2.492492e-01  4.603360e-01 -1.636928e+00 2.891442e+00
 2.502503e-01  4.645326e-01 -1.639129e+00 2.902535e+00
 2.512513e-01  4.516074e-01 -1.575606e+00 2.686484e+00
 2.522523e-01  4.211618e-01 -1.448157e+00 2.274537e+00
 2.532533e-01  3.735267e-01 -1.261480e+00 1.730854e+00
 2.542543e-01  3.097704e-01 -1.022974e+00 1.142433e+00
 2.552553e-01  2.316717e-01 -7.424112e-01 6.048461e-01
 2.562563e-01  1.416585e-01 -4.315003e-01 2.062597e-01
 2.572573e-01  4.271460e-02 -1.033518e-01 1.250613e-02
 2.582583e-01 -6.174131e-02  2.281189e-01 5.585023e-02
 2.592593e-01 -1.679988e-01  5.488277e-01 3.294354e-01
 2.602603e-01 -2.722134e-01  8.451660e-01 7.884057e-01
 2.612613e-01 -3.705708e-01  1.104623e+00 1.357515e+00
 2.622623e-01 -4.594481e-01  1.316359e+00 1.943893e+00
 2.632633e-01 -5.355651e-01  1.471695e+00 2.452715e+00
 2.642643e-01 -5.961154e-01  1.564511e+00 2.803047e+00
 2.652653e-01 -6.388735e-01  1.591517e+00 2.941087e+00
 2.662663e-01 -6.622704e-01  1.552398e+00 2.848543e+00
 2.672673e-01 -6.654371e-01  1.449814e+00 2.544768e+00
 2.682683e-01 -6.482139e-01  1.289266e+00 2.082388e+00
 2.692693e-01 -6.111286e-01  1.078823e+00 1.537337e+00
 2.702703e-01 -5.553458e-01  8.287339e-01 9.952089e-01
 2.712713e-01 -4.825933e-01  5.509290e-01 5.364191e-01
 2.722723e-01 -3.950727e-01  2.584453e-01 2.228764e-01
 2.732733e-01 -2.953598e-01 -3.520216e-02 8.847659e-02
 2.742743e-01 -1.863029e-01 -3.166716e-01 1.349897e-01
 2.752753e-01 -7.092529e-02 -5.734368e-01 3.338602e-01
 2.762763e-01  4.766413e-02 -7.943876e-01 6.333235e-01
 2.772773e-01  1.663467e-01 -9.703592e-01 9.692683e-01
 2.782783e-01  2.820565e-01 -1.094563e+00 1.277624e+00
 2.792793e-01  3.918281e-01 -1.162895e+00 1.505855e+00
 2.802803e-01  4.928328e-01 -1.174107e+00 1.621412e+00
 2.812813e-01  5.824066e-01 -1.129828e+00 1.615709e+00
 2.822823e-01  6.580734e-01 -1.034439e+00 1.503124e+00
 2.832833e-01  7.175703e-01 -8.947981e-01 1.315571e+00
 2.842843e-01  7.588776e-01 -7.198422e-01 1.094068e+00
 2.852853e-01  7.802589e-01 -5.200740e-01 8.792809e-01
 2.862863e-01  7.803133e-01 -3.069702e-01 7.031196e-01
 2.872873e-01  7.580397e-01 -9.234123e-02 5.831510e-01
 2.882883e-01  7.129118e-01  1.123230e-01 5.208597e-01
 2.892893e-01  6.449607e-01  2.964825e-01 5.038762e-01
 2.902903e-01  5.548573e-01  4.511163e-01 5.113726e-01
 2.912913e-01  4.439881e-01  5.691992e-01 5.211132e-01
 2.922923e-01  3.145148e-01  6.460566e-01 5.163087e-01
 2.932933e-01  1.694084e-01  6.795786e-01 4.905263e-01
 2.942943e-01  1.244871e-02  6.702792e-01 4.494292e-01
 2.952953e-01 -1.518181e-01  6.211988e-01 4.089367e-01
 2.962963e-01 -3.181698e-01  5.376557e-01 3.903056e-01
 2.972973e-01 -4.808482e-01  4.268625e-01 4.134266e-01
 2.982983e-01 -6.337491e-01  2.974323e-01 4.901038e-01
 2.992993e-01 -7.706557e-01  1.588050e-01 6.191292e-01
 3.003003e-01 -8.855086e-01  2.063176e-02 7.845511e-01
 3.013013e-01 -9.726992e-01 -1.078451e-01 9.577743e-01
 3.023023e-01 -1.027371e+00 -2.183754e-01 1.103179e+00
 3.033033e-01 -1.045714e+00 -3.042110e-01 1.186061e+00
 3.043043e-01 -1.025225e+00 -3.605109e-01 1.181055e+00
 3.053053e-01 -9.649346e-01 -3.846135e-01 1.079026e+00
 3.063063e-01 -8.655553e-01 -3.761623e-01 8.906842e-01
 3.073073e-01 -7.295651e-01 -3.370756e-01 6.458853e-01
 3.083083e-01 -5.611958e-01 -2.713649e-01 3.885797e-01
 3.093093e-01 -3.663302e-01 -1.848155e-01 1.683546e-01
 3.103103e-01 -1.523040e-01 -8.455112e-02 3.034541e-02
 3.113113e-01  7.238027e-02  2.148508e-02 5.700512e-03
 3.123123e-01  2.984180e-01  1.250991e-01 1.047031e-01
 3.133133e-01  5.161271e-01  2.184237e-01 3.140961e-01
 3.143143e-01  7.159135e-01  2.944654e-01 5.992420e-01
 3.153153e-01  8.887507e-01  3.475847e-01 9.106929e-01
 3.163163e-01  1.026649e+00  3.738754e-01 1.193791e+00
 3.173173e-01  1.123086e+00  3.714193e-01 1.399274e+00
 3.183183e-01  1.173370e+00  3.403992e-01 1.492670e+00
 3.193193e-01  1.174924e+00  2.830634e-01 1.460570e+00
 3.203203e-01  1.127449e+00  2.035468e-01 1.312573e+00
 3.213213e-01  1.032987e+00  1.075610e-01 1.078632e+00
 3.223223e-01  8.958444e-01  1.977490e-03 8.025410e-01
 3.233233e-01  7.223952e-01 -1.056667e-01 5.330203e-01
 3.243243e-01  5.207744e-01 -2.077053e-01 3.143474e-01
 3.253253e-01  3.004641e-01 -2.968830e-01 1.784182e-01
 3.263263e-01  7.180597e-02 -3.668635e-01 1.397449e-01
 3.273273e-01 -1.545393e-01 -4.126677e-01 1.941770e-01
 3.283283e-01 -3.681524e-01 -4.310150e-01 3.213102e-01
 3.293293e-01 -5.594051e-01 -4.205441e-01 4.897914e-01
 3.303303e-01 -7.199655e-01 -3.818984e-01 6.641967e-01
 3.313313e-01 -8.432318e-01 -3.176736e-01 8.119563e-01
 3.323323e-01 -9.246655e-01 -2.322313e-01 9.089377e-01
 3.333333e-01 -9.620079e-01 -1.313928e-01 9.427233e-01
 3.343343e-01 -9.553631e-01 -2.203670e-02 9.132042e-01
 3.353353e-01 -9.071460e-01  8.837248e-02 8.307236e-01
 3.363363e-01 -8.218964e-01  1.922912e-01 7.124896e-01
 3.373373e-01 -7.059712e-01  2.826052e-01 5.782610e-01
 3.383383e-01 -5.671342e-01  3.531047e-01 4.463241e-01
 3.393393e-01 -4.140684e-01  3.988957e-01 3.305705e-01
 3.403403e-01 -2.558413e-01  4.167216e-01 2.391116e-01
 3.413413e-01 -1.013560e-01  4.051740e-01 1.744390e-01
 3.423423e-01  4.117761e-02  3.647829e-01 1.347621e-01
 3.433433e-01  1.647190e-01  2.979800e-01 1.159245e-01
 3.443443e-01  2.637912e-01  2.089418e-01 1.132425e-01
 3.453453e-01  3.347690e-01  1.033230e-01 1.227459e-01
 3.463463e-01  3.760445e-01 -1.210042e-02 1.415559e-01
 3.473473e-01  3.880598e-01 -1.298535e-01 1.674523e-01
 3.483483e-01  3.732078e-01 -2.422249e-01 1.979570e-01
 3.493493e-01  3.356070e-01 -3.417387e-01 2.294174e-01
 3.503504e-01  2.807683e-01 -4.216076e-01 2.565838e-01
 3.513514e-01  2.151747e-01 -4.761407e-01 2.730101e-01
 3.523524e-01  1.458048e-01 -5.010836e-01 2.723438e-01
 3.533534e-01  7.962877e-02 -4.938714e-01 2.502497e-01
 3.543544e-01  2.311403e-02 -4.537829e-01 2.064531e-01
 3.553554e-01 -1.823037e-02 -3.819897e-01 1.462485e-01
 3.563564e-01 -4.023797e-02 -2.815003e-01 8.086152e-02
 3.573574e-01 -4.037471e-02 -1.570032e-01 2.628011e-02
 3.583584e-01 -1.791451e-02 -1.462221e-02 5.347384e-04
 3.593594e-01  2.600917e-02  1.384022e-01 1.983165e-02
 3.603604e-01  8.847944e-02  2.940874e-01 9.431603e-02
 3.613614e-01  1.649930e-01  4.441178e-01 2.244633e-01
 3.623624e-01  2.497653e-01  5.802675e-01 3.990931e-01
 3.633634e-01  3.361225e-01  6.948162e-01 5.957478e-01
 3.643644e-01  4.169544e-01  7.809373e-01 7.837140e-01
 3.653654e-01  4.851984e-01  8.330419e-01 9.293763e-01
 3.663664e-01  5.343231e-01  8.470625e-01 1.003016e+00
 3.673674e-01  5.587800e-01  8.206651e-01 9.857263e-01
 3.683684e-01  5.543943e-01  7.533817e-01 8.749370e-01
 3.693694e-01  5.186702e-01  6.466589e-01 6.871865e-01
 3.703704e-01  4.509925e-01  5.038195e-01 4.572283e-01
 3.713714e-01  3.527104e-01  3.299433e-01 2.332672e-01
 3.723724e-01  2.271017e-01  1.316675e-01 6.891149e-02
 3.733734e-01  7.921656e-02 -8.307914e-02 1.317741e-02
 3.743744e-01 -8.438447e-02 -3.054027e-01 1.003915e-01
 3.753754e-01 -2.559860e-01 -5.258143e-01 3.420095e-01
 3.763764e-01 -4.271411e-01 -7.346317e-01 7.221332e-01
 3.773774e-01 -5.891400e-01 -9.223948e-01 1.197898e+00
 3.783784e-01 -7.334934e-01 -1.080280e+00 1.705018e+00
 3.793794e-01 -8.524047e-01 -1.200495e+00 2.167782e+00
 3.803804e-01 -9.392027e-01 -1.276639e+00 2.511909e+00
 3.813814e-01 -9.887118e-01 -1.304012e+00 2.677998e+00
 3.823824e-01 -9.975395e-01 -1.279857e+00 2.633120e+00
 3.833834e-01 -9.642674e-01 -1.203533e+00 2.378303e+00
 3.843844e-01 -8.895353e-01 -1.076588e+00 1.950315e+00
 3.853854e-01 -7.760181e-01 -9.027571e-01 1.417175e+00
 3.863864e-01 -6.282968e-01 -6.878509e-01 8.678957e-01
 3.873874e-01 -4.526331e-01 -4.395605e-01 3.980902e-01
 3.883884e-01 -2.566614e-01 -1.671719e-01 9.382153e-02
 3.893894e-01 -4.901488e-02  1.187977e-01 1.651536e-02
 3.903904e-01  1.610941e-01  4.070256e-01 1.916212e-01
 3.913914e-01  3.643173e-01  6.858569e-01 6.031267e-01
 3.923924e-01  5.516163e-01  9.438028e-01 1.195044e+00
 3.933934e-01  7.146888e-01  1.170045e+00 1.879786e+00
 3.943944e-01  8.463557e-01  1.354921e+00 2.552128e+00
 3.953954e-01  9.408923e-01  1.490362e+00 3.106458e+00
 3.963964e-01  9.942890e-01  1.570278e+00 3.454384e+00
 3.973974e-01  1.004430e+00  1.590848e+00 3.539679e+00
 3.983984e-01  9.711874e-01  1.550719e+00 3.347934e+00
 3.993994e-01  8.964169e-01  1.451090e+00 2.909225e+00
 4.004004e-01  7.838726e-01  1.295682e+00 2.293248e+00
 4.014014e-01  6.390288e-01  1.090592e+00 1.597749e+00
 4.024024e-01  4.688282e-01  8.440319e-01 9.321898e-01
 4.034034e-01  2.813609e-01  5.659690e-01 3.994848e-01
 4.044044e-01  8.549216e-02  2.676843e-01 7.896380e-02
 4.054054e-01 -1.095481e-01 -3.873272e-02 1.350100e-02
 4.064064e-01 -2.945942e-01 -3.409286e-01 2.030181e-01
 4.074074e-01 -4.609761e-01 -6.268390e-01 6.054260e-01
 4.084084e-01 -6.009305e-01 -8.852277e-01 1.144746e+00
 4.094094e-01 -7.079772e-01 -1.106181e+00 1.724868e+00
 4.104104e-01 -7.772382e-01 -1.281536e+00 2.246433e+00
 4.114114e-01 -8.056883e-01 -1.405217e+00 2.623768e+00
 4.124124e-01 -7.923193e-01 -1.473472e+00 2.798891e+00
 4.134134e-01 -7.382113e-01 -1.484991e+00 2.750155e+00
 4.144144e-01 -6.465015e-01 -1.440902e+00 2.494163e+00
 4.154154e-01 -5.222523e-01 -1.344654e+00 2.080841e+00
 4.164164e-01 -3.722184e-01 -1.201787e+00 1.582840e+00
 4.174174e-01 -2.045248e-01 -1.019614e+00 1.081442e+00
 4.184184e-01 -2.826458e-02 -8.068125e-01 6.517453e-01
 4.194194e-01  1.469602e-01 -5.729822e-01 3.499059e-01
 4.204204e-01  3.115378e-01 -3.281596e-01 2.047445e-01
 4.214214e-01  4.563570e-01 -8.233868e-02 2.150413e-01
 4.224224e-01  5.733045e-01  1.549842e-01 3.526982e-01
 4.234234e-01  6.557198e-01  3.752209e-01 5.707591e-01
 4.244244e-01  6.987827e-01  5.710296e-01 8.143720e-01
 4.254254e-01  6.998092e-01  7.365742e-01 1.032274e+00
 4.264264e-01  6.584367e-01  8.676860e-01 1.186418e+00
 4.274274e-01  5.766836e-01  9.619316e-01 1.257876e+00
 4.284284e-01  4.588779e-01  1.018581e+00 1.248077e+00
 4.294294e-01  3.114527e-01  1.038494e+00 1.175473e+00
 4.304304e-01  1.426183e-01  1.023922e+00 1.068755e+00
 4.314314e-01 -3.807450e-02  9.782588e-01 9.584399e-01
 4.324324e-01 -2.202573e-01  9.057511e-01 8.688982e-01
 4.334334e-01 -3.933249e-01  8.111882e-01 8.127308e-01
 4.344344e-01 -5.470409e-01  6.995963e-01 7.886888e-01
 4.354354e-01 -6.721344e-01  5.759593e-01 7.834937e-01
 4.364364e-01 -7.608494e-01  4.449739e-01 7.768936e-01
 4.374374e-01 -8.074179e-01  3.108661e-01 7.485615e-01
 4.384384e-01 -8.084215e-01  1.772622e-01 6.849672e-01
 4.394394e-01 -7.630228e-01  4.713250e-02 5.844253e-01
 4.404404e-01 -6.730467e-01 -7.720748e-02 4.589529e-01
 4.414414e-01 -5.429074e-01 -1.940319e-01 3.323968e-01
 4.424424e-01 -3.793794e-01 -3.021021e-01 2.351944e-01
 4.434434e-01 -1.912290e-01 -4.005232e-01 1.969874e-01
 4.444444e-01  1.127858e-02 -4.885975e-01 2.388548e-01
 4.454454e-01  2.169638e-01 -5.656699e-01 3.670557e-01
 4.464464e-01  4.143775e-01 -6.310049e-01 5.698759e-01
 4.474474e-01  5.924655e-01 -6.836877e-01 8.184442e-01
 4.484484e-01  7.412146e-01 -7.225835e-01 1.071526e+00
 4.494494e-01  8.522386e-01 -7.463381e-01 1.283331e+00
 4.504505e-01  9.192715e-01 -7.534481e-01 1.412744e+00
 4.514515e-01  9.385337e-01 -7.423684e-01 1.431956e+00
 4.524525e-01  9.089525e-01 -7.116805e-01 1.332684e+00
 4.534535e-01  8.322198e-01 -6.602737e-01 1.128551e+00
 4.544545e-01  7.126861e-01 -5.875604e-01 8.531487e-01
 4.554555e-01  5.570951e-01 -4.936653e-01 5.540604e-01
 4.564565e-01  3.741776e-01 -3.796125e-01 2.841145e-01
 4.574575e-01  1.741265e-01 -2.474446e-01 9.154888e-02
 4.584585e-01 -3.200961e-02 -1.003068e-01 1.108607e-02
 4.594595e-01 -2.329834e-01  5.757006e-02 5.759558e-02
 4.604605e-01 -4.180087e-01  2.209387e-01 2.235451e-01
 4.614615e-01 -5.773891e-01  3.837192e-01 4.806186e-01
 4.624625e-01 -7.030727e-01  5.392269e-01 7.850769e-01
 4.634635e-01 -7.891023e-01  6.805059e-01 1.085771e+00
 4.644645e-01 -8.319319e-01  8.006714e-01 1.333185e+00
 4.654655e-01 -8.305942e-01  8.933263e-01 1.487919e+00
 4.664665e-01 -7.867071e-01  9.529320e-01 1.526987e+00
 4.674675e-01 -7.043245e-01  9.752115e-01 1.447111e+00
 4.684685e-01 -5.896381e-01  9.574407e-01 1.264366e+00
 4.694695e-01 -4.505546e-01  8.987364e-01 1.010726e+00
 4.704705e-01 -2.961738e-01  8.001695e-01 7.279901e-01
 4.714715e-01 -1.362016e-01  6.648616e-01 4.605918e-01
 4.724725e-01  1.966231e-02  4.978586e-01 2.482498e-01
 4.734735e-01  1.623281e-01  3.060094e-01 1.199922e-01
 4.744745e-01  2.838661e-01  9.759194e-02 9.010416e-02
 4.754755e-01  3.779797e-01 -1.179876e-01 1.567897e-01
 4.764765e-01  4.403585e-01 -3.307702e-01 3.033246e-01
 4.774775e-01  4.689103e-01 -5.306231e-01 5.014378e-01
 4.784785e-01  4.638325e-01 -7.079376e-01 7.163163e-01
 4.794795e-01  4.275577e-01 -8.539309e-01 9.120036e-01
 4.804805e-01  3.645256e-01 -9.614019e-01 1.057173e+00
 4.814815e-01  2.808763e-01 -1.024735e+00 1.128973e+00
 4.824825e-01  1.839654e-01 -1.040786e+00 1.117079e+00
 4.834835e-01  8.193140e-02 -1.008115e+00 1.023008e+00
 4.844845e-01 -1.703268e-02 -9.289277e-01 8.631968e-01
 4.854855e-01 -1.044206e-01 -8.016453e-01 6.535388e-01
 4.864865e-01 -1.689555e-01 -6.021648e-01 3.911484e-01
 4.874875e-01 -2.025695e-01 -3.439592e-01 1.593423e-01
 4.884885e-01 -2.017298e-01 -5.287701e-02 4.349088e-02
 4.894895e-01 -1.675223e-01  2.434183e-01 8.731621e-02
 4.904905e-01 -1.055495e-01  5.162044e-01 2.776077e-01
 4.914915e-01 -2.512549e-02  7.394525e-01 5.474213e-01
 4.924925e-01  6.191029e-02  8.917522e-01 7.990549e-01
 4.934935e-01  1.427293e-01  9.587374e-01 9.395490e-01
 4.944945e-01  2.051569e-01  9.341569e-01 9.147384e-01
 4.954955e-01  2.392451e-01  8.206219e-01 7.306585e-01
 4.964965e-01  2.385884e-01  6.291497e-01 4.527538e-01
 4.974975e-01  2.012016e-01  3.781647e-01 1.834906e-01
 4.984985e-01  1.298876e-01  9.160857e-02 2.526293e-02
 4.994995e-01  3.199631e-02 -2.033100e-01 4.235872e-02
 5.005005e-01 -8.133816e-02 -4.787541e-01 2.358214e-01
 5.015015e-01 -1.964783e-01 -7.088590e-01 5.410848e-01
 5.025025e-01 -2.988398e-01 -8.721535e-01 8.499569e-01
 5.035035e-01 -3.746629e-01 -9.535351e-01 1.049601e+00
 5.045045e-01 -4.126543e-01 -9.456059e-01 1.064454e+00
 5.055055e-01 -4.054728e-01 -8.493307e-01 8.857707e-01
 5.065065e-01 -3.506882e-01 -6.738267e-01 5.770247e-01
 5.075075e-01 -2.513259e-01 -4.355332e-01 2.528539e-01
 5.085085e-01 -1.156476e-01 -1.565436e-01 3.788027e-02
 5.095095e-01  4.347890e-02  1.373225e-01 2.074789e-02
 5.105105e-01  2.099882e-01  4.190832e-01 2.197257e-01
 5.115115e-01  3.661073e-01  6.628036e-01 5.733432e-01
 5.125125e-01  4.945044e-01  8.462950e-01 9.607497e-01
 5.135135e-01  5.798325e-01  9.525629e-01 1.243582e+00
 5.145145e-01  6.110592e-01  9.721950e-01 1.318556e+00
 5.155155e-01  5.816298e-01  9.024254e-01 1.152665e+00
 5.165165e-01  4.948620e-01  7.542511e-01 8.137831e-01
 5.175175e-01  3.752791e-01  5.689675e-01 4.645584e-01
 5.185185e-01  2.301434e-01  3.594289e-01 1.821551e-01
 5.195195e-01  6.400368e-02  1.328726e-01 2.175160e-02
 5.205205e-01 -1.164603e-01 -1.015490e-01 2.387520e-02
 5.215215e-01 -3.039997e-01 -3.349978e-01 2.046393e-01
 5.225225e-01 -4.905353e-01 -5.583264e-01 5.523533e-01
 5.235235e-01 -6.679353e-01 -7.629764e-01 1.028271e+00
 5.245245e-01 -8.281609e-01 -9.408971e-01 1.571138e+00
 5.255255e-01 -9.638440e-01 -1.085106e+00 2.106450e+00
 5.265265e-01 -1.068503e+00 -1.189731e+00 2.557158e+00
 5.275275e-01 -1.136963e+00 -1.250386e+00 2.856149e+00
 5.285285e-01 -1.165507e+00 -1.264210e+00 2.956634e+00
 5.295295e-01 -1.152122e+00 -1.230093e+00 2.840513e+00
 5.305305e-01 -1.096528e+00 -1.148644e+00 2.521757e+00
 5.315315e-01 -1.000236e+00 -1.022280e+00 2.045528e+00
 5.325325e-01 -8.664365e-01 -8.550944e-01 1.481899e+00
 5.335335e-01 -6.998955e-01 -6.528004e-01 9.160021e-01
 5.345345e-01 -5.067127e-01 -4.224987e-01 4.352628e-01
 5.355355e-01 -2.940930e-01 -1.724819e-01 1.162407e-01
 5.365365e-01 -7.002011e-02  8.809106e-02 1.266285e-02
 5.375375e-01  1.570469e-01  3.494956e-01 1.468109e-01
 5.385385e-01  3.785350e-01  6.018346e-01 5.054936e-01
 5.395395e-01  5.860775e-01  8.353965e-01 1.041374e+00
 5.405405e-01  7.718601e-01  1.041065e+00 1.679585e+00
 5.415415e-01  9.289075e-01  1.210675e+00 2.328604e+00
 5.425425e-01  1.051368e+00  1.337376e+00 2.893949e+00
 5.435435e-01  1.134726e+00  1.415914e+00 3.292417e+00
 5.445445e-01  1.175990e+00  1.442894e+00 3.464896e+00
 5.455455e-01  1.173800e+00  1.416924e+00 3.385482e+00
 5.465465e-01  1.128500e+00  1.338721e+00 3.065686e+00
 5.475475e-01  1.042119e+00  1.211085e+00 2.552739e+00
 5.485485e-01  9.183182e-01  1.038818e+00 1.922452e+00
 5.495495e-01  7.622452e-01  8.285277e-01 1.267476e+00
 5.505506e-01  5.803553e-01  5.883620e-01 6.829821e-01
 5.515516e-01  3.801551e-01  3.276649e-01 2.518822e-01
 5.525526e-01  1.699156e-01  5.658561e-02 3.207325e-02
 5.535536e-01 -4.166815e-02 -2.143641e-01 4.768820e-02
 5.545546e-01 -2.458307e-01 -4.747548e-01 2.858248e-01
 5.555556e-01 -4.341159e-01 -7.146947e-01 6.992452e-01
 5.565566e-01 -5.987431e-01 -9.252463e-01 1.214574e+00
 5.575576e-01 -7.329658e-01 -1.098808e+00 1.744619e+00
 5.585586e-01 -8.313854e-01 -1.229422e+00 2.202680e+00
 5.595596e-01 -8.902224e-01 -1.313008e+00 2.516487e+00
 5.605606e-01 -9.075121e-01 -1.347505e+00 2.639349e+00
 5.615616e-01 -8.832287e-01 -1.332919e+00 2.556765e+00
 5.625626e-01 -8.193113e-01 -1.271263e+00 2.287380e+00
 5.635636e-01 -7.196029e-01 -1.166421e+00 1.878367e+00
 5.645646e-01 -5.896842e-01 -1.023913e+00 1.396125e+00
 5.655656e-01 -4.366219e-01 -8.505927e-01 9.141466e-01
 5.665666e-01 -2.686279e-01 -6.542946e-01 5.002623e-01
 5.675676e-01 -9.465439e-02 -4.434445e-01 2.056024e-01
 5.685686e-01  7.606541e-02 -2.266542e-01 5.715809e-02
 5.695696e-01  2.344979e-01 -1.232987e-02 5.514129e-02
 5.705706e-01  3.722966e-01  1.916978e-01 1.753528e-01
 5.715716e-01  4.822574e-01  3.784899e-01 3.758268e-01
 5.725726e-01  5.587275e-01  5.422595e-01 6.062218e-01
 5.735736e-01  5.979308e-01  6.785541e-01 8.179570e-01
 5.745746e-01  5.982012e-01  7.843621e-01 9.730686e-01
 5.755756e-01  5.600954e-01  8.581342e-01 1.050101e+00
 5.765766e-01  4.863868e-01  8.997309e-01 1.046088e+00
 5.775776e-01  3.819276e-01  9.102956e-01 9.745067e-01
 5.785786e-01  2.533934e-01  8.920730e-01 8.600025e-01
 5.795796e-01  1.089126e-01  8.481816e-01 7.312740e-01
 5.805806e-01 -4.238978e-02  7.823620e-01 6.138873e-01
 5.815816e-01 -1.909191e-01  6.987157e-01 5.246537e-01
 5.825826e-01 -3.271690e-01  6.014555e-01 4.687882e-01
 5.835836e-01 -4.422874e-01  4.946796e-01 4.403260e-01
 5.845846e-01 -5.286079e-01  3.821885e-01 4.254944e-01
 5.855856e-01 -5.801228e-01  2.673479e-01 4.080174e-01
 5.865866e-01 -5.928603e-01  1.530104e-01 3.748956e-01
 5.875876e-01 -5.651497e-01  4.149091e-02 3.211157e-01
 5.885886e-01 -4.977500e-01 -6.540257e-02 2.520326e-01
 5.895896e-01 -3.938389e-01 -1.662951e-01 1.827631e-01
 5.905906e-01 -2.588543e-01 -2.601347e-01 1.346756e-01
 5.915916e-01 -1.002034e-01 -3.460653e-01 1.298019e-01
 5.925926e-01  7.315215e-02 -4.232932e-01 1.845283e-01
 5.935936e-01  2.512044e-01 -4.909671e-01 3.041523e-01
 5.945946e-01  4.234774e-01 -5.480835e-01 4.797287e-01
 5.955956e-01  5.796363e-01 -5.934329e-01 6.881408e-01
 5.965966e-01  7.100953e-01 -6.255908e-01 8.955992e-01
 5.975976e-01  8.065845e-01 -6.429646e-01 1.063982e+00
 5.985986e-01  8.626455e-01 -6.438890e-01 1.158750e+00
 5.995996e-01  8.740223e-01 -6.267696e-01 1.156755e+00
 6.006006e-01  8.389265e-01 -5.902609e-01 1.052205e+00
 6.016016e-01  7.581584e-01 -5.334665e-01 8.593906e-01
 6.026026e-01  6.350796e-01 -4.561418e-01 6.113915e-01
 6.036036e-01  4.754347e-01 -3.588822e-01 3.548345e-01
 6.046046e-01  2.870364e-01 -2.432742e-01 1.415722e-01
 6.056056e-01  7.932952e-02 -1.119951e-01 1.883608e-02
 6.066066e-01 -1.371365e-01  3.115787e-02 1.977724e-02
 6.076076e-01 -3.512999e-01  1.813165e-01 1.562872e-01
 6.086086e-01 -5.522026e-01  3.326758e-01 4.156009e-01
 6.096096e-01 -7.296003e-01  4.787112e-01 7.614810e-01
 6.106106e-01 -8.745238e-01  6.124717e-01 1.139914e+00
 6.116116e-01 -9.797656e-01  7.269347e-01 1.488375e+00
 6.126126e-01 -1.040258e+00  8.154028e-01 1.747019e+00
 6.136136e-01 -1.053327e+00  8.719183e-01 1.869740e+00
 6.146146e-01 -1.018805e+00  8.916695e-01 1.833039e+00
 6.156156e-01 -9.389991e-01  8.713586e-01 1.640985e+00
 6.166166e-01 -8.185175e-01  8.095065e-01 1.325272e+00
 6.176176e-01 -6.639730e-01  7.066689e-01 9.402410e-01
 6.186186e-01 -4.835729e-01  5.655443e-01 5.536831e-01
 6.196196e-01 -2.866321e-01  3.909616e-01 2.350089e-01
 6.206206e-01 -8.303259e-02  1.897416e-01 4.289629e-02
 6.216216e-01  1.173321e-01 -2.956625e-02 1.464098e-02
 6.226226e-01  3.050980e-01 -2.570595e-01 1.591644e-01
 6.236236e-01  4.719228e-01 -4.819541e-01 4.549909e-01
 6.246246e-01  6.109032e-01 -6.931247e-01 8.536245e-01
 6.256256e-01  7.168923e-01 -8.796862e-01 1.287782e+00
 6.266266e-01  7.867046e-01 -1.031581e+00 1.683063e+00
 6.276276e-01  8.191970e-01 -1.140138e+00 1.970998e+00
 6.286286e-01  8.152282e-01 -1.198573e+00 2.101175e+00
 6.296296e-01  7.775015e-01 -1.202396e+00 2.050266e+00
 6.306306e-01  7.103080e-01 -1.149702e+00 1.826353e+00
 6.316316e-01  6.191878e-01 -1.041329e+00 1.467760e+00
 6.326326e-01  5.105365e-01 -8.808728e-01 1.036584e+00
 6.336336e-01  3.911821e-01 -6.745520e-01 6.080439e-01
 6.346346e-01  2.679617e-01 -4.309382e-01 2.575112e-01
 6.356356e-01  1.473238e-01 -1.605578e-01 4.748312e-02
 6.366366e-01  3.498158e-02  1.246075e-01 1.675075e-02
 6.376376e-01 -6.436559e-02  4.116963e-01 1.736368e-01
 6.386386e-01 -1.472262e-01  6.875873e-01 4.944518e-01
 6.396396e-01 -2.114208e-01  9.395308e-01 9.274169e-01
 6.406406e-01 -2.560929e-01  1.155759e+00 1.401363e+00
 6.416416e-01 -2.816352e-01  1.326044e+00 1.837711e+00
 6.426426e-01 -2.895377e-01  1.442173e+00 2.163695e+00
 6.436436e-01 -2.821785e-01  1.498326e+00 2.324606e+00
 6.446446e-01 -2.625711e-01  1.491332e+00 2.293016e+00
 6.456456e-01 -2.340932e-01  1.420798e+00 2.073467e+00
 6.466466e-01 -2.002152e-01  1.289106e+00 1.701880e+00
 6.476476e-01 -1.642485e-01  1.101285e+00 1.239806e+00
 6.486486e-01 -1.291314e-01  8.647680e-01 7.644986e-01
 6.496496e-01 -9.726404e-02  5.890443e-01 3.564335e-01
 6.506507e-01 -7.040174e-02  2.852322e-01 8.631381e-02
 6.516517e-01 -4.960948e-02 -3.440888e-02 3.645072e-03
 6.526527e-01 -3.527564e-02 -3.570017e-01 1.286946e-01
 6.536537e-01 -2.717949e-02 -6.695879e-01 4.490867e-01
 6.546547e-01 -2.460084e-02 -9.596534e-01 9.215398e-01
 6.556557e-01 -2.646062e-02 -1.215623e+00 1.478438e+00
 6.566567e-01 -3.147588e-02 -1.427303e+00 2.038184e+00
 6.576577e-01 -3.831618e-02 -1.586263e+00 2.517700e+00
 6.586587e-01 -4.574568e-02 -1.686138e+00 2.845155e+00
 6.596597e-01 -5.274057e-02 -1.722844e+00 2.970973e+00
 6.606607e-01 -5.857135e-02 -1.694708e+00 2.875464e+00
 6.616617e-01 -6.284631e-02 -1.602505e+00 2.571973e+00
 6.626627e-01 -6.551298e-02 -1.449413e+00 2.105089e+00
 6.636637e-01 -6.682167e-02 -1.240870e+00 1.544223e+00
 6.646647e-01 -6.725536e-02 -9.843699e-01 9.735074e-01
 6.656657e-01 -6.743625e-02 -6.891801e-01 4.795168e-01
 6.666667e-01 -6.801793e-02 -3.660031e-01 1.385847e-01
 6.676677e-01 -6.957647e-02 -2.659295e-02 5.548070e-03
 6.686687e-01 -7.251011e-02  3.166648e-01 1.055343e-01
 6.696697e-01 -7.695953e-02  6.511926e-01 4.299745e-01
 6.706707e-01 -8.275522e-02  9.646694e-01 9.374354e-01
 6.716717e-01 -8.939900e-02  1.245472e+00 1.559193e+00
 6.726727e-01 -9.608051e-02  1.483097e+00 2.208810e+00
 6.736737e-01 -1.017289e-01  1.668549e+00 2.794404e+00
 6.746747e-01 -1.050941e-01  1.794677e+00 3.231909e+00
 6.756757e-01 -1.048527e-01  1.856460e+00 3.457438e+00
 6.766767e-01 -9.972614e-02  1.851215e+00 3.436941e+00
 6.776777e-01 -8.860506e-02  1.778724e+00 3.171711e+00
 6.786787e-01 -7.066456e-02  1.641282e+00 2.698800e+00
 6.796797e-01 -4.546388e-02  1.443640e+00 2.086164e+00
 6.806807e-01 -1.301916e-02  1.192869e+00 1.423105e+00
 6.816817e-01  2.615564e-02  8.981189e-01 8.073016e-01
 6.826827e-01  7.104495e-02  5.703039e-01 3.302939e-01
 6.836837e-01  1.201646e-01  2.217009e-01 6.359084e-02
 6.846847e-01  1.716310e-01 -1.345097e-01 4.755004e-02
 6.856857e-01  2.232597e-01 -4.847529e-01 2.848303e-01
 6.866867e-01  2.726885e-01 -8.155960e-01 7.395558e-01
 6.876877e-01  3.175137e-01 -1.114292e+00 1.342461e+00
 6.886887e-01  3.554312e-01 -1.369307e+00 2.001333e+00
 6.896897e-01  3.843716e-01 -1.570809e+00 2.615184e+00
 6.906907e-01  4.026200e-01 -1.711096e+00 3.089954e+00
 6.916917e-01  4.089122e-01 -1.784937e+00 3.353211e+00
 6.926927e-01  4.025014e-01 -1.789819e+00 3.365459e+00
 6.936937e-01  3.831921e-01 -1.726073e+00 3.126163e+00
 6.946947e-01  3.513391e-01 -1.596884e+00 2.673478e+00
 6.956957e-01  3.078143e-01 -1.408169e+00 2.077689e+00
 6.966967e-01  2.539451e-01 -1.168330e+00 1.429483e+00
 6.976977e-01  1.914288e-01 -8.878964e-01 8.250051e-01
 6.986987e-01  1.222341e-01 -5.790609e-01 3.502527e-01
 6.996997e-01  4.849291e-02 -2.551369e-01 6.744640e-02
 7.007007e-01 -2.760455e-02  7.004118e-02 5.667777e-03
 7.017017e-01 -1.039069e-01  3.827467e-01 1.572917e-01
 7.027027e-01 -1.783828e-01  6.699876e-01 4.807038e-01
 7.037037e-01 -2.491831e-01  9.201010e-01 9.086780e-01
 7.047047e-01 -3.146789e-01  1.123286e+00 1.360793e+00
 7.057057e-01 -3.734784e-01  1.272045e+00 1.757584e+00
 7.067067e-01 -4.244208e-01  1.361517e+00 2.033860e+00
 7.077077e-01 -4.665546e-01  1.389675e+00 2.148871e+00
 7.087087e-01 -4.991017e-01  1.357391e+00 2.091613e+00
 7.097097e-01 -5.214177e-01  1.268343e+00 1.880572e+00
 7.107107e-01 -5.329528e-01  1.128798e+00 1.558225e+00
 7.117117e-01 -5.332200e-01  9.472521e-01 1.181610e+00
 7.127127e-01 -5.217787e-01  7.339660e-01 8.109590e-01
 7.137137e-01 -4.982350e-01  5.004168e-01 4.986551e-01
 7.147147e-01 -4.622649e-01  2.586889e-01 2.806088e-01
 7.157157e-01 -4.136577e-01  2.084384e-02 1.715472e-01
 7.167167e-01 -3.523797e-01 -2.016996e-01 1.648542e-01
 7.177177e-01 -2.786535e-01 -3.987414e-01 2.366425e-01
 7.187187e-01 -1.930456e-01 -5.618008e-01 3.528868e-01
 7.197197e-01 -9.655623e-02 -6.845151e-01 4.778840e-01
 7.207207e-01  9.301094e-03 -7.629151e-01 5.821260e-01
 7.217217e-01  1.224365e-01 -7.955641e-01 6.479130e-01
 7.227227e-01  2.401501e-01 -7.835534e-01 6.716280e-01
 7.237237e-01  3.591336e-01 -7.303578e-01 6.623994e-01
 7.247247e-01  4.755164e-01 -6.415601e-01 6.377152e-01
 7.257257e-01  5.849579e-01 -5.244644e-01 6.172387e-01
 7.267267e-01  6.827894e-01 -3.876202e-01 6.164508e-01
 7.277277e-01  7.642012e-01 -2.402886e-01 6.417421e-01
 7.287287e-01  8.244702e-01 -9.188150e-02 6.881934e-01
 7.297297e-01  8.592176e-01  4.859180e-02 7.406161e-01
 7.307307e-01  8.646832e-01  1.730381e-01 7.776193e-01
 7.317317e-01  8.380015e-01  2.747246e-01 7.777201e-01
 7.327327e-01  7.774612e-01  3.486282e-01 7.259876e-01
 7.337337e-01  6.827298e-01  3.916719e-01 6.195268e-01
 7.347347e-01  5.550253e-01  4.028348e-01 4.703290e-01
 7.357357e-01  3.972185e-01  3.831350e-01 3.045750e-01
 7.367367e-01  2.138522e-01  3.354864e-01 1.582839e-01
 7.377377e-01  1.106765e-02  2.644440e-01 7.005310e-02
 7.387387e-01 -2.035659e-01  1.758551e-01 7.236409e-02
 7.397397e-01 -4.213173e-01  7.644202e-02 1.833516e-01
 7.407407e-01 -6.326480e-01 -2.665740e-02 4.009541e-01
 7.417417e-01 -8.276418e-01 -1.263591e-01 7.009576e-01
 7.427427e-01 -9.964885e-01 -2.160830e-01 1.039681e+00
 7.437437e-01 -1.130000e+00 -2.901560e-01 1.361090e+00
 7.447447e-01 -1.220128e+00 -3.441419e-01 1.607147e+00
 7.457457e-01 -1.260457e+00 -3.750812e-01 1.729438e+00
 7.467467e-01 -1.246635e+00 -3.816250e-01 1.699737e+00
 7.477477e-01 -1.176723e+00 -3.640607e-01 1.517217e+00
 7.487487e-01 -1.051428e+00 -3.242284e-01 1.210625e+00
 7.497497e-01 -8.742078e-01 -2.653391e-01 8.346440e-01
 7.507508e-01 -6.512283e-01 -1.917075e-01 4.608500e-01
 7.517518e-01 -3.911719e-01 -1.084228e-01 1.647710e-01
 7.527528e-01 -1.048995e-01 -2.097899e-02 1.144403e-02
 7.537538e-01  1.950200e-01  6.510749e-02 4.227180e-02
 7.547548e-01  4.948931e-01  1.446673e-01 2.658478e-01
 7.557558e-01  7.805663e-01  2.132095e-01 6.547421e-01
 7.567568e-01  1.038141e+00  2.671938e-01 1.149128e+00
 7.577578e-01  1.254693e+00  3.042267e-01 1.666808e+00
 7.587588e-01  1.418968e+00  3.231703e-01 2.117909e+00
 7.597598e-01  1.521997e+00  3.241597e-01 2.421554e+00
 7.607608e-01  1.557608e+00  3.085303e-01 2.521334e+00
 7.617618e-01  1.522802e+00  2.786637e-01 2.396579e+00
 7.627628e-01  1.417958e+00  2.377653e-01 2.067136e+00
 7.637638e-01  1.246870e+00  1.895925e-01 1.590630e+00
 7.647648e-01  1.016602e+00  1.381538e-01 1.052566e+00
 7.657658e-01  7.371633e-01  8.740288e-02 5.510491e-01
 7.667668e-01  4.210350e-01  4.094791e-02 1.789472e-01
 7.677678e-01  8.255876e-02  1.799305e-03 6.819186e-03
 7.687688e-01 -2.627690e-01 -2.782868e-02 6.982197e-02
 7.697698e-01 -5.990641e-01 -4.664860e-02 3.610539e-01
 7.707708e-01 -9.108382e-01 -5.435528e-02 8.325808e-01
 7.717718e-01 -1.183758e+00 -5.160435e-02 1.403946e+00
 7.727728e-01 -1.405337e+00 -3.991758e-02 1.976566e+00
 7.737738e-01 -1.565530e+00 -2.152445e-02 2.451348e+00
 7.747748e-01 -1.657191e+00  8.464610e-04 2.746283e+00
 7.757758e-01 -1.676382e+00  2.420867e-02 2.810843e+00
 7.767768e-01 -1.622515e+00  4.557245e-02 2.634633e+00
 7.777778e-01 -1.498328e+00  6.219284e-02 2.248856e+00
 7.787788e-01 -1.309696e+00  7.179203e-02 1.720457e+00
 7.797798e-01 -1.065294e+00  7.273929e-02 1.140142e+00
 7.807808e-01 -7.761431e-01  6.417547e-02 6.065166e-01
 7.817818e-01 -4.550510e-01  4.607318e-02 2.091942e-01
 7.827828e-01 -1.159920e-01  1.922945e-02 1.382391e-02
 7.837838e-01  2.265450e-01 -1.480770e-02 5.154189e-02
 7.847848e-01  5.582063e-01 -5.387163e-02 3.144964e-01
 7.857858e-01  8.653912e-01 -9.535727e-02 7.579949e-01
 7.867868e-01  1.135809e+00 -1.364340e-01 1.308675e+00
 7.877878e-01  1.358951e+00 -1.742739e-01 1.877120e+00
 7.887888e-01  1.526471e+00 -2.062776e-01 2.372663e+00
 7.897898e-01  1.632443e+00 -2.302788e-01 2.717898e+00
 7.907908e-01  1.673519e+00 -2.447128e-01 2.860551e+00
 7.917918e-01  1.648965e+00 -2.487339e-01 2.780956e+00
 7.927928e-01  1.560596e+00 -2.422756e-01 2.494157e+00
 7.937938e-01  1.412612e+00 -2.260464e-01 2.046569e+00
 7.947948e-01  1.211358e+00 -2.014637e-01 1.507976e+00
 7.957958e-01  9.650161e-01 -1.705303e-01 9.603366e-01
 7.967968e-01  6.832460e-01 -1.356650e-01 4.852300e-01
 7.977978e-01  3.767976e-01 -9.949936e-02 1.518765e-01
 7.987988e-01  5.710354e-02 -6.465787e-02 7.441454e-03
 7.997998e-01 -2.641298e-01 -3.353905e-02 7.088944e-02
 8.008008e-01 -5.753226e-01 -8.114759e-03 3.310619e-01
 8.018018e-01 -8.654008e-01  1.023614e-02 7.490234e-01
 8.028028e-01 -1.124148e+00  2.084628e-02 1.264143e+00
 8.038038e-01 -1.342520e+00  2.382087e-02 1.802928e+00
 8.048048e-01 -1.512921e+00  2.003596e-02 2.289330e+00
 8.058058e-01 -1.629427e+00  1.107359e-02 2.655154e+00
 8.068068e-01 -1.687970e+00 -9.017873e-04 2.849243e+00
 8.078078e-01 -1.686459e+00 -1.331665e-02 2.844321e+00
 8.088088e-01 -1.624850e+00 -2.339865e-02 2.640684e+00
 8.098098e-01 -1.505156e+00 -2.840808e-02 2.266302e+00
 8.108108e-01 -1.331399e+00 -2.587314e-02 1.773294e+00
 8.118118e-01 -1.109497e+00 -1.381135e-02 1.231174e+00
 8.128128e-01 -8.470912e-01  9.080013e-03 7.176460e-01
 8.138138e-01 -5.533166e-01  4.327886e-02 3.080323e-01
 8.148148e-01 -2.385131e-01  8.835027e-02 6.469424e-02
 8.158158e-01  8.611151e-02  1.429227e-01 2.784209e-02
 8.168168e-01  4.088607e-01  2.047315e-01 2.090820e-01
 8.178178e-01  7.179598e-01  2.707273e-01 5.887595e-01
 8.188188e-01  1.001985e+00  3.372432e-01 1.117706e+00
 8.198198e-01  1.250293e+00  4.002095e-01 1.723399e+00
 8.208208e-01  1.453442e+00  4.554028e-01 2.319887e+00
 8.218218e-01  1.603580e+00  4.987114e-01 2.820183e+00
 8.228228e-01  1.694780e+00  5.264022e-01 3.149378e+00
 8.238238e-01  1.723316e+00  5.353686e-01 3.256438e+00
 8.248248e-01  1.687860e+00  5.233451e-01 3.122761e+00
 8.258258e-01  1.589578e+00  4.890750e-01 2.765953e+00
 8.268268e-01  1.432138e+00  4.324183e-01 2.238004e+00
 8.278278e-01  1.221598e+00  3.543954e-01 1.617897e+00
 8.288288e-01  9.662026e-01  2.571626e-01 9.996801e-01
 8.298298e-01  6.760709e-01  1.439220e-01 4.777855e-01
 8.308308e-01  3.627982e-01  1.877127e-02 1.319749e-01
 8.318318e-01  3.898360e-02 -1.134976e-01 1.440143e-02
 8.328328e-01 -2.822965e-01 -2.476369e-01 1.410154e-01
 8.338338e-01 -5.880481e-01 -3.782054e-01 4.888399e-01
 8.348348e-01 -8.659242e-01 -4.998387e-01 9.996635e-01
 8.358358e-01 -1.104771e+00 -6.075117e-01 1.589590e+00
 8.368368e-01 -1.295128e+00 -6.967782e-01 2.162857e+00
 8.378378e-01 -1.429656e+00 -7.639760e-01 2.627575e+00
 8.388388e-01 -1.503472e+00 -8.063853e-01 2.910686e+00
 8.398398e-01 -1.514381e+00 -8.223351e-01 2.969586e+00
 8.408408e-01 -1.462973e+00 -8.112525e-01 2.798420e+00
 8.418418e-01 -1.352597e+00 -7.736555e-01 2.428062e+00
 8.428428e-01 -1.189209e+00 -7.110922e-01 1.919869e+00
 8.438438e-01 -9.810823e-01 -6.260317e-01 1.354438e+00
 8.448448e-01 -7.384210e-01 -5.217176e-01 8.174548e-01
 8.458458e-01 -4.728674e-01 -4.019922e-01 3.852013e-01
 8.468468e-01 -1.969456e-01 -2.711046e-01 1.122852e-01
 8.478478e-01  7.654107e-02 -1.335138e-01 2.368447e-02
 8.488488e-01  3.351260e-01  6.301058e-03 1.123491e-01
 8.498498e-01  5.672788e-01  1.440145e-01 3.425454e-01
 8.508509e-01  7.629577e-01  2.756027e-01 6.580614e-01
 8.518519e-01  9.140870e-01  3.974607e-01 9.935301e-01
 8.528529e-01  1.014934e+00  5.064856e-01 1.286620e+00
 8.538539e-01  1.062370e+00  6.001243e-01 1.488779e+00
 8.548549e-01  1.055990e+00  6.763884e-01 1.572617e+00
 8.558559e-01  9.981064e-01  7.338405e-01 1.534738e+00
 8.568569e-01  8.935888e-01  7.715579e-01 1.393803e+00
 8.578579e-01  7.495821e-01  7.890819e-01 1.184524e+00
 8.588589e-01  5.751035e-01  7.863592e-01 9.491047e-01
 8.598599e-01  3.805447e-01  7.636856e-01 7.280299e-01
 8.608609e-01  1.771042e-01  7.216578e-01 5.521558e-01
 8.618619e-01 -2.381951e-02  6.611391e-01 4.376723e-01
 8.628629e-01 -2.112424e-01  5.832434e-01 3.847962e-01
 8.638639e-01 -3.751828e-01  4.893378e-01 3.802137e-01
 8.648649e-01 -5.071914e-01  3.810634e-01 4.024525e-01
 8.658659e-01 -6.007948e-01  2.603696e-01 4.287467e-01
 8.668669e-01 -6.518277e-01  1.295559e-01 4.416641e-01
 8.678679e-01 -6.586361e-01 -8.687001e-03 4.338770e-01
 8.688689e-01 -6.221395e-01 -1.512456e-01 4.099328e-01
 8.698699e-01 -5.457489e-01 -2.945726e-01 3.846148e-01
 8.708709e-01 -4.351457e-01 -4.347035e-01 3.783189e-01
 8.718719e-01 -2.979332e-01 -5.673111e-01 4.106060e-01
 8.728729e-01 -1.431801e-01 -6.877997e-01 4.935690e-01
 8.738739e-01  1.911632e-02 -7.914450e-01 6.267506e-01
 8.748749e-01  1.786193e-01 -8.735742e-01 7.950368e-01
 8.758759e-01  3.252581e-01 -9.297842e-01 9.702915e-01
 8.768769e-01  4.498157e-01 -9.561848e-01 1.116624e+00
 8.778779e-01  5.444655e-01 -9.496571e-01 1.198291e+00
 8.788789e-01  6.032244e-01 -9.081076e-01 1.188539e+00
 8.798799e-01  6.222972e-01 -8.307027e-01 1.077321e+00
 8.808809e-01  6.002919e-01 -7.180625e-01 8.759641e-01
 8.818819e-01  5.382923e-01 -5.723962e-01 6.173960e-01
 8.828829e-01  4.397861e-01 -3.975639e-01 3.514689e-01
 8.838839e-01  3.104505e-01 -1.990505e-01 1.360006e-01
 8.848849e-01  1.578101e-01  1.615562e-02 2.516504e-02
 8.858859e-01 -9.212994e-03  2.397808e-01 5.757971e-02
 8.868869e-01 -1.808302e-01  4.625778e-01 2.466778e-01
 8.878879e-01 -3.469656e-01  6.747200e-01 5.756322e-01
 8.888889e-01 -4.978492e-01  8.662603e-01 9.982607e-01
 8.898899e-01 -6.245884e-01  1.027633e+00 1.446140e+00
 8.908909e-01 -7.196844e-01  1.150170e+00 1.840837e+00
 8.918919e-01 -7.774615e-01  1.226605e+00 2.109006e+00
 8.928929e-01 -7.943858e-01  1.251526e+00 2.197365e+00
 8.938939e-01 -7.692547e-01  1.221757e+00 2.084443e+00
 8.948949e-01 -7.032463e-01  1.136638e+00 1.786502e+00
 8.958959e-01 -5.998297e-01  9.981741e-01 1.356147e+00
 8.968969e-01 -4.645411e-01  8.110497e-01 8.736000e-01
 8.978979e-01 -3.046426e-01  5.824958e-01 4.321084e-01
 8.988989e-01 -1.286862e-01  3.220100e-01 1.202506e-01
 8.998999e-01  5.398938e-02  4.094412e-02 4.591274e-03
 9.009009e-01  2.337975e-01 -2.480252e-01 1.161778e-01
 9.019019e-01  4.014444e-01 -5.315128e-01 4.436634e-01
 9.029029e-01  5.484392e-01 -7.960969e-01 9.345558e-01
 9.039039e-01  6.675449e-01 -1.029010e+00 1.504477e+00
 9.049049e-01  7.531428e-01 -1.218807e+00 2.052715e+00
 9.059059e-01  8.014933e-01 -1.355978e+00 2.481067e+00
 9.069069e-01  8.108803e-01 -1.433458e+00 2.712329e+00
 9.079079e-01  7.816348e-01 -1.447023e+00 2.704830e+00
 9.089089e-01  7.160425e-01 -1.395527e+00 2.460212e+00
 9.099099e-01  6.181446e-01 -1.280979e+00 2.023010e+00
 9.109109e-01  4.934510e-01 -1.108457e+00 1.472171e+00
 9.119119e-01  3.485857e-01 -8.858518e-01 9.062454e-01
 9.129129e-01  1.908912e-01 -6.234635e-01 4.251462e-01
 9.139139e-01  2.801660e-02 -3.334749e-01 1.119904e-01
 9.149149e-01 -1.324832e-01 -2.932513e-02 1.841177e-02
 9.159159e-01 -2.835156e-01  2.749748e-01 1.559923e-01
 9.169169e-01 -4.187649e-01  5.655501e-01 4.952110e-01
 9.179179e-01 -5.329402e-01  8.293524e-01 9.718506e-01
 9.189189e-01 -6.219467e-01  1.054796e+00 1.499412e+00
 9.199199e-01 -6.829787e-01  1.232306e+00 1.985037e+00
 9.209209e-01 -7.145362e-01  1.354749e+00 2.345907e+00
 9.219219e-01 -7.163741e-01  1.417731e+00 2.523154e+00
 9.229229e-01 -6.893945e-01  1.419743e+00 2.490934e+00
 9.239239e-01 -6.354986e-01  1.362151e+00 2.259314e+00
 9.249249e-01 -5.574124e-01  1.249049e+00 1.870832e+00
 9.259259e-01 -4.585030e-01  1.086967e+00 1.391723e+00
 9.269269e-01 -3.425988e-01  8.844717e-01 8.996640e-01
 9.279279e-01 -2.138263e-01  6.516740e-01 4.704007e-01
 9.289289e-01 -7.647074e-02  3.996839e-01 1.655950e-01
 9.299299e-01  6.513577e-02  1.400334e-01 2.385201e-02
 9.309309e-01  2.066970e-01 -1.158939e-01 5.615505e-02
 9.319319e-01  3.440111e-01 -3.573986e-01 2.460774e-01
 9.329329e-01  4.730109e-01 -5.749409e-01 5.542964e-01
 9.339339e-01  5.897940e-01 -7.605333e-01 9.262678e-01
 9.349349e-01  6.906530e-01 -9.080339e-01 1.301527e+00
 9.359359e-01  7.721142e-01 -1.013332e+00 1.623003e+00
 9.369369e-01  8.309919e-01 -1.074424e+00 1.844934e+00
 9.379379e-01  8.644647e-01 -1.091372e+00 1.938392e+00
 9.389389e-01  8.701741e-01 -1.066178e+00 1.893938e+00
 9.399399e-01  8.463436e-01 -1.002555e+00 1.721414e+00
 9.409409e-01  7.919142e-01 -9.056405e-01 1.447313e+00
 9.419419e-01  7.066839e-01 -7.816560e-01 1.110388e+00
 9.429429e-01  5.914427e-01 -6.375386e-01 7.562599e-01
 9.439439e-01  4.480862e-01 -4.805665e-01 4.317254e-01
 9.449449e-01  2.796958e-01 -3.179963e-01 1.793514e-01
 9.459459e-01  9.056959e-02 -1.567310e-01 3.276747e-02
 9.469469e-01 -1.138062e-01 -3.031976e-03 1.296105e-02
 9.479479e-01 -3.268545e-01  1.377128e-01 1.257987e-01
 9.489489e-01 -5.410773e-01  2.611580e-01 3.609682e-01
 9.499499e-01 -7.482976e-01  3.641046e-01 6.925215e-01
 9.509510e-01 -9.399664e-01  4.445382e-01 1.081151e+00
 9.519520e-01 -1.107525e+00  5.016069e-01 1.478220e+00
 9.529530e-01 -1.242801e+00  5.355453e-01 1.831364e+00
 9.539540e-01 -1.338431e+00  5.475528e-01 2.091211e+00
 9.549550e-01 -1.388262e+00  5.396395e-01 2.218482e+00
 9.559560e-01 -1.387738e+00  5.144475e-01 2.190472e+00
 9.569570e-01 -1.334221e+00  4.750628e-01 2.005829e+00
 9.579580e-01 -1.227239e+00  4.248250e-01 1.686591e+00
 9.589590e-01 -1.068638e+00  3.671471e-01 1.276784e+00
 9.599600e-01 -8.626214e-01  3.053518e-01 8.373555e-01
 9.609610e-01 -6.156722e-01  2.425315e-01 4.378738e-01
 9.619620e-01 -3.363550e-01  1.814348e-01 1.460533e-01
 9.629630e-01 -3.500315e-02  1.243837e-01 1.669652e-02
 9.639640e-01  2.766964e-01  7.321922e-02 8.192197e-02
 9.649650e-01  5.862030e-01  2.927701e-02 3.444911e-01
 9.659660e-01  8.806810e-01 -6.612358e-03 7.756428e-01
 9.669670e-01  1.147593e+00 -3.410033e-02 1.318132e+00
 9.679680e-01  1.375292e+00 -5.327952e-02 1.894265e+00
 9.689690e-01  1.553588e+00 -6.462960e-02 2.417812e+00
 9.699700e-01  1.674255e+00 -6.895428e-02 2.807886e+00
 9.709710e-01  1.731452e+00 -6.731366e-02 3.002457e+00
 9.719720e-01  1.722030e+00 -6.095547e-02 2.969105e+00
 9.729730e-01  1.645725e+00 -5.124820e-02 2.711037e+00
 9.739740e-01  1.505198e+00 -3.961815e-02 2.267191e+00
 9.749750e-01  1.305947e+00 -2.749175e-02 1.706253e+00
 9.759760e-01  1.056074e+00 -1.624386e-02 1.115557e+00
 9.769770e-01  7.659292e-01 -7.151931e-03 5.866987e-01
 9.779780e-01  4.476404e-01 -1.355734e-03 2.003838e-01
 9.789790e-01  1.145625e-01  1.780726e-04 1.312459e-02
 9.799800e-01 -2.193381e-01 -3.312713e-03 4.812018e-02
 9.809810e-01 -5.401253e-01 -1.235803e-02 2.918881e-01
 9.819820e-01 -8.345343e-01 -2.723092e-02 6.971890e-01
 9.829830e-01 -1.090578e+00 -4.792628e-02 1.191656e+00
 9.839840e-01 -1.298088e+00 -7.414349e-02 1.690530e+00
 9.849850e-01 -1.449173e+00 -1.052742e-01 2.111186e+00
 9.859860e-01 -1.538556e+00 -1.403971e-01 2.386864e+00
 9.869870e-01 -1.563787e+00 -1.782810e-01 2.477214e+00
 9.879880e-01 -1.525327e+00 -2.173996e-01 2.373886e+00
 9.889890e-01 -1.426479e+00 -2.559592e-01 2.100356e+00
 9.899900e-01 -1.273189e+00 -2.919422e-01 1.706239e+00
 9.909910e-01 -1.073726e+00 -3.231671e-01 1.257324e+00
 9.919920e-01 -8.382471e-01 -3.473659e-01 8.233214e-01
 9.929930e-01 -5.782828e-01 -3.622796e-01 4.656574e-01
 9.939940e-01 -3.061576e-01 -3.657671e-01 2.275180e-01
 9.949950e-01 -3.438631e-02 -3.559280e-01 1.278672e-01
 9.959960e-01  2.249322e-01 -3.312315e-01 1.603088e-01
 9.969970e-01  4.606889e-01 -2.906464e-01 2.967095e-01
 9.979980e-01  6.632790e-01 -2.337650e-01 4.945852e-01
 9.989990e-01  8.250315e-01 -1.609118e-01 7.065696e-01
 1.000000e+00  9.405316e-01 -7.322808e-02 8.899620e-01
