# x psi_r psi_i psi2 
 0.000000e+00 -1.039680e-01  1.093074e+00 1.205619e+00
 1.001001e-03 -2.012927e-01  1.062123e+00 1.168623e+00
 2.002002e-03 -3.009343e-01  9.789338e-01 1.048873e+00
 3.003003e-03 -3.999481e-01  8.497940e-01 8.821084e-01
 4.004004e-03 -4.948811e-01  6.832639e-01 7.117569e-01
 5.005005e-03 -5.818480e-01  4.896856e-01 5.783391e-01
 6.006006e-03 -6.566572e-01  2.805983e-01 5.099340e-01
 7.007007e-03 -7.149866e-01  6.809071e-02 5.158422e-01
 8.008008e-03 -7.526048e-01 -1.358724e-01 5.848752e-01
 9.009009e-03 -7.656268e-01 -3.201135e-01 6.886571e-01
 1.001001e-02 -7.507921e-01 -4.748577e-01 7.891787e-01
 1.101101e-02 -7.057463e-01 -5.922653e-01 8.488560e-01
 1.201201e-02 -6.293073e-01 -6.668505e-01 8.407172e-01
 1.301301e-02 -5.216940e-01 -6.957634e-01 7.562513e-01
 1.401401e-02 -3.846972e-01 -6.789161e-01 6.089190e-01
 1.501502e-02 -2.217719e-01 -6.189479e-01 4.322793e-01
 1.601602e-02 -3.803720e-02 -5.210289e-01 2.729179e-01
 1.701702e-02  1.598282e-01 -3.925153e-01 1.796133e-01
 1.801802e-02  3.637988e-01 -2.424760e-01 1.911442e-01
 1.901902e-02  5.648197e-01 -8.111923e-02 3.256016e-01
 2.002002e-02  7.532186e-01  8.084619e-02 5.738743e-01
 2.102102e-02  9.191930e-01  2.328753e-01 8.991468e-01
 2.202202e-02  1.053349e+00  3.652369e-01 1.242942e+00
 2.302302e-02  1.147258e+00  4.696076e-01 1.536732e+00
 2.402402e-02  1.194001e+00  5.395747e-01 1.716779e+00
 2.502503e-02  1.188660e+00  5.710146e-01 1.738970e+00
 2.602603e-02  1.128727e+00  5.623251e-01 1.590233e+00
 2.702703e-02  1.014390e+00  5.144958e-01 1.293692e+00
 2.802803e-02  8.486831e-01  4.310153e-01 9.060371e-01
 2.902903e-02  6.374720e-01  3.176183e-01 5.072520e-01
 3.003003e-02  3.892716e-01  1.818945e-01 1.846180e-01
 3.103103e-02  1.148989e-01  3.278152e-02 1.427638e-02
 3.203203e-02 -1.730260e-01 -1.200219e-01 4.434325e-02
 3.303303e-02 -4.607065e-01 -2.666843e-01 2.833710e-01
 3.403403e-02 -7.338903e-01 -3.978701e-01 6.968956e-01
 3.503504e-02 -9.786433e-01 -5.053272e-01 1.213098e+00
 3.603604e-02 -1.182130e+00 -5.823955e-01 1.736616e+00
 3.703704e-02 -1.333355e+00 -6.244043e-01 2.167717e+00
 3.803804e-02 -1.423817e+00 -6.289336e-01 2.422812e+00
 3.903904e-02 -1.448032e+00 -5.959249e-01 2.451923e+00
 4.004004e-02 -1.403896e+00 -5.276369e-01 2.249325e+00
 4.104104e-02 -1.292858e+00 -4.284528e-01 1.855055e+00
 4.204204e-02 -1.119889e+00 -3.045537e-01 1.346904e+00
 4.304304e-02 -8.932447e-01 -1.634858e-01 8.246136e-01
 4.404404e-02 -6.240448e-01 -1.365125e-02 3.896182e-01
 4.504505e-02 -3.256744e-01  1.362402e-01 1.246252e-01
 4.604605e-02 -1.305713e-02  2.777207e-01 7.729928e-02
 4.704705e-02  2.981635e-01  4.030773e-01 2.513728e-01
 4.804805e-02  5.924853e-01  5.057962e-01 6.068686e-01
 4.904905e-02  8.553977e-01  5.809093e-01 1.069161e+00
 5.005005e-02  1.074173e+00  6.252248e-01 1.544754e+00
 5.105105e-02  1.238550e+00  6.374304e-01 1.940324e+00
 5.205205e-02  1.341270e+00  6.180686e-01 2.181014e+00
 5.305305e-02  1.378435e+00  5.693924e-01 2.224290e+00
 5.405405e-02  1.349671e+00  4.951181e-01 2.066754e+00
 5.505506e-02  1.258086e+00  4.000993e-01 1.742859e+00
 5.605606e-02  1.110026e+00  2.899493e-01 1.316229e+00
 5.705706e-02  9.146605e-01  1.706435e-01 8.657230e-01
 5.805806e-02  6.833997e-01  4.813207e-02 4.693518e-01
 5.905906e-02  4.292109e-01 -7.200957e-02 1.894074e-01
 6.006006e-02  1.658536e-01 -1.848688e-01 6.168391e-02
 6.106106e-02 -9.290830e-02 -2.864058e-01 9.066025e-02
 6.206206e-02 -3.340737e-01 -3.735757e-01 2.511640e-01
 6.306306e-02 -5.461052e-01 -4.443615e-01 4.956880e-01
 6.406406e-02 -7.195248e-01 -4.977248e-01 7.654459e-01
 6.506507e-02 -8.473724e-01 -5.334851e-01 1.002646e+00
 6.606607e-02 -9.255033e-01 -5.521482e-01 1.161424e+00
 6.706707e-02 -9.527138e-01 -5.547046e-01 1.215361e+00
 6.806807e-02 -9.306908e-01 -5.424205e-01 1.160405e+00
 6.906907e-02 -8.637959e-01 -5.166450e-01 1.013065e+00
 7.007007e-02 -7.587017e-01 -4.786521e-01 8.047361e-01
 7.107107e-02 -6.239058e-01 -4.295339e-01 5.737579e-01
 7.207207e-02 -4.691571e-01 -3.701529e-01 3.571216e-01
 7.307307e-02 -3.048295e-01 -3.011573e-01 1.836167e-01
 7.407407e-02 -1.412829e-01 -2.230539e-01 6.971389e-02
 7.507508e-02  1.175112e-02 -1.363307e-01 1.872414e-02
 7.607608e-02  1.457225e-01 -4.161026e-02 2.296646e-02
 7.707708e-02  2.537260e-01  6.018199e-02 6.799876e-02
 7.807808e-02  3.308490e-01  1.676585e-01 1.375704e-01
 7.907908e-02  3.743879e-01  2.788387e-01 2.179173e-01
 8.008008e-02  3.839251e-01  3.910662e-01 3.003312e-01
 8.108108e-02  3.612663e-01  5.009893e-01 3.815036e-01
 8.208208e-02  3.102467e-01  6.046144e-01 4.618115e-01
 8.308308e-02  2.364222e-01  6.974352e-01 5.423114e-01
 8.408408e-02  1.466664e-01  7.746353e-01 6.215708e-01
 8.508509e-02  4.870123e-02  8.313515e-01 6.935172e-01
 8.608609e-02 -4.941103e-02  8.629850e-01 7.471846e-01
 8.708709e-02 -1.397813e-01  8.655344e-01 7.686887e-01
 8.808809e-02 -2.151852e-01  8.359303e-01 7.450842e-01
 8.908909e-02 -2.695022e-01  7.723420e-01 6.691436e-01
 9.009009e-02 -2.980810e-01  6.744327e-01 5.437118e-01
 9.109109e-02 -2.980092e-01  5.435404e-01 3.842457e-01
 9.209209e-02 -2.682763e-01  3.827649e-01 2.184811e-01
 9.309309e-02 -2.098212e-01  1.969504e-01 8.281441e-02
 9.409409e-02 -1.254664e-01 -7.442522e-03 1.579721e-02
 9.509510e-02 -1.974208e-02 -2.225730e-01 4.992849e-02
 9.609610e-02  1.013854e-01 -4.395539e-01 2.034866e-01
 9.709710e-02  2.308650e-01 -6.488670e-01 4.743271e-01
 9.809810e-02  3.609710e-01 -8.408366e-01 8.373063e-01
 9.909910e-02  4.837479e-01 -1.006134e+00 1.246318e+00
 1.001001e-01  5.914652e-01 -1.136285e+00 1.640975e+00
 1.011011e-01  6.770569e-01 -1.224146e+00 1.956938e+00
 1.021021e-01  7.345219e-01 -1.264323e+00 2.138035e+00
 1.031031e-01  7.592646e-01 -1.253512e+00 2.147776e+00
 1.041041e-01  7.483574e-01 -1.190728e+00 1.977873e+00
 1.051051e-01  7.007124e-01 -1.077418e+00 1.651826e+00
 1.061061e-01  6.171546e-01 -9.174460e-01 1.222587e+00
 1.071071e-01  5.003927e-01 -7.169572e-01 7.644204e-01
 1.081081e-01  3.548909e-01 -4.841108e-01 3.603108e-01
 1.091091e-01  1.866499e-01 -2.287141e-01 8.714834e-02
 1.101101e-01  2.907805e-03  3.823391e-02 1.470287e-03
 1.111111e-01 -1.882211e-01  3.050625e-01 1.284903e-01
 1.121121e-01 -3.781511e-01  5.599855e-01 4.565820e-01
 1.131131e-01 -5.582521e-01  7.916658e-01 9.383801e-01
 1.141141e-01 -7.202765e-01  9.897596e-01 1.498422e+00
 1.151151e-01 -8.567642e-01  1.145413e+00 2.046015e+00
 1.161161e-01 -9.614052e-01  1.251686e+00 2.491017e+00
 1.171171e-01 -1.029341e+00  1.303887e+00 2.759665e+00
 1.181181e-01 -1.057391e+00  1.299798e+00 2.807552e+00
 1.191191e-01 -1.044194e+00  1.239782e+00 2.627401e+00
 1.201201e-01 -9.902534e-01  1.126771e+00 2.250216e+00
 1.211211e-01 -8.978960e-01  9.661314e-01 1.739627e+00
 1.221221e-01 -7.711340e-01  7.654163e-01 1.180510e+00
 1.231231e-01 -6.154503e-01  5.340175e-01 6.639538e-01
 1.241241e-01 -4.375135e-01  2.827294e-01 2.713540e-01
 1.251251e-01 -2.448409e-01  2.324756e-02 6.048754e-02
 1.261261e-01 -4.542750e-02 -2.323759e-01 5.606221e-02
 1.271271e-01  1.526390e-01 -4.722969e-01 2.463631e-01
 1.281281e-01  3.415556e-01 -6.854378e-01 5.864852e-01
 1.291291e-01  5.141552e-01 -8.620137e-01 1.007423e+00
 1.301301e-01  6.642134e-01 -9.940047e-01 1.429225e+00
 1.311311e-01  7.866953e-01 -1.075548e+00 1.775694e+00
 1.321321e-01  8.779321e-01 -1.103237e+00 1.987896e+00
 1.331331e-01  9.357203e-01 -1.076298e+00 2.033989e+00
 1.341341e-01  9.593411e-01 -9.966559e-01 1.913658e+00
 1.351351e-01  9.495040e-01 -8.688595e-01 1.656475e+00
 1.361361e-01  9.082197e-01 -6.998796e-01 1.314694e+00
 1.371371e-01  8.386156e-01 -4.987846e-01 9.520622e-01
 1.381381e-01  7.447070e-01 -2.763029e-01 6.309319e-01
 1.391391e-01  6.311404e-01 -4.429201e-02 4.003000e-01
 1.401401e-01  5.029268e-01  1.848624e-01 2.871095e-01
 1.411411e-01  3.651816e-01  3.988876e-01 2.924690e-01
 1.421421e-01  2.228873e-01  5.862753e-01 3.933975e-01
 1.431431e-01  8.069110e-02  7.369071e-01 5.495431e-01
 1.441441e-01 -5.725084e-02  8.426211e-01 7.132880e-01
 1.451451e-01 -1.873789e-01  8.976864e-01 8.409517e-01
 1.461461e-01 -3.067820e-01  8.991550e-01 9.025949e-01
 1.471471e-01 -4.131990e-01  8.470691e-01 8.882595e-01
 1.481481e-01 -5.049770e-01  7.445054e-01 8.092901e-01
 1.491491e-01 -5.809950e-01  5.974487e-01 6.945001e-01
 1.501502e-01 -6.405651e-01  4.144970e-01 5.821314e-01
 1.511512e-01 -6.833262e-01  2.064082e-01 5.095391e-01
 1.521522e-01 -7.091406e-01 -1.448892e-02 5.030903e-01
 1.531532e-01 -7.180078e-01 -2.349896e-01 5.707553e-01
 1.541542e-01 -7.100053e-01 -4.417755e-01 6.992731e-01
 1.551552e-01 -6.852617e-01 -6.222011e-01 8.567179e-01
 1.561562e-01 -6.439668e-01 -7.650566e-01 1.000005e+00
 1.571572e-01 -5.864164e-01 -8.612607e-01 1.085654e+00
 1.581582e-01 -5.130882e-01 -9.044386e-01 1.081269e+00
 1.591592e-01 -4.247384e-01 -8.913477e-01 9.749034e-01
 1.601602e-01 -3.225086e-01 -8.221183e-01 7.798904e-01
 1.611612e-01 -2.080299e-01 -7.002940e-01 5.336881e-01
 1.621622e-01 -8.350821e-02 -5.326605e-01 2.907009e-01
 1.631632e-01  4.822093e-02 -3.288732e-01 1.104828e-01
 1.641642e-01  1.836810e-01 -1.009000e-01 4.391953e-02
 1.651652e-01  3.187955e-01  1.376866e-01 1.205882e-01
 1.661662e-01  4.489851e-01  3.725269e-01 3.403639e-01
 1.671672e-01  5.693232e-01  5.893499e-01 6.714622e-01
 1.681682e-01  6.747429e-01  7.748536e-01 1.055676e+00
 1.691692e-01  7.602876e-01  9.175324e-01 1.419903e+00
 1.701702e-01  8.213903e-01  1.008399e+00 1.691550e+00
 1.711712e-01  8.541639e-01  1.041552e+00 1.814426e+00
 1.721722e-01  8.556836e-01  1.014555e+00 1.761515e+00
 1.731732e-01  8.242390e-01  9.285972e-01 1.541663e+00
 1.741742e-01  7.595365e-01  7.884289e-01 1.198516e+00
 1.751752e-01  6.628333e-01  6.020687e-01 8.018347e-01
 1.761762e-01  5.369877e-01  3.803094e-01 4.329910e-01
 1.771772e-01  3.864176e-01  1.360477e-01 1.678276e-01
 1.781782e-01  2.169612e-01 -1.165150e-01 6.064790e-02
 1.791792e-01  3.564388e-02 -3.627510e-01 1.328588e-01
 1.801802e-01 -1.496399e-01 -5.885050e-01 3.687303e-01
 1.811812e-01 -3.305145e-01 -7.809558e-01 7.191318e-01
 1.821822e-01 -4.985595e-01 -9.293854e-01 1.112319e+00
 1.831832e-01 -6.457694e-01 -1.025808e+00 1.469299e+00
 1.841842e-01 -7.650089e-01 -1.065416e+00 1.720349e+00
 1.851852e-01 -8.504335e-01 -1.046825e+00 1.819080e+00
 1.861862e-01 -8.978501e-01 -9.720959e-01 1.751105e+00
 1.871872e-01 -9.049895e-01 -8.465402e-01 1.535636e+00
 1.881882e-01 -8.716729e-01 -6.783300e-01 1.219945e+00
 1.891892e-01 -7.998576e-01 -4.779346e-01 8.681936e-01
 1.901902e-01 -6.935552e-01 -2.574280e-01 5.472880e-01
 1.911912e-01 -5.586246e-01 -2.971506e-02 3.129444e-01
 1.921922e-01 -4.024488e-01  1.922727e-01 1.989338e-01
 1.931932e-01 -2.335143e-01  3.963586e-01 2.116291e-01
 1.941942e-01 -6.091684e-02  5.718309e-01 3.307014e-01
 1.951952e-01  1.061762e-01  7.100360e-01 5.154245e-01
 1.961962e-01  2.590732e-01  8.048244e-01 7.148612e-01
 1.971972e-01  3.900804e-01  8.528227e-01 8.794693e-01
 1.981982e-01  4.929653e-01  8.535236e-01 9.715173e-01
 1.991992e-01  5.633303e-01  8.091932e-01 9.721347e-01
 2.002002e-01  5.988706e-01  7.246120e-01 8.837086e-01
 2.012012e-01  5.994998e-01  6.066706e-01 7.274492e-01
 2.022022e-01  5.673314e-01  4.638546e-01 5.370260e-01
 2.032032e-01  5.065186e-01  3.056552e-01 3.499862e-01
 2.042042e-01  4.229587e-01  1.419484e-01 1.990434e-01
 2.052052e-01  3.238828e-01 -1.761855e-02 1.052105e-01
 2.062062e-01  2.173562e-01 -1.641939e-01 7.420337e-02
 2.072072e-01  1.117217e-01 -2.902082e-01 9.670253e-02
 2.082082e-01  1.502335e-02 -3.897559e-01 1.521353e-01
 2.092092e-01 -6.555111e-02 -4.588537e-01 2.148437e-01
 2.102102e-01 -1.241713e-01 -4.955675e-01 2.610057e-01
 2.112112e-01 -1.567745e-01 -5.000074e-01 2.745857e-01
 2.122122e-01 -1.613568e-01 -4.742003e-01 2.509019e-01
 2.132132e-01 -1.381238e-01 -4.218557e-01 1.970404e-01
 2.142142e-01 -8.949017e-02 -3.480457e-01 1.291443e-01
 2.152152e-01 -1.992545e-02 -2.588247e-01 6.738726e-02
 2.162162e-01  6.434334e-02 -1.608156e-01 3.000173e-02
 2.172172e-01  1.557549e-01 -6.078903e-02 2.795489e-02
 2.182182e-01  2.459346e-01  3.473887e-02 6.169060e-02
 2.192192e-01  3.262793e-01  1.198683e-01 1.208266e-01
 2.202202e-01  3.885672e-01  1.896199e-01 1.869401e-01
 2.212212e-01  4.255521e-01  2.401684e-01 2.387755e-01
 2.222222e-01  4.315025e-01  2.689982e-01 2.585545e-01
 2.232232e-01  4.026479e-01  2.749781e-01 2.377383e-01
 2.242242e-01  3.375033e-01  2.583580e-01 1.806574e-01
 2.252252e-01  2.370484e-01  2.206937e-01 1.048976e-01
 2.262262e-01  1.047475e-01  1.647083e-01 3.810085e-02
 2.272272e-01 -5.359137e-02  9.410324e-02 1.172745e-02
 2.282282e-01 -2.301116e-01  1.333031e-02 5.312903e-02
 2.292292e-01 -4.153400e-01 -7.266098e-02 1.777869e-01
 2.302302e-01 -5.987293e-01 -1.586878e-01 3.836586e-01
 2.312312e-01 -7.692775e-01 -2.395982e-01 6.491952e-01
 2.322322e-01 -9.161866e-01 -3.105232e-01 9.358226e-01
 2.332332e-01 -1.029520e+00 -3.671083e-01 1.194680e+00
 2.342342e-01 -1.100820e+00 -4.057152e-01 1.376409e+00
 2.352352e-01 -1.123641e+00 -4.235877e-01 1.441995e+00
 2.362362e-01 -1.093980e+00 -4.189771e-01 1.372333e+00
 2.372372e-01 -1.010562e+00 -3.912232e-01 1.174291e+00
 2.382382e-01 -8.749782e-01 -3.407888e-01 8.817238e-01
 2.392392e-01 -6.916561e-01 -2.692468e-01 5.508819e-01
 2.402402e-01 -4.676757e-01 -1.792212e-01 2.508408e-01
 2.412412e-01 -2.124347e-01 -7.428276e-02 5.064645e-02
 2.422422e-01  6.281545e-02  4.119689e-02 5.642965e-03
 2.432432e-01  3.455353e-01  1.622276e-01 1.457124e-01
 2.442442e-01  6.225339e-01  2.834140e-01 4.678719e-01
 2.452452e-01  8.806408e-01  3.991910e-01 9.348817e-01
 2.462462e-01  1.107378e+00  5.040734e-01 1.480376e+00
 2.472472e-01  1.291594e+00  5.929088e-01 2.019756e+00
 2.482482e-01  1.424031e+00  6.611222e-01 2.464947e+00
 2.492492e-01  1.497792e+00  7.049419e-01 2.740325e+00
 2.502503e-01  1.508692e+00  7.215939e-01 2.796849e+00
 2.512513e-01  1.455468e+00  7.094554e-01 2.621714e+00
 2.522523e-01  1.339850e+00  6.681580e-01 2.241633e+00
 2.532533e-01  1.166483e+00  5.986325e-01 1.719043e+00
 2.542543e-01  9.427090e-01  5.030927e-01 1.141803e+00
 2.552553e-01  6.782246e-01  3.849557e-01 6.081795e-01
 2.562563e-01  3.846243e-01  2.487011e-01 2.097881e-01
 2.572573e-01  7.486055e-02  9.967563e-02 1.553933e-02
 2.582583e-01 -2.373589e-01 -5.614907e-02 5.949198e-02
 2.592593e-01 -5.382059e-01 -2.124522e-01 3.348015e-01
 2.602603e-01 -8.143700e-01 -3.628593e-01 7.948654e-01
 2.612613e-01 -1.053672e+00 -5.012424e-01 1.361470e+00
 2.622623e-01 -1.245626e+00 -6.220066e-01 1.938477e+00
 2.632633e-01 -1.381919e+00 -7.203493e-01 2.428602e+00
 2.642643e-01 -1.456796e+00 -7.924762e-01 2.750273e+00
 2.652653e-01 -1.467331e+00 -8.357633e-01 2.851561e+00
 2.662663e-01 -1.413561e+00 -8.488552e-01 2.718709e+00
 2.672673e-01 -1.298490e+00 -8.316964e-01 2.377794e+00
 2.682683e-01 -1.127956e+00 -7.854945e-01 1.889286e+00
 2.692693e-01 -9.103630e-01 -7.126188e-01 1.336586e+00
 2.702703e-01 -6.562911e-01 -6.164437e-01 8.107209e-01
 2.712713e-01 -3.780005e-01 -5.011460e-01 3.940317e-01
 2.722723e-01 -8.885081e-02 -3.714722e-01 1.458860e-01
 2.732733e-01  1.973394e-01 -2.324896e-01 9.299425e-02
 2.742743e-01  4.669633e-01 -8.933797e-02 2.260360e-01
 2.752753e-01  7.072940e-01  5.300304e-02 5.030741e-01
 2.762763e-01  9.071188e-01  1.899181e-01 8.589334e-01
 2.772773e-01  1.057306e+00  3.173200e-01 1.218588e+00
 2.782783e-01  1.151274e+00  4.317676e-01 1.511856e+00
 2.792793e-01  1.185338e+00  5.305328e-01 1.686491e+00
 2.802803e-01  1.158907e+00  6.116190e-01 1.717144e+00
 2.812813e-01  1.074529e+00  6.737336e-01 1.608529e+00
 2.822823e-01  9.377617e-01  7.162249e-01 1.392375e+00
 2.832833e-01  7.568879e-01  7.389913e-01 1.118987e+00
 2.842843e-01  5.424735e-01  7.423762e-01 8.453999e-01
 2.852853e-01  3.067976e-01  7.270601e-01 6.227412e-01
 2.862863e-01  6.318019e-02  6.939626e-01 4.855758e-01
 2.872873e-01 -1.747575e-01  6.441627e-01 4.454858e-01
 2.882883e-01 -3.938567e-01  5.788466e-01 4.901865e-01
 2.892893e-01 -5.821672e-01  4.992848e-01 5.882040e-01
 2.902903e-01 -7.296306e-01  4.068418e-01 6.978811e-01
 2.912913e-01 -8.286604e-01  3.030120e-01 7.784943e-01
 2.922923e-01 -8.745801e-01  1.894775e-01 8.007920e-01
 2.932933e-01 -8.658938e-01  6.817720e-02 7.544202e-01
 2.942943e-01 -8.043670e-01 -5.862367e-02 6.504430e-01
 2.952953e-01 -6.949118e-01 -1.882766e-01 5.183504e-01
 2.962963e-01 -5.452794e-01 -3.177163e-01 3.982733e-01
 2.972973e-01 -3.655781e-01 -4.434631e-01 3.303069e-01
 2.982983e-01 -1.676429e-01 -5.616667e-01 3.435736e-01
 2.992993e-01  3.570375e-02 -6.681985e-01 4.477640e-01
 3.003003e-01  2.314552e-01 -7.587915e-01 6.293360e-01
 3.013013e-01  4.072369e-01 -8.292244e-01 8.534549e-01
 3.023023e-01  5.520838e-01 -8.755416e-01 1.071370e+00
 3.033033e-01  6.571282e-01 -8.942963e-01 1.231583e+00
 3.043043e-01  7.161532e-01 -8.828024e-01 1.292215e+00
 3.053053e-01  7.259751e-01 -8.393752e-01 1.231591e+00
 3.063063e-01  6.866289e-01 -7.635443e-01 1.054459e+00
 3.073073e-01  6.013447e-01 -6.562184e-01 7.922379e-01
 3.083083e-01  4.763144e-01 -5.197858e-01 4.970527e-01
 3.093093e-01  3.202669e-01 -3.581379e-01 2.308337e-01
 3.103103e-01  1.438764e-01 -1.766052e-01 5.188981e-02
 3.113113e-01 -4.095415e-02  1.819738e-02 2.008387e-03
 3.123123e-01 -2.218875e-01  2.186129e-01 9.702566e-02
 3.133133e-01 -3.869709e-01  4.162657e-01 3.230236e-01
 3.143143e-01 -5.254243e-01  6.024496e-01 6.390163e-01
 3.153153e-01 -6.283453e-01  7.685631e-01 9.855071e-01
 3.163163e-01 -6.892825e-01  9.065657e-01 1.296972e+00
 3.173173e-01 -7.046417e-01  1.009430e+00 1.515470e+00
 3.183183e-01 -6.738953e-01  1.071564e+00 1.602384e+00
 3.193193e-01 -5.995855e-01  1.089165e+00 1.545783e+00
 3.203203e-01 -4.871203e-01  1.060501e+00 1.361948e+00
 3.213213e-01 -3.443789e-01  9.860757e-01 1.090942e+00
 3.223223e-01 -1.811550e-01  8.686800e-01 7.874221e-01
 3.233233e-01 -8.478005e-03  7.133092e-01 5.088818e-01
 3.243243e-01  1.621417e-01  5.269561e-01 3.039727e-01
 3.253253e-01  3.194899e-01  3.182811e-01 2.033767e-01
 3.263263e-01  4.533957e-01  9.717761e-02 2.150112e-01
 3.273273e-01  5.553987e-01 -1.257449e-01 3.242795e-01
 3.283283e-01  6.192913e-01 -3.397299e-01 4.989381e-01
 3.293293e-01  6.415017e-01 -5.344641e-01 6.971762e-01
 3.303303e-01  6.212949e-01 -7.006509e-01 8.769189e-01
 3.313313e-01  5.607795e-01 -8.305344e-01 1.004261e+00
 3.323323e-01  4.647250e-01 -9.183388e-01 1.059316e+00
 3.333333e-01  3.402033e-01 -9.605961e-01 1.038483e+00
 3.343343e-01  1.960836e-01 -9.563396e-01 9.530341e-01
 3.353353e-01  4.241597e-02 -9.071494e-01 8.247191e-01
 3.363363e-01 -1.102527e-01 -8.170462e-01 6.797201e-01
 3.373373e-01 -2.515839e-01 -6.922371e-01 5.424867e-01
 3.383383e-01 -3.721260e-01 -5.407294e-01 4.308661e-01
 3.393393e-01 -4.639236e-01 -3.718350e-01 3.534864e-01
 3.403403e-01 -5.210171e-01 -1.955963e-01 3.097167e-01
 3.413413e-01 -5.398049e-01 -2.217032e-02 2.918809e-01
 3.423423e-01 -5.192467e-01  1.387905e-01 2.888800e-01
 3.433433e-01 -4.608987e-01  2.787210e-01 2.901130e-01
 3.443443e-01 -3.687829e-01  3.906515e-01 2.886094e-01
 3.453453e-01 -2.491041e-01  4.696095e-01 2.825859e-01
 3.463463e-01 -1.098337e-01  5.128887e-01 2.751183e-01
 3.473473e-01  3.980695e-02  5.201686e-01 2.721599e-01
 3.483483e-01  1.899320e-01  4.934767e-01 2.795934e-01
 3.493493e-01  3.306053e-01  4.369989e-01 3.002679e-01
 3.503504e-01  4.524467e-01  3.567493e-01 3.319781e-01
 3.513514e-01  5.471944e-01  2.601245e-01 3.670865e-01
 3.523524e-01  6.081907e-01  1.553719e-01 3.940364e-01
 3.533534e-01  6.307660e-01  5.100904e-02 4.004677e-01
 3.543544e-01  6.125011e-01 -4.476611e-02 3.771616e-01
 3.553554e-01  5.533572e-01 -1.246348e-01 3.217381e-01
 3.563564e-01  4.556707e-01 -1.826490e-01 2.409965e-01
 3.573574e-01  3.240159e-01 -2.146223e-01 1.510490e-01
 3.583584e-01  1.649494e-01 -2.183943e-01 7.490437e-02
 3.593594e-01 -1.334983e-02 -1.939541e-01 3.779643e-02
 3.603604e-01 -2.015184e-01 -1.434129e-01 6.117691e-02
 3.613614e-01 -3.895040e-01 -7.083227e-02 1.567305e-01
 3.623624e-01 -5.670880e-01  1.807871e-02 3.219156e-01
 3.633634e-01 -7.244110e-01  1.163765e-01 5.383148e-01
 3.643644e-01 -8.524740e-01  2.163751e-01 7.735301e-01
 3.653654e-01 -9.435924e-01  3.101832e-01 9.865803e-01
 3.663664e-01 -9.917828e-01  3.902499e-01 1.135928e+00
 3.673674e-01 -9.930661e-01  4.498805e-01 1.188573e+00
 3.683684e-01 -9.456746e-01  4.836908e-01 1.128257e+00
 3.693694e-01 -8.501559e-01  4.879681e-01 9.608779e-01
 3.703704e-01 -7.093708e-01  4.609180e-01 7.156523e-01
 3.713714e-01 -5.283865e-01  4.027824e-01 4.414260e-01
 3.723724e-01 -3.142699e-01  3.158240e-01 1.985104e-01
 3.733734e-01 -7.579205e-02  2.041800e-01 4.743391e-02
 3.743744e-01  1.769449e-01  7.359874e-02 3.672627e-02
 3.753754e-01  4.329420e-01 -6.892220e-02 1.921890e-01
 3.763764e-01  6.807818e-01 -2.155698e-01 5.099342e-01
 3.773774e-01  9.091300e-01 -3.581933e-01 9.548198e-01
 3.783784e-01  1.107242e+00 -4.887933e-01 1.464903e+00
 3.793794e-01  1.265448e+00 -5.999928e-01 1.961350e+00
 3.803804e-01  1.375608e+00 -6.854612e-01 2.362155e+00
 3.813814e-01  1.431499e+00 -7.402671e-01 2.597184e+00
 3.823824e-01  1.429132e+00 -7.611417e-01 2.621754e+00
 3.833834e-01  1.366979e+00 -7.466404e-01 2.426104e+00
 3.843844e-01  1.246097e+00 -6.971972e-01 2.038841e+00
 3.853854e-01  1.070134e+00 -6.150725e-01 1.523501e+00
 3.863864e-01  8.452325e-01 -5.042031e-01 9.686387e-01
 3.873874e-01  5.798094e-01 -3.699664e-01 4.730540e-01
 3.883884e-01  2.842346e-01 -2.188747e-01 1.286954e-01
 3.893894e-01 -2.958797e-02 -5.822204e-02 4.265254e-03
 3.903904e-01 -3.487180e-01  1.042988e-01 1.324825e-01
 3.913914e-01 -6.597357e-01  2.609854e-01 5.033645e-01
 3.923924e-01 -9.493331e-01  4.045030e-01 1.064856e+00
 3.933934e-01 -1.204914e+00  5.282301e-01 1.730846e+00
 3.943944e-01 -1.415175e+00  6.265609e-01 2.395300e+00
 3.953954e-01 -1.570637e+00  6.951488e-01 2.950132e+00
 3.963964e-01 -1.664103e+00  7.310868e-01 3.303725e+00
 3.973974e-01 -1.691019e+00  7.330182e-01 3.396861e+00
 3.983984e-01 -1.649719e+00  7.011764e-01 3.213222e+00
 3.993994e-01 -1.541532e+00  6.373556e-01 2.782544e+00
 4.004004e-01 -1.370754e+00  5.448160e-01 2.175790e+00
 4.014014e-01 -1.144475e+00  4.281287e-01 1.493116e+00
 4.024024e-01 -8.722748e-01  2.929683e-01 8.466937e-01
 4.034034e-01 -5.657931e-01  1.458608e-01 3.413972e-01
 4.044044e-01 -2.381947e-01 -6.103480e-03 5.677398e-02
 4.054054e-01  9.643788e-02 -1.555823e-01 3.350613e-02
 4.064064e-01  4.237642e-01 -2.953074e-01 2.667825e-01
 4.074074e-01  7.298574e-01 -4.184134e-01 7.077616e-01
 4.084084e-01  1.001860e+00 -5.187566e-01 1.272831e+00
 4.094094e-01  1.228583e+00 -5.912125e-01 1.858948e+00
 4.104104e-01  1.401026e+00 -6.319370e-01 2.362219e+00
 4.114114e-01  1.512785e+00 -6.385814e-01 2.696304e+00
 4.124124e-01  1.560325e+00 -6.104465e-01 2.807258e+00
 4.134134e-01  1.543112e+00 -5.485681e-01 2.682120e+00
 4.144144e-01  1.463589e+00 -4.557222e-01 2.349777e+00
 4.154154e-01  1.327005e+00 -3.363486e-01 1.874073e+00
 4.164164e-01  1.141097e+00 -1.963852e-01 1.340669e+00
 4.174174e-01  9.156539e-01 -4.302145e-02 8.402729e-01
 4.184184e-01  6.619851e-01  1.156279e-01 4.515941e-01
 4.194194e-01  3.923132e-01  2.709120e-01 2.273029e-01
 4.204204e-01  1.191394e-01  4.140839e-01 1.856596e-01
 4.214214e-01 -1.453944e-01  5.367669e-01 3.092582e-01
 4.224224e-01 -3.901038e-01  6.314261e-01 5.508799e-01
 4.234234e-01 -6.052946e-01  6.918166e-01 8.449917e-01
 4.244244e-01 -7.831941e-01  7.133828e-01 1.122308e+00
 4.254254e-01 -9.182665e-01  6.935820e-01 1.324269e+00
 4.264264e-01 -1.007389e+00  6.321098e-01 1.414395e+00
 4.274274e-01 -1.049889e+00  5.310069e-01 1.384236e+00
 4.284284e-01 -1.047441e+00  3.946371e-01 1.252872e+00
 4.294294e-01 -1.003833e+00  2.295281e-01 1.060364e+00
 4.304304e-01 -9.246176e-01  4.408076e-02 8.568607e-01
 4.314314e-01 -8.166845e-01 -1.518450e-01 6.900305e-01
 4.324324e-01 -6.877675e-01 -3.474454e-01 5.937424e-01
 4.334334e-01 -5.459331e-01 -5.315653e-01 5.806046e-01
 4.344344e-01 -3.990727e-01 -6.933324e-01 6.399688e-01
 4.354354e-01 -2.544437e-01 -8.227986e-01 7.417391e-01
 4.364364e-01 -1.182740e-01 -9.115475e-01 8.449076e-01
 4.374374e-01  4.532342e-03 -9.532330e-01 9.086736e-01
 4.384384e-01  1.105843e-01 -9.440086e-01 9.033812e-01
 4.394394e-01  1.980672e-01 -8.828244e-01 8.186095e-01
 4.404404e-01  2.666935e-01 -7.715618e-01 6.664331e-01
 4.414414e-01  3.175342e-01 -6.150016e-01 4.790549e-01
 4.424424e-01  3.527649e-01 -4.206140e-01 3.013593e-01
 4.434434e-01  3.753310e-01 -1.981877e-01 1.801517e-01
 4.444444e-01  3.885790e-01  4.069120e-02 1.526494e-01
 4.454454e-01  3.958667e-01  2.832744e-01 2.369548e-01
 4.464464e-01  4.002028e-01  5.163711e-01 4.268014e-01
 4.474474e-01  4.039249e-01  7.271035e-01 6.918348e-01
 4.484484e-01  4.084658e-01  9.036588e-01 9.834434e-01
 4.494494e-01  4.142003e-01  1.035986e+00 1.244828e+00
 4.504505e-01  4.204152e-01  1.116397e+00 1.423092e+00
 4.514515e-01  4.253730e-01  1.140041e+00 1.480635e+00
 4.524525e-01  4.264986e-01  1.105202e+00 1.403372e+00
 4.534535e-01  4.206381e-01  1.013425e+00 1.203967e+00
 4.544545e-01  4.044070e-01  8.694478e-01 9.194846e-01
 4.554555e-01  3.745577e-01  6.809354e-01 6.039664e-01
 4.564565e-01  3.283802e-01  4.580491e-01 3.176426e-01
 4.574575e-01  2.640536e-01  2.128610e-01 1.150341e-01
 4.584585e-01  1.809681e-01 -4.134334e-02 3.445871e-02
 4.594595e-01  7.993420e-02 -2.908365e-01 9.097537e-02
 4.604605e-01 -3.668422e-02 -5.222436e-01 2.740841e-01
 4.614615e-01 -1.649929e-01 -7.233167e-01 5.504097e-01
 4.624625e-01 -2.996794e-01 -8.836368e-01 8.706217e-01
 4.634635e-01 -4.342887e-01 -9.952071e-01 1.179044e+00
 4.644645e-01 -5.615628e-01 -1.052894e+00 1.423939e+00
 4.654655e-01 -6.739142e-01 -1.054701e+00 1.566554e+00
 4.664665e-01 -7.638999e-01 -1.001843e+00 1.587232e+00
 4.674675e-01 -8.247765e-01 -8.986376e-01 1.487806e+00
 4.684685e-01 -8.509681e-01 -7.522060e-01 1.289961e+00
 4.694695e-01 -8.385557e-01 -5.720080e-01 1.030369e+00
 4.704705e-01 -7.855901e-01 -3.692427e-01 7.534920e-01
 4.714715e-01 -6.923845e-01 -1.561518e-01 5.037796e-01
 4.724725e-01 -5.615551e-01  5.473359e-02 3.183399e-01
 4.734735e-01 -3.980431e-01  2.513507e-01 2.216155e-01
 4.744745e-01 -2.088324e-01  4.228258e-01 2.223927e-01
 4.754755e-01 -2.707968e-03  5.601108e-01 3.137314e-01
 4.764765e-01  2.103228e-01  6.564962e-01 4.752230e-01
 4.774775e-01  4.194372e-01  7.079762e-01 6.771579e-01
 4.784785e-01  6.137885e-01  7.134335e-01 8.857236e-01
 4.794795e-01  7.829004e-01  6.746517e-01 1.068088e+00
 4.804805e-01  9.175819e-01  5.961320e-01 1.197330e+00
 4.814815e-01  1.010044e+00  4.847656e-01 1.255186e+00
 4.824825e-01  1.054985e+00  3.493223e-01 1.235019e+00
 4.834835e-01  1.048879e+00  1.999022e-01 1.140109e+00
 4.844845e-01  9.922142e-01  4.714698e-02 9.867119e-01
 4.854855e-01  8.814615e-01 -9.778847e-02 7.865369e-01
 4.864865e-01  6.883932e-01 -2.206624e-01 5.225770e-01
 4.874875e-01  4.255046e-01 -3.079729e-01 2.759015e-01
 4.884885e-01  1.194826e-01 -3.508343e-01 1.373608e-01
 4.894895e-01 -2.000794e-01 -3.460752e-01 1.597998e-01
 4.904905e-01 -5.015434e-01 -2.964486e-01 3.394275e-01
 4.914915e-01 -7.554166e-01 -2.101370e-01 6.148117e-01
 4.924925e-01 -9.366420e-01 -9.962495e-02 8.872234e-01
 4.934935e-01 -1.027474e+00  1.991448e-02 1.056099e+00
 4.944945e-01 -1.018903e+00  1.325344e-01 1.055728e+00
 4.954955e-01 -9.117131e-01  2.234743e-01 8.811616e-01
 4.964965e-01 -7.161986e-01  2.809671e-01 5.918830e-01
 4.974975e-01 -4.512260e-01  2.976383e-01 2.921934e-01
 4.984985e-01 -1.422670e-01  2.713880e-01 9.389134e-02
 4.994995e-01  1.810372e-01  2.055944e-01 7.504354e-02
 5.005005e-01  4.877960e-01  1.086938e-01 2.497593e-01
 5.015015e-01  7.488064e-01 -6.892330e-03 5.607586e-01
 5.025025e-01  9.393296e-01 -1.262543e-01 8.982802e-01
 5.035035e-01  1.041408e+00 -2.338479e-01 1.139216e+00
 5.045045e-01  1.045482e+00 -3.153546e-01 1.192482e+00
 5.055055e-01  9.512628e-01 -3.594778e-01 1.034125e+00
 5.065065e-01  7.676203e-01 -3.592905e-01 7.183306e-01
 5.075075e-01  5.117726e-01 -3.131811e-01 3.599936e-01
 5.085085e-01  2.075072e-01 -2.250413e-01 9.370281e-02
 5.095095e-01 -1.169094e-01 -1.039740e-01 2.447840e-02
 5.105105e-01 -4.315692e-01  3.682048e-02 1.876077e-01
 5.115115e-01 -7.073858e-01  1.813696e-01 5.332896e-01
 5.125125e-01 -9.191422e-01  3.129576e-01 9.427649e-01
 5.135135e-01 -1.047150e+00  4.157224e-01 1.269348e+00
 5.145145e-01 -1.079998e+00  4.770076e-01 1.393931e+00
 5.155155e-01 -1.013559e+00  4.878296e-01 1.265280e+00
 5.165165e-01 -8.591601e-01  4.480007e-01 9.388608e-01
 5.175175e-01 -6.626221e-01  3.769161e-01 5.811339e-01
 5.185185e-01 -4.379231e-01  2.800704e-01 2.702161e-01
 5.195195e-01 -1.927548e-01  1.609552e-01 6.306099e-02
 5.205205e-01  6.298665e-02  2.514041e-02 4.599358e-03
 5.215215e-01  3.197023e-01 -1.211151e-01 1.168784e-01
 5.225225e-01  5.673725e-01 -2.706919e-01 3.951856e-01
 5.235235e-01  7.965578e-01 -4.163390e-01 8.078425e-01
 5.245245e-01  9.982966e-01 -5.508504e-01 1.300032e+00
 5.255255e-01  1.164730e+00 -6.676079e-01 1.802295e+00
 5.265265e-01  1.289143e+00 -7.607975e-01 2.240703e+00
 5.275275e-01  1.366394e+00 -8.257863e-01 2.548955e+00
 5.285285e-01  1.392956e+00 -8.592550e-01 2.678645e+00
 5.295295e-01  1.367187e+00 -8.593931e-01 2.607756e+00
 5.305305e-01  1.289313e+00 -8.258970e-01 2.344435e+00
 5.315315e-01  1.161541e+00 -7.599895e-01 1.926762e+00
 5.325325e-01  9.879417e-01 -6.642832e-01 1.417301e+00
 5.335335e-01  7.744064e-01 -5.426578e-01 8.941827e-01
 5.345345e-01  5.284158e-01 -4.000242e-01 4.392427e-01
 5.355355e-01  2.588445e-01 -2.421114e-01 1.256184e-01
 5.365365e-01 -2.438336e-02 -7.518172e-02 6.246839e-03
 5.375375e-01 -3.106132e-01  9.421643e-02 1.053573e-01
 5.385385e-01 -5.888904e-01  2.595324e-01 4.141490e-01
 5.395395e-01 -8.483568e-01  4.144475e-01 8.914759e-01
 5.405405e-01 -1.078714e+00  5.531211e-01 1.469567e+00
 5.415415e-01 -1.270632e+00  6.703806e-01 2.063915e+00
 5.425425e-01 -1.416173e+00  7.619080e-01 2.586049e+00
 5.435435e-01 -1.509136e+00  8.243703e-01 2.957078e+00
 5.445445e-01 -1.545370e+00  8.555381e-01 3.120114e+00
 5.455455e-01 -1.522974e+00  8.543496e-01 3.049363e+00
 5.465465e-01 -1.442437e+00  8.209597e-01 2.754598e+00
 5.475475e-01 -1.306643e+00  7.567342e-01 2.279963e+00
 5.485485e-01 -1.120803e+00  6.642264e-01 1.697396e+00
 5.495495e-01 -8.922436e-01  5.470982e-01 1.095415e+00
 5.505506e-01 -6.301276e-01  4.100198e-01 5.651771e-01
 5.515516e-01 -3.450595e-01  2.585146e-01 1.858959e-01
 5.525526e-01 -4.863793e-02  9.878044e-02 1.212322e-02
 5.535536e-01  2.470626e-01 -6.253897e-02 6.495106e-02
 5.545546e-01  5.300214e-01 -2.186016e-01 3.287093e-01
 5.555556e-01  7.888197e-01 -3.626519e-01 7.537530e-01
 5.565566e-01  1.013150e+00 -4.883106e-01 1.264921e+00
 5.575576e-01  1.194290e+00 -5.898784e-01 1.774286e+00
 5.585586e-01  1.325486e+00 -6.626208e-01 2.195980e+00
 5.595596e-01  1.402258e+00 -7.030358e-01 2.460587e+00
 5.605606e-01  1.422579e+00 -7.090716e-01 2.526513e+00
 5.615616e-01  1.386949e+00 -6.802945e-01 2.386427e+00
 5.625626e-01  1.298330e+00 -6.179770e-01 2.067556e+00
 5.635636e-01  1.161973e+00 -5.251102e-01 1.625922e+00
 5.645646e-01  9.851227e-01 -4.063180e-01 1.135561e+00
 5.655656e-01  7.766319e-01 -2.676850e-01 6.748123e-01
 5.665666e-01  5.464966e-01 -1.164871e-01 3.122278e-01
 5.675676e-01  3.053460e-01  3.915107e-02 9.476900e-02
 5.685686e-01  6.390295e-02  1.906725e-01 4.043959e-02
 5.695696e-01 -1.675418e-01  3.295423e-01 1.366684e-01
 5.705706e-01 -3.796264e-01  4.477296e-01 3.445780e-01
 5.715716e-01 -5.643460e-01  5.381769e-01 6.081208e-01
 5.725726e-01 -7.154025e-01  5.952391e-01 8.661103e-01
 5.735736e-01 -8.284447e-01  6.150532e-01 1.064611e+00
 5.745746e-01 -9.011990e-01  5.958241e-01 1.167166e+00
 5.755756e-01 -9.334761e-01  5.379935e-01 1.160815e+00
 5.765766e-01 -9.270641e-01  4.442876e-01 1.056839e+00
 5.775776e-01 -8.855097e-01  3.196258e-01 8.862881e-01
 5.785786e-01 -8.138117e-01  1.708993e-01 6.914960e-01
 5.795796e-01 -7.180400e-01  6.620153e-03 5.156253e-01
 5.805806e-01 -6.049142e-01 -1.635347e-01 3.926648e-01
 5.815816e-01 -4.813617e-01 -3.292674e-01 3.401261e-01
 5.825826e-01 -3.540926e-01 -4.802529e-01 3.560245e-01
 5.835836e-01 -2.292105e-01 -6.067565e-01 4.206910e-01
 5.845846e-01 -1.118926e-01 -7.002284e-01 5.028398e-01
 5.855856e-01 -6.149993e-03 -7.538478e-01 5.683243e-01
 5.865866e-01  8.531070e-02 -7.629737e-01 5.894067e-01
 5.875876e-01  1.611243e-01 -7.254798e-01 5.522821e-01
 5.885886e-01  2.211986e-01 -6.419444e-01 4.610215e-01
 5.895896e-01  2.665545e-01 -5.156850e-01 3.369823e-01
 5.905906e-01  2.990848e-01 -3.526285e-01 2.137986e-01
 5.915916e-01  3.212602e-01 -1.610253e-01 1.291373e-01
 5.925926e-01  3.358003e-01  4.898286e-02 1.151612e-01
 5.935936e-01  3.453447e-01  2.659134e-01 1.899729e-01
 5.945946e-01  3.521472e-01  4.775855e-01 3.520956e-01
 5.955956e-01  3.578228e-01  6.718136e-01 5.793707e-01
 5.965966e-01  3.631652e-01  8.371145e-01 8.326496e-01
 5.975976e-01  3.680567e-01  9.633829e-01 1.063572e+00
 5.985986e-01  3.714715e-01  1.042499e+00 1.224795e+00
 5.995996e-01  3.715814e-01  1.068826e+00 1.280463e+00
 6.006006e-01  3.659485e-01  1.039574e+00 1.214631e+00
 6.016016e-01  3.517953e-01  9.549928e-01 1.035771e+00
 6.026026e-01  3.263267e-01  8.184070e-01 7.762791e-01
 6.036036e-01  2.870779e-01  6.360566e-01 4.869817e-01
 6.046046e-01  2.322574e-01  4.167793e-01 2.276484e-01
 6.056056e-01  1.610552e-01  1.715350e-01 5.536305e-02
 6.066066e-01  7.388587e-02 -8.719124e-02 1.306143e-02
 6.076076e-01 -2.745706e-02 -3.460796e-01 1.205250e-01
 6.086086e-01 -1.397547e-01 -5.917140e-01 3.696569e-01
 6.096096e-01 -2.584334e-01 -8.113292e-01 7.250429e-01
 6.106106e-01 -3.777554e-01 -9.935199e-01 1.129781e+00
 6.116116e-01 -4.911193e-01 -1.128873e+00 1.515553e+00
 6.126126e-01 -5.914553e-01 -1.210483e+00 1.815089e+00
 6.136136e-01 -6.716870e-01 -1.234325e+00 1.974721e+00
 6.146146e-01 -7.252311e-01 -1.199455e+00 1.964652e+00
 6.156156e-01 -7.464975e-01 -1.108042e+00 1.785015e+00
 6.166166e-01 -7.313534e-01 -9.652140e-01 1.466516e+00
 6.176176e-01 -6.775154e-01 -7.787414e-01 1.065465e+00
 6.186186e-01 -5.848385e-01 -5.585706e-01 6.540372e-01
 6.196196e-01 -4.554761e-01 -3.162419e-01 3.074674e-01
 6.206206e-01 -2.938953e-01 -6.422434e-02 9.049919e-02
 6.216216e-01 -1.067390e-01  1.847892e-01 4.554028e-02
 6.226226e-01  9.745812e-02  4.185866e-01 1.847129e-01
 6.236236e-01  3.086907e-01  6.260958e-01 4.872859e-01
 6.246246e-01  5.160116e-01  7.979634e-01 9.030136e-01
 6.256256e-01  7.081411e-01  9.270170e-01 1.360824e+00
 6.266266e-01  8.741166e-01  1.008589e+00 1.781331e+00
 6.276276e-01  1.003943e+00  1.040682e+00 2.090921e+00
 6.286286e-01  1.089204e+00  1.023977e+00 2.234894e+00
 6.296296e-01  1.123586e+00  9.616823e-01 2.187279e+00
 6.306306e-01  1.103304e+00  8.592396e-01 1.955573e+00
 6.316316e-01  1.027368e+00  7.239147e-01 1.579539e+00
 6.326326e-01  8.977061e-01  5.642970e-01 1.124307e+00
 6.336336e-01  7.191127e-01  3.897451e-01 6.690242e-01
 6.346346e-01  4.990395e-01  2.098166e-01 2.930635e-01
 6.356356e-01  2.472322e-01  3.371620e-02 6.226053e-02
 6.366366e-01 -2.476145e-02 -1.302018e-01 1.756564e-02
 6.376376e-01 -3.041810e-01 -2.748496e-01 1.680684e-01
 6.386386e-01 -5.777099e-01 -3.947169e-01 4.895501e-01
 6.396396e-01 -8.321571e-01 -4.860640e-01 9.287436e-01
 6.406406e-01 -1.055129e+00 -5.469916e-01 1.412497e+00
 6.416416e-01 -1.235652e+00 -5.773906e-01 1.860216e+00
 6.426426e-01 -1.364715e+00 -5.787838e-01 2.197437e+00
 6.436436e-01 -1.435701e+00 -5.540778e-01 2.368239e+00
 6.446446e-01 -1.444694e+00 -5.072493e-01 2.344444e+00
 6.456456e-01 -1.390646e+00 -4.429927e-01 2.130137e+00
 6.466466e-01 -1.275389e+00 -3.663564e-01 1.760835e+00
 6.476476e-01 -1.103525e+00 -2.823954e-01 1.297514e+00
 6.486486e-01 -8.821675e-01 -1.958636e-01 8.165820e-01
 6.496496e-01 -6.205848e-01 -1.109651e-01 3.974387e-01
 6.506507e-01 -3.297475e-01 -3.117649e-02 1.097054e-01
 6.516517e-01 -2.181372e-02  4.085242e-02 2.144759e-03
 6.526527e-01  2.904220e-01  1.033210e-01 9.502017e-02
 6.536537e-01  5.940905e-01  1.552295e-01 3.770397e-01
 6.546547e-01  8.767923e-01  1.962732e-01 8.072879e-01
 6.556557e-01  1.127104e+00  2.266946e-01 1.321754e+00
 6.566567e-01  1.335024e+00  2.471132e-01 1.843354e+00
 6.576577e-01  1.492346e+00  2.583515e-01 2.293841e+00
 6.586587e-01  1.592943e+00  2.612759e-01 2.605733e+00
 6.596597e-01  1.632967e+00  2.566686e-01 2.732460e+00
 6.606607e-01  1.610944e+00  2.451405e-01 2.655235e+00
 6.616617e-01  1.527785e+00  2.270926e-01 2.385698e+00
 6.626627e-01  1.386705e+00  2.027278e-01 1.964049e+00
 6.636637e-01  1.193063e+00  1.721070e-01 1.453021e+00
 6.646647e-01  9.541320e-01  1.352429e-01 9.286586e-01
 6.656657e-01  6.788071e-01  9.221704e-02 4.692830e-01
 6.666667e-01  3.772687e-01  4.330630e-02 1.442071e-01
 6.676677e-01  6.060858e-02 -1.089759e-02 3.792157e-03
 6.686687e-01 -2.595669e-01 -6.939087e-02 7.219005e-02
 6.696697e-01 -5.715443e-01 -1.306969e-01 3.437446e-01
 6.706707e-01 -8.639108e-01 -1.928506e-01 7.835332e-01
 6.716717e-01 -1.125948e+00 -2.534351e-01 1.331988e+00
 6.726727e-01 -1.348005e+00 -3.096701e-01 1.913014e+00
 6.736737e-01 -1.521836e+00 -3.585500e-01 2.444544e+00
 6.746747e-01 -1.640897e+00 -3.970201e-01 2.850168e+00
 6.756757e-01 -1.700586e+00 -4.221806e-01 3.070230e+00
 6.766767e-01 -1.698429e+00 -4.315018e-01 3.070854e+00
 6.776777e-01 -1.634191e+00 -4.230319e-01 2.849536e+00
 6.786787e-01 -1.509919e+00 -3.955830e-01 2.436340e+00
 6.796797e-01 -1.329902e+00 -3.488760e-01 1.890354e+00
 6.806807e-01 -1.100555e+00 -2.836336e-01 1.291669e+00
 6.816817e-01 -8.302186e-01 -2.016101e-01 7.299095e-01
 6.826827e-01 -5.288854e-01 -1.055539e-01 2.908613e-01
 6.836837e-01 -2.078525e-01  8.964995e-04 4.320347e-02
 6.846847e-01  1.206853e-01  1.133794e-01 2.741982e-02
 6.856857e-01  4.440930e-01  2.270282e-01 2.487605e-01
 6.866867e-01  7.497856e-01  3.367288e-01 6.755647e-01
 6.876877e-01  1.025733e+00  4.373972e-01 1.243445e+00
 6.886887e-01  1.260962e+00  5.242612e-01 1.864874e+00
 6.896897e-01  1.446027e+00  5.931267e-01 2.442795e+00
 6.906907e-01  1.573441e+00  6.406108e-01 2.886099e+00
 6.916917e-01  1.638024e+00  6.643273e-01 3.124454e+00
 6.926927e-01  1.637176e+00  6.630126e-01 3.119932e+00
 6.936937e-01  1.571034e+00  6.365853e-01 2.873389e+00
 6.946947e-01  1.442518e+00  5.861359e-01 2.424414e+00
 6.956957e-01  1.257249e+00  5.138495e-01 1.844715e+00
 6.966967e-01  1.023341e+00  4.228675e-01 1.226043e+00
 6.976977e-01  7.510752e-01  3.170987e-01 6.646655e-01
 6.986987e-01  4.524609e-01  2.009942e-01 2.451196e-01
 6.996997e-01  1.407043e-01  7.930031e-02 2.608624e-02
 7.007007e-01 -1.703901e-01 -4.319301e-02 3.089842e-02
 7.017017e-01 -4.670605e-01 -1.618933e-01 2.443549e-01
 7.027027e-01 -7.362395e-01 -2.726203e-01 6.163703e-01
 7.037037e-01 -9.661830e-01 -3.717830e-01 1.071732e+00
 7.047047e-01 -1.147045e+00 -4.565100e-01 1.524113e+00
 7.057057e-01 -1.271363e+00 -5.247264e-01 1.891702e+00
 7.067067e-01 -1.334436e+00 -5.751773e-01 2.111549e+00
 7.077077e-01 -1.334559e+00 -6.073995e-01 2.149982e+00
 7.087087e-01 -1.273112e+00 -6.216473e-01 2.007260e+00
 7.097097e-01 -1.154489e+00 -6.187807e-01 1.715734e+00
 7.107107e-01 -9.858676e-01 -6.001290e-01 1.332090e+00
 7.117117e-01 -7.768360e-01 -5.673399e-01 9.253487e-01
 7.127127e-01 -5.388845e-01 -5.222289e-01 5.631196e-01
 7.137137e-01 -2.847987e-01 -4.666412e-01 2.988643e-01
 7.147147e-01 -2.797942e-02 -4.023358e-01 1.626570e-01
 7.157157e-01  2.182710e-01 -3.309025e-01 1.571387e-01
 7.167167e-01  4.414573e-01 -2.537156e-01 2.592562e-01
 7.177177e-01  6.305558e-01 -1.719288e-01 4.271601e-01
 7.187187e-01  7.765958e-01 -8.650800e-02 6.105847e-01
 7.197197e-01  8.731270e-01  1.700074e-03 7.623536e-01
 7.207207e-01  9.165438e-01  9.187413e-02 8.484934e-01
 7.217217e-01  9.062495e-01  1.831073e-01 8.548164e-01
 7.227227e-01  8.446494e-01  2.742931e-01 7.886694e-01
 7.237237e-01  7.369747e-01  3.640209e-01 6.756430e-01
 7.247247e-01  5.909457e-01  4.504948e-01 5.521624e-01
 7.257257e-01  4.162955e-01  5.314877e-01 4.557811e-01
 7.267267e-01  2.241823e-01  6.043410e-01 4.154857e-01
 7.277277e-01  2.652346e-02  6.660171e-01 4.442823e-01
 7.287287e-01 -1.647068e-01  7.132068e-01 5.357923e-01
 7.297297e-01 -3.381768e-01  7.424908e-01 6.656561e-01
 7.307307e-01 -4.838511e-01  7.505482e-01 7.974345e-01
 7.317317e-01 -5.935598e-01  7.344025e-01 8.916602e-01
 7.327327e-01 -6.614520e-01  6.916871e-01 9.159498e-01
 7.337337e-01 -6.843041e-01  6.209149e-01 8.538074e-01
 7.347347e-01 -6.616691e-01  5.217284e-01 7.100065e-01
 7.357357e-01 -5.958560e-01  3.951100e-01 5.111563e-01
 7.367367e-01 -4.917455e-01  2.435315e-01 3.011212e-01
 7.377377e-01 -3.564517e-01  7.102288e-02 1.321021e-01
 7.387387e-01 -1.988551e-01 -1.168523e-01 5.319781e-02
 7.397397e-01 -2.903413e-02 -3.131252e-01 9.889040e-02
 7.407407e-01  1.423664e-01 -5.096558e-01 2.800172e-01
 7.417417e-01  3.047920e-01 -6.974674e-01 5.793589e-01
 7.427427e-01  4.484185e-01 -8.671698e-01 9.530626e-01
 7.437437e-01  5.647372e-01 -1.009450e+00 1.337918e+00
 7.447447e-01  6.470479e-01 -1.115606e+00 1.663247e+00
 7.457457e-01  6.908328e-01 -1.178087e+00 1.865139e+00
 7.467467e-01  6.939885e-01 -1.191018e+00 1.900144e+00
 7.477477e-01  6.569041e-01 -1.150654e+00 1.755527e+00
 7.487487e-01  5.823838e-01 -1.055748e+00 1.453774e+00
 7.497497e-01  4.754215e-01 -9.077938e-01 1.050115e+00
 7.507508e-01  3.428433e-01 -7.111231e-01 6.232376e-01
 7.517518e-01  1.928456e-01 -4.728368e-01 2.607641e-01
 7.527528e-01  3.445738e-02 -2.025737e-01 4.222341e-02
 7.537538e-01 -1.230355e-01  8.788557e-02 2.286160e-02
 7.547548e-01 -2.706673e-01  3.851587e-01 2.216080e-01
 7.557558e-01 -4.003339e-01  6.749213e-01 6.157860e-01
 7.567568e-01 -5.052644e-01  9.426504e-01 1.143882e+00
 7.577578e-01 -5.803939e-01  1.174409e+00 1.716094e+00
 7.587588e-01 -6.226180e-01  1.357628e+00 2.230806e+00
 7.597598e-01 -6.309128e-01  1.481829e+00 2.593869e+00
 7.607608e-01 -6.063191e-01  1.539263e+00 2.736953e+00
 7.617618e-01 -5.517940e-01  1.525395e+00 2.631307e+00
 7.627628e-01 -4.719454e-01  1.439231e+00 2.294119e+00
 7.637638e-01 -3.726692e-01  1.283445e+00 1.786112e+00
 7.647648e-01 -2.607185e-01  1.064300e+00 1.200709e+00
 7.657658e-01 -1.432335e-01  7.913782e-01 6.467953e-01
 7.667668e-01 -2.726808e-02  4.771075e-01 2.283752e-01
 7.677678e-01  8.065756e-02  1.361385e-01 2.503933e-02
 7.687688e-01  1.749463e-01 -2.154107e-01 7.700796e-02
 7.697698e-01  2.512329e-01 -5.607894e-01 3.776027e-01
 7.707708e-01  3.065933e-01 -8.834842e-01 8.745437e-01
 7.717718e-01  3.396440e-01 -1.168072e+00 1.479750e+00
 7.727728e-01  3.505303e-01 -1.401008e+00 2.085696e+00
 7.737738e-01  3.408081e-01 -1.571306e+00 2.585154e+00
 7.747748e-01  3.132337e-01 -1.671072e+00 2.890596e+00
 7.757758e-01  2.714807e-01 -1.695863e+00 2.949652e+00
 7.767768e-01  2.198089e-01 -1.644863e+00 2.753892e+00
 7.777778e-01  1.627116e-01 -1.520863e+00 2.339500e+00
 7.787788e-01  1.045695e-01 -1.330048e+00 1.779964e+00
 7.797798e-01  4.933674e-02 -1.081626e+00 1.172350e+00
 7.807808e-01  2.821445e-04 -7.873059e-01 6.198506e-01
 7.817818e-01 -4.019715e-02 -4.606698e-01 2.138324e-01
 7.827828e-01 -7.067864e-02 -1.164760e-01 1.856213e-02
 7.837838e-01 -9.072985e-02  2.300707e-01 6.116442e-02
 7.847848e-01 -1.008394e-01  5.640384e-01 3.283079e-01
 7.857858e-01 -1.022737e-01  8.714409e-01 7.698691e-01
 7.867868e-01 -9.687516e-02  1.139833e+00 1.308603e+00
 7.877878e-01 -8.682160e-02  1.358801e+00 1.853878e+00
 7.887888e-01 -7.437032e-02  1.520335e+00 2.316949e+00
 7.897898e-01 -6.160973e-02  1.619067e+00 2.625175e+00
 7.907908e-01 -5.024107e-02  1.652380e+00 2.732885e+00
 7.917918e-01 -4.140936e-02  1.620385e+00 2.627361e+00
 7.927928e-01 -3.559805e-02  1.525784e+00 2.329284e+00
 7.937938e-01 -3.259613e-02  1.373638e+00 1.887945e+00
 7.947948e-01 -3.153995e-02  1.171049e+00 1.372351e+00
 7.957958e-01 -3.102527e-02  9.267829e-01 8.598891e-01
 7.967968e-01 -2.927904e-02  6.508609e-01 4.244772e-01
 7.977978e-01 -2.437499e-02  3.541300e-01 1.260022e-01
 7.987988e-01 -1.447309e-02  4.783669e-02 2.497819e-03
 7.997998e-01  1.939083e-03 -2.567825e-01 6.594103e-02
 8.008008e-01  2.582566e-02 -5.488800e-01 3.019362e-01
 8.018018e-01  5.742359e-02 -8.183378e-01 6.729742e-01
 8.028028e-01  9.612308e-02 -1.056063e+00 1.124509e+00
 8.038038e-01  1.404207e-01 -1.254238e+00 1.592830e+00
 8.048048e-01  1.879521e-01 -1.406514e+00 2.013608e+00
 8.058058e-01  2.356047e-01 -1.508169e+00 2.330083e+00
 8.068068e-01  2.797052e-01 -1.556204e+00 2.500005e+00
 8.078078e-01  3.162680e-01 -1.549404e+00 2.500677e+00
 8.088088e-01  3.412890e-01 -1.488349e+00 2.331660e+00
 8.098098e-01  3.510612e-01 -1.375382e+00 2.014921e+00
 8.108108e-01  3.424892e-01 -1.214540e+00 1.592407e+00
 8.118118e-01  3.133781e-01 -1.011431e+00 1.121199e+00
 8.128128e-01  2.626731e-01 -7.730790e-01 6.666482e-01
 8.138138e-01  1.906304e-01 -5.077233e-01 2.941229e-01
 8.148148e-01  9.890412e-02 -2.245772e-01 6.021695e-02
 8.158158e-01 -9.460486e-03  6.645049e-02 4.505169e-03
 8.168168e-01 -1.301300e-01  3.550668e-01 1.430062e-01
 8.178178e-01 -2.576775e-01  6.309323e-01 4.644733e-01
 8.188188e-01 -3.858595e-01  8.840178e-01 9.303750e-01
 8.198198e-01 -5.079559e-01  1.104966e+00 1.478970e+00
 8.208208e-01 -6.171555e-01  1.285452e+00 2.033267e+00
 8.218218e-01 -7.069588e-01  1.418514e+00 2.511974e+00
 8.228228e-01 -7.715743e-01  1.498866e+00 2.841925e+00
 8.238238e-01 -8.062824e-01  1.523138e+00 2.970040e+00
 8.248248e-01 -8.077428e-01  1.490074e+00 2.872768e+00
 8.258258e-01 -7.742255e-01  1.400637e+00 2.561208e+00
 8.268268e-01 -7.057510e-01  1.258034e+00 2.080734e+00
 8.278278e-01 -6.041296e-01  1.067647e+00 1.504843e+00
 8.288288e-01 -4.728982e-01  8.368669e-01 9.239789e-01
 8.298298e-01 -3.171575e-01  5.748323e-01 4.310211e-01
 8.308308e-01 -1.433201e-01  2.920872e-01 1.058556e-01
 8.318318e-01  4.121585e-02  1.588350e-04 1.698772e-03
 8.328328e-01  2.284466e-01 -2.889200e-01 1.356626e-01
 8.338338e-01  4.101751e-01 -5.631272e-01 4.853558e-01
 8.348348e-01  5.784305e-01 -8.109823e-01 9.922742e-01
 8.358358e-01  7.258714e-01 -1.022068e+00 1.571513e+00
 8.368368e-01  8.461493e-01 -1.187516e+00 2.126163e+00
 8.378378e-01  9.342138e-01 -1.300431e+00 2.563876e+00
 8.388388e-01  9.865425e-01 -1.356235e+00 2.812638e+00
 8.398398e-01  1.001285e+00 -1.352905e+00 2.832925e+00
 8.408408e-01  9.783165e-01 -1.291102e+00 2.624047e+00
 8.418418e-01  9.191963e-01 -1.174159e+00 2.223572e+00
 8.428428e-01  8.270442e-01 -1.007960e+00 1.699985e+00
 8.438438e-01  7.063365e-01 -8.006721e-01 1.139987e+00
 8.448448e-01  5.626406e-01 -5.623815e-01 6.328374e-01
 8.458458e-01  4.023038e-01 -3.046153e-01 2.546388e-01
 8.468468e-01  2.321157e-01 -3.979327e-02 5.546121e-02
 8.478478e-01  5.896442e-02  2.193737e-01 5.160161e-02
 8.488488e-01 -1.104942e-01  4.605073e-01 2.242760e-01
 8.498498e-01 -2.701358e-01  6.721762e-01 5.247943e-01
 8.508509e-01 -4.146200e-01  8.444690e-01 8.850376e-01
 8.518519e-01 -5.395837e-01  9.694967e-01 1.231074e+00
 8.528529e-01 -6.417686e-01  1.041797e+00 1.497209e+00
 8.538539e-01 -7.190777e-01  1.058621e+00 1.637751e+00
 8.548549e-01 -7.705632e-01  1.020075e+00 1.634321e+00
 8.558559e-01 -7.963510e-01  9.291284e-01 1.497455e+00
 8.568569e-01 -7.975118e-01  7.914610e-01 1.262436e+00
 8.578579e-01 -7.758902e-01  6.151738e-01 9.804444e-01
 8.588589e-01 -7.339081e-01  4.103676e-01 7.070226e-01
 8.598599e-01 -6.743576e-01  1.886124e-01 4.903329e-01
 8.608609e-01 -6.002004e-01 -3.766571e-02 3.616592e-01
 8.618619e-01 -5.143872e-01 -2.558502e-01 3.300536e-01
 8.628629e-01 -4.197117e-01 -4.538147e-01 3.821057e-01
 8.638639e-01 -3.187066e-01 -6.205848e-01 4.866994e-01
 8.648649e-01 -2.135890e-01 -7.469426e-01 6.035435e-01
 8.658659e-01 -1.062550e-01 -8.259419e-01 6.934701e-01
 8.668669e-01  1.679484e-03 -8.533035e-01 7.281297e-01
 8.678679e-01  1.087990e-01 -8.276674e-01 6.968706e-01
 8.688689e-01  2.137817e-01 -7.506858e-01 6.092317e-01
 8.698699e-01  3.152798e-01 -6.269487e-01 4.924661e-01
 8.708709e-01  4.118017e-01 -4.637452e-01 3.846402e-01
 8.718719e-01  5.016133e-01 -2.706690e-01 3.248776e-01
 8.728729e-01  5.826732e-01 -5.909025e-02 3.429997e-01
 8.738739e-01  6.526127e-01  1.584796e-01 4.510191e-01
 8.748749e-01  7.087714e-01  3.690953e-01 6.385882e-01
 8.758759e-01  7.482900e-01  5.601179e-01 8.736701e-01
 8.768769e-01  7.682609e-01  7.199460e-01 1.108547e+00
 8.778779e-01  7.659271e-01  8.386945e-01 1.290053e+00
 8.788789e-01  7.389190e-01  9.087832e-01 1.371888e+00
 8.798799e-01  6.855107e-01  9.253964e-01 1.326283e+00
 8.808809e-01  6.048747e-01  8.867882e-01 1.152267e+00
 8.818819e-01  4.973139e-01  7.944109e-01 8.784098e-01
 8.828829e-01  3.644462e-01  6.528590e-01 5.590459e-01
 8.838839e-01  2.093216e-01  4.696278e-01 2.643658e-01
 8.848849e-01  3.645354e-02  2.547009e-01 6.620139e-02
 8.858859e-01 -1.482474e-01  1.998719e-02 2.237677e-02
 8.868869e-01 -3.376439e-01 -2.213579e-01 1.630027e-01
 8.878879e-01 -5.236449e-01 -4.556900e-01 4.818574e-01
 8.888889e-01 -6.975698e-01 -6.696655e-01 9.350555e-01
 8.898899e-01 -8.505894e-01 -8.510168e-01 1.447732e+00
 8.908909e-01 -9.742166e-01 -9.892669e-01 1.927747e+00
 8.918919e-01 -1.060820e+00 -1.076339e+00 2.283844e+00
 8.928929e-01 -1.104123e+00 -1.107024e+00 2.444591e+00
 8.938939e-01 -1.099663e+00 -1.079282e+00 2.374109e+00
 8.948949e-01 -1.045163e+00 -9.943487e-01 2.081095e+00
 8.958959e-01 -9.408005e-01 -8.566564e-01 1.618966e+00
 8.968969e-01 -7.893433e-01 -6.735601e-01 1.076746e+00
 8.978979e-01 -5.961348e-01 -4.548971e-01 5.623080e-01
 8.988989e-01 -3.689263e-01 -2.124036e-01 1.812219e-01
 8.998999e-01 -1.175578e-01  4.097389e-02 1.549869e-02
 9.009009e-01  1.464988e-01  2.918286e-01 1.066259e-01
 9.019019e-01  4.107103e-01  5.270584e-01 4.464736e-01
 9.029029e-01  6.621354e-01  7.345986e-01 9.780585e-01
 9.039039e-01  8.881231e-01  9.040788e-01 1.606121e+00
 9.049049e-01  1.077013e+00  1.027365e+00 2.215436e+00
 9.059059e-01  1.218800e+00  1.098955e+00 2.693176e+00
 9.069069e-01  1.305710e+00  1.116214e+00 2.950812e+00
 9.079079e-01  1.332669e+00  1.079427e+00 2.941169e+00
 9.089089e-01  1.297615e+00  9.916893e-01 2.667254e+00
 9.099099e-01  1.201652e+00  8.586298e-01 2.181213e+00
 9.109109e-01  1.049014e+00  6.880051e-01 1.573781e+00
 9.119119e-01  8.468617e-01  4.891875e-01 9.564791e-01
 9.129129e-01  6.049077e-01  2.725850e-01 4.402159e-01
 9.139139e-01  3.348976e-01  4.903495e-02 1.145608e-01
 9.149149e-01  4.997849e-02 -1.707927e-01 3.166799e-02
 9.159159e-01 -2.360093e-01 -3.769434e-01 1.977867e-01
 9.169169e-01 -5.092748e-01 -5.606485e-01 5.736875e-01
 9.179179e-01 -7.568095e-01 -7.146925e-01 1.083546e+00
 9.189189e-01 -9.670690e-01 -8.336641e-01 1.630218e+00
 9.199199e-01 -1.130564e+00 -9.140830e-01 2.113722e+00
 9.209209e-01 -1.240326e+00 -9.544063e-01 2.449299e+00
 9.219219e-01 -1.292230e+00 -9.549270e-01 2.581744e+00
 9.229229e-01 -1.285148e+00 -9.175806e-01 2.493560e+00
 9.239239e-01 -1.220937e+00 -8.456842e-01 2.205870e+00
 9.249249e-01 -1.104262e+00 -7.436340e-01 1.772387e+00
 9.259259e-01 -9.422692e-01 -6.165867e-01 1.268050e+00
 9.269269e-01 -7.441334e-01 -4.701501e-01 7.747756e-01
 9.279279e-01 -5.205091e-01 -3.101032e-01 3.670937e-01
 9.289289e-01 -2.829169e-01 -1.421618e-01 1.002520e-01
 9.299299e-01 -4.310641e-02  2.820062e-02 2.653437e-03
 9.309309e-01  1.875705e-01  1.958743e-01 7.354943e-02
 9.319319e-01  3.987388e-01  3.561792e-01 2.858562e-01
 9.329329e-01  5.815019e-01  5.048848e-01 5.930532e-01
 9.339339e-01  7.288406e-01  6.381965e-01 9.385033e-01
 9.349349e-01  8.358898e-01  7.527230e-01 1.265304e+00
 9.359359e-01  9.000848e-01  8.454419e-01 1.524925e+00
 9.369369e-01  9.211733e-01  9.136780e-01 1.683368e+00
 9.379379e-01  9.010986e-01  9.551060e-01 1.724206e+00
 9.389389e-01  8.437692e-01  9.677863e-01 1.648557e+00
 9.399399e-01  7.547310e-01  9.502366e-01 1.472568e+00
 9.409409e-01  6.407674e-01  9.015374e-01 1.223353e+00
 9.419419e-01  5.094540e-01  8.214629e-01 9.343446e-01
 9.429429e-01  3.686946e-01  7.106252e-01 6.409239e-01
 9.439439e-01  2.262686e-01  5.706160e-01 3.768001e-01
 9.449449e-01  8.941186e-02  4.041274e-01 1.713134e-01
 9.459459e-01 -3.554363e-02  2.150333e-01 4.750269e-02
 9.469469e-01 -1.434559e-01  8.414769e-03 2.065042e-02
 9.479479e-01 -2.305725e-01 -2.094855e-01 9.704785e-02
 9.489489e-01 -2.946364e-01 -4.313868e-01 2.729052e-01
 9.499499e-01 -3.348987e-01 -6.491782e-01 5.335895e-01
 9.509510e-01 -3.520437e-01 -8.542044e-01 8.535999e-01
 9.519520e-01 -3.480344e-01 -1.037622e+00 1.197788e+00
 9.529530e-01 -3.258956e-01 -1.190810e+00 1.524236e+00
 9.539540e-01 -2.894486e-01 -1.305809e+00 1.788917e+00
 9.549550e-01 -2.430184e-01 -1.375770e+00 1.951802e+00
 9.559560e-01 -1.911319e-01 -1.395383e+00 1.983626e+00
 9.569570e-01 -1.382253e-01 -1.361248e+00 1.872101e+00
 9.579580e-01 -8.837848e-02 -1.272175e+00 1.626240e+00
 9.589590e-01 -4.508917e-02 -1.129388e+00 1.277550e+00
 9.599600e-01 -1.109911e-02 -9.365995e-01 8.773418e-01
 9.609610e-01  1.172214e-02 -6.999659e-01 4.900897e-01
 9.619620e-01  2.243193e-02 -4.279055e-01 1.836063e-01
 9.629630e-01  2.100910e-02 -1.307890e-01 1.754714e-02
 9.639640e-01  8.292773e-03  1.794866e-01 3.228420e-02
 9.649650e-01 -1.412712e-02  4.900198e-01 2.403190e-01
 9.659660e-01 -4.405747e-02  7.874984e-01 6.220947e-01
 9.669670e-01 -7.887642e-02  1.058832e+00 1.127346e+00
 9.679680e-01 -1.157219e-01  1.291792e+00 1.682118e+00
 9.689690e-01 -1.516824e-01  1.475624e+00 2.200473e+00
 9.699700e-01 -1.839775e-01  1.601597e+00 2.598959e+00
 9.709710e-01 -2.101186e-01  1.663464e+00 2.811262e+00
 9.719720e-01 -2.280419e-01  1.657804e+00 2.800317e+00
 9.729730e-01 -2.362065e-01  1.584226e+00 2.565566e+00
 9.739740e-01 -2.336551e-01  1.445428e+00 2.143857e+00
 9.749750e-01 -2.200365e-01  1.247099e+00 1.603671e+00
 9.759760e-01 -1.955909e-01  9.976742e-01 1.033610e+00
 9.769770e-01 -1.611030e-01  7.079561e-01 5.271561e-01
 9.779780e-01 -1.178266e-01  3.906114e-01 1.664604e-01
 9.789790e-01 -6.738976e-02  5.957854e-02 8.090983e-03
 9.799800e-01 -1.168737e-02 -2.705891e-01 7.335508e-02
 9.809810e-01  4.723099e-02 -5.854117e-01 3.449376e-01
 9.819820e-01  1.072697e-01 -8.711673e-01 7.704392e-01
 9.829830e-01  1.663855e-01 -1.115540e+00 1.272113e+00
 9.839840e-01  2.226697e-01 -1.308198e+00 1.760963e+00
 9.849850e-01  2.744109e-01 -1.441275e+00 2.152574e+00
 9.859860e-01  3.201349e-01 -1.509732e+00 2.381776e+00
 9.869870e-01  3.586228e-01 -1.511578e+00 2.413478e+00
 9.879880e-01  3.889078e-01 -1.447946e+00 2.247796e+00
 9.889890e-01  4.102552e-01 -1.323012e+00 1.918671e+00
 9.899900e-01  4.221306e-01 -1.143775e+00 1.486416e+00
 9.909910e-01  4.241609e-01 -9.196871e-01 1.025737e+00
 9.919920e-01  4.160971e-01 -6.621790e-01 6.116178e-01
 9.929930e-01  3.977821e-01 -3.840821e-01 3.057497e-01
 9.939940e-01  3.691331e-01 -9.898798e-02 1.460579e-01
 9.949950e-01  3.301395e-01  1.794282e-01 1.411866e-01
 9.959960e-01  2.808815e-01  4.380835e-01 2.708116e-01
 9.969970e-01  2.215686e-01  6.651312e-01 4.914921e-01
 9.979980e-01  1.525971e-01  8.505381e-01 7.467009e-01
 9.989990e-01  7.462121e-02  9.865679e-01 9.788845e-01
 1.000000e+00 -1.136863e-02  1.068144e+00 1.141060e+00
