# x psi_r psi_i psi2 
 0.000000e+00 -8.500244e-03  2.957087e-02 9.466908e-04
 1.001001e-03 -1.586374e-02  1.989069e-02 6.472979e-04
 2.002002e-03 -2.139432e-02  8.659080e-03 5.326967e-04
 3.003003e-03 -2.478501e-02 -3.025663e-03 6.234516e-04
 4.004004e-03 -2.593577e-02 -1.405518e-02 8.702124e-04
 5.005005e-03 -2.494481e-02 -2.341274e-02 1.170400e-03
 6.006006e-03 -2.208269e-02 -3.026387e-02 1.403547e-03
 7.007007e-03 -1.775287e-02 -3.402824e-02 1.473086e-03
 8.008008e-03 -1.244349e-02 -3.442656e-02 1.340028e-03
 9.009009e-03 -6.675627e-03 -3.149904e-02 1.036754e-03
 1.001001e-02 -9.534761e-04 -2.559436e-02 6.559803e-04
 1.101101e-02  4.279173e-03 -1.733085e-02 3.186697e-04
 1.201201e-02  8.672161e-03 -7.534037e-03 1.319681e-04
 1.301301e-02  1.198970e-02  2.843326e-03 1.518373e-04
 1.401401e-02  1.411756e-02  1.281111e-02 3.634301e-04
 1.501502e-02  1.505743e-02  2.143323e-02 6.861098e-04
 1.601602e-02  1.491005e-02  2.791249e-02 1.001417e-03
 1.701702e-02  1.385032e-02  3.166117e-02 1.194261e-03
 1.801802e-02  1.209774e-02  3.235152e-02 1.192976e-03
 1.901902e-02  9.886081e-03  2.994186e-02 9.942498e-04
 2.002002e-02  7.435849e-03  2.467658e-02 6.642254e-04
 2.102102e-02  4.932585e-03  1.706029e-02 3.153839e-04
 2.202202e-02  2.513031e-03  7.809193e-03 6.729882e-05
 2.302302e-02  2.602237e-04 -2.215884e-03 4.977857e-06
 2.402402e-02 -1.792735e-03 -1.208835e-02 1.493420e-04
 2.502503e-02 -3.651453e-03 -2.089955e-02 4.501244e-04
 2.602603e-02 -5.343817e-03 -2.783983e-02 8.036128e-04
 2.702703e-02 -6.901092e-03 -3.226986e-02 1.088969e-03
 2.802803e-02 -8.339668e-03 -3.377614e-02 1.210378e-03
 2.902903e-02 -9.646288e-03 -3.220624e-02 1.130292e-03
 3.003003e-02 -1.076925e-02 -2.768071e-02 8.821983e-04
 3.103103e-02 -1.161713e-02 -2.058137e-02 5.585506e-04
 3.203203e-02 -1.206563e-02 -1.151701e-02 2.782211e-04
 3.303303e-02 -1.197212e-02 -1.269893e-03 1.449443e-04
 3.403403e-02 -1.119615e-02  9.272111e-03 2.113258e-04
 3.503504e-02 -9.623623e-03  1.919181e-02 4.609396e-04
 3.603604e-02 -7.191468e-03  2.762092e-02 8.146324e-04
 3.703704e-02 -3.909428e-03  3.381359e-02 1.158642e-03
 3.803804e-02  1.241857e-04  3.720917e-02 1.384538e-03
 3.903904e-02  4.715595e-03  3.747920e-02 1.426927e-03
 4.004004e-02  9.579246e-03  3.455490e-02 1.285803e-03
 4.104104e-02  1.435294e-02  2.863315e-02 1.025864e-03
 4.204204e-02  1.862373e-02  2.016084e-02 7.533027e-04
 4.304304e-02  2.196292e-02  9.798911e-03 5.783887e-04
 4.404404e-02  2.396704e-02 -1.630602e-03 5.770779e-04
 4.504505e-02  2.430101e-02 -1.321028e-02 7.650506e-04
 4.604605e-02  2.273913e-02 -2.400034e-02 1.093084e-03
 4.704705e-02  1.919934e-02 -3.311329e-02 1.465105e-03
 4.804805e-02  1.376675e-02 -3.978426e-02 1.772311e-03
 4.904905e-02  6.702997e-03 -4.343176e-02 1.931248e-03
 5.005005e-02 -1.560424e-03 -4.370418e-02 1.912491e-03
 5.105105e-02 -1.044565e-02 -4.050871e-02 1.750067e-03
 5.205205e-02 -1.926766e-02 -3.402052e-02 1.528639e-03
 5.305305e-02 -2.728655e-02 -2.467177e-02 1.353252e-03
 5.405405e-02 -3.376892e-02 -1.312124e-02 1.312507e-03
 5.505506e-02 -3.805322e-02 -2.070289e-04 1.448090e-03
 5.605606e-02 -3.961314e-02  1.311431e-02 1.741186e-03
 5.705706e-02 -3.811334e-02  2.583755e-02 2.120206e-03
 5.805806e-02 -3.345174e-02  3.698274e-02 2.486742e-03
 5.905906e-02 -2.578397e-02  4.566774e-02 2.750355e-03
 6.006006e-02 -1.552681e-02  5.117441e-02 2.859902e-03
 6.106106e-02 -3.339062e-03  5.300372e-02 2.820543e-03
 6.206206e-02  9.919445e-03  5.091577e-02 2.690811e-03
 6.306306e-02  2.324832e-02  4.495195e-02 2.561163e-03
 6.406406e-02  3.558214e-02  3.543753e-02 2.521907e-03
 6.506507e-02  4.587531e-02  2.296417e-02 2.631897e-03
 6.606607e-02  5.318935e-02  8.353552e-03 2.898889e-03
 6.706707e-02  5.677531e-02 -7.395845e-03 3.278134e-03
 6.806807e-02  5.614415e-02 -2.317538e-02 3.689264e-03
 6.906907e-02  5.111884e-02 -3.784199e-02 4.045153e-03
 7.007007e-02  4.186297e-02 -5.029805e-02 4.282403e-03
 7.107107e-02  2.888280e-02 -5.957004e-02 4.382806e-03
 7.207207e-02  1.300162e-02 -6.488062e-02 4.378536e-03
 7.307307e-02 -4.692326e-03 -6.570906e-02 4.339698e-03
 7.407407e-02 -2.292114e-02 -6.183564e-02 4.349025e-03
 7.507508e-02 -4.031025e-02 -5.336646e-02 4.472895e-03
 7.607608e-02 -5.549219e-02 -4.073648e-02 4.738844e-03
 7.707708e-02 -6.721329e-02 -2.468987e-02 5.127216e-03
 7.807808e-02 -7.443478e-02 -6.238291e-03 5.579453e-03
 7.907908e-02 -7.642030e-02  1.340081e-02 6.019643e-03
 8.008008e-02 -7.280259e-02  3.288221e-02 6.381456e-03
 8.108108e-02 -6.362368e-02  5.082258e-02 6.630907e-03
 8.208208e-02 -4.934489e-02  6.589595e-02 6.777195e-03
 8.308308e-02 -3.082514e-02  7.692856e-02 6.868192e-03
 8.408408e-02 -9.268693e-03  8.298654e-02 6.972674e-03
 8.508509e-02  1.385452e-02  8.345004e-02 7.155857e-03
 8.608609e-02  3.691030e-02  7.806818e-02 7.457010e-03
 8.708709e-02  5.821629e-02  6.699008e-02 7.876808e-03
 8.808809e-02  7.616431e-02  5.076923e-02 8.378516e-03
 8.908909e-02  8.933991e-02  3.033953e-02 8.902107e-03
 9.009009e-02  9.663048e-02  6.963952e-03 9.385946e-03
 9.109109e-02  9.731356e-02 -1.784185e-02 9.788260e-03
 9.209209e-02  9.111879e-02 -4.240629e-02 1.010093e-02
 9.309309e-02  7.825855e-02 -6.501302e-02 1.035109e-02
 9.409409e-02  5.942460e-02 -8.401919e-02 1.059051e-02
 9.509510e-02  3.575049e-02 -9.797262e-02 1.087673e-02
 9.609610e-02  8.741930e-03 -1.057196e-01 1.125306e-02
 9.709710e-02 -1.982045e-02 -1.064956e-01 1.173416e-02
 9.809810e-02 -4.799940e-02 -9.999147e-02 1.230224e-02
 9.909910e-02 -7.383246e-02 -8.639020e-02 1.291450e-02
 1.001001e-01 -9.546754e-02 -6.637039e-02 1.351908e-02
 1.011011e-01 -1.112933e-01 -4.107523e-02 1.407336e-02
 1.021021e-01 -1.200550e-01 -1.204815e-02 1.455836e-02
 1.031031e-01 -1.209486e-01  1.886115e-02 1.498431e-02
 1.041041e-01 -1.136850e-01  4.961489e-02 1.538591e-02
 1.051051e-01 -9.852044e-02  7.812154e-02 1.580925e-02
 1.061061e-01 -7.625145e-02  1.023778e-01 1.629549e-02
 1.071071e-01 -4.817198e-02  1.206080e-01 1.686682e-02
 1.081081e-01 -1.599724e-02  1.313918e-01 1.751972e-02
 1.091091e-01  1.824229e-02  1.337705e-01 1.822734e-02
 1.101101e-01  5.232964e-02  1.273243e-01 1.894987e-02
 1.111111e-01  8.400475e-02  1.122144e-01 1.964888e-02
 1.121121e-01  1.111132e-01  8.918721e-02 2.030050e-02
 1.131131e-01  1.317505e-01  5.953778e-02 2.090295e-02
 1.141141e-01  1.443925e-01  2.503637e-02 2.147602e-02
 1.151151e-01  1.480030e-01 -1.217927e-02 2.205321e-02
 1.161161e-01  1.421111e-01 -4.973812e-02 2.266944e-02
 1.171171e-01  1.268535e-01 -8.518849e-02 2.334888e-02
 1.181181e-01  1.029773e-01 -1.161586e-01 2.409715e-02
 1.191191e-01  7.180386e-02 -1.405151e-01 2.490029e-02
 1.201201e-01  3.515430e-02 -1.565077e-01 2.573048e-02
 1.211211e-01 -4.758218e-03 -1.628915e-01 2.655629e-02
 1.221221e-01 -4.546328e-02 -1.590180e-01 2.735363e-02
 1.231231e-01 -8.438686e-02 -1.448876e-01 2.811355e-02
 1.241241e-01 -1.190141e-01 -1.211611e-01 2.884437e-02
 1.251251e-01 -1.470506e-01 -8.912860e-02 2.956780e-02
 1.261261e-01 -1.665731e-01 -5.063606e-02 3.031060e-02
 1.271271e-01 -1.761571e-01 -7.976398e-03 3.109496e-02
 1.281281e-01 -1.749769e-01  3.625038e-02 3.193100e-02
 1.291291e-01 -1.628670e-01  7.929801e-02 3.281383e-02
 1.301301e-01 -1.403441e-01  1.184460e-01 3.372592e-02
 1.311311e-01 -1.085858e-01  1.511716e-01 3.464372e-02
 1.321321e-01 -6.936675e-02  1.753116e-01 3.554591e-02
 1.331331e-01 -2.495760e-02  1.892023e-01 3.642039e-02
 1.341341e-01  2.200952e-02  1.917897e-01 3.726772e-02
 1.351351e-01  6.869931e-02  1.827028e-01 3.809992e-02
 1.361361e-01  1.122462e-01  1.622845e-01 3.893547e-02
 1.371371e-01  1.499314e-01  1.315783e-01 3.979229e-02
 1.381381e-01  1.793522e-01  9.227254e-02 4.068142e-02
 1.391391e-01  1.985739e-01  4.660292e-02 4.160342e-02
 1.401401e-01  2.062543e-01 -2.777889e-03 4.254856e-02
 1.411411e-01  2.017325e-01 -5.295788e-02 4.350055e-02
 1.421421e-01  1.850768e-01 -1.009398e-01 4.444227e-02
 1.431431e-01  1.570882e-01 -1.438218e-01 4.536141e-02
 1.441441e-01  1.192593e-01 -1.789728e-01 4.625403e-02
 1.451451e-01  7.369072e-02 -2.041931e-01 4.712513e-02
 1.461461e-01  2.297019e-02 -2.178492e-01 4.798592e-02
 1.471471e-01 -2.997891e-02 -2.189762e-01 4.884932e-02
 1.481481e-01 -8.206957e-02 -2.073394e-01 4.972504e-02
 1.491491e-01 -1.302340e-01 -1.834537e-01 5.061615e-02
 1.501502e-01 -1.716062e-01 -1.485579e-01 5.151813e-02
 1.511512e-01 -2.036924e-01 -1.045465e-01 5.242059e-02
 1.521522e-01 -2.245211e-01 -5.386183e-02 5.331084e-02
 1.531532e-01 -2.327609e-01  6.457228e-04 5.417805e-02
 1.541542e-01 -2.278017e-01  5.588207e-02 5.501644e-02
 1.551552e-01 -2.097934e-01  1.086883e-01 5.582643e-02
 1.561562e-01 -1.796395e-01  1.560237e-01 5.661375e-02
 1.571572e-01 -1.389470e-01  1.951419e-01 5.738662e-02
 1.581582e-01 -8.993526e-02  2.237499e-01 5.815237e-02
 1.591592e-01 -3.530954e-02  2.401413e-01 5.891461e-02
 1.601602e-01  2.189386e-02  2.432952e-01 5.967188e-02
 1.611612e-01  7.848063e-02  2.329353e-01 6.041805e-02
 1.621622e-01  1.312804e-01  2.095468e-01 6.114442e-02
 1.631632e-01  1.773267e-01  1.743493e-01 6.184245e-02
 1.641642e-01  2.140245e-01  1.292274e-01 6.250619e-02
 1.651652e-01  2.392957e-01  7.662447e-02 6.313375e-02
 1.661662e-01  2.516955e-01  1.940451e-02 6.372715e-02
 1.671672e-01  2.504910e-01 -3.930899e-02 6.429094e-02
 1.681682e-01  2.357006e-01 -9.630805e-02 6.483000e-02
 1.691692e-01  2.080900e-01 -1.484791e-01 6.534748e-02
 1.701702e-01  1.691272e-01 -1.929752e-01 6.584343e-02
 1.711712e-01  1.208981e-01 -2.273727e-01 6.631467e-02
 1.721722e-01  6.598886e-02 -2.498023e-01 6.675574e-02
 1.731732e-01  7.341283e-03 -2.590495e-01 6.716053e-02
 1.741742e-01 -5.191000e-02 -2.546162e-01 6.752408e-02
 1.751752e-01 -1.086094e-01 -2.367441e-01 6.784378e-02
 1.761762e-01 -1.597518e-01 -2.063954e-01 6.811970e-02
 1.771772e-01 -2.026438e-01 -1.651952e-01 6.835398e-02
 1.781782e-01 -2.350461e-01 -1.153383e-01 6.854961e-02
 1.791792e-01 -2.552898e-01 -5.946554e-02 6.870901e-02
 1.801802e-01 -2.623599e-01 -5.177300e-04 6.883298e-02
 1.811812e-01 -2.559431e-01  5.842438e-02 6.892027e-02
 1.821822e-01 -2.364362e-01  1.143059e-01 6.896792e-02
 1.831832e-01 -2.049172e-01  1.642593e-01 6.897217e-02
 1.841842e-01 -1.630794e-01  2.057540e-01 6.892959e-02
 1.851852e-01 -1.131346e-01  2.367246e-01 6.883796e-02
 1.861862e-01 -5.768977e-02  2.556729e-01 6.869673e-02
 1.871872e-01  3.953139e-04  2.617379e-01 6.850690e-02
 1.881882e-01  5.816073e-02  2.547306e-01 6.827034e-02
 1.891892e-01  1.127019e-01  2.351325e-01 6.798899e-02
 1.901902e-01  1.613191e-01  2.040594e-01 6.766409e-02
 1.911912e-01  2.016531e-01  1.631925e-01 6.729575e-02
 1.921922e-01  2.318000e-01  1.146811e-01 6.688297e-02
 1.931932e-01  2.504002e-01  6.102360e-02 6.642412e-02
 1.941942e-01  2.566966e-01  4.932791e-03 6.591749e-02
 1.951952e-01  2.505607e-01 -5.080676e-02 6.536200e-02
 1.961962e-01  2.324846e-01 -1.034813e-01 6.475749e-02
 1.971972e-01  2.035425e-01 -1.505833e-01 6.410487e-02
 1.981982e-01  1.653218e-01 -1.899329e-01 6.340580e-02
 1.991992e-01  1.198312e-01 -2.197788e-01 6.266224e-02
 2.002002e-01  6.938912e-02 -2.388747e-01 6.187599e-02
 2.012012e-01  1.649922e-02 -2.465282e-01 6.104837e-02
 2.022022e-01 -3.627877e-02 -2.426189e-01 6.018009e-02
 2.032032e-01 -8.645762e-02 -2.275885e-01 5.927143e-02
 2.042042e-01 -1.317432e-01 -2.024013e-01 5.832257e-02
 2.052052e-01 -1.701413e-01 -1.684810e-01 5.733392e-02
 2.062062e-01 -2.000454e-01 -1.276255e-01 5.630643e-02
 2.072072e-01 -2.203020e-01 -8.190663e-02 5.524167e-02
 2.082082e-01 -2.302510e-01 -3.355957e-02 5.414178e-02
 2.092092e-01 -2.297396e-01  1.513158e-02 5.300924e-02
 2.102102e-01 -2.191102e-01  6.194624e-02 5.184660e-02
 2.112112e-01 -1.991646e-01  1.048319e-01 5.065627e-02
 2.122122e-01 -1.711068e-01  1.419960e-01 4.944039e-02
 2.132132e-01 -1.364677e-01  1.719810e-01 4.820089e-02
 2.142142e-01 -9.701812e-02  1.937190e-01 4.693959e-02
 2.152152e-01 -5.467324e-02  2.065653e-01 4.565839e-02
 2.162162e-01 -1.139473e-02  2.103084e-01 4.435947e-02
 2.172172e-01  3.090440e-02  2.051592e-01 4.304537e-02
 2.182182e-01  7.044760e-02  1.917188e-01 4.171896e-02
 2.192192e-01  1.056712e-01  1.709298e-01 4.038342e-02
 2.202202e-01  1.352862e-01  1.440128e-01 3.904206e-02
 2.212212e-01  1.583226e-01  1.123929e-01 3.769823e-02
 2.222222e-01  1.741557e-01  7.762099e-02 3.635521e-02
 2.232232e-01  1.825134e-01  4.129298e-02 3.501624e-02
 2.242242e-01  1.834660e-01  4.972837e-03 3.368449e-02
 2.252252e-01  1.773992e-01 -2.987827e-02 3.236319e-02
 2.262262e-01  1.649739e-01 -6.196243e-02 3.105572e-02
 2.272272e-01  1.470743e-01 -9.019303e-02 2.976563e-02
 2.282282e-01  1.247498e-01 -1.137285e-01 2.849670e-02
 2.292292e-01  9.915239e-02 -1.319912e-01 2.725288e-02
 2.302302e-01  7.147404e-02 -1.446712e-01 2.603829e-02
 2.312312e-01  4.288782e-02 -1.517159e-01 2.485709e-02
 2.322322e-01  1.449485e-02 -1.533081e-01 2.371349e-02
 2.332332e-01 -1.271984e-02 -1.498328e-01 2.261167e-02
 2.342342e-01 -3.792106e-02 -1.418372e-01 2.155579e-02
 2.352352e-01 -6.044560e-02 -1.299860e-01 2.055004e-02
 2.362362e-01 -7.981270e-02 -1.150153e-01 1.959859e-02
 2.372372e-01 -9.572304e-02 -9.768722e-02 1.870569e-02
 2.382382e-01 -1.080475e-01 -7.874895e-02 1.787565e-02
 2.392392e-01 -1.168071e-01 -5.889763e-02 1.711283e-02
 2.402402e-01 -1.221467e-01 -3.875292e-02 1.642161e-02
 2.412412e-01 -1.243042e-01 -1.883839e-02 1.580643e-02
 2.422422e-01 -1.235779e-01  4.279159e-04 1.527168e-02
 2.432432e-01 -1.202945e-01  1.873389e-02 1.482173e-02
 2.442442e-01 -1.147805e-01  3.586560e-02 1.446092e-02
 2.452452e-01 -1.073376e-01  5.169259e-02 1.419349e-02
 2.462462e-01 -9.822494e-02  6.614796e-02 1.402369e-02
 2.472472e-01 -8.764819e-02  7.920525e-02 1.395568e-02
 2.482482e-01 -7.575680e-02  9.085420e-02 1.399358e-02
 2.492492e-01 -6.264821e-02  1.010776e-01 1.414147e-02
 2.502503e-01 -4.837922e-02  1.098310e-01 1.440340e-02
 2.512513e-01 -3.298289e-02  1.170276e-01 1.478332e-02
 2.522523e-01 -1.648952e-02  1.225285e-01 1.528514e-02
 2.532533e-01  1.050116e-03  1.261410e-01 1.591267e-02
 2.542543e-01  1.954134e-02  1.276234e-01 1.666959e-02
 2.552553e-01  3.882401e-02  1.266972e-01 1.755948e-02
 2.562563e-01  5.865469e-02  1.230665e-01 1.858573e-02
 2.572573e-01  7.869444e-02  1.164421e-01 1.975158e-02
 2.582583e-01  9.850338e-02  1.065700e-01 2.106008e-02
 2.592593e-01  1.175433e-01  9.326134e-02 2.251410e-02
 2.602603e-01  1.351882e-01  7.642282e-02 2.411630e-02
 2.612613e-01  1.507438e-01  5.608442e-02 2.586917e-02
 2.622623e-01  1.634740e-01  3.242299e-02 2.777499e-02
 2.632633e-01  1.726339e-01  5.779385e-03 2.983588e-02
 2.642643e-01  1.775087e-01 -2.333221e-02 3.205374e-02
 2.652653e-01  1.774543e-01 -5.422427e-02 3.443031e-02
 2.662663e-01  1.719398e-01 -8.604567e-02 3.696716e-02
 2.672673e-01  1.605878e-01 -1.178018e-01 3.966569e-02
 2.682683e-01  1.432108e-01 -1.483840e-01 4.252713e-02
 2.692693e-01  1.198417e-01 -1.766085e-01 4.555260e-02
 2.702703e-01  9.075559e-02 -2.012624e-01 4.874312e-02
 2.712713e-01  5.648138e-02 -2.211548e-01 5.209960e-02
 2.722723e-01  1.780245e-02 -2.351722e-01 5.562290e-02
 2.732733e-01 -2.425498e-02 -2.423335e-01 5.931382e-02
 2.742743e-01 -6.844572e-02 -2.418435e-01 6.317310e-02
 2.752753e-01 -1.133412e-01 -2.331419e-01 6.720140e-02
 2.762763e-01 -1.573761e-01 -2.159445e-01 7.139926e-02
 2.772773e-01 -1.989034e-01 -1.902749e-01 7.576708e-02
 2.782783e-01 -2.362575e-01 -1.564847e-01 8.030505e-02
 2.792793e-01 -2.678209e-01 -1.152607e-01 8.501309e-02
 2.802803e-01 -2.920935e-01 -6.761761e-02 8.989078e-02
 2.812813e-01 -3.077597e-01 -1.487682e-02 9.493732e-02
 2.822823e-01 -3.137515e-01  4.136918e-02 1.001514e-01
 2.832833e-01 -3.093053e-01  9.930518e-02 1.055313e-01
 2.842843e-01 -2.940071e-01  1.569534e-01 1.110745e-01
 2.852853e-01 -2.678263e-01  2.122430e-01 1.167780e-01
 2.862863e-01 -2.311359e-01  2.630859e-01 1.226380e-01
 2.872873e-01 -1.847159e-01  3.074572e-01 1.286499e-01
 2.882883e-01 -1.297415e-01  3.434758e-01 1.348085e-01
 2.892893e-01 -6.775494e-02  3.694822e-01 1.411078e-01
 2.902903e-01 -6.217071e-04  3.841104e-01 1.475412e-01
 2.912913e-01  6.952740e-02  3.863515e-01 1.541015e-01
 2.922923e-01  1.403663e-01  3.756042e-01 1.607812e-01
 2.932933e-01  2.094537e-01  3.517123e-01 1.675724e-01
 2.942943e-01  2.743195e-01  3.149855e-01 1.744671e-01
 2.952953e-01  3.325554e-01  2.662036e-01 1.814575e-01
 2.962963e-01  3.819049e-01  2.066025e-01 1.885360e-01
 2.972973e-01  4.203509e-01  1.378426e-01 1.956955e-01
 2.982983e-01  4.461955e-01  6.196131e-02 2.029296e-01
 2.992993e-01  4.581303e-01 -1.869062e-02 2.102327e-01
 3.003003e-01  4.552940e-01 -1.015251e-01 2.176000e-01
 3.013013e-01  4.373146e-01 -1.838033e-01 2.250278e-01
 3.023023e-01  4.043345e-01 -2.627297e-01 2.325133e-01
 3.033033e-01  3.570172e-01 -3.355495e-01 2.400547e-01
 3.043043e-01  2.965358e-01 -3.996469e-01 2.476511e-01
 3.053053e-01  2.245426e-01 -4.526398e-01 2.553022e-01
 3.063063e-01  1.431209e-01 -4.924674e-01 2.630078e-01
 3.073073e-01  5.472124e-02 -5.174686e-01 2.707681e-01
 3.083083e-01 -3.791710e-02 -5.264458e-01 2.785829e-01
 3.093093e-01 -1.318548e-01 -5.187151e-01 2.864511e-01
 3.103103e-01 -2.240502e-01 -4.941377e-01 2.943706e-01
 3.113113e-01 -3.114612e-01 -4.531332e-01 3.023378e-01
 3.123123e-01 -3.911486e-01 -3.966737e-01 3.103472e-01
 3.133133e-01 -4.603764e-01 -3.262583e-01 3.183909e-01
 3.143143e-01 -5.167070e-01 -2.438704e-01 3.264589e-01
 3.153153e-01 -5.580856e-01 -1.519165e-01 3.345381e-01
 3.163163e-01 -5.829137e-01 -5.315150e-02 3.426134e-01
 3.173173e-01 -5.901065e-01  4.940915e-02 3.506669e-01
 3.183183e-01 -5.791340e-01  1.525861e-01 3.586786e-01
 3.193193e-01 -5.500432e-01  2.531388e-01 3.666268e-01
 3.203203e-01 -5.034621e-01  3.478715e-01 3.744886e-01
 3.213213e-01 -4.405828e-01  4.337365e-01 3.822405e-01
 3.223223e-01 -3.631277e-01  5.079347e-01 3.898594e-01
 3.233233e-01 -2.732971e-01  5.680070e-01 3.973233e-01
 3.243243e-01 -1.737011e-01  6.119150e-01 4.046121e-01
 3.253253e-01 -6.727854e-02  6.381083e-01 4.117086e-01
 3.263263e-01  4.279492e-02  6.455757e-01 4.185994e-01
 3.273273e-01  1.532067e-01  6.338793e-01 4.252753e-01
 3.283283e-01  2.606108e-01  6.031699e-01 4.317320e-01
 3.293293e-01  3.617331e-01  5.541836e-01 4.379703e-01
 3.303303e-01  4.534732e-01  4.882197e-01 4.439964e-01
 3.313313e-01  5.330011e-01  4.071013e-01 4.498216e-01
 3.323323e-01  5.978447e-01  3.131186e-01 4.554615e-01
 3.333333e-01  6.459660e-01  2.089590e-01 4.609359e-01
 3.343343e-01  6.758232e-01  9.762393e-02 4.662674e-01
 3.353353e-01  6.864168e-01 -1.766307e-02 4.714800e-01
 3.363363e-01  6.773191e-01 -1.335544e-01 4.765980e-01
 3.373373e-01  6.486859e-01 -2.466799e-01 4.816443e-01
 3.383383e-01  6.012493e-01 -3.537488e-01 4.866389e-01
 3.393393e-01  5.362945e-01 -4.516473e-01 4.915970e-01
 3.403403e-01  4.556185e-01 -5.375310e-01 4.965277e-01
 3.413413e-01  3.614748e-01 -6.089080e-01 5.014329e-01
 3.423423e-01  2.565042e-01 -6.637105e-01 5.063060e-01
 3.433433e-01  1.436547e-01 -7.003534e-01 5.111315e-01
 3.443443e-01  2.609364e-02 -7.177770e-01 5.158847e-01
 3.453453e-01 -9.288626e-02 -7.154748e-01 5.205320e-01
 3.463463e-01 -2.099634e-01 -6.935035e-01 5.250318e-01
 3.473473e-01 -3.218833e-01 -6.524774e-01 5.293356e-01
 3.483483e-01 -4.255514e-01 -5.935452e-01 5.333899e-01
 3.493493e-01 -5.181203e-01 -5.183531e-01 5.371386e-01
 3.503504e-01 -5.970683e-01 -4.289924e-01 5.405250e-01
 3.513514e-01 -6.602673e-01 -3.279363e-01 5.434951e-01
 3.523524e-01 -7.060390e-01 -2.179655e-01 5.460001e-01
 3.533534e-01 -7.331968e-01 -1.020871e-01 5.479993e-01
 3.543544e-01 -7.410728e-01  1.655224e-02 5.494629e-01
 3.553554e-01 -7.295308e-01  1.347557e-01 5.503743e-01
 3.563564e-01 -6.989625e-01  2.493652e-01 5.507315e-01
 3.573574e-01 -6.502700e-01  3.573483e-01 5.505488e-01
 3.583584e-01 -5.848342e-01  4.558792e-01 5.498570e-01
 3.593594e-01 -5.044701e-01  5.424138e-01 5.487028e-01
 3.603604e-01 -4.113708e-01  6.147537e-01 5.471481e-01
 3.613614e-01 -3.080430e-01  6.711014e-01 5.452676e-01
 3.623624e-01 -1.972339e-01  7.101020e-01 5.431461e-01
 3.633634e-01 -8.185398e-02  7.308726e-01 5.408748e-01
 3.643644e-01  3.510327e-02  7.330178e-01 5.385474e-01
 3.653654e-01  1.506426e-01  7.166323e-01 5.362550e-01
 3.663664e-01  2.618461e-01  6.822895e-01 5.340824e-01
 3.673674e-01  3.659485e-01  6.310182e-01 5.321023e-01
 3.683684e-01  4.604069e-01  5.642669e-01 5.303717e-01
 3.693694e-01  5.429629e-01  4.838586e-01 5.289278e-01
 3.703704e-01  6.116954e-01  3.919358e-01 5.277849e-01
 3.713714e-01  6.650638e-01  2.908994e-01 5.269323e-01
 3.723724e-01  7.019398e-01  1.833415e-01 5.263336e-01
 3.733734e-01  7.216274e-01  7.197554e-02 5.259266e-01
 3.743744e-01  7.238718e-01 -4.043569e-02 5.256254e-01
 3.753754e-01  7.088561e-01 -1.511507e-01 5.253235e-01
 3.763764e-01  6.771869e-01 -2.575179e-01 5.248975e-01
 3.773774e-01  6.298695e-01 -3.570400e-01 5.242132e-01
 3.783784e-01  5.682738e-01 -4.474330e-01 5.231315e-01
 3.793794e-01  4.940913e-01 -5.266774e-01 5.215153e-01
 3.803804e-01  4.092857e-01 -5.930619e-01 5.192371e-01
 3.813814e-01  3.160378e-01 -6.452180e-01 5.161862e-01
 3.823824e-01  2.166867e-01 -6.821450e-01 5.122749e-01
 3.833834e-01  1.136687e-01 -7.032247e-01 5.074455e-01
 3.843844e-01  9.455531e-03 -7.082266e-01 5.016743e-01
 3.853854e-01 -9.350627e-02 -6.973034e-01 4.949754e-01
 3.863864e-01 -1.928537e-01 -6.709770e-01 4.874026e-01
 3.873874e-01 -2.863614e-01 -6.301158e-01 4.790487e-01
 3.883884e-01 -3.719912e-01 -5.759046e-01 4.700436e-01
 3.893894e-01 -4.479351e-01 -5.098079e-01 4.605500e-01
 3.903904e-01 -5.126518e-01 -4.335269e-01 4.507574e-01
 3.913914e-01 -5.648947e-01 -3.489534e-01 4.408745e-01
 3.923924e-01 -6.037333e-01 -2.581194e-01 4.311195e-01
 3.933934e-01 -6.285650e-01 -1.631466e-01 4.217107e-01
 3.943944e-01 -6.391197e-01 -6.619376e-02 4.128556e-01
 3.953954e-01 -6.354559e-01  3.059308e-02 4.047402e-01
 3.963964e-01 -6.179496e-01  1.251300e-01 3.975192e-01
 3.973974e-01 -5.872755e-01  2.154401e-01 3.913070e-01
 3.983984e-01 -5.443831e-01  2.996952e-01 3.861702e-01
 3.993994e-01 -4.904662e-01  3.762519e-01 3.821226e-01
 4.004004e-01 -4.269284e-01  4.436824e-01 3.791219e-01
 4.014014e-01 -3.553451e-01  5.007989e-01 3.770697e-01
 4.024024e-01 -2.774233e-01  5.466721e-01 3.758141e-01
 4.034034e-01 -1.949591e-01  5.806427e-01 3.751550e-01
 4.044044e-01 -1.097955e-01  6.023262e-01 3.748519e-01
 4.054054e-01 -2.378074e-02  6.116120e-01 3.746348e-01
 4.064064e-01  6.127183e-02  6.086556e-01 3.742159e-01
 4.074074e-01  1.436220e-01  5.938657e-01 3.733037e-01
 4.084084e-01  2.216373e-01  5.678859e-01 3.716175e-01
 4.094094e-01  2.938238e-01  5.315724e-01 3.689017e-01
 4.104104e-01  3.588531e-01  4.859674e-01 3.649399e-01
 4.114114e-01  4.155843e-01  4.322697e-01 3.595673e-01
 4.124124e-01  4.630806e-01  3.718034e-01 3.526815e-01
 4.134134e-01  5.006222e-01  3.059851e-01 3.442495e-01
 4.144144e-01  5.277120e-01  2.362900e-01 3.343129e-01
 4.154154e-01  5.440783e-01  1.642192e-01 3.229891e-01
 4.164164e-01  5.496711e-01  9.126684e-02 3.104679e-01
 4.174174e-01  5.446551e-01  1.888957e-02 2.970060e-01
 4.184184e-01  5.293976e-01 -5.152209e-02 2.829164e-01
 4.194194e-01  5.044533e-01 -1.186699e-01 2.685557e-01
 4.204204e-01  4.705458e-01 -1.813703e-01 2.543085e-01
 4.214214e-01  4.285461e-01 -2.385745e-01 2.405696e-01
 4.224224e-01  3.794501e-01 -2.893835e-01 2.277252e-01
 4.234234e-01  3.243533e-01 -3.330603e-01 2.161342e-01
 4.244244e-01  2.644257e-01 -3.690378e-01 2.061099e-01
 4.254254e-01  2.008859e-01 -3.969231e-01 1.979031e-01
 4.264264e-01  1.349759e-01 -4.164973e-01 1.916885e-01
 4.274274e-01  6.793600e-02 -4.277129e-01 1.875537e-01
 4.284284e-01  9.818961e-04 -4.306869e-01 1.854922e-01
 4.294294e-01 -6.471738e-02 -4.256914e-01 1.854015e-01
 4.304304e-01 -1.280592e-01 -4.131410e-01 1.870847e-01
 4.314314e-01 -1.880247e-01 -3.935791e-01 1.902578e-01
 4.324324e-01 -2.436937e-01 -3.676607e-01 1.945610e-01
 4.334334e-01 -2.942567e-01 -3.361351e-01 1.995738e-01
 4.344344e-01 -3.390251e-01 -2.998270e-01 2.048342e-01
 4.354354e-01 -3.774368e-01 -2.596174e-01 2.098597e-01
 4.364364e-01 -4.090611e-01 -2.164235e-01 2.141701e-01
 4.374374e-01 -4.335993e-01 -1.711801e-01 2.173110e-01
 4.384384e-01 -4.508839e-01 -1.248206e-01 2.188765e-01
 4.394394e-01 -4.608744e-01 -7.825946e-02 2.185298e-01
 4.404404e-01 -4.636521e-01 -3.237550e-02 2.160214e-01
 4.414414e-01 -4.594119e-01  1.200276e-02 2.112034e-01
 4.424424e-01 -4.484535e-01  5.411087e-02 2.040385e-01
 4.434434e-01 -4.311702e-01  9.325934e-02 1.946051e-01
 4.444444e-01 -4.080379e-01  1.288438e-01 1.830956e-01
 4.454454e-01 -3.796019e-01  1.603516e-01 1.698102e-01
 4.464464e-01 -3.464645e-01  1.873682e-01 1.551445e-01
 4.474474e-01 -3.092718e-01  2.095795e-01 1.395726e-01
 4.484484e-01 -2.687005e-01  2.267740e-01 1.236264e-01
 4.494494e-01 -2.254451e-01  2.388416e-01 1.078708e-01
 4.504505e-01 -1.802064e-01  2.457717e-01 9.287808e-02
 4.514515e-01 -1.336788e-01  2.476485e-01 7.919984e-02
 4.524525e-01 -8.654107e-02  2.446463e-01 6.734118e-02
 4.534535e-01 -3.944556e-02  2.370216e-01 5.773520e-02
 4.544545e-01  6.989178e-03  2.251061e-01 5.072159e-02
 4.554555e-01  5.218643e-02  2.092967e-01 4.652854e-02
 4.564565e-01  9.561664e-02  1.900471e-01 4.526043e-02
 4.574575e-01  1.368027e-01  1.678560e-01 4.689064e-02
 4.584585e-01  1.753229e-01  1.432584e-01 5.126109e-02
 4.594595e-01  2.108136e-01  1.168130e-01 5.808765e-02
 4.604605e-01  2.429698e-01  8.909334e-02 6.697197e-02
 4.614615e-01  2.715458e-01  6.067603e-02 7.741872e-02
 4.624625e-01  2.963534e-01  3.213184e-02 8.885781e-02
 4.634635e-01  3.172608e-01  4.015028e-03 1.006705e-01
 4.644645e-01  3.341891e-01 -2.314420e-02 1.122180e-01
 4.654655e-01  3.471098e-01 -4.884929e-02 1.228715e-01
 4.664665e-01  3.560404e-01 -7.264305e-02 1.320418e-01
 4.674675e-01  3.610405e-01 -9.411576e-02 1.392080e-01
 4.684685e-01  3.622067e-01 -1.129087e-01 1.439421e-01
 4.694695e-01  3.596693e-01 -1.287208e-01 1.459310e-01
 4.704705e-01  3.535856e-01 -1.413096e-01 1.449912e-01
 4.714715e-01  3.441375e-01 -1.504962e-01 1.410797e-01
 4.724725e-01  3.315253e-01 -1.561641e-01 1.342962e-01
 4.734735e-01  3.159647e-01 -1.582624e-01 1.248807e-01
 4.744745e-01  2.976821e-01 -1.568022e-01 1.132015e-01
 4.754755e-01  2.769121e-01 -1.518585e-01 9.974130e-02
 4.764765e-01  2.538933e-01 -1.435643e-01 8.507252e-02
 4.774775e-01  2.288674e-01 -1.321116e-01 6.983373e-02
 4.784785e-01  2.020749e-01 -1.177422e-01 5.469749e-02
 4.794795e-01  1.737561e-01 -1.007506e-01 4.034185e-02
 4.804805e-01  1.441472e-01 -8.146892e-02 2.741561e-02
 4.814815e-01  1.134827e-01 -6.027478e-02 1.651137e-02
 4.824825e-01  8.199127e-02 -3.756596e-02 8.133769e-03
 4.834835e-01  4.990157e-02 -1.378490e-02 2.680190e-03
 4.844845e-01  1.743000e-02  1.064995e-02 4.172261e-04
 4.854855e-01 -1.513096e-02  3.507420e-02 1.459145e-03
 4.864865e-01 -4.679646e-02  5.753207e-02 5.499848e-03
 4.874875e-01 -7.585939e-02  7.637497e-02 1.158778e-02
 4.884885e-01 -1.006633e-01  9.028504e-02 1.828449e-02
 4.894895e-01 -1.197968e-01  9.823404e-02 2.400120e-02
 4.904905e-01 -1.321594e-01  9.959897e-02 2.738607e-02
 4.914915e-01 -1.370264e-01  9.418434e-02 2.764693e-02
 4.924925e-01 -1.340901e-01  8.225711e-02 2.474640e-02
 4.934935e-01 -1.234773e-01  6.452200e-02 1.940972e-02
 4.944945e-01 -1.057468e-01  4.209011e-02 1.295397e-02
 4.954955e-01 -8.185821e-02  1.640090e-02 6.969756e-03
 4.964965e-01 -5.312496e-02 -1.086165e-02 2.940237e-03
 4.974975e-01 -2.113980e-02 -3.788599e-02 1.882239e-03
 4.984985e-01  1.230608e-02 -6.284473e-02 4.100900e-03
 4.994995e-01  4.532681e-02 -8.402404e-02 9.114559e-03
 5.005005e-01  7.603903e-02 -9.993179e-02 1.576830e-02
 5.015015e-01  1.026745e-01 -1.094086e-01 2.251230e-02
 5.025025e-01  1.236715e-01 -1.117013e-01 2.777183e-02
 5.035035e-01  1.377742e-01 -1.065291e-01 3.033020e-02
 5.045045e-01  1.440958e-01 -9.409893e-02 2.961821e-02
 5.055055e-01  1.421861e-01 -7.511174e-02 2.585866e-02
 5.065065e-01  1.320475e-01 -5.071018e-02 2.000806e-02
 5.075075e-01  1.141602e-01 -2.242651e-02 1.353551e-02
 5.085085e-01  8.943982e-02  7.931989e-03 8.062397e-03
 5.095095e-01  5.922068e-02  3.837390e-02 4.979645e-03
 5.105105e-01  2.515128e-02  6.688265e-02 5.105876e-03
 5.115115e-01 -1.084589e-02  9.150974e-02 8.491667e-03
 5.125125e-01 -4.674516e-02  1.105592e-01 1.440845e-02
 5.135135e-01 -8.043296e-02  1.226245e-01 2.150623e-02
 5.145145e-01 -1.099876e-01  1.268161e-01 2.817961e-02
 5.155155e-01 -1.334735e-01  1.225763e-01 3.284011e-02
 5.165165e-01 -1.503591e-01  1.107232e-01 3.486750e-02
 5.175175e-01 -1.654465e-01  9.607875e-02 3.660368e-02
 5.185185e-01 -1.793228e-01  7.947831e-02 3.847348e-02
 5.195195e-01 -1.915721e-01  6.089652e-02 4.040827e-02
 5.205205e-01 -2.019913e-01  4.052287e-02 4.244260e-02
 5.215215e-01 -2.102874e-01  1.849818e-02 4.456298e-02
 5.225225e-01 -2.162385e-01 -4.952144e-03 4.678362e-02
 5.235235e-01 -2.196024e-01 -2.960009e-02 4.910136e-02
 5.245245e-01 -2.201866e-01 -5.516092e-02 5.152488e-02
 5.255255e-01 -2.178062e-01 -8.133494e-02 5.405490e-02
 5.265265e-01 -2.123239e-01 -1.077796e-01 5.669787e-02
 5.275275e-01 -2.036270e-01 -1.341363e-01 5.945653e-02
 5.285285e-01 -1.916544e-01 -1.600152e-01 6.233629e-02
 5.295295e-01 -1.763815e-01 -1.850153e-01 6.534110e-02
 5.305305e-01 -1.578401e-01 -2.087161e-01 6.847592e-02
 5.315315e-01 -1.361076e-01 -2.306951e-01 7.174552e-02
 5.325325e-01 -1.113213e-01 -2.505239e-01 7.515466e-02
 5.335335e-01 -8.366989e-02 -2.677837e-01 7.870876e-02
 5.345345e-01 -5.340325e-02 -2.820650e-01 8.241258e-02
 5.355355e-01 -2.082465e-02 -2.929818e-01 8.627201e-02
 5.365365e-01  1.370332e-02 -3.001735e-01 9.029192e-02
 5.375375e-01  4.976695e-02 -3.033181e-01 9.447862e-02
 5.385385e-01  8.689889e-02 -3.021353e-01 9.883716e-02
 5.395395e-01  1.245875e-01 -2.963986e-01 1.033742e-01
 5.405405e-01  1.622775e-01 -2.859389e-01 1.080950e-01
 5.415415e-01  1.993808e-01 -2.706546e-01 1.130066e-01
 5.425425e-01  2.352800e-01 -2.505152e-01 1.181145e-01
 5.435435e-01  2.693408e-01 -2.255693e-01 1.234260e-01
 5.445445e-01  3.009182e-01 -1.959468e-01 1.289469e-01
 5.455455e-01  3.293700e-01 -1.618643e-01 1.346847e-01
 5.465465e-01  3.540655e-01 -1.236252e-01 1.406456e-01
 5.475475e-01  3.743996e-01 -8.162256e-02 1.468373e-01
 5.485485e-01  3.898026e-01 -3.633578e-02 1.532664e-01
 5.495495e-01  3.997555e-01  1.166970e-02 1.599406e-01
 5.505506e-01  4.037997e-01  6.174875e-02 1.668671e-01
 5.515516e-01  4.015517e-01  1.131809e-01 1.740537e-01
 5.525526e-01  3.927128e-01  1.651799e-01 1.815078e-01
 5.535536e-01  3.770821e-01  2.169021e-01 1.892374e-01
 5.545546e-01  3.545644e-01  2.674593e-01 1.972504e-01
 5.555556e-01  3.251810e-01  3.159307e-01 2.055549e-01
 5.565566e-01  2.890750e-01  3.613787e-01 2.141589e-01
 5.575576e-01  2.465180e-01  4.028644e-01 2.230708e-01
 5.585586e-01  1.979122e-01  4.394654e-01 2.322991e-01
 5.595596e-01  1.437925e-01  4.702932e-01 2.418519e-01
 5.605606e-01  8.482348e-02  4.945131e-01 2.517382e-01
 5.615616e-01  2.179681e-02  5.113621e-01 2.619663e-01
 5.625626e-01 -4.437726e-02  5.201690e-01 2.725452e-01
 5.635636e-01 -1.126784e-01  5.203720e-01 2.834834e-01
 5.645646e-01 -1.819898e-01  5.115368e-01 2.947901e-01
 5.655656e-01 -2.511129e-01  4.933724e-01 3.064740e-01
 5.665666e-01 -3.187861e-01  4.657465e-01 3.185443e-01
 5.675676e-01 -3.837044e-01  4.286965e-01 3.310098e-01
 5.685686e-01 -4.445434e-01  3.824407e-01 3.438797e-01
 5.695696e-01 -4.999830e-01  3.273836e-01 3.571630e-01
 5.705706e-01 -5.487343e-01  2.641204e-01 3.708689e-01
 5.715716e-01 -5.895667e-01  1.934359e-01 3.850063e-01
 5.725726e-01 -6.213363e-01  1.163010e-01 3.995847e-01
 5.735736e-01 -6.430132e-01  3.386352e-02 4.146128e-01
 5.745746e-01 -6.537101e-01 -5.256347e-02 4.300998e-01
 5.755756e-01 -6.527075e-01 -1.415192e-01 4.460548e-01
 5.765766e-01 -6.394791e-01 -2.314156e-01 4.624867e-01
 5.775776e-01 -6.137132e-01 -3.205628e-01 4.794044e-01
 5.785786e-01 -5.753321e-01 -4.071974e-01 4.968168e-01
 5.795796e-01 -5.245068e-01 -4.895152e-01 5.147326e-01
 5.805806e-01 -4.616681e-01 -5.657057e-01 5.331604e-01
 5.815816e-01 -3.875121e-01 -6.339900e-01 5.521090e-01
 5.825826e-01 -3.030009e-01 -6.926593e-01 5.715865e-01
 5.835836e-01 -2.093576e-01 -7.401154e-01 5.916014e-01
 5.845846e-01 -1.080545e-01 -7.749102e-01 6.121616e-01
 5.855856e-01 -7.961057e-04 -7.957856e-01 6.332753e-01
 5.865866e-01  1.105043e-01 -8.017100e-01 6.549501e-01
 5.875876e-01  2.237547e-01 -7.919138e-01 6.771936e-01
 5.885886e-01  3.367194e-01 -7.659199e-01 7.000131e-01
 5.895896e-01  4.470596e-01 -7.235701e-01 7.234159e-01
 5.905906e-01  5.523791e-01 -6.650459e-01 7.474086e-01
 5.915916e-01  6.502736e-01 -5.908827e-01 7.719981e-01
 5.925926e-01  7.383830e-01 -5.019771e-01 7.971905e-01
 5.935936e-01  8.144463e-01 -3.995861e-01 8.229919e-01
 5.945946e-01  8.763570e-01 -2.853182e-01 8.494080e-01
 5.955956e-01  9.222180e-01 -1.611160e-01 8.764443e-01
 5.965966e-01  9.503954e-01 -2.922990e-02 9.041057e-01
 5.975976e-01  9.595690e-01  1.078164e-01 9.323971e-01
 5.985986e-01  9.487784e-01  2.472695e-01 9.613226e-01
 5.995996e-01  9.174629e-01  3.861970e-01 9.908863e-01
 6.006006e-01  8.654952e-01  5.215456e-01 1.021092e+00
 6.016016e-01  7.932057e-01  6.502050e-01 1.051942e+00
 6.026026e-01  7.013982e-01  7.690774e-01 1.083439e+00
 6.036036e-01  5.913545e-01  8.751494e-01 1.115587e+00
 6.046046e-01  4.648283e-01  9.655671e-01 1.148385e+00
 6.056056e-01  3.240275e-01  1.037710e+00 1.181836e+00
 6.066066e-01  1.715837e-01  1.089266e+00 1.215941e+00
 6.076076e-01  1.051133e-02  1.118297e+00 1.250699e+00
 6.086086e-01 -1.558464e-01  1.123309e+00 1.286111e+00
 6.096096e-01 -3.238810e-01  1.103302e+00 1.322175e+00
 6.106106e-01 -4.897932e-01  1.057825e+00 1.358891e+00
 6.116116e-01 -6.496750e-01  9.870043e-01 1.396255e+00
 6.126126e-01 -7.995996e-01  8.915756e-01 1.434267e+00
 6.136136e-01 -9.357162e-01  7.728886e-01 1.472922e+00
 6.146146e-01 -1.054347e+00  6.329052e-01 1.512217e+00
 6.156156e-01 -1.152086e+00  4.741781e-01 1.552147e+00
 6.166166e-01 -1.225895e+00  2.998152e-01 1.592709e+00
 6.176176e-01 -1.273197e+00  1.134274e-01 1.633895e+00
 6.186186e-01 -1.291956e+00 -8.093853e-02 1.675701e+00
 6.196196e-01 -1.280759e+00 -2.788821e-01 1.718119e+00
 6.206206e-01 -1.238874e+00 -4.757439e-01 1.761141e+00
 6.216216e-01 -1.166300e+00 -6.667118e-01 1.804760e+00
 6.226226e-01 -1.063798e+00 -8.469363e-01 1.848966e+00
 6.236236e-01 -9.329044e-01 -1.011652e+00 1.893751e+00
 6.246246e-01 -7.759270e-01 -1.156305e+00 1.939104e+00
 6.256256e-01 -5.959151e-01 -1.276675e+00 1.985014e+00
 6.266266e-01 -3.966141e-01 -1.369002e+00 2.031469e+00
 6.276276e-01 -1.823971e-01 -1.430101e+00 2.078458e+00
 6.286286e-01  4.182332e-02 -1.457470e+00 2.125968e+00
 6.296296e-01  2.707010e-01 -1.449381e+00 2.173985e+00
 6.306306e-01  4.985793e-01 -1.404960e+00 2.222494e+00
 6.316316e-01  7.196273e-01 -1.324243e+00 2.271482e+00
 6.326326e-01  9.279878e-01 -1.208209e+00 2.320932e+00
 6.336336e-01  1.117932e+00 -1.058799e+00 2.370828e+00
 6.346346e-01  1.284017e+00 -8.788927e-01 2.421153e+00
 6.356356e-01  1.421245e+00 -6.722737e-01 2.471889e+00
 6.366366e-01  1.525212e+00 -4.435612e-01 2.523019e+00
 6.376376e-01  1.592254e+00 -1.981168e-01 2.574524e+00
 6.386386e-01  1.619571e+00  5.807307e-02 2.626383e+00
 6.396396e-01  1.605339e+00  3.185369e-01 2.678578e+00
 6.406406e-01  1.548793e+00  5.764774e-01 2.731087e+00
 6.416416e-01  1.450293e+00  8.249469e-01 2.783888e+00
 6.426426e-01  1.311351e+00  1.057034e+00 2.836961e+00
 6.436436e-01  1.134630e+00  1.266056e+00 2.890282e+00
 6.446446e-01  9.239159e-01  1.445755e+00 2.943828e+00
 6.456456e-01  6.840490e-01  1.590488e+00 2.997576e+00
 6.466466e-01  4.208248e-01  1.695408e+00 3.051502e+00
 6.476476e-01  1.408645e-01  1.756627e+00 3.105581e+00
 6.486486e-01 -1.485438e-01  1.771362e+00 3.159787e+00
 6.496496e-01 -4.396305e-01  1.738051e+00 3.214097e+00
 6.506507e-01 -7.243496e-01  1.656442e+00 3.268482e+00
 6.516517e-01 -9.946012e-01  1.527641e+00 3.322918e+00
 6.526527e-01 -1.242463e+00  1.354128e+00 3.377376e+00
 6.536537e-01 -1.460426e+00  1.139730e+00 3.431830e+00
 6.546547e-01 -1.641628e+00  8.895569e-01 3.486253e+00
 6.556557e-01 -1.780071e+00  6.098882e-01 3.540616e+00
 6.566567e-01 -1.870831e+00  3.080319e-01 3.594890e+00
 6.576577e-01 -1.910232e+00 -7.860159e-03 3.649049e+00
 6.586587e-01 -1.896000e+00 -3.290066e-01 3.703061e+00
 6.596597e-01 -1.827369e+00 -6.462374e-01 3.756900e+00
 6.606607e-01 -1.705154e+00 -9.502553e-01 3.810535e+00
 6.616617e-01 -1.531774e+00 -1.231911e+00 3.863937e+00
 6.626627e-01 -1.311231e+00 -1.482481e+00 3.917076e+00
 6.636637e-01 -1.049030e+00 -1.693948e+00 3.969923e+00
 6.646647e-01 -7.520659e-01 -1.859259e+00 4.022448e+00
 6.656657e-01 -4.284478e-01 -1.972575e+00 4.074621e+00
 6.666667e-01 -8.728957e-02 -2.029481e+00 4.126412e+00
 6.676677e-01  2.615417e-01 -2.027162e+00 4.177791e+00
 6.686687e-01  6.077076e-01 -1.964541e+00 4.228729e+00
 6.696697e-01  9.407059e-01 -1.842354e+00 4.279195e+00
 6.706707e-01  1.250191e+00 -1.663184e+00 4.329161e+00
 6.716717e-01  1.526303e+00 -1.431431e+00 4.378596e+00
 6.726727e-01  1.759988e+00 -1.153218e+00 4.427470e+00
 6.736737e-01  1.943305e+00 -8.362545e-01 4.475755e+00
 6.746747e-01  2.069707e+00 -4.896282e-01 4.523422e+00
 6.756757e-01  2.134285e+00 -1.235569e-01 4.570441e+00
 6.766767e-01  2.133970e+00  2.509078e-01 4.616784e+00
 6.776777e-01  2.067674e+00  6.222119e-01 4.662423e+00
 6.786787e-01  1.936378e+00  9.786572e-01 4.707330e+00
 6.796797e-01  1.743155e+00  1.308774e+00 4.751477e+00
 6.806807e-01  1.493118e+00  1.601697e+00 4.794837e+00
 6.816817e-01  1.193312e+00  1.847536e+00 4.837383e+00
 6.826827e-01  8.525230e-01  2.037718e+00 4.879089e+00
 6.836837e-01  4.810391e-01  2.165301e+00 4.919928e+00
 6.846847e-01  9.034572e-02  2.225245e+00 4.959877e+00
 6.856857e-01 -3.072245e-01  2.214615e+00 4.998909e+00
 6.866867e-01 -6.988803e-01  2.132737e+00 5.037000e+00
 6.876877e-01 -1.071786e+00  1.981262e+00 5.074127e+00
 6.886887e-01 -1.413490e+00  1.764174e+00 5.110266e+00
 6.896897e-01 -1.712349e+00  1.487702e+00 5.145395e+00
 6.906907e-01 -1.957937e+00  1.160161e+00 5.179492e+00
 6.916917e-01 -2.141428e+00  7.917210e-01 5.212536e+00
 6.926927e-01 -2.255924e+00  3.940980e-01 5.244505e+00
 6.936937e-01 -2.296734e+00 -1.980924e-02 5.275381e+00
 6.946947e-01 -2.261583e+00 -4.363358e-01 5.305145e+00
 6.956957e-01 -2.150732e+00 -8.415031e-01 5.333777e+00
 6.966967e-01 -1.967032e+00 -1.221493e+00 5.361261e+00
 6.976977e-01 -1.715868e+00 -1.563130e+00 5.387579e+00
 6.986987e-01 -1.405028e+00 -1.854349e+00 5.412715e+00
 6.996997e-01 -1.044478e+00 -2.084639e+00 5.436655e+00
 7.007007e-01 -6.460565e-01 -2.245439e+00 5.459384e+00
 7.017017e-01 -2.230915e-01 -2.330476e+00 5.480889e+00
 7.027027e-01  2.100364e-01 -2.336031e+00 5.501156e+00
 7.037037e-01  6.383858e-01 -2.261114e+00 5.520175e+00
 7.047047e-01  1.046973e+00 -2.107553e+00 5.537933e+00
 7.057057e-01  1.421307e+00 -1.879976e+00 5.554422e+00
 7.067067e-01  1.747912e+00 -1.585697e+00 5.569632e+00
 7.077077e-01  2.014836e+00 -1.234500e+00 5.583556e+00
 7.087087e-01  2.212100e+00 -8.383295e-01 5.596184e+00
 7.097097e-01  2.332098e+00 -4.108937e-01 5.607512e+00
 7.107107e-01  2.369907e+00  3.280319e-02 5.617534e+00
 7.117117e-01  2.323517e+00  4.769861e-01 5.626246e+00
 7.127127e-01  2.193945e+00  9.056743e-01 5.633643e+00
 7.137137e-01  1.985252e+00  1.303265e+00 5.639722e+00
 7.147147e-01  1.704432e+00  1.655112e+00 5.644484e+00
 7.157157e-01  1.361207e+00  1.948086e+00 5.647925e+00
 7.167167e-01  9.677030e-01  2.171082e+00 5.650048e+00
 7.177177e-01  5.380315e-01  2.315464e+00 5.650852e+00
 7.187187e-01  8.779446e-02  2.375422e+00 5.650339e+00
 7.197197e-01 -3.664823e-01  2.348234e+00 5.648513e+00
 7.207207e-01 -8.079589e-01  2.234408e+00 5.645378e+00
 7.217217e-01 -1.220114e+00  2.037709e+00 5.640937e+00
 7.227227e-01 -1.587375e+00  1.765060e+00 5.635196e+00
 7.237237e-01 -1.895726e+00  1.426319e+00 5.628161e+00
 7.247247e-01 -2.133263e+00  1.033938e+00 5.619841e+00
 7.257257e-01 -2.290678e+00  6.025245e-01 5.610242e+00
 7.267267e-01 -2.361648e+00  1.482969e-01 5.599375e+00
 7.277277e-01 -2.343119e+00 -3.115173e-01 5.587249e+00
 7.287287e-01 -2.235459e+00 -7.593401e-01 5.573874e+00
 7.297297e-01 -2.042488e+00 -1.177924e+00 5.559261e+00
 7.307307e-01 -1.771366e+00 -1.551028e+00 5.543424e+00
 7.317317e-01 -1.432347e+00 -1.864070e+00 5.526375e+00
 7.327327e-01 -1.038414e+00 -2.104715e+00 5.508128e+00
 7.337337e-01 -6.047883e-01 -2.263388e+00 5.488696e+00
 7.347347e-01 -1.483546e-01 -2.333685e+00 5.468095e+00
 7.357357e-01  3.129983e-01 -2.312655e+00 5.446342e+00
 7.367367e-01  7.610805e-01 -2.200956e+00 5.423451e+00
 7.377377e-01  1.178128e+00 -2.002862e+00 5.399442e+00
 7.387387e-01  1.547524e+00 -1.726123e+00 5.374332e+00
 7.397397e-01  1.854475e+00 -1.381688e+00 5.348138e+00
 7.407407e-01  2.086632e+00 -9.832844e-01 5.320881e+00
 7.417417e-01  2.234613e+00 -5.468858e-01 5.292580e+00
 7.427427e-01  2.292409e+00 -9.007849e-02 5.263255e+00
 7.437437e-01  2.257659e+00  3.686465e-01 5.232925e+00
 7.447447e-01  2.131775e+00  8.106469e-01 5.201613e+00
 7.457457e-01  1.919913e+00  1.217898e+00 5.169340e+00
 7.467467e-01  1.630786e+00  1.573742e+00 5.136128e+00
 7.477477e-01  1.276330e+00  1.863594e+00 5.102000e+00
 7.487487e-01  8.712229e-01  2.075560e+00 5.066979e+00
 7.497497e-01  4.322934e-01  2.200957e+00 5.031089e+00
 7.507508e-01 -2.217575e-02  2.234695e+00 4.994353e+00
 7.517518e-01 -4.732086e-01  2.175516e+00 4.956795e+00
 7.527528e-01 -9.019354e-01  2.026068e+00 4.918438e+00
 7.537538e-01 -1.290394e+00  1.792817e+00 4.879309e+00
 7.547548e-01 -1.622301e+00  1.485789e+00 4.839430e+00
 7.557558e-01 -1.883757e+00  1.118162e+00 4.798828e+00
 7.567568e-01 -2.063854e+00  7.057153e-01 4.757527e+00
 7.577578e-01 -2.155159e+00  2.661602e-01 4.715554e+00
 7.587588e-01 -2.154054e+00 -1.816144e-01 4.672933e+00
 7.597598e-01 -2.060904e+00 -6.183582e-01 4.629692e+00
 7.607608e-01 -1.880060e+00 -1.025295e+00 4.585857e+00
 7.617618e-01 -1.619684e+00 -1.384946e+00 4.541452e+00
 7.627628e-01 -1.291402e+00 -1.681899e+00 4.496504e+00
 7.637638e-01 -9.098072e-01 -1.903494e+00 4.451039e+00
 7.647648e-01 -4.918210e-01 -2.040391e+00 4.405082e+00
 7.657658e-01 -5.595260e-02 -2.086990e+00 4.358660e+00
 7.667668e-01  3.785209e-01 -2.041695e+00 4.311797e+00
 7.677678e-01  7.924127e-01 -1.906988e+00 4.264521e+00
 7.687688e-01  1.167485e+00 -1.689330e+00 4.216857e+00
 7.697698e-01  1.487270e+00 -1.398878e+00 4.168833e+00
 7.707708e-01  1.737817e+00 -1.049032e+00 4.120475e+00
 7.717718e-01  1.908321e+00 -6.558325e-01 4.071807e+00
 7.727728e-01  1.991626e+00 -2.372378e-01 4.022855e+00
 7.737738e-01  1.984544e+00  1.876943e-01 3.973644e+00
 7.747748e-01  1.888011e+00  5.996763e-01 3.924198e+00
 7.757758e-01  1.707043e+00  9.800749e-01 3.874541e+00
 7.767768e-01  1.450503e+00  1.311769e+00 3.824698e+00
 7.777778e-01  1.130699e+00  1.579941e+00 3.774694e+00
 7.787788e-01  7.628029e-01  1.772762e+00 3.724553e+00
 7.797798e-01  3.641533e-01  1.881938e+00 3.674299e+00
 7.807808e-01 -4.656184e-02  1.903100e+00 3.623958e+00
 7.817818e-01 -4.501786e-01  1.835999e+00 3.573553e+00
 7.827828e-01 -8.279583e-01  1.684515e+00 3.523106e+00
 7.837838e-01 -1.162470e+00  1.456469e+00 3.472639e+00
 7.847848e-01 -1.438414e+00  1.163245e+00 3.422173e+00
 7.857858e-01 -1.643340e+00  8.192445e-01 3.371729e+00
 7.867868e-01 -1.768242e+00  4.411922e-01 3.321329e+00
 7.877878e-01 -1.807969e+00  4.733384e-02 3.270992e+00
 7.887888e-01 -1.761473e+00 -3.434441e-01 3.220741e+00
 7.897898e-01 -1.631841e+00 -7.125241e-01 3.170596e+00
 7.907908e-01 -1.426137e+00 -1.042456e+00 3.120580e+00
 7.917918e-01 -1.155044e+00 -1.317796e+00 3.070713e+00
 7.927928e-01 -8.323347e-01 -1.525854e+00 3.021013e+00
 7.937938e-01 -4.741873e-01 -1.657300e+00 2.971498e+00
 7.947948e-01 -9.838474e-02 -1.706606e+00 2.922185e+00
 7.957958e-01  2.765649e-01 -1.672304e+00 2.873090e+00
 7.967968e-01  6.323431e-01 -1.557039e+00 2.824228e+00
 7.977978e-01  9.517256e-01 -1.367419e+00 2.775616e+00
 7.987988e-01  1.219430e+00 -1.113669e+00 2.727270e+00
 7.997998e-01  1.422869e+00 -8.091057e-01 2.679208e+00
 8.008008e-01  1.552760e+00 -4.694517e-01 2.631447e+00
 8.018018e-01  1.603575e+00 -1.120392e-01 2.584004e+00
 8.028028e-01  1.573796e+00  2.450721e-01 2.536894e+00
 8.038038e-01  1.465968e+00  5.840096e-01 2.490130e+00
 8.048048e-01  1.286545e+00  8.879905e-01 2.443724e+00
 8.058058e-01  1.045534e+00  1.142167e+00 2.397686e+00
 8.068068e-01  7.559678e-01  1.334368e+00 2.352025e+00
 8.078078e-01  4.332146e-01  1.455705e+00 2.306752e+00
 8.088088e-01  9.417411e-02  1.501003e+00 2.261879e+00
 8.098098e-01 -2.436021e-01  1.469039e+00 2.217417e+00
 8.108108e-01 -5.628212e-01  1.362576e+00 2.173380e+00
 8.118118e-01 -8.473422e-01  1.188189e+00 2.129782e+00
 8.128128e-01 -1.083005e+00  9.558939e-01 2.086634e+00
 8.138138e-01 -1.258353e+00  6.785953e-01 2.043944e+00
 8.148148e-01 -1.365207e+00  3.713894e-01 2.001720e+00
 8.158158e-01 -1.399067e+00  5.075255e-02 1.959966e+00
 8.168168e-01 -1.359319e+00 -2.663380e-01 1.918685e+00
 8.178178e-01 -1.249228e+00 -5.633048e-01 1.877883e+00
 8.188188e-01 -1.075730e+00 -8.248445e-01 1.837563e+00
 8.198198e-01 -8.490299e-01 -1.037729e+00 1.797733e+00
 8.208208e-01 -5.820260e-01 -1.191490e+00 1.758403e+00
 8.218218e-01 -2.895911e-01 -1.278952e+00 1.719582e+00
 8.228228e-01  1.224392e-02 -1.296584e+00 1.681280e+00
 8.238238e-01  3.071660e-01 -1.244649e+00 1.643502e+00
 8.248248e-01  5.794632e-01 -1.127153e+00 1.606251e+00
 8.258258e-01  8.148702e-01 -9.515851e-01 1.569528e+00
 8.268268e-01  1.001327e+00 -7.284732e-01 1.533329e+00
 8.278278e-01  1.129613e+00 -4.707742e-01 1.497653e+00
 8.288288e-01  1.193815e+00 -1.931384e-01 1.462498e+00
 8.298298e-01  1.191621e+00  8.891515e-02 1.427866e+00
 8.308308e-01  1.124393e+00  3.598627e-01 1.393762e+00
 8.318318e-01  9.970592e-01  6.050337e-01 1.360193e+00
 8.328328e-01  8.177870e-01  8.114130e-01 1.327167e+00
 8.338338e-01  5.974937e-01  9.683437e-01 1.294688e+00
 8.348348e-01  3.492005e-01  1.068091e+00 1.262759e+00
 8.358358e-01  8.727677e-02  1.106235e+00 1.231374e+00
 8.368368e-01 -1.733842e-01  1.081881e+00 1.200528e+00
 8.378378e-01 -4.182109e-01  9.976526e-01 1.170211e+00
 8.388388e-01 -6.337725e-01  8.595047e-01 1.140416e+00
 8.398398e-01 -8.085234e-01  6.763343e-01 1.111138e+00
 8.408408e-01 -9.334333e-01  4.594355e-01 1.082379e+00
 8.418418e-01 -1.002466e+00  2.218203e-01 1.054142e+00
 8.428428e-01 -1.012881e+00 -2.254997e-02 1.026436e+00
 8.438438e-01 -9.653405e-01 -2.595804e-01 9.992643e-01
 8.448448e-01 -8.638239e-01 -4.758553e-01 9.726300e-01
 8.458458e-01 -7.153434e-01 -6.594028e-01 9.465283e-01
 8.468468e-01 -5.294933e-01 -8.003660e-01 9.209488e-01
 8.478478e-01 -3.178511e-01 -8.915428e-01 8.958779e-01
 8.488488e-01 -9.327194e-02 -9.287635e-01 8.713013e-01
 8.498498e-01  1.308842e-01 -9.110860e-01 8.472084e-01
 8.508509e-01  3.415440e-01 -8.407987e-01 8.235947e-01
 8.518519e-01  5.266853e-01 -7.232321e-01 8.004621e-01
 8.528529e-01  6.760290e-01 -5.663940e-01 7.778174e-01
 8.538539e-01  7.816177e-01 -3.804495e-01 7.556681e-01
 8.548549e-01  8.382488e-01 -1.770805e-01 7.340185e-01
 8.558559e-01  8.437361e-01  3.123683e-02 7.128663e-01
 8.568569e-01  7.989874e-01  2.319914e-01 6.922008e-01
 8.578579e-01  7.078951e-01  4.133880e-01 6.720050e-01
 8.588589e-01  5.770480e-01  5.650439e-01 6.522590e-01
 8.598599e-01  4.152854e-01  6.785892e-01 6.329453e-01
 8.608609e-01  2.331202e-01  7.481362e-01 6.140527e-01
 8.618619e-01  4.206997e-02  7.705904e-01 5.955794e-01
 8.628629e-01 -1.460627e-01  7.457861e-01 5.775312e-01
 8.638639e-01 -3.199166e-01  6.764406e-01 5.599185e-01
 8.648649e-01 -4.692587e-01  5.679318e-01 5.427503e-01
 8.658659e-01 -5.855911e-01  4.279159e-01 5.260290e-01
 8.668669e-01 -6.626402e-01  2.658103e-01 5.097472e-01
 8.678679e-01 -6.967000e-01  9.217612e-02 4.938873e-01
 8.688689e-01 -6.868101e-01 -8.195950e-02 4.784255e-01
 8.698699e-01 -6.347597e-01 -2.457992e-01 4.633371e-01
 8.708709e-01 -5.449193e-01 -3.894438e-01 4.486036e-01
 8.718719e-01 -4.239138e-01 -5.044936e-01 4.342167e-01
 8.728729e-01 -2.801592e-01 -5.845434e-01 4.201801e-01
 8.738739e-01 -1.232951e-01 -6.255431e-01 4.065058e-01
 8.748749e-01  3.645013e-02 -6.260032e-01 3.932087e-01
 8.758759e-01  1.889197e-01 -5.870332e-01 3.802986e-01
 8.768769e-01  3.246723e-01 -5.122136e-01 3.677749e-01
 8.778779e-01  4.355676e-01 -4.073134e-01 3.556234e-01
 8.788789e-01  5.152575e-01 -2.798723e-01 3.438188e-01
 8.798799e-01  5.595530e-01 -1.386770e-01 3.323309e-01
 8.808809e-01  5.666442e-01  6.831423e-03 3.211324e-01
 8.818819e-01  5.371631e-01  1.471820e-01 3.102067e-01
 8.828829e-01  4.740854e-01  2.734865e-01 2.995519e-01
 8.838839e-01  3.824838e-01  3.780024e-01 2.891797e-01
 8.848849e-01  2.691478e-01  4.546090e-01 2.791099e-01
 8.858859e-01  1.421000e-01  4.991684e-01 2.693615e-01
 8.868869e-01  1.004126e-02  5.097479e-01 2.599437e-01
 8.878879e-01 -1.182370e-01  4.866932e-01 2.508503e-01
 8.888889e-01 -2.344339e-01  4.325500e-01 2.420588e-01
 8.898899e-01 -3.312758e-01  3.518410e-01 2.335357e-01
 8.908909e-01 -4.029721e-01  2.507172e-01 2.252456e-01
 8.918919e-01 -4.455633e-01  1.365087e-01 2.171613e-01
 8.928929e-01 -4.571385e-01  1.720667e-02 2.092717e-01
 8.938939e-01 -4.379109e-01 -9.908756e-02 2.015843e-01
 8.948949e-01 -3.901488e-01 -2.047075e-01 1.941213e-01
 8.958959e-01 -3.179696e-01 -2.929255e-01 1.869100e-01
 8.968969e-01 -2.270138e-01 -3.583809e-01 1.799721e-01
 8.978979e-01 -1.240235e-01 -3.974062e-01 1.733135e-01
 8.988989e-01 -1.635497e-02 -4.082307e-01 1.669198e-01
 8.998999e-01  8.853773e-02 -3.910495e-01 1.607586e-01
 9.009009e-01  1.836145e-01 -3.479571e-01 1.547884e-01
 9.019019e-01  2.627198e-01 -2.827526e-01 1.489707e-01
 9.029029e-01  3.209804e-01 -2.006325e-01 1.432818e-01
 9.039039e-01  3.551059e-01 -1.077948e-01 1.377199e-01
 9.049049e-01  3.635711e-01 -1.098382e-02 1.323046e-01
 9.059059e-01  3.466721e-01  8.299147e-02 1.270691e-01
 9.069069e-01  3.064537e-01  1.677312e-01 1.220476e-01
 9.079079e-01  2.465169e-01  2.376781e-01 1.172615e-01
 9.089089e-01  1.717225e-01  2.884809e-01 1.127099e-01
 9.099099e-01  8.781372e-02  3.172637e-01 1.083675e-01
 9.109109e-01  9.867069e-04  3.227851e-01 1.041912e-01
 9.119119e-01 -8.255915e-02  3.054773e-01 1.001324e-01
 9.129129e-01 -1.570595e-01  2.673669e-01 9.615276e-02
 9.139139e-01 -2.175804e-01  2.118838e-01 9.223595e-02
 9.149149e-01 -2.603435e-01  1.435761e-01 8.839282e-02
 9.159159e-01 -2.829602e-01  6.775317e-02 8.465699e-02
 9.169169e-01 -2.845597e-01 -9.916412e-03 8.107256e-02
 9.179179e-01 -2.658037e-01 -8.382141e-02 7.767765e-02
 9.189189e-01 -2.287917e-01 -1.488088e-01 7.448970e-02
 9.199199e-01 -1.768637e-01 -2.005407e-01 7.149733e-02
 9.209209e-01 -1.143201e-01 -2.357818e-01 6.866213e-02
 9.219219e-01 -4.607900e-02 -2.525996e-01 6.592985e-02
 9.229229e-01  2.270112e-02 -2.504638e-01 6.324747e-02
 9.239239e-01  8.700489e-02 -2.302404e-01 6.058048e-02
 9.249249e-01  1.423220e-01 -1.940841e-01 5.792418e-02
 9.259259e-01  1.849608e-01 -1.452399e-01 5.530514e-02
 9.269269e-01  2.122930e-01 -8.776919e-02 5.277173e-02
 9.279279e-01  2.229109e-01 -2.622469e-02 5.037699e-02
 9.289289e-01  2.166910e-01  3.470191e-02 4.815921e-02
 9.299299e-01  1.947594e-01  9.053185e-02 4.612725e-02
 9.309309e-01  1.593655e-01  1.373250e-01 4.425552e-02
 9.319319e-01  1.136757e-01  1.719556e-01 4.249090e-02
 9.329329e-01  6.150536e-02  1.923185e-01 4.076933e-02
 9.339339e-01  7.010478e-03  1.974529e-01 3.903681e-02
 9.349349e-01 -4.563647e-02  1.875760e-01 3.726745e-02
 9.359359e-01 -9.256115e-02  1.640268e-01 3.547235e-02
 9.369369e-01 -1.304692e-01  1.291268e-01 3.369595e-02
 9.379379e-01 -1.568749e-01  8.597073e-02 3.200069e-02
 9.389389e-01 -1.702602e-01  3.816460e-02 3.044508e-02
 9.399399e-01 -1.701557e-01 -1.046666e-02 2.906253e-02
 9.409409e-01 -1.571375e-01 -5.617910e-02 2.784830e-02
 9.419419e-01 -1.327448e-01 -9.559394e-02 2.675938e-02
 9.429429e-01 -9.932600e-02 -1.259444e-01 2.572765e-02
 9.439439e-01 -5.982808e-02 -1.452675e-01 2.468205e-02
 9.449449e-01 -1.754676e-02 -1.525274e-01 2.357251e-02
 9.459459e-01  2.414142e-02 -1.476627e-01 2.238709e-02
 9.469469e-01  6.204375e-02 -1.315564e-01 2.115650e-02
 9.479479e-01  9.339235e-02 -1.059330e-01 1.994394e-02
 9.489489e-01  1.160432e-01 -7.319390e-02 1.882338e-02
 9.499499e-01  1.286194e-01 -3.620375e-02 1.785367e-02
 9.509510e-01  1.305886e-01  1.951115e-03 1.705719e-02
 9.519520e-01  1.222715e-01  3.821447e-02 1.641067e-02
 9.529530e-01  1.047828e-01  6.980085e-02 1.585159e-02
 9.539540e-01  7.991111e-02  9.440653e-02 1.529838e-02
 9.549550e-01  4.995085e-02  1.103751e-01 1.467775e-02
 9.559560e-01  1.749946e-02  1.168055e-01 1.394975e-02
 9.569570e-01 -1.476117e-02  1.135962e-01 1.312199e-02
 9.579580e-01 -4.428179e-02  1.014233e-01 1.224756e-02
 9.589590e-01 -6.884375e-02  8.165696e-02 1.140732e-02
 9.599600e-01 -8.672268e-02  5.622477e-02 1.068205e-02
 9.609610e-01 -9.680595e-02  2.743448e-02 1.012404e-02
 9.619620e-01 -9.865610e-02 -2.227750e-03 9.737988e-03
 9.629630e-01 -9.251720e-02 -3.030664e-02 9.477926e-03
 9.639640e-01 -7.926573e-02 -5.457721e-02 9.261728e-03
 9.649650e-01 -6.031210e-02 -7.321826e-02 8.998463e-03
 9.659660e-01 -3.746279e-02 -8.494665e-02 8.619395e-03
 9.669670e-01 -1.275602e-02 -8.910236e-02 8.101947e-03
 9.679680e-01  1.171477e-02 -8.567917e-02 7.478155e-03
 9.689690e-01  3.397438e-02 -7.529998e-02 6.824346e-03
 9.699700e-01  5.232212e-02 -5.914082e-02 6.235241e-03
 9.709710e-01  6.545886e-02 -3.881133e-02 5.791182e-03
 9.719720e-01  7.257524e-02 -1.620343e-02 5.529716e-03
 9.729730e-01  7.339556e-02  6.678428e-03 5.431510e-03
 9.739740e-01  6.817551e-02  2.789025e-02 5.425766e-03
 9.749750e-01  5.765571e-02  4.571035e-02 5.413618e-03
 9.759760e-01  4.297716e-02  5.877653e-02 5.301716e-03
 9.769770e-01  2.556700e-02  6.618788e-02 5.034507e-03
 9.779780e-01  7.005796e-03  6.756378e-02 4.613945e-03
 9.789790e-01 -1.111192e-02  6.305639e-02 4.099583e-03
 9.799800e-01 -2.731155e-02  5.331711e-02 3.588635e-03
 9.809810e-01 -4.035583e-02  3.942148e-02 3.182646e-03
 9.819820e-01 -4.933642e-02  2.276020e-02 2.952109e-03
 9.829830e-01 -5.373327e-02  4.906890e-03 2.911342e-03
 9.839840e-01 -5.343793e-02 -1.252540e-02 3.012498e-03
 9.849850e-01 -4.874090e-02 -2.802597e-02 3.161130e-03
 9.859860e-01 -4.028550e-02 -4.031454e-02 3.248183e-03
 9.869870e-01 -2.899420e-02 -4.844459e-02 3.187542e-03
 9.879880e-01 -1.597487e-02 -5.187420e-02 2.946130e-03
 9.889890e-01 -2.416287e-03 -5.049877e-02 2.555964e-03
 9.899900e-01  1.051768e-02 -4.464435e-02 2.103740e-03
 9.909910e-01  2.178574e-02 -3.502321e-02 1.701244e-03
 9.919920e-01  3.055085e-02 -2.265676e-02 1.446683e-03
 9.929930e-01  3.623941e-02 -8.773686e-03 1.390273e-03
 9.939940e-01  3.857425e-02  5.306938e-03 1.516136e-03
 9.949950e-01  3.757973e-02  1.829686e-02 1.747011e-03
 9.959960e-01  3.356042e-02  2.905314e-02 1.970387e-03
 9.969970e-01  2.705650e-02  3.667612e-02 2.077192e-03
 9.979980e-01  1.878142e-02  4.058246e-02 1.999678e-03
 9.989990e-01  9.548428e-03  4.054765e-02 1.735285e-03
 1.000000e+00  1.931989e-04  3.671493e-02 1.348024e-03
