# x psi_r psi_i psi2 
 0.000000e+00  4.718760e-04 -6.910983e-06 2.227147e-07
 1.001001e-03  3.693879e-04  2.402108e-04 1.941487e-07
 2.002002e-03  2.336072e-04  4.513210e-04 2.582630e-07
 3.003003e-03  8.443424e-05  6.087165e-04 3.776649e-07
 4.004004e-03 -5.806781e-05  7.006778e-04 4.943213e-07
 5.005005e-03 -1.761141e-04  7.222204e-04 5.526185e-07
 6.006006e-03 -2.561783e-04  6.749744e-04 5.212177e-07
 7.007007e-03 -2.904469e-04  5.666904e-04 4.054974e-07
 8.008008e-03 -2.774624e-04  4.100395e-04 2.451178e-07
 9.009009e-03 -2.220544e-04  2.212862e-04 9.827577e-08
 1.001001e-02 -1.344516e-04  1.855353e-05 1.842146e-08
 1.101101e-02 -2.884492e-05 -1.797244e-04 3.313289e-08
 1.201201e-02  7.855531e-05 -3.564576e-04 1.332330e-07
 1.301301e-02  1.715891e-04 -4.971095e-04 2.765607e-07
 1.401401e-02  2.362407e-04 -5.908141e-04 4.048710e-07
 1.501502e-02  2.623705e-04 -6.309165e-04 4.668940e-07
 1.601602e-02  2.450328e-04 -6.153619e-04 4.387113e-07
 1.701702e-02  1.850870e-04 -5.465125e-04 3.329331e-07
 1.801802e-02  8.918130e-05 -4.308727e-04 1.936046e-07
 1.901902e-02 -3.103068e-05 -2.783404e-04 7.843626e-08
 2.002002e-02 -1.602054e-04 -1.014879e-04 3.596556e-08
 2.102102e-02 -2.811519e-04  8.549850e-05 8.635639e-08
 2.202202e-02 -3.768512e-04  2.677216e-04 2.136917e-07
 2.302302e-02 -4.325683e-04  4.306979e-04 3.726160e-07
 2.402402e-02 -4.376772e-04  5.612191e-04 5.065282e-07
 2.502503e-02 -3.871348e-04  6.483447e-04 5.702243e-07
 2.602603e-02 -2.822889e-04  6.840525e-04 5.476148e-07
 2.702703e-02 -1.310627e-04  6.639480e-04 4.580044e-07
 2.802803e-02  5.266204e-05  5.875669e-04 3.480081e-07
 2.902903e-02  2.502737e-04  4.586752e-04 2.730199e-07
 3.003003e-02  4.402983e-04  2.851053e-04 2.751476e-07
 3.103103e-02  6.005817e-04  7.854390e-05 3.668675e-07
 3.203203e-02  7.107109e-04 -1.461748e-04 5.264770e-07
 3.303303e-02  7.542827e-04 -3.718274e-04 7.071979e-07
 3.403403e-02  7.209255e-04 -5.800252e-04 8.561628e-07
 3.503504e-02  6.077118e-04 -7.524150e-04 9.354419e-07
 3.603604e-02  4.199411e-04 -8.722250e-04 9.371269e-07
 3.703704e-02  1.710440e-04 -9.256193e-04 8.860272e-07
 3.803804e-02 -1.182697e-04 -9.031867e-04 8.297339e-07
 3.903904e-02 -4.217120e-04 -8.009981e-04 8.194390e-07
 4.004004e-02 -7.096868e-04 -6.215486e-04 8.899781e-07
 4.104104e-02 -9.520781e-04 -3.740290e-04 1.046350e-06
 4.204204e-02 -1.121160e-03 -7.428150e-05 1.262518e-06
 4.304304e-02 -1.194503e-03  2.560517e-04 1.492400e-06
 4.404404e-02 -1.157447e-03  5.907455e-04 1.688663e-06
 4.504505e-02 -1.005038e-03  9.009625e-04 1.821836e-06
 4.604605e-02 -7.430757e-04  1.157425e-03 1.891795e-06
 4.704705e-02 -3.882642e-04  1.333067e-03 1.927816e-06
 4.804805e-02  3.271587e-05  1.405516e-03 1.976545e-06
 4.904905e-02  4.850531e-04  1.359620e-03 2.083842e-06
 5.005005e-02  9.285829e-04  1.189332e-03 2.276777e-06
 5.105105e-02  1.321145e-03  8.991777e-04 2.553944e-06
 5.205205e-02  1.622390e-03  5.046656e-04 2.886838e-06
 5.305305e-02  1.797574e-03  3.197629e-05 3.232296e-06
 5.405405e-02  1.821131e-03 -4.835743e-04 3.550363e-06
 5.505506e-02  1.679560e-03 -9.998048e-04 3.820532e-06
 5.605606e-02  1.373467e-03 -1.470980e-03 4.050192e-06
 5.705706e-02  9.183886e-04 -1.851497e-03 4.271480e-06
 5.805806e-02  3.444105e-04 -2.100096e-03 4.529021e-06
 5.905906e-02 -3.056145e-04 -2.183790e-03 4.862339e-06
 6.006006e-02 -9.790105e-04 -2.081603e-03 5.291535e-06
 6.106106e-02 -1.617349e-03 -1.787295e-03 5.810244e-06
 6.206206e-02 -2.161206e-03 -1.311203e-03 6.390066e-06
 6.306306e-02 -2.555373e-03 -6.805162e-04 6.993033e-06
 6.406406e-02 -2.753957e-03  6.170789e-05 7.588085e-06
 6.506507e-02 -2.725059e-03  8.592461e-04 8.164249e-06
 6.606607e-02 -2.454458e-03  1.646559e-03 8.735522e-06
 6.706707e-02 -1.948068e-03  2.353981e-03 9.336196e-06
 6.806807e-02 -1.232732e-03  2.913426e-03 1.000768e-05
 6.906907e-02 -3.553337e-04  3.264602e-03 1.078389e-05
 7.007007e-02  6.199456e-04  3.360747e-03 1.167895e-05
 7.107107e-02  1.615962e-03  3.173826e-03 1.268450e-05
 7.207207e-02  2.548408e-03  2.698213e-03 1.377473e-05
 7.307307e-02  3.332520e-03  1.952911e-03 1.491955e-05
 7.407407e-02  3.890335e-03  9.815470e-04 1.609814e-05
 7.507508e-02  4.157760e-03 -1.495347e-04 1.730933e-05
 7.607608e-02  4.090985e-03 -1.355511e-03 1.857357e-05
 7.707708e-02  3.671525e-03 -2.538961e-03 1.992642e-05
 7.807808e-02  2.909507e-03 -3.597456e-03 2.140692e-05
 7.907908e-02  1.844688e-03 -4.431846e-03 2.304413e-05
 8.008008e-02  5.451047e-04 -4.955047e-03 2.484963e-05
 8.108108e-02 -8.968072e-04 -5.100134e-03 2.681563e-05
 8.208208e-02 -2.370314e-03 -4.827479e-03 2.892294e-05
 8.308308e-02 -3.754481e-03 -4.129807e-03 3.115144e-05
 8.408408e-02 -4.927561e-03 -3.035069e-03 3.349250e-05
 8.508509e-02 -5.777112e-03 -1.606307e-03 3.595525e-05
 8.608609e-02 -6.209911e-03  6.120457e-05 3.856675e-05
 8.708709e-02 -6.160964e-03  1.845921e-03 4.136491e-05
 8.808809e-02 -5.600668e-03  3.608317e-03 4.438743e-05
 8.908909e-02 -4.539569e-03  5.201409e-03 4.766234e-05
 9.009009e-02 -3.030037e-03  6.482313e-03 5.120151e-05
 9.109109e-02 -1.164677e-03  7.324391e-03 5.500318e-05
 9.209209e-02  9.287338e-04  7.628566e-03 5.905756e-05
 9.309309e-02  3.095409e-03  7.333279e-03 6.335854e-05
 9.409409e-02  5.164498e-03  6.421745e-03 6.791085e-05
 9.509510e-02  6.961918e-03  4.926209e-03 7.273584e-05
 9.609610e-02  8.324288e-03  2.928241e-03 7.786837e-05
 9.709710e-02  9.112758e-03  5.552719e-04 8.335068e-05
 9.809810e-02  9.225736e-03 -2.027007e-03 8.922296e-05
 9.909910e-02  8.609301e-03 -4.625538e-03 9.551565e-05
 1.001001e-01  7.264456e-03 -7.033847e-03 1.022473e-04
 1.011011e-01  5.250336e-03 -9.047638e-03 1.094258e-04
 1.021021e-01  2.683017e-03 -1.048132e-02 1.170567e-04
 1.031031e-01 -2.703407e-04 -1.118377e-02 1.251498e-04
 1.041041e-01 -3.401674e-03 -1.105242e-02 1.337273e-04
 1.051051e-01 -6.476092e-03 -1.004411e-02 1.428239e-04
 1.061061e-01 -9.248773e-03 -8.182068e-03 1.524860e-04
 1.071071e-01 -1.148367e-02 -5.557770e-03 1.627635e-04
 1.081081e-01 -1.297247e-02 -2.327838e-03 1.737038e-04
 1.091091e-01 -1.355251e-02  1.294609e-03 1.853466e-04
 1.101101e-01 -1.312200e-02  5.053215e-03 1.977220e-04
 1.111111e-01 -1.165143e-02  8.665983e-03 2.108551e-04
 1.121121e-01 -9.189861e-03  1.184554e-02 2.247703e-04
 1.131131e-01 -5.865569e-03  1.432114e-02 2.394998e-04
 1.141141e-01 -1.880525e-03  1.586028e-02 2.550849e-04
 1.151151e-01  2.501021e-03  1.628879e-02 2.715797e-04
 1.161161e-01  6.969407e-03  1.550717e-02 2.890449e-04
 1.171171e-01  1.119068e-02  1.350236e-02 3.075450e-04
 1.181181e-01  1.483073e-02  1.035327e-02 3.271407e-04
 1.191191e-01  1.758060e-02  6.229785e-03 3.478877e-04
 1.201201e-01  1.918119e-02  1.384682e-03 3.698355e-04
 1.211211e-01  1.944542e-02 -3.860983e-03 3.930314e-04
 1.221221e-01  1.827602e-02 -9.138528e-03 4.175255e-04
 1.231231e-01  1.567751e-02 -1.405667e-02 4.433741e-04
 1.241241e-01  1.176108e-02 -1.822969e-02 4.706444e-04
 1.251251e-01  6.741732e-03 -2.130632e-02 4.994103e-04
 1.261261e-01  9.276246e-04 -2.299769e-02 5.297540e-04
 1.271271e-01 -5.298116e-03 -2.310166e-02 5.617565e-04
 1.281281e-01 -1.150187e-02 -2.152223e-02 5.954993e-04
 1.291291e-01 -1.722895e-02 -1.828171e-02 6.310574e-04
 1.301301e-01 -2.203588e-02 -1.352498e-02 6.685052e-04
 1.311311e-01 -2.552339e-02 -7.514785e-03 7.079156e-04
 1.321321e-01 -2.736757e-02 -6.183830e-04 7.493662e-04
 1.331331e-01 -2.734703e-02  6.714252e-03 7.929414e-04
 1.341341e-01 -2.536379e-02  1.397895e-02 8.387330e-04
 1.351351e-01 -2.145614e-02  2.065128e-02 8.868415e-04
 1.361361e-01 -1.580219e-02  2.622327e-02 9.373692e-04
 1.371371e-01 -8.713628e-03  3.024063e-02 9.904231e-04
 1.381381e-01 -6.194723e-04  3.233762e-02 1.046105e-03
 1.391391e-01  7.959112e-03  3.226721e-02 1.104520e-03
 1.401401e-01  1.644174e-02  2.992387e-02 1.165768e-03
 1.411411e-01  2.422719e-02  2.535742e-02 1.229955e-03
 1.421421e-01  3.073500e-02  1.877628e-02 1.297189e-03
 1.431431e-01  3.544709e-02  1.053984e-02 1.367584e-03
 1.441441e-01  3.794687e-02  1.139678e-03 1.441264e-03
 1.451451e-01  3.795262e-02 -8.829006e-03 1.518353e-03
 1.461461e-01  3.534291e-02 -1.870459e-02 1.598983e-03
 1.471471e-01  3.017166e-02 -2.780202e-02 1.683281e-03
 1.481481e-01  2.267178e-02 -3.545940e-02 1.771379e-03
 1.491491e-01  1.324642e-02 -4.108446e-02 1.863400e-03
 1.501502e-01  2.448191e-03 -4.419819e-02 1.959473e-03
 1.511512e-01 -9.052667e-03 -4.447214e-02 2.059722e-03
 1.521522e-01 -2.050936e-02 -4.175696e-02 2.164278e-03
 1.531532e-01 -3.114638e-02 -3.609947e-02 2.273269e-03
 1.541542e-01 -4.021093e-02 -2.774728e-02 2.386831e-03
 1.551552e-01 -4.702477e-02 -1.713964e-02 2.505096e-03
 1.561562e-01 -5.103267e-02 -4.885281e-03 2.628199e-03
 1.571572e-01 -5.184439e-02  8.272228e-03 2.756271e-03
 1.581582e-01 -4.926690e-02  2.149907e-02 2.889438e-03
 1.591592e-01 -4.332452e-02  3.392363e-02 3.027827e-03
 1.601602e-01 -3.426518e-02  4.469291e-02 3.171559e-03
 1.611612e-01 -2.255203e-02  5.302986e-02 3.320760e-03
 1.621622e-01 -8.840513e-03  5.828720e-02 3.475552e-03
 1.631632e-01  6.058080e-03  5.999471e-02 3.636066e-03
 1.641642e-01  2.122440e-02  5.789603e-02 3.802425e-03
 1.651652e-01  3.568740e-02  5.197281e-02 3.974764e-03
 1.661662e-01  4.848591e-02  4.245382e-02 4.153210e-03
 1.671672e-01  5.873121e-02  2.980837e-02 4.337895e-03
 1.681682e-01  6.566701e-02  1.472377e-02 4.528946e-03
 1.691692e-01  6.872234e-02 -1.931864e-03 4.726492e-03
 1.701702e-01  6.755417e-02 -1.915971e-02 4.930661e-03
 1.711712e-01  6.207648e-02 -3.588992e-02 5.141576e-03
 1.721722e-01  5.247369e-02 -5.104780e-02 5.359365e-03
 1.731732e-01  3.919711e-02 -6.362179e-02 5.584145e-03
 1.741742e-01  2.294443e-02 -7.272957e-02 5.816037e-03
 1.751752e-01  4.622889e-03 -7.767736e-02 6.055143e-03
 1.761762e-01 -1.470164e-02 -7.800915e-02 6.301566e-03
 1.771772e-01 -3.386695e-02 -7.354191e-02 6.555383e-03
 1.781782e-01 -5.168428e-02 -6.438479e-02 6.816666e-03
 1.791792e-01 -6.701160e-02 -5.094025e-02 7.085463e-03
 1.801802e-01 -7.882555e-02 -3.388717e-02 7.361807e-03
 1.811812e-01 -8.628786e-02 -1.414618e-02 7.645709e-03
 1.821822e-01 -8.880171e-02  7.170581e-03 7.937160e-03
 1.831832e-01 -8.605451e-02  2.882285e-02 8.236135e-03
 1.841842e-01 -7.804411e-02  4.951463e-02 8.542581e-03
 1.851852e-01 -6.508658e-02  6.797186e-02 8.856436e-03
 1.861862e-01 -4.780470e-02  8.301999e-02 9.177607e-03
 1.871872e-01 -2.709760e-02  9.365747e-02 9.506001e-03
 1.881882e-01 -4.093023e-03  9.911985e-02 9.841497e-03
 1.891892e-01  1.991515e-02  9.893112e-02 1.018398e-02
 1.901902e-01  4.354049e-02  9.293839e-02 1.053332e-02
 1.911912e-01  6.538456e-02  8.132803e-02 1.088939e-02
 1.921922e-01  8.411955e-02  6.462171e-02 1.125206e-02
 1.931932e-01  9.856819e-02  4.365253e-02 1.162123e-02
 1.941942e-01  1.077760e-01  1.952214e-02 1.199678e-02
 1.951952e-01  1.110715e-01 -6.458525e-03 1.237860e-02
 1.961962e-01  1.081111e-01 -3.284192e-02 1.276660e-02
 1.971972e-01  9.890463e-02 -5.812549e-02 1.316070e-02
 1.981982e-01  8.382147e-02 -8.083787e-02 1.356080e-02
 1.991992e-01  6.357528e-02 -9.962424e-02 1.396681e-02
 2.002002e-01  3.918879e-02 -1.133263e-01 1.437862e-02
 2.012012e-01  1.194018e-02 -1.210518e-01 1.479611e-02
 2.022022e-01 -1.670580e-02 -1.222294e-01 1.521912e-02
 2.032032e-01 -4.517831e-02 -1.166464e-01 1.564746e-02
 2.042042e-01 -7.188777e-02 -1.044654e-01 1.608088e-02
 2.052052e-01 -9.531525e-02 -8.622107e-02 1.651907e-02
 2.062062e-01 -1.140987e-01 -6.279447e-02 1.696166e-02
 2.072072e-01 -1.271112e-01 -3.536851e-02 1.740820e-02
 2.082082e-01 -1.335266e-01 -5.365732e-03 1.785815e-02
 2.092092e-01 -1.328688e-01  2.562800e-02 1.831091e-02
 2.102102e-01 -1.250418e-01  5.594920e-02 1.876577e-02
 2.112112e-01 -1.103394e-01  8.394763e-02 1.922198e-02
 2.122122e-01 -8.943227e-02  1.080768e-01 1.967872e-02
 2.132132e-01 -6.333536e-02  1.269794e-01 2.013513e-02
 2.142142e-01 -3.335527e-02  1.395626e-01 2.059029e-02
 2.152152e-01 -1.022015e-03  1.450596e-01 2.104333e-02
 2.162162e-01  3.199192e-02  1.430729e-01 2.149334e-02
 2.172172e-01  6.396036e-02  1.335985e-01 2.193950e-02
 2.182182e-01  9.319547e-02  1.170282e-01 2.238100e-02
 2.192192e-01  1.181378e-01  9.413092e-02 2.281716e-02
 2.202202e-01  1.374394e-01  6.601363e-02 2.324738e-02
 2.212212e-01  1.500360e-01  3.406445e-02 2.367117e-02
 2.222222e-01  1.552036e-01 -1.196029e-04 2.408818e-02
 2.232232e-01  1.525977e-01 -3.481544e-02 2.449817e-02
 2.242242e-01  1.422712e-01 -6.826358e-02 2.490100e-02
 2.252252e-01  1.246727e-01 -9.875918e-02 2.529665e-02
 2.262262e-01  1.006233e-01 -1.247402e-01 2.568516e-02
 2.272272e-01  7.127424e-02 -1.448675e-01 2.606660e-02
 2.282282e-01  3.804775e-02 -1.580931e-01 2.644107e-02
 2.292292e-01  2.563985e-03 -1.637132e-01 2.680859e-02
 2.302302e-01 -3.344146e-02 -1.614027e-01 2.716915e-02
 2.312312e-01 -6.820561e-02 -1.512301e-01 2.752256e-02
 2.322322e-01 -1.000266e-01 -1.336532e-01 2.786849e-02
 2.332332e-01 -1.273487e-01 -1.094931e-01 2.820642e-02
 2.342342e-01 -1.488381e-01 -7.989238e-02 2.853558e-02
 2.352352e-01 -1.634485e-01 -4.625551e-02 2.885498e-02
 2.362362e-01 -1.704693e-01 -1.017825e-02 2.916337e-02
 2.372372e-01 -1.695583e-01  2.663241e-02 2.945930e-02
 2.382382e-01 -1.607547e-01  6.244232e-02 2.974110e-02
 2.392392e-01 -1.444731e-01  9.557465e-02 3.000698e-02
 2.402402e-01 -1.214795e-01  1.244900e-01 3.025503e-02
 2.412412e-01 -9.285038e-02  1.478586e-01 3.048337e-02
 2.422422e-01 -5.991676e-02  1.646211e-01 3.069014e-02
 2.432432e-01 -2.419794e-02  1.740349e-01 3.087368e-02
 2.442442e-01  1.267331e-02  1.757041e-01 3.103254e-02
 2.452452e-01  4.902912e-02  1.695930e-01 3.116565e-02
 2.462462e-01  8.324490e-02  1.560211e-01 3.127231e-02
 2.472472e-01  1.138139e-01  1.356419e-01 3.135232e-02
 2.482482e-01  1.394142e-01  1.094060e-01 3.140598e-02
 2.492492e-01  1.589656e-01  7.851172e-02 3.143415e-02
 2.502503e-01  1.716734e-01  4.434504e-02 3.143823e-02
 2.512513e-01  1.770575e-01  8.412553e-03 3.142013e-02
 2.522523e-01  1.749666e-01 -2.772916e-02 3.138222e-02
 2.532533e-01  1.655763e-01 -6.254407e-02 3.132726e-02
 2.542543e-01  1.493723e-01 -9.458434e-02 3.125828e-02
 2.552553e-01  1.271207e-01 -1.225512e-01 3.117848e-02
 2.562563e-01  9.982580e-02 -1.453475e-01 3.109109e-02
 2.572573e-01  6.867933e-02 -1.621184e-01 3.099922e-02
 2.582583e-01  3.500321e-02 -1.722804e-01 3.090577e-02
 2.592593e-01  1.887265e-04 -1.755369e-01 3.081325e-02
 2.602603e-01 -3.436451e-02 -1.718802e-01 3.072372e-02
 2.612613e-01 -6.730747e-02 -1.615809e-01 3.063867e-02
 2.622623e-01 -9.739538e-02 -1.451660e-01 3.055902e-02
 2.632633e-01 -1.235345e-01 -1.233866e-01 3.048503e-02
 2.642643e-01 -1.448200e-01 -9.717803e-02 3.041640e-02
 2.652653e-01 -1.605634e-01 -6.761399e-02 3.035226e-02
 2.662663e-01 -1.703100e-01 -3.585777e-02 3.029128e-02
 2.672673e-01 -1.738452e-01 -3.112384e-03 3.023184e-02
 2.682683e-01 -1.711903e-01  2.942756e-02 3.017209e-02
 2.692693e-01 -1.625895e-01  6.062088e-02 3.011023e-02
 2.702703e-01 -1.484884e-01  8.941919e-02 3.004460e-02
 2.712713e-01 -1.295062e-01  1.149002e-01 2.997393e-02
 2.722723e-01 -1.064031e-01  1.362932e-01 2.989746e-02
 2.732733e-01 -8.004471e-02  1.529969e-01 2.981521e-02
 2.742743e-01 -5.136583e-02  1.645890e-01 2.972799e-02
 2.752753e-01 -2.133436e-02  1.708289e-01 2.963766e-02
 2.762763e-01  9.082485e-03  1.716526e-01 2.954711e-02
 2.772773e-01  3.894858e-02  1.671627e-01 2.946038e-02
 2.782783e-01  6.738522e-02  1.576130e-01 2.938263e-02
 2.792793e-01  9.359255e-02  1.433898e-01 2.932020e-02
 2.802803e-01  1.168661e-01  1.249912e-01 2.928047e-02
 2.812813e-01  1.366080e-01  1.030054e-01 2.927186e-02
 2.822823e-01  1.523346e-01  7.808878e-02 2.930368e-02
 2.832833e-01  1.636782e-01  5.094576e-02 2.938602e-02
 2.842843e-01  1.703876e-01  2.230929e-02 2.952963e-02
 2.852853e-01  1.723243e-01 -7.075529e-03 2.974573e-02
 2.862863e-01  1.694581e-01 -3.646629e-02 3.004585e-02
 2.872873e-01  1.618611e-01 -6.513532e-02 3.044164e-02
 2.882883e-01  1.497016e-01 -9.238021e-02 3.094467e-02
 2.892893e-01  1.332380e-01 -1.175323e-01 3.156620e-02
 2.902903e-01  1.128133e-01 -1.399647e-01 3.231697e-02
 2.912913e-01  8.885045e-02 -1.590989e-01 3.320688e-02
 2.922923e-01  6.184732e-02 -1.744124e-01 3.424479e-02
 2.932933e-01  3.237278e-02 -1.854458e-01 3.543816e-02
 2.942943e-01  1.062097e-03 -1.918117e-01 3.679284e-02
 2.952953e-01 -3.138839e-02 -1.932031e-01 3.831267e-02
 2.962963e-01 -6.422781e-02 -1.894046e-01 3.999932e-02
 2.972973e-01 -9.665937e-02 -1.803024e-01 4.185197e-02
 2.982983e-01 -1.278513e-01 -1.658954e-01 4.386724e-02
 2.992993e-01 -1.569509e-01 -1.463060e-01 4.603904e-02
 3.003003e-01 -1.831011e-01 -1.217893e-01 4.835866e-02
 3.013013e-01 -2.054612e-01 -9.273999e-02 5.081502e-02
 3.023023e-01 -2.232291e-01 -5.969701e-02 5.339497e-02
 3.033033e-01 -2.356672e-01 -2.334353e-02 5.608395e-02
 3.043043e-01 -2.421292e-01  1.549729e-02 5.886673e-02
 3.053053e-01 -2.420881e-01  5.587239e-02 6.172838e-02
 3.063063e-01 -2.351634e-01  9.671418e-02 6.465544e-02
 3.073073e-01 -2.211468e-01  1.368626e-01 6.763728e-02
 3.083083e-01 -2.000251e-01  1.750923e-01 7.066735e-02
 3.093093e-01 -1.719978e-01  2.101464e-01 7.374477e-02
 3.103103e-01 -1.374900e-01  2.407737e-01 7.687549e-02
 3.113113e-01 -9.715722e-02  2.657708e-01 8.007363e-02
 3.123123e-01 -5.188319e-02  2.840252e-01 8.336220e-02
 3.133133e-01 -2.768414e-03  2.945609e-01 8.677379e-02
 3.143143e-01  4.889004e-02  2.965808e-01 9.035041e-02
 3.153153e-01  1.016277e-01  2.895081e-01 9.414311e-02
 3.163163e-01  1.538504e-01  2.730214e-01 9.821061e-02
 3.173173e-01  2.038798e-01  2.470842e-01 1.026176e-01
 3.183183e-01  2.500053e-01  2.119654e-01 1.074320e-01
 3.193193e-01  2.905405e-01  1.682505e-01 1.127220e-01
 3.203203e-01  3.238833e-01  1.168412e-01 1.185522e-01
 3.213213e-01  3.485761e-01  5.894450e-02 1.249798e-01
 3.223223e-01  3.633653e-01 -3.950840e-03 1.320499e-01
 3.233233e-01  3.672557e-01 -7.010922e-02 1.397920e-01
 3.243243e-01  3.595602e-01 -1.375943e-01 1.482157e-01
 3.253253e-01  3.399399e-01 -2.043245e-01 1.573076e-01
 3.263263e-01  3.084343e-01 -2.681371e-01 1.670292e-01
 3.273273e-01  2.654796e-01 -3.268583e-01 1.773158e-01
 3.283283e-01  2.119127e-01 -3.783775e-01 1.880765e-01
 3.293293e-01  1.489628e-01 -4.207219e-01 1.991968e-01
 3.303303e-01  7.822700e-02 -4.521310e-01 2.105419e-01
 3.313313e-01  1.632514e-03 -4.711255e-01 2.219619e-01
 3.323323e-01 -7.861418e-02 -4.765702e-01 2.332994e-01
 3.333333e-01 -1.600906e-01 -4.677265e-01 2.443971e-01
 3.343343e-01 -2.402311e-01 -4.442936e-01 2.551078e-01
 3.353353e-01 -3.164079e-01 -4.064360e-01 2.653042e-01
 3.363363e-01 -3.860170e-01 -3.547952e-01 2.748888e-01
 3.373373e-01 -4.465659e-01 -2.904862e-01 2.838033e-01
 3.383383e-01 -4.957614e-01 -2.150765e-01 2.920373e-01
 3.393393e-01 -5.315924e-01 -1.305497e-01 2.996337e-01
 3.403403e-01 -5.524059e-01 -3.925343e-02 3.066932e-01
 3.413413e-01 -5.569739e-01  5.616702e-02 3.133747e-01
 3.423423e-01 -5.445462e-01  1.528463e-01 3.198926e-01
 3.433433e-01 -5.148901e-01  2.477870e-01 3.265102e-01
 3.443443e-01 -4.683128e-01  3.379540e-01 3.335297e-01
 3.453453e-01 -4.056665e-01  4.203725e-01 3.412783e-01
 3.463463e-01 -3.283358e-01  4.922262e-01 3.500910e-01
 3.473473e-01 -2.382067e-01  5.509536e-01 3.602923e-01
 3.483483e-01 -1.376185e-01  5.943359e-01 3.721740e-01
 3.493493e-01 -2.929985e-02  6.205782e-01 3.859758e-01
 3.503504e-01  8.370920e-02  6.283756e-01 4.018632e-01
 3.513514e-01  1.981470e-01  6.169673e-01 4.199109e-01
 3.523524e-01  3.106289e-01  5.861715e-01 4.400874e-01
 3.533534e-01  4.177511e-01  5.364045e-01 4.622458e-01
 3.543544e-01  5.161974e-01  4.686788e-01 4.861196e-01
 3.553554e-01  6.028444e-01  3.845836e-01 5.113260e-01
 3.563564e-01  6.748624e-01  2.862457e-01 5.373758e-01
 3.573574e-01  7.298076e-01  1.762730e-01 5.636914e-01
 3.583584e-01  7.657046e-01  5.768226e-02 5.896308e-01
 3.593594e-01  7.811135e-01 -6.618720e-02 6.145190e-01
 3.603604e-01  7.751823e-01 -1.917710e-01 6.376837e-01
 3.613614e-01  7.476810e-01 -3.153848e-01 6.584944e-01
 3.623624e-01  6.990163e-01 -4.333347e-01 6.764028e-01
 3.633634e-01  6.302274e-01 -5.420288e-01 6.909817e-01
 3.643644e-01  5.429616e-01 -6.380864e-01 7.019615e-01
 3.653654e-01  4.394316e-01 -7.184418e-01 7.092588e-01
 3.663664e-01  3.223551e-01 -7.804394e-01 7.129985e-01
 3.673674e-01  1.948782e-01 -8.219161e-01 7.135237e-01
 3.683684e-01  6.048631e-02 -8.412708e-01 7.113952e-01
 3.693694e-01 -7.709676e-02 -8.375156e-01 7.073763e-01
 3.703704e-01 -2.140160e-01 -8.103105e-01 7.024059e-01
 3.713714e-01 -3.463977e-01 -7.599775e-01 6.975572e-01
 3.723724e-01 -4.704622e-01 -6.874967e-01 6.939865e-01
 3.733734e-01 -5.826344e-01 -5.944812e-01 6.928707e-01
 3.743744e-01 -6.796480e-01 -4.831349e-01 6.953408e-01
 3.753754e-01 -7.586418e-01 -3.561924e-01 7.024103e-01
 3.763764e-01 -8.172422e-01 -2.168434e-01 7.149058e-01
 3.773774e-01 -8.536338e-01 -6.864421e-02 7.334027e-01
 3.783784e-01 -8.666122e-01  8.458089e-02 7.581705e-01
 3.793794e-01 -8.556193e-01  2.388466e-01 7.891322e-01
 3.803804e-01 -8.207610e-01  3.901167e-01 8.258396e-01
 3.813814e-01 -7.628043e-01  5.344162e-01 8.674710e-01
 3.823824e-01 -6.831570e-01  6.679403e-01 9.128477e-01
 3.833834e-01 -5.838289e-01  7.871592e-01 9.604758e-01
 3.843844e-01 -4.673758e-01  8.889131e-01 1.008607e+00
 3.853854e-01 -3.368292e-01  9.704980e-01 1.055320e+00
 3.863864e-01 -1.956128e-01  1.029737e+00 1.098622e+00
 3.873874e-01 -4.744845e-02  1.065035e+00 1.136552e+00
 3.883884e-01  1.037450e-01  1.075424e+00 1.167301e+00
 3.893894e-01  2.539580e-01  1.060580e+00 1.189324e+00
 3.903904e-01  3.991980e-01  1.020829e+00 1.201450e+00
 3.913914e-01  5.355957e-01  9.571367e-01 1.202973e+00
 3.923924e-01  6.595074e-01  8.710764e-01 1.193724e+00
 3.933934e-01  7.676102e-01  7.647832e-01 1.174119e+00
 3.943944e-01  8.569870e-01  6.408931e-01 1.145171e+00
 3.953954e-01  9.252012e-01  5.024706e-01 1.108474e+00
 3.963964e-01  9.703566e-01  3.529241e-01 1.066147e+00
 3.973974e-01  9.911430e-01  1.959156e-01 1.020747e+00
 3.983984e-01  9.868657e-01  3.526221e-02 9.751472e-01
 3.993994e-01  9.574590e-01 -1.251620e-01 9.323932e-01
 4.004004e-01  9.034829e-01 -2.815267e-01 8.955387e-01
 4.014014e-01  8.261038e-01 -4.301410e-01 8.674688e-01
 4.024024e-01  7.270600e-01 -5.675462e-01 8.507249e-01
 4.034034e-01  6.086132e-01 -6.905987e-01 8.473366e-01
 4.044044e-01  4.734878e-01 -7.965454e-01 8.586753e-01
 4.054054e-01  3.247989e-01 -8.830863e-01 8.853358e-01
 4.064064e-01  1.659725e-01 -9.484254e-01 9.270576e-01
 4.074074e-01  6.588500e-04 -9.913064e-01 9.826888e-01
 4.084084e-01 -1.673582e-01 -1.011036e+00 1.050203e+00
 4.094094e-01 -3.342528e-01 -1.007492e+00 1.126766e+00
 4.104104e-01 -4.962489e-01 -9.811154e-01 1.208850e+00
 4.114114e-01 -6.497083e-01 -9.328886e-01 1.292402e+00
 4.124124e-01 -7.912137e-01 -8.643048e-01 1.373042e+00
 4.134134e-01 -9.176451e-01 -7.773198e-01 1.446299e+00
 4.144144e-01 -1.026247e+00 -6.742970e-01 1.507858e+00
 4.154154e-01 -1.114684e+00 -5.579415e-01 1.553820e+00
 4.164164e-01 -1.181091e+00 -4.312297e-01 1.580936e+00
 4.174174e-01 -1.224102e+00 -2.973308e-01 1.586832e+00
 4.184184e-01 -1.242875e+00 -1.595289e-01 1.570188e+00
 4.194194e-01 -1.237097e+00 -2.114079e-02 1.530857e+00
 4.204204e-01 -1.206986e+00  1.145623e-01 1.469940e+00
 4.214214e-01 -1.153268e+00  2.444322e-01 1.389775e+00
 4.224224e-01 -1.077157e+00  3.655144e-01 1.293867e+00
 4.234234e-01 -9.803113e-01  4.751149e-01 1.186744e+00
 4.244244e-01 -8.647929e-01  5.708560e-01 1.073743e+00
 4.254254e-01 -7.330101e-01  6.507269e-01 9.607493e-01
 4.264264e-01 -5.876588e-01  7.131210e-01 8.538844e-01
 4.274274e-01 -4.316579e-01  7.568659e-01 7.591746e-01
 4.284284e-01 -2.680821e-01  7.812399e-01 6.822038e-01
 4.294294e-01 -1.000934e-01  7.859803e-01 6.277837e-01
 4.304304e-01  6.912682e-02  7.712779e-01 5.996482e-01
 4.314314e-01  2.364441e-01  7.377653e-01 6.002035e-01
 4.324324e-01  3.988333e-01  6.864910e-01 6.303379e-01
 4.334334e-01  5.534370e-01  6.188890e-01 6.893161e-01
 4.344344e-01  6.976176e-01  5.367368e-01 7.747567e-01
 4.354354e-01  8.290030e-01  4.421108e-01 8.827080e-01
 4.364364e-01  9.455250e-01  3.373319e-01 1.007810e+00
 4.374374e-01  1.045449e+00  2.249117e-01 1.143549e+00
 4.384384e-01  1.127397e+00  1.074912e-01 1.282579e+00
 4.394394e-01  1.190361e+00 -1.221646e-02 1.417108e+00
 4.404404e-01  1.233707e+00 -1.314888e-01 1.539322e+00
 4.414414e-01  1.257174e+00 -2.476500e-01 1.641817e+00
 4.424424e-01  1.260864e+00 -3.581293e-01 1.718035e+00
 4.434434e-01  1.245224e+00 -4.605113e-01 1.762654e+00
 4.444444e-01  1.211023e+00 -5.525856e-01 1.771928e+00
 4.454454e-01  1.159323e+00 -6.323869e-01 1.743942e+00
 4.464464e-01  1.091444e+00 -6.982332e-01 1.678780e+00
 4.474474e-01  1.008933e+00 -7.487528e-01 1.578577e+00
 4.484484e-01  9.135173e-01 -7.829090e-01 1.447460e+00
 4.494494e-01  8.070683e-01 -8.000117e-01 1.291378e+00
 4.504505e-01  6.915583e-01 -7.997288e-01 1.117819e+00
 4.514515e-01  5.690196e-01 -7.820823e-01 9.354360e-01
 4.524525e-01  4.415046e-01 -7.474453e-01 7.536009e-01
 4.534535e-01  3.110479e-01 -6.965253e-01 5.818984e-01
 4.544545e-01  1.796307e-01 -6.303478e-01 4.296056e-01
 4.554555e-01  4.914961e-02 -5.502276e-01 3.051661e-01
 4.564565e-01 -7.861245e-02 -4.577428e-01 2.157084e-01
 4.574575e-01 -2.020091e-01 -3.546962e-01 1.666171e-01
 4.584585e-01 -3.195510e-01 -2.430825e-01 1.612019e-01
 4.594595e-01 -4.299200e-01 -1.250431e-01 2.004670e-01
 4.604605e-01 -5.319802e-01 -2.829093e-03 2.830110e-01
 4.614615e-01 -6.247833e-01  1.212462e-01 4.050548e-01
 4.624625e-01 -7.075708e-01  2.448459e-01 5.606060e-01
 4.634635e-01 -7.797707e-01  3.656563e-01 7.417469e-01
 4.644645e-01 -8.409929e-01  4.814236e-01 9.390377e-01
 4.654655e-01 -8.910178e-01  5.899978e-01 1.142010e+00
 4.664665e-01 -9.297869e-01  6.893639e-01 1.339726e+00
 4.674675e-01 -9.573857e-01  7.776813e-01 1.521376e+00
 4.684685e-01 -9.740309e-01  8.533071e-01 1.676869e+00
 4.694695e-01 -9.800493e-01  9.148295e-01 1.797410e+00
 4.704705e-01 -9.758649e-01  9.610812e-01 1.875989e+00
 4.714715e-01 -9.619754e-01  9.911657e-01 1.907806e+00
 4.724725e-01 -9.389417e-01  1.004460e+00 1.890552e+00
 4.734735e-01 -9.073628e-01  1.000635e+00 1.824577e+00
 4.744745e-01 -8.678704e-01  9.796429e-01 1.712899e+00
 4.754755e-01 -8.211040e-01  9.417340e-01 1.561075e+00
 4.764765e-01 -7.677123e-01  8.874333e-01 1.376920e+00
 4.774775e-01 -7.083266e-01  8.175480e-01 1.170111e+00
 4.784785e-01 -6.435752e-01  7.331340e-01 9.516745e-01
 4.794795e-01 -5.740495e-01  6.355019e-01 7.333955e-01
 4.804805e-01 -5.003394e-01  5.261653e-01 5.271894e-01
 4.814815e-01 -4.229792e-01  4.068572e-01 3.444442e-01
 4.824825e-01 -3.425278e-01  2.794443e-01 1.954144e-01
 4.834835e-01 -2.594435e-01  1.459935e-01 8.862501e-02
 4.844845e-01 -1.743376e-01  8.542880e-03 3.046657e-02
 4.854855e-01 -8.708042e-02 -1.299755e-01 2.447664e-02
 4.864865e-01  4.719852e-03 -2.615102e-01 6.840984e-02
 4.874875e-01  9.697565e-02 -3.772415e-01 1.517154e-01
 4.884885e-01  1.843471e-01 -4.693888e-01 2.543097e-01
 4.894895e-01  2.619359e-01 -5.315904e-01 3.511987e-01
 4.904905e-01  3.252407e-01 -5.594278e-01 4.187410e-01
 4.914915e-01  3.705582e-01 -5.506752e-01 4.405565e-01
 4.924925e-01  3.951096e-01 -5.055140e-01 4.116560e-01
 4.934935e-01  3.972615e-01 -4.265071e-01 3.397250e-01
 4.944945e-01  3.765973e-01 -3.184893e-01 2.432610e-01
 4.954955e-01  3.339848e-01 -1.882409e-01 1.469805e-01
 4.964965e-01  2.715355e-01 -4.409370e-02 7.567579e-02
 4.974975e-01  1.925195e-01  1.046307e-01 4.801132e-02
 4.984985e-01  1.012022e-01  2.481904e-01 7.184037e-02
 4.994995e-01  2.625180e-03  3.770922e-01 1.422054e-01
 5.005005e-01 -9.765559e-02  4.826806e-01 2.425172e-01
 5.015015e-01 -1.938813e-01  5.577550e-01 3.486806e-01
 5.025025e-01 -2.803988e-01  5.970143e-01 4.350496e-01
 5.035035e-01 -3.520026e-01  5.974749e-01 4.808820e-01
 5.045045e-01 -4.042209e-01  5.586374e-01 4.754702e-01
 5.055055e-01 -4.336196e-01  4.826111e-01 4.209394e-01
 5.065065e-01 -4.379914e-01  3.739325e-01 3.316619e-01
 5.075075e-01 -4.165604e-01  2.393825e-01 2.308265e-01
 5.085085e-01 -3.700106e-01  8.746426e-02 1.445578e-01
 5.095095e-01 -3.005566e-01 -7.200572e-02 9.551907e-02
 5.105105e-01 -2.117653e-01 -2.286883e-01 9.714288e-02
 5.115115e-01 -1.085070e-01 -3.721799e-01 1.502916e-01
 5.125125e-01  3.465110e-03 -4.929876e-01 2.430488e-01
 5.135135e-01  1.175757e-01 -5.827319e-01 3.534005e-01
 5.145145e-01  2.272135e-01 -6.354131e-01 4.553757e-01
 5.155155e-01  3.252843e-01 -6.464508e-01 5.237085e-01
 5.165165e-01  4.081159e-01 -6.185290e-01 5.491367e-01
 5.175175e-01  4.865451e-01 -5.766806e-01 5.692867e-01
 5.185185e-01  5.613656e-01 -5.251092e-01 5.908710e-01
 5.195195e-01  6.308713e-01 -4.634360e-01 6.127715e-01
 5.205205e-01  6.938911e-01 -3.924231e-01 6.354807e-01
 5.215215e-01  7.490366e-01 -3.125601e-01 6.587496e-01
 5.225225e-01  7.951224e-01 -2.247803e-01 6.827459e-01
 5.235235e-01  8.309474e-01 -1.300198e-01 7.073788e-01
 5.245245e-01  8.554851e-01 -2.950759e-02 7.327254e-01
 5.255255e-01  8.677883e-01  7.545935e-02 7.587507e-01
 5.265265e-01  8.671046e-01  1.833663e-01 7.854936e-01
 5.275275e-01  8.528274e-01  2.926264e-01 8.129447e-01
 5.285285e-01  8.245745e-01  4.014975e-01 8.411234e-01
 5.295295e-01  7.821600e-01  5.081921e-01 8.700335e-01
 5.305305e-01  7.256496e-01  6.108319e-01 8.996830e-01
 5.315315e-01  6.553398e-01  7.075400e-01 9.300831e-01
 5.325325e-01  5.717956e-01  7.964198e-01 9.612347e-01
 5.335335e-01  4.758305e-01  8.756357e-01 9.931525e-01
 5.345345e-01  3.685284e-01  9.434087e-01 1.025833e+00
 5.355355e-01  2.512192e-01  9.980891e-01 1.059293e+00
 5.365365e-01  1.254861e-01  1.038161e+00 1.093526e+00
 5.375375e-01 -6.864866e-03  1.062309e+00 1.128547e+00
 5.385385e-01 -1.438123e-01  1.069424e+00 1.164350e+00
 5.395395e-01 -2.831577e-01  1.058664e+00 1.200949e+00
 5.405405e-01 -4.225455e-01  1.029461e+00 1.238335e+00
 5.415415e-01 -5.595100e-01  9.815646e-01 1.276521e+00
 5.425425e-01 -6.915062e-01  9.150499e-01 1.315497e+00
 5.435435e-01 -8.159634e-01  8.303484e-01 1.355275e+00
 5.445445e-01 -9.303253e-01  7.282437e-01 1.395844e+00
 5.455455e-01 -1.032108e+00  6.098898e-01 1.437212e+00
 5.465465e-01 -1.118944e+00  4.767948e-01 1.479369e+00
 5.475475e-01 -1.188644e+00  3.308232e-01 1.522319e+00
 5.485485e-01 -1.239242e+00  1.741651e-01 1.566054e+00
 5.495495e-01 -1.269049e+00  9.321721e-03 1.610572e+00
 5.505506e-01 -1.276701e+00 -1.609390e-01 1.655866e+00
 5.515516e-01 -1.261203e+00 -3.336145e-01 1.701930e+00
 5.525526e-01 -1.221966e+00 -5.055252e-01 1.748758e+00
 5.535536e-01 -1.158846e+00 -6.733616e-01 1.796340e+00
 5.545546e-01 -1.072159e+00 -8.337528e-01 1.844668e+00
 5.555556e-01 -9.627063e-01 -9.833252e-01 1.893732e+00
 5.565566e-01 -8.317776e-01 -1.118779e+00 1.943521e+00
 5.575576e-01 -6.811507e-01 -1.236954e+00 1.994021e+00
 5.585586e-01 -5.130756e-01 -1.334907e+00 2.045222e+00
 5.595596e-01 -3.302535e-01 -1.409979e+00 2.097107e+00
 5.605606e-01 -1.357983e-01 -1.459871e+00 2.149663e+00
 5.615616e-01  6.680669e-02 -1.482703e+00 2.202872e+00
 5.625626e-01  2.737678e-01 -1.477082e+00 2.256719e+00
 5.635636e-01  4.810454e-01 -1.442143e+00 2.311182e+00
 5.645646e-01  6.844316e-01 -1.377606e+00 2.366246e+00
 5.655656e-01  8.796312e-01 -1.283798e+00 2.421887e+00
 5.665666e-01  1.062353e+00 -1.161677e+00 2.478087e+00
 5.675676e-01  1.228402e+00 -1.012842e+00 2.534821e+00
 5.685686e-01  1.373777e+00 -8.395262e-01 2.592067e+00
 5.695696e-01  1.494766e+00 -6.445709e-01 2.649798e+00
 5.705706e-01  1.588046e+00 -4.313966e-01 2.707992e+00
 5.715716e-01  1.650765e+00 -2.039462e-01 2.766620e+00
 5.725726e-01  1.680638e+00  3.337634e-02 2.825657e+00
 5.735736e-01  1.676011e+00  2.757893e-01 2.885071e+00
 5.745746e-01  1.635935e+00  5.182219e-01 2.944836e+00
 5.755756e-01  1.560211e+00  7.554204e-01 3.004920e+00
 5.765766e-01  1.449432e+00  9.820584e-01 3.065291e+00
 5.775776e-01  1.304994e+00  1.192858e+00 3.125919e+00
 5.785786e-01  1.129103e+00  1.382713e+00 3.186770e+00
 5.795796e-01  9.247567e-01  1.546815e+00 3.247810e+00
 5.805806e-01  6.957020e-01  1.680775e+00 3.309005e+00
 5.815816e-01  4.463803e-01  1.780748e+00 3.370319e+00
 5.825826e-01  1.818499e-01  1.843542e+00 3.431716e+00
 5.835836e-01 -9.231094e-02  1.866719e+00 3.493160e+00
 5.845846e-01 -3.701155e-01  1.848682e+00 3.554612e+00
 5.855856e-01 -6.452976e-01  1.788750e+00 3.616036e+00
 5.865866e-01 -9.114504e-01  1.687202e+00 3.677391e+00
 5.875876e-01 -1.162177e+00  1.545311e+00 3.738640e+00
 5.885886e-01 -1.391246e+00  1.365349e+00 3.799742e+00
 5.895896e-01 -1.592749e+00  1.150568e+00 3.860657e+00
 5.905906e-01 -1.761259e+00  9.051577e-01 3.921344e+00
 5.915916e-01 -1.891980e+00  6.341719e-01 3.981764e+00
 5.925926e-01 -1.980889e+00  3.434374e-01 4.041872e+00
 5.935936e-01 -2.024864e+00  3.943580e-02 4.101630e+00
 5.945946e-01 -2.021792e+00 -2.708374e-01 4.160995e+00
 5.955956e-01 -1.970657e+00 -5.800290e-01 4.219925e+00
 5.965966e-01 -1.871607e+00 -8.806036e-01 4.278377e+00
 5.975976e-01 -1.725984e+00 -1.165027e+00 4.336310e+00
 5.985986e-01 -1.536333e+00 -1.425960e+00 4.393682e+00
 5.995996e-01 -1.306374e+00 -1.656453e+00 4.450450e+00
 6.006006e-01 -1.040949e+00 -1.850134e+00 4.506572e+00
 6.016016e-01 -7.459272e-01 -2.001399e+00 4.562007e+00
 6.026026e-01 -4.280886e-01 -2.105577e+00 4.616714e+00
 6.036036e-01 -9.497487e-02 -2.159080e+00 4.670649e+00
 6.046046e-01  2.452854e-01 -2.159539e+00 4.723773e+00
 6.056056e-01  5.841727e-01 -2.105893e+00 4.776044e+00
 6.066066e-01  9.129909e-01 -1.998467e+00 4.827423e+00
 6.076076e-01  1.223093e+00 -1.838997e+00 4.877868e+00
 6.086086e-01  1.506115e+00 -1.630632e+00 4.927343e+00
 6.096096e-01  1.754207e+00 -1.377884e+00 4.975806e+00
 6.106106e-01  1.960262e+00 -1.086551e+00 5.023221e+00
 6.116116e-01  2.118130e+00 -7.635928e-01 5.069549e+00
 6.126126e-01  2.222810e+00 -4.169778e-01 5.114755e+00
 6.136136e-01  2.270622e+00 -5.548806e-02 5.158801e+00
 6.146146e-01  2.259342e+00  3.114965e-01 5.201654e+00
 6.156156e-01  2.188304e+00  6.742430e-01 5.243279e+00
 6.166166e-01  2.058462e+00  1.022925e+00 5.283642e+00
 6.176176e-01  1.872402e+00  1.347896e+00 5.322712e+00
 6.186186e-01  1.634314e+00  1.639962e+00 5.360457e+00
 6.196196e-01  1.349915e+00  1.890655e+00 5.396846e+00
 6.206206e-01  1.026326e+00  2.092488e+00 5.431852e+00
 6.216216e-01  6.719059e-01  2.239193e+00 5.465445e+00
 6.226226e-01  2.960393e-01  2.325932e+00 5.497598e+00
 6.236236e-01 -9.110400e-02  2.349465e+00 5.528288e+00
 6.246246e-01 -4.788447e-01  2.308288e+00 5.557488e+00
 6.256256e-01 -8.562909e-01  2.202712e+00 5.585176e+00
 6.266266e-01 -1.212650e+00  2.034898e+00 5.611330e+00
 6.276276e-01 -1.537544e+00  1.808836e+00 5.635930e+00
 6.286286e-01 -1.821329e+00  1.530267e+00 5.658956e+00
 6.296296e-01 -2.055386e+00  1.206557e+00 5.680392e+00
 6.306306e-01 -2.232407e+00  8.465093e-01 5.700220e+00
 6.316316e-01 -2.346636e+00  4.601355e-01 5.718426e+00
 6.326326e-01 -2.394073e+00  5.838241e-02 5.734996e+00
 6.336336e-01 -2.372633e+00 -3.471771e-01 5.749919e+00
 6.346346e-01 -2.282243e+00 -7.446809e-01 5.763183e+00
 6.356356e-01 -2.124890e+00 -1.122330e+00 5.774781e+00
 6.366366e-01 -1.904596e+00 -1.468747e+00 5.784705e+00
 6.376376e-01 -1.627339e+00 -1.773335e+00 5.792948e+00
 6.386386e-01 -1.300900e+00 -2.026614e+00 5.799506e+00
 6.396396e-01 -9.346651e-01 -2.220535e+00 5.804376e+00
 6.406406e-01 -5.393586e-01 -2.348755e+00 5.807556e+00
 6.416416e-01 -1.267357e-01 -2.406862e+00 5.809047e+00
 6.426426e-01  2.907665e-01 -2.392552e+00 5.808851e+00
 6.436436e-01  7.004065e-01 -2.305732e+00 5.806969e+00
 6.446446e-01  1.089535e+00 -2.148563e+00 5.803408e+00
 6.456456e-01  1.445995e+00 -1.925427e+00 5.798171e+00
 6.466466e-01  1.758518e+00 -1.642827e+00 5.791268e+00
 6.476476e-01  2.017095e+00 -1.309211e+00 5.782706e+00
 6.486486e-01  2.213318e+00 -9.347299e-01 5.772496e+00
 6.496496e-01  2.340673e+00 -5.309413e-01 5.760650e+00
 6.506507e-01  2.394782e+00 -1.104536e-01 5.747180e+00
 6.516517e-01  2.373571e+00  3.134664e-01 5.732102e+00
 6.526527e-01  2.277376e+00  7.273167e-01 5.715430e+00
 6.536537e-01  2.108959e+00  1.117798e+00 5.697182e+00
 6.546547e-01  1.873457e+00  1.472256e+00 5.677376e+00
 6.556557e-01  1.578236e+00  1.779101e+00 5.656031e+00
 6.566567e-01  1.232685e+00  2.028215e+00 5.633169e+00
 6.576577e-01  8.479193e-01  2.211299e+00 5.608811e+00
 6.586587e-01  4.364366e-01  2.322176e+00 5.582980e+00
 6.596597e-01  1.171144e-02  2.357024e+00 5.555701e+00
 6.606607e-01 -4.122470e-01  2.314530e+00 5.526997e+00
 6.616617e-01 -8.213635e-01  2.195964e+00 5.496897e+00
 6.626627e-01 -1.201974e+00  2.005165e+00 5.465427e+00
 6.636637e-01 -1.541296e+00  1.748434e+00 5.432615e+00
 6.646647e-01 -1.827879e+00  1.434346e+00 5.398490e+00
 6.656657e-01 -2.052005e+00  1.073479e+00 5.363083e+00
 6.666667e-01 -2.206049e+00  6.780626e-01 5.326423e+00
 6.676677e-01 -2.284759e+00  2.615734e-01 5.288543e+00
 6.686687e-01 -2.285458e+00 -1.617254e-01 5.249475e+00
 6.696697e-01 -2.208168e+00 -5.772757e-01 5.209251e+00
 6.706707e-01 -2.055622e+00 -9.707343e-01 5.167906e+00
 6.716717e-01 -1.833198e+00 -1.328480e+00 5.125473e+00
 6.726727e-01 -1.548743e+00 -1.638104e+00 5.081988e+00
 6.736737e-01 -1.212316e+00 -1.888856e+00 5.037486e+00
 6.746747e-01 -8.358416e-01 -2.072045e+00 4.992001e+00
 6.756757e-01 -4.326967e-01 -2.181363e+00 4.945571e+00
 6.766767e-01 -1.723693e-02 -2.213128e+00 4.898233e+00
 6.776777e-01  3.957160e-01 -2.166433e+00 4.850021e+00
 6.786787e-01  7.914102e-01 -2.043195e+00 4.800975e+00
 6.796797e-01  1.155702e+00 -1.848103e+00 4.751131e+00
 6.806807e-01  1.475576e+00 -1.588459e+00 4.700526e+00
 6.816817e-01  1.739633e+00 -1.273922e+00 4.649199e+00
 6.826827e-01  1.938512e+00 -9.161648e-01 4.597187e+00
 6.836837e-01  2.065253e+00 -5.284475e-01 4.544528e+00
 6.846847e-01  2.115562e+00 -1.251317e-01 4.491259e+00
 6.856857e-01  2.087980e+00  2.788522e-01 4.437419e+00
 6.866867e-01  1.983952e+00  6.685637e-01 4.383045e+00
 6.876877e-01  1.807780e+00  1.029615e+00 4.328174e+00
 6.886887e-01  1.566464e+00  1.348716e+00 4.272845e+00
 6.896897e-01  1.269452e+00  1.614183e+00 4.217094e+00
 6.906907e-01  9.282753e-01  1.816387e+00 4.160958e+00
 6.916917e-01  5.561185e-01  1.948129e+00 4.104474e+00
 6.926927e-01  1.673120e-01  2.004915e+00 4.047679e+00
 6.936937e-01 -2.232189e-01  1.985140e+00 3.990609e+00
 6.946947e-01 -6.005318e-01  1.890148e+00 3.933298e+00
 6.956957e-01 -9.502481e-01  1.724184e+00 3.875784e+00
 6.966967e-01 -1.259116e+00  1.494231e+00 3.818099e+00
 6.976977e-01 -1.515527e+00  1.209734e+00 3.760280e+00
 6.986987e-01 -1.709980e+00  8.822285e-01 3.702359e+00
 6.996997e-01 -1.835447e+00  5.248852e-01 3.644371e+00
 7.007007e-01 -1.887657e+00  1.519848e-01 3.586347e+00
 7.017017e-01 -1.865259e+00 -2.216517e-01 3.528321e+00
 7.027027e-01 -1.769877e+00 -5.812568e-01 3.470324e+00
 7.037037e-01 -1.606035e+00 -9.127089e-01 3.412386e+00
 7.047047e-01 -1.380973e+00 -1.203101e+00 3.354539e+00
 7.057057e-01 -1.104347e+00 -1.441260e+00 3.296812e+00
 7.067067e-01 -7.878287e-01 -1.618197e+00 3.239234e+00
 7.077077e-01 -4.446275e-01 -1.727466e+00 3.181834e+00
 7.087087e-01 -8.894235e-02 -1.765426e+00 3.124639e+00
 7.097097e-01  2.646245e-01 -1.731372e+00 3.067675e+00
 7.107107e-01  6.016716e-01 -1.627563e+00 3.010971e+00
 7.117117e-01  9.085943e-01 -1.459111e+00 2.954549e+00
 7.127127e-01  1.173147e+00 -1.233759e+00 2.898436e+00
 7.137137e-01  1.384950e+00 -9.615443e-01 2.842655e+00
 7.147147e-01  1.535914e+00 -6.543690e-01 2.787230e+00
 7.157157e-01  1.620568e+00 -3.254880e-01 2.732182e+00
 7.167167e-01  1.636279e+00  1.105682e-02 2.677533e+00
 7.177177e-01  1.583350e+00  3.410376e-01 2.623304e+00
 7.187187e-01  1.464982e+00  6.506465e-01 2.569514e+00
 7.197197e-01  1.287129e+00  9.270834e-01 2.516184e+00
 7.207207e-01  1.058216e+00  1.159099e+00 2.463330e+00
 7.217217e-01  7.887665e-01  1.337467e+00 2.410971e+00
 7.227227e-01  4.909304e-01  1.455373e+00 2.359124e+00
 7.237237e-01  1.779439e-01  1.508688e+00 2.307803e+00
 7.247247e-01 -1.364539e-01  1.496130e+00 2.257025e+00
 7.257257e-01 -4.386260e-01  1.419300e+00 2.206804e+00
 7.267267e-01 -7.156355e-01  1.282583e+00 2.157152e+00
 7.277277e-01 -9.558094e-01  1.092937e+00 2.108084e+00
 7.287287e-01 -1.149244e+00  8.595623e-01 2.059610e+00
 7.297297e-01 -1.288230e+00  5.934682e-01 2.011742e+00
 7.307307e-01 -1.367574e+00  3.069713e-01 1.964490e+00
 7.317317e-01 -1.384808e+00  1.312959e-02 1.917864e+00
 7.327327e-01 -1.340273e+00 -2.748509e-01 1.871874e+00
 7.337337e-01 -1.237077e+00 -5.442122e-01 1.826526e+00
 7.347347e-01 -1.080925e+00 -7.832179e-01 1.781828e+00
 7.357357e-01 -8.798315e-01 -9.816743e-01 1.737788e+00
 7.367367e-01 -6.437328e-01 -1.131379e+00 1.694411e+00
 7.377377e-01 -3.840080e-01 -1.226475e+00 1.651703e+00
 7.387387e-01 -1.129418e-01 -1.263690e+00 1.609668e+00
 7.397397e-01  1.568525e-01 -1.242460e+00 1.568310e+00
 7.407407e-01  4.130210e-01 -1.164924e+00 1.527633e+00
 7.417417e-01  6.440396e-01 -1.035786e+00 1.487640e+00
 7.427427e-01  8.397405e-01 -8.620720e-01 1.448332e+00
 7.437437e-01  9.917712e-01 -6.527646e-01 1.409712e+00
 7.447447e-01  1.093963e+00 -4.183597e-01 1.371780e+00
 7.457457e-01  1.142592e+00 -1.703501e-01 1.334536e+00
 7.467467e-01  1.136524e+00  7.933092e-02 1.297981e+00
 7.477477e-01  1.077231e+00  3.188829e-01 1.262114e+00
 7.487487e-01  9.686851e-01  5.371984e-01 1.226933e+00
 7.497497e-01  8.171316e-01  7.243847e-01 1.192437e+00
 7.507508e-01  6.307578e-01  8.722207e-01 1.158624e+00
 7.517518e-01  4.192682e-01  9.745285e-01 1.125492e+00
 7.527528e-01  1.933926e-01  1.027441e+00 1.093036e+00
 7.537538e-01 -3.565060e-02  1.029555e+00 1.061254e+00
 7.547548e-01 -2.567087e-01  9.819584e-01 1.030142e+00
 7.557558e-01 -4.592388e-01  8.881409e-01 9.996946e-01
 7.567568e-01 -6.338156e-01  7.537812e-01 9.699083e-01
 7.577578e-01 -7.725769e-01  5.864320e-01 9.407777e-01
 7.587588e-01 -8.695867e-01  3.951155e-01 9.122972e-01
 7.597598e-01 -9.210961e-01  1.898505e-01 8.844613e-01
 7.607608e-01 -9.256933e-01 -1.886336e-02 8.572639e-01
 7.617618e-01 -8.843322e-01 -2.205791e-01 8.306986e-01
 7.627628e-01 -8.002432e-01 -4.054252e-01 8.047588e-01
 7.637638e-01 -6.787293e-01 -5.645921e-01 7.794377e-01
 7.647648e-01 -5.268600e-01 -6.907581e-01 7.547281e-01
 7.657658e-01 -3.530804e-01 -7.784323e-01 7.306227e-01
 7.667668e-01 -1.667557e-01 -8.242005e-01 7.071140e-01
 7.677678e-01  2.232520e-02 -8.268589e-01 6.841940e-01
 7.687688e-01  2.044589e-01 -7.874335e-01 6.618550e-01
 7.697698e-01  3.705253e-01 -7.090837e-01 6.400887e-01
 7.707708e-01  5.124466e-01 -5.968965e-01 6.188869e-01
 7.717718e-01  6.235846e-01 -4.575843e-01 5.982411e-01
 7.727728e-01  6.990567e-01 -2.991030e-01 5.781428e-01
 7.737738e-01  7.359541e-01 -1.302110e-01 5.585834e-01
 7.747748e-01  7.334531e-01  4.000609e-02 5.395539e-01
 7.757758e-01  6.928138e-01  2.026196e-01 5.210456e-01
 7.767768e-01  6.172693e-01  3.493253e-01 5.030496e-01
 7.777778e-01  5.118117e-01  4.728694e-01 4.855567e-01
 7.787788e-01  3.828886e-01  5.674101e-01 4.685579e-01
 7.797798e-01  2.380268e-01  6.287984e-01 4.520442e-01
 7.807808e-01  8.540577e-02  6.547611e-01 4.360062e-01
 7.817818e-01 -6.659588e-02  6.449806e-01 4.204350e-01
 7.827828e-01 -2.098566e-01  6.010669e-01 4.053212e-01
 7.837838e-01 -3.369444e-01  5.264258e-01 3.906557e-01
 7.847848e-01 -4.415042e-01  4.260320e-01 3.764293e-01
 7.857858e-01 -5.185775e-01  3.061212e-01 3.626328e-01
 7.867868e-01 -5.648399e-01  1.738190e-01 3.492571e-01
 7.877878e-01 -5.787435e-01  3.672907e-02 3.362931e-01
 7.887888e-01 -5.605587e-01 -9.749668e-02 3.237317e-01
 7.897898e-01 -5.123137e-01 -2.215816e-01 3.115638e-01
 7.907908e-01 -4.376386e-01 -3.290180e-01 2.997804e-01
 7.917918e-01 -3.415230e-01 -4.144090e-01 2.883728e-01
 7.927928e-01 -2.300030e-01 -4.737410e-01 2.773319e-01
 7.937938e-01 -1.097966e-01 -5.045729e-01 2.666491e-01
 7.947948e-01  1.209150e-02 -5.061318e-01 2.563156e-01
 7.957958e-01  1.287716e-01 -4.793127e-01 2.463228e-01
 7.967968e-01  2.338559e-01 -4.265837e-01 2.366622e-01
 7.977978e-01  3.218069e-01 -3.518035e-01 2.273254e-01
 7.987988e-01  3.882300e-01 -2.599645e-01 2.183041e-01
 7.997998e-01  4.300928e-01 -1.568760e-01 2.095899e-01
 8.008008e-01  4.458615e-01 -4.880973e-02 2.011749e-01
 8.018018e-01  4.355473e-01  5.787472e-02 1.930509e-01
 8.028028e-01  4.006622e-01  1.570986e-01 1.852102e-01
 8.038038e-01  3.440892e-01  2.434081e-01 1.776449e-01
 8.048048e-01  2.698750e-01  3.122736e-01 1.703473e-01
 8.058058e-01  1.829611e-01  3.603265e-01 1.633100e-01
 8.068068e-01  8.886850e-02  3.855228e-01 1.565254e-01
 8.078078e-01 -6.643397e-03  3.872239e-01 1.499865e-01
 8.088088e-01 -9.792289e-02  3.661926e-01 1.436859e-01
 8.098098e-01 -1.797567e-01  3.245061e-01 1.376166e-01
 8.108108e-01 -2.476656e-01  2.653933e-01 1.317719e-01
 8.118118e-01 -2.981489e-01  1.930078e-01 1.261448e-01
 8.128128e-01 -3.288630e-01  1.121513e-01 1.207288e-01
 8.138138e-01 -3.387258e-01  2.796673e-02 1.155173e-01
 8.148148e-01 -3.279431e-01 -5.438213e-02 1.105041e-01
 8.158158e-01 -2.979549e-01 -1.300220e-01 1.056828e-01
 8.168168e-01 -2.513098e-01 -1.946558e-01 1.010475e-01
 8.178178e-01 -1.914745e-01 -2.448051e-01 9.659205e-02
 8.188188e-01 -1.225938e-01 -2.779955e-01 9.231073e-02
 8.198198e-01 -4.921469e-02 -2.928749e-01 8.819782e-02
 8.208208e-01  2.400483e-02 -2.892603e-01 8.424777e-02
 8.218218e-01  9.258619e-02 -2.681099e-01 8.045513e-02
 8.228228e-01  1.525004e-01 -2.314266e-01 7.681464e-02
 8.238238e-01  2.004026e-01 -1.820986e-01 7.332112e-02
 8.248248e-01  2.338164e-01 -1.236909e-01 6.996955e-02
 8.258258e-01  2.512589e-01 -6.019947e-02 6.675502e-02
 8.268268e-01  2.522994e-01  4.212772e-03 6.367275e-02
 8.278278e-01  2.375502e-01  6.548301e-02 6.071810e-02
 8.288288e-01  2.085915e-01  1.199005e-01 5.788654e-02
 8.298298e-01  1.678383e-01  1.643288e-01 5.517366e-02
 8.308308e-01  1.183580e-01  1.963837e-01 5.257518e-02
 8.318318e-01  6.365191e-02  2.145586e-01 5.008694e-02
 8.328328e-01  7.417171e-03  2.182885e-01 4.770491e-02
 8.338338e-01 -4.669710e-02  2.079532e-01 4.542515e-02
 8.348348e-01 -9.532204e-02  1.848177e-01 4.324386e-02
 8.358358e-01 -1.355757e-01  1.509192e-01 4.115736e-02
 8.368368e-01 -1.652312e-01  1.089068e-01 3.916203e-02
 8.378378e-01 -1.828367e-01  6.184775e-02 3.725441e-02
 8.388388e-01 -1.877813e-01  1.301189e-02 3.543113e-02
 8.398398e-01 -1.803027e-01 -3.434858e-02 3.368890e-02
 8.408408e-01 -1.614403e-01 -7.721149e-02 3.202458e-02
 8.418418e-01 -1.329359e-01 -1.129740e-01 3.043509e-02
 8.428428e-01 -9.709286e-02 -1.396082e-01 2.891748e-02
 8.438438e-01 -5.660182e-02 -1.557726e-01 2.746887e-02
 8.448448e-01 -1.434778e-02 -1.608747e-01 2.608652e-02
 8.458458e-01  2.678933e-02 -1.550808e-01 2.476772e-02
 8.468468e-01  6.412646e-02 -1.392756e-01 2.350990e-02
 8.478478e-01  9.534905e-02 -1.149744e-01 2.231054e-02
 8.488488e-01  1.186518e-01 -8.419616e-02 2.116724e-02
 8.498498e-01  1.328396e-01 -4.930800e-02 2.007763e-02
 8.508509e-01  1.373839e-01 -1.285094e-02 1.903949e-02
 8.518519e-01  1.324315e-01  2.263912e-02 1.805063e-02
 8.528529e-01  1.187668e-01  5.480343e-02 1.710898e-02
 8.538539e-01  9.773260e-02  8.161404e-02 1.621251e-02
 8.548549e-01  7.111485e-02  1.014986e-01 1.535929e-02
 8.558559e-01  4.100207e-02  1.134297e-01 1.454746e-02
 8.568569e-01  9.628930e-03  1.169721e-01 1.377519e-02
 8.578579e-01 -2.078417e-02  1.122888e-01 1.304075e-02
 8.588589e-01 -4.818416e-02  1.001037e-01 1.234246e-02
 8.598599e-01 -7.082079e-02  8.162802e-02 1.167872e-02
 8.608609e-01 -8.735562e-02  5.845481e-02 1.104797e-02
 8.618619e-01 -9.693786e-02  3.243131e-02 1.044874e-02
 8.628629e-01 -9.924289e-02  5.518429e-03 9.879605e-03
 8.638639e-01 -9.447223e-02 -2.035200e-02 9.339206e-03
 8.648649e-01 -8.331627e-02 -4.341231e-02 8.826231e-03
 8.658659e-01 -6.688399e-02 -6.217673e-02 8.339414e-03
 8.668669e-01 -4.660565e-02 -7.553446e-02 7.877542e-03
 8.678679e-01 -2.411676e-02 -8.281196e-02 7.439438e-03
 8.688689e-01 -1.132054e-03 -8.380157e-02 7.023984e-03
 8.698699e-01  2.068084e-02 -7.875533e-02 6.630100e-03
 8.708709e-01  3.981912e-02 -6.834621e-02 6.256768e-03
 8.718719e-01  5.504557e-02 -5.360031e-02 5.903008e-03
 8.728729e-01  6.546586e-02 -3.580667e-02 5.567896e-03
 8.738739e-01  7.057759e-02 -1.641163e-02 5.250538e-03
 8.748749e-01  7.028877e-02  3.093535e-03 4.950081e-03
 8.758759e-01  6.490535e-02  2.128360e-02 4.665696e-03
 8.768769e-01  5.509033e-02  3.690045e-02 4.396587e-03
 8.778779e-01  4.179826e-02  4.893767e-02 4.141990e-03
 8.788789e-01  2.619126e-02  5.670264e-02 3.901171e-03
 8.798799e-01  9.543326e-03  5.985286e-02 3.673440e-03
 8.808809e-01 -6.859324e-03  5.840453e-02 3.458140e-03
 8.818819e-01 -2.181440e-02  5.271421e-02 3.254656e-03
 8.828829e-01 -3.428901e-02  4.343575e-02 3.062401e-03
 8.838839e-01 -4.348868e-02  3.145713e-02 2.880816e-03
 8.848849e-01 -4.890523e-02  1.782238e-02 2.709359e-03
 8.858859e-01 -5.034100e-02  3.645595e-03 2.547506e-03
 8.868869e-01 -4.790839e-02 -9.976648e-03 2.394748e-03
 8.878879e-01 -4.200612e-02 -2.204722e-02 2.250594e-03
 8.888889e-01 -3.327468e-02 -3.173925e-02 2.114584e-03
 8.898899e-01 -2.253556e-02 -3.845037e-02 1.986282e-03
 8.908909e-01 -1.071947e-02 -4.183756e-02 1.865288e-03
 8.918919e-01  1.210334e-03 -4.183015e-02 1.751227e-03
 8.928929e-01  1.233370e-02 -3.862159e-02 1.643747e-03
 8.938939e-01  2.184212e-02 -3.264094e-02 1.542509e-03
 8.948949e-01  2.909553e-02 -2.450782e-02 1.447183e-03
 8.958959e-01  3.366308e-02 -1.497451e-02 1.357439e-03
 8.968969e-01  3.534589e-02 -4.860801e-03 1.272959e-03
 8.978979e-01  3.418039e-02  5.013521e-03 1.193434e-03
 8.988989e-01  3.042327e-02  1.389254e-02 1.118578e-03
 8.998999e-01  2.451977e-02  2.114023e-02 1.048128e-03
 9.009009e-01  1.705881e-02  2.628398e-02 9.818505e-04
 9.019019e-01  8.718954e-03  2.904327e-02 9.195320e-04
 9.029029e-01  2.100530e-04  2.934157e-02 8.609718e-04
 9.039039e-01 -7.784720e-03  2.730153e-02 8.059757e-04
 9.049049e-01 -1.466169e-02  2.322451e-02 7.543431e-04
 9.059059e-01 -1.994057e-02  1.755695e-02 7.058728e-04
 9.069069e-01 -2.329611e-02  1.084676e-02 6.603608e-04
 9.079079e-01 -2.457579e-02  3.693940e-03 6.176148e-04
 9.089089e-01 -2.380263e-02 -3.300582e-03 5.774590e-04
 9.099099e-01 -2.116369e-02 -9.583385e-03 5.397432e-04
 9.109109e-01 -1.698592e-02 -1.469078e-02 5.043404e-04
 9.119119e-01 -1.170188e-02 -1.828132e-02 4.711407e-04
 9.129129e-01 -5.808691e-03 -2.015690e-02 4.400414e-04
 9.139139e-01  1.760989e-04 -2.027074e-02 4.109339e-04
 9.149149e-01  5.758033e-03 -1.872287e-02 3.837007e-04
 9.159159e-01  1.050497e-02 -1.574348e-02 3.582116e-04
 9.169169e-01  1.407913e-02 -1.166677e-02 3.343355e-04
 9.179179e-01  1.625960e-02 -6.897303e-03 3.119473e-04
 9.189189e-01  1.695394e-02 -1.872637e-03 2.909428e-04
 9.199199e-01  1.619847e-02  2.974955e-03 2.712409e-04
 9.209209e-01  1.414789e-02  7.254051e-03 2.527841e-04
 9.219219e-01  1.105546e-02  1.064447e-02 2.355278e-04
 9.229229e-01  7.246129e-03  1.291979e-02 2.194274e-04
 9.239239e-01  3.085084e-03  1.396100e-02 2.044273e-04
 9.249249e-01 -1.055348e-03  1.376008e-02 1.904535e-04
 9.259259e-01 -4.827554e-03  1.241424e-02 1.774185e-04
 9.269269e-01 -7.936569e-03  1.011137e-02 1.652290e-04
 9.279279e-01 -1.016203e-02  7.108862e-03 1.538027e-04
 9.289289e-01 -1.137244e-02  3.707391e-03 1.430772e-04
 9.299299e-01 -1.153116e-02  2.228444e-04 1.330174e-04
 9.309309e-01 -1.069377e-02 -3.041738e-03 1.236090e-04
 9.319319e-01 -8.997821e-03 -5.821263e-03 1.148479e-04
 9.329329e-01 -6.645962e-03 -7.909188e-03 1.067241e-04
 9.339339e-01 -3.884563e-03 -9.171653e-03 9.920905e-05
 9.349349e-01 -9.796697e-04 -9.554725e-03 9.225253e-05
 9.359359e-01  1.807260e-03 -9.084055e-03 8.578624e-05
 9.369369e-01  4.241870e-03 -7.857856e-03 7.973936e-05
 9.379379e-01  6.135661e-03 -6.033749e-03 7.405245e-05
 9.389389e-01  7.359683e-03 -3.811405e-03 6.869174e-05
 9.399399e-01  7.852122e-03 -1.412322e-03 6.365048e-05
 9.409409e-01  7.619585e-03  9.408907e-04 5.894335e-05
 9.419419e-01  6.732186e-03  3.044305e-03 5.459012e-05
 9.429429e-01  5.313384e-03  4.729397e-03 5.059924e-05
 9.439439e-01  3.525607e-03  5.875836e-03 4.695535e-05
 9.449449e-01  1.553357e-03  6.419005e-03 4.361654e-05
 9.459459e-01 -4.147071e-04  6.352307e-03 4.052379e-05
 9.469469e-01 -2.202896e-03  5.723934e-03 3.761618e-05
 9.479479e-01 -3.663468e-03  4.629148e-03 3.485001e-05
 9.489489e-01 -4.688094e-03  3.198589e-03 3.220920e-05
 9.499499e-01 -5.215131e-03  1.584351e-03 2.970776e-05
 9.509510e-01 -5.232128e-03 -5.523652e-05 2.737821e-05
 9.519520e-01 -4.773790e-03 -1.570217e-03 2.525465e-05
 9.529530e-01 -3.915688e-03 -2.832162e-03 2.335375e-05
 9.539540e-01 -2.764706e-03 -3.744318e-03 2.166351e-05
 9.549550e-01 -1.447145e-03 -4.248445e-03 2.014351e-05
 9.559560e-01 -9.586894e-05 -4.327487e-03 1.873634e-05
 9.569570e-01  1.162411e-03 -4.004514e-03 1.738733e-05
 9.579580e-01  2.218398e-03 -3.337833e-03 1.606242e-05
 9.589590e-01  2.989205e-03 -2.413387e-03 1.475979e-05
 9.599600e-01  3.424244e-03 -1.334878e-03 1.350735e-05
 9.609610e-01  3.507791e-03 -2.130976e-04 1.235001e-05
 9.619620e-01  3.258053e-03  8.449149e-04 1.132879e-05
 9.629630e-01  2.723179e-03  1.745455e-03 1.046232e-05
 9.639640e-01  1.974644e-03  2.416079e-03 9.736653e-06
 9.649650e-01  1.098936e-03  2.810808e-03 9.108303e-06
 9.659660e-01  1.882985e-04  2.912742e-03 8.519525e-06
 9.669670e-01 -6.683914e-04  2.733551e-03 7.919050e-06
 9.679680e-01 -1.393888e-03  2.310535e-03 7.281495e-06
 9.689690e-01 -1.929104e-03  1.701255e-03 6.615711e-06
 9.699700e-01 -2.237536e-03  9.768222e-04 5.960748e-06
 9.709710e-01 -2.307140e-03  2.141430e-04 5.368750e-06
 9.719720e-01 -2.149794e-03 -5.116540e-04 4.883406e-06
 9.729730e-01 -1.798413e-03 -1.134324e-03 4.520979e-06
 9.739740e-01 -1.302272e-03 -1.602079e-03 4.262570e-06
 9.749750e-01 -7.210013e-04 -1.881620e-03 4.060335e-06
 9.759760e-01 -1.180346e-04 -1.959918e-03 3.855209e-06
 9.769770e-01  4.459279e-04 -1.844157e-03 3.599765e-06
 9.779780e-01  9.186666e-04 -1.559530e-03 3.276082e-06
 9.789790e-01  1.261024e-03 -1.145676e-03 2.902754e-06
 9.799800e-01  1.449795e-03 -6.517645e-04 2.526704e-06
 9.809810e-01  1.478904e-03 -1.312129e-04 2.204375e-06
 9.819820e-01  1.358701e-03  3.638482e-04 1.978455e-06
 9.829830e-01  1.113736e-03  7.873947e-04 1.860399e-06
 9.839840e-01  7.791795e-04  1.103614e-03 1.825085e-06
 9.849850e-01  3.964907e-04  1.289534e-03 1.820102e-06
 9.859860e-01  8.678707e-06  1.336434e-03 1.786132e-06
 9.869870e-01 -3.441896e-04  1.249584e-03 1.679927e-06
 9.879880e-01 -6.289313e-04  1.046849e-03 1.491448e-06
 9.889890e-01 -8.221284e-04  7.559807e-04 1.247402e-06
 9.899900e-01 -9.118601e-04  4.113477e-04 1.000696e-06
 9.909910e-01 -8.980400e-04  5.005833e-05 8.089817e-07
 9.919920e-01 -7.915562e-04 -2.916990e-04 7.116495e-07
 9.929930e-01 -6.122406e-04 -5.821711e-04 7.137617e-07
 9.939940e-01 -3.860989e-04 -7.966695e-04 7.837546e-07
 9.949950e-01 -1.420022e-04 -9.195391e-04 8.657168e-07
 9.959960e-01  9.163295e-05 -9.449139e-04 9.012588e-07
 9.969970e-01  2.899568e-04 -8.766887e-04 8.526581e-07
 9.979980e-01  4.341301e-04 -7.273597e-04 7.175211e-07
 9.989990e-01  5.130133e-04 -5.163391e-04 5.297887e-07
 1.000000e+00  5.238216e-04 -2.675380e-04 3.459656e-07
