# x psi_r psi_i psi2 
 0.000000e+00  8.852216e-02  8.595273e-03 7.910051e-03
 1.001001e-03  8.833397e-02  4.574393e-02 9.895398e-03
 2.002002e-03  7.697385e-02  7.474360e-02 1.151158e-02
 3.003003e-03  5.669592e-02  9.188649e-02 1.165755e-02
 4.004004e-03  3.074535e-02  9.526802e-02 1.002127e-02
 5.005005e-03  2.861752e-03  8.498185e-02 7.230105e-03
 6.006006e-03 -2.324799e-02  6.303096e-02 4.513371e-03
 7.007007e-03 -4.439450e-02  3.297699e-02 3.058353e-03
 8.008008e-03 -5.828561e-02 -6.142707e-04 3.397589e-03
 9.009009e-03 -6.375723e-02 -3.284738e-02 5.143936e-03
 1.001001e-02 -6.083480e-02 -5.919396e-02 7.204797e-03
 1.101101e-02 -5.062958e-02 -7.611405e-02 8.356704e-03
 1.201201e-02 -3.509699e-02 -8.151843e-02 7.877053e-03
 1.301301e-02 -1.670088e-02 -7.501278e-02 5.905836e-03
 1.401401e-02  1.961933e-03 -5.789717e-02 3.355931e-03
 1.501502e-02  1.852142e-02 -3.292902e-02 1.427363e-03
 1.601602e-02  3.112931e-02 -3.890175e-03 9.841674e-04
 1.701702e-02  3.865344e-02  2.497502e-02 2.117840e-03
 1.801802e-02  4.075292e-02  4.956848e-02 4.117835e-03
 1.901902e-02  3.783457e-02  6.650773e-02 5.854732e-03
 2.002002e-02  3.090813e-02  7.357788e-02 6.369017e-03
 2.102102e-02  2.137158e-02  7.000739e-02 5.357779e-03
 2.202202e-02  1.076520e-02  5.653487e-02 3.312081e-03
 2.302302e-02  5.345937e-04  3.526433e-02 1.243859e-03
 2.402402e-02 -8.162209e-03  9.335696e-03 1.537769e-04
 2.502503e-02 -1.457854e-02 -1.753801e-02 5.201157e-04
 2.602603e-02 -1.842182e-02 -4.159881e-02 2.069824e-03
 2.702703e-02 -1.981757e-02 -5.956228e-02 3.940401e-03
 2.802803e-02 -1.920933e-02 -6.905579e-02 5.137700e-03
 2.902903e-02 -1.721907e-02 -6.891883e-02 5.046302e-03
 3.003003e-02 -1.449668e-02 -5.932913e-02 3.730100e-03
 3.103103e-02 -1.158701e-02 -4.174307e-02 1.876743e-03
 3.203203e-02 -8.837629e-03 -1.866494e-02 4.264836e-04
 3.303303e-02 -6.361285e-03  6.718010e-03 8.559761e-05
 3.403403e-02 -4.056217e-03  3.098057e-02 9.762488e-04
 3.503504e-02 -1.676439e-03  5.092218e-02 2.595879e-03
 3.603604e-02  1.065121e-03  6.398439e-02 4.095136e-03
 3.703704e-02  4.383545e-03  6.856931e-02 4.720966e-03
 3.803804e-02  8.323348e-03  6.422068e-02 4.193574e-03
 3.903904e-02  1.269598e-02  5.164890e-02 2.828797e-03
 4.004004e-02  1.706809e-02  3.260334e-02 1.354297e-03
 4.104104e-02  2.080588e-02  9.614868e-03 5.253304e-04
 4.204204e-02  2.317025e-02 -1.435212e-02 7.428439e-04
 4.304304e-02  2.344774e-02 -3.628923e-02 1.866705e-03
 4.404404e-02  2.109510e-02 -5.352306e-02 3.309721e-03
 4.504505e-02  1.587160e-02 -6.403583e-02 4.352495e-03
 4.604605e-02  7.934100e-03 -6.668996e-02 4.510501e-03
 4.704705e-02 -2.125149e-03 -6.133327e-02 3.766287e-03
 4.804805e-02 -1.330923e-02 -4.877817e-02 2.556445e-03
 4.904905e-02 -2.431643e-02 -3.066454e-02 1.531602e-03
 5.005005e-02 -3.369859e-02 -9.230038e-03 1.220789e-03
 5.105105e-02 -4.005724e-02  1.297864e-02 1.773028e-03
 5.205205e-02 -4.224978e-02  3.341495e-02 2.901603e-03
 5.305305e-02 -3.957524e-02  4.982390e-02 4.048621e-03
 5.405405e-02 -3.191040e-02  6.048261e-02 4.676420e-03
 5.505506e-02 -1.977359e-02  6.436580e-02 4.533951e-03
 5.605606e-02 -4.302894e-03  6.122281e-02 3.766747e-03
 5.705706e-02  1.285241e-02  5.156447e-02 2.824079e-03
 5.805806e-02  2.971603e-02  3.656879e-02 2.220319e-03
 5.905906e-02  4.422225e-02  1.792245e-02 2.276821e-03
 6.006006e-02  5.447645e-02 -2.378996e-03 2.973344e-03
 6.106106e-02  5.900450e-02 -2.224776e-02 3.976494e-03
 6.206206e-02  5.695719e-02 -3.971359e-02 4.821291e-03
 6.306306e-02  4.824188e-02 -5.310661e-02 5.147591e-03
 6.406406e-02  3.356233e-02 -6.119858e-02 4.871696e-03
 6.506507e-02  1.435984e-02 -6.329372e-02 4.212300e-03
 6.606607e-02 -7.338405e-03 -5.926640e-02 3.566358e-03
 6.706707e-02 -2.914593e-02 -4.954793e-02 3.304482e-03
 6.806807e-02 -4.859100e-02 -3.506866e-02 3.590896e-03
 6.906907e-02 -6.340463e-02 -1.716395e-02 4.314749e-03
 7.007007e-02 -7.178762e-02  2.546078e-03 5.159945e-03
 7.107107e-02 -7.262437e-02  2.229316e-02 5.771284e-03
 7.207207e-02 -6.561840e-02  4.030409e-02 5.930194e-03
 7.307307e-02 -5.133408e-02  5.494189e-02 5.653799e-03
 7.407407e-02 -3.114072e-02  6.483657e-02 5.173526e-03
 7.507508e-02 -7.066779e-03  6.899796e-02 4.810657e-03
 7.607608e-02  1.841803e-02  6.690347e-02 4.815298e-03
 7.707708e-02  4.266685e-02  5.855426e-02 5.249062e-03
 7.807808e-02  6.313610e-02  4.449414e-02 5.965895e-03
 7.907908e-02  7.765142e-02  2.578703e-02 6.694714e-03
 8.008008e-02  8.463123e-02  3.951344e-03 7.178058e-03
 8.108108e-02  8.324571e-02 -1.914777e-02 7.296485e-03
 8.208208e-02  7.349695e-02 -4.144303e-02 7.119326e-03
 8.308308e-02  5.621479e-02 -6.083779e-02 6.861340e-03
 8.408408e-02  3.297178e-02 -7.539382e-02 6.771367e-03
 8.508509e-02  5.928228e-03 -8.351841e-02 7.010468e-03
 8.608609e-02 -2.237529e-02 -8.413277e-02 7.578977e-03
 8.708709e-02 -4.925695e-02 -7.680405e-02 8.325110e-03
 8.808809e-02 -7.214166e-02 -6.182484e-02 9.026730e-03
 8.908909e-02 -8.879572e-02 -4.022821e-02 9.502988e-03
 9.009009e-02 -9.752867e-02 -1.373198e-02 9.700409e-03
 9.109109e-02 -9.734627e-02  1.538736e-02 9.713067e-03
 9.209209e-02 -8.804330e-02  4.448302e-02 9.730362e-03
 9.309309e-02 -7.023001e-02  7.077364e-02 9.941163e-03
 9.409409e-02 -4.529077e-02  9.160542e-02 1.044281e-02
 9.509510e-02 -1.527865e-02  1.047157e-01 1.119881e-02
 9.609610e-02  1.724635e-02  1.084718e-01 1.206356e-02
 9.709710e-02  4.942367e-02  1.020597e-01 1.285889e-02
 9.809810e-02  7.832845e-02  8.560208e-02 1.346306e-02
 9.909910e-02  1.012203e-01  6.018952e-02 1.386833e-02
 1.001001e-01  1.157861e-01  2.781987e-02 1.418036e-02
 1.011011e-01  1.203570e-01 -8.753384e-03 1.456242e-02
 1.021021e-01  1.140818e-01 -4.625176e-02 1.515388e-02
 1.031031e-01  9.703925e-02 -8.116215e-02 1.600391e-02
 1.041041e-01  7.027681e-02 -1.100611e-01 1.705228e-02
 1.051051e-01  3.576745e-02 -1.299432e-01 1.816454e-02
 1.061061e-01 -3.717237e-03 -1.385223e-01 1.920224e-02
 1.071071e-01 -4.481234e-02 -1.344765e-01 2.009208e-02
 1.081081e-01 -8.383083e-02 -1.176119e-01 2.086016e-02
 1.091091e-01 -1.170807e-01 -8.892645e-02 2.161581e-02
 1.101101e-01 -1.412025e-01 -5.056619e-02 2.249508e-02
 1.111111e-01 -1.534968e-01 -5.672307e-03 2.359344e-02
 1.121121e-01 -1.522115e-01  4.186924e-02 2.492139e-02
 1.131131e-01 -1.367582e-01  8.775682e-02 2.640405e-02
 1.141141e-01 -1.078318e-01  1.276534e-01 2.792309e-02
 1.151151e-01 -6.741818e-02  1.575854e-01 2.937837e-02
 1.161161e-01 -1.867828e-02  1.743246e-01 3.073795e-02
 1.171171e-01  3.428404e-02  1.757173e-01 3.205196e-02
 1.181181e-01  8.675759e-02  1.609292e-01 3.342508e-02
 1.191191e-01  1.338352e-01  1.305800e-01 3.496300e-02
 1.201201e-01  1.708659e-01  8.675053e-02 3.672080e-02
 1.211211e-01  1.939055e-01  3.285670e-02 3.867891e-02
 1.221221e-01  2.001240e-01 -2.660488e-02 4.075744e-02
 1.231231e-01  1.881258e-01 -8.642140e-02 4.285999e-02
 1.241241e-01  1.581501e-01 -1.411107e-01 4.492370e-02
 1.251251e-01  1.121247e-01 -1.854134e-01 4.695006e-02
 1.261261e-01  5.356286e-02 -2.147860e-01 4.900200e-02
 1.271271e-01 -1.269473e-02 -2.258520e-01 5.117027e-02
 1.281281e-01 -8.087446e-02 -2.167643e-01 5.352746e-02
 1.291291e-01 -1.447690e-01 -1.874443e-01 5.609344e-02
 1.301301e-01 -1.982978e-01 -1.396672e-01 5.882894e-02
 1.311311e-01 -2.360789e-01 -7.698025e-02 6.165922e-02
 1.321321e-01 -2.539575e-01 -4.453917e-03 6.451425e-02
 1.331331e-01 -2.494408e-01  7.171969e-02 6.736443e-02
 1.341341e-01 -2.219948e-01  1.447489e-01 7.023393e-02
 1.351351e-01 -1.731699e-01  2.078422e-01 7.318618e-02
 1.361361e-01 -1.065380e-01  2.548333e-01 7.629033e-02
 1.371371e-01 -2.744031e-02  2.807732e-01 7.958654e-02
 1.381381e-01  5.743682e-02  2.824339e-01 8.306787e-02
 1.391391e-01  1.406254e-01  2.586723e-01 8.668686e-02
 1.401401e-01  2.145299e-01  2.106159e-01 9.038210e-02
 1.411411e-01  2.721157e-01  1.416451e-01 9.411029e-02
 1.421421e-01  3.075692e-01  5.716856e-02 9.786706e-02
 1.431431e-01  3.168681e-01 -3.579769e-02 1.016869e-01
 1.441441e-01  2.982069e-01 -1.292119e-01 1.056231e-01
 1.451451e-01  2.522347e-01 -2.147030e-01 1.097197e-01
 1.461461e-01  1.820776e-01 -2.843192e-01 1.139897e-01
 1.471471e-01  9.313687e-02 -3.312630e-01 1.184096e-01
 1.481481e-01 -7.324353e-03 -3.505429e-01 1.229340e-01
 1.491491e-01 -1.107748e-01 -3.394812e-01 1.275186e-01
 1.501502e-01 -2.081409e-01 -2.980267e-01 1.321425e-01
 1.511512e-01 -2.906021e-01 -2.288377e-01 1.368163e-01
 1.521522e-01 -3.503858e-01 -1.371242e-01 1.415733e-01
 1.531532e-01 -3.814909e-01 -3.025473e-02 1.464507e-01
 1.541542e-01 -3.802714e-01  8.284047e-02 1.514689e-01
 1.551552e-01 -3.458262e-01  1.924209e-01 1.566216e-01
 1.561562e-01 -2.801533e-01  2.887789e-01 1.618791e-01
 1.571572e-01 -1.880506e-01  3.630992e-01 1.672041e-01
 1.581582e-01 -7.676559e-02  4.082598e-01 1.725690e-01
 1.591592e-01  4.458087e-02  4.195002e-01 1.779679e-01
 1.601602e-01  1.657488e-01  3.948966e-01 1.834160e-01
 1.611612e-01  2.762497e-01  3.355957e-01 1.889384e-01
 1.621622e-01  3.662573e-01  2.457848e-01 1.945546e-01
 1.631632e-01  4.274797e-01  1.323938e-01 2.002670e-01
 1.641642e-01  4.539140e-01  4.552361e-03 2.060586e-01
 1.651652e-01  4.424167e-01 -1.271556e-01 2.119011e-01
 1.661662e-01  3.930345e-01 -2.515773e-01 2.177673e-01
 1.671672e-01  3.090640e-01 -3.579409e-01 2.236422e-01
 1.681682e-01  1.968307e-01 -4.367894e-01 2.295273e-01
 1.691692e-01  6.520264e-02 -4.808159e-01 2.354353e-01
 1.701702e-01 -7.512400e-02 -4.855270e-01 2.413801e-01
 1.711712e-01 -2.125063e-01 -4.496751e-01 2.473666e-01
 1.721722e-01 -3.353311e-01 -3.754185e-01 2.533860e-01
 1.731732e-01 -4.330013e-01 -2.681939e-01 2.594181e-01
 1.741742e-01 -4.968502e-01 -1.363069e-01 2.654397e-01
 1.751752e-01 -5.209013e-01  9.726132e-03 2.714327e-01
 1.761762e-01 -5.024103e-01  1.580316e-01 2.773901e-01
 1.771772e-01 -4.421394e-01  2.963567e-01 2.833146e-01
 1.781782e-01 -3.443387e-01  4.130908e-01 2.892132e-01
 1.791792e-01 -2.164341e-01  4.982429e-01 2.950897e-01
 1.801802e-01 -6.844662e-02  5.442927e-01 3.009394e-01
 1.811812e-01  8.781125e-02  5.468438e-01 3.067489e-01
 1.821822e-01  2.396945e-01  5.050210e-01 3.124997e-01
 1.831832e-01  3.747615e-01  4.215786e-01 3.181746e-01
 1.841842e-01  4.817995e-01  3.027076e-01 3.237627e-01
 1.851852e-01  5.517567e-01  1.575587e-01 3.292602e-01
 1.861862e-01  5.785002e-01 -2.482811e-03 3.346686e-01
 1.871872e-01  5.593389e-01 -1.647094e-01 3.399892e-01
 1.881882e-01  4.952672e-01 -3.161163e-01 3.452192e-01
 1.891892e-01  3.909080e-01 -4.444553e-01 3.503495e-01
 1.901902e-01  2.541599e-01 -5.392306e-01 3.553669e-01
 1.911912e-01  9.557841e-02 -5.925553e-01 3.602570e-01
 1.921922e-01 -7.246117e-02 -5.997981e-01 3.650084e-01
 1.931932e-01 -2.367481e-01 -5.599689e-01 3.696148e-01
 1.941942e-01 -3.842896e-01 -4.758104e-01 3.740740e-01
 1.951952e-01 -5.033476e-01 -3.535910e-01 3.783855e-01
 1.961962e-01 -5.843751e-01 -2.026150e-01 3.825471e-01
 1.971972e-01 -6.207768e-01 -3.449048e-02 3.865535e-01
 1.981982e-01 -6.094348e-01  1.377852e-01 3.903955e-01
 1.991992e-01 -5.509567e-01  3.008481e-01 3.940629e-01
 2.002002e-01 -4.496291e-01  4.420180e-01 3.975463e-01
 2.012012e-01 -3.130803e-01  5.502909e-01 4.008393e-01
 2.022022e-01 -1.516815e-01  6.171965e-01 4.039388e-01
 2.032032e-01  2.226443e-02  6.374542e-01 4.068436e-01
 2.042042e-01  1.954824e-01  6.093760e-01 4.095524e-01
 2.052052e-01  3.547547e-01  5.349876e-01 4.120627e-01
 2.062062e-01  4.879409e-01  4.198607e-01 4.143694e-01
 2.072072e-01  5.849077e-01  2.726709e-01 4.164664e-01
 2.082082e-01  6.382972e-01  1.045190e-01 4.183476e-01
 2.092092e-01  6.440768e-01 -7.192871e-02 4.200087e-01
 2.102102e-01  6.018276e-01 -2.434149e-01 4.214473e-01
 2.112112e-01  5.147557e-01 -3.971018e-01 4.226632e-01
 2.122122e-01  3.894248e-01 -5.215409e-01 4.236566e-01
 2.132132e-01  2.352374e-01 -6.075283e-01 4.244272e-01
 2.142142e-01  6.370508e-02 -6.487801e-01 4.249739e-01
 2.152152e-01 -1.124330e-01 -6.423810e-01 4.252946e-01
 2.162162e-01 -2.801742e-01 -5.889731e-01 4.253869e-01
 2.172172e-01 -4.272245e-01 -4.926750e-01 4.252495e-01
 2.182182e-01 -5.429065e-01 -3.607420e-01 4.248823e-01
 2.192192e-01 -6.189342e-01 -2.029952e-01 4.242866e-01
 2.202202e-01 -6.499996e-01 -3.106824e-02 4.234647e-01
 2.212212e-01 -6.341300e-01  1.424712e-01 4.224189e-01
 2.222222e-01 -5.727932e-01  3.050559e-01 4.211512e-01
 2.232232e-01 -4.707472e-01  4.450395e-01 4.196630e-01
 2.242242e-01 -3.356496e-01  5.525352e-01 4.179558e-01
 2.252252e-01 -1.774616e-01  6.201117e-01 4.160312e-01
 2.262262e-01 -7.691932e-03  6.432982e-01 4.138918e-01
 2.272272e-01  1.614577e-01  6.208643e-01 4.115411e-01
 2.282282e-01  3.179840e-01  5.548600e-01 4.089835e-01
 2.292292e-01  4.509413e-01  4.504169e-01 4.062234e-01
 2.302302e-01  5.512101e-01  3.153301e-01 4.032656e-01
 2.312312e-01  6.121175e-01  1.594572e-01 4.001145e-01
 2.322322e-01  6.298714e-01 -6.020672e-03 3.967742e-01
 2.332332e-01  6.037779e-01 -1.694156e-01 3.932494e-01
 2.342342e-01  5.362343e-01 -3.193706e-01 3.895448e-01
 2.352352e-01  4.325017e-01 -4.456550e-01 3.856660e-01
 2.362362e-01  3.002790e-01 -5.398626e-01 3.816191e-01
 2.372372e-01  1.491146e-01 -5.959658e-01 3.774104e-01
 2.382382e-01 -1.029963e-02 -6.106883e-01 3.730462e-01
 2.392392e-01 -1.668978e-01 -5.836765e-01 3.685331e-01
 2.402402e-01 -3.100176e-01 -5.174615e-01 3.638774e-01
 2.412412e-01 -4.301308e-01 -4.172202e-01 3.590852e-01
 2.422422e-01 -5.194760e-01 -2.903583e-01 3.541632e-01
 2.432432e-01 -5.725533e-01 -1.459486e-01 3.491182e-01
 2.442442e-01 -5.864488e-01  5.930976e-03 3.439573e-01
 2.452452e-01 -5.609723e-01  1.549124e-01 3.386878e-01
 2.462462e-01 -4.986038e-01  2.910521e-01 3.333170e-01
 2.472472e-01 -4.042573e-01  4.054977e-01 3.278523e-01
 2.482482e-01 -2.848857e-01  4.910612e-01 3.223009e-01
 2.492492e-01 -1.489569e-01  5.426618e-01 3.166699e-01
 2.502503e-01 -5.842533e-03  5.576131e-01 3.109665e-01
 2.512513e-01  1.348374e-01  5.357395e-01 3.051979e-01
 2.522523e-01  2.638665e-01  4.793181e-01 2.993714e-01
 2.532533e-01  3.730369e-01  3.928586e-01 2.934944e-01
 2.542543e-01  4.556681e-01  2.827379e-01 2.875741e-01
 2.552553e-01  5.070067e-01  1.567228e-01 2.816178e-01
 2.562563e-01  5.244849e-01  2.341352e-02 2.756326e-01
 2.572573e-01  5.078245e-01 -1.083498e-01 2.696254e-01
 2.582583e-01  4.589854e-01 -2.300769e-01 2.636030e-01
 2.592593e-01  3.819676e-01 -3.341749e-01 2.575721e-01
 2.602603e-01  2.824845e-01 -4.144174e-01 2.515393e-01
 2.612613e-01  1.675353e-01 -4.663080e-01 2.455112e-01
 2.622623e-01  4.490679e-02 -4.873168e-01 2.394943e-01
 2.632633e-01 -7.735868e-02 -4.769804e-01 2.334947e-01
 2.642643e-01 -1.914925e-01 -4.368629e-01 2.275185e-01
 2.652653e-01 -2.904930e-01 -3.703857e-01 2.215717e-01
 2.662663e-01 -3.685497e-01 -2.825437e-01 2.156598e-01
 2.672673e-01 -4.213758e-01 -1.795295e-01 2.097884e-01
 2.682683e-01 -4.464287e-01 -6.829378e-02 2.039626e-01
 2.692693e-01 -4.430104e-01  4.392549e-02 1.981877e-01
 2.702703e-01 -4.122450e-01  1.500750e-01 1.924685e-01
 2.712713e-01 -3.569405e-01  2.437279e-01 1.868098e-01
 2.722723e-01 -2.813479e-01  3.194673e-01 1.812160e-01
 2.732733e-01 -1.908386e-01  3.731916e-01 1.756914e-01
 2.742743e-01 -9.152300e-02  4.023226e-01 1.702399e-01
 2.752753e-01  1.016273e-02  4.059091e-01 1.648654e-01
 2.762763e-01  1.078726e-01  3.846232e-01 1.595715e-01
 2.772773e-01  1.957446e-01  3.406544e-01 1.543613e-01
 2.782783e-01  2.687472e-01  2.775124e-01 1.492382e-01
 2.792793e-01  3.229590e-01  1.997557e-01 1.442049e-01
 2.802803e-01  3.557676e-01  1.126655e-01 1.392641e-01
 2.812813e-01  3.659769e-01  2.188898e-02 1.344182e-01
 2.822823e-01  3.538228e-01 -6.692456e-02 1.296694e-01
 2.832833e-01  3.208983e-01 -1.484724e-01 1.250198e-01
 2.842843e-01  2.699982e-01 -2.181098e-01 1.204709e-01
 2.852853e-01  2.048962e-01 -2.721064e-01 1.160244e-01
 2.862863e-01  1.300720e-01 -3.078356e-01 1.116815e-01
 2.872873e-01  5.040642e-02 -3.238867e-01 1.074434e-01
 2.882883e-01 -2.913286e-02 -3.200972e-01 1.033109e-01
 2.892893e-01 -1.037975e-01 -2.975079e-01 9.928488e-02
 2.902903e-01 -1.693366e-01 -2.582457e-01 9.536569e-02
 2.912913e-01 -2.222313e-01 -2.053459e-01 9.155367e-02
 2.922923e-01 -2.598743e-01 -1.425283e-01 8.784895e-02
 2.932933e-01 -2.806852e-01 -7.394105e-02 8.425147e-02
 2.942943e-01 -2.841581e-01 -3.892278e-03 8.076100e-02
 2.952953e-01 -2.708423e-01  6.341624e-02 7.737716e-02
 2.962963e-01 -2.422598e-01  1.241354e-01 7.409940e-02
 2.972973e-01 -2.007690e-01  1.749824e-01 7.092702e-02
 2.982983e-01 -1.493845e-01  2.134091e-01 6.785916e-02
 2.992993e-01 -9.156634e-02  2.377192e-01 6.489483e-02
 3.003003e-01 -3.099334e-02  2.471282e-01 6.203293e-02
 3.013013e-01  2.866544e-02  2.417654e-01 5.927219e-02
 3.023023e-01  8.396721e-02  2.226225e-01 5.661127e-02
 3.033033e-01  1.318877e-01  1.914532e-01 5.404870e-02
 3.043043e-01  1.699788e-01  1.506323e-01 5.158290e-02
 3.053053e-01  1.964845e-01  1.029857e-01 4.921221e-02
 3.063063e-01  2.104093e-01  5.160245e-02 4.693489e-02
 3.073073e-01  2.115395e-01 -3.595426e-04 4.474910e-02
 3.083083e-01  2.004165e-01 -4.986131e-02 4.265294e-02
 3.093093e-01  1.782677e-01 -9.415441e-02 4.064443e-02
 3.103103e-01  1.469006e-01 -1.309266e-01 3.872156e-02
 3.113113e-01  1.085689e-01 -1.584141e-01 3.688224e-02
 3.123123e-01  6.581871e-02 -1.754772e-01 3.512435e-02
 3.133133e-01  2.132702e-02 -1.816339e-01 3.344573e-02
 3.143143e-01 -2.226031e-02 -1.770555e-01 3.184418e-02
 3.153153e-01 -6.247948e-02 -1.625232e-01 3.031748e-02
 3.163163e-01 -9.718159e-02 -1.393525e-01 2.886338e-02
 3.173173e-01 -1.246404e-01 -1.092905e-01 2.747964e-02
 3.183183e-01 -1.436299e-01 -7.439372e-02 2.616398e-02
 3.193193e-01 -1.534696e-01 -3.689459e-02 2.491412e-02
 3.203203e-01 -1.540355e-01  9.351203e-04 2.372781e-02
 3.213213e-01 -1.457394e-01  3.691601e-02 2.260277e-02
 3.223223e-01 -1.294783e-01  6.908058e-02 2.153675e-02
 3.233233e-01 -1.065587e-01  9.577446e-02 2.052750e-02
 3.243243e-01 -7.860233e-02  1.157345e-01 1.957281e-02
 3.253253e-01 -4.743812e-02  1.281409e-01 1.867047e-02
 3.263263e-01 -1.498854e-02  1.326411e-01 1.781832e-02
 3.273273e-01  1.684342e-02  1.293465e-01 1.701421e-02
 3.283283e-01  4.628046e-02  1.188030e-01 1.625603e-02
 3.293293e-01  7.176451e-02  1.019391e-01 1.554172e-02
 3.303303e-01  9.203318e-02  7.999464e-02 1.486925e-02
 3.313313e-01  1.061758e-01  5.443647e-02 1.423662e-02
 3.323323e-01  1.136668e-01  2.686543e-02 1.364190e-02
 3.333333e-01  1.143767e-01 -1.079145e-03 1.308319e-02
 3.343343e-01  1.085593e-01 -2.781218e-02 1.255864e-02
 3.353353e-01  9.681993e-02 -5.188794e-02 1.206646e-02
 3.363363e-01  8.006471e-02 -7.207309e-02 1.160489e-02
 3.373373e-01  5.943664e-02 -8.740437e-02 1.117224e-02
 3.383383e-01  3.624163e-02 -9.722862e-02 1.076686e-02
 3.393393e-01  1.186948e-02 -1.012239e-01 1.038716e-02
 3.403403e-01 -1.228580e-02 -9.940155e-02 1.003161e-02
 3.413413e-01 -3.490183e-02 -9.209000e-02 9.698707e-03
 3.423423e-01 -5.479616e-02 -7.990248e-02 9.387026e-03
 3.433433e-01 -7.098359e-02 -6.369079e-02 9.095186e-03
 3.443443e-01 -8.272012e-02 -4.448871e-02 8.821864e-03
 3.453453e-01 -8.953190e-02 -2.344843e-02 8.565790e-03
 3.463463e-01 -9.122829e-02 -1.773758e-03 8.325748e-03
 3.473473e-01 -8.789942e-02  1.934610e-02 8.100580e-03
 3.483483e-01 -7.989889e-02  3.879882e-02 7.889181e-03
 3.493493e-01 -6.781361e-02  5.560413e-02 7.690505e-03
 3.503504e-01 -5.242272e-02  6.895951e-02 7.503556e-03
 3.513514e-01 -3.464862e-02  7.827432e-02 7.327396e-03
 3.523524e-01 -1.550273e-02  8.319137e-02 7.161138e-03
 3.533534e-01  3.970594e-03  8.359535e-02 7.003949e-03
 3.543544e-01  2.274936e-02  7.960848e-02 6.855043e-03
 3.553554e-01  3.988531e-02  7.157406e-02 6.713684e-03
 3.563564e-01  5.454922e-02  6.002968e-02 6.579181e-03
 3.573574e-01  6.606800e-02  4.567171e-02 6.450886e-03
 3.583584e-01  7.395211e-02  2.931344e-02 6.328192e-03
 3.593594e-01  7.791252e-02  1.183938e-02 6.210531e-03
 3.603604e-01  7.786682e-02 -5.841990e-03 6.097371e-03
 3.613614e-01  7.393476e-02 -2.284435e-02 5.988213e-03
 3.623624e-01  6.642394e-02 -3.834649e-02 5.882594e-03
 3.633634e-01  5.580695e-02 -5.163007e-02 5.780079e-03
 3.643644e-01  4.269141e-02 -6.211049e-02 5.680269e-03
 3.653654e-01  2.778489e-02 -6.935988e-02 5.582793e-03
 3.663664e-01  1.185652e-02 -7.312138e-02 5.487313e-03
 3.673674e-01 -4.302539e-03 -7.331445e-02 5.393521e-03
 3.683684e-01 -1.991790e-02 -7.003156e-02 5.301143e-03
 3.693694e-01 -3.426811e-02 -6.352663e-02 5.209936e-03
 3.703704e-01 -4.671660e-02 -5.419641e-02 5.119691e-03
 3.713714e-01 -5.673819e-02 -4.255593e-02 5.030229e-03
 3.723724e-01 -6.393908e-02 -2.920953e-02 4.941402e-03
 3.733734e-01 -6.806972e-02 -1.481909e-02 4.853092e-03
 3.743744e-01 -6.903043e-02 -7.099825e-05 4.765205e-03
 3.753754e-01 -6.686976e-02  1.435643e-02 4.677672e-03
 3.763764e-01 -6.177612e-02  2.782362e-02 4.590442e-03
 3.773774e-01 -5.406335e-02  3.975720e-02 4.503481e-03
 3.783784e-01 -4.415135e-02  4.967314e-02 4.416763e-03
 3.793794e-01 -3.254267e-02  5.719479e-02 4.330270e-03
 3.803804e-01 -1.979665e-02  6.206512e-02 4.243987e-03
 3.813814e-01 -6.502100e-03  6.415311e-02 4.157899e-03
 3.823824e-01  6.749923e-03  6.345414e-02 4.071989e-03
 3.833834e-01  1.939217e-02  6.008477e-02 3.986236e-03
 3.843844e-01  3.090496e-02  5.427247e-02 3.900617e-03
 3.853854e-01  4.083664e-02  4.634089e-02 3.815109e-03
 3.863864e-01  4.882014e-02  3.669174e-02 3.729690e-03
 3.873874e-01  5.458501e-02  2.578408e-02 3.644342e-03
 3.883884e-01  5.796467e-02  1.411225e-02 3.559058e-03
 3.893894e-01  5.889888e-02  2.183293e-03 3.473845e-03
 3.903904e-01  5.743152e-02 -9.505010e-03 3.388725e-03
 3.913914e-01  5.370405e-02 -2.048458e-02 3.303743e-03
 3.923924e-01  4.794516e-02 -3.033523e-02 3.218964e-03
 3.933934e-01  4.045731e-02 -3.869992e-02 3.134478e-03
 3.943944e-01  3.160086e-02 -4.529655e-02 3.050391e-03
 3.953954e-01  2.177656e-02 -4.992607e-02 2.966831e-03
 3.963964e-01  1.140736e-02 -5.247674e-02 2.883936e-03
 3.973974e-01  9.201578e-04 -5.292448e-02 2.801848e-03
 3.983984e-01 -9.271599e-03 -5.132976e-02 2.720707e-03
 3.993994e-01 -1.878386e-02 -4.783106e-02 2.640644e-03
 4.004004e-01 -2.727590e-02 -4.263561e-02 2.561770e-03
 4.014014e-01 -3.446170e-02 -3.600780e-02 2.484171e-03
 4.024024e-01 -4.011862e-02 -2.825595e-02 2.407902e-03
 4.034034e-01 -4.409293e-02 -1.971801e-02 2.332986e-03
 4.044044e-01 -4.630244e-02 -1.074689e-02 2.259412e-03
 4.054054e-01 -4.673607e-02 -1.696001e-03 2.187137e-03
 4.064064e-01 -4.545066e-02  7.094450e-03 2.116094e-03
 4.074074e-01 -4.256531e-02  1.530986e-02 2.046198e-03
 4.084084e-01 -3.825364e-02  2.267193e-02 1.977357e-03
 4.094094e-01 -3.273428e-02  2.894740e-02 1.909485e-03
 4.104104e-01 -2.626029e-02  3.395449e-02 1.842510e-03
 4.114114e-01 -1.910776e-02  3.756701e-02 1.776387e-03
 4.124124e-01 -1.156423e-02  3.971618e-02 1.711106e-03
 4.134134e-01 -3.917363e-03  4.039003e-02 1.646700e-03
 4.144144e-01  3.555751e-03  3.963082e-02 1.583245e-03
 4.154154e-01  1.059826e-02  3.753049e-02 1.520861e-03
 4.164164e-01  1.698185e-02  3.422454e-02 1.459702e-03
 4.174174e-01  2.251357e-02  2.988464e-02 1.399952e-03
 4.184184e-01  2.704079e-02  2.471038e-02 1.341807e-03
 4.194194e-01  3.045451e-02  1.892048e-02 1.285462e-03
 4.204204e-01  3.269080e-02  1.274376e-02 1.231092e-03
 4.214214e-01  3.373048e-02  6.410429e-03 1.178839e-03
 4.224224e-01  3.359722e-02  1.437655e-04 1.128794e-03
 4.234234e-01  3.235422e-02 -5.847402e-03 1.080987e-03
 4.244244e-01  3.009962e-02 -1.137521e-02 1.035382e-03
 4.254254e-01  2.696100e-02 -1.627809e-02 9.918719e-04
 4.264264e-01  2.308915e-02 -2.042490e-02 9.502853e-04
 4.274274e-01  1.865138e-02 -2.371757e-02 9.103972e-04
 4.284284e-01  1.382478e-02 -2.609251e-02 8.719437e-04
 4.294294e-01  8.789428e-03 -2.752069e-02 8.346425e-04
 4.304304e-01  3.722078e-03 -2.800646e-02 7.982155e-04
 4.314314e-01 -1.209711e-03 -2.758530e-02 7.624122e-04
 4.324324e-01 -5.852700e-03 -2.632067e-02 7.270319e-04
 4.334334e-01 -1.007226e-02 -2.430005e-02 6.919427e-04
 4.344344e-01 -1.375573e-02 -2.163042e-02 6.570953e-04
 4.354354e-01 -1.681480e-02 -1.843346e-02 6.225299e-04
 4.364364e-01 -1.918690e-02 -1.484044e-02 5.883756e-04
 4.374374e-01 -2.083559e-02 -1.098727e-02 5.548418e-04
 4.384384e-01 -2.175009e-02 -7.009656e-03 5.222018e-04
 4.394394e-01 -2.194393e-02 -3.038648e-03 4.907697e-04
 4.404404e-01 -2.145291e-02  8.033719e-04 4.608727e-04
 4.414414e-01 -2.033242e-02  4.406094e-03 4.328208e-04
 4.424424e-01 -1.865435e-02  7.674052e-03 4.068760e-04
 4.434434e-01 -1.650368e-02  1.052869e-02 3.832247e-04
 4.444444e-01 -1.397479e-02  1.290971e-02 3.619554e-04
 4.454454e-01 -1.116787e-02  1.477573e-02 3.430435e-04
 4.464464e-01 -8.185270e-03  1.610428e-02 3.263466e-04
 4.474474e-01 -5.128166e-03  1.689112e-02 3.116080e-04
 4.484484e-01 -2.093425e-03  1.714906e-02 2.984726e-04
 4.494494e-01  8.291187e-04  1.690630e-02 2.865104e-04
 4.504505e-01  3.558956e-03  1.620442e-02 2.752492e-04
 4.514515e-01  6.026739e-03  1.509600e-02 2.642107e-04
 4.524525e-01  8.175608e-03  1.364219e-02 2.529498e-04
 4.534535e-01  9.962038e-03  1.191009e-02 2.410924e-04
 4.544545e-01  1.135619e-02  9.970205e-03 2.283680e-04
 4.554555e-01  1.234180e-02  7.893952e-03 2.146346e-04
 4.564565e-01  1.291571e-02  5.751357e-03 1.998936e-04
 4.574575e-01  1.308693e-02  3.608966e-03 1.842924e-04
 4.584585e-01  1.287552e-02  1.528050e-03 1.681140e-04
 4.594595e-01  1.231115e-02 -4.369040e-04 1.517554e-04
 4.604605e-01  1.143150e-02 -2.239330e-03 1.356937e-04
 4.614615e-01  1.028057e-02 -3.841417e-03 1.204465e-04
 4.624625e-01  8.906925e-03 -5.214553e-03 1.065249e-04
 4.634635e-01  7.362001e-03 -6.339484e-03 9.438811e-05
 4.644645e-01  5.698364e-03 -7.206122e-03 8.439955e-05
 4.654655e-01  3.968222e-03 -7.813122e-03 7.679167e-05
 4.664665e-01  2.221952e-03 -8.167163e-03 7.163962e-05
 4.674675e-01  5.069295e-04 -8.282093e-03 6.885003e-05
 4.684685e-01 -1.133582e-03 -8.177851e-03 6.816226e-05
 4.694695e-01 -2.661170e-03 -7.879357e-03 6.916610e-05
 4.704705e-01 -4.042989e-03 -7.415244e-03 7.133160e-05
 4.714715e-01 -5.252044e-03 -6.816672e-03 7.405099e-05
 4.724725e-01 -6.267529e-03 -6.116051e-03 7.668800e-05
 4.734735e-01 -7.074684e-03 -5.345938e-03 7.863020e-05
 4.744745e-01 -7.664835e-03 -4.537881e-03 7.934205e-05
 4.754755e-01 -8.034870e-03 -3.721544e-03 7.840903e-05
 4.764765e-01 -8.187117e-03 -2.923760e-03 7.557726e-05
 4.774775e-01 -8.128483e-03 -2.167989e-03 7.077241e-05
 4.784785e-01 -7.870336e-03 -1.473614e-03 6.411373e-05
 4.794795e-01 -7.427320e-03 -8.558120e-04 5.589750e-05
 4.804805e-01 -6.817505e-03 -3.250459e-04 4.658403e-05
 4.814815e-01 -6.060681e-03  1.125419e-04 3.674452e-05
 4.824825e-01 -5.179374e-03  4.556597e-04 2.703354e-05
 4.834835e-01 -4.195642e-03  7.065646e-04 1.810265e-05
 4.844845e-01 -3.135733e-03  8.727882e-04 1.059458e-05
 4.854855e-01 -2.010118e-03  9.581744e-04 4.958673e-06
 4.864865e-01 -7.714100e-04  9.386890e-04 1.476210e-06
 4.874875e-01  5.129627e-04  8.274520e-04 9.478075e-07
 4.884885e-01  1.751931e-03  6.523155e-04 3.494778e-06
 4.894895e-01  2.862678e-03  4.446015e-04 8.392596e-06
 4.904905e-01  3.769965e-03  2.375170e-04 1.426905e-05
 4.914915e-01  4.413753e-03  6.151152e-05 1.948499e-05
 4.924925e-01  4.751209e-03 -5.838145e-05 2.257740e-05
 4.934935e-01  4.760369e-03 -1.055931e-04 2.267227e-05
 4.944945e-01  4.440663e-03 -7.347818e-05 1.972488e-05
 4.954955e-01  3.813333e-03  3.376936e-05 1.454265e-05
 4.964965e-01  2.919688e-03  2.016821e-04 8.565255e-06
 4.974975e-01  1.818676e-03  4.068839e-04 3.473136e-06
 4.984985e-01  5.830501e-04  6.195997e-04 7.238512e-07
 4.994995e-01 -7.051528e-04  8.067365e-04 1.148064e-06
 5.005005e-01 -1.959726e-03  9.354985e-04 4.715682e-06
 5.015015e-01 -3.095835e-03  9.770355e-04 1.053879e-05
 5.025025e-01 -4.035251e-03  9.098727e-04 1.711112e-05
 5.035035e-01 -4.711669e-03  7.227600e-04 2.272220e-05
 5.045045e-01 -5.074795e-03  4.166127e-04 2.592711e-05
 5.055055e-01 -5.094285e-03  5.430253e-06 2.595177e-05
 5.065065e-01 -4.761559e-03 -4.841173e-04 2.290681e-05
 5.075075e-01 -4.091535e-03 -1.014197e-03 1.776925e-05
 5.085085e-01 -3.121399e-03 -1.538693e-03 1.211071e-05
 5.095095e-01 -1.909900e-03 -2.006785e-03 7.674902e-06
 5.105105e-01 -5.327389e-04 -2.367582e-03 5.889256e-06
 5.115115e-01  9.199383e-04 -2.574594e-03 7.474823e-06
 5.125125e-01  2.351638e-03 -2.590817e-03 1.224254e-05
 5.135135e-01  3.661698e-03 -2.392326e-03 1.913125e-05
 5.145145e-01  4.758330e-03 -1.972541e-03 2.653262e-05
 5.155155e-01  5.552092e-03 -1.342464e-03 3.262793e-05
 5.165165e-01  6.014794e-03 -5.374204e-04 3.646657e-05
 5.175175e-01  6.335578e-03  3.783134e-04 4.028267e-05
 5.185185e-01  6.528241e-03  1.383294e-03 4.453143e-05
 5.195195e-01  6.566294e-03  2.461037e-03 4.917292e-05
 5.205205e-01  6.433860e-03  3.589135e-03 5.427644e-05
 5.215215e-01  6.113868e-03  4.741879e-03 5.986480e-05
 5.225225e-01  5.595279e-03  5.889357e-03 6.599167e-05
 5.235235e-01  4.869981e-03  6.998628e-03 7.269751e-05
 5.245245e-01  3.936209e-03  8.033868e-03 8.003678e-05
 5.255255e-01  2.797320e-03  8.957491e-03 8.806164e-05
 5.265265e-01  1.463837e-03  9.730834e-03 9.683196e-05
 5.275275e-01 -4.724289e-05  1.031544e-02 1.064106e-04
 5.285285e-01 -1.711251e-03  1.067413e-02 1.168653e-04
 5.295295e-01 -3.496521e-03  1.077239e-02 1.282701e-04
 5.305305e-01 -5.363913e-03  1.057973e-02 1.407023e-04
 5.315315e-01 -7.267747e-03  1.007114e-02 1.542480e-04
 5.325325e-01 -9.156013e-03  9.228415e-03 1.689962e-04
 5.335335e-01 -1.097172e-02  8.041602e-03 1.850459e-04
 5.345345e-01 -1.265376e-02  6.510159e-03 2.024998e-04
 5.355355e-01 -1.413874e-02  4.644079e-03 2.214714e-04
 5.365365e-01 -1.536243e-02  2.464693e-03 2.420788e-04
 5.375375e-01 -1.626197e-02  5.276710e-06 2.644518e-04
 5.385385e-01 -1.677786e-02 -2.688742e-03 2.887261e-04
 5.395395e-01 -1.685637e-02 -5.559889e-03 3.150496e-04
 5.405405e-01 -1.645173e-02 -8.539222e-03 3.435778e-04
 5.415415e-01 -1.552866e-02 -1.154730e-02 3.744793e-04
 5.425425e-01 -1.406442e-02 -1.449564e-02 4.079315e-04
 5.435435e-01 -1.205107e-02 -1.728865e-02 4.441259e-04
 5.445445e-01 -9.497134e-03 -1.982598e-02 4.832650e-04
 5.455455e-01 -6.429154e-03 -2.200527e-02 5.255657e-04
 5.465465e-01 -2.892602e-03 -2.372533e-02 5.712583e-04
 5.475475e-01  1.047560e-03 -2.488957e-02 6.205883e-04
 5.485485e-01  5.307115e-03 -2.540967e-02 6.738168e-04
 5.495495e-01  9.783313e-03 -2.520928e-02 7.312212e-04
 5.505506e-01  1.435648e-02 -2.422785e-02 7.930969e-04
 5.515516e-01  1.889219e-02 -2.242414e-02 8.597567e-04
 5.525526e-01  2.324437e-02 -1.977961e-02 9.315339e-04
 5.535536e-01  2.725894e-02 -1.630126e-02 1.008781e-03
 5.545546e-01  3.077819e-02 -1.202394e-02 1.091872e-03
 5.555556e-01  3.364577e-02 -7.011890e-03 1.181204e-03
 5.565566e-01  3.571205e-02 -1.359498e-03 1.277198e-03
 5.575576e-01  3.683982e-02  4.808994e-03 1.380298e-03
 5.585586e-01  3.691020e-02  1.134080e-02 1.490976e-03
 5.595596e-01  3.582838e-02  1.805704e-02 1.609730e-03
 5.605606e-01  3.352922e-02  2.475635e-02 1.737086e-03
 5.615616e-01  2.998223e-02  3.121965e-02 1.873601e-03
 5.625626e-01  2.519593e-02  3.721597e-02 2.019863e-03
 5.635636e-01  1.922121e-02  4.250928e-02 2.176493e-03
 5.645646e-01  1.215354e-02  4.686617e-02 2.344147e-03
 5.655656e-01  4.133781e-03  5.006421e-02 2.523514e-03
 5.665666e-01 -4.652501e-03  5.190064e-02 2.715322e-03
 5.675676e-01 -1.397742e-02  5.220127e-02 2.920340e-03
 5.685686e-01 -2.357483e-02  5.082915e-02 3.139376e-03
 5.695696e-01 -3.314627e-02  4.769280e-02 3.373279e-03
 5.705706e-01 -4.236843e-02  4.275348e-02 3.622944e-03
 5.715716e-01 -5.090245e-02  3.603130e-02 3.889314e-03
 5.725726e-01 -5.840443e-02  2.760976e-02 4.173376e-03
 5.735736e-01 -6.453726e-02  1.763842e-02 4.476171e-03
 5.745746e-01 -6.898317e-02  6.333373e-03 4.798790e-03
 5.755756e-01 -7.145686e-02 -6.024630e-03 5.142379e-03
 5.765766e-01 -7.171844e-02 -1.909460e-02 5.508138e-03
 5.775776e-01 -6.958611e-02 -3.248236e-02 5.897331e-03
 5.785786e-01 -6.494765e-02 -4.575018e-02 6.311276e-03
 5.795796e-01 -5.777048e-02 -5.842885e-02 6.751359e-03
 5.805806e-01 -4.810962e-02 -7.003209e-02 7.219029e-03
 5.815816e-01 -3.611314e-02 -8.007275e-02 7.715804e-03
 5.825826e-01 -2.202454e-02 -8.808060e-02 8.243271e-03
 5.835836e-01 -6.181881e-03 -9.362092e-02 8.803092e-03
 5.845846e-01  1.098678e-02 -9.631350e-02 9.397000e-03
 5.855856e-01  2.897172e-02 -9.585119e-02 1.002681e-02
 5.865866e-01  4.719370e-02 -9.201724e-02 1.069442e-02
 5.875876e-01  6.501973e-02 -8.470083e-02 1.140180e-02
 5.885886e-01  8.178234e-02 -7.390981e-02 1.215101e-02
 5.895896e-01  9.680166e-02 -5.978003e-02 1.294421e-02
 5.905906e-01  1.094100e-01 -4.258061e-02 1.378365e-02
 5.915916e-01  1.189777e-01 -2.271444e-02 1.467164e-02
 5.925926e-01  1.249405e-01 -7.137416e-04 1.561065e-02
 5.935936e-01  1.268255e-01  2.276992e-02 1.660318e-02
 5.945946e-01  1.242766e-01  4.698091e-02 1.765189e-02
 5.955956e-01  1.170774e-01  7.108020e-02 1.875952e-02
 5.965966e-01  1.051701e-01  9.417095e-02 1.992891e-02
 5.975976e-01  8.867010e-02  1.153284e-01 2.116303e-02
 5.985986e-01  6.787528e-02  1.336335e-01 2.246496e-02
 5.995996e-01  4.326807e-02  1.482086e-01 2.383790e-02
 6.006006e-01  1.551108e-02  1.582548e-01 2.528516e-02
 6.016016e-01 -1.456506e-02  1.630891e-01 2.681019e-02
 6.026026e-01 -4.598138e-02  1.621797e-01 2.841654e-02
 6.036036e-01 -7.763777e-02  1.551783e-01 3.010792e-02
 6.046046e-01 -1.083472e-01  1.419474e-01 3.188816e-02
 6.056056e-01 -1.368759e-01  1.225814e-01 3.376123e-02
 6.066066e-01 -1.619892e-01  9.742041e-02 3.573123e-02
 6.076076e-01 -1.824997e-01  6.705418e-02 3.780240e-02
 6.086086e-01 -1.973188e-01  3.231743e-02 3.997914e-02
 6.096096e-01 -2.055072e-01 -5.725943e-03 4.226599e-02
 6.106106e-01 -2.063230e-01 -4.580886e-02 4.466763e-02
 6.116116e-01 -1.992664e-01 -8.649748e-02 4.718890e-02
 6.126126e-01 -1.841168e-01 -1.262371e-01 4.983481e-02
 6.136136e-01 -1.609620e-01 -1.634067e-01 5.261051e-02
 6.146146e-01 -1.302161e-01 -1.963799e-01 5.552131e-02
 6.156156e-01 -9.262604e-02 -2.235914e-01 5.857269e-02
 6.166166e-01 -4.926392e-02 -2.436049e-01 6.177030e-02
 6.176176e-01 -1.505983e-03 -2.551817e-01 6.511995e-02
 6.186186e-01  4.900318e-02 -2.573447e-01 6.862762e-02
 6.196196e-01  1.004002e-01 -2.494379e-01 7.229947e-02
 6.206206e-01  1.506652e-01 -2.311749e-01 7.614181e-02
 6.216216e-01  1.976954e-01 -2.026763e-01 8.016116e-02
 6.226226e-01  2.393874e-01 -1.644927e-01 8.436419e-02
 6.236236e-01  2.737255e-01 -1.176100e-01 8.875776e-02
 6.246246e-01  2.988721e-01 -6.343781e-02 9.334890e-02
 6.256256e-01  3.132580e-01 -3.777541e-03 9.814484e-02
 6.266266e-01  3.156661e-01  5.922746e-02 1.031530e-01
 6.276276e-01  3.053069e-01  1.231607e-01 1.083809e-01
 6.286286e-01  2.818804e-01  1.854179e-01 1.138363e-01
 6.296296e-01  2.456205e-01  2.433060e-01 1.195272e-01
 6.306306e-01  1.973205e-01  2.941537e-01 1.254618e-01
 6.316316e-01  1.383343e-01  3.354279e-01 1.316483e-01
 6.326326e-01  7.055427e-02  3.648523e-01 1.380951e-01
 6.336336e-01 -3.636709e-03  3.805232e-01 1.448111e-01
 6.346346e-01 -8.143786e-02  3.810156e-01 1.518050e-01
 6.356356e-01 -1.597268e-01  3.654768e-01 1.590859e-01
 6.366366e-01 -2.351762e-01  3.336992e-01 1.666630e-01
 6.376376e-01 -3.043883e-01  2.861703e-01 1.745457e-01
 6.386386e-01 -3.640402e-01  2.240943e-01 1.827435e-01
 6.396396e-01 -4.110363e-01  1.493830e-01 1.912661e-01
 6.406406e-01 -4.426607e-01  6.461460e-02 2.001236e-01
 6.416416e-01 -4.567216e-01 -2.704151e-02 2.093258e-01
 6.426426e-01 -4.516814e-01 -1.219303e-01 2.188831e-01
 6.436436e-01 -4.267665e-01 -2.160466e-01 2.288058e-01
 6.446446e-01 -3.820476e-01 -3.051952e-01 2.391045e-01
 6.456456e-01 -3.184873e-01 -3.851695e-01 2.497897e-01
 6.466466e-01 -2.379498e-01 -4.519428e-01 2.608724e-01
 6.476476e-01 -1.431689e-01 -5.018627e-01 2.723635e-01
 6.486486e-01 -3.767392e-02 -5.318409e-01 2.842741e-01
 6.496496e-01  7.432609e-02 -5.395284e-01 2.966153e-01
 6.506507e-01  1.880970e-01 -5.234673e-01 3.093985e-01
 6.516517e-01  2.985689e-01 -4.832099e-01 3.226351e-01
 6.526527e-01  4.005523e-01 -4.193978e-01 3.363367e-01
 6.536537e-01  4.889742e-01 -3.337949e-01 3.505148e-01
 6.546547e-01  5.591220e-01 -2.292681e-01 3.651812e-01
 6.556557e-01  6.068856e-01 -1.097155e-01 3.803476e-01
 6.566567e-01  6.289861e-01  2.005973e-02 3.960259e-01
 6.576577e-01  6.231771e-01  1.545260e-01 4.122280e-01
 6.586587e-01  5.884093e-01  2.876459e-01 4.289657e-01
 6.596597e-01  5.249473e-01  4.131362e-01 4.462511e-01
 6.606607e-01  4.344287e-01  5.247551e-01 4.640962e-01
 6.616617e-01  3.198614e-01  6.166049e-01 4.825128e-01
 6.626627e-01  1.855525e-01  6.834350e-01 5.015131e-01
 6.636637e-01  3.697089e-02  7.209314e-01 5.211089e-01
 6.646647e-01 -1.194568e-01  7.259767e-01 5.413121e-01
 6.656657e-01 -2.766078e-01  6.968665e-01 5.621347e-01
 6.666667e-01 -4.269748e-01  6.334675e-01 5.835885e-01
 6.676677e-01 -5.630146e-01  5.373078e-01 6.056851e-01
 6.686687e-01 -6.775182e-01  4.115887e-01 6.284362e-01
 6.696697e-01 -7.639848e-01  2.611141e-01 6.518533e-01
 6.706707e-01 -8.169816e-01  9.213456e-02 6.759478e-01
 6.716717e-01 -8.324701e-01 -8.788860e-02 7.007309e-01
 6.726727e-01 -8.080792e-01 -2.705950e-01 7.262136e-01
 6.736737e-01 -7.433099e-01 -4.470988e-01 7.524070e-01
 6.746747e-01 -6.396554e-01 -6.084098e-01 7.793215e-01
 6.756757e-01 -5.006258e-01 -7.458830e-01 8.069677e-01
 6.766767e-01 -3.316715e-01 -8.516747e-01 8.353558e-01
 6.776777e-01 -1.400019e-01 -9.191817e-01 8.644956e-01
 6.786787e-01  6.569581e-02 -9.434410e-01 8.943969e-01
 6.796797e-01  2.756301e-01 -9.214646e-01 9.250690e-01
 6.806807e-01  4.793548e-01 -8.524904e-01 9.565209e-01
 6.816817e-01  6.662777e-01 -7.381296e-01 9.887613e-01
 6.826827e-01  8.262028e-01 -5.823979e-01 1.021798e+00
 6.836837e-01  9.498803e-01 -3.916216e-01 1.055640e+00
 6.846847e-01  1.029535e+00 -1.742178e-01 1.090294e+00
 6.856857e-01  1.059344e+00  5.964876e-02 1.125767e+00
 6.866867e-01  1.035834e+00  2.985178e-01 1.162065e+00
 6.876877e-01  9.581786e-01  5.301786e-01 1.199196e+00
 6.886887e-01  8.283597e-01  7.422825e-01 1.237163e+00
 6.896897e-01  6.511955e-01  9.229937e-01 1.275973e+00
 6.906907e-01  4.342121e-01  1.061645e+00 1.315629e+00
 6.916917e-01  1.873635e-01  1.149361e+00 1.356137e+00
 6.926927e-01 -7.739383e-02  1.179622e+00 1.397498e+00
 6.936937e-01 -3.466567e-01  1.148714e+00 1.439715e+00
 6.946947e-01 -6.062365e-01  1.056063e+00 1.482791e+00
 6.956957e-01 -8.418964e-01  9.043986e-01 1.526726e+00
 6.966967e-01 -1.040126e+00  6.997571e-01 1.571522e+00
 6.976977e-01 -1.188913e+00  4.512907e-01 1.617178e+00
 6.986987e-01 -1.278470e+00  1.709015e-01 1.663693e+00
 6.996997e-01 -1.301868e+00 -1.272967e-01 1.711065e+00
 7.007007e-01 -1.255546e+00 -4.276651e-01 1.759293e+00
 7.017017e-01 -1.139648e+00 -7.138447e-01 1.808372e+00
 7.027027e-01 -9.581758e-01 -9.696379e-01 1.858298e+00
 7.037037e-01 -7.189235e-01 -1.179922e+00 1.909067e+00
 7.047047e-01 -4.331992e-01 -1.331545e+00 1.960673e+00
 7.057057e-01 -1.153315e-01 -1.414145e+00 2.013108e+00
 7.067067e-01  2.180165e-01 -1.420857e+00 2.066366e+00
 7.077077e-01  5.486994e-01 -1.348838e+00 2.120436e+00
 7.087087e-01  8.580632e-01 -1.199599e+00 2.175311e+00
 7.097097e-01  1.127993e+00 -9.790867e-01 2.230978e+00
 7.107107e-01  1.341972e+00 -6.975224e-01 2.287427e+00
 7.117117e-01  1.486101e+00 -3.689813e-01 2.344644e+00
 7.127127e-01  1.550001e+00 -1.072898e-02 2.402617e+00
 7.137137e-01  1.527551e+00  3.576561e-01 2.461330e+00
 7.147147e-01  1.417415e+00  7.153339e-01 2.520768e+00
 7.157157e-01  1.223297e+00  1.041373e+00 2.580914e+00
 7.167167e-01  9.539196e-01  1.315974e+00 2.641749e+00
 7.177177e-01  6.226955e-01  1.521679e+00 2.703256e+00
 7.187187e-01  2.471140e-01  1.644490e+00 2.765414e+00
 7.197197e-01 -1.521475e-01  1.674829e+00 2.828202e+00
 7.207207e-01 -5.523358e-01  1.608267e+00 2.891597e+00
 7.217217e-01 -9.299054e-01  1.445978e+00 2.955577e+00
 7.227227e-01 -1.261901e+00  1.194873e+00 3.020117e+00
 7.237237e-01 -1.527361e+00  8.673872e-01 3.085192e+00
 7.247247e-01 -1.708650e+00  4.809258e-01 3.150774e+00
 7.257257e-01 -1.792649e+00  5.698600e-02 3.216837e+00
 7.267267e-01 -1.771707e+00 -3.800079e-01 3.283351e+00
 7.277277e-01 -1.644299e+00 -8.040937e-01 3.350287e+00
 7.287287e-01 -1.415330e+00 -1.189308e+00 3.417613e+00
 7.297297e-01 -1.096050e+00 -1.511282e+00 3.485299e+00
 7.307307e-01 -7.035742e-01 -1.748798e+00 3.553310e+00
 7.317317e-01 -2.600218e-01 -1.885206e+00 3.621613e+00
 7.327327e-01  2.086950e-01 -1.909612e+00 3.690173e+00
 7.337337e-01  6.743603e-01 -1.817744e+00 3.758954e+00
 7.347347e-01  1.108145e+00 -1.612430e+00 3.827918e+00
 7.357357e-01  1.482399e+00 -1.303658e+00 3.897029e+00
 7.367367e-01  1.772424e+00 -9.081626e-01 3.966247e+00
 7.377377e-01  1.958137e+00 -4.485903e-01 4.035532e+00
 7.387387e-01  2.025478e+00  4.775918e-02 4.104844e+00
 7.397397e-01  1.967502e+00  5.505251e-01 4.174142e+00
 7.407407e-01  1.785029e+00  1.028132e+00 4.243383e+00
 7.417417e-01  1.486834e+00  1.449776e+00 4.312524e+00
 7.427427e-01  1.089317e+00  1.787431e+00 4.381522e+00
 7.437437e-01  6.156727e-01  2.017741e+00 4.450333e+00
 7.447447e-01  9.458284e-02  2.123668e+00 4.518912e+00
 7.457457e-01 -4.414855e-01  2.095782e+00 4.587212e+00
 7.467467e-01 -9.582914e-01  1.933098e+00 4.655189e+00
 7.477477e-01 -1.422011e+00  1.643375e+00 4.722794e+00
 7.487487e-01 -1.801470e+00  1.242855e+00 4.789982e+00
 7.497497e-01 -2.070274e+00  7.554272e-01 4.856704e+00
 7.507508e-01 -2.208684e+00  2.112546e-01 4.922914e+00
 7.517518e-01 -2.205107e+00 -3.550560e-01 4.988563e+00
 7.527528e-01 -2.057086e+00 -9.066410e-01 5.053603e+00
 7.537538e-01 -1.771707e+00 -1.406784e+00 5.117985e+00
 7.547548e-01 -1.365368e+00 -1.821381e+00 5.181660e+00
 7.557558e-01 -8.629236e-01 -2.121307e+00 5.244580e+00
 7.567568e-01 -2.962153e-01 -2.284503e+00 5.306696e+00
 7.577578e-01  2.979076e-01 -2.297653e+00 5.367958e+00
 7.587588e-01  8.799698e-01 -2.157307e+00 5.428320e+00
 7.597598e-01  1.410499e+00 -1.870355e+00 5.487733e+00
 7.607608e-01  1.852727e+00 -1.453806e+00 5.546149e+00
 7.617618e-01  2.175183e+00 -9.338630e-01 5.603519e+00
 7.627628e-01  2.353982e+00 -3.443318e-01 5.659797e+00
 7.637638e-01  2.374660e+00  2.755412e-01 5.714935e+00
 7.647648e-01  2.233387e+00  8.836671e-01 5.768886e+00
 7.657658e-01  1.937476e+00  1.437982e+00 5.821604e+00
 7.667668e-01  1.505120e+00  1.899384e+00 5.873045e+00
 7.677678e-01  9.643536e-01  2.234544e+00 5.923163e+00
 7.687688e-01  3.512960e-01  2.418369e+00 5.971917e+00
 7.697698e-01 -2.922295e-01  2.435952e+00 6.019263e+00
 7.707708e-01 -9.215360e-01  2.283841e+00 6.065158e+00
 7.717718e-01 -1.492190e+00  1.970515e+00 6.109560e+00
 7.727728e-01 -1.963183e+00  1.516028e+00 6.152430e+00
 7.737738e-01 -2.299936e+00  9.508012e-01 6.193727e+00
 7.747748e-01 -2.476902e+00  3.136439e-01 6.233414e+00
 7.757758e-01 -2.479584e+00 -3.508787e-01 6.271455e+00
 7.767768e-01 -2.305793e+00 -9.955570e-01 6.307816e+00
 7.777778e-01 -1.966030e+00 -1.573909e+00 6.342462e+00
 7.787788e-01 -1.482958e+00 -2.043575e+00 6.375362e+00
 7.797798e-01 -8.899686e-01 -2.369481e+00 6.406482e+00
 7.807808e-01 -2.289220e-01 -2.526536e+00 6.435792e+00
 7.817818e-01  4.527777e-01 -2.501650e+00 6.463262e+00
 7.827828e-01  1.105583e+00 -2.294897e+00 6.488865e+00
 7.837838e-01  1.681432e+00 -1.919730e+00 6.512577e+00
 7.847848e-01  2.137333e+00 -1.402207e+00 6.534377e+00
 7.857858e-01  2.438652e+00 -7.792441e-01 6.554243e+00
 7.867868e-01  2.561822e+00 -9.603498e-02 6.572157e+00
 7.877878e-01  2.496285e+00  5.972096e-01 6.588098e+00
 7.887888e-01  2.245473e+00  1.248960e+00 6.602048e+00
 7.897898e-01  1.826758e+00  1.810234e+00 6.613991e+00
 7.907908e-01  1.270337e+00  2.238338e+00 6.623913e+00
 7.917918e-01  6.171212e-01  2.500193e+00 6.631803e+00
 7.927928e-01 -8.423714e-02  2.574987e+00 6.637655e+00
 7.937938e-01 -7.809534e-01  2.455927e+00 6.641463e+00
 7.947948e-01 -1.420103e+00  2.150938e+00 6.643226e+00
 7.957958e-01 -1.952689e+00  1.682244e+00 6.642938e+00
 7.967968e-01 -2.337465e+00  1.084829e+00 6.640597e+00
 7.977978e-01 -2.544225e+00  4.038812e-01 6.636198e+00
 7.987988e-01 -2.556269e+00 -3.085941e-01 6.629743e+00
 7.997998e-01 -2.371864e+00 -9.977460e-01 6.621234e+00
 8.008008e-01 -2.004534e+00 -1.610132e+00 6.610682e+00
 8.018018e-01 -1.482171e+00 -2.097919e+00 6.598098e+00
 8.028028e-01 -8.449857e-01 -2.422704e+00 6.583497e+00
 8.038038e-01 -1.424593e-01 -2.558632e+00 6.566893e+00
 8.048048e-01  5.704791e-01 -2.494564e+00 6.548298e+00
 8.058058e-01  1.237762e+00 -2.235099e+00 6.527722e+00
 8.068068e-01  1.806637e+00 -1.800345e+00 6.505178e+00
 8.078078e-01  2.231906e+00 -1.224450e+00 6.480683e+00
 8.088088e-01  2.479611e+00 -5.529828e-01 6.454259e+00
 8.098098e-01  2.529848e+00  1.606400e-01 6.425935e+00
 8.108108e-01  2.378482e+00  8.593981e-01 6.395743e+00
 8.118118e-01  2.037596e+00  1.487252e+00 6.363716e+00
 8.128128e-01  1.534619e+00  1.993697e+00 6.329882e+00
 8.138138e-01  9.101995e-01  2.337905e+00 6.294265e+00
 8.148148e-01  2.149711e-01  2.492122e+00 6.256887e+00
 8.158158e-01 -4.945362e-01  2.444015e+00 6.217773e+00
 8.168168e-01 -1.160503e+00  2.197769e+00 6.176956e+00
 8.178178e-01 -1.728579e+00  1.773835e+00 6.134476e+00
 8.188188e-01 -2.152388e+00  1.207315e+00 6.090383e+00
 8.198198e-01 -2.397408e+00  5.451236e-01 6.044725e+00
 8.208208e-01 -2.443896e+00 -1.578657e-01 5.997548e+00
 8.218218e-01 -2.288586e+00 -8.433626e-01 5.948888e+00
 8.228228e-01 -1.945028e+00 -1.454525e+00 5.898775e+00
 8.238238e-01 -1.442498e+00 -1.940731e+00 5.847239e+00
 8.248248e-01 -8.235882e-01 -2.261861e+00 5.794313e+00
 8.258258e-01 -1.406386e-01 -2.391708e+00 5.740045e+00
 8.268268e-01  5.486674e-01 -2.320228e+00 5.684493e+00
 8.278278e-01  1.186194e+00 -2.054426e+00 5.627723e+00
 8.288288e-01  1.718304e+00 -1.617785e+00 5.569796e+00
 8.298298e-01  2.100447e+00 -1.048278e+00 5.510762e+00
 8.308308e-01  2.300985e+00 -3.951295e-01 5.450658e+00
 8.318318e-01  2.303921e+00  2.854104e-01 5.389512e+00
 8.328328e-01  2.110281e+00  9.349144e-01 5.327352e+00
 8.338338e-01  1.738024e+00  1.497830e+00 5.264221e+00
 8.348348e-01  1.220474e+00  1.926298e+00 5.200181e+00
 8.358358e-01  6.034178e-01  2.184306e+00 5.135306e+00
 8.368368e-01 -5.891398e-02  2.250823e+00 5.069674e+00
 8.378378e-01 -7.085973e-01  2.121613e+00 5.003352e+00
 8.388388e-01 -1.289108e+00  1.809581e+00 4.936383e+00
 8.398398e-01 -1.750296e+00  1.343598e+00 4.868792e+00
 8.408408e-01 -2.052796e+00  7.659152e-01 4.800597e+00
 8.418418e-01 -2.171484e+00  1.283851e-01 4.731824e+00
 8.428428e-01 -2.097666e+00 -5.121742e-01 4.662524e+00
 8.438438e-01 -1.839796e+00 -1.099056e+00 4.592773e+00
 8.448448e-01 -1.422655e+00 -1.580732e+00 4.522662e+00
 8.458458e-01 -8.850670e-01 -1.915445e+00 4.452275e+00
 8.468468e-01 -2.763427e-01 -2.074923e+00 4.381670e+00
 8.478478e-01  3.482099e-01 -2.046857e+00 4.310874e+00
 8.488488e-01  9.323181e-01 -1.835939e+00 4.239888e+00
 8.498498e-01  1.423851e+00 -1.463339e+00 4.168712e+00
 8.508509e-01  1.779534e+00 -9.646910e-01 4.097371e+00
 8.518519e-01  1.968845e+00 -3.867528e-01 4.025928e+00
 8.528529e-01  1.976718e+00  2.169398e-01 3.954479e+00
 8.538539e-01  1.804827e+00  7.910278e-01 3.883127e+00
 8.548549e-01  1.471309e+00  1.283435e+00 3.811955e+00
 8.558559e-01  1.008971e+00  1.650145e+00 3.740999e+00
 8.568569e-01  4.621397e-01  1.859214e+00 3.670250e+00
 8.578579e-01 -1.175397e-01  1.893637e+00 3.599676e+00
 8.588589e-01 -6.759748e-01  1.752803e+00 3.529261e+00
 8.598599e-01 -1.161692e+00  1.452414e+00 3.459035e+00
 8.608609e-01 -1.530632e+00  1.022863e+00 3.389082e+00
 8.618619e-01 -1.750210e+00  5.062515e-01 3.319524e+00
 8.628629e-01 -1.802276e+00 -4.769223e-02 3.250473e+00
 8.638639e-01 -1.684682e+00 -5.863798e-01 3.181993e+00
 8.648649e-01 -1.411316e+00 -1.059371e+00 3.114080e+00
 8.658659e-01 -1.010618e+00 -1.423139e+00 3.046675e+00
 8.668669e-01 -5.227088e-01 -1.645140e+00 2.979709e+00
 8.678679e-01  4.570786e-03 -1.706791e+00 2.913156e+00
 8.688689e-01  5.203283e-01 -1.605094e+00 2.847068e+00
 8.698699e-01  9.755420e-01 -1.352732e+00 2.781566e+00
 8.708709e-01  1.327757e+00 -9.766579e-01 2.716798e+00
 8.718719e-01  1.545099e+00 -5.153110e-01 2.652875e+00
 8.728729e-01  1.609225e+00 -1.474732e-02 2.589822e+00
 8.738739e-01  1.516924e+00  4.759339e-01 2.527571e+00
 8.748749e-01  1.280223e+00  9.094124e-01 2.466003e+00
 8.758759e-01  9.250043e-01  1.244743e+00 2.405017e+00
 8.768769e-01  4.882704e-01  1.451272e+00 2.344599e+00
 8.778779e-01  1.435449e-02  1.511502e+00 2.284845e+00
 8.788789e-01 -4.495543e-01  1.422613e+00 2.225927e+00
 8.798799e-01 -8.581120e-01  1.196520e+00 2.168017e+00
 8.808809e-01 -1.172280e+00  8.584648e-01 2.111202e+00
 8.818819e-01 -1.363100e+00  4.442963e-01 2.055442e+00
 8.828829e-01 -1.414416e+00 -3.269040e-03 2.000583e+00
 8.838839e-01 -1.324273e+00 -4.390262e-01 1.946444e+00
 8.848849e-01 -1.104881e+00 -8.198483e-01 1.892913e+00
 8.858859e-01 -7.811408e-01 -1.108980e+00 1.840018e+00
 8.868869e-01 -3.879245e-01 -1.279626e+00 1.787929e+00
 8.878879e-01  3.362523e-02 -1.317478e+00 1.736878e+00
 8.888889e-01  4.403700e-01 -1.221933e+00 1.687046e+00
 8.898899e-01  7.915909e-01 -1.005905e+00 1.638462e+00
 8.908909e-01  1.053087e+00 -6.942562e-01 1.590984e+00
 8.918919e-01  1.200542e+00 -3.210281e-01 1.544361e+00
 8.928929e-01  1.221825e+00  7.421520e-02 1.498364e+00
 8.938939e-01  1.117992e+00  4.505571e-01 1.452908e+00
 8.948949e-01  9.029196e-01  7.699635e-01 1.408108e+00
 8.958959e-01  6.016118e-01  1.001146e+00 1.364230e+00
 8.968969e-01  2.473852e-01  1.122659e+00 1.321563e+00
 8.978979e-01 -1.217605e-01  1.124914e+00 1.280258e+00
 8.988989e-01 -4.671957e-01  1.010926e+00 1.240244e+00
 8.998999e-01 -7.537035e-01  7.957239e-01 1.201246e+00
 9.009009e-01 -9.530897e-01  5.045164e-01 1.162917e+00
 9.019019e-01 -1.046985e+00  1.698244e-01 1.125017e+00
 9.029029e-01 -1.028555e+00 -1.721016e-01 1.087544e+00
 9.039039e-01 -9.029607e-01 -4.851865e-01 1.050744e+00
 9.049049e-01 -6.865345e-01 -7.373365e-01 1.014995e+00
 9.059059e-01 -4.047863e-01 -9.037449e-01 9.806068e-01
 9.069069e-01 -8.947389e-02 -9.693527e-01 9.476503e-01
 9.079079e-01  2.249332e-01 -9.302173e-01 9.158992e-01
 9.089089e-01  5.050051e-01 -7.936619e-01 8.849294e-01
 9.099099e-01  7.219086e-01 -5.772136e-01 8.543276e-01
 9.109109e-01  8.543912e-01 -3.064674e-01 8.239066e-01
 9.119119e-01  8.908786e-01 -1.212818e-02 7.938117e-01
 9.129129e-01  8.304765e-01  2.734327e-01 7.644566e-01
 9.139139e-01  6.827890e-01  5.197219e-01 7.363116e-01
 9.149149e-01  4.665985e-01  7.013826e-01 7.096517e-01
 9.159159e-01  2.075744e-01  8.008157e-01 6.843929e-01
 9.169169e-01 -6.471582e-02  8.098912e-01 6.601119e-01
 9.179179e-01 -3.201515e-01  7.305815e-01 6.362463e-01
 9.189189e-01 -5.313799e-01  5.744692e-01 6.123794e-01
 9.199199e-01 -6.767496e-01  3.612089e-01 5.884618e-01
 9.209209e-01 -7.425373e-01  1.161369e-01 5.648494e-01
 9.219219e-01 -7.242384e-01 -1.326880e-01 5.421274e-01
 9.229229e-01 -6.267986e-01 -3.576703e-01 5.208045e-01
 9.239239e-01 -4.637853e-01 -5.347289e-01 5.010318e-01
 9.249249e-01 -2.556186e-01 -6.458778e-01 4.824990e-01
 9.259259e-01 -2.708227e-02 -6.810550e-01 4.645694e-01
 9.269269e-01  1.955869e-01 -6.390159e-01 4.465955e-01
 9.279279e-01  3.876913e-01 -5.272094e-01 4.282542e-01
 9.289289e-01  5.288065e-01 -3.606782e-01 4.097251e-01
 9.299299e-01  6.049535e-01 -1.601309e-01 3.916106e-01
 9.309309e-01  6.099753e-01  5.057532e-02 3.746278e-01
 9.319319e-01  5.459852e-01  2.472386e-01 3.592267e-01
 9.329329e-01  4.228562e-01  4.080761e-01 3.453335e-01
 9.339339e-01  2.568412e-01  5.161329e-01 3.323605e-01
 9.349349e-01  6.850198e-02  5.610675e-01 3.194893e-01
 9.359359e-01 -1.197917e-01  5.401267e-01 3.060869e-01
 9.369369e-01 -2.864938e-01  4.582166e-01 2.920412e-01
 9.379379e-01 -4.133357e-01  3.270883e-01 2.778332e-01
 9.389389e-01 -4.873222e-01  1.637544e-01 2.642984e-01
 9.399399e-01 -5.020517e-01 -1.165730e-02 2.521918e-01
 9.409409e-01 -4.582263e-01 -1.783465e-01 2.417789e-01
 9.419419e-01 -3.633178e-01 -3.172879e-01 2.326715e-01
 9.429429e-01 -2.304529e-01 -4.133939e-01 2.240031e-01
 9.439439e-01 -7.667433e-02 -4.571479e-01 2.148631e-01
 9.449449e-01  7.919899e-02 -4.455308e-01 2.047701e-01
 9.459459e-01  2.188472e-01 -3.821509e-01 1.939334e-01
 9.469469e-01  3.265870e-01 -2.765861e-01 1.831589e-01
 9.479479e-01  3.911226e-01 -1.430384e-01 1.734368e-01
 9.489489e-01  4.067147e-01  1.516811e-03 1.654192e-01
 9.499499e-01  3.736481e-01  1.394521e-01 1.590598e-01
 9.509510e-01  2.979644e-01  2.546167e-01 1.536125e-01
 9.519520e-01  1.905188e-01  3.342169e-01 1.479983e-01
 9.529530e-01  6.549515e-02  3.702293e-01 1.413594e-01
 9.539540e-01 -6.142299e-02  3.601917e-01 1.335108e-01
 9.549550e-01 -1.749920e-01  3.072931e-01 1.250512e-01
 9.559560e-01 -2.622221e-01  2.197768e-01 1.170623e-01
 9.569570e-01 -3.138501e-01  1.097489e-01 1.105467e-01
 9.579580e-01 -3.253037e-01 -8.441942e-03 1.058938e-01
 9.589590e-01 -2.970612e-01 -1.200420e-01 1.026554e-01
 9.599600e-01 -2.343819e-01 -2.117141e-01 9.975777e-02
 9.609610e-01 -1.464667e-01 -2.731204e-01 9.604725e-02
 9.619620e-01 -4.517021e-02 -2.980777e-01 9.089065e-02
 9.629630e-01  5.655904e-02 -2.851582e-01 8.451413e-02
 9.639640e-01  1.463088e-01 -2.376785e-01 7.789735e-02
 9.649650e-01  2.137009e-01 -1.630994e-01 7.226947e-02
 9.659660e-01  2.515759e-01 -7.193149e-02 6.846456e-02
 9.669670e-01  2.567322e-01  2.369946e-02 6.647311e-02
 9.679680e-01  2.301442e-01  1.116359e-01 6.542895e-02
 9.689690e-01  1.766540e-01  1.812162e-01 6.404596e-02
 9.699700e-01  1.041968e-01  2.245557e-01 6.128224e-02
 9.709710e-01  2.267512e-02  2.374282e-01 5.688629e-02
 9.719720e-01 -5.736249e-02  2.196496e-01 5.153641e-02
 9.729730e-01 -1.260656e-01  1.749341e-01 4.649447e-02
 9.739740e-01 -1.754783e-01  1.102578e-01 4.294941e-02
 9.749750e-01 -2.004441e-01  3.483153e-02 4.139109e-02
 9.759760e-01 -1.991189e-01 -4.117300e-02 4.134354e-02
 9.769770e-01 -1.730423e-01 -1.079705e-01 4.160127e-02
 9.779780e-01 -1.267805e-01 -1.574063e-01 4.085006e-02
 9.789790e-01 -6.720247e-02 -1.839403e-01 3.835021e-02
 9.799800e-01 -2.499060e-03 -1.852532e-01 3.432500e-02
 9.809810e-01  5.891818e-02 -1.624100e-01 2.984837e-02
 9.819820e-01  1.094936e-01 -1.195758e-01 2.628723e-02
 9.829830e-01  1.434424e-01 -6.333804e-02 2.458744e-02
 9.839840e-01  1.573948e-01 -1.738250e-03 2.477616e-02
 9.849850e-01  1.506996e-01  5.684770e-02 2.594202e-02
 9.859860e-01  1.253641e-01  1.048286e-01 2.670520e-02
 9.869870e-01  8.565732e-02  1.363680e-01 2.593341e-02
 9.879880e-01  3.744198e-02  1.480821e-01 2.333022e-02
 9.889890e-01 -1.266287e-02  1.393842e-01 1.958831e-02
 9.899900e-01 -5.817278e-02  1.124419e-01 1.602725e-02
 9.909910e-01 -9.356364e-02  7.176836e-02 1.390485e-02
 9.919920e-01 -1.149285e-01  2.351618e-02 1.376157e-02
 9.929930e-01 -1.203888e-01 -2.542105e-02 1.513968e-02
 9.939940e-01 -1.102192e-01 -6.837043e-02 1.682279e-02
 9.949950e-01 -8.668599e-02 -9.977323e-02 1.746916e-02
 9.959960e-01 -5.363490e-02 -1.158918e-01 1.630761e-02
 9.969970e-01 -1.589724e-02 -1.152414e-01 1.353331e-02
 9.979980e-01  2.139753e-02 -9.869838e-02 1.019922e-02
 9.989990e-01  5.350689e-02 -6.928214e-02 7.663001e-03
 1.000000e+00  7.666754e-02 -3.165302e-02 6.879825e-03
