# x psi_r psi_i psi2 
 0.000000e+00 -1.070368e+00  5.902168e-01 1.494044e+00
 1.001001e-03 -9.829674e-01  5.789728e-01 1.301435e+00
 2.002002e-03 -8.451466e-01  5.332168e-01 9.985929e-01
 3.003003e-03 -6.650876e-01  4.517269e-01 6.463986e-01
 4.004004e-03 -4.533139e-01  3.354122e-01 3.179949e-01
 5.005005e-03 -2.221183e-01  1.875440e-01 8.450928e-02
 6.006006e-03  1.512766e-02  1.384127e-02 4.204269e-04
 7.007007e-03  2.447423e-01 -1.776176e-01 9.144680e-02
 8.008008e-03  4.535397e-01 -3.766739e-01 3.475814e-01
 9.009009e-03  6.296218e-01 -5.715605e-01 7.231050e-01
 1.001001e-02  7.631077e-01 -7.495532e-01 1.144163e+00
 1.101101e-02  8.467512e-01 -8.977687e-01 1.522976e+00
 1.201201e-02  8.764038e-01 -1.004063e+00 1.776226e+00
 1.301301e-02  8.512893e-01 -1.057966e+00 1.843986e+00
 1.401401e-02  7.740654e-01 -1.051589e+00 1.705017e+00
 1.501502e-02  6.506655e-01 -9.804153e-01 1.384580e+00
 1.601602e-02  4.899237e-01 -8.439181e-01 9.522230e-01
 1.701702e-02  3.030049e-01 -6.459288e-01 5.090360e-01
 1.801802e-02  1.026740e-01 -3.947104e-01 1.663382e-01
 1.901902e-02 -9.754950e-02 -1.027073e-01 2.006469e-02
 2.002002e-02 -2.842947e-01  2.140350e-01 1.266345e-01
 2.102102e-02 -4.452404e-01  5.367572e-01 4.863474e-01
 2.202202e-02 -5.699512e-01  8.451335e-01 1.039095e+00
 2.302302e-02 -6.505884e-01  1.118606e+00 1.674544e+00
 2.402402e-02 -6.824462e-01  1.337813e+00 2.255477e+00
 2.502503e-02 -6.642715e-01  1.486016e+00 2.649500e+00
 2.602603e-02 -5.983421e-01  1.550396e+00 2.761740e+00
 2.702703e-02 -4.902963e-01  1.523139e+00 2.560342e+00
 2.802803e-02 -3.487209e-01  1.402200e+00 2.087771e+00
 2.902903e-02 -1.845276e-01  1.191681e+00 1.454155e+00
 3.003003e-02 -1.015807e-02  9.017808e-01 8.133119e-01
 3.103103e-02  1.613244e-01  5.482960e-01 3.266541e-01
 3.203203e-02  3.171918e-01  1.517116e-01 1.236270e-01
 3.303303e-02  4.459871e-01 -2.640788e-01 2.686421e-01
 3.403403e-02  5.383687e-01 -6.733284e-01 7.432119e-01
 3.503504e-02  5.878002e-01 -1.050162e+00 1.448349e+00
 3.603604e-02  5.910330e-01 -1.370343e+00 2.227161e+00
 3.703704e-02  5.483423e-01 -1.612961e+00 2.902321e+00
 3.803804e-02  4.634985e-01 -1.761895e+00 3.319104e+00
 3.903904e-02  3.434714e-01 -1.806970e+00 3.383114e+00
 4.004004e-02  1.978898e-01 -1.744692e+00 3.083112e+00
 4.104104e-02  3.829470e-02 -1.578521e+00 2.493194e+00
 4.204204e-02 -1.227575e-01 -1.318651e+00 1.753910e+00
 4.304304e-02 -2.726738e-01 -9.813293e-01 1.037358e+00
 4.404404e-02 -3.998097e-01 -5.877376e-01 5.052832e-01
 4.504505e-02 -4.943822e-01 -1.625459e-01 2.708349e-01
 4.604605e-02 -5.492408e-01  2.677702e-01 3.733663e-01
 4.704705e-02 -5.604313e-01  6.767185e-01 7.720311e-01
 4.804805e-02 -5.275082e-01  1.039557e+00 1.358944e+00
 4.904905e-02 -4.535674e-01  1.334912e+00 1.987714e+00
 5.005005e-02 -3.449945e-01  1.546131e+00 2.509542e+00
 5.105105e-02 -2.109475e-01  1.662282e+00 2.807679e+00
 5.205205e-02 -6.261180e-02  1.678738e+00 2.822081e+00
 5.305305e-02  8.771234e-02  1.597309e+00 2.559090e+00
 5.405405e-02  2.276178e-01  1.425933e+00 2.085096e+00
 5.505506e-02  3.456125e-01  1.177956e+00 1.507029e+00
 5.605606e-02  4.320713e-01  8.710676e-01 9.454443e-01
 5.705706e-02  4.800393e-01  5.259844e-01 5.070973e-01
 5.805806e-02  4.858192e-01  1.649779e-01 2.632380e-01
 5.905906e-02  4.492919e-01 -1.896400e-01 2.378266e-01
 6.006006e-02  3.739422e-01 -5.169654e-01 4.070860e-01
 6.106106e-02  2.665839e-01 -7.987868e-01 7.091273e-01
 6.206206e-02  1.368057e-01 -1.020625e+00 1.060390e+00
 6.306306e-02 -3.820403e-03 -1.172466e+00 1.374690e+00
 6.406406e-02 -1.427028e-01 -1.249158e+00 1.580761e+00
 6.506507e-02 -2.672888e-01 -1.250463e+00 1.635100e+00
 6.606607e-02 -3.661299e-01 -1.180769e+00 1.528267e+00
 6.706707e-02 -4.298670e-01 -1.048533e+00 1.284206e+00
 6.806807e-02 -4.520507e-01 -8.654738e-01 9.533948e-01
 6.906907e-02 -4.297293e-01 -6.456212e-01 6.014940e-01
 7.007007e-02 -3.637518e-01 -4.042718e-01 2.957510e-01
 7.107107e-02 -2.587599e-01 -1.569449e-01 9.158840e-02
 7.207207e-02 -1.228657e-01  8.159784e-02 2.175418e-02
 7.307307e-02  3.296173e-02  2.982071e-01 9.001397e-02
 7.407407e-02  1.957513e-01  4.820270e-01 2.706686e-01
 7.507508e-02  3.515613e-01  6.249728e-01 5.141864e-01
 7.607608e-02  4.866021e-01  7.219929e-01 7.580554e-01
 7.707708e-02  5.883625e-01  7.711157e-01 9.407899e-01
 7.807808e-02  6.466471e-01  7.733013e-01 1.016147e+00
 7.907908e-02  6.544416e-01  7.321253e-01 9.643013e-01
 8.008008e-02  6.085366e-01  6.533337e-01 7.971617e-01
 8.108108e-02  5.098578e-01  5.443098e-01 5.562281e-01
 8.208208e-02  3.634764e-01  4.134980e-01 3.030957e-01
 8.308308e-02  1.782979e-01  2.698247e-01 1.045955e-01
 8.408408e-02 -3.354838e-02  1.221526e-01 1.604675e-02
 8.508509e-02 -2.575704e-01 -2.120140e-02 6.679202e-02
 8.608609e-02 -4.779601e-01 -1.528636e-01 2.518131e-01
 8.708709e-02 -6.787441e-01 -2.667037e-01 5.318245e-01
 8.808809e-02 -8.449527e-01 -3.580328e-01 8.421325e-01
 8.908909e-02 -9.637157e-01 -4.237013e-01 1.108271e+00
 9.009009e-02 -1.025207e+00 -4.621061e-01 1.264592e+00
 9.109109e-02 -1.023367e+00 -4.731195e-01 1.271122e+00
 9.209209e-02 -9.563504e-01 -4.579546e-01 1.124329e+00
 9.309309e-02 -8.266732e-01 -4.189858e-01 8.589377e-01
 9.409409e-02 -6.410500e-01 -3.595379e-01 5.402127e-01
 9.509510e-02 -4.099387e-01 -2.836601e-01 2.485128e-01
 9.609610e-02 -1.468310e-01 -1.958968e-01 5.993490e-02
 9.709710e-02  1.326557e-01 -1.010642e-01 2.781150e-02
 9.809810e-02  4.118159e-01 -4.040225e-03 1.696087e-01
 9.909910e-02  6.739483e-01  9.042848e-02 4.623836e-01
 1.001001e-01  9.034236e-01  1.779002e-01 8.478226e-01
 1.011011e-01  1.086657e+00  2.543912e-01 1.245538e+00
 1.021021e-01  1.212921e+00  3.165083e-01 1.571354e+00
 1.031031e-01  1.274949e+00  3.615610e-01 1.756221e+00
 1.041041e-01  1.269302e+00  3.876519e-01 1.761402e+00
 1.051051e-01  1.196478e+00  3.937448e-01 1.586595e+00
 1.061061e-01  1.060774e+00  3.797070e-01 1.269419e+00
 1.071071e-01  8.699200e-01  3.463243e-01 8.767013e-01
 1.081081e-01  6.345259e-01  2.952829e-01 4.898151e-01
 1.091091e-01  3.673795e-01  2.291161e-01 1.874619e-01
 1.101101e-01  8.265628e-02  1.511131e-01 2.966723e-02
 1.111111e-01 -2.049077e-01  6.518694e-02 4.623650e-02
 1.121121e-01 -4.808263e-01 -2.429490e-02 2.317842e-01
 1.131131e-01 -7.316100e-01 -1.127158e-01 5.479581e-01
 1.141141e-01 -9.454105e-01 -1.954426e-01 9.319989e-01
 1.151151e-01 -1.112536e+00 -2.680757e-01 1.309602e+00
 1.161161e-01 -1.225823e+00 -3.267030e-01 1.609376e+00
 1.171171e-01 -1.280851e+00 -3.681422e-01 1.776107e+00
 1.181181e-01 -1.276020e+00 -3.901541e-01 1.780447e+00
 1.191191e-01 -1.212490e+00 -3.916089e-01 1.623489e+00
 1.201201e-01 -1.094004e+00 -3.725913e-01 1.335669e+00
 1.211211e-01 -9.266235e-01 -3.344298e-01 9.704743e-01
 1.221221e-01 -7.183902e-01 -2.796425e-01 5.942844e-01
 1.231231e-01 -4.789384e-01 -2.117976e-01 2.742402e-01
 1.241241e-01 -2.190777e-01 -1.352917e-01 6.629889e-02
 1.251251e-01  4.964175e-02 -5.505857e-02 5.495750e-03
 1.261261e-01  3.153691e-01  2.377519e-02 1.000230e-01
 1.271271e-01  5.663906e-01  9.626201e-02 3.300647e-01
 1.281281e-01  7.915593e-01  1.580054e-01 6.515319e-01
 1.291291e-01  9.807127e-01  2.055013e-01 1.004028e+00
 1.301301e-01  1.125072e+00  2.364195e-01 1.321680e+00
 1.311311e-01  1.217614e+00  2.497970e-01 1.544982e+00
 1.321321e-01  1.253412e+00  2.461239e-01 1.631618e+00
 1.331331e-01  1.229918e+00  2.273079e-01 1.564367e+00
 1.341341e-01  1.147185e+00  1.965149e-01 1.354653e+00
 1.351351e-01  1.008000e+00  1.578938e-01 1.040995e+00
 1.361361e-01  8.179072e-01  1.162048e-01 6.824757e-01
 1.371371e-01  5.851125e-01  7.637869e-02 3.481903e-01
 1.381381e-01  3.202470e-01  4.304593e-02 1.044111e-01
 1.391391e-01  3.598498e-02  2.007490e-02 1.697921e-03
 1.401401e-01 -2.534810e-01  1.016391e-02 6.435590e-02
 1.411411e-01 -5.330955e-01  1.452646e-02 2.844018e-01
 1.421421e-01 -7.877032e-01  3.270427e-02 6.215458e-01
 1.431431e-01 -1.002883e+00  6.253177e-02 1.009684e+00
 1.441441e-01 -1.165807e+00  1.002636e-01 1.369160e+00
 1.451451e-01 -1.266077e+00  1.408620e-01 1.622792e+00
 1.461461e-01 -1.296465e+00  1.784254e-01 1.712656e+00
 1.471471e-01 -1.253525e+00  2.067277e-01 1.614060e+00
 1.481481e-01 -1.137997e+00  2.198219e-01 1.343358e+00
 1.491491e-01 -9.549761e-01  2.126588e-01 9.572031e-01
 1.501502e-01 -7.138095e-01  1.816626e-01 5.425253e-01
 1.511512e-01 -4.277080e-01  1.252088e-01 1.986114e-01
 1.521522e-01 -1.130825e-01  4.395630e-02 1.471980e-02
 1.531532e-01  2.113698e-01 -5.900536e-02 4.815884e-02
 1.541542e-01  5.257797e-01 -1.782172e-01 3.082057e-01
 1.551552e-01  8.103544e-01 -3.061263e-01 7.503875e-01
 1.561562e-01  1.046679e+00 -4.335634e-01 1.283515e+00
 1.571572e-01  1.218984e+00 -5.503924e-01 1.788854e+00
 1.581582e-01  1.315277e+00 -6.462843e-01 2.147638e+00
 1.591592e-01  1.328270e+00 -7.115569e-01 2.270615e+00
 1.601602e-01  1.256002e+00 -7.380121e-01 2.122203e+00
 1.611612e-01  1.102122e+00 -7.197022e-01 1.732644e+00
 1.621622e-01  8.757822e-01 -6.535571e-01 1.194131e+00
 1.631632e-01  5.911442e-01 -5.398165e-01 6.408532e-01
 1.641642e-01  2.665151e-01 -3.822232e-01 2.171249e-01
 1.651652e-01 -7.683188e-02 -1.879531e-01 4.122950e-02
 1.661662e-01 -4.160781e-01  3.272336e-02 1.741918e-01
 1.671672e-01 -7.284224e-01  2.670307e-01 6.019047e-01
 1.681682e-01 -9.926757e-01  5.004926e-01 1.235898e+00
 1.691692e-01 -1.190770e+00  7.178940e-01 1.933304e+00
 1.701702e-01 -1.309067e+00  9.043358e-01 2.531481e+00
 1.711712e-01 -1.339373e+00  1.046301e+00 2.888666e+00
 1.721722e-01 -1.279560e+00  1.132658e+00 2.920187e+00
 1.731732e-01 -1.133766e+00  1.155519e+00 2.620648e+00
 1.741742e-01 -9.121342e-01  1.110894e+00 2.066075e+00
 1.751752e-01 -6.301114e-01  9.990873e-01 1.395216e+00
 1.761762e-01 -3.073530e-01  8.247954e-01 7.747533e-01
 1.771772e-01  3.368485e-02  5.969088e-01 3.574348e-01
 1.781782e-01  3.693646e-01  3.280156e-01 2.440244e-01
 1.791792e-01  6.765753e-01  3.364368e-02 4.588860e-01
 1.801802e-01  9.344008e-01 -2.687091e-01 9.453094e-01
 1.811812e-01  1.125621e+00 -5.606925e-01 1.581398e+00
 1.821822e-01  1.237931e+00 -8.242924e-01 2.211932e+00
 1.831832e-01  1.264791e+00 -1.043010e+00 2.687565e+00
 1.841842e-01  1.205830e+00 -1.202951e+00 2.901118e+00
 1.851852e-01  1.066797e+00 -1.293753e+00 2.811852e+00
 1.861862e-01  8.590419e-01 -1.309283e+00 2.452174e+00
 1.871872e-01  5.985895e-01 -1.248067e+00 1.915980e+00
 1.881882e-01  3.048735e-01 -1.113415e+00 1.332641e+00
 1.891892e-01 -7.653584e-04 -9.132355e-01 8.339997e-01
 1.901902e-01 -2.966964e-01 -6.595532e-01 5.230392e-01
 1.911912e-01 -5.626050e-01 -3.677607e-01 4.517723e-01
 1.921922e-01 -7.809612e-01 -5.565190e-02 6.129975e-01
 1.931932e-01 -9.382407e-01  2.576974e-01 9.467035e-01
 1.941942e-01 -1.025807e+00  5.531325e-01 1.358235e+00
 1.951952e-01 -1.040393e+00  8.126262e-01 1.742780e+00
 1.961962e-01 -9.841608e-01  1.020414e+00 2.009817e+00
 1.971972e-01 -8.643316e-01  1.163982e+00 2.101924e+00
 1.981982e-01 -6.924485e-01  1.234853e+00 2.004348e+00
 1.991992e-01 -4.833249e-01  1.229110e+00 1.744314e+00
 2.002002e-01 -2.537812e-01  1.147633e+00 1.381465e+00
 2.012012e-01 -2.127592e-02  9.960356e-01 9.925395e-01
 2.022022e-01  1.974551e-01  7.843015e-01 6.541174e-01
 2.032032e-01  3.876424e-01  5.261432e-01 4.270933e-01
 2.042042e-01  5.375134e-01  2.381314e-01 3.456273e-01
 2.052052e-01  6.390371e-01 -6.135600e-02 4.121330e-01
 2.062062e-01  6.883324e-01 -3.532960e-01 5.986195e-01
 2.072072e-01  6.857244e-01 -6.192210e-01 8.536526e-01
 2.082082e-01  6.354605e-01 -8.423816e-01 1.113417e+00
 2.092092e-01  5.451251e-01 -1.008799e+00 1.314836e+00
 2.102102e-01  4.248184e-01 -1.108138e+00 1.408440e+00
 2.112112e-01  2.861789e-01 -1.134351e+00 1.368650e+00
 2.122122e-01  1.413400e-01 -1.086048e+00 1.199477e+00
 2.132132e-01  1.912390e-03 -9.665692e-01 9.342596e-01
 2.142142e-01 -1.219242e-01 -7.837618e-01 6.291480e-01
 2.152152e-01 -2.221481e-01 -5.494692e-01 3.512662e-01
 2.162162e-01 -2.933910e-01 -2.787704e-01 1.637912e-01
 2.172172e-01 -3.331724e-01  1.098344e-02 1.111245e-01
 2.182182e-01 -3.418698e-01  3.012722e-01 2.076399e-01
 2.192192e-01 -3.224436e-01  5.735795e-01 4.329634e-01
 2.202202e-01 -2.799557e-01  8.105594e-01 7.353817e-01
 2.212212e-01 -2.209398e-01  9.971219e-01 1.043066e+00
 2.222222e-01 -1.526869e-01  1.121370e+00 1.280784e+00
 2.232232e-01 -8.251817e-02  1.175328e+00 1.388206e+00
 2.242242e-01 -1.711056e-02  1.155418e+00 1.335283e+00
 2.252252e-01  3.806635e-02  1.062650e+00 1.130674e+00
 2.262262e-01  7.915687e-02  9.025300e-01 8.208262e-01
 2.272272e-01  1.041420e-01  6.846803e-01 4.796327e-01
 2.282282e-01  1.128695e-01  4.222083e-01 1.909994e-01
 2.292292e-01  1.069001e-01  1.308663e-01 2.855363e-02
 2.302302e-01  8.919701e-02 -1.719405e-01 3.751965e-02
 2.312312e-01  6.369723e-02 -4.682339e-01 2.233003e-01
 2.322322e-01  3.481465e-02 -7.405576e-01 5.496377e-01
 2.332332e-01  6.926766e-03 -9.730201e-01 9.468161e-01
 2.342342e-01 -1.610269e-02 -1.152218e+00 1.327866e+00
 2.352352e-01 -3.131963e-02 -1.267989e+00 1.608777e+00
 2.362362e-01 -3.695821e-02 -1.313945e+00 1.727818e+00
 2.372372e-01 -3.257952e-02 -1.287772e+00 1.659417e+00
 2.382382e-01 -1.906233e-02 -1.191265e+00 1.419476e+00
 2.392392e-01  1.547121e-03 -1.030133e+00 1.061176e+00
 2.402402e-01  2.630575e-02 -8.135664e-01 6.625822e-01
 2.412412e-01  5.173275e-02 -5.536284e-01 3.091806e-01
 2.422422e-01  7.421752e-02 -2.644956e-01 7.546615e-02
 2.432432e-01  9.043309e-02  3.838532e-02 9.651577e-03
 2.442442e-01  9.771223e-02  3.391778e-01 1.245893e-01
 2.452452e-01  9.434811e-02  6.225161e-01 3.964279e-01
 2.462462e-01  7.978999e-02  8.742977e-01 7.707629e-01
 2.472472e-01  5.471521e-02  1.082367e+00 1.174513e+00
 2.482482e-01  2.097154e-02  1.237061e+00 1.530759e+00
 2.492492e-01 -1.860288e-02  1.331589e+00 1.773474e+00
 2.502503e-01 -6.046283e-02  1.362253e+00 1.859388e+00
 2.512513e-01 -1.007130e-01  1.328496e+00 1.775045e+00
 2.522523e-01 -1.355020e-01  1.232799e+00 1.538155e+00
 2.532533e-01 -1.614136e-01  1.080443e+00 1.193411e+00
 2.542543e-01 -1.758150e-01  8.791560e-01 8.038261e-01
 2.552553e-01 -1.771273e-01  6.386860e-01 4.392939e-01
 2.562563e-01 -1.649905e-01  3.703070e-01 1.643491e-01
 2.572573e-01 -1.403062e-01  8.629848e-02 2.713325e-02
 2.582583e-01 -1.051523e-01 -2.005847e-01 5.129124e-02
 2.592593e-01 -6.257987e-02 -4.776339e-01 2.320504e-01
 2.602603e-01 -1.630904e-02 -7.326830e-01 5.370904e-01
 2.612613e-01  2.964303e-02 -9.545704e-01 9.120833e-01
 2.622623e-01  7.136681e-02 -1.133556e+00 1.290043e+00
 2.632633e-01  1.054558e-01 -1.261691e+00 1.602985e+00
 2.642643e-01  1.293527e-01 -1.333126e+00 1.793956e+00
 2.652653e-01  1.416095e-01 -1.344362e+00 1.827363e+00
 2.662663e-01  1.420346e-01 -1.294430e+00 1.695724e+00
 2.672673e-01  1.317093e-01 -1.184989e+00 1.421547e+00
 2.682683e-01  1.128692e-01 -1.020339e+00 1.053831e+00
 2.692693e-01  8.866108e-02 -8.073327e-01 6.596469e-01
 2.702703e-01  6.279647e-02 -5.551854e-01 3.121743e-01
 2.712713e-01  3.913627e-02 -2.751688e-01 7.724951e-02
 2.722723e-01  2.124684e-02  1.980709e-02 8.437493e-04
 2.732733e-01  1.197338e-02  3.157187e-01 9.982165e-02
 2.742743e-01  1.307548e-02  5.980497e-01 3.578344e-01
 2.752753e-01  2.496490e-02  8.524848e-01 7.273536e-01
 2.762763e-01  4.657701e-02  1.065648e+00 1.137775e+00
 2.772773e-01  7.539484e-02  1.225846e+00 1.508384e+00
 2.782783e-01  1.076303e-01  1.323781e+00 1.763981e+00
 2.792793e-01  1.385519e-01  1.353173e+00 1.850274e+00
 2.802803e-01  1.629327e-01  1.311259e+00 1.745947e+00
 2.812813e-01  1.755812e-01  1.199121e+00 1.468719e+00
 2.822823e-01  1.719050e-01  1.021801e+00 1.073629e+00
 2.832833e-01  1.484563e-01  7.881928e-01 6.432871e-01
 2.842843e-01  1.034030e-01  5.106780e-01 2.714842e-01
 2.852853e-01  3.687708e-02  2.045366e-01 4.319514e-02
 2.862863e-01 -4.883870e-02 -1.128655e-01 1.512383e-02
 2.872873e-01 -1.493145e-01 -4.230618e-01 2.012761e-01
 2.882883e-01 -2.581759e-01 -7.075913e-01 5.673403e-01
 2.892893e-01 -3.674981e-01 -9.491572e-01 1.035954e+00
 2.902903e-01 -4.683680e-01 -1.132761e+00 1.502517e+00
 2.912913e-01 -5.515714e-01 -1.246737e+00 1.858584e+00
 2.922923e-01 -6.083530e-01 -1.283600e+00 2.017723e+00
 2.932933e-01 -6.311869e-01 -1.240655e+00 1.937623e+00
 2.942943e-01 -6.144922e-01 -1.120299e+00 1.632670e+00
 2.952953e-01 -5.552315e-01 -9.299860e-01 1.173156e+00
 2.962963e-01 -4.533366e-01 -6.818518e-01 6.704359e-01
 2.972973e-01 -3.119196e-01 -3.919966e-01 2.509552e-01
 2.982983e-01 -1.372440e-01 -7.947634e-02 2.515240e-02
 2.992993e-01  6.155277e-02  2.349416e-01 5.898628e-02
 3.003003e-01  2.729708e-01  5.301744e-01 3.555980e-01
 3.013013e-01  4.838630e-01  7.862768e-01 8.523546e-01
 3.023023e-01  6.803043e-01  9.858459e-01 1.434706e+00
 3.033033e-01  8.485546e-01  1.115276e+00 1.963885e+00
 3.043043e-01  9.760441e-01  1.165765e+00 2.311669e+00
 3.053053e-01  1.052309e+00  1.133996e+00 2.393301e+00
 3.063063e-01  1.069809e+00  1.022434e+00 2.189861e+00
 3.073073e-01  1.024556e+00  8.392053e-01 1.753981e+00
 3.083083e-01  9.165220e-01  5.975664e-01 1.197098e+00
 3.093093e-01  7.497690e-01  3.149859e-01 6.613696e-01
 3.103103e-01  5.323091e-01  1.190897e-02 2.834948e-01
 3.113113e-01  2.756854e-01 -2.897129e-01 1.599360e-01
 3.123123e-01 -5.694349e-03 -5.680182e-01 3.226771e-01
 3.133133e-01 -2.954312e-01 -8.028386e-01 7.318295e-01
 3.143143e-01 -5.761578e-01 -9.771891e-01 1.286856e+00
 3.153153e-01 -8.306425e-01 -1.078529e+00 1.853192e+00
 3.163163e-01 -1.042903e+00 -1.099697e+00 2.296981e+00
 3.173173e-01 -1.199255e+00 -1.039449e+00 2.518666e+00
 3.183183e-01 -1.289221e+00 -9.025450e-01 2.476678e+00
 3.193193e-01 -1.306252e+00 -6.993932e-01 2.195446e+00
 3.203203e-01 -1.248195e+00 -4.452596e-01 1.756247e+00
 3.213213e-01 -1.117489e+00 -1.591139e-01 1.274098e+00
 3.223223e-01 -9.210700e-01  1.378038e-01 8.673599e-01
 3.233233e-01 -6.699884e-01  4.235836e-01 6.283075e-01
 3.243243e-01 -3.787611e-01  6.772903e-01 6.021821e-01
 3.253253e-01 -6.450066e-02  8.805240e-01 7.794828e-01
 3.263263e-01  2.541271e-01  1.018777e+00 1.102486e+00
 3.273273e-01  5.580516e-01  1.082479e+00 1.483183e+00
 3.283283e-01  8.289807e-01  1.067666e+00 1.827119e+00
 3.293293e-01  1.050544e+00  9.761968e-01 2.056602e+00
 3.303303e-01  1.209322e+00  8.155418e-01 2.127569e+00
 3.313313e-01  1.295705e+00  5.981349e-01 2.036617e+00
 3.323323e-01  1.304507e+00  3.403639e-01 1.817587e+00
 3.333333e-01  1.235318e+00  6.127662e-02 1.529766e+00
 3.343343e-01  1.092552e+00 -2.188885e-01 1.241583e+00
 3.353353e-01  8.851930e-01 -4.802303e-01 1.014188e+00
 3.363363e-01  6.262503e-01 -7.046500e-01 8.887211e-01
 3.373373e-01  3.319576e-01 -8.771425e-01 8.795748e-01
 3.383383e-01  2.076091e-02 -9.868150e-01 9.742348e-01
 3.393393e-01 -2.878410e-01 -1.027565e+00 1.138743e+00
 3.403403e-01 -5.745289e-01 -9.983744e-01 1.326835e+00
 3.413413e-01 -8.213923e-01 -9.032048e-01 1.490464e+00
 3.423423e-01 -1.013075e+00 -7.505267e-01 1.589611e+00
 3.433433e-01 -1.137761e+00 -5.525245e-01 1.599783e+00
 3.443443e-01 -1.187941e+00 -3.240555e-01 1.516215e+00
 3.453453e-01 -1.160898e+00 -8.145700e-02 1.354319e+00
 3.463463e-01 -1.058889e+00  1.587010e-01 1.146432e+00
 3.473473e-01 -8.889996e-01  3.808150e-01 9.353403e-01
 3.483483e-01 -6.626846e-01  5.713100e-01 7.655460e-01
 3.493493e-01 -3.950214e-01  7.194862e-01 6.737023e-01
 3.503504e-01 -1.037228e-01  8.180984e-01 6.800434e-01
 3.513514e-01  1.920242e-01  8.636382e-01 7.827443e-01
 3.523524e-01  4.728181e-01  8.563171e-01 9.568359e-01
 3.533534e-01  7.203158e-01  7.997709e-01 1.158488e+00
 3.543544e-01  9.184353e-01  7.005326e-01 1.334269e+00
 3.553554e-01  1.054405e+00  5.673300e-01 1.433632e+00
 3.563564e-01  1.119588e+00  4.102828e-01 1.421809e+00
 3.573574e-01  1.110033e+00  2.400694e-01 1.289807e+00
 3.583584e-01  1.026705e+00  6.713772e-02 1.058630e+00
 3.593594e-01  8.753852e-01 -9.898229e-02 7.760967e-01
 3.603604e-01  6.662570e-01 -2.502143e-01 5.065056e-01
 3.613614e-01  4.131929e-01 -3.802925e-01 3.153507e-01
 3.623624e-01  1.328063e-01 -4.849275e-01 2.527922e-01
 3.633634e-01 -1.566704e-01 -5.617904e-01 3.401541e-01
 3.643644e-01 -4.366022e-01 -6.103380e-01 5.631339e-01
 3.653654e-01 -6.891770e-01 -6.315177e-01 8.737796e-01
 3.663664e-01 -8.985572e-01 -6.273958e-01 1.201031e+00
 3.673674e-01 -1.051879e+00 -6.007582e-01 1.467359e+00
 3.683684e-01 -1.140032e+00 -5.547294e-01 1.607398e+00
 3.693694e-01 -1.158178e+00 -4.924498e-01 1.583884e+00
 3.703704e-01 -1.105967e+00 -4.168396e-01 1.396918e+00
 3.713714e-01 -9.874520e-01 -3.304682e-01 1.084271e+00
 3.723724e-01 -8.107196e-01 -2.355291e-01 7.127402e-01
 3.733734e-01 -5.872594e-01 -1.339140e-01 3.628065e-01
 3.743744e-01 -3.311338e-01 -2.735992e-02 1.103982e-01
 3.753754e-01 -5.800876e-02  8.235513e-02 1.014738e-02
 3.763764e-01  2.158833e-01  1.932089e-01 8.393530e-02
 3.773774e-01  4.747730e-01  3.027546e-01 3.170697e-01
 3.783784e-01  7.043072e-01  4.079997e-01 6.625123e-01
 3.793794e-01  8.923631e-01  5.053673e-01 1.051708e+00
 3.803804e-01  1.029678e+00  5.907585e-01 1.409232e+00
 3.813814e-01  1.110256e+00  6.597161e-01 1.667895e+00
 3.823824e-01  1.131551e+00  7.076884e-01 1.781231e+00
 3.833834e-01  1.094410e+00  7.303663e-01 1.731167e+00
 3.843844e-01  1.002812e+00  7.240728e-01 1.529913e+00
 3.853854e-01  8.634402e-01  6.861611e-01 1.216346e+00
 3.863864e-01  6.851104e-01  6.153883e-01 8.480790e-01
 3.873874e-01  4.781305e-01  5.122196e-01 4.909778e-01
 3.883884e-01  2.536280e-01  3.790328e-01 2.079930e-01
 3.893894e-01  2.289925e-02  2.201881e-01 4.900717e-02
 3.903904e-01 -2.031778e-01  4.195361e-02 4.304132e-02
 3.913914e-01 -4.146375e-01 -1.477277e-01 1.937477e-01
 3.923924e-01 -6.028044e-01 -3.396142e-01 4.787109e-01
 3.933934e-01 -7.605505e-01 -5.236714e-01 8.526689e-01
 3.943944e-01 -8.824327e-01 -6.896694e-01 1.254331e+00
 3.953954e-01 -9.647275e-01 -8.278354e-01 1.616011e+00
 3.963964e-01 -1.005382e+00 -9.295112e-01 1.874785e+00
 3.973974e-01 -1.003910e+00 -9.877690e-01 1.983523e+00
 3.983984e-01 -9.612510e-01 -9.979343e-01 1.919876e+00
 3.993994e-01 -8.796283e-01 -9.579792e-01 1.691470e+00
 4.004004e-01 -7.624114e-01 -8.687467e-01 1.335992e+00
 4.014014e-01 -6.140003e-01 -7.339917e-01 9.157401e-01
 4.024024e-01 -4.397302e-01 -5.602238e-01 5.072133e-01
 4.034034e-01 -2.457929e-01 -3.563665e-01 1.874113e-01
 4.044044e-01 -3.915858e-02 -1.332449e-01 1.928759e-02
 4.054054e-01  1.725167e-01  9.705780e-02 3.918223e-02
 4.064064e-01  3.810203e-01  3.219375e-01 2.488202e-01
 4.074074e-01  5.777642e-01  5.290458e-01 6.137010e-01
 4.084084e-01  7.540350e-01  7.070582e-01 1.068500e+00
 4.094094e-01  9.013140e-01  8.463753e-01 1.528718e+00
 4.104104e-01  1.011668e+00  9.397165e-01 1.906539e+00
 4.114114e-01  1.078192e+00  9.825593e-01 2.127921e+00
 4.124124e-01  1.095482e+00  9.734017e-01 2.147593e+00
 4.134134e-01  1.060101e+00  9.138259e-01 1.958892e+00
 4.144144e-01  9.709970e-01  8.083653e-01 1.596290e+00
 4.154154e-01  8.298339e-01  6.641805e-01 1.129760e+00
 4.164164e-01  6.411879e-01  4.905746e-01 6.517853e-01
 4.174174e-01  4.125737e-01  2.983735e-01 2.592438e-01
 4.184184e-01  1.542783e-01  9.922338e-02 3.364706e-02
 4.194194e-01 -1.210162e-01 -9.515777e-02 2.369992e-02
 4.204204e-01 -3.988093e-01 -2.737140e-01 2.339682e-01
 4.214214e-01 -6.635448e-01 -4.267342e-01 6.223938e-01
 4.224224e-01 -8.995116e-01 -5.464298e-01 1.107707e+00
 4.234234e-01 -1.091836e+00 -6.273822e-01 1.585714e+00
 4.244244e-01 -1.227491e+00 -6.668228e-01 1.951388e+00
 4.254254e-01 -1.296260e+00 -6.647409e-01 2.122170e+00
 4.264264e-01 -1.291560e+00 -6.238053e-01 2.057260e+00
 4.274274e-01 -1.211083e+00 -5.491172e-01 1.768251e+00
 4.284284e-01 -1.057164e+00 -4.478028e-01 1.318123e+00
 4.294294e-01 -8.368593e-01 -3.284842e-01 8.082354e-01
 4.304304e-01 -5.616942e-01 -2.006533e-01 3.557621e-01
 4.314314e-01 -2.470928e-01 -7.400169e-02 6.653110e-02
 4.324324e-01  8.849146e-02  4.226224e-02 9.616837e-03
 4.334334e-01  4.246884e-01  1.400500e-01 1.999742e-01
 4.344344e-01  7.405042e-01  2.129568e-01 5.936971e-01
 4.354354e-01  1.015700e+00  2.566989e-01 1.097540e+00
 4.364364e-01  1.232166e+00  2.694103e-01 1.590816e+00
 4.374374e-01  1.375193e+00  2.517606e-01 1.954538e+00
 4.384384e-01  1.434536e+00  2.069010e-01 2.100703e+00
 4.394394e-01  1.405207e+00  1.402207e-01 1.994268e+00
 4.404404e-01  1.287912e+00  5.894530e-02 1.662193e+00
 4.414414e-01  1.089113e+00 -2.841771e-02 1.186974e+00
 4.424424e-01  8.206861e-01 -1.127307e-01 6.862339e-01
 4.434434e-01  4.992057e-01 -1.849534e-01 2.834141e-01
 4.444444e-01  1.448930e-01 -2.368716e-01 7.710215e-02
 4.454454e-01 -2.197045e-01 -2.617998e-01 1.168092e-01
 4.464464e-01 -5.712000e-01 -2.551758e-01 3.913841e-01
 4.474474e-01 -8.869355e-01 -2.150288e-01 8.328919e-01
 4.484484e-01 -1.146501e+00 -1.422477e-01 1.334700e+00
 4.494494e-01 -1.333122e+00 -4.065301e-02 1.778866e+00
 4.504505e-01 -1.434784e+00  8.317681e-02 2.065523e+00
 4.514515e-01 -1.445060e+00  2.202883e-01 2.136724e+00
 4.524525e-01 -1.363529e+00  3.599624e-01 1.988784e+00
 4.534535e-01 -1.195811e+00  4.904756e-01 1.670530e+00
 4.544545e-01 -9.531653e-01  6.000019e-01 1.268526e+00
 4.554555e-01 -6.517294e-01  6.775480e-01 8.838225e-01
 4.564565e-01 -3.114069e-01  7.138955e-01 6.066210e-01
 4.574575e-01  4.547121e-02  7.024268e-01 4.954711e-01
 4.584585e-01  3.956632e-01  6.398149e-01 5.659125e-01
 4.594595e-01  7.165589e-01  5.264591e-01 7.906159e-01
 4.604605e-01  9.876912e-01  3.666803e-01 1.109988e+00
 4.614615e-01  1.192058e+00  1.685826e-01 1.449423e+00
 4.624625e-01  1.317229e+00 -5.635127e-02 1.738268e+00
 4.634635e-01  1.356095e+00 -2.939904e-01 1.925425e+00
 4.644645e-01  1.307292e+00 -5.284795e-01 1.988302e+00
 4.654655e-01  1.175189e+00 -7.433867e-01 1.933692e+00
 4.664665e-01  9.695444e-01 -9.228891e-01 1.791741e+00
 4.674675e-01  7.047577e-01 -1.053016e+00 1.605526e+00
 4.684685e-01  3.988791e-01 -1.122727e+00 1.419621e+00
 4.694695e-01  7.233578e-02 -1.124879e+00 1.270584e+00
 4.704705e-01 -2.534044e-01 -1.056831e+00 1.181106e+00
 4.714715e-01 -5.572956e-01 -9.208286e-01 1.158504e+00
 4.724725e-01 -8.200237e-01 -7.239049e-01 1.196477e+00
 4.734735e-01 -1.025288e+00 -4.775443e-01 1.279265e+00
 4.744745e-01 -1.160731e+00 -1.968567e-01 1.386050e+00
 4.754755e-01 -1.218744e+00  1.003733e-01 1.495412e+00
 4.764765e-01 -1.196765e+00  3.950477e-01 1.588308e+00
 4.774775e-01 -1.097470e+00  6.679964e-01 1.650660e+00
 4.784785e-01 -9.283472e-01  9.015227e-01 1.674572e+00
 4.794795e-01 -7.013220e-01  1.080481e+00 1.659291e+00
 4.804805e-01 -4.316472e-01  1.193634e+00 1.611082e+00
 4.814815e-01 -1.372452e-01  1.234080e+00 1.541791e+00
 4.824825e-01  1.630327e-01  1.200255e+00 1.467191e+00
 4.834835e-01  4.496846e-01  1.095107e+00 1.401476e+00
 4.844845e-01  7.056519e-01  9.275300e-01 1.358256e+00
 4.854855e-01  9.095576e-01  7.050268e-01 1.324358e+00
 4.864865e-01  1.013278e+00  4.173005e-01 1.200873e+00
 4.874875e-01  1.001352e+00  9.174156e-02 1.011123e+00
 4.884885e-01  8.768286e-01 -2.343872e-01 8.237657e-01
 4.894895e-01  6.542216e-01 -5.261544e-01 7.048444e-01
 4.904905e-01  3.594365e-01 -7.530026e-01 6.962075e-01
 4.914915e-01  2.589894e-02 -8.929679e-01 7.980625e-01
 4.924925e-01 -3.087414e-01 -9.342805e-01 9.682014e-01
 4.934935e-01 -6.071964e-01 -8.766461e-01 1.137196e+00
 4.944945e-01 -8.364433e-01 -7.305080e-01 1.233279e+00
 4.954955e-01 -9.715230e-01 -5.155641e-01 1.209663e+00
 4.964965e-01 -9.980915e-01 -2.579346e-01 1.062717e+00
 4.974975e-01 -9.139884e-01  1.299243e-02 8.355435e-01
 4.984985e-01 -7.292722e-01  2.681348e-01 6.037343e-01
 4.994995e-01 -4.650242e-01  4.818692e-01 4.484454e-01
 5.005005e-01 -1.508710e-01  6.347261e-01 4.256393e-01
 5.015015e-01  1.783558e-01  7.150790e-01 5.431488e-01
 5.025025e-01  4.865037e-01  7.198969e-01 7.549375e-01
 5.035035e-01  7.400918e-01  6.543717e-01 9.759382e-01
 5.045045e-01  9.119118e-01  5.306778e-01 1.113202e+00
 5.055055e-01  9.839688e-01  3.659878e-01 1.102142e+00
 5.065065e-01  9.492607e-01  1.801111e-01 9.335359e-01
 5.075075e-01  8.124871e-01 -6.952296e-03 6.601836e-01
 5.085085e-01  5.892645e-01 -1.772381e-01 3.786460e-01
 5.095095e-01  3.044405e-01 -3.165247e-01 1.928719e-01
 5.105105e-01 -1.093307e-02 -4.154544e-01 1.727219e-01
 5.115115e-01 -3.227582e-01 -4.698374e-01 3.249200e-01
 5.125125e-01 -5.980089e-01 -4.804388e-01 5.884361e-01
 5.135135e-01 -8.076599e-01 -4.519667e-01 8.565884e-01
 5.145145e-01 -9.307220e-01 -3.921110e-01 1.019994e+00
 5.155155e-01 -9.543724e-01 -3.096592e-01 1.006715e+00
 5.165165e-01 -8.830723e-01 -2.152360e-01 8.261432e-01
 5.175175e-01 -7.591110e-01 -1.250091e-01 5.918768e-01
 5.185185e-01 -5.967041e-01 -4.292769e-02 3.578986e-01
 5.195195e-01 -4.049898e-01  3.067290e-02 1.649576e-01
 5.205205e-01 -1.957718e-01  9.623385e-02 4.758753e-02
 5.215215e-01  1.931726e-02  1.552117e-01 2.446381e-02
 5.225225e-01  2.285059e-01  2.093527e-01 9.604350e-02
 5.235235e-01  4.212034e-01  2.604208e-01 2.452313e-01
 5.245245e-01  5.881488e-01  3.096704e-01 4.418148e-01
 5.255255e-01  7.221618e-01  3.575984e-01 6.493943e-01
 5.265265e-01  8.181943e-01  4.036724e-01 8.323933e-01
 5.275275e-01  8.736275e-01  4.463054e-01 9.624135e-01
 5.285285e-01  8.880798e-01  4.828982e-01 1.021876e+00
 5.295295e-01  8.633301e-01  5.100860e-01 1.005527e+00
 5.305305e-01  8.029046e-01  5.240531e-01 9.192875e-01
 5.315315e-01  7.117601e-01  5.209720e-01 7.780144e-01
 5.325325e-01  5.957672e-01  4.974503e-01 6.023954e-01
 5.335335e-01  4.613201e-01  4.509983e-01 4.162157e-01
 5.345345e-01  3.148648e-01  3.804211e-01 2.438600e-01
 5.355355e-01  1.625911e-01  2.861320e-01 1.083074e-01
 5.365365e-01  1.012388e-02  1.703222e-01 2.911216e-02
 5.375375e-01 -1.376084e-01  3.699082e-02 2.030440e-02
 5.385385e-01 -2.764734e-01 -1.081959e-01 8.814389e-02
 5.395395e-01 -4.030810e-01 -2.581886e-01 2.291357e-01
 5.405405e-01 -5.147138e-01 -4.049816e-01 4.289405e-01
 5.415415e-01 -6.091607e-01 -5.401333e-01 6.628207e-01
 5.425425e-01 -6.845809e-01 -6.553532e-01 8.981388e-01
 5.435435e-01 -7.393419e-01 -7.430979e-01 1.098821e+00
 5.445445e-01 -7.719381e-01 -7.971373e-01 1.231316e+00
 5.455455e-01 -7.809396e-01 -8.130371e-01 1.270896e+00
 5.465465e-01 -7.650499e-01 -7.885278e-01 1.207077e+00
 5.475475e-01 -7.232130e-01 -7.237214e-01 1.046810e+00
 5.485485e-01 -6.548176e-01 -6.211672e-01 8.146348e-01
 5.495495e-01 -5.599252e-01 -4.857348e-01 5.494545e-01
 5.505506e-01 -4.395430e-01 -3.243375e-01 2.983928e-01
 5.515516e-01 -2.958598e-01 -1.455142e-01 1.087074e-01
 5.525526e-01 -1.324514e-01  4.109834e-02 1.923245e-02
 5.535536e-01  4.562016e-02  2.253657e-01 5.287092e-02
 5.545546e-01  2.318075e-01  3.972855e-01 2.115705e-01
 5.555556e-01  4.182327e-01  5.476026e-01 4.747872e-01
 5.565566e-01  5.959725e-01  6.683699e-01 8.019016e-01
 5.575576e-01  7.554990e-01  7.534177e-01 1.138417e+00
 5.585586e-01  8.872261e-01  7.987027e-01 1.425096e+00
 5.595596e-01  9.821541e-01  8.025187e-01 1.608663e+00
 5.605606e-01  1.032542e+00  7.655576e-01 1.652221e+00
 5.615616e-01  1.032576e+00  6.908229e-01 1.543449e+00
 5.625626e-01  9.789570e-01  5.834044e-01 1.298717e+00
 5.635636e-01  8.713695e-01  4.501333e-01 9.619048e-01
 5.645646e-01  7.127630e-01  2.991413e-01 5.975166e-01
 5.655656e-01  5.094284e-01  1.393537e-01 2.789367e-01
 5.665666e-01  2.708274e-01 -2.005225e-02 7.374960e-02
 5.675676e-01  9.187969e-03 -1.701911e-01 2.904943e-02
 5.685686e-01 -2.611365e-01 -3.029844e-01 1.599918e-01
 5.695696e-01 -5.244925e-01 -4.116188e-01 4.445225e-01
 5.705706e-01 -7.649016e-01 -4.909226e-01 8.260795e-01
 5.715716e-01 -9.671056e-01 -5.376407e-01 1.224351e+00
 5.725726e-01 -1.117621e+00 -5.505956e-01 1.552231e+00
 5.735736e-01 -1.205710e+00 -5.307239e-01 1.735404e+00
 5.745746e-01 -1.224214e+00 -4.809886e-01 1.730050e+00
 5.755756e-01 -1.170158e+00 -4.061703e-01 1.534244e+00
 5.765766e-01 -1.045097e+00 -3.125477e-01 1.189914e+00
 5.775776e-01 -8.551559e-01 -2.074843e-01 7.743413e-01
 5.785786e-01 -6.107584e-01 -9.894260e-02 3.828155e-01
 5.795796e-01 -3.260512e-01  5.046582e-03 1.063349e-01
 5.805806e-01 -1.806133e-02  9.693026e-02 9.721688e-03
 5.815816e-01  2.943661e-01  1.701600e-01 1.156058e-01
 5.825826e-01  5.917710e-01  2.196662e-01 3.984462e-01
 5.835836e-01  8.553506e-01  2.422452e-01 7.903073e-01
 5.845846e-01  1.068203e+00  2.368293e-01 1.197146e+00
 5.855856e-01  1.216465e+00  2.046150e-01 1.521655e+00
 5.865866e-01  1.290257e+00  1.490316e-01 1.686974e+00
 5.875876e-01  1.284373e+00  7.554271e-02 1.655320e+00
 5.885886e-01  1.198659e+00 -8.712910e-03 1.436860e+00
 5.895896e-01  1.038070e+00 -9.542856e-02 1.086696e+00
 5.905906e-01  8.123691e-01 -1.757518e-01 6.908322e-01
 5.915916e-01  5.355226e-01 -2.409846e-01 3.448580e-01
 5.925926e-01  2.248045e-01 -2.833095e-01 1.308014e-01
 5.935936e-01 -1.003142e-01 -2.964889e-01 9.796862e-02
 5.945946e-01 -4.194257e-01 -2.764769e-01 2.523573e-01
 5.955956e-01 -7.125037e-01 -2.218921e-01 5.568977e-01
 5.965966e-01 -9.611987e-01 -1.343016e-01 9.419398e-01
 5.975976e-01 -1.150017e+00 -1.828177e-02 1.322873e+00
 5.985986e-01 -1.267313e+00  1.187643e-01 1.620187e+00
 5.995996e-01 -1.306024e+00  2.670318e-01 1.777006e+00
 6.006006e-01 -1.264106e+00  4.149643e-01 1.770161e+00
 6.016016e-01 -1.144637e+00  5.500869e-01 1.612789e+00
 6.026026e-01 -9.555887e-01  6.599669e-01 1.348706e+00
 6.036036e-01 -7.092839e-01  7.332288e-01 1.040708e+00
 6.046046e-01 -4.215737e-01  7.605446e-01 7.561525e-01
 6.056056e-01 -1.107922e-01  7.355141e-01 5.532560e-01
 6.066066e-01  2.034395e-01  6.553611e-01 4.708858e-01
 6.076076e-01  5.014837e-01  5.213735e-01 5.233162e-01
 6.086086e-01  7.649446e-01  3.390439e-01 7.000910e-01
 6.096096e-01  9.778365e-01  1.178803e-01 9.700600e-01
 6.106106e-01  1.127582e+00 -1.291088e-01 1.288111e+00
 6.116116e-01  1.205784e+00 -3.862313e-01 1.603089e+00
 6.126126e-01  1.208710e+00 -6.361724e-01 1.865696e+00
 6.136136e-01  1.137482e+00 -8.612278e-01 2.035578e+00
 6.146146e-01  9.979325e-01 -1.044613e+00 2.087086e+00
 6.156156e-01  8.001717e-01 -1.171750e+00 2.013273e+00
 6.166166e-01  5.578679e-01 -1.231426e+00 1.827626e+00
 6.176176e-01  2.873112e-01 -1.216729e+00 1.562977e+00
 6.186186e-01  6.313476e-03 -1.125685e+00 1.267207e+00
 6.196196e-01 -2.669773e-01 -9.615348e-01 9.958260e-01
 6.206206e-01 -5.152709e-01 -7.326236e-01 8.022415e-01
 6.216216e-01 -7.232570e-01 -4.519112e-01 7.273244e-01
 6.226226e-01 -8.785817e-01 -1.361272e-01 7.904365e-01
 6.236236e-01 -9.726153e-01  1.953599e-01 9.841459e-01
 6.246246e-01 -1.000961e+00  5.218779e-01 1.274279e+00
 6.256256e-01 -9.636721e-01  8.228873e-01 1.605807e+00
 6.266266e-01 -8.651705e-01  1.079410e+00 1.913646e+00
 6.276276e-01 -7.138650e-01  1.275341e+00 2.136098e+00
 6.286286e-01 -5.215096e-01  1.398543e+00 2.227895e+00
 6.296296e-01 -3.023393e-01  1.441645e+00 2.169750e+00
 6.306306e-01 -7.205015e-02  1.402489e+00 1.972168e+00
 6.316316e-01  1.533079e-01  1.284195e+00 1.672659e+00
 6.326326e-01  3.584445e-01  1.094843e+00 1.327164e+00
 6.336336e-01  5.298747e-01  8.468222e-01 9.978751e-01
 6.346346e-01  6.568203e-01  5.558788e-01 7.404141e-01
 6.356356e-01  7.319088e-01  2.399662e-01 5.932742e-01
 6.366366e-01  7.516189e-01 -8.202070e-02 5.716583e-01
 6.376376e-01  7.164469e-01 -3.915279e-01 6.665903e-01
 6.386386e-01  6.307825e-01 -6.715410e-01 8.488539e-01
 6.396396e-01  5.025077e-01 -9.076184e-01 1.076285e+00
 6.406406e-01  3.423509e-01 -1.088688e+00 1.302445e+00
 6.416416e-01  1.630461e-01 -1.207562e+00 1.484789e+00
 6.426426e-01 -2.163973e-02 -1.261148e+00 1.590962e+00
 6.436436e-01 -1.979360e-01 -1.250360e+00 1.602580e+00
 6.446446e-01 -3.530806e-01 -1.179756e+00 1.516490e+00
 6.456456e-01 -4.762363e-01 -1.056945e+00 1.343935e+00
 6.466466e-01 -5.592484e-01 -8.918424e-01 1.108142e+00
 6.476476e-01 -5.971851e-01 -6.958173e-01 8.407917e-01
 6.486486e-01 -5.886265e-01 -4.808322e-01 5.776808e-01
 6.496496e-01 -5.356819e-01 -2.586269e-01 3.538430e-01
 6.506507e-01 -4.437398e-01 -4.001111e-02 1.985059e-01
 6.516517e-01 -3.209728e-01  1.656882e-01 1.304761e-01
 6.526527e-01 -1.776419e-01  3.509992e-01 1.547571e-01
 6.536537e-01 -2.525480e-02  5.104860e-01 2.612337e-01
 6.546547e-01  1.243516e-01  6.407468e-01 4.260198e-01
 6.556557e-01  2.599330e-01  7.402530e-01 6.155397e-01
 6.566567e-01  3.716898e-01  8.090636e-01 7.927372e-01
 6.576577e-01  4.519854e-01  8.484596e-01 9.241744e-01
 6.586587e-01  4.958756e-01  8.605448e-01 9.864300e-01
 6.596597e-01  5.014114e-01  8.478574e-01 9.702755e-01
 6.606607e-01  4.696949e-01  8.130325e-01 8.816351e-01
 6.616617e-01  4.046922e-01  7.585450e-01 7.391663e-01
 6.626627e-01  3.128202e-01  6.865540e-01 5.692128e-01
 6.636637e-01  2.023497e-01  5.988522e-01 3.995694e-01
 6.646647e-01  8.267619e-02  4.969185e-01 2.537633e-01
 6.656657e-01 -3.647818e-02  3.820540e-01 1.472959e-01
 6.666667e-01 -1.458634e-01  2.555794e-01 8.659695e-02
 6.676677e-01 -2.374357e-01  1.190605e-01 7.055109e-02
 6.686687e-01 -3.049669e-01 -2.546838e-02 9.365346e-02
 6.696697e-01 -3.444828e-01 -1.753181e-01 1.494049e-01
 6.706707e-01 -3.544970e-01 -3.270208e-01 2.326107e-01
 6.716717e-01 -3.360276e-01 -4.762912e-01 3.397678e-01
 6.726727e-01 -2.924020e-01 -6.180855e-01 4.675286e-01
 6.736737e-01 -2.288726e-01 -7.467605e-01 6.100340e-01
 6.746747e-01 -1.520817e-01 -8.563272e-01 7.564251e-01
 6.756757e-01 -6.942878e-02 -9.407823e-01 8.898917e-01
 6.766767e-01  1.160461e-02 -9.944958e-01 9.891565e-01
 6.776777e-01  8.410958e-02 -1.012624e+00 1.032482e+00
 6.786787e-01  1.423286e-01 -9.915172e-01 1.003364e+00
 6.796797e-01  1.821100e-01 -9.290894e-01 8.963712e-01
 6.806807e-01  2.012006e-01 -8.251171e-01 7.213000e-01
 6.816817e-01  1.993581e-01 -6.814432e-01 5.041085e-01
 6.826827e-01  1.782767e-01 -5.020625e-01 2.838494e-01
 6.836837e-01  1.413417e-01 -2.930781e-01 1.058723e-01
 6.846847e-01  9.323844e-02 -6.252240e-02 1.260246e-02
 6.856857e-01  3.945797e-02  1.799520e-01 3.393966e-02
 6.866867e-01 -1.425344e-02  4.234989e-01 1.795545e-01
 6.876877e-01 -6.244771e-02  6.566013e-01 4.350249e-01
 6.886887e-01 -1.004814e-01  8.676632e-01 7.629359e-01
 6.896897e-01 -1.249293e-01  1.045638e+00 1.108965e+00
 6.906907e-01 -1.338708e-01  1.180655e+00 1.411867e+00
 6.916917e-01 -1.270258e-01  1.264614e+00 1.615384e+00
 6.926927e-01 -1.057328e-01  1.291702e+00 1.679672e+00
 6.936937e-01 -7.277511e-02  1.258804e+00 1.589885e+00
 6.946947e-01 -3.207594e-02  1.165790e+00 1.360094e+00
 6.956957e-01  1.170607e-02  1.015629e+00 1.031640e+00
 6.966967e-01  5.364155e-02  8.143567e-01 6.660543e-01
 6.976977e-01  8.901136e-02  5.708502e-01 3.337929e-01
 6.986987e-01  1.137597e-01  2.964519e-01 1.008250e-01
 6.996997e-01  1.248794e-01  4.433680e-03 1.561453e-02
 7.007007e-01  1.206973e-01 -2.906635e-01 9.905310e-02
 7.017017e-01  1.010354e-01 -5.737845e-01 3.394368e-01
 7.027027e-01  6.723802e-02 -8.301697e-01 6.937028e-01
 7.037037e-01  2.206468e-02 -1.046176e+00 1.094971e+00
 7.047047e-01 -3.053879e-02 -1.210059e+00 1.465176e+00
 7.057057e-01 -8.576948e-02 -1.312678e+00 1.730481e+00
 7.067067e-01 -1.383677e-01 -1.348067e+00 1.836431e+00
 7.077077e-01 -1.830544e-01 -1.313846e+00 1.759701e+00
 7.087087e-01 -2.149704e-01 -1.211435e+00 1.513787e+00
 7.097097e-01 -2.300836e-01 -1.046054e+00 1.147168e+00
 7.107107e-01 -2.255343e-01 -8.265012e-01 7.339700e-01
 7.117117e-01 -1.998942e-01 -5.647118e-01 3.588572e-01
 7.127127e-01 -1.533223e-01 -2.751237e-01 9.920080e-02
 7.137137e-01 -8.760905e-02  2.612489e-02 8.357855e-03
 7.147147e-01 -6.107690e-03  3.221179e-01 1.037973e-01
 7.157157e-01  8.644167e-02  5.961513e-01 3.628686e-01
 7.167167e-01  1.841822e-01  8.327315e-01 7.273649e-01
 7.177177e-01  2.804885e-01  1.018520e+00 1.116056e+00
 7.187187e-01  3.683710e-01  1.143160e+00 1.442513e+00
 7.197197e-01  4.409150e-01  1.199940e+00 1.634263e+00
 7.207207e-01  4.917299e-01  1.186229e+00 1.648938e+00
 7.217217e-01  5.153842e-01  1.103669e+00 1.483706e+00
 7.227227e-01  5.078043e-01  9.580972e-01 1.175815e+00
 7.237237e-01  4.666133e-01  7.591991e-01 7.941112e-01
 7.247247e-01  3.913908e-01  5.199089e-01 4.234920e-01
 7.257257e-01  2.838355e-01  2.555951e-01 1.458915e-01
 7.267267e-01  1.478152e-01 -1.692044e-02 2.213565e-02
 7.277277e-01 -1.070596e-02 -2.804460e-01 7.876455e-02
 7.287287e-01 -1.838700e-01 -5.185348e-01 3.026865e-01
 7.297297e-01 -3.622559e-01 -7.165567e-01 6.446828e-01
 7.307307e-01 -5.353336e-01 -8.626525e-01 1.030751e+00
 7.317317e-01 -6.920247e-01 -9.485050e-01 1.378560e+00
 7.327327e-01 -8.213474e-01 -9.698730e-01 1.615265e+00
 7.337337e-01 -9.131131e-01 -9.268480e-01 1.692823e+00
 7.347347e-01 -9.586372e-01 -8.238165e-01 1.597659e+00
 7.357357e-01 -9.514172e-01 -6.691270e-01 1.352926e+00
 7.367367e-01 -8.877304e-01 -4.744850e-01 1.013201e+00
 7.377377e-01 -7.671029e-01 -2.541180e-01 6.530228e-01
 7.387387e-01 -5.926035e-01 -2.376856e-02 3.517438e-01
 7.397397e-01 -3.709264e-01  2.004131e-01 1.777518e-01
 7.407407e-01 -1.122360e-01  4.029985e-01 1.750047e-01
 7.417417e-01  1.702381e-01  5.703515e-01 3.542819e-01
 7.427427e-01  4.608469e-01  6.915644e-01 6.906411e-01
 7.437437e-01  7.423845e-01  7.591921e-01 1.127508e+00
 7.447447e-01  9.971226e-01  7.697346e-01 1.586745e+00
 7.457457e-01  1.207954e+00  7.238309e-01 1.983083e+00
 7.467467e-01  1.359569e+00  6.261569e-01 2.240502e+00
 7.477477e-01  1.439589e+00  4.850324e-01 2.307674e+00
 7.487487e-01  1.439554e+00  3.117710e-01 2.169516e+00
 7.497497e-01  1.355700e+00  1.198198e-01 1.852279e+00
 7.507508e-01  1.189449e+00 -7.624396e-02 1.420602e+00
 7.517518e-01  9.475575e-01 -2.617887e-01 9.663985e-01
 7.527528e-01  6.418947e-01 -4.231938e-01 5.911218e-01
 7.537538e-01  2.888556e-01 -5.488307e-01 3.846526e-01
 7.547548e-01 -9.157236e-02 -6.298857e-01 4.051415e-01
 7.557558e-01 -4.770288e-01 -6.609695e-01 6.644371e-01
 7.567568e-01 -8.442097e-01 -6.404688e-01 1.122890e+00
 7.577578e-01 -1.170406e+00 -5.706187e-01 1.695455e+00
 7.587588e-01 -1.435040e+00 -4.572933e-01 2.268457e+00
 7.597598e-01 -1.621093e+00 -3.095326e-01 2.723752e+00
 7.607608e-01 -1.716302e+00 -1.388439e-01 2.964972e+00
 7.617618e-01 -1.714051e+00  4.166937e-02 2.939707e+00
 7.627628e-01 -1.613865e+00  2.182866e-01 2.652208e+00
 7.637638e-01 -1.421485e+00  3.776833e-01 2.163264e+00
 7.647648e-01 -1.148503e+00  5.079060e-01 1.577028e+00
 7.657658e-01 -8.115826e-01  5.992372e-01 1.017752e+00
 7.667668e-01 -4.313226e-01  6.448908e-01 6.019233e-01
 7.677678e-01 -3.085315e-02  6.414871e-01 4.124576e-01
 7.687688e-01  3.657389e-01  5.892770e-01 4.810123e-01
 7.697698e-01  7.350315e-01  4.921006e-01 7.824343e-01
 7.707708e-01  1.055817e+00  3.570869e-01 1.242261e+00
 7.717718e-01  1.310468e+00  1.941167e-01 1.755007e+00
 7.727728e-01  1.486012e+00  1.509100e-02 2.208459e+00
 7.737738e-01  1.574859e+00 -1.669416e-01 2.508051e+00
 7.747748e-01  1.575118e+00 -3.387345e-01 2.595737e+00
 7.757758e-01  1.490498e+00 -4.878012e-01 2.459535e+00
 7.767768e-01  1.329822e+00 -6.033130e-01 2.132413e+00
 7.777778e-01  1.106189e+00 -6.768721e-01 1.681809e+00
 7.787788e-01  8.358717e-01 -7.031057e-01 1.193039e+00
 7.797798e-01  5.370471e-01 -6.800399e-01 7.508739e-01
 7.807808e-01  2.284505e-01 -6.092273e-01 4.233476e-01
 7.817818e-01 -7.192521e-02 -4.956213e-01 2.508137e-01
 7.827828e-01 -3.479963e-01 -3.472065e-01 2.416538e-01
 7.837838e-01 -5.865349e-01 -1.744142e-01 3.744435e-01
 7.847848e-01 -7.778365e-01  1.063483e-02 6.051427e-01
 7.857858e-01 -9.160726e-01  1.950048e-01 8.772159e-01
 7.867868e-01 -9.993223e-01  3.658730e-01 1.132508e+00
 7.877878e-01 -1.029302e+00  5.114442e-01 1.321038e+00
 7.887888e-01 -1.010840e+00  6.217860e-01 1.408416e+00
 7.897898e-01 -9.511531e-01  6.895252e-01 1.380137e+00
 7.907908e-01 -8.590088e-01  7.103547e-01 1.242500e+00
 7.917918e-01 -7.438477e-01  6.833162e-01 1.020230e+00
 7.927928e-01 -6.149467e-01  6.108388e-01 7.512835e-01
 7.937938e-01 -4.806944e-01  4.985332e-01 4.796024e-01
 7.947948e-01 -3.480315e-01  3.547558e-01 2.469776e-01
 7.957958e-01 -2.220945e-01  1.899794e-01 8.541814e-02
 7.967968e-01 -1.060784e-01  1.601490e-02 1.150910e-02
 7.977978e-01 -1.311157e-03 -1.548555e-01 2.398195e-02
 7.987988e-01  9.248246e-02 -3.107703e-01 1.051312e-01
 7.997998e-01  1.767712e-01 -4.411389e-01 2.258516e-01
 8.008008e-01  2.537129e-01 -5.373885e-01 3.531566e-01
 8.018018e-01  3.256145e-01 -5.935522e-01 4.583291e-01
 8.028028e-01  3.944162e-01 -6.066577e-01 5.235977e-01
 8.038038e-01  4.612522e-01 -5.768888e-01 5.455543e-01
 8.048048e-01  5.261340e-01 -5.075119e-01 5.343853e-01
 8.058058e-01  5.877856e-01 -4.045751e-01 5.091729e-01
 8.068068e-01  6.436454e-01 -2.764070e-01 4.906803e-01
 8.078078e-01  6.900344e-01 -1.329562e-01 4.938249e-01
 8.088088e-01  7.224712e-01  1.497712e-02 5.221890e-01
 8.098098e-01  7.361045e-01  1.565550e-01 5.663594e-01
 8.108108e-01  7.262209e-01  2.817011e-01 6.067524e-01
 8.118118e-01  6.887793e-01  3.818229e-01 6.202057e-01
 8.128128e-01  6.209225e-01  4.504049e-01 5.884093e-01
 8.138138e-01  5.214184e-01  4.834302e-01 5.055818e-01
 8.148148e-01  3.909878e-01  4.796028e-01 3.828903e-01
 8.158158e-01  2.324888e-01  4.403595e-01 2.479675e-01
 8.168168e-01  5.093637e-02  3.696754e-01 1.392544e-01
 8.178178e-01 -1.466488e-01  2.736857e-01 9.640972e-02
 8.188188e-01 -3.515549e-01  1.601578e-01 1.492414e-01
 8.198198e-01 -5.538372e-01  3.785963e-02 3.081690e-01
 8.208208e-01 -7.428896e-01 -8.412384e-02 5.589618e-01
 8.218218e-01 -9.080892e-01 -1.970709e-01 8.634629e-01
 8.228228e-01 -1.039470e+00 -2.932488e-01 1.166493e+00
 8.238238e-01 -1.128380e+00 -3.664384e-01 1.407518e+00
 8.248248e-01 -1.168074e+00 -4.123228e-01 1.534406e+00
 8.258258e-01 -1.154204e+00 -4.287157e-01 1.515984e+00
 8.268268e-01 -1.085176e+00 -4.156203e-01 1.350346e+00
 8.278278e-01 -9.623369e-01 -3.751226e-01 1.066809e+00
 8.288288e-01 -7.900009e-01 -3.111360e-01 7.209070e-01
 8.298298e-01 -5.752852e-01 -2.290246e-01 3.834053e-01
 8.308308e-01 -3.277866e-01 -1.351409e-01 1.257071e-01
 8.318318e-01 -5.910538e-02 -3.631805e-02 4.812447e-03
 8.328328e-01  2.177526e-01  6.064305e-02 5.109377e-02
 8.338338e-01  4.890601e-01  1.494530e-01 2.615160e-01
 8.348348e-01  7.411016e-01  2.247464e-01 5.997425e-01
 8.358358e-01  9.609131e-01  2.824012e-01 1.003104e+00
 8.368368e-01  1.136987e+00  3.197499e-01 1.394980e+00
 8.378378e-01  1.259905e+00  3.356736e-01 1.700037e+00
 8.388388e-01  1.322860e+00  3.305820e-01 1.859242e+00
 8.398398e-01  1.322046e+00  3.062889e-01 1.841620e+00
 8.408408e-01  1.256891e+00  2.658002e-01 1.650426e+00
 8.418418e-01  1.130115e+00  2.130347e-01 1.322544e+00
 8.428428e-01  9.476224e-01  1.525021e-01 9.212451e-01
 8.438438e-01  7.182233e-01  8.896139e-02 5.237588e-01
 8.448448e-01  4.532035e-01  2.708309e-02 2.061269e-01
 8.458458e-01  1.657614e-01 -2.886501e-02 2.831002e-02
 8.468468e-01 -1.296586e-01 -7.529113e-02 2.248012e-02
 8.478478e-01 -4.181021e-01 -1.094991e-01 1.867994e-01
 8.488488e-01 -6.848743e-01 -1.298443e-01 4.859124e-01
 8.498498e-01 -9.163038e-01 -1.358213e-01 8.580601e-01
 8.508509e-01 -1.100461e+00 -1.280788e-01 1.227419e+00
 8.518519e-01 -1.227797e+00 -1.083641e-01 1.519229e+00
 8.528529e-01 -1.291662e+00 -7.939812e-02 1.674694e+00
 8.538539e-01 -1.288682e+00 -4.468854e-02 1.662700e+00
 8.548549e-01 -1.218976e+00 -8.286070e-03 1.485971e+00
 8.558559e-01 -1.086177e+00  2.550297e-02 1.180432e+00
 8.568569e-01 -8.972867e-01  5.243589e-02 8.078729e-01
 8.578579e-01 -6.623334e-01  6.866758e-02 4.434008e-01
 8.588589e-01 -3.938745e-01  7.108021e-02 1.601895e-01
 8.598599e-01 -1.063471e-01  5.758676e-02 1.462593e-02
 8.608609e-01  1.846913e-01  2.738551e-02 3.486085e-02
 8.618619e-01  4.633979e-01 -1.885788e-02 2.150933e-01
 8.628629e-01  7.145111e-01 -7.892188e-02 5.167548e-01
 8.638639e-01  9.242013e-01 -1.490520e-01 8.763645e-01
 8.648649e-01  1.080859e+00 -2.241061e-01 1.218480e+00
 8.658659e-01  1.175774e+00 -2.978265e-01 1.471145e+00
 8.668669e-01  1.203663e+00 -3.632307e-01 1.580742e+00
 8.678679e-01  1.163016e+00 -4.131051e-01 1.523262e+00
 8.688689e-01  1.056227e+00 -4.405732e-01 1.309720e+00
 8.698699e-01  8.895086e-01 -4.396991e-01 9.845608e-01
 8.708709e-01  6.725769e-01 -4.060829e-01 6.172630e-01
 8.718719e-01  4.181263e-01 -3.373949e-01 2.886649e-01
 8.728729e-01  1.411172e-01 -2.337999e-01 7.457646e-02
 8.738739e-01 -1.420844e-01 -9.822306e-02 2.983575e-02
 8.748749e-01 -4.146688e-01  6.358104e-02 1.759928e-01
 8.758759e-01 -6.603889e-01  2.431807e-01 4.952504e-01
 8.768769e-01 -8.645503e-01  4.298510e-01 9.322191e-01
 8.778779e-01 -1.014923e+00  6.111783e-01 1.403608e+00
 8.788789e-01 -1.102516e+00  7.738558e-01 1.814395e+00
 8.798799e-01 -1.122164e+00  9.046215e-01 2.077593e+00
 8.808809e-01 -1.072881e+00  9.912730e-01 2.133696e+00
 8.818819e-01 -9.579552e-01  1.023683e+00 1.965605e+00
 8.828829e-01 -7.847771e-01  9.947329e-01 1.605369e+00
 8.838839e-01 -5.643969e-01  9.010826e-01 1.130494e+00
 8.848849e-01 -3.108441e-01  7.437035e-01 6.497189e-01
 8.858859e-01 -4.024379e-02  5.281153e-01 2.805254e-01
 8.868869e-01  2.302134e-01  2.642906e-01 1.228477e-01
 8.878879e-01  4.833827e-01 -3.378702e-02 2.348004e-01
 8.888889e-01  7.032838e-01 -3.488937e-01 6.163349e-01
 8.898899e-01  8.761521e-01 -6.616237e-01 1.205388e+00
 8.908909e-01  9.913494e-01 -9.516654e-01 1.888441e+00
 8.918919e-01  1.042071e+00 -1.199206e+00 2.524007e+00
 8.928929e-01  1.025796e+00 -1.386361e+00 2.974254e+00
 8.938939e-01  9.444474e-01 -1.498522e+00 3.137548e+00
 8.948949e-01  8.042504e-01 -1.525508e+00 2.973994e+00
 8.958959e-01  6.152898e-01 -1.462442e+00 2.517319e+00
 8.968969e-01  3.908012e-01 -1.310254e+00 1.869492e+00
 8.978979e-01  1.462406e-01 -1.075789e+00 1.178709e+00
 8.988989e-01 -1.018006e-01 -7.714811e-01 6.055465e-01
 8.998999e-01 -3.367597e-01 -4.146210e-01 2.853177e-01
 9.009009e-01 -5.432607e-01 -2.626441e-02 2.958220e-01
 9.019019e-01 -7.081817e-01  3.701481e-01 6.385309e-01
 9.029029e-01 -8.215548e-01  7.503541e-01 1.237984e+00
 9.039039e-01 -8.772305e-01  1.090904e+00 1.959606e+00
 9.049049e-01 -8.732573e-01  1.370748e+00 2.641529e+00
 9.059059e-01 -8.119497e-01  1.572652e+00 3.132497e+00
 9.069069e-01 -6.996387e-01  1.684352e+00 3.326535e+00
 9.079079e-01 -5.461256e-01  1.699348e+00 3.186036e+00
 9.089089e-01 -3.638820e-01  1.617298e+00 2.748062e+00
 9.099099e-01 -1.670572e-01  1.443976e+00 2.112976e+00
 9.109109e-01  2.962623e-02  1.190812e+00 1.418912e+00
 9.119119e-01  2.120056e-01  8.740459e-01 8.089025e-01
 9.129129e-01  3.675479e-01  5.135701e-01 3.988457e-01
 9.139139e-01  4.862746e-01  1.315521e-01 2.537690e-01
 9.149149e-01  5.614683e-01 -2.490671e-01 3.772810e-01
 9.159159e-01  5.901067e-01 -6.060803e-01 7.155592e-01
 9.169169e-01  5.729928e-01 -9.194246e-01 1.173662e+00
 9.179179e-01  5.145728e-01 -1.172396e+00 1.639298e+00
 9.189189e-01  4.224593e-01 -1.352593e+00 2.007980e+00
 9.199199e-01  3.067049e-01 -1.452531e+00 2.203913e+00
 9.209209e-01  1.788849e-01 -1.469899e+00 2.192603e+00
 9.219219e-01  5.107047e-02 -1.407466e+00 1.983568e+00
 9.229229e-01 -6.522203e-02 -1.272642e+00 1.623872e+00
 9.239239e-01 -1.600173e-01 -1.076768e+00 1.185035e+00
 9.249249e-01 -2.257196e-01 -8.341758e-01 7.467986e-01
 9.259259e-01 -2.577336e-01 -5.611132e-01 3.812746e-01
 9.269269e-01 -2.548170e-01 -2.746083e-01 1.403414e-01
 9.279279e-01 -2.191362e-01  8.641490e-03 4.809536e-02
 9.289289e-01 -1.560222e-01  2.732820e-01 9.902600e-02
 9.299299e-01 -7.344919e-02  5.061539e-01 2.615866e-01
 9.309309e-01  1.871800e-02  6.969367e-01 4.860711e-01
 9.319319e-01  1.096415e-01  8.385572e-01 7.151995e-01
 9.329329e-01  1.885142e-01  9.273545e-01 8.955240e-01
 9.339339e-01  2.455631e-01  9.630092e-01 9.876879e-01
 9.349349e-01  2.729647e-01  9.482632e-01 9.737128e-01
 9.359359e-01  2.655950e-01  8.884675e-01 8.599151e-01
 9.369369e-01  2.215484e-01  7.910046e-01 6.747720e-01
 9.379379e-01  1.423810e-01  6.646369e-01 4.620145e-01
 9.389389e-01  3.305634e-02  5.188321e-01 2.702795e-01
 9.399399e-01 -9.840332e-02  3.631149e-01 1.415356e-01
 9.409409e-01 -2.415316e-01  2.064843e-01 1.009733e-01
 9.419419e-01 -3.842492e-01  5.693174e-02 1.508887e-01
 9.429429e-01 -5.138432e-01 -7.892084e-02 2.702633e-01
 9.439439e-01 -6.180146e-01 -1.960500e-01 4.203777e-01
 9.449449e-01 -6.859090e-01 -2.911271e-01 5.552262e-01
 9.459459e-01 -7.090459e-01 -3.624918e-01 6.341464e-01
 9.469469e-01 -6.820721e-01 -4.100172e-01 6.333365e-01
 9.479479e-01 -6.032778e-01 -4.348930e-01 5.530760e-01
 9.489489e-01 -4.748347e-01 -4.393482e-01 4.184948e-01
 9.499499e-01 -3.027357e-01 -4.263446e-01 2.734186e-01
 9.509510e-01 -9.644259e-02 -3.992643e-01 1.687131e-01
 9.519520e-01  1.317332e-01 -3.616164e-01 1.481201e-01
 9.529530e-01  3.674673e-01 -3.167814e-01 2.353826e-01
 9.539540e-01  5.954128e-01 -2.678073e-01 4.262372e-01
 9.549550e-01  8.002717e-01 -2.172668e-01 6.876396e-01
 9.559560e-01  9.678639e-01 -1.671775e-01 9.647089e-01
 9.569570e-01  1.086120e+00 -1.189826e-01 1.193813e+00
 9.579580e-01  1.145923e+00 -7.358602e-02 1.318554e+00
 9.589590e-01  1.141743e+00 -3.143050e-02 1.304565e+00
 9.599600e-01  1.072025e+00  7.394057e-03 1.149292e+00
 9.609610e-01  9.392988e-01  4.302613e-02 8.841335e-01
 9.619620e-01  7.500223e-01  7.570582e-02 5.682648e-01
 9.629630e-01  5.141616e-01  1.056589e-01 2.755260e-01
 9.639640e-01  2.445521e-01  1.330017e-01 7.749518e-02
 9.649650e-01 -4.391519e-02  1.576754e-01 2.679006e-02
 9.659660e-01 -3.352214e-01  1.794126e-01 1.445623e-01
 9.669670e-01 -6.131981e-01  1.977387e-01 4.151126e-01
 9.679680e-01 -8.624908e-01  2.120040e-01 7.888362e-01
 9.689690e-01 -1.069448e+00  2.214425e-01 1.192756e+00
 9.699700e-01 -1.222881e+00  2.252494e-01 1.546176e+00
 9.709710e-01 -1.314660e+00  2.226690e-01 1.777912e+00
 9.719720e-01 -1.340102e+00  2.130833e-01 1.841279e+00
 9.729730e-01 -1.298163e+00  1.960944e-01 1.723681e+00
 9.739740e-01 -1.191405e+00  1.715915e-01 1.448889e+00
 9.749750e-01 -1.025769e+00  1.397991e-01 1.071745e+00
 9.759760e-01 -8.101769e-01  1.013020e-01 6.666486e-01
 9.769770e-01 -5.559840e-01  5.704770e-02 3.123726e-01
 9.779780e-01 -2.763268e-01  8.326732e-03 7.642581e-02
 9.789790e-01  1.459411e-02 -4.326582e-02 2.084919e-03
 9.799800e-01  3.022576e-01 -9.588345e-02 1.005533e-01
 9.809810e-01  5.725533e-01 -1.474916e-01 3.495710e-01
 9.819820e-01  8.124654e-01 -1.959377e-01 6.984916e-01
 9.829830e-01  1.010681e+00 -2.390242e-01 1.078608e+00
 9.839840e-01  1.158096e+00 -2.745839e-01 1.416583e+00
 9.849850e-01  1.248210e+00 -3.005564e-01 1.648363e+00
 9.859860e-01  1.277383e+00 -3.150668e-01 1.730976e+00
 9.869870e-01  1.244965e+00 -3.165091e-01 1.650116e+00
 9.879880e-01  1.153284e+00 -3.036336e-01 1.422256e+00
 9.889890e-01  1.007503e+00 -2.756415e-01 1.091041e+00
 9.899900e-01  8.153584e-01 -2.322825e-01 7.187644e-01
 9.909910e-01  5.867698e-01 -1.739534e-01 3.745585e-01
 9.919920e-01  3.333680e-01 -1.017904e-01 1.214955e-01
 9.929930e-01  6.793356e-02 -1.774465e-02 4.929841e-03
 9.939940e-01 -1.962186e-01  7.537070e-02 4.418246e-02
 9.949950e-01 -4.458874e-01  1.738753e-01 2.290482e-01
 9.959960e-01 -6.686387e-01  2.732721e-01 5.217553e-01
 9.969970e-01 -8.534320e-01  3.683653e-01 8.640391e-01
 9.979980e-01 -9.911922e-01  4.534527e-01 1.188081e+00
 9.989990e-01 -1.075295e+00  5.225959e-01 1.429366e+00
 1.000000e+00 -1.101937e+00  5.699606e-01 1.539120e+00
