# x psi_r psi_i psi2 
 0.000000e+00  3.937882e-01  9.985733e-01 1.152218e+00
 1.001001e-03  2.930940e-01  1.026991e+00 1.140615e+00
 2.002002e-03  1.670568e-01  1.011045e+00 1.050121e+00
 3.003003e-03  2.132493e-02  9.544379e-01 9.114065e-01
 4.004004e-03 -1.370124e-01  8.626048e-01 7.628595e-01
 5.005005e-03 -2.997322e-01  7.423434e-01 6.409131e-01
 6.006006e-03 -4.578681e-01  6.013820e-01 5.713035e-01
 7.007007e-03 -6.021679e-01  4.479185e-01 5.632372e-01
 8.008008e-03 -7.235962e-01  2.901555e-01 6.077816e-01
 9.009009e-03 -8.138565e-01  1.358580e-01 6.808198e-01
 1.001001e-02 -8.659048e-01 -8.040456e-03 7.498558e-01
 1.101101e-02 -8.744224e-01 -1.357626e-01 7.830459e-01
 1.201201e-02 -8.362184e-01 -2.429261e-01 7.582744e-01
 1.301301e-02 -7.505346e-01 -3.266860e-01 6.700259e-01
 1.401401e-02 -6.192254e-01 -3.857746e-01 5.322621e-01
 1.501502e-02 -4.467984e-01 -4.204436e-01 3.764016e-01
 1.601602e-02 -2.403014e-01 -4.323137e-01 2.446399e-01
 1.701702e-02 -9.055414e-03 -4.241478e-01 1.799834e-01
 1.801802e-02  2.357596e-01 -3.995653e-01 2.152350e-01
 1.901902e-02  4.816491e-01 -3.627189e-01 3.635508e-01
 2.002002e-02  7.154523e-01 -3.179593e-01 6.129701e-01
 2.102102e-02  9.240617e-01 -2.695090e-01 9.265250e-01
 2.202202e-02  1.095171e+00 -2.211698e-01 1.248316e+00
 2.302302e-02  1.218013e+00 -1.760817e-01 1.514560e+00
 2.402402e-02  1.284031e+00 -1.365491e-01 1.667381e+00
 2.502503e-02  1.287456e+00 -1.039432e-01 1.668348e+00
 2.602603e-02  1.225739e+00 -7.868553e-02 1.508627e+00
 2.702703e-02  1.099804e+00 -6.030913e-02 1.213206e+00
 2.802803e-02  9.141176e-01 -4.759012e-02 8.378759e-01
 2.902903e-02  6.765423e-01 -3.873647e-02 4.592101e-01
 3.003003e-02  3.979920e-01 -3.161647e-02 1.593972e-01
 3.103103e-02  9.189754e-02 -2.400751e-02 9.021519e-03
 3.203203e-02 -2.264876e-01 -1.384360e-02 5.148828e-02
 3.303303e-02 -5.409053e-01  5.584717e-04 2.925789e-01
 3.403403e-02 -8.349856e-01  2.031312e-02 6.976135e-01
 3.503504e-02 -1.093163e+00  4.583511e-02 1.197106e+00
 3.603604e-02 -1.301559e+00  7.677434e-02 1.699951e+00
 3.703704e-02 -1.448785e+00  1.120212e-01 2.111526e+00
 3.803804e-02 -1.526597e+00  1.497822e-01 2.352934e+00
 3.903904e-02 -1.530392e+00  1.877185e-01 2.377337e+00
 4.004004e-02 -1.459477e+00  2.231372e-01 2.179863e+00
 4.104104e-02 -1.317132e+00  2.532181e-01 1.798955e+00
 4.204204e-02 -1.110429e+00  2.752573e-01 1.308820e+00
 4.304304e-02 -8.498434e-01  2.869083e-01 8.045501e-01
 4.404404e-02 -5.486617e-01  2.863987e-01 3.830539e-01
 4.504505e-02 -2.222387e-01  2.727053e-01 1.237582e-01
 4.604605e-02  1.128630e-01  2.456712e-01 7.309237e-02
 4.704705e-02  4.397924e-01  2.060556e-01 2.358763e-01
 4.804805e-02  7.423349e-01  1.555097e-01 5.752444e-01
 4.904905e-02  1.005787e+00  9.647967e-02 1.020915e+00
 5.005005e-02  1.217729e+00  3.204443e-02 1.483891e+00
 5.105105e-02  1.368656e+00 -3.430142e-02 1.874397e+00
 5.205205e-02  1.452427e+00 -9.890118e-02 2.119326e+00
 5.305305e-02  1.466511e+00 -1.582072e-01 2.175685e+00
 5.405405e-02  1.412030e+00 -2.090471e-01 2.037531e+00
 5.505506e-02  1.293588e+00 -2.488639e-01 1.735302e+00
 5.605606e-02  1.118910e+00 -2.759095e-01 1.328085e+00
 5.705706e-02  8.983255e-01 -2.893753e-01 8.907269e-01
 5.805806e-02  6.441193e-01 -2.894480e-01 4.986699e-01
 5.905906e-02  3.697976e-01 -2.772852e-01 2.136373e-01
 6.006006e-02  8.932123e-02 -2.549102e-01 7.295751e-02
 6.106106e-02 -1.836553e-01 -2.250352e-01 8.437009e-02
 6.206206e-02 -4.364915e-01 -1.908232e-01 2.269384e-01
 6.306306e-02 -6.581784e-01 -1.556108e-01 4.574135e-01
 6.406406e-02 -8.398334e-01 -1.226097e-01 7.203532e-01
 6.506507e-02 -9.750518e-01 -9.461574e-02 9.596782e-01
 6.606607e-02 -1.060103e+00 -7.374635e-02 1.129256e+00
 6.706707e-02 -1.093966e+00 -6.123109e-02 1.200510e+00
 6.806807e-02 -1.078218e+00 -5.727376e-02 1.165835e+00
 6.906907e-02 -1.016788e+00 -6.100002e-02 1.037579e+00
 7.007007e-02 -9.155926e-01 -7.049777e-02 8.432797e-01
 7.107107e-02 -7.820968e-01 -8.295045e-02 6.185561e-01
 7.207207e-02 -6.248168e-01 -9.485584e-02 3.993936e-01
 7.307307e-02 -4.528031e-01 -1.023161e-01 2.154992e-01
 7.407407e-02 -2.751334e-01 -1.013781e-01 8.597590e-02
 7.507508e-02 -1.004425e-01 -8.839963e-02 1.790319e-02
 7.607608e-02  6.348678e-02 -6.041234e-02 7.680223e-03
 7.707708e-02  2.100541e-01 -1.545312e-02 4.436153e-02
 7.807808e-02  3.340824e-01  4.716362e-02 1.138354e-01
 7.907908e-02  4.319621e-01  1.266570e-01 2.026332e-01
 8.008008e-02  5.017005e-01  2.206922e-01 3.004085e-01
 8.108108e-02  5.428810e-01  3.254073e-01 4.006097e-01
 8.208208e-02  5.565429e-01  4.355561e-01 4.994491e-01
 8.308308e-02  5.449958e-01  5.447638e-01 5.937880e-01
 8.408408e-02  5.115838e-01  6.458824e-01 6.788820e-01
 8.508509e-02  4.604181e-01  7.314236e-01 7.469653e-01
 8.608609e-02  3.960933e-01  7.940441e-01 7.873960e-01
 8.708709e-02  3.234052e-01  8.270513e-01 7.886048e-01
 8.808809e-02  2.470845e-01  8.248946e-01 7.415018e-01
 8.908909e-02  1.715575e-01  7.836105e-01 6.434774e-01
 9.009009e-02  1.007446e-01  7.011887e-01 5.018150e-01
 9.109109e-02  3.790239e-02  5.778316e-01 3.353260e-01
 9.209209e-02 -1.448623e-02  4.160889e-01 1.733398e-01
 9.309309e-02 -5.477388e-02  2.208510e-01 5.177536e-02
 9.409409e-02 -8.216285e-02 -7.993723e-04 6.751374e-03
 9.509510e-02 -9.667580e-02 -2.398755e-01 6.688647e-02
 9.609610e-02 -9.908768e-02 -4.858985e-01 2.459157e-01
 9.709710e-02 -9.082566e-02 -7.274125e-01 5.373783e-01
 9.809810e-02 -7.384396e-02 -9.525743e-01 9.128506e-01
 9.909910e-02 -5.048146e-02 -1.149783e+00 1.324549e+00
 1.001001e-01 -2.330966e-02 -1.308316e+00 1.712234e+00
 1.011011e-01  5.021129e-03 -1.418931e+00 2.013391e+00
 1.021021e-01  3.193064e-02 -1.474403e+00 2.174885e+00
 1.031031e-01  5.504569e-02 -1.469962e+00 2.163817e+00
 1.041041e-01  7.232006e-02 -1.403604e+00 1.975334e+00
 1.051051e-01  8.213239e-02 -1.276267e+00 1.635604e+00
 1.061061e-01  8.335862e-02 -1.091847e+00 1.199078e+00
 1.071071e-01  7.541662e-02 -8.570600e-01 7.402396e-01
 1.081081e-01  5.828199e-02 -5.811600e-01 3.411437e-01
 1.091091e-01  3.247519e-02 -2.755192e-01 7.696544e-02
 1.101101e-01 -9.783795e-04  4.690119e-02 2.200679e-03
 1.111111e-01 -4.061256e-02  3.721644e-01 1.401557e-01
 1.121121e-01 -8.460495e-02  6.860245e-01 4.777876e-01
 1.131131e-01 -1.308769e-01  9.746099e-01 9.669932e-01
 1.141141e-01 -1.772034e-01  1.225091e+00 1.532249e+00
 1.151151e-01 -2.213265e-01  1.426296e+00 2.083307e+00
 1.161161e-01 -2.610666e-01  1.569250e+00 2.530703e+00
 1.171171e-01 -2.944253e-01  1.647602e+00 2.801280e+00
 1.181181e-01 -3.196748e-01  1.657929e+00 2.850919e+00
 1.191191e-01 -3.354291e-01  1.599894e+00 2.672173e+00
 1.201201e-01 -3.406949e-01  1.476265e+00 2.295432e+00
 1.211211e-01 -3.348989e-01  1.292776e+00 1.783426e+00
 1.221221e-01 -3.178935e-01  1.057850e+00 1.220103e+00
 1.231231e-01 -2.899411e-01  7.822016e-01 6.959052e-01
 1.241241e-01 -2.516797e-01  4.783231e-01 2.921356e-01
 1.251251e-01 -2.040755e-01  1.598948e-01 6.721314e-02
 1.261261e-01 -1.483656e-01 -1.588610e-01 4.724918e-02
 1.271271e-01 -8.599788e-02 -4.638497e-01 2.225522e-01
 1.281281e-01 -1.857139e-02 -7.417647e-01 5.505598e-01
 1.291291e-01  5.221648e-02 -9.807089e-01 9.645166e-01
 1.301301e-01  1.246136e-01 -1.170746e+00 1.386175e+00
 1.311311e-01  1.968452e-01 -1.304357e+00 1.740094e+00
 1.321321e-01  2.671336e-01 -1.376776e+00 1.966873e+00
 1.331331e-01  3.337082e-01 -1.386199e+00 2.032910e+00
 1.341341e-01  3.948069e-01 -1.333839e+00 1.934999e+00
 1.351351e-01  4.486757e-01 -1.223837e+00 1.699087e+00
 1.361361e-01  4.935694e-01 -1.063031e+00 1.373646e+00
 1.371371e-01  5.277615e-01 -8.605887e-01 1.019145e+00
 1.381381e-01  5.495665e-01 -6.275224e-01 6.958077e-01
 1.391391e-01  5.573806e-01 -3.761170e-01 4.521371e-01
 1.401401e-01  5.497425e-01 -1.192902e-01 3.164469e-01
 1.411411e-01  5.254152e-01  1.300760e-01 2.929810e-01
 1.421421e-01  4.834866e-01  3.598007e-01 3.632158e-01
 1.431431e-01  4.234827e-01  5.590296e-01 4.918517e-01
 1.441441e-01  3.454885e-01  7.187881e-01 6.360186e-01
 1.451451e-01  2.502633e-01  8.324315e-01 7.555739e-01
 1.461461e-01  1.393420e-01  8.959666e-01 8.221723e-01
 1.471471e-01  1.510686e-02  9.082261e-01 8.251029e-01
 1.481481e-01 -1.191787e-01  8.708865e-01 7.726469e-01
 1.491491e-01 -2.593880e-01  7.883255e-01 6.887393e-01
 1.501502e-01 -4.006070e-01  6.673282e-01 6.058129e-01
 1.511512e-01 -5.372728e-01  5.166571e-01 5.555966e-01
 1.521522e-01 -6.633755e-01  3.465105e-01 5.601366e-01
 1.531532e-01 -7.727171e-01  1.679018e-01 6.252827e-01
 1.541542e-01 -8.592193e-01 -8.006170e-03 7.383219e-01
 1.551552e-01 -9.172636e-01 -1.705692e-01 8.704664e-01
 1.561562e-01 -9.420451e-01 -3.102941e-01 9.837313e-01
 1.571572e-01 -9.299186e-01 -4.193950e-01 1.040641e+00
 1.581582e-01 -8.787125e-01 -4.922412e-01 1.014437e+00
 1.591592e-01 -7.879856e-01 -5.256670e-01 8.972471e-01
 1.601602e-01 -6.592066e-01 -5.191251e-01 7.040441e-01
 1.611612e-01 -4.958355e-01 -4.746739e-01 4.711682e-01
 1.621622e-01 -3.032949e-01 -3.967997e-01 2.494378e-01
 1.631632e-01 -8.882228e-02 -2.920853e-01 9.320321e-02
 1.641642e-01  1.387948e-01 -1.687467e-01 4.773943e-02
 1.651652e-01  3.695930e-01 -3.606907e-02 1.378999e-01
 1.661662e-01  5.929015e-01  9.622220e-02 3.607909e-01
 1.671672e-01  7.978802e-01  2.186128e-01 6.844044e-01
 1.681682e-01  9.740985e-01  3.224306e-01 1.052829e+00
 1.691692e-01  1.112122e+00  4.004147e-01 1.397148e+00
 1.701702e-01  1.204073e+00  4.471844e-01 1.649765e+00
 1.711712e-01  1.244119e+00  4.595788e-01 1.759044e+00
 1.721722e-01  1.228877e+00  4.368432e-01 1.700971e+00
 1.731732e-01  1.157682e+00  3.806521e-01 1.485124e+00
 1.741742e-01  1.032712e+00  2.949683e-01 1.153501e+00
 1.751752e-01  8.589570e-01  1.857489e-01 7.723097e-01
 1.761762e-01  6.440177e-01  6.052015e-02 4.184214e-01
 1.771772e-01  3.977580e-01 -7.214952e-02 1.634170e-01
 1.781782e-01  1.318124e-01 -2.032399e-01 5.868097e-02
 1.791792e-01 -1.410167e-01 -3.238925e-01 1.247921e-01
 1.801802e-01 -4.074402e-01 -4.260047e-01 3.474875e-01
 1.811812e-01 -6.544029e-01 -5.027632e-01 6.810140e-01
 1.821822e-01 -8.698007e-01 -5.490828e-01 1.058045e+00
 1.831832e-01 -1.043152e+00 -5.619197e-01 1.403919e+00
 1.841842e-01 -1.166179e+00 -5.404415e-01 1.652051e+00
 1.851852e-01 -1.233275e+00 -4.860445e-01 1.757207e+00
 1.861862e-01 -1.241807e+00 -4.022199e-01 1.703865e+00
 1.871872e-01 -1.192257e+00 -2.942821e-01 1.508079e+00
 1.881882e-01 -1.088184e+00 -1.689805e-01 1.212698e+00
 1.891892e-01 -9.359993e-01 -3.402460e-02 8.772524e-01
 1.901902e-01 -7.445872e-01  1.024418e-01 5.649044e-01
 1.911912e-01 -5.247753e-01  2.323800e-01 3.293896e-01
 1.921922e-01 -2.887001e-01  3.483715e-01 2.047105e-01
 1.931932e-01 -4.909814e-02  4.440741e-01 1.996124e-01
 1.941942e-01  1.814303e-01  5.145889e-01 2.977187e-01
 1.951952e-01  3.911420e-01  5.567166e-01 4.629255e-01
 1.961962e-01  5.698126e-01  5.690892e-01 6.485489e-01
 1.971972e-01  7.092994e-01  5.521733e-01 8.080010e-01
 1.981982e-01  8.039725e-01  5.081507e-01 9.045889e-01
 1.991992e-01  8.509888e-01  4.406898e-01 9.183895e-01
 2.002002e-01  8.503944e-01  3.546297e-01 8.489329e-01
 2.012012e-01  8.050503e-01  2.556037e-01 7.134392e-01
 2.022022e-01  7.203885e-01  1.496315e-01 5.413492e-01
 2.032032e-01  6.040151e-01  4.271223e-02 3.666586e-01
 2.042042e-01  4.651861e-01 -5.955466e-02 2.199448e-01
 2.052052e-01  3.141902e-01 -1.522936e-01 1.219088e-01
 2.062062e-01  1.616781e-01 -2.316032e-01 7.977983e-02
 2.072072e-01  1.797843e-02 -2.947200e-01 8.718312e-02
 2.082082e-01 -1.075545e-01 -3.400893e-01 1.272287e-01
 2.092092e-01 -2.071235e-01 -3.673446e-01 1.778422e-01
 2.102102e-01 -2.749643e-01 -3.772059e-01 2.178897e-01
 2.112112e-01 -3.076877e-01 -3.713094e-01 2.325423e-01
 2.122122e-01 -3.044666e-01 -3.519879e-01 2.165954e-01
 2.132132e-01 -2.670583e-01 -3.220246e-01 1.750200e-01
 2.142142e-01 -1.996619e-01 -2.843990e-01 1.207476e-01
 2.152152e-01 -1.086201e-01 -2.420486e-01 7.038587e-02
 2.162162e-01 -1.986816e-03 -1.976629e-01 3.907458e-02
 2.172172e-01  1.110144e-01 -1.535229e-01 3.589348e-02
 2.182182e-01  2.206045e-01 -1.113959e-01 6.107541e-02
 2.192192e-01  3.170993e-01 -7.248866e-02 1.058065e-01
 2.202202e-01  3.915539e-01 -3.745624e-02 1.547174e-01
 2.212212e-01  4.363636e-01 -6.461078e-03 1.904549e-01
 2.222222e-01  4.457824e-01  2.072948e-02 1.991516e-01
 2.232232e-01  4.163285e-01  4.461964e-02 1.753203e-01
 2.242242e-01  3.470524e-01  6.585053e-02 1.247816e-01
 2.252252e-01  2.396501e-01  8.506870e-02 6.466885e-02
 2.262262e-01  9.841564e-02  1.028110e-01 2.025575e-02
 2.272272e-01 -6.996542e-02  1.194163e-01 1.915542e-02
 2.282282e-01 -2.567690e-01  1.349711e-01 8.414751e-02
 2.292292e-01 -4.517117e-01  1.492926e-01 2.263317e-01
 2.302302e-01 -6.435281e-01  1.619491e-01 4.403560e-01
 2.312312e-01 -8.206138e-01  1.723129e-01 7.030987e-01
 2.322322e-01 -9.716946e-01  1.796393e-01 9.764607e-01
 2.332332e-01 -1.086488e+00  1.831614e-01 1.214003e+00
 2.342342e-01 -1.156311e+00  1.821920e-01 1.370250e+00
 2.352352e-01 -1.174616e+00  1.762188e-01 1.410776e+00
 2.362362e-01 -1.137399e+00  1.649863e-01 1.320897e+00
 2.372372e-01 -1.043485e+00  1.485539e-01 1.110930e+00
 2.382382e-01 -8.946558e-01  1.273253e-01 8.166208e-01
 2.392392e-01 -6.956186e-01  1.020465e-01 4.942987e-01
 2.402402e-01 -4.538208e-01  7.377226e-02 2.113957e-01
 2.412412e-01 -1.791151e-01  4.380454e-02 3.400106e-02
 2.422422e-01  1.167046e-01  1.360740e-02 1.380512e-02
 2.432432e-01  4.204711e-01 -1.529283e-02 1.770298e-01
 2.442442e-01  7.182877e-01 -4.141439e-02 5.176523e-01
 2.452452e-01  9.962134e-01 -6.342491e-02 9.964638e-01
 2.462462e-01  1.240954e+00 -8.023544e-02 1.546406e+00
 2.472472e-01  1.440527e+00 -9.107690e-02 2.083414e+00
 2.482482e-01  1.584859e+00 -9.555300e-02 2.520910e+00
 2.492492e-01  1.666298e+00 -9.366669e-02 2.785321e+00
 2.502503e-01  1.680001e+00 -8.581867e-02 2.829767e+00
 2.512513e-01  1.624194e+00 -7.277960e-02 2.643303e+00
 2.522523e-01  1.500280e+00 -5.563872e-02 2.253935e+00
 2.532533e-01  1.312790e+00 -3.573401e-02 1.724695e+00
 2.542543e-01  1.069194e+00 -1.456926e-02 1.143389e+00
 2.552553e-01  7.795630e-01  6.275372e-03 6.077579e-01
 2.562563e-01  4.561102e-01  2.523370e-02 2.086733e-01
 2.572573e-01  1.126330e-01  4.083885e-02 1.435401e-02
 2.582583e-01 -2.361232e-01  5.179967e-02 5.843739e-02
 2.592593e-01 -5.751448e-01  5.706474e-02 3.340479e-01
 2.602603e-01 -8.898417e-01  5.587237e-02 7.949400e-01
 2.612613e-01 -1.166720e+00  4.778593e-02 1.363520e+00
 2.622623e-01 -1.394005e+00  3.271519e-02 1.944319e+00
 2.632633e-01 -1.562176e+00  1.092452e-02 2.440512e+00
 2.642643e-01 -1.664407e+00 -1.697010e-02 2.770539e+00
 2.652653e-01 -1.696871e+00 -5.001424e-02 2.881873e+00
 2.662663e-01 -1.658906e+00 -8.693678e-02 2.759527e+00
 2.672673e-01 -1.553033e+00 -1.261802e-01 2.427832e+00
 2.682683e-01 -1.384819e+00 -1.659393e-01 1.945260e+00
 2.692693e-01 -1.162603e+00 -2.042088e-01 1.393348e+00
 2.702703e-01 -8.970823e-01 -2.388422e-01 8.618023e-01
 2.712713e-01 -6.007886e-01 -2.676214e-01 4.325682e-01
 2.722723e-01 -2.874808e-01 -2.883395e-01 1.657849e-01
 2.732733e-01  2.852425e-02 -2.988965e-01 9.015277e-02
 2.742743e-01  3.330440e-01 -2.974060e-01 1.993687e-01
 2.752753e-01  6.127131e-01 -2.823113e-01 4.551170e-01
 2.762763e-01  8.556217e-01 -2.525060e-01 7.958478e-01
 2.772773e-01  1.051878e+00 -2.074526e-01 1.149484e+00
 2.782783e-01  1.194065e+00 -1.472908e-01 1.447485e+00
 2.792793e-01  1.277565e+00 -7.292804e-02 1.637492e+00
 2.802803e-01  1.300745e+00  1.389980e-02 1.692130e+00
 2.812813e-01  1.264973e+00  1.106050e-01 1.612391e+00
 2.822823e-01  1.174491e+00  2.137714e-01 1.425128e+00
 2.832833e-01  1.036127e+00  3.192300e-01 1.175467e+00
 2.842843e-01  8.588757e-01  4.221909e-01 9.159127e-01
 2.852853e-01  6.533690e-01  5.174305e-01 6.946254e-01
 2.862863e-01  4.312646e-01  5.995293e-01 5.454245e-01
 2.872873e-01  2.045869e-01  6.631521e-01 4.816265e-01
 2.882883e-01 -1.494039e-02  7.033569e-01 4.949341e-01
 2.892893e-01 -2.165317e-01  7.159147e-01 5.594199e-01
 2.902903e-01 -3.909116e-01  6.976229e-01 6.394896e-01
 2.912913e-01 -5.307861e-01  6.465882e-01 6.998102e-01
 2.922923e-01 -6.311887e-01  5.624593e-01 7.147596e-01
 2.932933e-01 -6.896789e-01  4.465890e-01 6.750988e-01
 2.942943e-01 -7.063853e-01  3.021083e-01 5.902496e-01
 2.952953e-01 -6.838900e-01  1.338996e-01 4.856347e-01
 2.962963e-01 -6.269659e-01 -5.153618e-02 3.957423e-01
 2.972973e-01 -5.421834e-01 -2.463212e-01 3.546369e-01
 2.982983e-01 -4.374144e-01 -4.415411e-01 3.862898e-01
 2.992993e-01 -3.212674e-01 -6.276721e-01 4.971849e-01
 3.003003e-01 -2.024902e-01 -7.950726e-01 6.731427e-01
 3.013013e-01 -8.938138e-02 -9.345133e-01 8.813042e-01
 3.023023e-01  1.075095e-02 -1.037714e+00 1.076966e+00
 3.033033e-01  9.204763e-02 -1.097857e+00 1.213763e+00
 3.043043e-01  1.504438e-01 -1.110039e+00 1.254821e+00
 3.053053e-01  1.838793e-01 -1.071637e+00 1.182218e+00
 3.063063e-01  1.923621e-01 -9.825556e-01 1.002419e+00
 3.073073e-01  1.778816e-01 -8.453385e-01 7.462391e-01
 3.083083e-01  1.441809e-01 -6.651332e-01 4.631904e-01
 3.093093e-01  9.640651e-02 -4.495000e-01 2.113445e-01
 3.103103e-01  4.066121e-02 -2.080765e-01 4.494916e-02
 3.113113e-01 -1.650493e-02  4.788960e-02 2.565827e-03
 3.123123e-01 -6.862816e-02  3.061145e-01 9.841589e-02
 3.133133e-01 -1.098498e-01  5.539278e-01 3.189030e-01
 3.143143e-01 -1.353813e-01  7.789608e-01 6.251081e-01
 3.153153e-01 -1.418825e-01  9.698324e-01 9.607055e-01
 3.163163e-01 -1.277243e-01  1.116792e+00 1.263537e+00
 3.173173e-01 -9.311787e-02  1.212279e+00 1.478291e+00
 3.183183e-01 -4.010086e-02  1.251368e+00 1.567529e+00
 3.193193e-01  2.761779e-02  1.232064e+00 1.518746e+00
 3.203203e-01  1.049421e-01  1.155438e+00 1.346050e+00
 3.213213e-01  1.857803e-01  1.025579e+00 1.086326e+00
 3.223223e-01  2.635145e-01  8.493794e-01 7.908852e-01
 3.233233e-01  3.315123e-01  6.361559e-01 5.145947e-01
 3.243243e-01  3.836427e-01  3.971258e-01 3.048906e-01
 3.253253e-01  4.147575e-01  1.447755e-01 1.929838e-01
 3.263263e-01  4.211024e-01 -1.078451e-01 1.889578e-01
 3.273273e-01  4.006269e-01 -3.478605e-01 2.815088e-01
 3.283283e-01  3.531712e-01 -5.632934e-01 4.420294e-01
 3.293293e-01  2.805148e-01 -7.437343e-01 6.318293e-01
 3.303303e-01  1.862850e-01 -8.809134e-01 8.107105e-01
 3.313313e-01  7.572992e-02 -9.691437e-01 9.449745e-01
 3.323323e-01 -4.462391e-02 -1.005607e+00 1.013236e+00
 3.333333e-01 -1.674085e-01 -9.904660e-01 1.009048e+00
 3.343343e-01 -2.849107e-01 -9.268017e-01 9.401355e-01
 3.353353e-01 -3.895950e-01 -8.203718e-01 8.247941e-01
 3.363363e-01 -4.746138e-01 -6.792146e-01 6.865908e-01
 3.373373e-01 -5.342711e-01 -5.131203e-01 5.487381e-01
 3.383383e-01 -5.644062e-01 -3.330022e-01 4.294447e-01
 3.393393e-01 -5.626733e-01 -1.502090e-01 3.391640e-01
 3.403403e-01 -5.286983e-01  2.417907e-02 2.801065e-01
 3.413413e-01 -4.641039e-01  1.800281e-01 2.478025e-01
 3.423423e-01 -3.724035e-01  3.087588e-01 2.340164e-01
 3.433433e-01 -2.587740e-01  4.038496e-01 2.300584e-01
 3.443443e-01 -1.297243e-01  4.612025e-01 2.295362e-01
 3.453453e-01  7.315198e-03  4.793525e-01 2.298324e-01
 3.463463e-01  1.444550e-01  4.595063e-01 2.320133e-01
 3.473473e-01  2.738269e-01  4.054113e-01 2.393395e-01
 3.483483e-01  3.880536e-01  3.230636e-01 2.549557e-01
 3.493493e-01  4.806756e-01  2.202759e-01 2.795705e-01
 3.503504e-01  5.465124e-01  1.061316e-01 3.099397e-01
 3.513514e-01  5.819358e-01 -9.636259e-03 3.387421e-01
 3.523524e-01  5.850438e-01 -1.173048e-01 3.560367e-01
 3.533534e-01  5.557285e-01 -2.078152e-01 3.520213e-01
 3.543544e-01  4.956383e-01 -2.733800e-01 3.203940e-01
 3.553554e-01  4.080433e-01 -3.080067e-01 2.613675e-01
 3.563564e-01  2.976160e-01 -3.079025e-01 1.833793e-01
 3.573574e-01  1.701456e-01 -2.717379e-01 1.027910e-01
 3.583584e-01  3.220551e-02 -2.007508e-01 4.133807e-02
 3.593594e-01 -1.092035e-01 -9.868625e-02 2.166439e-02
 3.603604e-01 -2.470146e-01  2.842387e-02 6.182415e-02
 3.613614e-01 -3.744404e-01  1.726275e-01 1.700059e-01
 3.623624e-01 -4.852856e-01  3.245417e-01 3.408294e-01
 3.633634e-01 -5.742153e-01  4.739339e-01 5.543366e-01
 3.643644e-01 -6.369677e-01  6.103600e-01 7.782671e-01
 3.653654e-01 -6.705078e-01  7.238175e-01 9.734925e-01
 3.663664e-01 -6.731191e-01  8.053776e-01 1.101722e+00
 3.673674e-01 -6.444368e-01  8.477536e-01 1.133985e+00
 3.683684e-01 -5.854247e-01  8.457758e-01 1.058059e+00
 3.693694e-01 -4.983044e-01  7.967406e-01 8.831028e-01
 3.703704e-01 -3.864409e-01  7.006178e-01 6.402019e-01
 3.713714e-01 -2.541960e-01  5.601007e-01 3.783284e-01
 3.723724e-01 -1.067517e-01  3.804994e-01 1.561758e-01
 3.733734e-01  5.008410e-02  1.694832e-01 3.123298e-02
 3.743744e-01  2.100892e-01 -6.331198e-02 4.814589e-02
 3.753754e-01  3.668458e-01 -3.067878e-01 2.286946e-01
 3.763764e-01  5.139656e-01 -5.489699e-01 5.655285e-01
 3.773774e-01  6.453138e-01 -7.776432e-01 1.021159e+00
 3.783784e-01  7.552307e-01 -9.810012e-01 1.532737e+00
 3.793794e-01  8.387419e-01 -1.148272e+00 2.022017e+00
 3.803804e-01  8.917562e-01 -1.270291e+00 2.408868e+00
 3.813814e-01  9.112413e-01 -1.339982e+00 2.625913e+00
 3.823824e-01  8.953726e-01 -1.352739e+00 2.631594e+00
 3.833834e-01  8.436468e-01 -1.306666e+00 2.419116e+00
 3.843844e-01  7.569538e-01 -1.202693e+00 2.019449e+00
 3.853854e-01  6.375991e-01 -1.044534e+00 1.497583e+00
 3.863864e-01  4.892722e-01 -8.385206e-01 9.425040e-01
 3.873874e-01  3.169565e-01 -5.932990e-01 4.524651e-01
 3.883884e-01  1.267795e-01 -3.194195e-01 1.181018e-01
 3.893894e-01 -7.419497e-02 -2.883713e-02 6.336474e-03
 3.903904e-01 -2.782269e-01  2.656518e-01 1.479811e-01
 3.913914e-01 -4.772058e-01  5.510090e-01 5.313363e-01
 3.923924e-01 -6.629877e-01  8.145610e-01 1.103062e+00
 3.933934e-01 -8.277515e-01  1.044585e+00 1.776330e+00
 3.943944e-01 -9.643548e-01  1.230846e+00 2.444963e+00
 3.953954e-01 -1.066675e+00  1.365069e+00 3.001209e+00
 3.963964e-01 -1.129911e+00  1.441311e+00 3.354074e+00
 3.973974e-01 -1.150836e+00  1.456231e+00 3.445031e+00
 3.983984e-01 -1.127979e+00  1.409246e+00 3.258309e+00
 3.993994e-01 -1.061725e+00  1.302554e+00 2.823908e+00
 4.004004e-01 -9.543297e-01  1.141042e+00 2.212722e+00
 4.014014e-01 -8.098387e-01  9.320624e-01 1.524579e+00
 4.024024e-01 -6.339185e-01  6.851086e-01 8.712265e-01
 4.034034e-01 -4.336057e-01  4.113870e-01 3.572532e-01
 4.044044e-01 -2.169840e-01  1.233114e-01 6.228776e-02
 4.054054e-01  7.189227e-03 -1.660615e-01 2.762811e-02
 4.064064e-01  2.298933e-01 -4.436298e-01 2.496583e-01
 4.074074e-01  4.422628e-01 -6.968521e-01 6.811993e-01
 4.084084e-01  6.359975e-01 -9.143345e-01 1.240500e+00
 4.094094e-01  8.037358e-01 -1.086370e+00 1.826190e+00
 4.104104e-01  9.393780e-01 -1.205405e+00 2.335433e+00
 4.114114e-01  1.038335e+00 -1.266416e+00 2.681950e+00
 4.124124e-01  1.097698e+00 -1.267160e+00 2.810637e+00
 4.134134e-01  1.116317e+00 -1.208305e+00 2.706163e+00
 4.144144e-01  1.094783e+00 -1.093412e+00 2.394100e+00
 4.154154e-01  1.035333e+00 -9.287818e-01 1.934550e+00
 4.164164e-01  9.416630e-01 -7.231555e-01 1.409683e+00
 4.174174e-01  8.186841e-01 -4.872905e-01 9.076957e-01
 4.184184e-01  6.722283e-01 -2.334270e-01 5.063790e-01
 4.194194e-01  5.087221e-01  2.533144e-02 2.594398e-01
 4.204204e-01  3.348553e-01  2.756904e-01 1.881333e-01
 4.214214e-01  1.572567e-01  5.048590e-01 2.796123e-01
 4.224224e-01 -1.779714e-02  7.012258e-01 4.920344e-01
 4.234234e-01 -1.846328e-01  8.549822e-01 7.650838e-01
 4.244244e-01 -3.383697e-01  9.586552e-01 1.033514e+00
 4.254254e-01 -4.750519e-01  1.007520e+00 1.240770e+00
 4.264264e-01 -5.917083e-01  9.998637e-01 1.349846e+00
 4.274274e-01 -6.863547e-01  9.370876e-01 1.349216e+00
 4.284284e-01 -7.579336e-01  8.236308e-01 1.252831e+00
 4.294294e-01 -8.062125e-01  6.667243e-01 1.094500e+00
 4.304304e-01 -8.316428e-01  4.759816e-01 9.181882e-01
 4.314314e-01 -8.352060e-01  2.628496e-01 7.666590e-01
 4.324324e-01 -8.182497e-01  3.994903e-02 6.711285e-01
 4.334334e-01 -7.823413e-01 -1.796577e-01 6.443349e-01
 4.344344e-01 -7.291387e-01 -3.832285e-01 6.785074e-01
 4.354354e-01 -6.603007e-01 -5.590876e-01 7.485759e-01
 4.364364e-01 -5.774309e-01 -6.973106e-01 8.196685e-01
 4.374374e-01 -4.820702e-01 -7.903064e-01 8.569759e-01
 4.384384e-01 -3.757224e-01 -8.332594e-01 8.354886e-01
 4.394394e-01 -2.599212e-01 -8.244032e-01 7.471996e-01
 4.404404e-01 -1.363132e-01 -7.651094e-01 6.039736e-01
 4.414414e-01 -6.762529e-03 -6.597828e-01 4.353591e-01
 4.424424e-01  1.265565e-01 -5.155721e-01 2.818311e-01
 4.434434e-01  2.610726e-01 -3.419091e-01 1.850607e-01
 4.444444e-01  3.937717e-01 -1.499103e-01 1.775293e-01
 4.454454e-01  5.211823e-01  4.832639e-02 2.739664e-01
 4.464464e-01  6.394225e-01  2.404804e-01 4.666920e-01
 4.474474e-01  7.442915e-01  4.147802e-01 7.260125e-01
 4.484484e-01  8.314283e-01  5.607316e-01 1.005693e+00
 4.494494e-01  8.965078e-01  6.697638e-01 1.252310e+00
 4.504505e-01  9.354920e-01  7.357451e-01 1.416466e+00
 4.514515e-01  9.448915e-01  7.553419e-01 1.463361e+00
 4.524525e-01  9.220520e-01  7.281918e-01 1.380443e+00
 4.534535e-01  8.654107e-01  6.568899e-01 1.180440e+00
 4.544545e-01  7.747370e-01  5.467788e-01 8.991845e-01
 4.554555e-01  6.512994e-01  4.055707e-01 5.886785e-01
 4.564565e-01  4.979793e-01  2.428132e-01 3.069417e-01
 4.574575e-01  3.192743e-01  6.925072e-02 1.067317e-01
 4.584585e-01  1.212269e-01 -1.038928e-01 2.548967e-02
 4.594595e-01 -8.877360e-02 -2.656440e-01 7.844750e-02
 4.604605e-01 -3.022591e-01 -4.059946e-01 2.561922e-01
 4.614615e-01 -5.100697e-01 -5.165319e-01 5.269763e-01
 4.624625e-01 -7.027754e-01 -5.909690e-01 8.431377e-01
 4.634635e-01 -8.711830e-01 -6.255141e-01 1.150228e+00
 4.644645e-01 -1.006819e+00 -6.190862e-01 1.396953e+00
 4.654655e-01 -1.102448e+00 -5.733316e-01 1.544101e+00
 4.664665e-01 -1.152493e+00 -4.924805e-01 1.570776e+00
 4.674675e-01 -1.153439e+00 -3.830111e-01 1.477119e+00
 4.684685e-01 -1.104076e+00 -2.531966e-01 1.283093e+00
 4.694695e-01 -1.005685e+00 -1.125084e-01 1.024060e+00
 4.704705e-01 -8.620058e-01  2.901733e-02 7.438959e-01
 4.714715e-01 -6.791612e-01  1.614829e-01 4.873367e-01
 4.724725e-01 -4.653303e-01  2.757687e-01 2.925807e-01
 4.734735e-01 -2.304167e-01  3.641675e-01 1.857098e-01
 4.744745e-01  1.452516e-02  4.208550e-01 1.773299e-01
 4.754755e-01  2.577820e-01  4.423070e-01 2.620870e-01
 4.764765e-01  4.877067e-01  4.274678e-01 4.205866e-01
 4.774775e-01  6.932201e-01  3.778689e-01 6.233390e-01
 4.784785e-01  8.645641e-01  2.974316e-01 8.359366e-01
 4.794795e-01  9.936281e-01  1.922994e-01 1.024276e+00
 4.804805e-01  1.074644e+00  7.028091e-02 1.159798e+00
 4.814815e-01  1.104117e+00 -5.947749e-02 1.222611e+00
 4.824825e-01  1.081531e+00 -1.873946e-01 1.204826e+00
 4.834835e-01  1.008466e+00 -3.036009e-01 1.109178e+00
 4.844845e-01  8.901950e-01 -3.995729e-01 9.521056e-01
 4.854855e-01  7.286364e-01 -4.646538e-01 7.468142e-01
 4.864865e-01  5.053756e-01 -4.749786e-01 4.810091e-01
 4.874875e-01  2.372403e-01 -4.253804e-01 2.372314e-01
 4.884885e-01 -4.865099e-02 -3.207988e-01 1.052788e-01
 4.894895e-01 -3.252248e-01 -1.721679e-01 1.354130e-01
 4.904905e-01 -5.662582e-01  3.839672e-03 3.206631e-01
 4.914915e-01 -7.497861e-01  1.871132e-01 5.971905e-01
 4.924925e-01 -8.595707e-01  3.560894e-01 8.656614e-01
 4.934935e-01 -8.868779e-01  4.903847e-01 1.027030e+00
 4.944945e-01 -8.308657e-01  5.730264e-01 1.018697e+00
 4.954955e-01 -6.986437e-01  5.925404e-01 8.392071e-01
 4.964965e-01 -5.042398e-01  5.443046e-01 5.505253e-01
 4.974975e-01 -2.671895e-01  4.312577e-01 2.573734e-01
 4.984985e-01 -1.045534e-02  2.637104e-01 6.965249e-02
 4.994995e-01  2.417597e-01  5.837355e-02 6.185524e-02
 5.005005e-01  4.663507e-01 -1.633478e-01 2.441655e-01
 5.015015e-01  6.433820e-01 -3.776140e-01 5.565327e-01
 5.025025e-01  7.578417e-01 -5.606817e-01 8.886880e-01
 5.035035e-01  8.008466e-01 -6.915203e-01 1.119556e+00
 5.045045e-01  7.702435e-01 -7.541009e-01 1.161943e+00
 5.055055e-01  6.705949e-01 -7.392888e-01 9.962454e-01
 5.065065e-01  5.125115e-01 -6.458964e-01 6.798502e-01
 5.075075e-01  3.115476e-01 -4.810766e-01 3.284966e-01
 5.085085e-01  8.658869e-02 -2.596253e-01 7.490289e-02
 5.095095e-01 -1.418301e-01 -2.742447e-03 2.012328e-02
 5.105105e-01 -3.534990e-01  2.642510e-01 1.947901e-01
 5.115115e-01 -5.300999e-01  5.141900e-01 5.453973e-01
 5.125125e-01 -6.569742e-01  7.212106e-01 9.517599e-01
 5.135135e-01 -7.238804e-01  8.628718e-01 1.268551e+00
 5.145145e-01 -7.263656e-01  9.234261e-01 1.380323e+00
 5.155155e-01 -6.647144e-01  8.937349e-01 1.240607e+00
 5.165165e-01 -5.487969e-01  7.794065e-01 9.086525e-01
 5.175175e-01 -4.098613e-01  6.187056e-01 5.507828e-01
 5.185185e-01 -2.576752e-01  4.229846e-01 2.453124e-01
 5.195195e-01 -9.745141e-02  1.989383e-01 4.907321e-02
 5.205205e-01  6.458782e-02 -4.392013e-02 6.100564e-03
 5.215215e-01  2.227785e-01 -2.956148e-01 1.370184e-01
 5.225225e-01  3.714770e-01 -5.452245e-01 4.352648e-01
 5.235235e-01  5.056167e-01 -7.819761e-01 8.671349e-01
 5.245245e-01  6.205496e-01 -9.953525e-01 1.375808e+00
 5.255255e-01  7.123552e-01 -1.175856e+00 1.890087e+00
 5.265265e-01  7.777860e-01 -1.315222e+00 2.334760e+00
 5.275275e-01  8.144704e-01 -1.406952e+00 2.642876e+00
 5.285285e-01  8.208940e-01 -1.446459e+00 2.766111e+00
 5.295295e-01  7.965368e-01 -1.431371e+00 2.683292e+00
 5.305305e-01  7.418546e-01 -1.361528e+00 2.404107e+00
 5.315315e-01  6.583552e-01 -1.239065e+00 1.968714e+00
 5.325325e-01  5.485498e-01 -1.068240e+00 1.442044e+00
 5.335335e-01  4.159551e-01 -8.553119e-01 9.045770e-01
 5.345345e-01  2.649871e-01 -6.082257e-01 4.401567e-01
 5.355355e-01  1.008775e-01 -3.363340e-01 1.232968e-01
 5.365365e-01 -7.050629e-02 -4.997949e-02 7.469087e-03
 5.375375e-01 -2.428315e-01  2.398792e-01 1.165092e-01
 5.385385e-01 -4.095479e-01  5.221294e-01 4.403485e-01
 5.395395e-01 -5.641239e-01  7.859080e-01 9.358872e-01
 5.405405e-01 -7.003338e-01  1.021049e+00 1.533008e+00
 5.415415e-01 -8.125168e-01  1.218452e+00 2.144808e+00
 5.425425e-01 -8.958533e-01  1.370461e+00 2.680717e+00
 5.435435e-01 -9.465902e-01  1.471148e+00 3.060308e+00
 5.445445e-01 -9.622491e-01  1.516565e+00 3.225894e+00
 5.455455e-01 -9.417600e-01  1.504907e+00 3.151656e+00
 5.465465e-01 -8.855509e-01  1.436606e+00 2.848037e+00
 5.475475e-01 -7.955495e-01  1.314334e+00 2.360374e+00
 5.485485e-01 -6.751265e-01  1.142934e+00 1.762093e+00
 5.495495e-01 -5.289527e-01  9.292388e-01 1.143276e+00
 5.505506e-01 -3.628026e-01  6.818432e-01 5.965358e-01
 5.515516e-01 -1.832881e-01  4.107626e-01 2.023205e-01
 5.525526e-01  2.438584e-03  1.270545e-01 1.614878e-02
 5.535536e-01  1.870211e-01 -1.576381e-01 5.982664e-02
 5.545546e-01  3.632335e-01 -4.315612e-01 3.181837e-01
 5.555556e-01  5.243156e-01 -6.833629e-01 7.418918e-01
 5.565566e-01  6.642714e-01 -9.025871e-01 1.255920e+00
 5.575576e-01  7.781326e-01 -1.080158e+00 1.772232e+00
 5.585586e-01  8.621569e-01 -1.208805e+00 2.204523e+00
 5.595596e-01  9.139663e-01 -1.283424e+00 2.482513e+00
 5.605606e-01  9.326056e-01 -1.301347e+00 2.563258e+00
 5.615616e-01  9.185325e-01 -1.262501e+00 2.437609e+00
 5.625626e-01  8.735305e-01 -1.169443e+00 2.130653e+00
 5.635636e-01  8.005632e-01 -1.027281e+00 1.696208e+00
 5.645646e-01  7.035708e-01 -8.434434e-01 1.206409e+00
 5.655656e-01  5.872314e-01 -6.273459e-01 7.384036e-01
 5.665666e-01  4.566945e-01 -3.899356e-01 3.606196e-01
 5.675676e-01  3.173118e-01 -1.431550e-01 1.211802e-01
 5.685686e-01  1.743732e-01  1.006653e-01 4.053950e-02
 5.695696e-01  3.287045e-02  3.294380e-01 1.096099e-01
 5.705706e-01 -1.027049e-01  5.319565e-01 2.935260e-01
 5.715716e-01 -2.285142e-01  6.984863e-01 5.401019e-01
 5.725726e-01 -3.414741e-01  8.212938e-01 7.911280e-01
 5.735736e-01 -4.393004e-01  8.950625e-01 9.941218e-01
 5.745746e-01 -5.205016e-01  9.171886e-01 1.112157e+00
 5.755756e-01 -5.843198e-01  8.879191e-01 1.129830e+00
 5.765766e-01 -6.306358e-01  8.103374e-01 1.054348e+00
 5.775776e-01 -6.598412e-01  6.901809e-01 9.117401e-01
 5.785786e-01 -6.726975e-01  5.355100e-01 7.392930e-01
 5.795796e-01 -6.701897e-01  3.562364e-01 5.760586e-01
 5.805806e-01 -6.533923e-01  1.635461e-01 4.536688e-01
 5.815816e-01 -6.233565e-01 -3.075897e-02 3.895195e-01
 5.825826e-01 -5.810308e-01 -2.149522e-01 3.838012e-01
 5.835836e-01 -5.272186e-01 -3.780748e-01 4.209001e-01
 5.845846e-01 -4.625806e-01 -5.105786e-01 4.746712e-01
 5.855856e-01 -3.876760e-01 -6.048876e-01 5.161816e-01
 5.865866e-01 -3.030438e-01 -6.558368e-01 5.219574e-01
 5.875876e-01 -2.093105e-01 -6.609676e-01 4.806891e-01
 5.885886e-01 -1.073174e-01 -6.206549e-01 3.967295e-01
 5.895896e-01  1.749396e-03 -5.380637e-01 2.895156e-01
 5.905906e-01  1.162384e-01 -4.189327e-01 1.890159e-01
 5.915916e-01  2.339394e-01 -2.712041e-01 1.282793e-01
 5.925926e-01  3.520289e-01 -1.045162e-01 1.348480e-01
 5.935936e-01  4.670674e-01  7.040191e-02 2.231084e-01
 5.945946e-01  5.750563e-01  2.424022e-01 3.894486e-01
 5.955956e-01  6.715585e-01  4.006075e-01 6.114772e-01
 5.965966e-01  7.518804e-01  5.350822e-01 8.516370e-01
 5.975976e-01  8.113106e-01  6.374349e-01 1.064548e+00
 5.985986e-01  8.454019e-01  7.013234e-01 1.206559e+00
 5.995996e-01  8.502807e-01  7.228224e-01 1.245450e+00
 6.006006e-01  8.229639e-01  7.006413e-01 1.168168e+00
 6.016016e-01  7.616594e-01  6.361704e-01 9.848379e-01
 6.026026e-01  6.660278e-01  5.333634e-01 7.280696e-01
 6.036036e-01  5.373806e-01  3.984575e-01 4.475463e-01
 6.046046e-01  3.787959e-01  2.395575e-01 2.008742e-01
 6.056056e-01  1.951341e-01  6.610754e-02 4.244751e-02
 6.066066e-01 -7.056691e-03 -1.117113e-01 1.252921e-02
 6.076076e-01 -2.197478e-01 -2.836210e-01 1.287300e-01
 6.086086e-01 -4.337480e-01 -4.398788e-01 3.816307e-01
 6.096096e-01 -6.391177e-01 -5.718667e-01 7.355030e-01
 6.106106e-01 -8.256620e-01 -6.725953e-01 1.134102e+00
 6.116116e-01 -9.834742e-01 -7.370974e-01 1.510534e+00
 6.126126e-01 -1.103502e+00 -7.626823e-01 1.799400e+00
 6.136136e-01 -1.178095e+00 -7.490435e-01 1.948974e+00
 6.146146e-01 -1.201511e+00 -6.982094e-01 1.931125e+00
 6.156156e-01 -1.170328e+00 -6.143501e-01 1.747095e+00
 6.166166e-01 -1.083754e+00 -5.034505e-01 1.427985e+00
 6.176176e-01 -9.437882e-01 -3.728783e-01 1.029774e+00
 6.186186e-01 -7.552379e-01 -2.308742e-01 6.236872e-01
 6.196196e-01 -5.255697e-01 -8.600293e-02 2.836200e-01
 6.206206e-01 -2.646042e-01  5.340180e-02 7.286716e-02
 6.216216e-01  1.593188e-02  1.797577e-01 3.256666e-02
 6.226226e-01  3.029764e-01  2.866904e-01 1.739861e-01
 6.236236e-01  5.827913e-01  3.693933e-01 4.760971e-01
 6.246246e-01  8.416755e-01  4.248741e-01 8.889357e-01
 6.256256e-01  1.066690e+00  4.520702e-01 1.342195e+00
 6.266266e-01  1.246352e+00  4.518325e-01 1.757547e+00
 6.276276e-01  1.371258e+00  4.267807e-01 2.062491e+00
 6.286286e-01  1.434599e+00  3.810439e-01 2.203268e+00
 6.296296e-01  1.432534e+00  3.199069e-01 2.154495e+00
 6.306306e-01  1.364415e+00  2.493912e-01 1.923825e+00
 6.316316e-01  1.232823e+00  1.757975e-01 1.550758e+00
 6.326326e-01  1.043446e+00  1.052463e-01 1.099857e+00
 6.336336e-01  8.047843e-01  4.324507e-02 6.495480e-01
 6.346346e-01  5.277122e-01 -5.686629e-03 2.785125e-01
 6.356356e-01  2.249217e-01 -3.831074e-02 5.205749e-02
 6.366366e-01 -8.972205e-02 -5.286376e-02 1.084462e-02
 6.376376e-01 -4.018728e-01 -4.913997e-02 1.639165e-01
 6.386386e-01 -6.974058e-01 -2.845957e-02 4.871848e-01
 6.396396e-01 -9.630923e-01  6.470529e-03 9.275887e-01
 6.406406e-01 -1.187212e+00  5.179353e-02 1.412154e+00
 6.416416e-01 -1.360070e+00  1.028155e-01 1.860362e+00
 6.426426e-01 -1.474405e+00  1.543727e-01 2.197701e+00
 6.436436e-01 -1.525656e+00  2.012245e-01 2.368118e+00
 6.446446e-01 -1.512100e+00  2.384444e-01 2.343303e+00
 6.456456e-01 -1.434847e+00  2.617822e-01 2.127316e+00
 6.466466e-01 -1.297704e+00  2.679714e-01 1.755846e+00
 6.476476e-01 -1.106930e+00  2.549626e-01 1.290300e+00
 6.486486e-01 -8.708847e-01  2.220674e-01 8.077541e-01
 6.496496e-01 -5.996134e-01  1.700054e-01 3.884381e-01
 6.506507e-01 -3.043764e-01  1.008530e-01 1.028163e-01
 6.516517e-01  2.844519e-03  1.789954e-02 3.284849e-04
 6.526527e-01  3.098420e-01 -7.457634e-02 1.015637e-01
 6.536537e-01  6.046599e-01 -1.715937e-01 3.950580e-01
 6.546547e-01  8.760344e-01 -2.677975e-01 8.391517e-01
 6.556557e-01  1.113785e+00 -3.578052e-01 1.368542e+00
 6.566567e-01  1.309147e+00 -4.365477e-01 1.904439e+00
 6.576577e-01  1.455036e+00 -4.995811e-01 2.366710e+00
 6.586587e-01  1.546247e+00 -5.433508e-01 2.686110e+00
 6.596597e-01  1.579584e+00 -5.653901e-01 2.814753e+00
 6.606607e-01  1.553922e+00 -5.644441e-01 2.733271e+00
 6.616617e-01  1.470205e+00 -5.405133e-01 2.453659e+00
 6.626627e-01  1.331390e+00 -4.948164e-01 2.017442e+00
 6.636637e-01  1.142327e+00 -4.296807e-01 1.489537e+00
 6.646647e-01  9.096008e-01 -3.483683e-01 9.487340e-01
 6.656657e-01  6.413125e-01 -2.548545e-01 4.762325e-01
 6.666667e-01  3.468318e-01 -1.535752e-01 1.438776e-01
 6.676677e-01  3.650356e-02 -4.916110e-02 3.749324e-03
 6.686687e-01 -2.786746e-01  5.382332e-02 8.055649e-02
 6.696697e-01 -5.874025e-01  1.511184e-01 3.678785e-01
 6.706707e-01 -8.784468e-01  2.389735e-01 8.287771e-01
 6.716717e-01 -1.141022e+00  3.143053e-01 1.400718e+00
 6.726727e-01 -1.365170e+00  3.748041e-01 2.004167e+00
 6.736737e-01 -1.542134e+00  4.189868e-01 2.553727e+00
 6.746747e-01 -1.664701e+00  4.461974e-01 2.970321e+00
 6.756757e-01 -1.727511e+00  4.565618e-01 3.192743e+00
 6.766767e-01 -1.727313e+00  4.509039e-01 3.186923e+00
 6.776777e-01 -1.663151e+00  4.306344e-01 2.951516e+00
 6.786787e-01 -1.536475e+00  3.976217e-01 2.518857e+00
 6.796797e-01 -1.351160e+00  3.540577e-01 1.950990e+00
 6.806807e-01 -1.113431e+00  3.023265e-01 1.331129e+00
 6.816817e-01 -8.316831e-01  2.448852e-01 7.516655e-01
 6.826827e-01 -5.162120e-01  1.841621e-01 3.003905e-01
 6.836837e-01 -1.788457e-01  1.224748e-01 4.698585e-02
 6.846847e-01  1.675005e-01  6.197088e-02 3.189679e-02
 6.856857e-01  5.093328e-01  4.586824e-03 2.594410e-01
 6.866867e-01  8.331329e-01 -4.797611e-02 6.964122e-01
 6.876877e-01  1.125930e+00 -9.426482e-02 1.276604e+00
 6.886887e-01  1.375866e+00 -1.330802e-01 1.910718e+00
 6.896897e-01  1.572732e+00 -1.634819e-01 2.500213e+00
 6.906907e-01  1.708436e+00 -1.847942e-01 2.952904e+00
 6.916917e-01  1.777395e+00 -1.966173e-01 3.197792e+00
 6.926927e-01  1.776813e+00 -1.988425e-01 3.196604e+00
 6.936937e-01  1.706843e+00 -1.916729e-01 2.950051e+00
 6.946947e-01  1.570607e+00 -1.756431e-01 2.497658e+00
 6.956957e-01  1.374087e+00 -1.516372e-01 1.911108e+00
 6.966967e-01  1.125869e+00 -1.208967e-01 1.282196e+00
 6.976977e-01  8.367689e-01 -8.501503e-02 7.074097e-01
 6.986987e-01  5.193468e-01 -4.591206e-02 2.718291e-01
 6.996997e-01  1.873288e-01 -5.785332e-03 3.512555e-02
 7.007007e-01 -1.450264e-01  3.296449e-02 2.211931e-02
 7.017017e-01 -4.635912e-01  6.783375e-02 2.195182e-01
 7.027027e-01 -7.550293e-01  9.633954e-02 5.793506e-01
 7.037037e-01 -1.007417e+00  1.161612e-01 1.028383e+00
 7.047047e-01 -1.210796e+00  1.252929e-01 1.481726e+00
 7.057057e-01 -1.357626e+00  1.221969e-01 1.858081e+00
 7.067067e-01 -1.443115e+00  1.059476e-01 2.093805e+00
 7.077077e-01 -1.465411e+00  7.635375e-02 2.153260e+00
 7.087087e-01 -1.425646e+00  3.404802e-02 2.033625e+00
 7.097097e-01 -1.327821e+00 -1.946575e-02 1.763487e+00
 7.107107e-01 -1.178554e+00 -8.181631e-02 1.395683e+00
 7.117117e-01 -9.866914e-01 -1.498248e-01 9.960074e-01
 7.127127e-01 -7.628125e-01 -2.196222e-01 6.301168e-01
 7.137137e-01 -5.186499e-01 -2.868220e-01 3.512645e-01
 7.147147e-01 -2.664620e-01 -3.467425e-01 1.912323e-01
 7.157157e-01 -1.838998e-02 -3.946689e-01 1.561017e-01
 7.167167e-01  2.141642e-01 -4.261404e-01 2.274620e-01
 7.177177e-01  4.211049e-01 -4.372482e-01 3.685153e-01
 7.187187e-01  5.941233e-01 -4.249240e-01 5.335429e-01
 7.197197e-01  7.270664e-01 -3.872028e-01 6.785515e-01
 7.207207e-01  8.161754e-01 -3.234385e-01 7.707547e-01
 7.217217e-01  8.601822e-01 -2.344583e-01 7.948842e-01
 7.227227e-01  8.602622e-01 -1.226392e-01 7.550914e-01
 7.237237e-01  8.198480e-01  8.101713e-03 6.722165e-01
 7.247247e-01  7.443219e-01  1.524107e-01 5.772441e-01
 7.257257e-01  6.406043e-01  3.036932e-01 5.026033e-01
 7.267267e-01  5.166703e-01  4.543980e-01 4.734258e-01
 7.277277e-01  3.810235e-01  5.963785e-01 5.008462e-01
 7.287287e-01  2.421611e-01  7.213143e-01 5.789364e-01
 7.297297e-01  1.080654e-01  8.211724e-01 6.860023e-01
 7.307307e-01 -1.424828e-02  8.886834e-01 7.899613e-01
 7.317317e-01 -1.191000e-01  9.178056e-01 8.565519e-01
 7.327327e-01 -2.024089e-01  9.041482e-01 8.584534e-01
 7.337337e-01 -2.618388e-01  8.453278e-01 7.831387e-01
 7.347347e-01 -2.968211e-01  7.412310e-01 6.375261e-01
 7.357357e-01 -3.084566e-01  5.941643e-01 4.481767e-01
 7.367367e-01 -2.993098e-01  4.088748e-01 2.567650e-01
 7.377377e-01 -2.731128e-01  1.924330e-01 1.116210e-01
 7.387387e-01 -2.344027e-01 -4.602246e-02 5.706268e-02
 7.397397e-01 -1.881227e-01 -2.956716e-01 1.228118e-01
 7.407407e-01 -1.392148e-01 -5.445150e-01 3.158773e-01
 7.417417e-01 -9.223635e-02 -7.799686e-01 6.168586e-01
 7.427427e-01 -5.102539e-02 -9.895208e-01 9.817549e-01
 7.437437e-01 -1.844089e-02 -1.161416e+00 1.349228e+00
 7.447447e-01  3.807315e-03 -1.285330e+00 1.652086e+00
 7.457457e-01  1.522756e-02 -1.352987e+00 1.830806e+00
 7.467467e-01  1.651251e-02 -1.358701e+00 1.846341e+00
 7.477477e-01  9.407846e-03 -1.299778e+00 1.689510e+00
 7.487487e-01 -3.503420e-03 -1.176776e+00 1.384814e+00
 7.497497e-01 -1.908216e-02 -9.935923e-01 9.875899e-01
 7.507508e-01 -3.395570e-02 -7.573606e-01 5.747480e-01
 7.517518e-01 -4.485524e-02 -4.781698e-01 2.306583e-01
 7.527528e-01 -4.894028e-02 -1.686081e-01 3.082383e-02
 7.537538e-01 -4.408389e-02  1.568448e-01 2.654367e-02
 7.547548e-01 -2.909569e-02  4.825450e-01 2.336963e-01
 7.557558e-01 -3.864481e-03  7.924938e-01 6.280613e-01
 7.567568e-01  3.059136e-02  1.071181e+00 1.148365e+00
 7.577578e-01  7.217000e-02  1.304420e+00 1.706719e+00
 7.587588e-01  1.178261e-01  1.480114e+00 2.204620e+00
 7.597598e-01  1.637939e-01  1.588929e+00 2.551523e+00
 7.607608e-01  2.058776e-01  1.624809e+00 2.682389e+00
 7.617618e-01  2.397858e-01  1.585324e+00 2.570749e+00
 7.627628e-01  2.614854e-01  1.471815e+00 2.234614e+00
 7.637638e-01  2.675477e-01  1.289338e+00 1.733974e+00
 7.647648e-01  2.554594e-01  1.046400e+00 1.160212e+00
 7.657658e-01  2.238743e-01  7.545124e-01 6.194087e-01
 7.667668e-01  1.727860e-01  4.275843e-01 2.126834e-01
 7.677678e-01  1.036060e-01  8.118703e-02 1.732555e-02
 7.687688e-01  1.914023e-02 -2.682580e-01 7.232871e-02
 7.697698e-01 -7.653708e-02 -6.043273e-01 3.710694e-01
 7.707708e-01 -1.783042e-01 -9.114281e-01 8.624936e-01
 7.717718e-01 -2.802945e-01 -1.175572e+00 1.460533e+00
 7.727728e-01 -3.762609e-01 -1.385041e+00 2.059911e+00
 7.737738e-01 -4.599764e-01 -1.530926e+00 2.555314e+00
 7.747748e-01 -5.256459e-01 -1.607492e+00 2.860335e+00
 7.757758e-01 -5.682979e-01 -1.612374e+00 2.922711e+00
 7.767768e-01 -5.841328e-01 -1.546588e+00 2.733145e+00
 7.777778e-01 -5.708001e-01 -1.414374e+00 2.326268e+00
 7.787788e-01 -5.275871e-01 -1.222879e+00 1.773782e+00
 7.797798e-01 -4.555058e-01 -9.817064e-01 1.171233e+00
 7.807808e-01 -3.572693e-01 -7.023703e-01 6.209655e-01
 7.817818e-01 -2.371611e-01 -3.976848e-01 2.143986e-01
 7.827828e-01 -1.008033e-01 -8.112257e-02 1.674217e-02
 7.837838e-01  4.516074e-02  2.338172e-01 5.670999e-02
 7.847848e-01  1.934487e-01  5.342017e-01 3.227938e-01
 7.857858e-01  3.365628e-01  8.081902e-01 7.664459e-01
 7.867868e-01  4.672266e-01  1.045473e+00 1.311315e+00
 7.877878e-01  5.788074e-01  1.237610e+00 1.866696e+00
 7.887888e-01  6.656979e-01  1.378257e+00 2.342747e+00
 7.897898e-01  7.236324e-01  1.463294e+00 2.664872e+00
 7.907908e-01  7.499196e-01  1.490841e+00 2.784986e+00
 7.917918e-01  7.435771e-01  1.461196e+00 2.688000e+00
 7.927928e-01  7.053617e-01  1.376689e+00 2.392809e+00
 7.937938e-01  6.376939e-01  1.241486e+00 1.947940e+00
 7.947948e-01  5.444858e-01  1.061338e+00 1.422904e+00
 7.957958e-01  4.308818e-01  8.433213e-01 8.968500e-01
 7.967968e-01  3.029337e-01  5.955477e-01 4.464459e-01
 7.977978e-01  1.672298e-01  3.268845e-01 1.348193e-01
 7.987988e-01  3.050393e-02  4.667418e-02 3.108969e-03
 7.997998e-01 -1.007514e-01 -2.355341e-01 6.562714e-02
 8.008008e-01 -2.206428e-01 -5.102408e-01 3.090290e-01
 8.018018e-01 -3.241841e-01 -7.682407e-01 6.952891e-01
 8.028028e-01 -4.075362e-01 -1.000855e+00 1.167796e+00
 8.038038e-01 -4.681674e-01 -1.200154e+00 1.659550e+00
 8.048048e-01 -5.049256e-01 -1.359171e+00 2.102296e+00
 8.058058e-01 -5.180236e-01 -1.472104e+00 2.435438e+00
 8.068068e-01 -5.089408e-01 -1.534503e+00 2.613722e+00
 8.078078e-01 -4.802524e-01 -1.543446e+00 2.612868e+00
 8.088088e-01 -4.354009e-01 -1.497676e+00 2.432608e+00
 8.098098e-01 -3.784262e-01 -1.397719e+00 2.096826e+00
 8.108108e-01 -3.136766e-01 -1.245949e+00 1.650781e+00
 8.118118e-01 -2.455186e-01 -1.046597e+00 1.155645e+00
 8.128128e-01 -1.780649e-01 -8.057090e-01 6.808741e-01
 8.138138e-01 -1.149387e-01 -5.310196e-01 2.951927e-01
 8.148148e-01 -5.908639e-02 -2.317615e-01 5.720458e-02
 8.158158e-01 -1.264850e-02  8.160398e-02 6.819195e-03
 8.168168e-01  2.310598e-02  3.977260e-01 1.587198e-01
 8.178178e-01  4.778234e-02  7.047653e-01 4.989773e-01
 8.188188e-01  6.180378e-02  9.908448e-01 9.855930e-01
 8.198198e-01  6.630427e-02  1.244530e+00 1.553251e+00
 8.208208e-01  6.298165e-02  1.455321e+00 2.121925e+00
 8.218218e-01  5.392438e-02  1.614131e+00 2.608326e+00
 8.228228e-01  4.142596e-02  1.713726e+00 2.938575e+00
 8.238238e-01  2.780113e-02  1.749106e+00 3.060144e+00
 8.248248e-01  1.521687e-02  1.717793e+00 2.951043e+00
 8.258258e-01  5.548806e-03  1.620026e+00 2.624516e+00
 8.268268e-01  2.714182e-04  1.458833e+00 2.128192e+00
 8.278278e-01  3.869123e-04  1.239968e+00 1.537522e+00
 8.288288e-01  6.394519e-03  9.717362e-01 9.443121e-01
 8.298298e-01  1.829868e-02  6.646718e-01 4.421234e-01
 8.308308e-01  3.565188e-02  3.311196e-01 1.109112e-01
 8.318318e-01  5.762536e-02 -1.528970e-02 3.554457e-03
 8.328328e-01  8.309956e-02 -3.602341e-01 1.366741e-01
 8.338338e-01  1.107652e-01 -6.893409e-01 4.874598e-01
 8.348348e-01  1.392257e-01 -9.888414e-01 9.971912e-01
 8.358358e-01  1.670930e-01 -1.246207e+00 1.580953e+00
 8.368368e-01  1.930689e-01 -1.450738e+00 2.141915e+00
 8.378378e-01  2.160078e-01 -1.594063e+00 2.587696e+00
 8.388388e-01  2.349567e-01 -1.670546e+00 2.845927e+00
 8.398398e-01  2.491728e-01 -1.677550e+00 2.876261e+00
 8.408408e-01  2.581189e-01 -1.615570e+00 2.676690e+00
 8.418418e-01  2.614422e-01 -1.488203e+00 2.283100e+00
 8.428428e-01  2.589385e-01 -1.301980e+00 1.762202e+00
 8.438438e-01  2.505114e-01 -1.066044e+00 1.199206e+00
 8.448448e-01  2.361301e-01 -7.917042e-01 6.825530e-01
 8.458458e-01  2.157939e-01 -4.918863e-01 2.885191e-01
 8.468468e-01  1.895084e-01 -1.805011e-01 6.849405e-02
 8.478478e-01  1.572778e-01  1.282322e-01 4.117981e-02
 8.488488e-01  1.191162e-01  4.204748e-01 1.909877e-01
 8.498498e-01  7.507751e-02  6.834347e-01 4.727196e-01
 8.508509e-01  2.530361e-02  9.059763e-01 8.214334e-01
 8.518519e-01 -2.991370e-02  1.079142e+00 1.165442e+00
 8.528529e-01 -9.006248e-02  1.196559e+00 1.439864e+00
 8.538539e-01 -1.543392e-01  1.254710e+00 1.598117e+00
 8.548549e-01 -2.215842e-01  1.253060e+00 1.619258e+00
 8.558559e-01 -2.902329e-01  1.194021e+00 1.509920e+00
 8.568569e-01 -3.582905e-01  1.082772e+00 1.300768e+00
 8.578579e-01 -4.233387e-01  9.269368e-01 1.038428e+00
 8.588589e-01 -4.825784e-01  7.361332e-01 7.747739e-01
 8.598599e-01 -5.329129e-01  5.214322e-01 5.558876e-01
 8.608609e-01 -5.710722e-01  2.947445e-01 4.129978e-01
 8.618619e-01 -5.937747e-01  6.817360e-02 3.572160e-01
 8.628629e-01 -5.979208e-01 -1.466298e-01 3.790096e-01
 8.638639e-01 -5.808095e-01 -3.390774e-01 4.523131e-01
 8.648649e-01 -5.403645e-01 -5.001830e-01 5.421768e-01
 8.658659e-01 -4.753569e-01 -6.230051e-01 6.140995e-01
 8.668669e-01 -3.856067e-01 -7.029659e-01 6.428536e-01
 8.678679e-01 -2.721476e-01 -7.380340e-01 6.187586e-01
 8.688689e-01 -1.373377e-01 -7.287598e-01 5.499525e-01
 8.698699e-01  1.509683e-02 -6.781642e-01 4.601346e-01
 8.708709e-01  1.800970e-01 -5.914899e-01 3.822952e-01
 8.718719e-01  3.513927e-01 -4.758308e-01 3.498918e-01
 8.728729e-01  5.217125e-01 -3.396632e-01 3.875551e-01
 8.738739e-01  6.830769e-01 -1.923080e-01 5.035765e-01
 8.748749e-01  8.271671e-01 -4.335561e-02 6.860851e-01
 8.758759e-01  9.457516e-01  9.791003e-02 9.040324e-01
 8.768769e-01  1.031150e+00  2.230559e-01 1.113025e+00
 8.778779e-01  1.076711e+00  3.249794e-01 1.264919e+00
 8.788789e-01  1.077268e+00  3.982954e-01 1.319145e+00
 8.798799e-01  1.029551e+00  4.396099e-01 1.253232e+00
 8.808809e-01  9.325242e-01  4.476641e-01 1.070005e+00
 8.818819e-01  7.876113e-01  4.233442e-01 7.995518e-01
 8.828829e-01  5.988025e-01  3.695578e-01 4.951374e-01
 8.838839e-01  3.726155e-01  2.909877e-01 2.235161e-01
 8.848849e-01  1.179070e-01  1.937417e-01 5.143789e-02
 8.858859e-01 -1.544630e-01  8.492062e-02 3.107033e-02
 8.868869e-01 -4.321048e-01 -2.786328e-02 1.874909e-01
 8.878879e-01 -7.016892e-01 -1.369887e-01 5.111337e-01
 8.888889e-01 -9.496251e-01 -2.353139e-01 9.571605e-01
 8.898899e-01 -1.162788e+00 -3.166211e-01 1.452324e+00
 8.908909e-01 -1.329257e+00 -3.759891e-01 1.908292e+00
 8.918919e-01 -1.439020e+00 -4.100710e-01 2.238938e+00
 8.928929e-01 -1.484599e+00 -4.172621e-01 2.378142e+00
 8.938939e-01 -1.461552e+00 -3.977486e-01 2.294337e+00
 8.948949e-01 -1.368827e+00 -3.534384e-01 1.998605e+00
 8.958959e-01 -1.208932e+00 -2.877803e-01 1.544335e+00
 8.968969e-01 -9.879107e-01 -2.054879e-01 1.018193e+00
 8.978979e-01 -7.151091e-01 -1.121891e-01 5.239674e-01
 8.988989e-01 -4.027603e-01 -1.402619e-02 1.624126e-01
 8.998999e-01 -6.538946e-02  8.276354e-02 1.112559e-02
 9.009009e-01  2.809204e-01  1.722585e-01 1.085892e-01
 9.019019e-01  6.193624e-01  2.492269e-01 4.457238e-01
 9.029029e-01  9.332936e-01  3.094397e-01 9.667898e-01
 9.039039e-01  1.207123e+00  3.499028e-01 1.579578e+00
 9.049049e-01  1.427150e+00  3.689964e-01 2.172917e+00
 9.059059e-01  1.582304e+00  3.665133e-01 2.638018e+00
 9.069069e-01  1.664736e+00  3.436004e-01 2.889407e+00
 9.079079e-01  1.670240e+00  3.026091e-01 2.881275e+00
 9.089089e-01  1.598470e+00  2.468705e-01 2.616050e+00
 9.099099e-01  1.452939e+00  1.804159e-01 2.143580e+00
 9.109109e-01  1.240816e+00  1.076632e-01 1.551217e+00
 9.119119e-01  9.725232e-01  3.309693e-02 9.468967e-01
 9.129129e-01  6.611528e-01 -3.903629e-02 4.386469e-01
 9.139139e-01  3.217630e-01 -1.049934e-01 1.145550e-01
 9.149149e-01 -2.942970e-02 -1.617437e-01 2.702714e-02
 9.159159e-01 -3.758990e-01 -2.071087e-01 1.841941e-01
 9.169169e-01 -7.016547e-01 -2.398244e-01 5.498351e-01
 9.179179e-01 -9.920379e-01 -2.595276e-01 1.051494e+00
 9.189189e-01 -1.234422e+00 -2.666707e-01 1.594912e+00
 9.199199e-01 -1.418786e+00 -2.623777e-01 2.081796e+00
 9.209209e-01 -1.538128e+00 -2.482568e-01 2.427468e+00
 9.219219e-01 -1.588710e+00 -2.261896e-01 2.575160e+00
 9.229229e-01 -1.570122e+00 -1.981178e-01 2.504533e+00
 9.239239e-01 -1.485172e+00 -1.658463e-01 2.233241e+00
 9.249249e-01 -1.339618e+00 -1.308832e-01 1.811706e+00
 9.259259e-01 -1.141759e+00 -9.432974e-02 1.312512e+00
 9.269269e-01 -9.019257e-01 -5.682870e-02 8.166994e-01
 9.279279e-01 -6.318905e-01 -1.857764e-02 3.996307e-01
 9.289289e-01 -3.442441e-01  2.059809e-02 1.189283e-01
 9.299299e-01 -5.176719e-02  6.111927e-02 6.415408e-03
 9.309309e-01  2.331670e-01  1.034879e-01 6.507658e-02
 9.319319e-01  4.991312e-01  1.481005e-01 2.710657e-01
 9.329329e-01  7.361006e-01  1.950598e-01 5.798925e-01
 9.339339e-01  9.358096e-01  2.440056e-01 9.352783e-01
 9.349349e-01  1.092000e+00  2.939839e-01 1.278891e+00
 9.359359e-01  1.200558e+00  3.433717e-01 1.559245e+00
 9.369369e-01  1.259542e+00  3.898693e-01 1.738444e+00
 9.379379e-01  1.269108e+00  4.305665e-01 1.796021e+00
 9.389389e-01  1.231353e+00  4.620840e-01 1.729752e+00
 9.399399e-01  1.150089e+00  4.807822e-01 1.553855e+00
 9.409409e-01  1.030554e+00  4.830262e-01 1.295355e+00
 9.419419e-01  8.791054e-01  4.654875e-01 9.895049e-01
 9.429429e-01  7.028868e-01  4.254607e-01 6.750668e-01
 9.439439e-01  5.094985e-01  3.611703e-01 3.900327e-01
 9.449449e-01  3.066841e-01  2.720414e-01 1.680617e-01
 9.459459e-01  1.020425e-01  1.589104e-01 3.566519e-02
 9.469469e-01 -9.722622e-02  2.415534e-02 1.003642e-02
 9.479479e-01 -2.845356e-01 -1.282715e-01 9.741407e-02
 9.489489e-01 -4.540851e-01 -2.929171e-01 2.919937e-01
 9.499499e-01 -6.009913e-01 -4.630098e-01 5.755687e-01
 9.509510e-01 -7.213781e-01 -6.307451e-01 9.182258e-01
 9.519520e-01 -8.124300e-01 -7.876606e-01 1.280452e+00
 9.529530e-01 -8.724115e-01 -9.250821e-01 1.616879e+00
 9.539540e-01 -9.006572e-01 -1.034613e+00 1.881608e+00
 9.549550e-01 -8.975353e-01 -1.108640e+00 2.034653e+00
 9.559560e-01 -8.643898e-01 -1.140821e+00 2.048642e+00
 9.569570e-01 -8.034618e-01 -1.126523e+00 1.914605e+00
 9.579580e-01 -7.177952e-01 -1.063187e+00 1.645596e+00
 9.589590e-01 -6.111261e-01 -9.505833e-01 1.277084e+00
 9.599600e-01 -4.877588e-01 -7.909492e-01 8.635092e-01
 9.609610e-01 -3.524300e-01 -5.889888e-01 4.711146e-01
 9.619620e-01 -2.101624e-01 -3.517353e-01 1.678859e-01
 9.629630e-01 -6.610986e-02 -8.827806e-02 1.216353e-02
 9.639640e-01  7.460295e-02  1.906328e-01 4.190647e-02
 9.649650e-01  2.070436e-01  4.730839e-01 2.666754e-01
 9.659660e-01  3.266331e-01  7.465717e-01 6.640585e-01
 9.669670e-01  4.293006e-01  9.986222e-01 1.181545e+00
 9.679680e-01  5.116269e-01  1.217420e+00 1.743873e+00
 9.689690e-01  5.709704e-01  1.392416e+00 2.264829e+00
 9.699700e-01  6.055708e-01  1.514877e+00 2.661567e+00
 9.709710e-01  6.146244e-01  1.578349e+00 2.868950e+00
 9.719720e-01  5.983266e-01  1.579011e+00 2.851271e+00
 9.729730e-01  5.578791e-01  1.515889e+00 2.609149e+00
 9.739740e-01  4.954570e-01  1.390936e+00 2.180180e+00
 9.749750e-01  4.141376e-01  1.208958e+00 1.633089e+00
 9.759760e-01  3.177899e-01  9.773987e-01 1.056299e+00
 9.769770e-01  2.109277e-01  7.059929e-01 5.429165e-01
 9.779780e-01  9.853143e-02  4.063018e-01 1.747896e-01
 9.789790e-01 -1.415591e-02  9.116280e-02 8.511046e-03
 9.799800e-01 -1.218512e-01 -2.259235e-01 6.588916e-02
 9.809810e-01 -2.194631e-01 -5.314353e-01 3.305876e-01
 9.819820e-01 -3.023236e-01 -8.124682e-01 7.515042e-01
 9.829830e-01 -3.664092e-01 -1.057338e+00 1.252220e+00
 9.839840e-01 -4.085422e-01 -1.256120e+00 1.744745e+00
 9.849850e-01 -4.265604e-01 -1.401091e+00 2.145011e+00
 9.859860e-01 -4.194481e-01 -1.487067e+00 2.387304e+00
 9.869870e-01 -3.874196e-01 -1.511602e+00 2.435033e+00
 9.879880e-01 -3.319481e-01 -1.475061e+00 2.285994e+00
 9.889890e-01 -2.557383e-01 -1.380548e+00 1.971314e+00
 9.899900e-01 -1.626377e-01 -1.233701e+00 1.548470e+00
 9.909910e-01 -5.748977e-02 -1.042374e+00 1.089849e+00
 9.919920e-01  5.406851e-02 -8.162071e-01 6.691174e-01
 9.929930e-01  1.658585e-01 -5.661246e-01 3.480061e-01
 9.939940e-01  2.714518e-01 -3.037808e-01 1.659688e-01
 9.949950e-01  3.644901e-01 -4.098039e-02 1.345324e-01
 9.959960e-01  4.390200e-01  2.108923e-01 2.372141e-01
 9.969970e-01  4.898260e-01  4.414077e-01 4.347703e-01
 9.979980e-01  5.127447e-01  6.415627e-01 6.745099e-01
 9.989990e-01  5.049435e-01  8.041656e-01 9.016502e-01
 1.000000e+00  4.651459e-01  9.241167e-01 1.070352e+00
