# x psi_r psi_i psi2 
 0.000000e+00  1.493768e-03 -2.441657e-03 8.193029e-06
 1.001001e-03  2.401606e-03 -1.254260e-03 7.340879e-06
 2.002002e-03  3.018049e-03  1.094692e-05 9.108741e-06
 3.003003e-03  3.311236e-03  1.206885e-03 1.242085e-05
 4.004004e-03  3.282606e-03  2.200761e-03 1.561885e-05
 5.005005e-03  2.963469e-03  2.887996e-03 1.712267e-05
 6.006006e-03  2.408843e-03  3.202539e-03 1.605878e-05
 7.007007e-03  1.689675e-03  3.122655e-03 1.260598e-05
 8.008008e-03  8.842538e-04  2.671702e-03 7.919896e-06
 9.009009e-03  6.998941e-05  1.914037e-03 3.668435e-06
 1.001001e-02 -6.837864e-04  9.466142e-04 1.363642e-06
 1.101101e-02 -1.321172e-03 -1.126416e-04 1.758185e-06
 1.201201e-02 -1.803045e-03 -1.138394e-03 4.546912e-06
 1.301301e-02 -2.108119e-03 -2.011847e-03 8.491692e-06
 1.401401e-02 -2.232121e-03 -2.633640e-03 1.191843e-05
 1.501502e-02 -2.185278e-03 -2.934328e-03 1.338572e-05
 1.601602e-02 -1.988864e-03 -2.881427e-03 1.225820e-05
 1.701702e-02 -1.671219e-03 -2.482360e-03 8.955084e-06
 1.801802e-02 -1.264011e-03 -1.783102e-03 4.777176e-06
 1.901902e-02 -7.990053e-04 -8.627567e-04 1.382759e-06
 2.002002e-02 -3.058719e-04  1.752747e-04 1.242789e-07
 2.102102e-02  1.890639e-04  1.214576e-03 1.510941e-06
 2.202202e-02  6.629783e-04  2.138210e-03 5.011480e-06
 2.302302e-02  1.096052e-03  2.841154e-03 9.273487e-06
 2.402402e-02  1.470459e-03  3.241391e-03 1.266887e-05
 2.502503e-02  1.769437e-03  3.288562e-03 1.394555e-05
 2.602603e-02  1.976622e-03  2.969326e-03 1.272394e-05
 2.702703e-02  2.076145e-03  2.308951e-03 9.641632e-06
 2.802803e-02  2.053437e-03  1.368976e-03 6.090697e-06
 2.902903e-02  1.896959e-03  2.412578e-04 3.656658e-06
 3.003003e-02  1.600457e-03 -9.610409e-04 3.485064e-06
 3.103103e-02  1.165625e-03 -2.114583e-03 5.830143e-06
 3.203203e-02  6.045121e-04 -3.098058e-03 9.963396e-06
 3.303303e-02 -5.859636e-05 -3.804250e-03 1.447575e-05
 3.403403e-02 -7.865093e-04 -4.150856e-03 1.784820e-05
 3.503504e-02 -1.529835e-03 -4.088989e-03 1.906022e-05
 3.603604e-02 -2.229476e-03 -3.608617e-03 1.799268e-05
 3.703704e-02 -2.820700e-03 -2.740373e-03 1.546599e-05
 3.803804e-02 -3.238776e-03 -1.553580e-03 1.290328e-05
 3.903904e-02 -3.425493e-03 -1.506347e-04 1.175669e-05
 4.004004e-02 -3.336138e-03  1.341764e-03 1.293015e-05
 4.104104e-02 -2.945948e-03  2.783800e-03 1.642816e-05
 4.204204e-02 -2.255437e-03  4.035141e-03 2.136936e-05
 4.304304e-02 -1.293622e-03  4.967881e-03 2.635330e-05
 4.404404e-02 -1.187575e-04  5.478670e-03 3.002993e-05
 4.504505e-02  1.184010e-03  5.498967e-03 3.164051e-05
 4.604605e-02  2.507946e-03  5.002468e-03 3.131448e-05
 4.704705e-02  3.732942e-03  4.009032e-03 3.000719e-05
 4.804805e-02  4.735847e-03  2.584641e-03 2.910862e-05
 4.904905e-02  5.402264e-03  8.373453e-04 2.988560e-05
 5.005005e-02  5.638505e-03 -1.090628e-03 3.298221e-05
 5.105105e-02  5.382705e-03 -3.033995e-03 3.817864e-05
 5.205205e-02  4.613679e-03 -4.817981e-03 4.449898e-05
 5.305305e-02  3.356661e-03 -6.273217e-03 5.062042e-05
 5.405405e-02  1.684869e-03 -7.250812e-03 5.541306e-05
 5.505506e-02 -2.833549e-04 -7.636296e-03 5.839331e-05
 5.605606e-02 -2.392107e-03 -7.361257e-03 5.991027e-05
 5.705706e-02 -4.459582e-03 -6.411557e-03 6.099594e-05
 5.805806e-02 -6.293197e-03 -4.831340e-03 6.294617e-05
 5.905906e-02 -7.706756e-03 -2.722237e-03 6.680466e-05
 6.006006e-02 -8.538358e-03 -2.376736e-04 7.296005e-05
 6.106106e-02 -8.667175e-03  2.427539e-03 8.101287e-05
 6.206206e-02 -8.027657e-03  5.051657e-03 8.996251e-05
 6.306306e-02 -6.619435e-03  7.403532e-03 9.862921e-05
 6.406406e-02 -4.511965e-03  9.261874e-03 1.061401e-04
 6.506507e-02 -1.842911e-03  1.043476e-02 1.122805e-04
 6.606607e-02  1.189713e-03  1.077771e-02 1.175745e-04
 6.706707e-02  4.341524e-03  1.020884e-02 1.230693e-04
 6.806807e-02  7.340717e-03  8.719488e-03 1.299156e-04
 6.906907e-02  9.910758e-03  6.379290e-03 1.389185e-04
 7.007007e-02  1.179477e-02  3.334940e-03 1.502384e-04
 7.107107e-02  1.277970e-02 -1.976982e-04 1.633597e-04
 7.207207e-02  1.271787e-02 -3.947782e-03 1.773293e-04
 7.307307e-02  1.154415e-02 -7.609175e-03 1.911668e-04
 7.407407e-02  9.286554e-03 -1.086430e-02 2.042731e-04
 7.507508e-02  6.069527e-03 -1.341036e-02 2.166770e-04
 7.607608e-02  2.108692e-03 -1.498589e-02 2.290236e-04
 7.707708e-02 -2.302459e-03 -1.539535e-02 2.423182e-04
 7.807808e-02 -6.813511e-03 -1.452965e-02 2.575345e-04
 7.907908e-02 -1.104404e-02 -1.238052e-02 2.752480e-04
 8.008008e-02 -1.461464e-02 -9.047336e-03 2.954421e-04
 8.108108e-02 -1.717950e-02 -4.735143e-03 3.175569e-04
 8.208208e-02 -1.845782e-02  2.562486e-04 3.407569e-04
 8.308308e-02 -1.826132e-02  5.551796e-03 3.642982e-04
 8.408408e-02 -1.651540e-02  1.072819e-02 3.878527e-04
 8.508509e-02 -1.327170e-02  1.534645e-02 4.116514e-04
 8.608609e-02 -8.710686e-03  1.898760e-02 4.364051e-04
 8.708709e-02 -3.133538e-03  2.128884e-02 4.630339e-04
 8.808809e-02  3.056473e-03  2.197690e-02 4.923261e-04
 8.908909e-02  9.382137e-03  2.089588e-02 5.246624e-04
 9.009009e-02  1.532795e-02  1.802689e-02 5.599148e-04
 9.109109e-02  2.038080e-02  1.349732e-02 5.975547e-04
 9.209209e-02  2.407245e-02  7.578558e-03 6.369175e-04
 9.309309e-02  2.602046e-02  6.716803e-04 6.775156e-04
 9.409409e-02  2.596403e-02 -6.718332e-03 7.192667e-04
 9.509510e-02  2.379172e-02 -1.401826e-02 7.625576e-04
 9.609610e-02  1.955825e-02 -2.062981e-02 8.081143e-04
 9.709710e-02  1.348867e-02 -2.597701e-02 8.567491e-04
 9.809810e-02  5.968776e-03 -2.955426e-02 9.090806e-04
 9.909910e-02 -2.477801e-03 -3.097109e-02 9.653477e-04
 1.001001e-01 -1.122489e-02 -2.998975e-02 1.025383e-03
 1.011011e-01 -1.958888e-02 -2.655240e-02 1.088754e-03
 1.021021e-01 -2.688070e-02 -2.079499e-02 1.155004e-03
 1.031031e-01 -3.246054e-02 -1.304630e-02 1.223893e-03
 1.041041e-01 -3.579140e-02 -3.811368e-03 1.295551e-03
 1.051051e-01 -3.648672e-02  6.259945e-03 1.370468e-03
 1.061061e-01 -3.434848e-02  1.641747e-02 1.449352e-03
 1.071071e-01 -2.939194e-02  2.586532e-02 1.532901e-03
 1.081081e-01 -2.185480e-02  3.382260e-02 1.621601e-03
 1.091091e-01 -1.218911e-02  3.958577e-02 1.715608e-03
 1.101101e-01 -1.036135e-03  4.258764e-02 1.814781e-03
 1.111111e-01  1.081493e-02  4.244840e-02 1.918829e-03
 1.121121e-01  2.248147e-02  3.901404e-02 2.027512e-03
 1.131131e-01  3.305174e-02  3.237899e-02 2.140816e-03
 1.141141e-01  4.165421e-02  2.289016e-02 2.259033e-03
 1.151151e-01  4.752681e-02  1.113168e-02 2.382712e-03
 1.161161e-01  5.008060e-02 -2.109509e-03 2.512516e-03
 1.171171e-01  4.895294e-02 -1.589514e-02 2.649045e-03
 1.181181e-01  4.404535e-02 -2.920095e-02 2.792688e-03
 1.191191e-01  3.554281e-02 -4.099128e-02 2.943577e-03
 1.201201e-01  2.391207e-02 -5.029766e-02 3.101642e-03
 1.211211e-01  9.878469e-03 -5.629534e-02 3.266750e-03
 1.221221e-01 -5.617903e-03 -5.837210e-02 3.438862e-03
 1.231231e-01 -2.148404e-02 -5.618346e-02 3.618146e-03
 1.241241e-01 -3.654999e-02 -4.969001e-02 3.804999e-03
 1.251251e-01 -4.965344e-02 -3.917298e-02 3.999986e-03
 1.261261e-01 -5.972722e-02 -2.522644e-02 4.203715e-03
 1.271271e-01 -6.588289e-02 -8.725641e-03 4.416691e-03
 1.281281e-01 -6.748417e-02  9.226785e-03 4.639247e-03
 1.291291e-01 -6.420439e-02  2.737360e-02 4.871517e-03
 1.301301e-01 -5.606297e-02  4.438992e-02 5.113521e-03
 1.311311e-01 -4.343765e-02  5.897829e-02 5.365268e-03
 1.321321e-01 -2.705066e-02  6.996524e-02 5.626873e-03
 1.331331e-01 -7.928988e-03  7.639208e-02 5.898618e-03
 1.341341e-01  1.265909e-02  7.759313e-02 6.180947e-03
 1.351351e-01  3.328745e-02  7.325530e-02 6.474394e-03
 1.361361e-01  5.246987e-02  6.345387e-02 6.779481e-03
 1.371371e-01  6.876558e-02  4.866135e-02 7.096633e-03
 1.381381e-01  8.088499e-02  2.972775e-02 7.426120e-03
 1.391391e-01  8.778801e-02  7.832966e-03 7.768090e-03
 1.401401e-01  8.876761e-02 -1.558621e-02 8.122618e-03
 1.411411e-01  8.351211e-02 -3.892986e-02 8.489807e-03
 1.421421e-01  7.214112e-02 -6.054343e-02 8.869848e-03
 1.431431e-01  5.521180e-02 -7.883347e-02 9.263059e-03
 1.441441e-01  3.369410e-02 -9.238266e-02 9.669848e-03
 1.451451e-01  8.916037e-03 -1.000558e-01 1.009066e-02
 1.461461e-01 -1.751817e-02 -1.010892e-01 1.052591e-02
 1.471471e-01 -4.383170e-02 -9.515605e-02 1.097589e-02
 1.481481e-01 -6.819407e-02 -8.240375e-02 1.144081e-02
 1.491491e-01 -8.884712e-02 -6.345830e-02 1.192077e-02
 1.501502e-01 -1.042296e-01 -3.939582e-02 1.241584e-02
 1.511512e-01 -1.130914e-01 -1.168182e-02 1.292613e-02
 1.521522e-01 -1.145894e-01  1.791831e-02 1.345180e-02
 1.531532e-01 -1.083578e-01  4.745195e-02 1.399310e-02
 1.541542e-01 -9.454705e-02  7.490776e-02 1.455032e-02
 1.551552e-01 -7.382865e-02  9.835168e-02 1.512372e-02
 1.561562e-01 -4.736419e-02  1.160611e-01 1.571354e-02
 1.571572e-01 -1.674005e-02  1.266479e-01 1.631991e-02
 1.581582e-01  1.612829e-02  1.291617e-01 1.694286e-02
 1.591592e-01  4.911682e-02  1.231663e-01 1.758239e-02
 1.601602e-01  8.003032e-02  1.087824e-01 1.823846e-02
 1.611612e-01  1.067479e-01  8.669439e-02 1.891104e-02
 1.621622e-01  1.273669e-01  5.811911e-02 1.960015e-02
 1.631632e-01  1.403348e-01  2.473812e-02 2.030583e-02
 1.641642e-01  1.445618e-01 -1.140238e-02 2.102814e-02
 1.651652e-01  1.395039e-01 -4.801819e-02 2.176707e-02
 1.661662e-01  1.252117e-01 -8.273222e-02 2.252259e-02
 1.671672e-01  1.023417e-01 -1.132287e-01 2.329456e-02
 1.681682e-01  7.212663e-02 -1.374064e-01 2.408277e-02
 1.691692e-01  3.630825e-02 -1.535210e-01 2.488698e-02
 1.701702e-01 -2.965000e-03 -1.603064e-01 2.570692e-02
 1.711712e-01 -4.326859e-02 -1.570673e-01 2.654232e-02
 1.721722e-01 -8.205295e-02 -1.437367e-01 2.739291e-02
 1.731732e-01 -1.168053e-01 -1.208924e-01 2.825843e-02
 1.741742e-01 -1.452117e-01 -8.973369e-02 2.913859e-02
 1.751752e-01 -1.653097e-01 -5.201654e-02 3.003303e-02
 1.761762e-01 -1.756198e-01 -9.952120e-03 3.094136e-02
 1.771772e-01 -1.752489e-01  3.392519e-02 3.186308e-02
 1.781782e-01 -1.639577e-01  7.691257e-02 3.279767e-02
 1.791792e-01 -1.421875e-01  1.163066e-01 3.374451e-02
 1.801802e-01 -1.110443e-01  1.495734e-01 3.470301e-02
 1.811812e-01 -7.224005e-02  1.745105e-01 3.567252e-02
 1.821822e-01 -2.799636e-02  1.893900e-01 3.665238e-02
 1.831832e-01  1.908660e-02  1.930741e-01 3.764191e-02
 1.841842e-01  6.618545e-02  1.850942e-01 3.864036e-02
 1.851852e-01  1.104251e-01  1.656902e-01 3.964694e-02
 1.861862e-01  1.490554e-01  1.358060e-01 4.066080e-02
 1.871872e-01  1.796219e-01  9.704105e-02 4.168100e-02
 1.881882e-01  2.001200e-01  5.156100e-02 4.270656e-02
 1.891892e-01  2.091233e-01  1.972973e-03 4.373646e-02
 1.901902e-01  2.058773e-01 -4.882772e-02 4.476962e-02
 1.911912e-01  1.903532e-01 -9.782962e-02 4.580498e-02
 1.921922e-01  1.632575e-01 -1.420858e-01 4.684140e-02
 1.931932e-01  1.259979e-01 -1.788918e-01 4.787774e-02
 1.941942e-01  8.060515e-02 -2.059505e-01 4.891282e-02
 1.951952e-01  2.961866e-02 -2.215133e-01 4.994539e-02
 1.961962e-01 -2.406083e-02 -2.244889e-01 5.097418e-02
 1.971972e-01 -7.734004e-02 -2.145143e-01 5.199786e-02
 1.981982e-01 -1.271146e-01 -1.919817e-01 5.301507e-02
 1.991992e-01 -1.704517e-01 -1.580211e-01 5.402444e-02
 2.002002e-01 -2.047639e-01 -1.144391e-01 5.502458e-02
 2.012012e-01 -2.279624e-01 -6.361739e-02 5.601404e-02
 2.022022e-01 -2.385817e-01 -8.377310e-03 5.699142e-02
 2.032032e-01 -2.358681e-01  4.818184e-02 5.795524e-02
 2.042042e-01 -2.198264e-01  1.028609e-01 5.890402e-02
 2.052052e-01 -1.912231e-01  1.525449e-01 5.983623e-02
 2.062062e-01 -1.515446e-01  1.943826e-01 6.075034e-02
 2.072072e-01 -1.029141e-01  2.259501e-01 6.164474e-02
 2.082082e-01 -4.797219e-02  2.453905e-01 6.251782e-02
 2.092092e-01  1.027249e-02  2.515203e-01 6.336796e-02
 2.102102e-01  6.861352e-02  2.438969e-01 6.419350e-02
 2.112112e-01  1.238274e-01  2.228443e-01 6.499278e-02
 2.122122e-01  1.728548e-01  1.894342e-01 6.576410e-02
 2.132132e-01  2.129720e-01  1.454260e-01 6.650578e-02
 2.142142e-01  2.419422e-01  9.316676e-02 6.721609e-02
 2.152152e-01  2.581393e-01  3.546001e-02 6.789334e-02
 2.162162e-01  2.606359e-01 -2.459117e-02 6.853579e-02
 2.172172e-01  2.492521e-01 -8.375648e-02 6.914176e-02
 2.182182e-01  2.245627e-01 -1.388566e-01 6.970957e-02
 2.192192e-01  1.878617e-01 -1.869374e-01 7.023759e-02
 2.202202e-01  1.410876e-01 -2.254296e-01 7.072423e-02
 2.212212e-01  8.671451e-02 -2.522867e-01 7.116798e-02
 2.222222e-01  2.761344e-02 -2.660919e-01 7.156739e-02
 2.232232e-01 -3.310510e-02 -2.661299e-01 7.192106e-02
 2.242242e-01 -9.226082e-02 -2.524196e-01 7.222772e-02
 2.252252e-01 -1.467747e-01 -2.257063e-01 7.248614e-02
 2.262262e-01 -1.938323e-01 -1.874147e-01 7.269523e-02
 2.272272e-01 -2.310311e-01 -1.395656e-01 7.285394e-02
 2.282282e-01 -2.565027e-01 -8.466257e-02 7.296138e-02
 2.292292e-01 -2.690051e-01 -2.555296e-02 7.301670e-02
 2.302302e-01 -2.679800e-01  3.472582e-02 7.301917e-02
 2.312312e-01 -2.535724e-01  9.310841e-02 7.296813e-02
 2.322322e-01 -2.266126e-01  1.466620e-01 7.286300e-02
 2.332332e-01 -1.885623e-01  1.927369e-01 7.270328e-02
 2.342342e-01 -1.414287e-01  2.290992e-01 7.248851e-02
 2.352352e-01 -8.765063e-02  2.540387e-01 7.221830e-02
 2.362362e-01 -2.996591e-02  2.664477e-01 7.189231e-02
 2.372372e-01  2.873531e-02  2.658656e-01 7.151025e-02
 2.382382e-01  8.556100e-02  2.524900e-01 7.107191e-02
 2.392392e-01  1.377645e-01  2.271520e-01 7.057711e-02
 2.402402e-01  1.828805e-01  1.912603e-01 7.002576e-02
 2.412412e-01  2.188429e-01  1.467163e-01 6.941788e-02
 2.422422e-01  2.440791e-01  9.580688e-02 6.875356e-02
 2.432432e-01  2.575763e-01  4.107944e-02 6.803305e-02
 2.442442e-01  2.589168e-01 -1.479196e-02 6.725673e-02
 2.452452e-01  2.482829e-01 -6.914327e-02 6.642518e-02
 2.462462e-01  2.264296e-01 -1.194522e-01 6.553917e-02
 2.472472e-01  1.946305e-01 -1.634584e-01 6.459969e-02
 2.482482e-01  1.545989e-01 -1.992666e-01 6.360798e-02
 2.492492e-01  1.083888e-01 -2.254272e-01 6.256557e-02
 2.502503e-01  5.828337e-02 -2.409923e-01 6.147422e-02
 2.512513e-01  6.675423e-03 -2.455432e-01 6.033602e-02
 2.522523e-01 -4.405262e-02 -2.391917e-01 5.915331e-02
 2.532533e-01 -9.164339e-02 -2.225538e-01 5.792871e-02
 2.542543e-01 -1.340683e-01 -1.966997e-01 5.666510e-02
 2.552553e-01 -1.696153e-01 -1.630835e-01 5.536558e-02
 2.562563e-01 -1.969566e-01 -1.234568e-01 5.403348e-02
 2.572573e-01 -2.151947e-01 -7.977166e-02 5.267228e-02
 2.582583e-01 -2.238845e-01 -3.407849e-02 5.128563e-02
 2.592593e-01 -2.230320e-01  1.157598e-02 4.987727e-02
 2.602603e-01 -2.130704e-01  5.524501e-02 4.845101e-02
 2.612613e-01 -1.948173e-01  9.516804e-02 4.701072e-02
 2.622623e-01 -1.694142e-01  1.298428e-01 4.556030e-02
 2.632633e-01 -1.382544e-01  1.580802e-01 4.410365e-02
 2.642643e-01 -1.029028e-01  1.790410e-01 4.264466e-02
 2.652653e-01 -6.501153e-02  1.922517e-01 4.118723e-02
 2.662663e-01 -2.623804e-02  1.976028e-01 3.973530e-02
 2.672673e-01  1.183234e-02  1.953274e-01 3.829280e-02
 2.682683e-01  4.775417e-02  1.859658e-01 3.686374e-02
 2.692693e-01  8.027782e-02  1.703164e-01 3.545221e-02
 2.702703e-01  1.083910e-01  1.493781e-01 3.406243e-02
 2.712713e-01  1.313451e-01  1.242869e-01 3.269878e-02
 2.722723e-01  1.486657e-01  9.625114e-02 3.136578e-02
 2.732733e-01  1.601481e-01  6.648916e-02 3.006824e-02
 2.742743e-01  1.658394e-01  3.617176e-02 2.881112e-02
 2.752753e-01  1.660092e-01  6.373286e-03 2.759968e-02
 2.762763e-01  1.611113e-01 -2.196721e-02 2.643940e-02
 2.772773e-01  1.517398e-01 -4.807320e-02 2.533598e-02
 2.782783e-01  1.385826e-01 -7.134579e-02 2.429536e-02
 2.792793e-01  1.223753e-01 -9.136690e-02 2.332364e-02
 2.802803e-01  1.038580e-01 -1.078915e-01 2.242706e-02
 2.812813e-01  8.373775e-02 -1.208303e-01 2.161198e-02
 2.822823e-01  6.265909e-02 -1.302255e-01 2.088484e-02
 2.832833e-01  4.118265e-02 -1.362206e-01 2.025208e-02
 2.842843e-01  1.977344e-02 -1.390293e-01 1.972014e-02
 2.852853e-01 -1.201466e-03 -1.389029e-01 1.929545e-02
 2.862863e-01 -2.146680e-02 -1.361012e-01 1.898437e-02
 2.872873e-01 -4.082539e-02 -1.308683e-01 1.879322e-02
 2.882883e-01 -5.913906e-02 -1.234133e-01 1.872828e-02
 2.892893e-01 -7.630562e-02 -1.139000e-01 1.879576e-02
 2.902903e-01 -9.223477e-02 -1.024432e-01 1.900187e-02
 2.912913e-01 -1.068247e-01 -8.911387e-02 1.935279e-02
 2.922923e-01 -1.199417e-01 -7.395067e-02 1.985471e-02
 2.932933e-01 -1.314050e-01 -5.697821e-02 2.051380e-02
 2.942943e-01 -1.409778e-01 -3.822930e-02 2.133621e-02
 2.952953e-01 -1.483653e-01 -1.776980e-02 2.232801e-02
 2.962963e-01 -1.532217e-01  4.276219e-03 2.349516e-02
 2.972973e-01 -1.551641e-01  2.770321e-02 2.484337e-02
 2.982983e-01 -1.537943e-01  5.220492e-02 2.637803e-02
 2.992993e-01 -1.487257e-01  7.736114e-02 2.810407e-02
 3.003003e-01 -1.396156e-01  1.026318e-01 3.002580e-02
 3.013013e-01 -1.261990e-01  1.273599e-01 3.214675e-02
 3.023023e-01 -1.083233e-01  1.507834e-01 3.446957e-02
 3.033033e-01 -8.597941e-02  1.720564e-01 3.699586e-02
 3.043043e-01 -5.932997e-02  1.902790e-01 3.972615e-02
 3.053053e-01 -2.872934e-02  2.045346e-01 4.265979e-02
 3.063063e-01  5.264240e-03  2.139330e-01 4.579505e-02
 3.073073e-01  4.188692e-02  2.176573e-01 4.912920e-02
 3.083083e-01  8.017828e-02  2.150120e-01 5.265871e-02
 3.093093e-01  1.190020e-01  2.054703e-01 5.637952e-02
 3.103103e-01  1.570775e-01  1.887168e-01 6.028737e-02
 3.113113e-01  1.930214e-01  1.646844e-01 6.437824e-02
 3.123123e-01  2.253990e-01  1.335817e-01 6.864876e-02
 3.133133e-01  2.527806e-01  9.590981e-02 7.309673e-02
 3.143143e-01  2.738041e-01  5.246724e-02 7.772151e-02
 3.153153e-01  2.872380e-01  4.340420e-03 8.252449e-02
 3.163163e-01  2.920430e-01 -4.711869e-02 8.750931e-02
 3.173173e-01  2.874304e-01 -1.003288e-01 9.268210e-02
 3.183183e-01  2.729113e-01 -1.535279e-01 9.805141e-02
 3.193193e-01  2.483379e-01 -2.048326e-01 1.036281e-01
 3.203203e-01  2.139308e-01 -2.523066e-01 1.094250e-01
 3.213213e-01  1.702931e-01 -2.940344e-01 1.154560e-01
 3.223223e-01  1.184091e-01 -3.281993e-01 1.217355e-01
 3.233233e-01  5.962645e-02 -3.531601e-01 1.282774e-01
 3.243243e-01 -4.376674e-03 -3.675249e-01 1.350937e-01
 3.253253e-01 -7.164008e-02 -3.702178e-01 1.421935e-01
 3.263263e-01 -1.399835e-01 -3.605363e-01 1.495818e-01
 3.273273e-01 -2.070796e-01 -3.381952e-01 1.572579e-01
 3.283283e-01 -2.705362e-01 -3.033564e-01 1.652150e-01
 3.293293e-01 -3.279843e-01 -2.566422e-01 1.734389e-01
 3.303303e-01 -3.771673e-01 -1.991302e-01 1.819080e-01
 3.313313e-01 -4.160308e-01 -1.323313e-01 1.905932e-01
 3.323323e-01 -4.428055e-01 -5.814961e-02 1.994581e-01
 3.333333e-01 -4.560834e-01  2.117351e-02 2.084604e-01
 3.343343e-01 -4.548818e-01  1.031305e-01 2.175533e-01
 3.353353e-01 -4.386927e-01  1.850300e-01 2.266874e-01
 3.363363e-01 -4.075164e-01  2.640895e-01 2.358129e-01
 3.373373e-01 -3.618767e-01  3.375319e-01 2.448826e-01
 3.383383e-01 -3.028168e-01  4.026866e-01 2.538545e-01
 3.393393e-01 -2.318762e-01  4.570868e-01 2.626949e-01
 3.403403e-01 -1.510490e-01  4.985629e-01 2.713807e-01
 3.413413e-01 -6.272444e-02  5.253259e-01 2.799017e-01
 3.423423e-01  3.038750e-02  5.360401e-01 2.882623e-01
 3.433433e-01  1.253441e-01  5.298788e-01 2.964827e-01
 3.443443e-01  2.190669e-01  5.065649e-01 3.045983e-01
 3.453453e-01  3.084461e-01  4.663905e-01 3.126591e-01
 3.463463e-01  3.904462e-01  4.102185e-01 3.207275e-01
 3.473473e-01  4.622123e-01  3.394629e-01 3.288753e-01
 3.483483e-01  5.211695e-01  2.560502e-01 3.371794e-01
 3.493493e-01  5.651158e-01  1.623619e-01 3.457172e-01
 3.503504e-01  5.923008e-01  6.116149e-02 3.545610e-01
 3.513514e-01  6.014922e-01 -4.449299e-02 3.637725e-01
 3.523524e-01  5.920226e-01 -1.513474e-01 3.733967e-01
 3.533534e-01  5.638194e-01 -2.560568e-01 3.834574e-01
 3.543544e-01  5.174140e-01 -3.552955e-01 3.939522e-01
 3.553554e-01  4.539306e-01 -4.458659e-01 4.048494e-01
 3.563564e-01  3.750549e-01 -5.248051e-01 4.160865e-01
 3.573574e-01  2.829849e-01 -5.894826e-01 4.275702e-01
 3.583584e-01  1.803633e-01 -6.376889e-01 4.391781e-01
 3.593594e-01  7.019594e-02 -6.677092e-01 4.507631e-01
 3.603604e-01 -4.424264e-02 -6.783817e-01 4.621591e-01
 3.613614e-01 -1.595118e-01 -6.691374e-01 4.731889e-01
 3.623624e-01 -2.721135e-01 -6.400216e-01 4.836733e-01
 3.633634e-01 -3.786022e-01 -5.916939e-01 4.934413e-01
 3.643644e-01 -4.756941e-01 -5.254103e-01 5.023408e-01
 3.653654e-01 -5.603693e-01 -4.429845e-01 5.102490e-01
 3.663664e-01 -6.299672e-01 -3.467328e-01 5.170823e-01
 3.673674e-01 -6.822685e-01 -2.394025e-01 5.228038e-01
 3.683684e-01 -7.155645e-01 -1.240870e-01 5.274302e-01
 3.693694e-01 -7.287091e-01 -4.130700e-03 5.310340e-01
 3.703704e-01 -7.211528e-01  1.169735e-01 5.337441e-01
 3.713714e-01 -6.929590e-01  2.356909e-01 5.357424e-01
 3.723724e-01 -6.448003e-01  3.485526e-01 5.372564e-01
 3.733734e-01 -5.779363e-01  4.522594e-01 5.385489e-01
 3.743744e-01 -4.941738e-01  5.437804e-01 5.399048e-01
 3.753754e-01 -3.958106e-01  6.204425e-01 5.416150e-01
 3.763764e-01 -2.855650e-01  6.800083e-01 5.439587e-01
 3.773774e-01 -1.664929e-01  7.207395e-01 5.471853e-01
 3.783784e-01 -4.189619e-02  7.414451e-01 5.514961e-01
 3.793794e-01  8.477548e-02  7.415130e-01 5.570284e-01
 3.803804e-01  2.100259e-01  7.209233e-01 5.638412e-01
 3.813814e-01  3.304141e-01  6.802442e-01 5.719057e-01
 3.823824e-01  4.426524e-01  6.206111e-01 5.810993e-01
 3.833834e-01  5.436996e-01  5.436880e-01 5.912059e-01
 3.843844e-01  6.308446e-01  4.516158e-01 6.019217e-01
 3.853854e-01  7.017797e-01  3.469460e-01 6.128662e-01
 3.863864e-01  7.546612e-01  2.325642e-01 6.235996e-01
 3.873874e-01  7.881555e-01  1.116055e-01 6.336448e-01
 3.883884e-01  8.014694e-01 -1.263697e-02 6.425130e-01
 3.893894e-01  7.943655e-01 -1.368051e-01 6.497321e-01
 3.903904e-01  7.671599e-01 -2.575699e-01 6.548765e-01
 3.913914e-01  7.207062e-01 -3.717232e-01 6.575956e-01
 3.923924e-01  6.563634e-01 -4.762637e-01 6.576400e-01
 3.933934e-01  5.759506e-01 -5.684756e-01 6.548837e-01
 3.943944e-01  4.816899e-01 -6.459986e-01 6.493393e-01
 3.953954e-01  3.761393e-01 -7.068855e-01 6.411678e-01
 3.963964e-01  2.621179e-01 -7.496479e-01 6.306778e-01
 3.973974e-01  1.426252e-01 -7.732886e-01 6.183173e-01
 3.983984e-01  2.075753e-02 -7.773193e-01 6.046561e-01
 3.993994e-01 -1.003759e-01 -7.617642e-01 5.903599e-01
 4.004004e-01 -2.177362e-01 -7.271503e-01 5.761566e-01
 4.014014e-01 -3.284329e-01 -6.744840e-01 5.627968e-01
 4.024024e-01 -4.297975e-01 -6.052154e-01 5.510115e-01
 4.034034e-01 -5.194477e-01 -5.211922e-01 5.414671e-01
 4.044044e-01 -5.953438e-01 -4.246036e-01 5.347224e-01
 4.054054e-01 -6.558334e-01 -3.179175e-01 5.311890e-01
 4.064064e-01 -6.996858e-01 -2.038116e-01 5.310994e-01
 4.074074e-01 -7.261129e-01 -8.510097e-02 5.344821e-01
 4.084084e-01 -7.347796e-01  3.533585e-02 5.411497e-01
 4.094094e-01 -7.258009e-01  1.546300e-01 5.506974e-01
 4.104104e-01 -6.997282e-01  2.699936e-01 5.625161e-01
 4.114114e-01 -6.575239e-01  3.787864e-01 5.758168e-01
 4.124124e-01 -6.005274e-01  4.785766e-01 5.896687e-01
 4.134134e-01 -5.304110e-01  5.671952e-01 6.030463e-01
 4.144144e-01 -4.491304e-01  6.427816e-01 6.148863e-01
 4.154154e-01 -3.588675e-01  7.038195e-01 6.241477e-01
 4.164164e-01 -2.619717e-01  7.491640e-01 6.298759e-01
 4.174174e-01 -1.608962e-01  7.780585e-01 6.312627e-01
 4.184184e-01 -5.813653e-02  7.901406e-01 6.277021e-01
 4.194194e-01  4.383281e-02  7.854393e-01 6.188361e-01
 4.204204e-01  1.426166e-01  7.643618e-01 6.045884e-01
 4.214214e-01  2.359552e-01  7.276726e-01 5.851823e-01
 4.224224e-01  3.217743e-01  6.764638e-01 5.611420e-01
 4.234234e-01  3.982293e-01  6.121194e-01 5.332768e-01
 4.244244e-01  4.637424e-01  5.362735e-01 5.026462e-01
 4.254254e-01  5.170320e-01  4.507643e-01 4.705106e-01
 4.264264e-01  5.571337e-01  3.575856e-01 4.382654e-01
 4.274274e-01  5.834137e-01  2.588357e-01 4.073674e-01
 4.284284e-01  5.955730e-01  1.566666e-01 3.792516e-01
 4.294294e-01  5.936447e-01  5.323384e-02 3.552479e-01
 4.304304e-01  5.779823e-01 -4.935142e-02 3.364991e-01
 4.314314e-01  5.492424e-01 -1.490677e-01 3.238884e-01
 4.324324e-01  5.083596e-01 -2.440238e-01 3.179771e-01
 4.334334e-01  4.565174e-01 -3.324953e-01 3.189612e-01
 4.344344e-01  3.951131e-01 -4.129548e-01 3.266460e-01
 4.354354e-01  3.257204e-01 -4.840971e-01 3.404438e-01
 4.364364e-01  2.500482e-01 -5.448576e-01 3.593939e-01
 4.374374e-01  1.698997e-01 -5.944243e-01 3.822062e-01
 4.384384e-01  8.712853e-02 -6.322441e-01 4.073240e-01
 4.394394e-01  3.597872e-03 -6.580225e-01 4.330066e-01
 4.404404e-01 -7.886085e-02 -6.717175e-01 4.574235e-01
 4.414414e-01 -1.584855e-01 -6.735286e-01 4.787584e-01
 4.424424e-01 -2.336195e-01 -6.638801e-01 4.953149e-01
 4.434434e-01 -3.027424e-01 -6.434017e-01 5.056187e-01
 4.444444e-01 -3.644985e-01 -6.129040e-01 5.085104e-01
 4.454454e-01 -4.177186e-01 -5.733522e-01 5.032215e-01
 4.464464e-01 -4.614394e-01 -5.258379e-01 4.894318e-01
 4.474474e-01 -4.949156e-01 -4.715492e-01 4.673001e-01
 4.484484e-01 -5.176287e-01 -4.117408e-01 4.374700e-01
 4.494494e-01 -5.292895e-01 -3.477040e-01 4.010454e-01
 4.504505e-01 -5.298375e-01 -2.807377e-01 3.595415e-01
 4.514515e-01 -5.194337e-01 -2.121215e-01 3.148069e-01
 4.524525e-01 -4.984515e-01 -1.430900e-01 2.689286e-01
 4.534535e-01 -4.674615e-01 -7.481042e-02 2.241168e-01
 4.544545e-01 -4.272156e-01 -8.362637e-03 1.825831e-01
 4.554555e-01 -3.786257e-01  5.527725e-02 1.464130e-01
 4.564565e-01 -3.227428e-01  1.152503e-01 1.174456e-01
 4.574575e-01 -2.607319e-01  1.708243e-01 9.716203e-02
 4.584585e-01 -1.938479e-01  2.213998e-01 8.659485e-02
 4.594595e-01 -1.234089e-01  2.665131e-01 8.625897e-02
 4.604605e-01 -5.077201e-02  3.058358e-01 9.611331e-02
 4.614615e-01  2.269407e-02  3.391707e-01 1.155518e-01
 4.624625e-01  9.563160e-02  3.664463e-01 1.434283e-01
 4.634635e-01  1.667190e-01  3.877068e-01 1.781118e-01
 4.644645e-01  2.346911e-01  4.031023e-01 2.175714e-01
 4.654655e-01  2.983606e-01  4.128749e-01 2.594847e-01
 4.664665e-01  3.566344e-01  4.173462e-01 3.013659e-01
 4.674675e-01  4.085311e-01  4.169007e-01 3.407039e-01
 4.684685e-01  4.531924e-01  4.119725e-01 3.751047e-01
 4.694695e-01  4.898957e-01  4.030278e-01 4.024292e-01
 4.704705e-01  5.180604e-01  3.905520e-01 4.209175e-01
 4.714715e-01  5.372561e-01  3.750332e-01 4.292940e-01
 4.724725e-01  5.472031e-01  3.569513e-01 4.268454e-01
 4.734735e-01  5.477764e-01  3.367632e-01 4.134685e-01
 4.744745e-01  5.390015e-01  3.148960e-01 3.896821e-01
 4.754755e-01  5.210537e-01  2.917336e-01 3.566055e-01
 4.764765e-01  4.942499e-01  2.676156e-01 3.159011e-01
 4.774775e-01  4.590446e-01  2.428258e-01 2.696863e-01
 4.784785e-01  4.160175e-01  2.175977e-01 2.204194e-01
 4.794795e-01  3.658672e-01  1.921030e-01 1.707624e-01
 4.804805e-01  3.093951e-01  1.664673e-01 1.234367e-01
 4.814815e-01  2.474984e-01  1.407527e-01 8.106679e-02
 4.824825e-01  1.811493e-01  1.149934e-01 4.603854e-02
 4.834835e-01  1.113924e-01  8.915133e-02 2.035622e-02
 4.844845e-01  3.930255e-02  6.322252e-02 5.541777e-03
 4.854855e-01 -3.383507e-02  3.687996e-02 2.504943e-03
 4.864865e-01 -1.051583e-01  8.755274e-03 1.113492e-02
 4.874875e-01 -1.701642e-01 -2.020438e-02 2.936408e-02
 4.884885e-01 -2.245205e-01 -4.855043e-02 5.276658e-02
 4.894895e-01 -2.645824e-01 -7.490992e-02 7.561536e-02
 4.904905e-01 -2.876064e-01 -9.792651e-02 9.230703e-02
 4.914915e-01 -2.919406e-01 -1.163797e-01 9.877356e-02
 4.924925e-01 -2.771417e-01 -1.292119e-01 9.350325e-02
 4.934935e-01 -2.440079e-01 -1.356078e-01 7.792935e-02
 4.944945e-01 -1.945437e-01 -1.350307e-01 5.608053e-02
 4.954955e-01 -1.318309e-01 -1.272744e-01 3.357815e-02
 4.964965e-01 -5.984761e-02 -1.124855e-01 1.623472e-02
 4.974975e-01  1.679325e-02 -9.118155e-02 8.596087e-03
 4.984985e-01  9.312525e-02 -6.424443e-02 1.279966e-02
 4.994995e-01  1.641613e-01 -3.289756e-02 2.803118e-02
 5.005005e-01  2.252009e-01  1.337484e-03 5.071724e-02
 5.015015e-01  2.721560e-01  3.670642e-02 7.541624e-02
 5.025025e-01  3.018014e-01  7.130076e-02 9.616791e-02
 5.035035e-01  3.120169e-01  1.031588e-01 1.079963e-01
 5.045045e-01  3.019087e-01  1.303669e-01 1.081444e-01
 5.055055e-01  2.719130e-01  1.511790e-01 9.679178e-02
 5.065065e-01  2.237454e-01  1.641177e-01 7.699663e-02
 5.075075e-01  1.603484e-01  1.680896e-01 5.396573e-02
 5.085085e-01  8.566185e-02  1.624560e-01 3.372990e-02
 5.095095e-01  4.445782e-03  1.471192e-01 2.166383e-02
 5.105105e-01 -7.810308e-02  1.225336e-01 2.111457e-02
 5.115115e-01 -1.565708e-01  8.974652e-02 3.256885e-02
 5.125125e-01 -2.258296e-01  5.031943e-02 5.353107e-02
 5.135135e-01 -2.811466e-01  6.337731e-03 7.908357e-02
 5.145145e-01 -3.188687e-01 -3.981218e-02 1.032623e-01
 5.155155e-01 -3.359392e-01 -8.531978e-02 1.201346e-01
 5.165165e-01 -3.330618e-01 -1.281747e-01 1.273589e-01
 5.175175e-01 -3.229652e-01 -1.708377e-01 1.334920e-01
 5.185185e-01 -3.076123e-01 -2.132113e-01 1.400844e-01
 5.195195e-01 -2.865666e-01 -2.544863e-01 1.468837e-01
 5.205205e-01 -2.599871e-01 -2.939707e-01 1.540121e-01
 5.215215e-01 -2.278911e-01 -3.308841e-01 1.614186e-01
 5.225225e-01 -1.905360e-01 -3.644811e-01 1.691505e-01
 5.235235e-01 -1.481928e-01 -3.939963e-01 1.771942e-01
 5.245245e-01 -1.013040e-01 -4.187047e-01 1.855761e-01
 5.255255e-01 -5.037076e-02 -4.379033e-01 1.942965e-01
 5.265265e-01  3.963115e-03 -4.509519e-01 2.033733e-01
 5.275275e-01  6.098269e-02 -4.572684e-01 2.128133e-01
 5.285285e-01  1.198538e-01 -4.563609e-01 2.226302e-01
 5.295295e-01  1.796766e-01 -4.478290e-01 2.328345e-01
 5.305305e-01  2.394588e-01 -4.313898e-01 2.434377e-01
 5.315315e-01  2.981611e-01 -4.068816e-01 2.544527e-01
 5.325325e-01  3.546854e-01 -3.742832e-01 2.658897e-01
 5.335335e-01  4.079160e-01 -3.337177e-01 2.777629e-01
 5.345345e-01  4.567180e-01 -2.854659e-01 2.900821e-01
 5.355355e-01  4.999780e-01 -2.299660e-01 3.028624e-01
 5.365365e-01  5.366089e-01 -1.678215e-01 3.161131e-01
 5.375375e-01  5.655889e-01 -9.979518e-02 3.298499e-01
 5.385385e-01  5.859722e-01 -2.680985e-02 3.440822e-01
 5.395395e-01  5.969250e-01  5.006332e-02 3.588258e-01
 5.405405e-01  5.977381e-01  1.296127e-01 3.740903e-01
 5.415415e-01  5.878601e-01  2.105039e-01 3.898914e-01
 5.425425e-01  5.669087e-01  2.912961e-01 4.062389e-01
 5.435435e-01  5.346992e-01  3.704660e-01 4.231483e-01
 5.445445e-01  4.912520e-01  4.464317e-01 4.406298e-01
 5.455455e-01  4.368139e-01  5.175828e-01 4.586983e-01
 5.465465e-01  3.718598e-01  5.823099e-01 4.773645e-01
 5.475475e-01  2.971049e-01  6.390393e-01 4.966425e-01
 5.485485e-01  2.134985e-01  6.862666e-01 5.165435e-01
 5.495495e-01  1.222247e-01  7.225939e-01 5.370808e-01
 5.505506e-01  2.468757e-02  7.467639e-01 5.582657e-01
 5.515516e-01 -7.750019e-02  7.576970e-01 5.801110e-01
 5.525526e-01 -1.825429e-01  7.545238e-01 6.026281e-01
 5.535536e-01 -2.884844e-01  7.366176e-01 6.258287e-01
 5.545546e-01 -3.932443e-01  7.036215e-01 6.497243e-01
 5.555556e-01 -4.946511e-01  6.554740e-01 6.743259e-01
 5.565566e-01 -5.904873e-01  5.924267e-01 6.996447e-01
 5.575576e-01 -6.785316e-01  5.150588e-01 7.256907e-01
 5.585586e-01 -7.566101e-01  4.242830e-01 7.524749e-01
 5.595596e-01 -8.226437e-01  3.213465e-01 7.800062e-01
 5.605606e-01 -8.747031e-01  2.078217e-01 8.082953e-01
 5.615616e-01 -9.110567e-01  8.559162e-02 8.373502e-01
 5.625626e-01 -9.302239e-01 -4.317482e-02 8.671805e-01
 5.635636e-01 -9.310201e-01 -1.760544e-01 8.977935e-01
 5.645646e-01 -9.126026e-01 -3.104102e-01 9.291980e-01
 5.655656e-01 -8.745070e-01 -4.434383e-01 9.614001e-01
 5.665666e-01 -8.166812e-01 -5.722231e-01 9.944076e-01
 5.675676e-01 -7.395076e-01 -6.937968e-01 1.028226e+00
 5.685686e-01 -6.438205e-01 -8.052053e-01 1.062860e+00
 5.695696e-01 -5.309099e-01 -9.035768e-01 1.098316e+00
 5.705706e-01 -4.025185e-01 -9.861933e-01 1.134598e+00
 5.715716e-01 -2.608237e-01 -1.050562e+00 1.171710e+00
 5.725726e-01 -1.084120e-01 -1.094486e+00 1.209653e+00
 5.735736e-01  5.176198e-02 -1.116133e+00 1.248431e+00
 5.745746e-01  2.164237e-01 -1.114094e+00 1.288045e+00
 5.755756e-01  3.820417e-01 -1.087447e+00 1.328496e+00
 5.765766e-01  5.448969e-01 -1.035795e+00 1.369784e+00
 5.775776e-01  7.011638e-01 -9.593104e-01 1.411907e+00
 5.785786e-01  8.469953e-01 -8.587569e-01 1.454864e+00
 5.795796e-01  9.786171e-01 -7.355013e-01 1.498654e+00
 5.805806e-01  1.092421e+00 -5.915116e-01 1.543271e+00
 5.815816e-01  1.185065e+00 -4.293386e-01 1.588712e+00
 5.825826e-01  1.253565e+00 -2.520827e-01 1.634971e+00
 5.835836e-01  1.295389e+00 -6.334402e-02 1.682044e+00
 5.845846e-01  1.308539e+00  1.328421e-01 1.729922e+00
 5.855856e-01  1.291633e+00  3.320849e-01 1.778597e+00
 5.865866e-01  1.243964e+00  5.297308e-01 1.828061e+00
 5.875876e-01  1.165551e+00  7.209682e-01 1.878303e+00
 5.885886e-01  1.057174e+00  9.009418e-01 1.929313e+00
 5.895896e-01  9.203924e-01  1.064874e+00 1.981080e+00
 5.905906e-01  7.575365e-01  1.208191e+00 2.033588e+00
 5.915916e-01  5.716876e-01  1.326650e+00 2.086826e+00
 5.925926e-01  3.666309e-01  1.416460e+00 2.140777e+00
 5.935936e-01  1.467908e-01  1.474408e+00 2.195427e+00
 5.945946e-01 -8.285664e-02  1.497963e+00 2.250758e+00
 5.955956e-01 -3.168880e-01  1.485373e+00 2.306751e+00
 5.965966e-01 -5.495560e-01  1.435750e+00 2.363389e+00
 5.975976e-01 -7.749266e-01  1.349125e+00 2.420650e+00
 5.985986e-01 -9.870285e-01  1.226495e+00 2.478514e+00
 5.995996e-01 -1.180010e+00  1.069830e+00 2.536959e+00
 6.006006e-01 -1.348302e+00  8.820678e-01 2.595962e+00
 6.016016e-01 -1.486778e+00  6.670750e-01 2.655499e+00
 6.026026e-01 -1.590913e+00  4.295796e-01 2.715544e+00
 6.036036e-01 -1.656930e+00  1.750802e-01 2.776071e+00
 6.046046e-01 -1.681935e+00 -9.027229e-02 2.837055e+00
 6.056056e-01 -1.664031e+00 -3.598165e-01 2.898466e+00
 6.066066e-01 -1.602411e+00 -6.265431e-01 2.960277e+00
 6.076076e-01 -1.497425e+00 -8.832747e-01 3.022457e+00
 6.086086e-01 -1.350617e+00 -1.122858e+00 3.084976e+00
 6.096096e-01 -1.164724e+00 -1.338365e+00 3.147802e+00
 6.106106e-01 -9.436528e-01 -1.523293e+00 3.210903e+00
 6.116116e-01 -6.924106e-01 -1.671770e+00 3.274247e+00
 6.126126e-01 -4.170069e-01 -1.778737e+00 3.337799e+00
 6.136136e-01 -1.243212e-01 -1.840128e+00 3.401525e+00
 6.146146e-01  1.780608e-01 -1.853020e+00 3.465390e+00
 6.156156e-01  4.820384e-01 -1.815763e+00 3.529358e+00
 6.166166e-01  7.792093e-01 -1.728070e+00 3.593391e+00
 6.176176e-01  1.061102e+00 -1.591074e+00 3.657454e+00
 6.186186e-01  1.319419e+00 -1.407353e+00 3.721508e+00
 6.196196e-01  1.546283e+00 -1.180900e+00 3.785516e+00
 6.206206e-01  1.734487e+00 -9.170565e-01 3.849437e+00
 6.216216e-01  1.877723e+00 -6.224068e-01 3.913234e+00
 6.226226e-01  1.970805e+00 -3.046222e-01 3.976866e+00
 6.236236e-01  2.009857e+00  2.772784e-02 4.040293e+00
 6.246246e-01  1.992476e+00  3.654001e-01 4.103476e+00
 6.256256e-01  1.917849e+00  6.987324e-01 4.166373e+00
 6.266266e-01  1.786837e+00  1.017919e+00 4.228944e+00
 6.276276e-01  1.601993e+00  1.313304e+00 4.291148e+00
 6.286286e-01  1.367551e+00  1.575674e+00 4.352944e+00
 6.296296e-01  1.089342e+00  1.796559e+00 4.414290e+00
 6.306306e-01  7.746709e-01  1.968509e+00 4.475144e+00
 6.316316e-01  4.321374e-01  2.085359e+00 4.535467e+00
 6.326326e-01  7.141009e-02  2.142456e+00 4.595216e+00
 6.336336e-01 -2.970393e-01  2.136848e+00 4.654350e+00
 6.346346e-01 -6.622376e-01  2.067431e+00 4.712829e+00
 6.356356e-01 -1.013038e+00  1.935036e+00 4.770611e+00
 6.366366e-01 -1.338463e+00  1.742462e+00 4.827656e+00
 6.376376e-01 -1.628057e+00  1.494441e+00 4.883924e+00
 6.386386e-01 -1.872232e+00  1.197548e+00 4.939374e+00
 6.396396e-01 -2.062593e+00  8.600444e-01 4.993968e+00
 6.406406e-01 -2.192245e+00  4.916597e-01 5.047666e+00
 6.416416e-01 -2.256048e+00  1.033222e-01 5.100429e+00
 6.426426e-01 -2.250839e+00 -2.931597e-01 5.152219e+00
 6.436436e-01 -2.175581e+00 -6.854553e-01 5.203000e+00
 6.446446e-01 -2.031454e+00 -1.061097e+00 5.252733e+00
 6.456456e-01 -1.821880e+00 -1.407884e+00 5.301384e+00
 6.466466e-01 -1.552463e+00 -1.714285e+00 5.348915e+00
 6.476476e-01 -1.230866e+00 -1.969838e+00 5.395293e+00
 6.486486e-01 -8.666063e-01 -2.165520e+00 5.440484e+00
 6.496496e-01 -4.707911e-01 -2.294082e+00 5.484455e+00
 6.506507e-01 -5.578438e-02 -2.350332e+00 5.527173e+00
 6.516517e-01  3.651742e-01 -2.331363e+00 5.568606e+00
 6.526527e-01  7.783920e-01 -2.236701e+00 5.608726e+00
 6.536537e-01  1.170174e+00 -2.068380e+00 5.647502e+00
 6.546547e-01  1.527284e+00 -1.830931e+00 5.684907e+00
 6.556557e-01  1.837408e+00 -1.531288e+00 5.720912e+00
 6.566567e-01  2.089591e+00 -1.178602e+00 5.755492e+00
 6.576577e-01  2.274641e+00 -7.839830e-01 5.788623e+00
 6.586587e-01  2.385491e+00 -3.601554e-01 5.820279e+00
 6.596597e-01  2.417479e+00  7.894118e-02 5.850438e+00
 6.606607e-01  2.368570e+00  5.186113e-01 5.879080e+00
 6.616617e-01  2.239473e+00  9.438979e-01 5.906183e+00
 6.626627e-01  2.033682e+00  1.340100e+00 5.931729e+00
 6.636637e-01  1.757403e+00  1.693291e+00 5.955701e+00
 6.646647e-01  1.419395e+00  1.990829e+00 5.978081e+00
 6.656657e-01  1.030706e+00  2.221823e+00 5.998855e+00
 6.666667e-01  6.043312e-01  2.377560e+00 6.018009e+00
 6.676677e-01  1.547811e-01  2.451851e+00 6.035531e+00
 6.686687e-01 -3.024048e-01  2.441303e+00 6.051409e+00
 6.696697e-01 -7.511992e-01  2.345492e+00 6.065635e+00
 6.706707e-01 -1.175656e+00  2.167033e+00 6.078200e+00
 6.716717e-01 -1.560488e+00  1.911537e+00 6.089096e+00
 6.726727e-01 -1.891636e+00  1.587461e+00 6.098319e+00
 6.736737e-01 -2.156801e+00  1.205850e+00 6.105864e+00
 6.746747e-01 -2.345927e+00  7.799719e-01 6.111729e+00
 6.756757e-01 -2.451606e+00  3.248693e-01 6.115912e+00
 6.766767e-01 -2.469396e+00 -1.431679e-01 6.118413e+00
 6.776777e-01 -2.398032e+00 -6.071875e-01 6.119234e+00
 6.786787e-01 -2.239524e+00 -1.050195e+00 6.118377e+00
 6.796797e-01 -1.999131e+00 -1.455790e+00 6.115847e+00
 6.806807e-01 -1.685212e+00 -1.808786e+00 6.111649e+00
 6.816817e-01 -1.308960e+00 -2.095808e+00 6.105790e+00
 6.826827e-01 -8.840142e-01 -2.305818e+00 6.098277e+00
 6.836837e-01 -4.259804e-01 -2.430568e+00 6.089121e+00
 6.846847e-01  4.813814e-02 -2.464957e+00 6.078332e+00
 6.856857e-01  5.205727e-01 -2.407265e+00 6.065922e+00
 6.866867e-01  9.734617e-01 -2.259265e+00 6.051904e+00
 6.876877e-01  1.389538e+00 -2.026198e+00 6.036293e+00
 6.886887e-01  1.752808e+00 -1.716616e+00 6.019105e+00
 6.896897e-01  2.049183e+00 -1.342090e+00 6.000356e+00
 6.906907e-01  2.267058e+00 -9.167934e-01 5.980064e+00
 6.916917e-01  2.397795e+00 -4.569760e-01 5.958248e+00
 6.926927e-01  2.436092e+00  1.964910e-02 5.934928e+00
 6.936937e-01  2.380233e+00  4.945902e-01 5.910127e+00
 6.946947e-01  2.232194e+00  9.493016e-01 5.883865e+00
 6.956957e-01  1.997605e+00  1.365921e+00 5.856167e+00
 6.966967e-01  1.685559e+00  1.727990e+00 5.827057e+00
 6.976977e-01  1.308281e+00  2.021128e+00 5.796559e+00
 6.986987e-01  8.806725e-01  2.233633e+00 5.764700e+00
 6.996997e-01  4.197258e-01  2.356976e+00 5.731507e+00
 7.007007e-01 -5.614101e-02  2.386180e+00 5.697007e+00
 7.017017e-01 -5.278239e-01  2.320050e+00 5.661230e+00
 7.027027e-01 -9.763080e-01  2.161256e+00 5.624204e+00
 7.037037e-01 -1.383449e+00  1.916254e+00 5.585960e+00
 7.047047e-01 -1.732726e+00  1.595051e+00 5.546527e+00
 7.057057e-01 -2.009941e+00  1.210817e+00 5.505939e+00
 7.067067e-01 -2.203820e+00  7.793601e-01 5.464225e+00
 7.077077e-01 -2.306509e+00  3.184893e-01 5.421420e+00
 7.087087e-01 -2.313921e+00 -1.527202e-01 5.377556e+00
 7.097097e-01 -2.225935e+00 -6.147185e-01 5.332666e+00
 7.107107e-01 -2.046423e+00 -1.048302e+00 5.286784e+00
 7.117117e-01 -1.783111e+00 -1.435430e+00 5.239945e+00
 7.127127e-01 -1.447273e+00 -1.759996e+00 5.192183e+00
 7.137137e-01 -1.053267e+00 -2.008522e+00 5.143533e+00
 7.147147e-01 -6.179385e-01 -2.170756e+00 5.094031e+00
 7.157157e-01 -1.599057e-01 -2.240121e+00 5.043712e+00
 7.167167e-01  3.012335e-01 -2.214017e+00 4.992611e+00
 7.177177e-01  7.457466e-01 -2.093950e+00 4.940765e+00
 7.187187e-01  1.154623e+00 -1.885485e+00 4.888210e+00
 7.197197e-01  1.510407e+00 -1.598014e+00 4.834980e+00
 7.207207e-01  1.797965e+00 -1.244361e+00 4.781113e+00
 7.217217e-01  2.005160e+00 -8.402244e-01 4.726645e+00
 7.227227e-01  2.123394e+00 -4.034985e-01 4.671612e+00
 7.237237e-01  2.147996e+00  4.651767e-02 4.616049e+00
 7.247247e-01  2.078441e+00  4.899736e-01 4.559992e+00
 7.257257e-01  1.918382e+00  9.073516e-01 4.503478e+00
 7.267267e-01  1.675490e+00  1.280341e+00 4.446541e+00
 7.277277e-01  1.361117e+00  1.592664e+00 4.389217e+00
 7.287287e-01  9.897869e-01  1.830809e+00 4.331542e+00
 7.297297e-01  5.785430e-01  1.984650e+00 4.273549e+00
 7.307307e-01  1.461721e-01  2.047903e+00 4.215274e+00
 7.317317e-01 -2.876502e-01  2.018417e+00 4.156751e+00
 7.327327e-01 -7.032610e-01  1.898272e+00 4.098013e+00
 7.337337e-01 -1.081913e+00  1.693682e+00 4.039094e+00
 7.347347e-01 -1.406640e+00  1.414706e+00 3.980027e+00
 7.357357e-01 -1.663037e+00  1.074780e+00 3.920845e+00
 7.367367e-01 -1.839934e+00  6.900888e-01 3.861580e+00
 7.377377e-01 -1.929904e+00  2.788079e-01 3.802263e+00
 7.387387e-01 -1.929610e+00 -1.397512e-01 3.742926e+00
 7.397397e-01 -1.839953e+00 -5.460495e-01 3.683599e+00
 7.407407e-01 -1.666020e+00 -9.212425e-01 3.624312e+00
 7.417417e-01 -1.416833e+00 -1.248070e+00 3.565094e+00
 7.427427e-01 -1.104909e+00 -1.511672e+00 3.505976e+00
 7.437437e-01 -7.456562e-01 -1.700288e+00 3.446984e+00
 7.447447e-01 -3.566239e-01 -1.805814e+00 3.388146e+00
 7.457457e-01  4.334532e-02 -1.824174e+00 3.329490e+00
 7.467467e-01  4.350290e-01 -1.755503e+00 3.271042e+00
 7.477477e-01  7.997563e-01 -1.604125e+00 3.212827e+00
 7.487487e-01  1.120312e+00 -1.378322e+00 3.154871e+00
 7.497497e-01  1.381766e+00 -1.089917e+00 3.097197e+00
 7.507508e-01  1.572198e+00 -7.536738e-01 3.039830e+00
 7.517518e-01  1.683260e+00 -3.865609e-01 2.982792e+00
 7.527528e-01  1.710572e+00 -6.903272e-03 2.926106e+00
 7.537538e-01  1.653919e+00  3.665309e-01 2.869792e+00
 7.547548e-01  1.517229e+00  7.154640e-01 2.813873e+00
 7.557558e-01  1.308360e+00  1.023015e+00 2.758367e+00
 7.567568e-01  1.038679e+00  1.274535e+00 2.703293e+00
 7.577578e-01  7.224661e-01  1.458326e+00 2.648672e+00
 7.587588e-01  3.761817e-01  1.566208e+00 2.594519e+00
 7.597598e-01  1.761430e-02  1.593908e+00 2.540853e+00
 7.607608e-01 -3.350281e-01  1.541248e+00 2.487689e+00
 7.617618e-01 -6.640479e-01  1.412120e+00 2.435044e+00
 7.627628e-01 -9.531571e-01  1.214258e+00 2.382931e+00
 7.637638e-01 -1.188300e+00  9.588060e-01 2.331365e+00
 7.647648e-01 -1.358355e+00  6.597201e-01 2.280360e+00
 7.657658e-01 -1.455687e+00  3.330220e-01 2.229928e+00
 7.667668e-01 -1.476504e+00 -4.048757e-03 2.180081e+00
 7.677678e-01 -1.421025e+00 -3.339414e-01 2.130829e+00
 7.687688e-01 -1.293427e+00 -6.397121e-01 2.082185e+00
 7.697698e-01 -1.101587e+00 -9.059040e-01 2.034156e+00
 7.707708e-01 -8.566338e-01 -1.119344e+00 1.986753e+00
 7.717718e-01 -5.723254e-01 -1.269814e+00 1.939984e+00
 7.727728e-01 -2.642954e-01 -1.350557e+00 1.893857e+00
 7.737738e-01  5.079734e-02 -1.358601e+00 1.848377e+00
 7.747748e-01  3.561671e-01 -1.294874e+00 1.803553e+00
 7.757758e-01  6.357992e-01 -1.164109e+00 1.759390e+00
 7.767768e-01  8.752999e-01 -9.745474e-01 1.715893e+00
 7.777778e-01  1.062651e+00 -7.374538e-01 1.673065e+00
 7.787788e-01  1.188831e+00 -4.664699e-01 1.630912e+00
 7.797798e-01  1.248264e+00 -1.768472e-01 1.589437e+00
 7.807808e-01  1.239082e+00  1.154032e-01 1.548642e+00
 7.817818e-01  1.163178e+00  3.943935e-01 1.508529e+00
 7.827828e-01  1.026051e+00  6.452274e-01 1.469100e+00
 7.837838e-01  8.364593e-01  8.548051e-01 1.430356e+00
 7.847848e-01  6.058878e-01  1.012520e+00 1.392297e+00
 7.857858e-01  3.478792e-01  1.110812e+00 1.354924e+00
 7.867868e-01  7.725128e-02  1.145543e+00 1.318236e+00
 7.877878e-01 -1.907467e-01  1.116175e+00 1.282231e+00
 7.887888e-01 -4.412923e-01  1.025754e+00 1.246909e+00
 7.897898e-01 -6.608147e-01  8.806770e-01 1.212268e+00
 7.907908e-01 -8.377390e-01  6.902883e-01 1.178305e+00
 7.917918e-01 -9.631092e-01  4.663017e-01 1.145017e+00
 7.927928e-01 -1.031054e+00  2.221012e-01 1.112401e+00
 7.937938e-01 -1.039070e+00 -2.804658e-02 1.080453e+00
 7.947948e-01 -9.881128e-01 -2.698209e-01 1.049170e+00
 7.957958e-01 -8.824816e-01 -4.896669e-01 1.018547e+00
 7.967968e-01 -7.295182e-01 -6.755615e-01 9.885802e-01
 7.977978e-01 -5.391316e-01 -8.176800e-01 9.592634e-01
 7.987988e-01 -3.231807e-01 -9.089258e-01 9.305918e-01
 7.997998e-01 -9.475209e-02 -9.452945e-01 9.025596e-01
 8.008008e-01  1.326233e-01 -9.260518e-01 8.751609e-01
 8.018018e-01  3.457687e-01 -8.537174e-01 8.483894e-01
 8.028028e-01  5.326272e-01 -7.338576e-01 8.222387e-01
 8.038038e-01  6.829498e-01 -5.747014e-01 7.967021e-01
 8.048048e-01  7.888657e-01 -3.866051e-01 7.717725e-01
 8.058058e-01  8.453032e-01 -1.813986e-01 7.474430e-01
 8.068068e-01  8.502367e-01  2.834579e-02 7.237060e-01
 8.078078e-01  8.047476e-01  2.300768e-01 7.005541e-01
 8.088088e-01  7.128980e-01  4.120145e-01 6.779795e-01
 8.098098e-01  5.814270e-01  5.638412e-01 6.559742e-01
 8.108108e-01  4.192910e-01  6.772926e-01 6.345302e-01
 8.118118e-01  2.370766e-01  7.466150e-01 6.136393e-01
 8.128128e-01  4.632565e-02  7.688609e-01 5.932931e-01
 8.138138e-01 -1.411867e-01  7.440091e-01 5.734833e-01
 8.148148e-01 -3.141754e-01  6.749038e-01 5.542012e-01
 8.158158e-01 -4.625247e-01  5.670180e-01 5.354385e-01
 8.168168e-01 -5.778846e-01  4.280604e-01 5.171863e-01
 8.178178e-01 -6.541452e-01  2.674510e-01 4.994359e-01
 8.188188e-01 -6.877644e-01  9.570056e-02 4.821785e-01
 8.198198e-01 -6.779297e-01 -7.626563e-02 4.654051e-01
 8.208208e-01 -6.265457e-01 -2.377969e-01 4.491069e-01
 8.218218e-01 -5.380525e-01 -3.791757e-01 4.332747e-01
 8.228228e-01 -4.190888e-01 -4.922036e-01 4.178998e-01
 8.238238e-01 -2.780220e-01 -5.706811e-01 4.029732e-01
 8.248248e-01 -1.243806e-01 -6.107499e-01 3.884859e-01
 8.258258e-01  3.177739e-02 -6.110805e-01 3.744292e-01
 8.268268e-01  1.805144e-01 -5.728949e-01 3.607941e-01
 8.278278e-01  3.126434e-01 -4.998257e-01 3.475716e-01
 8.288288e-01  4.202952e-01 -3.976240e-01 3.347529e-01
 8.298298e-01  4.973898e-01 -2.737380e-01 3.223291e-01
 8.308308e-01  5.399811e-01 -1.367910e-01 3.102913e-01
 8.318318e-01  5.464566e-01  4.004459e-03 2.986308e-01
 8.328328e-01  5.175813e-01  1.394580e-01 2.873390e-01
 8.338338e-01  4.563858e-01  2.609966e-01 2.764072e-01
 8.348348e-01  3.679086e-01  3.612068e-01 2.658271e-01
 8.358358e-01  2.588144e-01  4.342872e-01 2.555903e-01
 8.368368e-01  1.369128e-01  4.763856e-01 2.456884e-01
 8.378378e-01  1.061469e-02  4.857987e-01 2.361131e-01
 8.388388e-01 -1.116394e-01  4.630256e-01 2.268561e-01
 8.398398e-01 -2.219377e-01  4.106737e-01 2.179092e-01
 8.408408e-01 -3.134077e-01  3.332266e-01 2.092644e-01
 8.418418e-01 -3.806442e-01  2.366931e-01 2.009137e-01
 8.428428e-01 -4.200283e-01  1.281622e-01 1.928493e-01
 8.438438e-01 -4.299184e-01  1.529773e-02 1.850638e-01
 8.448448e-01 -4.107034e-01 -9.419380e-02 1.775497e-01
 8.458458e-01 -3.647169e-01 -1.930833e-01 1.702996e-01
 8.468468e-01 -2.960225e-01 -2.750943e-01 1.633062e-01
 8.478478e-01 -2.100860e-01 -3.352997e-01 1.565621e-01
 8.488488e-01 -1.133624e-01 -3.704174e-01 1.500601e-01
 8.498498e-01 -1.282460e-02 -3.789838e-01 1.437932e-01
 8.508509e-01  8.452939e-02 -3.613988e-01 1.377543e-01
 8.518519e-01  1.721579e-01 -3.198412e-01 1.319368e-01
 8.528529e-01  2.444122e-01 -2.580635e-01 1.263341e-01
 8.538539e-01  2.968989e-01 -1.810829e-01 1.209400e-01
 8.548549e-01  3.267450e-01 -9.479430e-02 1.157482e-01
 8.558559e-01  3.327493e-01 -5.531898e-03 1.107527e-01
 8.568569e-01  3.154130e-01  8.038628e-02 1.059473e-01
 8.578579e-01  2.768493e-01  1.571001e-01 1.013260e-01
 8.588589e-01  2.205827e-01  2.196039e-01 9.688263e-02
 8.598599e-01  1.512551e-01  2.640706e-01 9.261139e-02
 8.608609e-01  7.426033e-02  2.880833e-01 8.850659e-02
 8.618619e-01 -4.662240e-03  2.907596e-01 8.456285e-02
 8.628629e-01 -7.984755e-02  2.727625e-01 8.077502e-02
 8.638639e-01 -1.461059e-01  2.362016e-01 7.713815e-02
 8.648649e-01 -1.990780e-01  1.844325e-01 7.364737e-02
 8.658659e-01 -2.355187e-01  1.217735e-01 7.029783e-02
 8.668669e-01 -2.534925e-01  5.316196e-02 6.708465e-02
 8.678679e-01 -2.524672e-01 -1.622347e-02 6.400289e-02
 8.688689e-01 -2.333034e-01 -8.134637e-02 6.104773e-02
 8.698699e-01 -1.981430e-01 -1.376729e-01 5.821447e-02
 8.708709e-01 -1.502075e-01 -1.814840e-01 5.549873e-02
 8.718719e-01 -9.352421e-02 -2.101181e-01 5.289639e-02
 8.728729e-01 -3.260229e-02 -2.221278e-01 5.040365e-02
 8.738739e-01  2.791617e-02 -2.173419e-01 4.801683e-02
 8.748749e-01  8.360299e-02 -1.968320e-01 4.573230e-02
 8.758759e-01  1.305634e-01 -1.627868e-01 4.354636e-02
 8.768769e-01  1.657051e-01 -1.183091e-01 4.145520e-02
 8.778779e-01  1.869379e-01 -6.715034e-02 3.945496e-02
 8.788789e-01  1.932927e-01 -1.340700e-02 3.754182e-02
 8.798799e-01  1.849509e-01  3.879924e-02 3.571222e-02
 8.808809e-01  1.631874e-01  8.563157e-02 3.396289e-02
 8.818819e-01  1.302327e-01  1.238159e-01 3.229092e-02
 8.828829e-01  8.906761e-02  1.508663e-01 3.069368e-02
 8.838839e-01  4.316880e-02  1.652425e-01 2.916863e-02
 8.848849e-01 -3.774938e-03  1.664300e-01 2.771320e-02
 8.858859e-01 -4.815170e-02  1.549388e-01 2.632462e-02
 8.868869e-01 -8.669938e-02  1.322239e-01 2.499995e-02
 8.878879e-01 -1.167416e-01  1.005365e-01 2.373618e-02
 8.888889e-01 -1.363700e-01  6.271845e-02 2.253037e-02
 8.898899e-01 -1.445601e-01  2.196031e-02 2.137987e-02
 8.908909e-01 -1.412149e-01 -1.845993e-02 2.028241e-02
 8.918919e-01 -1.271344e-01 -5.543428e-02 1.923612e-02
 8.928929e-01 -1.039168e-01 -8.625937e-02 1.823937e-02
 8.938939e-01 -7.380033e-02 -1.088305e-01 1.729056e-02
 8.948949e-01 -3.946245e-02 -1.217811e-01 1.638792e-02
 8.958959e-01 -3.790866e-03 -1.245594e-01 1.552940e-02
 8.968969e-01  3.035216e-02 -1.174371e-01 1.471272e-02
 8.978979e-01  6.035462e-02 -1.014533e-01 1.393546e-02
 8.988989e-01  8.405069e-02 -7.829990e-02 1.319539e-02
 8.998999e-01  9.987353e-02 -5.015876e-02 1.249062e-02
 9.009009e-01  1.069541e-01 -1.950769e-02 1.181973e-02
 9.019019e-01  1.051604e-01  1.109041e-02 1.118171e-02
 9.029029e-01  9.507570e-02  3.919615e-02 1.057573e-02
 9.039039e-01  7.792061e-02  6.268409e-02 1.000092e-02
 9.049049e-01  5.542653e-02  7.989985e-02 9.456087e-03
 9.059059e-01  2.967338e-02  8.977281e-02 8.939668e-03
 9.069069e-01  2.905526e-03  9.187672e-02 8.449774e-03
 9.079079e-01 -2.265772e-02  8.643544e-02 7.984457e-03
 9.089089e-01 -4.500173e-02  7.427544e-02 7.541997e-03
 9.099099e-01 -6.247178e-02  5.673106e-02 7.121136e-03
 9.109109e-01 -7.389210e-02  3.551216e-02 6.721156e-03
 9.119119e-01 -7.864052e-02  1.254657e-02 6.341747e-03
 9.129129e-01 -7.667412e-02 -1.018866e-02 5.982729e-03
 9.139139e-01 -6.850592e-02 -3.083274e-02 5.643718e-03
 9.149149e-01 -5.513648e-02 -4.778979e-02 5.323895e-03
 9.159159e-01 -3.794790e-02 -5.984898e-02 5.021943e-03
 9.169169e-01 -1.857073e-02 -6.626725e-02 4.736221e-03
 9.179179e-01  1.264003e-03 -6.680927e-02 4.465076e-03
 9.189189e-01  1.987457e-02 -6.174303e-02 4.207201e-03
 9.199199e-01  3.576743e-02 -5.179338e-02 3.961863e-03
 9.209209e-01  4.775396e-02 -3.805905e-02 3.728931e-03
 9.219219e-01  5.503607e-02 -2.190187e-02 3.508660e-03
 9.229229e-01  5.725475e-02 -4.818752e-03 3.301326e-03
 9.239239e-01  5.449912e-02  1.169205e-02 3.106858e-03
 9.249249e-01  4.727671e-02  2.625857e-02 2.924600e-03
 9.259259e-01  3.644948e-02  3.774608e-02 2.753331e-03
 9.269269e-01  2.314231e-02  4.534257e-02 2.591515e-03
 9.279279e-01  8.633329e-03  4.861248e-02 2.437707e-03
 9.289289e-01 -5.763882e-03  4.751543e-02 2.290938e-03
 9.299299e-01 -1.881546e-02  4.238995e-02 2.150930e-03
 9.309309e-01 -2.947007e-02  3.390511e-02 2.018042e-03
 9.319319e-01 -3.694079e-02  2.298567e-02 1.892963e-03
 9.329329e-01 -4.076008e-02  1.071861e-02 1.776273e-03
 9.339339e-01 -4.080412e-02 -1.750090e-03 1.668039e-03
 9.349349e-01 -3.728579e-02 -1.331884e-02 1.567622e-03
 9.359359e-01 -3.071850e-02 -2.302490e-02 1.473772e-03
 9.369369e-01 -2.185527e-02 -3.012196e-02 1.384985e-03
 9.379379e-01 -1.160967e-02 -3.413486e-02 1.299973e-03
 9.389389e-01 -9.665948e-04 -3.488749e-02 1.218071e-03
 9.399399e-01  9.108934e-03 -3.250279e-02 1.139404e-03
 9.409409e-01  1.775644e-02 -2.737605e-02 1.064740e-03
 9.419419e-01  2.429116e-02 -2.012523e-02 9.950851e-04
 9.429429e-01  2.825568e-02 -1.152376e-02 9.311807e-04
 9.439439e-01  2.944871e-02 -2.422840e-03 8.730969e-04
 9.449449e-01  2.792912e-02  6.329428e-03 8.200974e-04
 9.459459e-01  2.399647e-02  1.396446e-02 7.708365e-04
 9.469469e-01  1.815067e-02  1.985851e-02 7.238069e-04
 9.479479e-01  1.103571e-02  2.358147e-02 6.778724e-04
 9.489489e-01  3.373158e-03  2.492551e-02 6.326595e-04
 9.499499e-01 -4.107795e-03  2.391195e-02 5.886553e-04
 9.509510e-01 -1.073731e-02  2.077665e-02 5.469591e-04
 9.519520e-01 -1.596278e-02  1.593661e-02 5.087858e-04
 9.529530e-01 -1.939289e-02  9.941463e-03 4.749169e-04
 9.539540e-01 -2.082437e-02  3.415395e-03 4.453195e-04
 9.549550e-01 -2.025003e-02 -3.004898e-03 4.190932e-04
 9.559560e-01 -1.784810e-02 -8.730041e-03 3.947682e-04
 9.569570e-01 -1.395508e-02 -1.327026e-02 3.708440e-04
 9.579580e-01 -9.025312e-03 -1.627552e-02 3.463487e-04
 9.589590e-01 -3.581868e-03 -1.756044e-02 3.211988e-04
 9.599600e-01  1.836279e-03 -1.711237e-02 2.962052e-04
 9.609610e-01  6.725516e-03 -1.508273e-02 2.727214e-04
 9.619620e-01  1.066273e-02 -1.176332e-02 2.520695e-04
 9.629630e-01  1.334020e-02 -7.550581e-03 2.349723e-04
 9.639640e-01  1.458772e-02 -2.901881e-03 2.212224e-04
 9.649650e-01  1.438033e-02  1.711638e-03 2.097235e-04
 9.659660e-01  1.283198e-02  5.850940e-03 1.988933e-04
 9.669670e-01  1.017628e-02  9.149356e-03 1.872674e-04
 9.679680e-01  6.737032e-03  1.134367e-02 1.740665e-04
 9.689690e-01  2.891880e-03  1.229349e-02 1.594928e-04
 9.699700e-01 -9.669653e-04  1.198763e-02 1.446384e-04
 9.709710e-01 -4.471151e-03  1.053767e-02 1.310336e-04
 9.719720e-01 -7.309903e-03  8.159767e-03 1.200165e-04
 9.729730e-01 -9.256276e-03  5.147451e-03 1.121749e-04
 9.739740e-01 -1.018363e-02  1.838209e-03 1.070853e-04
 9.749750e-01 -1.007149e-02 -1.422302e-03 1.034579e-04
 9.759760e-01 -9.000747e-03 -4.314856e-03 9.963143e-05
 9.769770e-01 -7.139323e-03 -6.576710e-03 9.422304e-05
 9.779780e-01 -4.720282e-03 -8.024351e-03 8.667127e-05
 9.789790e-01 -2.015035e-03 -8.567094e-03 7.745547e-05
 9.799800e-01  6.955774e-04 -8.210636e-03 6.789838e-05
 9.809810e-01  3.149166e-03 -7.050770e-03 5.963061e-05
 9.819820e-01  5.126167e-03 -5.258385e-03 5.392820e-05
 9.829830e-01  6.468327e-03 -3.057756e-03 5.118913e-05
 9.839840e-01  7.090060e-03 -7.006322e-04 5.075984e-05
 9.849850e-01  6.981801e-03  1.560998e-03 5.118226e-05
 9.859860e-01  6.205753e-03  3.500674e-03 5.076608e-05
 9.869870e-01  4.884755e-03  4.939170e-03 4.825623e-05
 9.879880e-01  3.186023e-03  5.760195e-03 4.333059e-05
 9.889890e-01  1.301540e-03  5.918740e-03 3.672549e-05
 9.899900e-01 -5.725232e-04  5.441641e-03 2.993924e-05
 9.909910e-01 -2.255431e-03  4.420665e-03 2.462925e-05
 9.919920e-01 -3.598459e-03  2.999251e-03 2.194441e-05
 9.929930e-01 -4.497164e-03  1.354557e-03 2.205930e-05
 9.939940e-01 -4.898243e-03 -3.230430e-04 2.409714e-05
 9.949950e-01 -4.800884e-03 -1.850798e-03 2.647394e-05
 9.959960e-01 -4.252675e-03 -3.072527e-03 2.752567e-05
 9.969970e-01 -3.341129e-03 -3.873822e-03 2.616964e-05
 9.979980e-01 -2.181790e-03 -4.192061e-03 2.233359e-05
 9.989990e-01 -9.046395e-04 -4.020462e-03 1.698249e-05
 1.000000e+00  3.599141e-04 -3.405988e-03 1.173030e-05
