# x psi_r psi_i psi2 
 0.000000e+00  3.819184e-02  2.146876e-02 1.919524e-03
 1.001001e-03  2.238155e-02  3.218353e-02 1.536714e-03
 2.002002e-03  4.862182e-03  3.919087e-02 1.559565e-03
 3.003003e-03 -1.250818e-02  4.211322e-02 1.929978e-03
 4.004004e-03 -2.794809e-02  4.098957e-02 2.461241e-03
 5.005005e-03 -3.993005e-02  3.624072e-02 2.907799e-03
 6.006006e-03 -4.732704e-02  2.859895e-02 3.057749e-03
 7.007007e-03 -4.951455e-02  1.901178e-02 2.813138e-03
 8.008008e-03 -4.641914e-02  8.531324e-03 2.227520e-03
 9.009009e-03 -3.851036e-02 -1.798249e-03 1.486282e-03
 1.001001e-02 -2.673825e-02 -1.104336e-02 8.368896e-04
 1.101101e-02 -1.242423e-02 -1.846384e-02 4.952747e-04
 1.201201e-02  2.882349e-03 -2.356857e-02 5.637853e-04
 1.301301e-02  1.756695e-02 -2.614036e-02 9.919165e-04
 1.401401e-02  3.011501e-02 -2.622966e-02 1.594909e-03
 1.501502e-02  3.926297e-02 -2.412045e-02 2.123377e-03
 1.601602e-02  4.412053e-02 -2.027437e-02 2.357672e-03
 1.701702e-02  4.425274e-02 -1.526128e-02 2.191211e-03
 1.801802e-02  3.971453e-02 -9.685095e-03 1.671045e-03
 1.901902e-02  3.103570e-02 -4.114100e-03 9.801407e-04
 2.002002e-02  1.915885e-02  9.766620e-04 3.680152e-04
 2.102102e-02  5.337446e-03  5.245063e-03 5.599901e-05
 2.202202e-02 -8.994717e-03  8.500460e-03 1.531627e-04
 2.302302e-02 -2.236949e-02  1.070074e-02 6.148996e-04
 2.402402e-02 -3.343083e-02  1.193021e-02 1.259950e-03
 2.502503e-02 -4.106759e-02  1.236296e-02 1.839390e-03
 2.602603e-02 -4.451980e-02  1.221795e-02 2.131291e-03
 2.702703e-02 -4.344885e-02  1.171271e-02 2.024990e-03
 2.802803e-02 -3.796544e-02  1.102269e-02 1.562874e-03
 2.902903e-02 -2.861351e-02  1.025183e-02 9.238330e-04
 3.003003e-02 -1.631275e-02  9.418366e-03 3.548113e-04
 3.103103e-02 -2.265834e-03  8.457750e-03 7.666755e-05
 3.203203e-02  1.215978e-02  7.241781e-03 2.003036e-04
 3.303303e-02  2.556399e-02  5.610967e-03 6.850007e-04
 3.403403e-02  3.664727e-02  3.415151e-03 1.354686e-03
 3.503504e-02  4.433245e-02  5.560957e-04 1.965675e-03
 3.603604e-02  4.786404e-02 -2.974598e-03 2.299814e-03
 3.703704e-02  4.687631e-02 -7.068526e-03 2.247352e-03
 3.803804e-02  4.142451e-02 -1.148938e-02 1.847996e-03
 3.903904e-02  3.197719e-02 -1.588077e-02 1.274740e-03
 4.004004e-02  1.937103e-02 -1.979340e-02 7.670157e-04
 4.104104e-02  4.733064e-03 -2.272977e-02 5.390441e-04
 4.204204e-02 -1.062206e-02 -2.420170e-02 6.985505e-04
 4.304304e-02 -2.531026e-02 -2.379454e-02 1.206790e-03
 4.404404e-02 -3.800091e-02 -2.123005e-02 1.894784e-03
 4.504505e-02 -4.753364e-02 -1.642009e-02 2.529067e-03
 4.604605e-02 -5.301912e-02 -9.503621e-03 2.901346e-03
 4.704705e-02 -5.391553e-02 -8.608970e-04 2.907625e-03
 4.804805e-02 -5.007466e-02  8.898673e-03 2.586658e-03
 4.904905e-02 -4.175443e-02  1.897591e-02 2.103518e-03
 5.005005e-02 -2.959732e-02  2.844626e-02 1.685191e-03
 5.105105e-02 -1.457704e-02  3.634391e-02 1.533370e-03
 5.205205e-02  2.081503e-03  4.175794e-02 1.748058e-03
 5.305305e-02  1.900243e-02  4.393086e-02 2.291013e-03
 5.405405e-02  3.477074e-02  4.234927e-02 3.002465e-03
 5.505506e-02  4.804695e-02  3.681627e-02 3.663947e-03
 5.605606e-02  5.767567e-02  2.749716e-02 4.082576e-03
 5.705706e-02  6.277961e-02  1.493163e-02 4.164233e-03
 5.805806e-02  6.283213e-02  9.540525e-06 3.947876e-03
 5.905906e-02  5.770280e-02 -1.608979e-02 3.588494e-03
 6.006006e-02  4.767289e-02 -3.199045e-02 3.296093e-03
 6.106106e-02  3.341942e-02 -4.623770e-02 3.254783e-03
 6.206206e-02  1.596907e-02 -5.743025e-02 3.553244e-03
 6.306306e-02 -3.374885e-03 -6.435485e-02 4.152937e-03
 6.406406e-02 -2.312744e-02 -6.611047e-02 4.905473e-03
 6.506507e-02 -4.173194e-02 -6.220944e-02 5.611569e-03
 6.606607e-02 -5.767752e-02 -5.264508e-02 6.098201e-03
 6.706707e-02 -6.961568e-02 -3.791797e-02 6.284115e-03
 6.806807e-02 -7.646744e-02 -1.901662e-02 6.208901e-03
 6.906907e-02 -7.751328e-02  2.647256e-03 6.015316e-03
 7.007007e-02 -7.245884e-02  2.534489e-02 5.892647e-03
 7.107107e-02 -6.147100e-02  4.716950e-02 6.003645e-03
 7.207207e-02 -4.518074e-02  6.619697e-02 6.423338e-03
 7.307307e-02 -2.465150e-02  8.065421e-02 7.112799e-03
 7.407407e-02 -1.314062e-03  8.908046e-02 7.937056e-03
 7.507508e-02  2.312855e-02  9.046689e-02 8.719187e-03
 7.607608e-02  4.682030e-02  8.436155e-02 9.309011e-03
 7.707708e-02  6.788775e-02  7.092952e-02 9.639744e-03
 7.807808e-02  8.458261e-02  5.096176e-02 9.751320e-03
 7.907908e-02  9.542080e-02  2.583052e-02 9.772346e-03
 8.008008e-02  9.930746e-02 -2.605983e-03 9.868764e-03
 8.108108e-02  9.563773e-02 -3.214295e-02 1.017975e-02
 8.208208e-02  8.436448e-02 -6.040135e-02 1.076569e-02
 8.308308e-02  6.602624e-02 -8.501971e-02 1.158782e-02
 8.408408e-02  4.173129e-02 -1.038494e-01 1.252620e-02
 8.508509e-02  1.309702e-02 -1.151375e-01 1.342819e-02
 8.608609e-02 -1.785281e-02 -1.176819e-01 1.416775e-02
 8.708709e-02 -4.882696e-02 -1.109448e-01 1.469281e-02
 8.808809e-02 -7.743258e-02 -9.511548e-02 1.504276e-02
 8.908909e-02 -1.013564e-01 -7.111605e-02 1.533061e-02
 9.009009e-02 -1.185474e-01 -4.054781e-02 1.569761e-02
 9.109109e-02 -1.273875e-01 -5.582954e-03 1.625875e-02
 9.209209e-02 -1.268352e-01  3.119173e-02 1.706008e-02
 9.309309e-02 -1.165302e-01  6.696722e-02 1.806389e-02
 9.409409e-02 -9.684995e-02  9.892621e-02 1.916631e-02
 9.509510e-02 -6.890999e-02  1.244623e-01 2.023945e-02
 9.609610e-02 -3.450699e-02  1.413875e-01 2.118116e-02
 9.709710e-02  3.993453e-03  1.481117e-01 2.195303e-02
 9.809810e-02  4.381779e-02  1.437801e-01 2.259272e-02
 9.909910e-02  8.198324e-02  1.283572e-01 2.319682e-02
 1.001001e-01  1.155200e-01  1.026500e-01 2.388189e-02
 1.011011e-01  1.417005e-01  6.826801e-02 2.473954e-02
 1.021021e-01  1.582571e-01  2.752198e-02 2.580276e-02
 1.031031e-01  1.635726e-01 -1.673282e-02 2.703597e-02
 1.041041e-01  1.568256e-01 -6.129686e-02 2.835159e-02
 1.051051e-01  1.380801e-01 -1.028568e-01 2.964565e-02
 1.061061e-01  1.083088e-01 -1.382294e-01 3.083816e-02
 1.071071e-01  6.934814e-02 -1.646006e-01 3.190253e-02
 1.081081e-01  2.378574e-02 -1.797432e-01 3.287338e-02
 1.091091e-01 -2.521258e-02 -1.821952e-01 3.383075e-02
 1.101101e-01 -7.412445e-02 -1.713864e-01 3.486772e-02
 1.111111e-01 -1.193254e-01 -1.477022e-01 3.605449e-02
 1.121121e-01 -1.573574e-01 -1.124790e-01 3.741289e-02
 1.131131e-01 -1.851915e-01 -6.793025e-02 3.891042e-02
 1.141141e-01 -2.004645e-01 -1.700676e-02 4.047523e-02
 1.151151e-01 -2.016709e-01  3.679901e-02 4.202531e-02
 1.161161e-01 -1.882958e-01  8.969260e-02 4.350009e-02
 1.171171e-01 -1.608768e-01  1.378442e-01 4.488238e-02
 1.181181e-01 -1.209890e-01  1.776635e-01 4.620265e-02
 1.191191e-01 -7.115362e-02  2.060636e-01 4.752505e-02
 1.201201e-01 -1.467595e-02  2.206940e-01 4.892123e-02
 1.211211e-01  4.457811e-02  2.201262e-01 5.044275e-02
 1.221221e-01  1.024494e-01  2.039770e-01 5.210248e-02
 1.231231e-01  1.547794e-01  1.729596e-01 5.387167e-02
 1.241241e-01  1.977082e-01  1.288580e-01 5.569292e-02
 1.251251e-01  2.279571e-01  7.442402e-02 5.750337e-02
 1.261261e-01  2.430725e-01  1.320406e-02 5.925861e-02
 1.271271e-01  2.416162e-01 -5.069434e-02 6.094831e-02
 1.281281e-01  2.232850e-01 -1.128798e-01 6.259803e-02
 1.291291e-01  1.889523e-01 -1.689800e-01 6.425720e-02
 1.301301e-01  1.406277e-01 -2.149482e-01 6.597887e-02
 1.311311e-01  8.133494e-02 -2.473534e-01 6.779907e-02
 1.321321e-01  1.491864e-02 -2.636310e-01 6.972389e-02
 1.331331e-01 -5.420986e-02 -2.622783e-01 7.172860e-02
 1.341341e-01 -1.213686e-01 -2.429777e-01 7.376853e-02
 1.351351e-01 -1.819239e-01 -2.066408e-01 7.579672e-02
 1.361361e-01 -2.316095e-01 -1.553659e-01 7.778152e-02
 1.371371e-01 -2.668243e-01 -9.231447e-02 7.971715e-02
 1.381381e-01 -2.848879e-01 -2.151090e-02 8.162383e-02
 1.391391e-01 -2.842364e-01  5.241918e-02 8.353811e-02
 1.401401e-01 -2.645437e-01  1.245555e-01 8.549746e-02
 1.411411e-01 -2.267605e-01  1.900138e-01 8.752557e-02
 1.421421e-01 -1.730672e-01  2.442775e-01 8.962375e-02
 1.431431e-01 -1.067430e-01  2.835088e-01 9.177129e-02
 1.441441e-01 -3.196027e-02  3.048159e-01 9.393417e-02
 1.451451e-01  4.648318e-02  3.064596e-01 9.607815e-02
 1.461461e-01  1.234766e-01  2.879838e-01 9.818111e-02
 1.471471e-01  1.939317e-01  2.502606e-01 1.002399e-01
 1.481481e-01  2.531204e-01  1.954473e-01 1.022696e-01
 1.491491e-01  2.969905e-01  1.268563e-01 1.042959e-01
 1.501502e-01  3.224398e-01  4.874779e-02 1.063438e-01
 1.511512e-01  3.275297e-01 -3.394190e-02 1.084277e-01
 1.521522e-01  3.116228e-01 -1.159186e-01 1.105459e-01
 1.531532e-01  2.754374e-01 -1.918739e-01 1.126814e-01
 1.541542e-01  2.210124e-01 -2.568312e-01 1.148087e-01
 1.551552e-01  1.515861e-01 -3.064722e-01 1.169036e-01
 1.561562e-01  7.139653e-02 -3.374212e-01 1.189506e-01
 1.571572e-01 -1.458485e-02 -3.474697e-01 1.209479e-01
 1.581582e-01 -1.009676e-01 -3.357254e-01 1.229060e-01
 1.591592e-01 -1.822858e-01 -3.026778e-01 1.248420e-01
 1.601602e-01 -2.533467e-01 -2.501737e-01 1.267714e-01
 1.611612e-01 -3.095646e-01 -1.813062e-01 1.287022e-01
 1.621622e-01 -3.472546e-01 -1.002244e-01 1.306307e-01
 1.631632e-01 -3.638717e-01 -1.187411e-02 1.325436e-01
 1.641642e-01 -3.581755e-01  7.831065e-02 1.344223e-01
 1.651652e-01 -3.303143e-01  1.647484e-01 1.362496e-01
 1.661662e-01 -2.818193e-01  2.420597e-01 1.380150e-01
 1.671672e-01 -2.155133e-01  3.054038e-01 1.397175e-01
 1.681682e-01 -1.353365e-01  3.507815e-01 1.413636e-01
 1.691692e-01 -4.610354e-02  3.752845e-01 1.429640e-01
 1.701702e-01  4.679457e-02  3.772771e-01 1.445277e-01
 1.711712e-01  1.377235e-01  3.564977e-01 1.460584e-01
 1.721722e-01  2.211531e-01  3.140752e-01 1.475519e-01
 1.731732e-01  2.919972e-01  2.524592e-01 1.489980e-01
 1.741742e-01  3.459252e-01  1.752694e-01 1.503836e-01
 1.751752e-01  3.796250e-01  8.707322e-02 1.516969e-01
 1.761762e-01  3.910032e-01 -6.893383e-03 1.529310e-01
 1.771772e-01  3.793086e-01 -1.010448e-01 1.540851e-01
 1.781782e-01  3.451741e-01 -1.897841e-01 1.551631e-01
 1.791792e-01  2.905733e-01 -2.678408e-01 1.561715e-01
 1.801802e-01  2.186970e-01 -3.305856e-01 1.571152e-01
 1.811812e-01  1.337561e-01 -3.743056e-01 1.579953e-01
 1.821822e-01  4.072531e-02 -3.964213e-01 1.588084e-01
 1.831832e-01 -5.495719e-02 -3.956345e-01 1.595470e-01
 1.841842e-01 -1.477153e-01 -3.719980e-01 1.602024e-01
 1.851852e-01 -2.321657e-01 -3.269039e-01 1.607670e-01
 1.861862e-01 -3.034336e-01 -2.629922e-01 1.612368e-01
 1.871872e-01 -3.574356e-01 -1.839866e-01 1.616113e-01
 1.881882e-01 -3.911127e-01 -9.446747e-02 1.618932e-01
 1.891892e-01 -4.025993e-01  4.033186e-04 1.620864e-01
 1.901902e-01 -3.913219e-01  9.518844e-02 1.621937e-01
 1.911912e-01 -3.580190e-01  1.844937e-01 1.622155e-01
 1.921922e-01 -3.046854e-01  2.632800e-01 1.621495e-01
 1.931932e-01 -2.344432e-01  3.271507e-01 1.619912e-01
 1.941942e-01 -1.513498e-01  3.725972e-01 1.617355e-01
 1.951952e-01 -6.015364e-02  3.971898e-01 1.613782e-01
 1.961962e-01  3.398558e-02  3.997032e-01 1.609176e-01
 1.971972e-01  1.257967e-01  3.801703e-01 1.603543e-01
 1.981982e-01  2.101982e-01  3.398634e-01 1.596904e-01
 1.991992e-01  2.825835e-01  2.812039e-01 1.589290e-01
 2.002002e-01  3.390742e-01  2.076082e-01 1.580725e-01
 2.012012e-01  3.767275e-01  1.232798e-01 1.571215e-01
 2.022022e-01  3.936866e-01  3.296001e-02 1.560755e-01
 2.032032e-01  3.892664e-01 -5.834653e-02 1.549327e-01
 2.042042e-01  3.639716e-01 -1.456562e-01 1.536910e-01
 2.052052e-01  3.194469e-01 -2.242837e-01 1.523495e-01
 2.062062e-01  2.583650e-01 -2.900965e-01 1.509084e-01
 2.072072e-01  1.842576e-01 -3.397332e-01 1.493695e-01
 2.082082e-01  1.013041e-01 -3.707736e-01 1.477356e-01
 2.092092e-01  1.408709e-02 -3.818525e-01 1.460098e-01
 2.102102e-01 -7.266779e-02 -3.727121e-01 1.441949e-01
 2.112112e-01 -1.543541e-01 -3.441914e-01 1.422929e-01
 2.122122e-01 -2.267339e-01 -2.981556e-01 1.403050e-01
 2.132132e-01 -2.861597e-01 -2.373700e-01 1.382319e-01
 2.142142e-01 -3.297591e-01 -1.653281e-01 1.360745e-01
 2.152152e-01 -3.555708e-01 -8.604356e-02 1.338341e-01
 2.162162e-01 -3.626270e-01 -3.819893e-03 1.315130e-01
 2.172172e-01 -3.509800e-01  7.698948e-02 1.291143e-01
 2.182182e-01 -3.216705e-01  1.522170e-01 1.266419e-01
 2.192192e-01 -2.766444e-01  2.180999e-01 1.240997e-01
 2.202202e-01 -2.186222e-01  2.714695e-01 1.214914e-01
 2.212212e-01 -1.509301e-01  3.099040e-01 1.188204e-01
 2.222222e-01 -7.730417e-02  3.318340e-01 1.160897e-01
 2.232232e-01 -1.678143e-03  3.365998e-01 1.133022e-01
 2.242242e-01  7.203185e-02  3.244570e-01 1.104610e-01
 2.252252e-01  1.401347e-01  2.965325e-01 1.075693e-01
 2.262262e-01  1.993519e-01  2.547348e-01 1.046310e-01
 2.272272e-01  2.469769e-01  2.016261e-01 1.016507e-01
 2.282282e-01  2.809967e-01  1.402630e-01 9.863287e-02
 2.292292e-01  3.001731e-01  7.401713e-02 9.558243e-02
 2.302302e-01  3.040777e-01  6.385787e-03 9.250403e-02
 2.312312e-01  2.930834e-01 -5.919725e-02 8.940221e-02
 2.322322e-01  2.683125e-01 -1.195395e-01 8.628131e-02
 2.332332e-01  2.315470e-01 -1.718477e-01 8.314564e-02
 2.342342e-01  1.851071e-01 -2.138573e-01 7.999961e-02
 2.352352e-01  1.317068e-01 -2.439286e-01 7.684783e-02
 2.362362e-01  7.429324e-02 -2.611047e-01 7.369517e-02
 2.372372e-01  1.588227e-02 -2.651311e-01 7.054673e-02
 2.382382e-01 -4.060333e-02 -2.564354e-01 6.740774e-02
 2.392392e-01 -9.248267e-02 -2.360729e-01 6.428344e-02
 2.402402e-01 -1.374457e-01 -2.056397e-01 6.117901e-02
 2.412412e-01 -1.736560e-01 -1.671619e-01 5.809950e-02
 2.422422e-01 -1.998228e-01 -1.229664e-01 5.504988e-02
 2.432432e-01 -2.152405e-01 -7.554222e-02 5.203508e-02
 2.442442e-01 -2.197937e-01 -2.740018e-02 4.906004e-02
 2.452452e-01 -2.139309e-01  1.906151e-02 4.612975e-02
 2.462462e-01 -1.986079e-01  6.167828e-02 4.324930e-02
 2.472472e-01 -1.752075e-01  9.862107e-02 4.042378e-02
 2.482482e-01 -1.454395e-01  1.284743e-01 3.765829e-02
 2.492492e-01 -1.112287e-01  1.502865e-01 3.495784e-02
 2.502503e-01 -7.459669e-02  1.635930e-01 3.232735e-02
 2.512513e-01 -3.754607e-02  1.684098e-01 2.977157e-02
 2.522523e-01 -1.951190e-03  1.652009e-01 2.729514e-02
 2.532533e-01  3.053666e-02  1.548228e-01 2.490259e-02
 2.542543e-01  5.856622e-02  1.384498e-01 2.259836e-02
 2.552553e-01  8.114148e-02  1.174855e-01 2.038678e-02
 2.562563e-01  9.765316e-02  9.346645e-02 1.827212e-02
 2.572573e-01  1.078860e-01  6.796415e-02 1.625851e-02
 2.582583e-01  1.120023e-01  4.249052e-02 1.434997e-02
 2.592593e-01  1.105048e-01  1.841271e-02 1.255034e-02
 2.602603e-01  1.041805e-01 -3.118443e-03 1.086330e-02
 2.612613e-01  9.403163e-02 -2.122268e-02 9.292350e-03
 2.622623e-01  8.119697e-02 -3.532501e-02 7.840804e-03
 2.632633e-01  6.686938e-02 -4.516963e-02 6.511809e-03
 2.642643e-01  5.221458e-02 -5.081321e-02 5.308344e-03
 2.652653e-01  3.829592e-02 -5.259885e-02 4.233217e-03
 2.662663e-01  2.600958e-02 -5.111321e-02 3.289058e-03
 2.672673e-01  1.603363e-02 -4.712999e-02 2.478313e-03
 2.682683e-01  8.793572e-03 -4.154391e-02 1.803223e-03
 2.692693e-01  4.445962e-03 -3.529955e-02 1.265825e-03
 2.702703e-01  2.880358e-03 -2.931953e-02 8.679315e-04
 2.712713e-01  3.739022e-03 -2.443678e-02 6.111366e-04
 2.722723e-01  6.452578e-03 -2.133466e-02 4.968034e-04
 2.732733e-01  1.028900e-02 -2.049874e-02 5.260620e-04
 2.742743e-01  1.441261e-02 -2.218284e-02 6.998019e-04
 2.752753e-01  1.794913e-02 -2.639118e-02 1.018665e-03
 2.762763e-01  2.005274e-02 -3.287747e-02 1.483040e-03
 2.772773e-01  1.997093e-02 -4.116090e-02 2.093057e-03
 2.782783e-01  1.710308e-02 -5.055759e-02 2.848586e-03
 2.792793e-01  1.104936e-02 -6.022583e-02 3.749238e-03
 2.802803e-01  1.646888e-03 -6.922184e-02 4.794375e-03
 2.812813e-01 -1.100894e-02 -7.656314e-02 5.983112e-03
 2.822823e-01 -2.655935e-02 -8.129529e-02 7.314323e-03
 2.832833e-01 -4.439351e-02 -8.255829e-02 8.786656e-03
 2.842843e-01 -6.367590e-02 -7.964868e-02 1.039853e-02
 2.852853e-01 -8.338804e-02 -7.207358e-02 1.214817e-02
 2.862863e-01 -1.023824e-01 -5.959357e-02 1.403356e-02
 2.872873e-01 -1.194458e-01 -4.225180e-02 1.605252e-02
 2.882883e-01 -1.333680e-01 -2.038757e-02 1.820269e-02
 2.892893e-01 -1.430129e-01  5.366746e-03 2.048150e-02
 2.902903e-01 -1.473875e-01  3.410526e-02 2.288624e-02
 2.912913e-01 -1.457052e-01  6.468401e-02 2.541403e-02
 2.922923e-01 -1.374402e-01  9.577053e-02 2.806180e-02
 2.932933e-01 -1.223692e-01  1.259051e-01 3.082630e-02
 2.942943e-01 -1.005989e-01  1.535707e-01 3.370409e-02
 2.952953e-01 -7.257719e-02  1.772684e-01 3.669152e-02
 2.962963e-01 -3.908697e-02  1.955938e-01 3.978472e-02
 2.972973e-01 -1.222999e-03  2.073116e-01 4.297958e-02
 2.982983e-01  3.964734e-02  2.114233e-01 4.627173e-02
 2.992993e-01  8.193803e-02  2.072262e-01 4.965656e-02
 3.003003e-01  1.239104e-01  1.943590e-01 5.312919e-02
 3.013013e-01  1.637483e-01  1.728322e-01 5.668450e-02
 3.023023e-01  1.996391e-01  1.430432e-01 6.031710e-02
 3.033033e-01  2.298560e-01  1.057714e-01 6.402139e-02
 3.043043e-01  2.528397e-01  6.215792e-02 6.779153e-02
 3.053053e-01  2.672728e-01  1.366656e-02 7.162152e-02
 3.063063e-01  2.721462e-01 -3.796968e-02 7.550525e-02
 3.073073e-01  2.668127e-01 -9.081570e-02 7.943650e-02
 3.083083e-01  2.510257e-01 -1.428116e-01 8.340906e-02
 3.093093e-01  2.249613e-01 -1.918571e-01 8.741674e-02
 3.103103e-01  1.892224e-01 -2.358990e-01 9.145347e-02
 3.113113e-01  1.448244e-01 -2.730187e-01 9.551334e-02
 3.123123e-01  9.316352e-02 -3.015148e-01 9.959063e-02
 3.133133e-01  3.596805e-02 -3.199784e-01 1.036799e-01
 3.143143e-01 -2.476466e-02 -3.273571e-01 1.077760e-01
 3.153153e-01 -8.684339e-02 -3.230049e-01 1.118739e-01
 3.163163e-01 -1.479672e-01 -3.067162e-01 1.159691e-01
 3.173173e-01 -2.058149e-01 -2.787425e-01 1.200572e-01
 3.183183e-01 -2.581366e-01 -2.397902e-01 1.241338e-01
 3.193193e-01 -3.028430e-01 -1.910004e-01 1.281950e-01
 3.203203e-01 -3.380895e-01 -1.339111e-01 1.322367e-01
 3.213213e-01 -3.623507e-01 -7.040382e-02 1.362547e-01
 3.223223e-01 -3.744835e-01 -2.635318e-03 1.402448e-01
 3.233233e-01 -3.737753e-01  6.704090e-02 1.442025e-01
 3.243243e-01 -3.599760e-01  1.361617e-01 1.481227e-01
 3.253253e-01 -3.333122e-01  2.022457e-01 1.520004e-01
 3.263263e-01 -2.944830e-01  2.628865e-01 1.558295e-01
 3.273273e-01 -2.446384e-01  3.158417e-01 1.596040e-01
 3.283283e-01 -1.853401e-01  3.591183e-01 1.633169e-01
 3.293293e-01 -1.185067e-01  3.910465e-01 1.669612e-01
 3.303303e-01 -4.634630e-02  4.103429e-01 1.705293e-01
 3.313313e-01  2.872270e-02  4.161592e-01 1.740134e-01
 3.323323e-01  1.041575e-01  4.081141e-01 1.774059e-01
 3.333333e-01  1.773820e-01  3.863090e-01 1.806990e-01
 3.343343e-01  2.458781e-01  3.513254e-01 1.838856e-01
 3.353353e-01  3.072755e-01  3.042052e-01 1.869590e-01
 3.363363e-01  3.594351e-01  2.464140e-01 1.899135e-01
 3.373373e-01  4.005240e-01  1.797906e-01 1.927441e-01
 3.383383e-01  4.290793e-01  1.064820e-01 1.954475e-01
 3.393393e-01  4.440584e-01  2.886869e-02 1.980213e-01
 3.403403e-01  4.448738e-01 -5.051758e-02 2.004647e-01
 3.413413e-01  4.314120e-01 -1.290814e-01 2.027783e-01
 3.423423e-01  4.040360e-01 -2.042521e-01 2.049640e-01
 3.433433e-01  3.635706e-01 -2.735714e-01 2.070249e-01
 3.443443e-01  3.112726e-01 -3.347752e-01 2.089651e-01
 3.453453e-01  2.487858e-01 -3.858689e-01 2.107892e-01
 3.463463e-01  1.780841e-01 -4.251921e-01 2.125023e-01
 3.473473e-01  1.014033e-01 -4.514717e-01 2.141093e-01
 3.483483e-01  2.116523e-02 -4.638606e-01 2.156147e-01
 3.493493e-01 -6.010327e-02 -4.619626e-01 2.170219e-01
 3.503504e-01 -1.398541e-01 -4.458407e-01 2.183331e-01
 3.513514e-01 -2.156008e-01 -4.160113e-01 2.195491e-01
 3.523524e-01 -2.849989e-01 -3.734221e-01 2.206685e-01
 3.533534e-01 -3.459196e-01 -3.194177e-01 2.216880e-01
 3.543544e-01 -3.965153e-01 -2.556913e-01 2.226024e-01
 3.553554e-01 -4.352757e-01 -1.842269e-01 2.234045e-01
 3.563564e-01 -4.610711e-01 -1.072324e-01 2.240853e-01
 3.573574e-01 -4.731830e-01 -2.706688e-02 2.246348e-01
 3.583584e-01 -4.713212e-01  5.383544e-02 2.250419e-01
 3.593594e-01 -4.556262e-01  1.330426e-01 2.252956e-01
 3.603604e-01 -4.266589e-01  2.082003e-01 2.253852e-01
 3.613614e-01 -3.853760e-01  2.771040e-01 2.253013e-01
 3.623624e-01 -3.330946e-01  3.377638e-01 2.250365e-01
 3.633634e-01 -2.714455e-01  3.884626e-01 2.245859e-01
 3.643644e-01 -2.023179e-01  4.278030e-01 2.239479e-01
 3.653654e-01 -1.277974e-01  4.547443e-01 2.231245e-01
 3.663664e-01 -5.009941e-02  4.686275e-01 2.221217e-01
 3.673674e-01  2.850011e-02  4.691875e-01 2.209492e-01
 3.683684e-01  1.057339e-01  4.565536e-01 2.196209e-01
 3.693694e-01  1.794107e-01  4.312373e-01 2.181538e-01
 3.703704e-01  2.474789e-01  3.941095e-01 2.165681e-01
 3.713714e-01  3.080838e-01  3.463669e-01 2.148857e-01
 3.723724e-01  3.596181e-01  2.894902e-01 2.131298e-01
 3.733734e-01  4.007629e-01  2.251939e-01 2.113232e-01
 3.743744e-01  4.305201e-01  1.553716e-01 2.094879e-01
 3.753754e-01  4.482330e-01  8.203645e-02 2.076428e-01
 3.763764e-01  4.535978e-01  7.261017e-03 2.058037e-01
 3.773774e-01  4.466632e-01 -6.688412e-02 2.039815e-01
 3.783784e-01  4.278204e-01 -1.383891e-01 2.021819e-01
 3.793794e-01  3.977833e-01 -2.053603e-01 2.004044e-01
 3.803804e-01  3.575596e-01 -2.660709e-01 1.986426e-01
 3.813814e-01  3.084154e-01 -3.190047e-01 1.968840e-01
 3.823824e-01  2.518319e-01 -3.628930e-01 1.951106e-01
 3.833834e-01  1.894589e-01 -3.967433e-01 1.932999e-01
 3.843844e-01  1.230643e-01 -4.198583e-01 1.914258e-01
 3.853854e-01  5.448165e-02 -4.318473e-01 1.894603e-01
 3.863864e-01 -1.444195e-02 -4.326277e-01 1.873753e-01
 3.873874e-01 -8.189649e-02 -4.224180e-01 1.851440e-01
 3.883884e-01 -1.461573e-01 -4.017228e-01 1.827432e-01
 3.893894e-01 -2.056291e-01 -3.713104e-01 1.801548e-01
 3.903904e-01 -2.588847e-01 -3.321838e-01 1.773674e-01
 3.913914e-01 -3.046983e-01 -2.855462e-01 1.743777e-01
 3.923924e-01 -3.420714e-01 -2.327625e-01 1.711912e-01
 3.933934e-01 -3.702519e-01 -1.753180e-01 1.678229e-01
 3.943944e-01 -3.887460e-01 -1.147746e-01 1.642967e-01
 3.953954e-01 -3.973223e-01 -5.272770e-02 1.606452e-01
 3.963964e-01 -3.960092e-01  9.237339e-03 1.569086e-01
 3.973974e-01 -3.850848e-01  6.958567e-02 1.531325e-01
 3.983984e-01 -3.650615e-01  1.268713e-01 1.493662e-01
 3.993994e-01 -3.366640e-01  1.797712e-01 1.456603e-01
 4.004004e-01 -3.008035e-01  2.271147e-01 1.420638e-01
 4.014014e-01 -2.585474e-01  2.679082e-01 1.386216e-01
 4.024024e-01 -2.110867e-01  3.013537e-01 1.353716e-01
 4.034034e-01 -1.597011e-01  3.268616e-01 1.323429e-01
 4.044044e-01 -1.057239e-01  3.440577e-01 1.295533e-01
 4.054054e-01 -5.050609e-02  3.527847e-01 1.270079e-01
 4.064064e-01  4.617266e-03  3.530971e-01 1.246989e-01
 4.074074e-01  5.835988e-02  3.452518e-01 1.226047e-01
 4.084084e-01  1.095137e-01  3.296938e-01 1.206912e-01
 4.094094e-01  1.569752e-01  3.070374e-01 1.189132e-01
 4.104104e-01  1.997684e-01  2.780447e-01 1.172162e-01
 4.114114e-01  2.370624e-01  2.436002e-01 1.155396e-01
 4.124124e-01  2.681861e-01  2.046851e-01 1.138198e-01
 4.134134e-01  2.926371e-01  1.623490e-01 1.119937e-01
 4.144144e-01  3.100862e-01  1.176819e-01 1.100025e-01
 4.154154e-01  3.203780e-01  7.178625e-02 1.077953e-01
 4.164164e-01  3.235269e-01  2.575044e-02 1.053328e-01
 4.174174e-01  3.197088e-01 -1.937661e-02 1.025892e-01
 4.184184e-01  3.092498e-01 -6.260837e-02 9.955528e-02
 4.194194e-01  2.926121e-01 -1.030411e-01 9.623931e-02
 4.204204e-01  2.703763e-01 -1.398714e-01 9.266734e-02
 4.214214e-01  2.432230e-01 -1.724100e-01 8.888263e-02
 4.224224e-01  2.119122e-01 -2.000931e-01 8.494400e-02
 4.234234e-01  1.772622e-01 -2.224889e-01 8.092319e-02
 4.244244e-01  1.401282e-01 -2.393020e-01 7.690138e-02
 4.254254e-01  1.013812e-01 -2.503736e-01 7.296511e-02
 4.264264e-01  6.188743e-02 -2.556787e-01 6.920164e-02
 4.274274e-01  2.248933e-02 -2.553203e-01 6.569421e-02
 4.284284e-01 -1.601190e-02 -2.495212e-01 6.251720e-02
 4.294294e-01 -5.287210e-02 -2.386134e-01 5.973181e-02
 4.304304e-01 -8.741748e-02 -2.230253e-01 5.738212e-02
 4.314314e-01 -1.190558e-01 -2.032680e-01 5.549216e-02
 4.324324e-01 -1.472848e-01 -1.799196e-01 5.406389e-02
 4.334334e-01 -1.716985e-01 -1.536101e-01 5.307644e-02
 4.344344e-01 -1.919906e-01 -1.250044e-01 5.248648e-02
 4.354354e-01 -2.079553e-01 -9.478717e-02 5.223002e-02
 4.364364e-01 -2.194867e-01 -6.364672e-02 5.222532e-02
 4.374374e-01 -2.265747e-01 -3.226049e-02 5.237685e-02
 4.384384e-01 -2.293003e-01 -1.281185e-03 5.258027e-02
 4.394394e-01 -2.278280e-01  2.867541e-02 5.272790e-02
 4.404404e-01 -2.223980e-01  5.704156e-02 5.271460e-02
 4.414414e-01 -2.133159e-01  8.330664e-02 5.244365e-02
 4.424424e-01 -2.009428e-01  1.070249e-01 5.183235e-02
 4.434434e-01 -1.856844e-01  1.278209e-01 5.081688e-02
 4.444444e-01 -1.679792e-01  1.453938e-01 4.935635e-02
 4.454454e-01 -1.482876e-01  1.595192e-01 4.743558e-02
 4.464464e-01 -1.270809e-01  1.700501e-01 4.506660e-02
 4.474474e-01 -1.048306e-01  1.769154e-01 4.228851e-02
 4.484484e-01 -8.199871e-02  1.801174e-01 3.916608e-02
 4.494494e-01 -5.902870e-02  1.797282e-01 3.578662e-02
 4.504505e-01 -3.633741e-02  1.758845e-01 3.225577e-02
 4.514515e-01 -1.430829e-02  1.687817e-01 2.869197e-02
 4.524525e-01  6.714397e-03  1.586671e-01 2.522034e-02
 4.534535e-01  2.642996e-02  1.458329e-01 2.196579e-02
 4.544545e-01  4.458457e-02  1.306083e-01 1.904631e-02
 4.554555e-01  6.097319e-02  1.133513e-01 1.656625e-02
 4.564565e-01  7.544042e-02  9.444151e-02 1.461046e-02
 4.574575e-01  8.788010e-02  7.427153e-02 1.323917e-02
 4.584585e-01  9.823396e-02  5.324000e-02 1.248441e-02
 4.594595e-01  1.064892e-01  3.174395e-02 1.234763e-02
 4.604605e-01  1.126755e-01  1.017248e-02 1.279925e-02
 4.614615e-01  1.168609e-01 -1.109969e-02 1.377967e-02
 4.624625e-01  1.191474e-01 -3.171741e-02 1.520210e-02
 4.634635e-01  1.196662e-01 -5.135019e-02 1.695685e-02
 4.644645e-01  1.185724e-01 -6.969593e-02 1.891693e-02
 4.654655e-01  1.160393e-01 -8.648467e-02 2.094472e-02
 4.664665e-01  1.122536e-01 -1.014808e-01 2.289920e-02
 4.674675e-01  1.074093e-01 -1.144852e-01 2.464361e-02
 4.684685e-01  1.017032e-01 -1.253364e-01 2.605275e-02
 4.694695e-01  9.532949e-02 -1.339112e-01 2.701992e-02
 4.704705e-01  8.847550e-02 -1.401245e-01 2.746279e-02
 4.714715e-01  8.131749e-02 -1.439290e-01 2.732810e-02
 4.724725e-01  7.401729e-02 -1.453139e-01 2.659468e-02
 4.734735e-01  6.671908e-02 -1.443036e-01 2.527496e-02
 4.744745e-01  5.954733e-02 -1.409556e-01 2.341438e-02
 4.754755e-01  5.260463e-02 -1.353592e-01 2.108936e-02
 4.764765e-01  4.597109e-02 -1.276318e-01 1.840323e-02
 4.774775e-01  3.970325e-02 -1.179179e-01 1.548097e-02
 4.784785e-01  3.383491e-02 -1.063848e-01 1.246253e-02
 4.794795e-01  2.837697e-02 -9.322161e-02 9.495520e-03
 4.804805e-01  2.331985e-02 -7.863465e-02 6.727223e-03
 4.814815e-01  1.863360e-02 -6.284616e-02 4.296851e-03
 4.824825e-01  1.427260e-02 -4.609004e-02 2.327999e-03
 4.834835e-01  1.017407e-02 -2.861103e-02 9.221026e-04
 4.844845e-01  6.268884e-03 -1.065705e-02 1.528716e-04
 4.854855e-01  2.457452e-03  7.483021e-03 6.203468e-05
 4.864865e-01 -1.421148e-03  2.516283e-02 6.351879e-04
 4.874875e-01 -5.297992e-03  4.130358e-02 1.734054e-03
 4.884885e-01 -9.057320e-03  5.486245e-02 3.091923e-03
 4.894895e-01 -1.258406e-02  6.496412e-02 4.378695e-03
 4.904905e-01 -1.575240e-02  7.094727e-02 5.281654e-03
 4.914915e-01 -1.843212e-02  7.240949e-02 5.582877e-03
 4.924925e-01 -2.048926e-02  6.923308e-02 5.213029e-03
 4.934935e-01 -2.179382e-02  6.159300e-02 4.268669e-03
 4.944945e-01 -2.222667e-02  4.994858e-02 2.988885e-03
 4.954955e-01 -2.168997e-02  3.501428e-02 1.696455e-03
 4.964965e-01 -2.011744e-02  1.771855e-02 7.186584e-04
 4.974975e-01 -1.748516e-02 -8.557804e-04 3.064631e-04
 4.984985e-01 -1.382103e-02 -1.953541e-02 5.726533e-04
 4.994995e-01 -9.211987e-03 -3.713300e-02 1.463721e-03
 5.005005e-01 -3.808253e-03 -5.251768e-02 2.772609e-03
 5.015015e-01  2.177149e-03 -6.469087e-02 4.189648e-03
 5.025025e-01  8.472695e-03 -7.284513e-02 5.378200e-03
 5.035035e-01  1.475891e-02 -7.642233e-02 6.058198e-03
 5.045045e-01  2.068220e-02 -7.514446e-02 6.074443e-03
 5.055055e-01  2.587495e-02 -6.904172e-02 5.436273e-03
 5.065065e-01  2.997659e-02 -5.844481e-02 4.314392e-03
 5.075075e-01  3.265964e-02 -4.397847e-02 3.000757e-03
 5.085085e-01  3.365243e-02 -2.651238e-02 1.835392e-03
 5.095095e-01  3.276522e-02 -7.126068e-03 1.124340e-03
 5.105105e-01  2.990681e-02  1.297734e-02 1.062829e-03
 5.115115e-01  2.510442e-02  3.251740e-02 1.687613e-03
 5.125125e-01  1.850560e-02  5.025412e-02 2.867934e-03
 5.135135e-01  1.038893e-02  6.501011e-02 4.334245e-03
 5.145145e-01  1.139670e-03  7.583800e-02 5.752701e-03
 5.155155e-01 -8.732599e-03  8.190096e-02 6.784026e-03
 5.165165e-01 -1.876933e-02  8.326347e-02 7.285094e-03
 5.175175e-01 -2.914108e-02  8.298152e-02 7.735135e-03
 5.185185e-01 -3.977488e-02  8.149111e-02 8.222842e-03
 5.195195e-01 -5.050838e-02  7.863562e-02 8.734658e-03
 5.205205e-01 -6.118273e-02  7.439945e-02 9.278605e-03
 5.215215e-01 -7.161843e-02  6.872783e-02 9.852714e-03
 5.225225e-01 -8.163098e-02  6.162160e-02 1.046084e-02
 5.235235e-01 -9.102484e-02  5.308263e-02 1.110329e-02
 5.245245e-01 -9.960208e-02  4.315412e-02 1.178285e-02
 5.255255e-01 -1.071613e-01  3.189420e-02 1.250078e-02
 5.265265e-01 -1.135042e-01  1.939828e-02 1.325949e-02
 5.275275e-01 -1.184371e-01  5.783129e-03 1.406079e-02
 5.285285e-01 -1.217767e-01 -8.799439e-03 1.490701e-02
 5.295295e-01 -1.233529e-01 -2.417393e-02 1.580032e-02
 5.305305e-01 -1.230141e-01 -4.013277e-02 1.674311e-02
 5.315315e-01 -1.206307e-01 -5.644565e-02 1.773787e-02
 5.325325e-01 -1.161002e-01 -7.285488e-02 1.878709e-02
 5.335335e-01 -1.093506e-01 -8.908412e-02 1.989353e-02
 5.345345e-01 -1.003451e-01 -1.048366e-01 2.105984e-02
 5.355355e-01 -8.908482e-02 -1.198039e-01 2.228907e-02
 5.365365e-01 -7.561285e-02 -1.336666e-01 2.358405e-02
 5.375375e-01 -6.001597e-02 -1.461033e-01 2.494808e-02
 5.385385e-01 -4.242729e-02 -1.567933e-01 2.638422e-02
 5.395395e-01 -2.302684e-02 -1.654261e-01 2.789601e-02
 5.405405e-01 -2.042372e-03 -1.717050e-01 2.948678e-02
 5.415415e-01  2.025171e-02 -1.753573e-01 3.116032e-02
 5.425425e-01  4.353561e-02 -1.761388e-01 3.292022e-02
 5.435435e-01  6.744723e-02 -1.738431e-01 3.477054e-02
 5.445445e-01  9.158569e-02 -1.683069e-01 3.671514e-02
 5.455455e-01  1.155166e-01 -1.594185e-01 3.875835e-02
 5.465465e-01  1.387778e-01 -1.471226e-01 4.090436e-02
 5.475475e-01  1.608871e-01 -1.314271e-01 4.315773e-02
 5.485485e-01  1.813499e-01 -1.124064e-01 4.552299e-02
 5.495495e-01  1.996689e-01 -9.020696e-02 4.800497e-02
 5.505506e-01  2.153538e-01 -6.504809e-02 5.060853e-02
 5.515516e-01  2.279323e-01 -3.722441e-02 5.333879e-02
 5.525526e-01  2.369609e-01 -7.104371e-03 5.620093e-02
 5.535536e-01  2.420368e-01  2.487074e-02 5.920037e-02
 5.545546e-01  2.428094e-01  5.819156e-02 6.234265e-02
 5.555556e-01  2.389914e-01  9.228532e-02 6.563346e-02
 5.565566e-01  2.303700e-01  1.265241e-01 6.907871e-02
 5.575576e-01  2.168171e-01  1.602334e-01 7.268438e-02
 5.585586e-01  1.982978e-01  1.927037e-01 7.645674e-02
 5.595596e-01  1.748789e-01  2.232027e-01 8.040209e-02
 5.605606e-01  1.467344e-01  2.509901e-01 8.452702e-02
 5.615616e-01  1.141497e-01  2.753326e-01 8.883817e-02
 5.625626e-01  7.752347e-02  2.955209e-01 9.334247e-02
 5.635636e-01  3.736747e-02  3.108867e-01 9.804688e-02
 5.645646e-01 -5.697148e-03  3.208212e-01 1.029587e-01
 5.655656e-01 -5.094543e-02  3.247918e-01 1.080851e-01
 5.665666e-01 -9.755756e-02  3.223606e-01 1.134338e-01
 5.675676e-01 -1.446304e-01  3.132003e-01 1.190124e-01
 5.685686e-01 -1.911923e-01  2.971098e-01 1.248287e-01
 5.695696e-01 -2.362198e-01  2.740274e-01 1.308908e-01
 5.705706e-01 -2.786580e-01  2.440420e-01 1.372068e-01
 5.715716e-01 -3.174420e-01  2.074018e-01 1.437849e-01
 5.725726e-01 -3.515211e-01  1.645194e-01 1.506337e-01
 5.735736e-01 -3.798840e-01  1.159735e-01 1.577617e-01
 5.745746e-01 -4.015851e-01  6.250717e-02 1.651777e-01
 5.755756e-01 -4.157708e-01  5.021221e-03 1.728906e-01
 5.765766e-01 -4.217062e-01 -5.543592e-02 1.809093e-01
 5.775776e-01 -4.188001e-01 -1.176833e-01 1.892429e-01
 5.785786e-01 -4.066289e-01 -1.804264e-01 1.979008e-01
 5.795796e-01 -3.849576e-01 -2.422805e-01 2.068922e-01
 5.805806e-01 -3.537580e-01 -3.017978e-01 2.162267e-01
 5.815816e-01 -3.132231e-01 -3.574983e-01 2.259138e-01
 5.825826e-01 -2.637766e-01 -4.079032e-01 2.359631e-01
 5.835836e-01 -2.060778e-01 -4.515711e-01 2.463845e-01
 5.845846e-01 -1.410206e-01 -4.871354e-01 2.571877e-01
 5.855856e-01 -6.972690e-02 -5.133427e-01 2.683826e-01
 5.865866e-01  6.466949e-03 -5.290911e-01 2.799792e-01
 5.875876e-01  8.602927e-02 -5.334665e-01 2.919875e-01
 5.885886e-01  1.672589e-01 -5.257774e-01 3.044175e-01
 5.895896e-01  2.483173e-01 -5.055866e-01 3.172793e-01
 5.905906e-01  3.272655e-01 -4.727369e-01 3.305829e-01
 5.915916e-01  4.021077e-01 -4.273734e-01 3.443386e-01
 5.925926e-01  4.708373e-01 -3.699575e-01 3.585563e-01
 5.935936e-01  5.314880e-01 -3.012751e-01 3.732462e-01
 5.945946e-01  5.821859e-01 -2.224360e-01 3.884182e-01
 5.955956e-01  6.212037e-01 -1.348646e-01 4.040825e-01
 5.965966e-01  6.470134e-01 -4.028237e-02 4.202490e-01
 5.975976e-01  6.583379e-01  5.931912e-02 4.369275e-01
 5.985986e-01  6.541990e-01  1.617142e-01 4.541279e-01
 5.995996e-01  6.339608e-01  2.644874e-01 4.718598e-01
 6.006006e-01  5.973654e-01  3.650857e-01 4.901330e-01
 6.016016e-01  5.445625e-01  4.608780e-01 5.089568e-01
 6.026026e-01  4.761283e-01  5.492199e-01 5.283407e-01
 6.036036e-01  3.930745e-01  6.275238e-01 5.482937e-01
 6.046046e-01  2.968464e-01  6.933305e-01 5.688250e-01
 6.056056e-01  1.893079e-01  7.443829e-01 5.899433e-01
 6.066066e-01  7.271518e-02  7.786975e-01 6.116574e-01
 6.076076e-01 -5.032259e-02  7.946339e-01 6.339755e-01
 6.086086e-01 -1.768949e-01  7.909577e-01 6.569059e-01
 6.096096e-01 -3.038527e-01  7.668964e-01 6.804565e-01
 6.106106e-01 -4.278814e-01  7.221859e-01 7.046350e-01
 6.116116e-01 -5.455837e-01  6.571052e-01 7.294488e-01
 6.126126e-01 -6.535685e-01  5.724973e-01 7.549049e-01
 6.136136e-01 -7.485454e-01  4.697765e-01 7.810102e-01
 6.146146e-01 -8.274220e-01  3.509186e-01 8.077709e-01
 6.156156e-01 -8.874004e-01  2.184351e-01 8.351933e-01
 6.166166e-01 -9.260714e-01  7.533085e-02 8.632830e-01
 6.176176e-01 -9.415025e-01 -7.495547e-02 8.920453e-01
 6.186186e-01 -9.323171e-01 -2.286266e-01 9.214853e-01
 6.196196e-01 -8.977617e-01 -3.816165e-01 9.516073e-01
 6.206206e-01 -8.377596e-01 -5.296927e-01 9.824155e-01
 6.216216e-01 -7.529461e-01 -6.685698e-01 1.013913e+00
 6.226226e-01 -6.446866e-01 -7.940300e-01 1.046104e+00
 6.236236e-01 -5.150725e-01 -9.020484e-01 1.078991e+00
 6.246246e-01 -3.668963e-01 -9.889198e-01 1.112575e+00
 6.256256e-01 -2.036042e-01 -1.051382e+00 1.146859e+00
 6.266266e-01 -2.922702e-02 -1.086733e+00 1.181844e+00
 6.276276e-01  1.517109e-01 -1.092938e+00 1.217530e+00
 6.286286e-01  3.343015e-01 -1.068718e+00 1.253917e+00
 6.296296e-01  5.133804e-01 -1.013630e+00 1.291004e+00
 6.306306e-01  6.836688e-01 -9.281105e-01 1.328792e+00
 6.316316e-01  8.399260e-01 -8.135121e-01 1.367278e+00
 6.326326e-01  9.771086e-01 -6.720994e-01 1.406459e+00
 6.336336e-01  1.090532e+00 -5.070246e-01 1.446333e+00
 6.346346e-01  1.176026e+00 -3.222721e-01 1.486896e+00
 6.356356e-01  1.230089e+00 -1.225749e-01 1.528145e+00
 6.366366e-01  1.250023e+00  8.669642e-02 1.570073e+00
 6.376376e-01  1.234048e+00  2.996698e-01 1.612677e+00
 6.386386e-01  1.181404e+00  5.101306e-01 1.655949e+00
 6.396396e-01  1.092414e+00  7.116982e-01 1.699883e+00
 6.406406e-01  9.685227e-01  8.980170e-01 1.744471e+00
 6.416416e-01  8.122997e-01  1.062955e+00 1.789705e+00
 6.426426e-01  6.274068e-01  1.200807e+00 1.835577e+00
 6.436436e-01  4.185292e-01  1.306487e+00 1.882076e+00
 6.446446e-01  1.912711e-01  1.375721e+00 1.929193e+00
 6.456456e-01 -4.798378e-02  1.405209e+00 1.976916e+00
 6.466466e-01 -2.922426e-01  1.392777e+00 2.025234e+00
 6.476476e-01 -5.341017e-01  1.337486e+00 2.074134e+00
 6.486486e-01 -7.659669e-01  1.239717e+00 2.123604e+00
 6.496496e-01 -9.802898e-01  1.101209e+00 2.173629e+00
 6.506507e-01 -1.169814e+00  9.250574e-01 2.224195e+00
 6.516517e-01 -1.327819e+00  7.156694e-01 2.275287e+00
 6.526527e-01 -1.448366e+00  4.786694e-01 2.326889e+00
 6.536537e-01 -1.526515e+00  2.207640e-01 2.378985e+00
 6.546547e-01 -1.558529e+00 -5.043625e-02 2.431556e+00
 6.556557e-01 -1.542043e+00 -3.266330e-01 2.484586e+00
 6.566567e-01 -1.476194e+00 -5.990883e-01 2.538055e+00
 6.576577e-01 -1.361705e+00 -8.588979e-01 2.591945e+00
 6.586587e-01 -1.200920e+00 -1.097281e+00 2.646235e+00
 6.596597e-01 -9.977872e-01 -1.305881e+00 2.700904e+00
 6.606607e-01 -7.577838e-01 -1.477057e+00 2.755933e+00
 6.616617e-01 -4.877867e-01 -1.604170e+00 2.811297e+00
 6.626627e-01 -1.958903e-01 -1.681845e+00 2.866977e+00
 6.636637e-01  1.088244e-01 -1.706196e+00 2.922947e+00
 6.646647e-01  4.165651e-01 -1.675010e+00 2.979184e+00
 6.656657e-01  7.171385e-01 -1.587885e+00 3.035665e+00
 6.666667e-01  1.000286e+00 -1.446303e+00 3.092365e+00
 6.676677e-01  1.256037e+00 -1.253646e+00 3.149258e+00
 6.686687e-01  1.475060e+00 -1.015143e+00 3.206318e+00
 6.696697e-01  1.649014e+00 -7.377484e-01 3.263520e+00
 6.706707e-01  1.770867e+00 -4.299593e-01 3.320836e+00
 6.716717e-01  1.835190e+00 -1.015687e-01 3.378239e+00
 6.726727e-01  1.838397e+00  2.366372e-01 3.435702e+00
 6.736737e-01  1.778934e+00  5.732270e-01 3.493196e+00
 6.746747e-01  1.657397e+00  8.965085e-01 3.550693e+00
 6.756757e-01  1.476581e+00  1.194936e+00 3.608164e+00
 6.766767e-01  1.241450e+00  1.457527e+00 3.665581e+00
 6.776777e-01  9.590220e-01  1.674273e+00 3.722913e+00
 6.786787e-01  6.381878e-01  1.836531e+00 3.780130e+00
 6.796797e-01  2.894411e-01  1.937377e+00 3.837204e+00
 6.806807e-01 -7.545084e-02  1.971905e+00 3.894103e+00
 6.816817e-01 -4.438374e-01  1.937474e+00 3.950797e+00
 6.826827e-01 -8.026206e-01  1.833864e+00 4.007255e+00
 6.836837e-01 -1.138722e+00  1.663358e+00 4.063447e+00
 6.846847e-01 -1.439563e+00  1.430734e+00 4.119341e+00
 6.856857e-01 -1.693549e+00  1.143154e+00 4.174907e+00
 6.866867e-01 -1.890518e+00  8.099717e-01 4.230114e+00
 6.876877e-01 -2.022170e+00  4.424444e-01 4.284929e+00
 6.886887e-01 -2.082421e+00  5.336453e-02 4.339323e+00
 6.896897e-01 -2.067694e+00 -3.433761e-01 4.393264e+00
 6.906907e-01 -1.977124e+00 -7.332798e-01 4.446720e+00
 6.916917e-01 -1.812665e+00 -1.101774e+00 4.499662e+00
 6.926927e-01 -1.579086e+00 -1.434763e+00 4.552058e+00
 6.936937e-01 -1.283869e+00 -1.719174e+00 4.603877e+00
 6.946947e-01 -9.369895e-01 -1.943486e+00 4.655088e+00
 6.956957e-01 -5.506043e-01 -2.098213e+00 4.705662e+00
 6.966967e-01 -1.386344e-01 -2.176315e+00 4.755568e+00
 6.976977e-01  2.837264e-01 -2.173540e+00 4.804776e+00
 6.986987e-01  7.005685e-01 -2.088650e+00 4.853257e+00
 6.996997e-01  1.095869e+00 -1.923552e+00 4.900981e+00
 7.007007e-01  1.454113e+00 -1.683293e+00 4.947919e+00
 7.017017e-01  1.760917e+00 -1.375942e+00 4.994044e+00
 7.027027e-01  2.003618e+00 -1.012344e+00 5.039326e+00
 7.037037e-01  2.171819e+00 -6.057567e-01 5.083738e+00
 7.047047e-01  2.257849e+00 -1.713799e-01 5.127254e+00
 7.057057e-01  2.257135e+00  2.742026e-01 5.169845e+00
 7.067067e-01  2.168451e+00  7.136551e-01 5.211486e+00
 7.077077e-01  1.994048e+00  1.129568e+00 5.252151e+00
 7.087087e-01  1.739633e+00  1.505155e+00 5.291815e+00
 7.097097e-01  1.414220e+00  1.824948e+00 5.330453e+00
 7.107107e-01  1.029836e+00  2.075447e+00 5.368042e+00
 7.117117e-01  6.010898e-01  2.245718e+00 5.404559e+00
 7.127127e-01  1.446389e-01  2.327887e+00 5.439980e+00
 7.137137e-01 -3.214570e-01  2.317531e+00 5.474284e+00
 7.147147e-01 -7.784474e-01  2.213926e+00 5.507450e+00
 7.157157e-01 -1.207651e+00  2.020157e+00 5.539456e+00
 7.167167e-01 -1.591232e+00  1.743062e+00 5.570285e+00
 7.177177e-01 -1.912956e+00  1.393023e+00 5.599916e+00
 7.187187e-01 -2.158901e+00  9.836033e-01 5.628331e+00
 7.197197e-01 -2.318084e+00  5.310365e-01 5.655513e+00
 7.207207e-01 -2.382976e+00  5.359844e-02 5.681446e+00
 7.217217e-01 -2.349886e+00 -4.291275e-01 5.706114e+00
 7.227227e-01 -2.219188e+00 -8.970551e-01 5.729502e+00
 7.237237e-01 -1.995376e+00 -1.330440e+00 5.751597e+00
 7.247247e-01 -1.686950e+00 -1.710727e+00 5.772384e+00
 7.257257e-01 -1.306116e+00 -2.021365e+00 5.791853e+00
 7.267267e-01 -8.683319e-01 -2.248553e+00 5.809991e+00
 7.277277e-01 -3.916944e-01 -2.381882e+00 5.826788e+00
 7.287287e-01  1.038010e-01 -2.414842e+00 5.842235e+00
 7.297297e-01  5.970953e-01 -2.345165e+00 5.856324e+00
 7.307307e-01  1.066967e+00 -2.175001e+00 5.869047e+00
 7.317317e-01  1.492956e+00 -1.910885e+00 5.880397e+00
 7.327327e-01  1.856276e+00 -1.563524e+00 5.890369e+00
 7.337337e-01  2.140666e+00 -1.147392e+00 5.898959e+00
 7.347347e-01  2.333146e+00 -6.801417e-01 5.906161e+00
 7.357357e-01  2.424644e+00 -1.818723e-01 5.911974e+00
 7.367367e-01  2.410455e+00  3.257294e-01 5.916395e+00
 7.377377e-01  2.290518e+00  8.203358e-01 5.919424e+00
 7.387387e-01  2.069478e+00  1.279970e+00 5.921060e+00
 7.397397e-01  1.756546e+00  1.683999e+00 5.921306e+00
 7.407407e-01  1.365145e+00  2.014086e+00 5.920163e+00
 7.417417e-01  9.123603e-01  2.255046e+00 5.917633e+00
 7.427427e-01  4.182044e-01  2.395585e+00 5.913722e+00
 7.437437e-01 -9.525301e-02  2.428860e+00 5.908433e+00
 7.447447e-01 -6.048721e-01  2.352850e+00 5.901773e+00
 7.457457e-01 -1.087493e+00  2.170508e+00 5.893746e+00
 7.467467e-01 -1.521002e+00  1.889687e+00 5.884362e+00
 7.477477e-01 -1.885370e+00  1.522829e+00 5.873628e+00
 7.487487e-01 -2.163605e+00  1.086447e+00 5.861554e+00
 7.497497e-01 -2.342578e+00  6.003970e-01 5.848151e+00
 7.507508e-01 -2.413682e+00  8.698688e-02 5.833429e+00
 7.517518e-01 -2.373281e+00 -4.300427e-01 5.817400e+00
 7.527528e-01 -2.222937e+00 -9.266222e-01 5.800078e+00
 7.537538e-01 -1.969388e+00 -1.379487e+00 5.781476e+00
 7.547548e-01 -1.624282e+00 -1.767290e+00 5.761607e+00
 7.557558e-01 -1.203667e+00 -2.071635e+00 5.740486e+00
 7.567568e-01 -7.272730e-01 -2.277982e+00 5.718129e+00
 7.577578e-01 -2.175932e-01 -2.376385e+00 5.694552e+00
 7.587588e-01  3.011673e-01 -2.362006e+00 5.669774e+00
 7.597598e-01  8.042466e-01 -2.235397e+00 5.643813e+00
 7.607608e-01  1.267520e+00 -2.002518e+00 5.616687e+00
 7.617618e-01  1.668679e+00 -1.674493e+00 5.588416e+00
 7.627628e-01  1.988331e+00 -1.267107e+00 5.559021e+00
 7.637638e-01  2.210974e+00 -8.000725e-01 5.528521e+00
 7.647648e-01  2.325783e+00 -2.960911e-01 5.496937e+00
 7.657658e-01  2.327183e+00  2.202456e-01 5.464290e+00
 7.667668e-01  2.215158e+00  7.236561e-01 5.430602e+00
 7.677678e-01  1.995289e+00  1.189420e+00 5.395897e+00
 7.687688e-01  1.678515e+00  1.594611e+00 5.360197e+00
 7.697698e-01  1.280622e+00  1.919254e+00 5.323527e+00
 7.707708e-01  8.214746e-01  2.147346e+00 5.285913e+00
 7.717718e-01  3.240485e-01  2.267680e+00 5.247380e+00
 7.727728e-01 -1.867172e-01  2.274443e+00 5.207952e+00
 7.737738e-01 -6.851699e-01  2.167532e+00 5.167654e+00
 7.747748e-01 -1.146244e+00  1.952597e+00 5.126511e+00
 7.757758e-01 -1.546743e+00  1.640772e+00 5.084548e+00
 7.767768e-01 -1.866532e+00  1.248138e+00 5.041791e+00
 7.777778e-01 -2.089589e+00  7.949121e-01 4.998266e+00
 7.787788e-01 -2.204841e+00  3.044301e-01 4.954002e+00
 7.797798e-01 -2.206763e+00 -1.980526e-01 4.909027e+00
 7.807808e-01 -2.095678e+00 -6.866619e-01 4.863369e+00
 7.817818e-01 -1.877763e+00 -1.136249e+00 4.817057e+00
 7.827828e-01 -1.564747e+00 -1.523708e+00 4.770118e+00
 7.837838e-01 -1.173306e+00 -1.829189e+00 4.722579e+00
 7.847848e-01 -7.242080e-01 -2.037152e+00 4.674465e+00
 7.857858e-01 -2.412200e-01 -2.137198e+00 4.625802e+00
 7.867868e-01  2.501388e-01 -2.124629e+00 4.576619e+00
 7.877878e-01  7.239503e-01 -2.000710e+00 4.526943e+00
 7.887888e-01  1.155277e+00 -1.772608e+00 4.476803e+00
 7.897898e-01  1.521498e+00 -1.453022e+00 4.426230e+00
 7.907908e-01  1.803524e+00 -1.059507e+00 4.375253e+00
 7.917918e-01  1.986827e+00 -6.135319e-01 4.323902e+00
 7.927928e-01  2.062230e+00 -1.393263e-01 4.272203e+00
 7.937938e-01  2.026406e+00  3.374336e-01 4.220183e+00
 7.947948e-01  1.882061e+00  7.910190e-01 4.167865e+00
 7.957958e-01  1.637785e+00  1.197052e+00 4.115274e+00
 7.967968e-01  1.307582e+00  1.533840e+00 4.062437e+00
 7.977978e-01  9.100977e-01  1.783564e+00 4.009379e+00
 7.987988e-01  4.675891e-01  1.933259e+00 3.956131e+00
 7.997998e-01  4.691632e-03  1.975525e+00 3.902722e+00
 8.008008e-01 -4.529502e-01  1.908931e+00 3.849181e+00
 8.018018e-01 -8.801113e-01  1.738085e+00 3.795535e+00
 8.028028e-01 -1.253393e+00  1.473369e+00 3.741811e+00
 8.038038e-01 -1.552530e+00  1.130345e+00 3.688029e+00
 8.048048e-01 -1.761522e+00  7.288694e-01 3.634210e+00
 8.058058e-01 -1.869527e+00  2.919627e-01 3.580375e+00
 8.068068e-01 -1.871461e+00 -1.554990e-01 3.526545e+00
 8.078078e-01 -1.768266e+00 -5.882020e-01 3.472745e+00
 8.088088e-01 -1.566843e+00 -9.818377e-01 3.419002e+00
 8.098098e-01 -1.279636e+00 -1.314487e+00 3.365343e+00
 8.108108e-01 -9.238967e-01 -1.567869e+00 3.311797e+00
 8.118118e-01 -5.206788e-01 -1.728375e+00 3.258388e+00
 8.128128e-01 -9.360400e-02 -1.787841e+00 3.205137e+00
 8.138138e-01  3.325139e-01 -1.743988e+00 3.152061e+00
 8.148148e-01  7.331155e-01 -1.600536e+00 3.099172e+00
 8.158158e-01  1.085325e+00 -1.366951e+00 3.046487e+00
 8.168168e-01  1.369280e+00 -1.057872e+00 2.994019e+00
 8.178178e-01  1.569276e+00 -6.922158e-01 2.941790e+00
 8.188188e-01  1.674673e+00 -2.920498e-01 2.889824e+00
 8.198198e-01  1.680491e+00  1.187336e-01 2.838147e+00
 8.208208e-01  1.587669e+00  5.158402e-01 2.786784e+00
 8.218218e-01  1.402978e+00  8.760194e-01 2.735757e+00
 8.228228e-01  1.138575e+00  1.178443e+00 2.685080e+00
 8.238238e-01  8.112431e-01  1.405933e+00 2.634764e+00
 8.248248e-01  4.413529e-01  1.545970e+00 2.584814e+00
 8.258258e-01  5.161035e-02  1.591406e+00 2.535235e+00
 8.268268e-01 -3.343299e-01  1.540864e+00 2.486038e+00
 8.278278e-01 -6.933037e-01  1.398773e+00 2.437236e+00
 8.288288e-01 -1.004041e+00  1.175055e+00 2.388851e+00
 8.298298e-01 -1.248445e+00  8.844737e-01 2.340908e+00
 8.308308e-01 -1.412674e+00  5.456962e-01 2.293431e+00
 8.318318e-01 -1.487951e+00  1.801102e-01 2.246438e+00
 8.328328e-01 -1.471062e+00 -1.895126e-01 2.199937e+00
 8.338338e-01 -1.364500e+00 -5.404357e-01 2.153931e+00
 8.348348e-01 -1.176262e+00 -8.513644e-01 2.108414e+00
 8.358358e-01 -9.192980e-01 -1.103755e+00 2.063383e+00
 8.368368e-01 -6.106548e-01 -1.282942e+00 2.018839e+00
 8.378378e-01 -2.703721e-01 -1.379018e+00 1.974793e+00
 8.388388e-01  7.980508e-02 -1.387406e+00 1.931263e+00
 8.398398e-01  4.178120e-01 -1.309087e+00 1.888275e+00
 8.408408e-01  7.226591e-01 -1.150485e+00 1.845851e+00
 8.418418e-01  9.757486e-01 -9.229964e-01 1.804008e+00
 8.428428e-01  1.162028e+00 -6.422131e-01 1.762747e+00
 8.438438e-01  1.270910e+00 -3.268801e-01 1.722063e+00
 8.448448e-01  1.296894e+00  2.337967e-03 1.681938e+00
 8.458458e-01  1.239859e+00  3.242039e-01 1.642359e+00
 8.468468e-01  1.105010e+00  6.182803e-01 1.603318e+00
 8.478478e-01  9.024718e-01  8.662371e-01 1.564822e+00
 8.488488e-01  6.465737e-01  1.053011e+00 1.526889e+00
 8.498498e-01  3.548676e-01  1.167739e+00 1.489546e+00
 8.508509e-01  4.694214e-02  1.204414e+00 1.452818e+00
 8.518519e-01 -2.568831e-01  1.162209e+00 1.416718e+00
 8.528529e-01 -5.368980e-01  1.045460e+00 1.381247e+00
 8.538539e-01 -7.752883e-01  8.633149e-01 1.346385e+00
 8.548549e-01 -9.572833e-01  6.290576e-01 1.312105e+00
 8.558559e-01 -1.072089e+00  3.591747e-01 1.278380e+00
 8.568569e-01 -1.113545e+00  7.221480e-02 1.245196e+00
 8.578579e-01 -1.080467e+00 -2.124748e-01 1.212555e+00
 8.588589e-01 -9.766543e-01 -4.760508e-01 1.180478e+00
 8.598599e-01 -8.105530e-01 -7.014263e-01 1.148995e+00
 8.608609e-01 -5.946234e-01 -8.743906e-01 1.118136e+00
 8.618619e-01 -3.444357e-01 -9.845202e-01 1.087916e+00
 8.628629e-01 -7.756911e-02 -1.025823e+00 1.058329e+00
 8.638639e-01  1.876114e-01 -9.970702e-01 1.029347e+00
 8.648649e-01  4.332156e-01 -9.018059e-01 1.000930e+00
 8.658659e-01  6.430396e-01 -7.480226e-01 9.730378e-01
 8.668669e-01  8.036451e-01 -5.475417e-01 9.456474e-01
 8.678679e-01  9.052332e-01 -3.151379e-01 9.187591e-01
 8.688689e-01  9.422551e-01 -6.747211e-02 8.923972e-01
 8.698699e-01  9.137200e-01  1.780902e-01 8.666004e-01
 8.708709e-01  8.231821e-01  4.046930e-01 8.414052e-01
 8.718719e-01  6.784118e-01  5.971495e-01 8.168301e-01
 8.728729e-01  4.907773e-01  7.429690e-01 7.928653e-01
 8.738739e-01  2.743843e-01  8.331783e-01 7.694728e-01
 8.748749e-01  4.503676e-02  8.628847e-01 7.465982e-01
 8.758759e-01 -1.809054e-01  8.315420e-01 7.241889e-01
 8.768769e-01 -3.876890e-01  7.429061e-01 7.022122e-01
 8.778779e-01 -5.612689e-01  6.046857e-01 6.806675e-01
 8.788789e-01 -6.902685e-01  4.279191e-01 6.595854e-01
 8.798799e-01 -7.667354e-01  2.261234e-01 6.390149e-01
 8.808809e-01 -7.866380e-01  1.428126e-02 6.190032e-01
 8.818819e-01 -7.500734e-01 -1.922602e-01 5.995741e-01
 8.828829e-01 -6.611748e-01 -3.788971e-01 5.807152e-01
 8.838839e-01 -5.277296e-01 -5.328039e-01 5.623785e-01
 8.848849e-01 -3.605399e-01 -6.438213e-01 5.444948e-01
 8.858859e-01 -1.725774e-01 -7.051340e-01 5.269969e-01
 8.868869e-01  2.200459e-02 -7.136940e-01 5.098434e-01
 8.878879e-01  2.089267e-01 -6.703601e-01 4.930330e-01
 8.888889e-01  3.748275e-01 -5.797491e-01 4.766047e-01
 8.898899e-01  5.082202e-01 -4.498144e-01 4.606207e-01
 8.908909e-01  6.002930e-01 -2.911869e-01 4.451415e-01
 8.918919e-01  6.454964e-01 -1.163309e-01 4.301984e-01
 8.928929e-01  6.418768e-01  6.141827e-02 4.157780e-01
 8.938939e-01  5.911379e-01  2.288630e-01 4.018222e-01
 8.948949e-01  4.984275e-01  3.739202e-01 3.882462e-01
 8.958959e-01  3.718729e-01  4.864957e-01 3.749675e-01
 8.968969e-01  2.219028e-01  5.591908e-01 3.619352e-01
 8.978979e-01  6.041082e-02  5.877912e-01 3.491480e-01
 8.988989e-01 -1.001729e-01  5.715065e-01 3.366543e-01
 8.998999e-01 -2.478309e-01  5.129444e-01 3.245321e-01
 9.009009e-01 -3.718550e-01  4.178289e-01 3.128572e-01
 9.019019e-01 -4.636247e-01  2.944880e-01 3.016710e-01
 9.029029e-01 -5.172082e-01  1.531532e-01 2.909602e-01
 9.039039e-01 -5.297459e-01  5.130987e-03 2.806571e-01
 9.049049e-01 -5.015894e-01 -1.380902e-01 2.706608e-01
 9.059059e-01 -4.361909e-01 -2.657257e-01 2.608727e-01
 9.069069e-01 -3.397573e-01 -3.685058e-01 2.512315e-01
 9.079079e-01 -2.206988e-01 -4.393494e-01 2.417359e-01
 9.089089e-01 -8.892096e-02 -4.738537e-01 2.324442e-01
 9.099099e-01  4.498300e-02 -4.705613e-01 2.234514e-01
 9.109109e-01  1.705737e-01 -4.309937e-01 2.148509e-01
 9.119119e-01  2.783748e-01 -3.594488e-01 2.066959e-01
 9.129129e-01  3.605866e-01 -2.625874e-01 1.989748e-01
 9.139139e-01  4.116512e-01 -1.488437e-01 1.916111e-01
 9.149149e-01  4.286260e-01 -2.771107e-02 1.844881e-01
 9.159159e-01  4.113422e-01  9.103695e-02 1.774901e-01
 9.169169e-01  3.623396e-01  1.981281e-01 1.705447e-01
 9.179179e-01  2.865873e-01  2.855118e-01 1.636493e-01
 9.189189e-01  1.910194e-01  3.469633e-01 1.568719e-01
 9.199199e-01  8.392440e-02  3.785257e-01 1.503250e-01
 9.209209e-01 -2.575615e-02  3.787577e-01 1.441208e-01
 9.219219e-01 -1.291643e-01  3.487730e-01 1.383260e-01
 9.229229e-01 -2.182349e-01  2.920727e-01 1.329329e-01
 9.239239e-01 -2.863226e-01  2.141888e-01 1.278574e-01
 9.249249e-01 -3.286959e-01  1.221744e-01 1.229676e-01
 9.259259e-01 -3.428631e-01  2.398411e-02 1.181304e-01
 9.269269e-01 -3.287060e-01 -7.220089e-02 1.132606e-01
 9.279279e-01 -2.884169e-01 -1.586467e-01 1.083531e-01
 9.289289e-01 -2.262473e-01 -2.286841e-01 1.034843e-01
 9.299299e-01 -1.480951e-01 -2.772203e-01 9.878327e-02
 9.309309e-01 -6.096757e-02 -3.011060e-01 9.438187e-02
 9.319319e-01  2.763150e-02 -2.993304e-01 9.036220e-02
 9.329329e-01  1.103385e-01 -2.730341e-01 8.672219e-02
 9.339339e-01  1.805363e-01 -2.253424e-01 8.337258e-02
 9.349349e-01  2.328804e-01 -1.610397e-01 8.016709e-02
 9.359359e-01  2.637034e-01 -8.611451e-02 7.695521e-02
 9.369369e-01  2.712669e-01 -7.218794e-03 7.363786e-02
 9.379379e-01  2.558436e-01  6.891109e-02 7.020468e-02
 9.389389e-01  2.196274e-01  1.360225e-01 6.673831e-02
 9.399399e-01  1.664843e-01  1.888553e-01 6.338336e-02
 9.409409e-01  1.015691e-01  2.235504e-01 6.029106e-02
 9.419419e-01  3.084379e-02  2.379264e-01 5.756030e-02
 9.429429e-01 -3.945651e-02  2.316043e-01 5.519736e-02
 9.439439e-01 -1.033654e-01  2.059752e-01 5.311020e-02
 9.449449e-01 -1.556864e-01  1.640177e-01 5.114007e-02
 9.459459e-01 -1.924119e-01  1.099856e-01 4.911916e-02
 9.469469e-01 -2.110266e-01  4.899696e-02 4.693293e-02
 9.479479e-01 -2.106721e-01 -1.343706e-02 4.456330e-02
 9.489489e-01 -1.921626e-01 -7.190093e-02 4.209619e-02
 9.499499e-01 -1.578542e-01 -1.215384e-01 3.968953e-02
 9.509510e-01 -1.113855e-01 -1.584511e-01 3.751348e-02
 9.519520e-01 -5.731314e-02 -1.800004e-01 3.568494e-02
 9.529530e-01 -6.800880e-04 -1.849882e-01 3.422110e-02
 9.539540e-01  5.344471e-02 -1.737059e-01 3.303007e-02
 9.549550e-01  1.004134e-01 -1.478511e-01 3.194279e-02
 9.559560e-01  1.363940e-01 -1.103240e-01 3.077472e-02
 9.569570e-01  1.586794e-01 -6.492569e-02 2.939450e-02
 9.579580e-01  1.658856e-01 -1.598787e-02 2.777364e-02
 9.589590e-01  1.580256e-01  3.203023e-02 2.599803e-02
 9.599600e-01  1.364559e-01  7.494118e-02 2.423640e-02
 9.609610e-01  1.037040e-01  1.091893e-01 2.267684e-02
 9.619620e-01  6.319739e-02  1.321409e-01 2.145514e-02
 9.629630e-01  1.892045e-02  1.422807e-01 2.060177e-02
 9.639640e-01 -2.496640e-02  1.393006e-01 2.002797e-02
 9.649650e-01 -6.451021e-02  1.240773e-01 1.955675e-02
 9.659660e-01 -9.631650e-02  9.854369e-02 1.898773e-02
 9.669670e-01 -1.178367e-01  6.547033e-02 1.817184e-02
 9.679680e-01 -1.275679e-01  2.818036e-02 1.706769e-02
 9.689690e-01 -1.251500e-01 -9.774333e-03 1.575805e-02
 9.699700e-01 -1.113538e-01 -4.494435e-02 1.441967e-02
 9.709710e-01 -8.796597e-02 -7.429111e-02 1.325718e-02
 9.719720e-01 -5.758352e-02 -9.544487e-02 1.242558e-02
 9.729730e-01 -2.334172e-02 -1.068908e-01 1.197048e-02
 9.739740e-01  1.139871e-02 -1.080690e-01 1.180884e-02
 9.749750e-01  4.337368e-02 -9.938246e-02 1.175815e-02
 9.759760e-01  6.971692e-02 -8.211621e-02 1.160352e-02
 9.769770e-01  8.821286e-02 -5.827866e-02 1.117791e-02
 9.779780e-01  9.747900e-02 -3.038309e-02 1.042529e-02
 9.789790e-01  9.706314e-02 -1.192128e-03 9.422675e-03
 9.799800e-01  8.744912e-02  2.654947e-02 8.352224e-03
 9.809810e-01  6.997371e-02  5.036814e-02 7.433270e-03
 9.819820e-01  4.666557e-02  6.827798e-02 6.839557e-03
 9.829830e-01  2.002429e-02  7.894150e-02 6.632733e-03
 9.839840e-01 -7.237346e-03  8.176220e-02 6.737436e-03
 9.849850e-01 -3.246207e-02  7.690308e-02 6.967870e-03
 9.859860e-01 -5.330157e-02  6.523294e-02 7.096394e-03
 9.869870e-01 -6.793093e-02  4.820869e-02 6.938690e-03
 9.879880e-01 -7.520470e-02  2.770799e-02 6.423480e-03
 9.889890e-01 -7.474152e-02  5.830468e-03 5.620289e-03
 9.899900e-01 -6.693164e-02 -1.531205e-02 4.714303e-03
 9.909910e-01 -5.286902e-02 -3.379553e-02 3.937271e-03
 9.919920e-01 -3.421741e-02 -4.805541e-02 3.480154e-03
 9.929930e-01 -1.302539e-02 -5.701471e-02 3.420338e-03
 9.939940e-01  8.489588e-03 -6.015851e-02 3.691120e-03
 9.949950e-01  2.816623e-02 -5.755044e-02 4.105390e-03
 9.959960e-01  4.411101e-02 -4.979247e-02 4.425071e-03
 9.969970e-01  5.487606e-02 -3.793514e-02 4.450456e-03
 9.979980e-01  5.958688e-02 -2.334965e-02 4.095803e-03
 9.989990e-01  5.800908e-02 -7.576425e-03 3.422455e-03
 1.000000e+00  5.054917e-02  7.833587e-03 2.616584e-03
