# x psi_r psi_i psi2 
 0.000000e+00  9.897765e-02  1.001443e-01 1.982546e-02
 1.001001e-03  4.519929e-02  1.291302e-01 1.871758e-02
 2.002002e-03 -1.156385e-02  1.430630e-01 2.060073e-02
 3.003003e-03 -6.495866e-02  1.413808e-01 2.420816e-02
 4.004004e-03 -1.092099e-01  1.252074e-01 2.760367e-02
 5.005005e-03 -1.397333e-01  9.713720e-02 2.896103e-02
 6.006006e-03 -1.536009e-01  6.087285e-02 2.729875e-02
 7.007007e-03 -1.498115e-01  2.076031e-02 2.287448e-02
 8.008008e-03 -1.293426e-01 -1.872015e-02 1.707996e-02
 9.009009e-03 -9.498444e-02 -5.344945e-02 1.187889e-02
 1.001001e-02 -5.098028e-02 -8.009688e-02 9.014500e-03
 1.101101e-02 -2.517704e-03 -9.643476e-02 9.306001e-03
 1.201201e-02  4.486933e-02 -1.015112e-01 1.231779e-02
 1.301301e-02  8.591963e-02 -9.566959e-02 1.653485e-02
 1.401401e-02  1.162167e-01 -8.042018e-02 1.997374e-02
 1.501502e-02  1.326526e-01 -5.818822e-02 2.098258e-02
 1.601602e-02  1.337348e-01 -3.197340e-02 1.890728e-02
 1.701702e-02  1.197083e-01 -4.966108e-03 1.435473e-02
 1.801802e-02  9.248361e-02  1.983245e-02 8.946543e-03
 1.901902e-02  5.538407e-02  3.994171e-02 4.662735e-03
 2.002002e-02  1.274524e-02  5.364837e-02 3.040589e-03
 2.102102e-02 -3.058579e-02  6.014382e-02 4.552769e-03
 2.202202e-02 -6.979373e-02  5.954237e-02 8.416458e-03
 2.302302e-02 -1.006209e-01  5.278557e-02 1.291088e-02
 2.402402e-02 -1.198182e-01  4.145128e-02 1.607460e-02
 2.502503e-02 -1.254750e-01  2.749717e-02 1.650007e-02
 2.602603e-02 -1.171952e-01  1.297521e-02 1.390306e-02
 2.702703e-02 -9.610403e-02 -2.447794e-04 9.236044e-03
 2.802803e-02 -6.469174e-02 -1.070719e-02 4.299666e-03
 2.902903e-02 -2.651337e-02 -1.753024e-02 1.010268e-03
 3.003003e-02  1.421710e-02 -2.047591e-02 6.213886e-04
 3.103103e-02  5.309224e-02 -1.992542e-02 3.215808e-03
 3.203203e-02  8.598460e-02 -1.676798e-02 7.674517e-03
 3.303303e-02  1.094773e-01 -1.222206e-02 1.213466e-02
 3.403403e-02  1.212074e-01 -7.616863e-03 1.474925e-02
 3.503504e-02  1.200887e-01 -4.166158e-03 1.443864e-02
 3.603604e-02  1.063940e-01 -2.767164e-03 1.132733e-02
 3.703704e-02  8.169385e-02 -3.852869e-03 6.688730e-03
 3.803804e-02  4.866226e-02 -7.318544e-03 2.421577e-03
 3.903904e-02  1.077471e-02 -1.253267e-02 2.731622e-04
 4.004004e-02 -2.806611e-02 -1.843075e-02 1.127399e-03
 4.104104e-02 -6.393606e-02 -2.367908e-02 4.648519e-03
 4.204204e-02 -9.328386e-02 -2.688559e-02 9.424713e-03
 4.304304e-02 -1.132745e-01 -2.682845e-02 1.355088e-02
 4.404404e-02 -1.220494e-01 -2.266996e-02 1.540999e-02
 4.504505e-02 -1.188805e-01 -1.412501e-02 1.433210e-02
 4.604605e-02 -1.042085e-01 -1.558534e-03 1.086183e-02
 4.704705e-02 -7.956550e-02  1.400432e-02 6.526790e-03
 4.804805e-02 -4.739732e-02  3.096060e-02 3.205065e-03
 4.904905e-02 -1.080485e-02  4.729767e-02 2.353814e-03
 5.005005e-02  2.676450e-02  6.082860e-02 4.416457e-03
 5.105105e-02  6.184468e-02  6.946728e-02 8.650466e-03
 5.205205e-02  9.126628e-02  7.150934e-02 1.344312e-02
 5.305305e-02  1.124312e-01  6.588338e-02 1.698140e-02
 5.405405e-02  1.235242e-01  5.233906e-02 1.799762e-02
 5.505506e-02  1.236461e-01  3.154578e-02 1.628349e-02
 5.605606e-02  1.128621e-01  5.085148e-03 1.276371e-02
 5.705706e-02  9.216674e-02 -2.466675e-02 9.103156e-03
 5.805806e-02  6.337298e-02 -5.475837e-02 7.014614e-03
 5.905906e-02  2.894007e-02 -8.196178e-02 7.555262e-03
 6.006006e-02 -8.242318e-03 -1.031203e-01 1.070173e-02
 6.106106e-02 -4.509415e-02 -1.155063e-01 1.537520e-02
 6.206206e-02 -7.858968e-02 -1.171497e-01 1.990039e-02
 6.306306e-02 -1.059887e-01 -1.070969e-01 2.270335e-02
 6.406406e-02 -1.250389e-01 -8.557094e-02 2.295712e-02
 6.506507e-02 -1.341377e-01 -5.400988e-02 2.090998e-02
 6.606607e-02 -1.324438e-01 -1.497572e-02 1.776562e-02
 6.706707e-02 -1.199358e-01  2.806041e-02 1.517198e-02
 6.806807e-02 -9.741373e-02  7.103745e-02 1.453576e-02
 6.906907e-02 -6.644656e-02  1.096971e-01 1.644861e-02
 7.007007e-02 -2.926835e-02  1.400105e-01 2.045958e-02
 7.107107e-02  1.137020e-02  1.585947e-01 2.528157e-02
 7.207207e-02  5.238723e-02  1.630765e-01 2.933835e-02
 7.307307e-02  9.058223e-02  1.523637e-01 3.141985e-02
 7.407407e-02  1.228638e-01  1.267966e-01 3.117289e-02
 7.507508e-02  1.464793e-01  8.815912e-02 2.922821e-02
 7.607608e-02  1.592320e-01  3.954969e-02 2.691901e-02
 7.707708e-02  1.596703e-01 -1.488004e-02 2.571603e-02
 7.807808e-02  1.472340e-01 -7.029338e-02 2.661902e-02
 7.907908e-02  1.223434e-01 -1.216094e-01 2.975676e-02
 8.008008e-02  8.642072e-02 -1.639746e-01 3.435620e-02
 8.108108e-02  4.183535e-02 -1.932203e-01 3.908429e-02
 8.208208e-02 -8.228294e-03 -2.062633e-01 4.261224e-02
 8.308308e-02 -5.997737e-02 -2.014100e-01 4.416328e-02
 8.408408e-02 -1.092805e-01 -1.785379e-01 4.381799e-02
 8.508509e-02 -1.519841e-01 -1.391342e-01 4.245750e-02
 8.608609e-02 -1.842527e-01 -8.619127e-02 4.137799e-02
 8.708709e-02 -2.029050e-01 -2.396440e-02 4.174474e-02
 8.808809e-02 -2.057180e-01  4.238326e-02 4.411625e-02
 8.908909e-02 -1.916687e-01  1.072191e-01 4.823281e-02
 9.009009e-02 -1.610885e-01  1.649236e-01 5.314928e-02
 9.109109e-02 -1.157111e-01  2.103746e-01 5.764651e-02
 9.209209e-02 -5.860105e-02  2.393926e-01 6.074290e-02
 9.309309e-02  6.036362e-03  2.491084e-01 6.209142e-02
 9.409409e-02  7.315600e-02  2.382221e-01 6.210157e-02
 9.509510e-02  1.372624e-01  2.071332e-01 6.174513e-02
 9.609610e-02  1.928590e-01  1.579296e-01 6.213635e-02
 9.709710e-02  2.349194e-01  9.423799e-02 6.406793e-02
 9.809810e-02  2.593402e-01  2.094697e-02 6.769612e-02
 9.909910e-02  2.633329e-01 -5.617399e-02 7.249972e-02
 1.001001e-01  2.457182e-01 -1.309301e-01 7.752014e-02
 1.011011e-01  2.070924e-01 -1.971946e-01 8.177297e-02
 1.021021e-01  1.498447e-01 -2.494017e-01 8.465465e-02
 1.031031e-01  7.802025e-02 -2.830001e-01 8.617624e-02
 1.041041e-01 -2.965420e-03 -2.948316e-01 8.693445e-02
 1.051051e-01 -8.674015e-02 -2.834049e-01 8.784220e-02
 1.061061e-01 -1.664839e-01 -2.490434e-01 8.973950e-02
 1.071071e-01 -2.354911e-01 -1.938925e-01 9.305035e-02
 1.081081e-01 -2.877388e-01 -1.217862e-01 9.762551e-02
 1.091091e-01 -3.184113e-01 -3.798050e-02 1.028282e-01
 1.101101e-01 -3.243349e-01  5.122888e-02 1.078175e-01
 1.111111e-01 -3.042842e-01  1.389751e-01 1.119030e-01
 1.121121e-01 -2.591305e-01  2.183429e-01 1.148222e-01
 1.131131e-01 -1.918174e-01  2.829049e-01 1.168291e-01
 1.141141e-01 -1.071635e-01  3.272323e-01 1.185650e-01
 1.151151e-01 -1.150612e-02  3.473384e-01 1.207764e-01
 1.161161e-01  8.778602e-02  3.410215e-01 1.240020e-01
 1.171171e-01  1.828919e-01  3.080769e-01 1.283608e-01
 1.181181e-01  2.661623e-01  2.503595e-01 1.335223e-01
 1.191191e-01  3.307372e-01  1.716886e-01 1.388641e-01
 1.201201e-01  3.711072e-01  7.759809e-02 1.437420e-01
 1.211211e-01  3.835722e-01 -2.505204e-02 1.477552e-01
 1.221221e-01  3.665602e-01 -1.285757e-01 1.508981e-01
 1.231231e-01  3.207799e-01 -2.250366e-01 1.535412e-01
 1.241241e-01  2.491948e-01 -3.068560e-01 1.562587e-01
 1.251251e-01  1.568194e-01 -3.674067e-01 1.595800e-01
 1.261261e-01  5.035451e-02 -4.015451e-01 1.637741e-01
 1.271271e-01 -6.231182e-02 -4.060404e-01 1.687516e-01
 1.281281e-01 -1.726981e-01 -3.798623e-01 1.741200e-01
 1.291291e-01 -2.723730e-01 -3.243054e-01 1.793610e-01
 1.301301e-01 -3.535987e-01 -2.429341e-01 1.840490e-01
 1.311311e-01 -4.099261e-01 -1.413518e-01 1.880198e-01
 1.321321e-01 -4.366956e-01 -2.680782e-02 1.914217e-01
 1.331331e-01 -4.314056e-01  9.232902e-02 1.946355e-01
 1.341341e-01 -3.939223e-01  2.071911e-01 1.981029e-01
 1.351351e-01 -3.265117e-01  3.090798e-01 2.021402e-01
 1.361361e-01 -2.336947e-01  3.901297e-01 2.068144e-01
 1.371371e-01 -1.219326e-01  4.439163e-01 2.119292e-01
 1.381381e-01  8.324054e-04  4.659610e-01 2.171203e-01
 1.391391e-01  1.257500e-01  4.540931e-01 2.220136e-01
 1.401401e-01  2.437038e-01  4.086395e-01 2.263778e-01
 1.411411e-01  3.459785e-01  3.324270e-01 2.302088e-01
 1.421421e-01  4.249012e-01  2.305962e-01 2.337156e-01
 1.431431e-01  4.744113e-01  1.102398e-01 2.372189e-01
 1.441441e-01  4.905164e-01 -2.010723e-02 2.410106e-01
 1.451451e-01  4.716008e-01 -1.510874e-01 2.452347e-01
 1.461461e-01  4.185630e-01 -2.732043e-01 2.498356e-01
 1.471471e-01  3.347722e-01 -3.775188e-01 2.545929e-01
 1.481481e-01  2.258447e-01 -4.563058e-01 2.592208e-01
 1.491491e-01  9.925688e-02 -5.036230e-01 2.634881e-01
 1.501502e-01 -3.617828e-02 -5.157503e-01 2.673073e-01
 1.511512e-01 -1.709346e-01 -4.914674e-01 2.707588e-01
 1.521522e-01 -2.954502e-01 -4.321501e-01 2.740445e-01
 1.531532e-01 -4.008111e-01 -3.416800e-01 2.773948e-01
 1.541542e-01 -4.793911e-01 -2.261730e-01 2.809701e-01
 1.551552e-01 -5.254019e-01 -9.354866e-02 2.847985e-01
 1.561562e-01 -5.353133e-01  4.702788e-02 2.887720e-01
 1.571572e-01 -5.081142e-01  1.857922e-01 2.926988e-01
 1.581582e-01 -4.453932e-01  3.130670e-01 2.963861e-01
 1.591592e-01 -3.512360e-01  4.199416e-01 2.997176e-01
 1.601602e-01 -2.319440e-01  4.988941e-01 3.026934e-01
 1.611612e-01 -9.559772e-02  5.443166e-01 3.054195e-01
 1.621622e-01  4.850675e-02  5.529032e-01 3.080549e-01
 1.631632e-01  1.905052e-01  5.238782e-01 3.107406e-01
 1.641642e-01  3.206518e-01  4.590470e-01 3.135418e-01
 1.651652e-01  4.299954e-01  3.626695e-01 3.164252e-01
 1.661662e-01  5.109983e-01  2.411640e-01 3.192793e-01
 1.671672e-01  5.580539e-01  1.026648e-01 3.219642e-01
 1.681682e-01  5.678682e-01 -4.353618e-02 3.243696e-01
 1.691692e-01  5.396793e-01 -1.876240e-01 3.264565e-01
 1.701702e-01  4.753016e-01 -3.199281e-01 3.282655e-01
 1.711712e-01  3.789914e-01 -4.315763e-01 3.298926e-01
 1.721722e-01  2.571488e-01 -5.150910e-01 3.314442e-01
 1.731732e-01  1.178731e-01 -5.648870e-01 3.329914e-01
 1.741742e-01 -2.959116e-02 -5.776392e-01 3.345427e-01
 1.751752e-01 -1.754825e-01 -5.524952e-01 3.360451e-01
 1.761762e-01 -3.101786e-01 -4.911196e-01 3.374092e-01
 1.771772e-01 -4.248375e-01 -3.975698e-01 3.385487e-01
 1.781782e-01 -5.119794e-01 -2.780122e-01 3.394137e-01
 1.791792e-01 -5.659713e-01 -1.403001e-01 3.400077e-01
 1.801802e-01 -5.833845e-01  6.557426e-03 3.403804e-01
 1.811812e-01 -5.632004e-01  1.529981e-01 3.406030e-01
 1.821822e-01 -5.068562e-01  2.895396e-01 3.407364e-01
 1.831832e-01 -4.181279e-01  4.074014e-01 3.408068e-01
 1.841842e-01 -3.028609e-01  4.990724e-01 3.407979e-01
 1.851852e-01 -1.685695e-01  5.587891e-01 3.406609e-01
 1.861862e-01 -2.393237e-02  5.828931e-01 3.403372e-01
 1.871872e-01  1.217805e-01  5.700459e-01 3.397828e-01
 1.881882e-01  2.593116e-01  5.212895e-01 3.389853e-01
 1.891892e-01  3.800104e-01  4.399519e-01 3.379655e-01
 1.901902e-01  4.763794e-01  3.314046e-01 3.367664e-01
 1.911912e-01  5.425392e-01  2.026931e-01 3.354333e-01
 1.921922e-01  5.745814e-01  6.206393e-02 3.339957e-01
 1.931932e-01  5.707911e-01 -8.157673e-02 3.324572e-01
 1.941942e-01  5.317249e-01 -2.192379e-01 3.307967e-01
 1.951952e-01  4.601442e-01 -3.424142e-01 3.289802e-01
 1.961962e-01  3.608082e-01 -4.436145e-01 3.269764e-01
 1.971972e-01  2.401452e-01 -5.168175e-01 3.247701e-01
 1.981982e-01  1.058233e-01 -5.578250e-01 3.223672e-01
 1.991992e-01 -3.374858e-02 -5.644934e-01 3.197918e-01
 2.002002e-01 -1.699574e-01 -5.368324e-01 3.170746e-01
 2.012012e-01 -2.945253e-01 -4.769659e-01 3.142416e-01
 2.022022e-01 -4.000166e-01 -3.889622e-01 3.113048e-01
 2.032032e-01 -4.802831e-01 -2.785465e-01 3.082600e-01
 2.042042e-01 -5.308190e-01 -1.527171e-01 3.050913e-01
 2.052052e-01 -5.490068e-01 -1.929088e-02 3.017806e-01
 2.062062e-01 -5.342406e-01  1.135918e-01 2.983162e-01
 2.072072e-01 -4.879228e-01  2.379706e-01 2.946986e-01
 2.082082e-01 -4.133362e-01  3.465458e-01 2.909408e-01
 2.092092e-01 -3.154047e-01  4.331083e-01 2.870629e-01
 2.102102e-01 -2.003584e-01  4.928911e-01 2.830851e-01
 2.112112e-01 -7.532739e-02  5.228262e-01 2.790215e-01
 2.122122e-01  5.210909e-02  5.216904e-01 2.748763e-01
 2.132132e-01  1.743895e-01  4.901366e-01 2.706455e-01
 2.142142e-01  2.844231e-01  4.306099e-01 2.663214e-01
 2.152152e-01  3.760033e-01  3.471588e-01 2.618977e-01
 2.162162e-01  4.441554e-01  2.451539e-01 2.573744e-01
 2.172172e-01  4.854019e-01  1.309347e-01 2.527589e-01
 2.182182e-01  4.979300e-01  1.140907e-02 2.480644e-01
 2.192192e-01  4.816545e-01 -1.063716e-01 2.433060e-01
 2.202202e-01  4.381767e-01 -2.156327e-01 2.384962e-01
 2.212212e-01  3.706434e-01 -3.102684e-01 2.336430e-01
 2.222222e-01  2.835192e-01 -3.851825e-01 2.287487e-01
 2.232232e-01  1.822868e-01 -4.365588e-01 2.238121e-01
 2.242242e-01  7.309716e-02 -4.620484e-01 2.188319e-01
 2.252252e-01 -3.760931e-02 -4.608629e-01 2.138091e-01
 2.262262e-01 -1.434862e-01 -4.337747e-01 2.087488e-01
 2.272272e-01 -2.386473e-01 -3.830242e-01 2.036601e-01
 2.282282e-01 -3.179932e-01 -3.121441e-01 1.985536e-01
 2.292292e-01 -3.774823e-01 -2.257144e-01 1.934399e-01
 2.302302e-01 -4.143301e-01 -1.290641e-01 1.883270e-01
 2.312312e-01 -4.271289e-01 -2.793927e-02 1.832197e-01
 2.322322e-01 -4.158840e-01  7.184118e-02 1.781206e-01
 2.332332e-01 -3.819655e-01  1.647224e-01 1.730311e-01
 2.342342e-01 -3.279843e-01  2.457228e-01 1.679534e-01
 2.352352e-01 -2.575993e-01  3.106995e-01 1.628916e-01
 2.362362e-01 -1.752721e-01  3.565551e-01 1.578518e-01
 2.372372e-01 -8.598390e-02  3.813772e-01 1.528418e-01
 2.382382e-01  5.066721e-03  3.845044e-01 1.478693e-01
 2.392392e-01  9.276746e-02  3.665178e-01 1.429411e-01
 2.402402e-01  1.723793e-01  3.291621e-01 1.380623e-01
 2.412412e-01  2.397912e-01  2.752026e-01 1.332363e-01
 2.422422e-01  2.917290e-01  2.082305e-01 1.284657e-01
 2.432432e-01  3.259080e-01  1.324272e-01 1.237530e-01
 2.442442e-01  3.411237e-01  5.230587e-02 1.191013e-01
 2.452452e-01  3.372765e-01 -2.755622e-02 1.145148e-01
 2.462462e-01  3.153336e-01 -1.027784e-01 1.099986e-01
 2.472472e-01  2.772303e-01 -1.694148e-01 1.055580e-01
 2.482482e-01  2.257223e-01 -2.241587e-01 1.011977e-01
 2.492492e-01  1.641961e-01 -2.645017e-01 9.692154e-02
 2.502503e-01  9.645265e-02 -2.888415e-01 9.273255e-02
 2.512513e-01  2.647612e-02 -2.965331e-01 8.863287e-02
 2.522523e-01 -4.179727e-02 -2.878843e-01 8.462440e-02
 2.532533e-01 -1.046980e-01 -2.640975e-01 8.070918e-02
 2.542543e-01 -1.590175e-01 -2.271630e-01 7.688961e-02
 2.552553e-01 -2.021674e-01 -1.797131e-01 7.316846e-02
 2.562563e-01 -2.322976e-01 -1.248456e-01 6.954859e-02
 2.572573e-01 -2.483665e-01 -6.592979e-02 6.603263e-02
 2.582583e-01 -2.501634e-01 -6.404747e-03 6.262273e-02
 2.592593e-01 -2.382826e-01  5.041658e-02 5.932041e-02
 2.602603e-01 -2.140533e-01  1.015277e-01 5.612672e-02
 2.612613e-01 -1.794317e-01  1.443836e-01 5.304235e-02
 2.622623e-01 -1.368616e-01  1.770221e-01 5.006795e-02
 2.632633e-01 -8.911526e-02  1.981481e-01 4.720419e-02
 2.642643e-01 -3.912151e-02  2.071747e-01 4.445186e-02
 2.652653e-01  1.020615e-02  2.042243e-01 4.181172e-02
 2.662663e-01  5.613333e-02  1.900879e-01 3.928436e-02
 2.672673e-01  9.625090e-02  1.661500e-01 3.687007e-02
 2.682683e-01  1.285962e-01  1.342826e-01 3.456879e-02
 2.692693e-01  1.517433e-01  9.671628e-02 3.238008e-02
 2.702703e-01  1.648597e-01  5.589766e-02 3.030328e-02
 2.712713e-01  1.677258e-01  1.434029e-02 2.833757e-02
 2.722723e-01  1.607195e-01 -2.552130e-02 2.648210e-02
 2.732733e-01  1.447681e-01 -6.146662e-02 2.473596e-02
 2.742743e-01  1.212702e-01 -9.160629e-02 2.309818e-02
 2.752753e-01  9.199513e-02 -1.144753e-01 2.156769e-02
 2.762763e-01  5.896521e-02 -1.290980e-01 2.014318e-02
 2.772773e-01  2.432920e-02 -1.350231e-01 1.882315e-02
 2.782783e-01 -9.766510e-03 -1.323271e-01 1.760586e-02
 2.792793e-01 -4.130110e-02 -1.215880e-01 1.648941e-02
 2.802803e-01 -6.849029e-02 -1.038310e-01 1.547180e-02
 2.812813e-01 -8.987959e-02 -8.045250e-02 1.455095e-02
 2.822823e-01 -1.044151e-01 -5.312436e-02 1.372472e-02
 2.832833e-01 -1.114891e-01 -2.368760e-02 1.299092e-02
 2.842843e-01 -1.109584e-01  5.960115e-03 1.234729e-02
 2.852853e-01 -1.031361e-01  3.397581e-02 1.179142e-02
 2.862863e-01 -8.875790e-02  5.867549e-02 1.132078e-02
 2.872873e-01 -6.892549e-02  7.862577e-02 1.093273e-02
 2.882883e-01 -4.503173e-02  9.271833e-02 1.062455e-02
 2.892893e-01 -1.867173e-02  1.002237e-01 1.039342e-02
 2.902903e-01  8.454450e-03  1.008218e-01 1.023651e-02
 2.912913e-01  3.464190e-02  9.460926e-02 1.015097e-02
 2.922923e-01  5.827825e-02  8.208268e-02 1.013392e-02
 2.932933e-01  7.793301e-02  6.410048e-02 1.018243e-02
 2.942943e-01  9.243440e-02  4.182585e-02 1.029352e-02
 2.952953e-01  1.009297e-01  1.665431e-02 1.046418e-02
 2.962963e-01  1.029268e-01 -9.869516e-03 1.069134e-02
 2.972973e-01  9.831449e-02 -3.614114e-02 1.097192e-02
 2.982983e-01  8.736186e-02 -6.058662e-02 1.130283e-02
 2.992993e-01  7.069719e-02 -8.174911e-02 1.168101e-02
 3.003003e-01  4.926762e-02 -9.836721e-02 1.210341e-02
 3.013013e-01  2.428282e-02 -1.094411e-01 1.256700e-02
 3.023023e-01 -2.854238e-03 -1.142832e-01 1.306879e-02
 3.033033e-01 -3.062537e-02 -1.125517e-01 1.360579e-02
 3.043043e-01 -5.747981e-02 -1.042646e-01 1.417504e-02
 3.053053e-01 -8.191702e-02 -8.979518e-02 1.477357e-02
 3.063063e-01 -1.025654e-01 -6.984861e-02 1.539849e-02
 3.073073e-01 -1.182529e-01 -4.542214e-02 1.604692e-02
 3.083083e-01 -1.280662e-01 -1.775078e-02 1.671604e-02
 3.093093e-01 -1.313958e-01  1.175822e-02 1.740311e-02
 3.103103e-01 -1.279648e-01  4.159859e-02 1.810544e-02
 3.113113e-01 -1.178406e-01  7.024206e-02 1.882036e-02
 3.123123e-01 -1.014293e-01  9.621536e-02 1.954531e-02
 3.133133e-01 -7.945317e-02  1.181732e-01 2.027772e-02
 3.143143e-01 -5.291292e-02  1.349643e-01 2.101513e-02
 3.153153e-01 -2.303715e-02  1.456859e-01 2.175509e-02
 3.163163e-01  8.778839e-03  1.497271e-01 2.249527e-02
 3.173173e-01  4.104125e-02  1.467958e-01 2.323338e-02
 3.183183e-01  7.222975e-02  1.369310e-01 2.396723e-02
 3.193193e-01  1.008697e-01  1.204991e-01 2.469471e-02
 3.203203e-01  1.256010e-01  9.817439e-02 2.541382e-02
 3.213213e-01  1.452410e-01  7.090595e-02 2.612260e-02
 3.223223e-01  1.588379e-01  3.987175e-02 2.681924e-02
 3.233233e-01  1.657127e-01  6.423274e-03 2.750196e-02
 3.243243e-01  1.654884e-01 -2.797723e-02 2.816914e-02
 3.253253e-01  1.581046e-01 -6.182351e-02 2.881921e-02
 3.263263e-01  1.438180e-01 -9.363302e-02 2.945075e-02
 3.273273e-01  1.231882e-01 -1.220127e-01 3.006242e-02
 3.283283e-01  9.705095e-02 -1.457193e-01 3.065301e-02
 3.293293e-01  6.647876e-02 -1.637130e-01 3.122138e-02
 3.303303e-01  3.273243e-02 -1.752002e-01 3.176652e-02
 3.313313e-01 -2.795085e-03 -1.796654e-01 3.228747e-02
 3.323323e-01 -3.863963e-02 -1.768909e-01 3.278340e-02
 3.333333e-01 -7.332871e-02 -1.669623e-01 3.325351e-02
 3.343343e-01 -1.054436e-01 -1.502622e-01 3.369710e-02
 3.353353e-01 -1.336783e-01 -1.274505e-01 3.411352e-02
 3.363363e-01 -1.568923e-01 -9.943345e-02 3.450220e-02
 3.373373e-01 -1.741554e-01 -6.732383e-02 3.486261e-02
 3.383383e-01 -1.847838e-01 -3.239210e-02 3.519429e-02
 3.393393e-01 -1.883638e-01  3.987183e-03 3.549682e-02
 3.403403e-01 -1.847655e-01  4.039243e-02 3.576985e-02
 3.413413e-01 -1.741435e-01  7.541284e-02 3.601306e-02
 3.423423e-01 -1.569265e-01  1.077045e-01 3.622621e-02
 3.433433e-01 -1.337963e-01  1.360429e-01 3.640911e-02
 3.443443e-01 -1.056565e-01  1.593687e-01 3.656167e-02
 3.453453e-01 -7.359368e-02  1.768271e-01 3.668385e-02
 3.463463e-01 -3.883208e-02  1.877972e-01 3.677573e-02
 3.473473e-01 -2.683516e-03  1.919122e-01 3.683749e-02
 3.483483e-01  3.350442e-02  1.890683e-01 3.686938e-02
 3.493493e-01  6.840062e-02  1.794245e-01 3.687180e-02
 3.503504e-01  1.007406e-01  1.633908e-01 3.684522e-02
 3.513514e-01  1.293731e-01  1.416080e-01 3.679024e-02
 3.523524e-01  1.533007e-01  1.149192e-01 3.670752e-02
 3.533534e-01  1.717140e-01  8.433346e-02 3.659784e-02
 3.543544e-01  1.840177e-01  5.098540e-02 3.646203e-02
 3.553554e-01  1.898475e-01  1.609025e-02 3.630097e-02
 3.563564e-01  1.890785e-01 -1.910247e-02 3.611559e-02
 3.573574e-01  1.818241e-01 -5.335531e-02 3.590681e-02
 3.583584e-01  1.684264e-01 -8.548749e-02 3.567555e-02
 3.593594e-01  1.494378e-01 -1.144161e-01 3.542271e-02
 3.603604e-01  1.255967e-01 -1.391926e-01 3.514912e-02
 3.613614e-01  9.779581e-02 -1.590331e-01 3.485555e-02
 3.623624e-01  6.704682e-02 -1.733419e-01 3.454271e-02
 3.633634e-01  3.444141e-02 -1.817279e-01 3.421123e-02
 3.643644e-01  1.110809e-03 -1.840120e-01 3.386166e-02
 3.653654e-01 -3.181479e-02 -1.802286e-01 3.349452e-02
 3.663664e-01 -6.324548e-02 -1.706173e-01 3.311025e-02
 3.673674e-01 -9.216808e-02 -1.556096e-01 3.270929e-02
 3.683684e-01 -1.176788e-01 -1.358079e-01 3.229207e-02
 3.693694e-01 -1.390108e-01 -1.119601e-01 3.185906e-02
 3.703704e-01 -1.555561e-01 -8.492987e-02 3.141079e-02
 3.713714e-01 -1.668815e-01 -5.566343e-02 3.094787e-02
 3.723724e-01 -1.727375e-01 -2.515548e-02 3.047104e-02
 3.733734e-01 -1.730606e-01  5.585786e-03 2.998116e-02
 3.743744e-01 -1.679697e-01  3.557275e-02 2.947925e-02
 3.753754e-01 -1.577562e-01  6.387039e-02 2.896646e-02
 3.763764e-01 -1.428684e-01  8.962542e-02 2.844409e-02
 3.773774e-01 -1.238913e-01  1.120915e-01 2.791355e-02
 3.783784e-01 -1.015232e-01  1.306499e-01 2.737636e-02
 3.793794e-01 -7.654881e-02  1.448252e-01 2.683407e-02
 3.803804e-01 -4.981069e-02  1.542956e-01 2.628825e-02
 3.813814e-01 -2.218022e-02  1.588977e-01 2.574043e-02
 3.823824e-01  5.471436e-03  1.586257e-01 2.519204e-02
 3.833834e-01  3.230111e-02  1.536262e-01 2.464437e-02
 3.843844e-01  5.751927e-02  1.441875e-01 2.409851e-02
 3.853854e-01  8.041293e-02  1.307253e-01 2.355535e-02
 3.863864e-01  1.003650e-01  1.137644e-01 2.301549e-02
 3.873874e-01  1.168701e-01  9.391836e-02 2.247928e-02
 3.883884e-01  1.295453e-01  7.186665e-02 2.194680e-02
 3.893894e-01  1.381376e-01  4.833115e-02 2.141791e-02
 3.903904e-01  1.425262e-01  2.405210e-02 2.089222e-02
 3.913914e-01  1.427206e-01 -2.353823e-04 2.036923e-02
 3.923924e-01  1.388551e-01 -2.382345e-02 1.984831e-02
 3.933934e-01  1.311795e-01 -4.605192e-02 1.932883e-02
 3.943944e-01  1.200460e-01 -6.632616e-02 1.881021e-02
 3.953954e-01  1.058952e-01 -8.413214e-02 1.829200e-02
 3.963964e-01  8.923789e-02 -9.904830e-02 1.777397e-02
 3.973974e-01  7.063762e-02 -1.107540e-01 1.725612e-02
 3.983984e-01  5.069108e-02 -1.190345e-01 1.673880e-02
 3.993994e-01  3.000918e-02 -1.237825e-01 1.622266e-02
 4.004004e-01  9.198346e-03 -1.249964e-01 1.570872e-02
 4.014014e-01 -1.115693e-02 -1.227754e-01 1.519829e-02
 4.024024e-01 -3.051016e-02 -1.173120e-01 1.469297e-02
 4.034034e-01 -4.836687e-02 -1.088816e-01 1.419457e-02
 4.044044e-01 -6.429640e-02 -9.783137e-02 1.370500e-02
 4.054054e-01 -7.794116e-02 -8.456596e-02 1.322623e-02
 4.064064e-01 -8.902332e-02 -6.953371e-02 1.276009e-02
 4.074074e-01 -9.734876e-02 -5.321154e-02 1.230825e-02
 4.084084e-01 -1.028084e-01 -3.609006e-02 1.187206e-02
 4.094094e-01 -1.053770e-01 -1.865905e-02 1.145247e-02
 4.104104e-01 -1.051096e-01 -1.393848e-03 1.104998e-02
 4.114114e-01 -1.021360e-01  1.525725e-02 1.066454e-02
 4.124124e-01 -9.665284e-02  3.088394e-02 1.029559e-02
 4.134134e-01 -8.891532e-02  4.512332e-02 9.942049e-03
 4.144144e-01 -7.922657e-02  5.766727e-02 9.602364e-03
 4.154154e-01 -6.792697e-02  6.826802e-02 9.274596e-03
 4.164164e-01 -5.538287e-02  7.674159e-02 8.956533e-03
 4.174174e-01 -4.197518e-02  8.296927e-02 8.645815e-03
 4.184184e-01 -2.808833e-02  8.689725e-02 8.340086e-03
 4.194194e-01 -1.409970e-02  8.853443e-02 8.037148e-03
 4.204204e-01 -3.699007e-04  8.794866e-02 7.735103e-03
 4.214214e-01  1.276589e-02  8.526152e-02 7.432496e-03
 4.224224e-01  2.500538e-02  8.064211e-02 7.128418e-03
 4.234234e-01  3.608526e-02  7.429971e-02 6.822593e-03
 4.244244e-01  4.578590e-02  6.647606e-02 6.515415e-03
 4.254254e-01  5.393455e-02  5.743700e-02 6.207945e-03
 4.264264e-01  6.040713e-02  4.746418e-02 5.901870e-03
 4.274274e-01  6.512852e-02  3.684679e-02 5.599411e-03
 4.284284e-01  6.807166e-02  2.587365e-02 5.303196e-03
 4.294294e-01  6.925533e-02  1.482576e-02 5.016104e-03
 4.304304e-01  6.874093e-02  3.969668e-03 4.741074e-03
 4.314314e-01  6.662837e-02 -6.448474e-03 4.480923e-03
 4.324324e-01  6.305116e-02 -1.620785e-02 4.238143e-03
 4.334334e-01  5.817100e-02 -2.511693e-02 4.014725e-03
 4.344344e-01  5.217203e-02 -3.301645e-02 3.812007e-03
 4.354354e-01  4.525484e-02 -3.978128e-02 3.630551e-03
 4.364364e-01  3.763049e-02 -4.532131e-02 3.470075e-03
 4.374374e-01  2.951467e-02 -4.958140e-02 3.329431e-03
 4.384384e-01  2.112215e-02 -5.254043e-02 3.206642e-03
 4.394394e-01  1.266162e-02 -5.420948e-02 3.098984e-03
 4.404404e-01  4.331038e-03 -5.462944e-02 3.003134e-03
 4.414414e-01 -3.686374e-03 -5.386793e-02 2.915343e-03
 4.424424e-01 -1.122558e-02 -5.201581e-02 2.831659e-03
 4.434434e-01 -1.814242e-02 -4.918337e-02 2.748151e-03
 4.444444e-01 -2.431560e-02 -4.549625e-02 2.661157e-03
 4.454454e-01 -2.964803e-02 -4.109135e-02 2.567505e-03
 4.464464e-01 -3.406743e-02 -3.611269e-02 2.464716e-03
 4.474474e-01 -3.752633e-02 -3.070746e-02 2.351174e-03
 4.484484e-01 -4.000149e-02 -2.502219e-02 2.226230e-03
 4.494494e-01 -4.149272e-02 -1.919938e-02 2.090262e-03
 4.504505e-01 -4.202136e-02 -1.337428e-02 1.944666e-03
 4.514515e-01 -4.162824e-02 -7.672258e-03 1.791774e-03
 4.524525e-01 -4.037152e-02 -2.206530e-03 1.634728e-03
 4.534535e-01 -3.832408e-02  2.923641e-03 1.477282e-03
 4.544545e-01 -3.557100e-02  7.634240e-03 1.323577e-03
 4.554555e-01 -3.220679e-02  1.185735e-02 1.177874e-03
 4.564565e-01 -2.833275e-02  1.554154e-02 1.044284e-03
 4.574575e-01 -2.405430e-02  1.865179e-02 9.264986e-04
 4.584585e-01 -1.947851e-02  2.116911e-02 8.275436e-04
 4.594595e-01 -1.471175e-02  2.308970e-02 7.495699e-04
 4.604605e-01 -9.857590e-03  2.442386e-02 6.936972e-04
 4.614615e-01 -5.014899e-03  2.519466e-02 6.599202e-04
 4.624625e-01 -2.762447e-04  2.543634e-02 6.470838e-04
 4.634635e-01  4.273467e-03  2.519265e-02 6.529320e-04
 4.644645e-01  8.558037e-03  2.451498e-02 6.742241e-04
 4.654655e-01  1.251078e-02  2.346056e-02 7.069176e-04
 4.664665e-01  1.607505e-02  2.209056e-02 7.464002e-04
 4.674675e-01  1.920448e-02  2.046830e-02 7.877635e-04
 4.684685e-01  2.186308e-02  1.865748e-02 8.260955e-04
 4.694695e-01  2.402501e-02  1.672057e-02 8.567786e-04
 4.704705e-01  2.567432e-02  1.471733e-02 8.757704e-04
 4.714715e-01  2.680435e-02  1.270352e-02 8.798528e-04
 4.724725e-01  2.741722e-02  1.072973e-02 8.668313e-04
 4.734735e-01  2.752303e-02  8.840502e-03 8.356714e-04
 4.744745e-01  2.713914e-02  7.073521e-03 7.865677e-04
 4.754755e-01  2.628932e-02  5.459217e-03 7.209313e-04
 4.764765e-01  2.500297e-02  4.020325e-03 6.413113e-04
 4.774775e-01  2.331416e-02  2.771919e-03 5.512336e-04
 4.784785e-01  2.126107e-02  1.721318e-03 4.549961e-04
 4.794795e-01  1.888487e-02  8.685714e-04 3.573929e-04
 4.804805e-01  1.622949e-02  2.065877e-04 2.634389e-04
 4.814815e-01  1.334026e-02 -2.778815e-04 1.780397e-04
 4.824825e-01  1.026437e-02 -6.041491e-04 1.057223e-04
 4.834835e-01  7.048677e-03 -7.957823e-04 5.031712e-05
 4.844845e-01  3.742260e-03 -8.816861e-04 1.478188e-05
 4.854855e-01  3.877597e-04 -8.871896e-04 9.374629e-07
 4.864865e-01 -2.964279e-03 -8.114656e-04 9.445425e-06
 4.874875e-01 -6.122174e-03 -6.882895e-04 3.795476e-05
 4.884885e-01 -8.883526e-03 -5.605510e-04 7.923125e-05
 4.894895e-01 -1.107536e-02 -4.673835e-04 1.228820e-04
 4.904905e-01 -1.255909e-02 -4.415639e-04 1.579257e-04
 4.914915e-01 -1.324134e-02 -5.046969e-04 1.755878e-04
 4.924925e-01 -1.307827e-02 -6.651132e-04 1.714835e-04
 4.934935e-01 -1.207887e-02 -9.161422e-04 1.467383e-04
 4.944945e-01 -1.030402e-02 -1.236567e-03 1.077018e-04
 4.954955e-01 -7.862930e-03 -1.592108e-03 6.436048e-05
 4.964965e-01 -4.906590e-03 -1.938639e-03 2.783294e-05
 4.974975e-01 -1.618443e-03 -2.226271e-03 7.575643e-06
 4.984985e-01  1.796365e-03 -2.404406e-03 9.008092e-06
 4.994995e-01  5.123844e-03 -2.426994e-03 3.214408e-05
 5.005005e-01  8.153636e-03 -2.257769e-03 7.157930e-05
 5.015015e-01  1.069255e-02 -1.874828e-03 1.178455e-04
 5.025025e-01  1.257570e-02 -1.274191e-03 1.597717e-04
 5.035035e-01  1.367781e-02 -4.719890e-04 1.873054e-04
 5.045045e-01  1.392017e-02  4.950720e-04 1.940162e-04
 5.055055e-01  1.327727e-02  1.570947e-03 1.787537e-04
 5.065065e-01  1.177748e-02  2.683405e-03 1.459097e-04
 5.075075e-01  9.503976e-03  3.748634e-03 1.043778e-04
 5.085085e-01  6.588028e-03  4.677411e-03 6.528029e-05
 5.095095e-01  3.204699e-03  5.381885e-03 3.923478e-05
 5.105105e-01 -4.410201e-04  5.783144e-03 3.363926e-05
 5.115115e-01 -4.121241e-03  5.818109e-03 5.083501e-05
 5.125125e-01 -7.605821e-03  5.446353e-03 8.751127e-05
 5.135135e-01 -1.066616e-02  4.654624e-03 1.354324e-04
 5.145145e-01 -1.310637e-02  3.461069e-03 1.837560e-04
 5.155155e-01 -1.474244e-02  1.914738e-03 2.210057e-04
 5.165165e-01 -1.555065e-02  9.823446e-05 2.418325e-04
 5.175175e-01 -1.606468e-02 -1.889640e-03 2.616448e-04
 5.185185e-01 -1.634878e-02 -4.016127e-03 2.834120e-04
 5.195195e-01 -1.635911e-02 -6.255938e-03 3.067573e-04
 5.205205e-01 -1.607691e-02 -8.576682e-03 3.320264e-04
 5.215215e-01 -1.547609e-02 -1.094207e-02 3.592383e-04
 5.225225e-01 -1.454092e-02 -1.331072e-02 3.886135e-04
 5.235235e-01 -1.325649e-02 -1.563736e-02 4.202617e-04
 5.245245e-01 -1.161658e-02 -1.787282e-02 4.543828e-04
 5.255255e-01 -9.619332e-03 -1.996505e-02 4.911348e-04
 5.265265e-01 -7.271794e-03 -2.185964e-02 5.307229e-04
 5.275275e-01 -4.587568e-03 -2.350099e-02 5.733424e-04
 5.285285e-01 -1.589745e-03 -2.483320e-02 6.192151e-04
 5.295295e-01  1.690705e-03 -2.580140e-02 6.685709e-04
 5.305305e-01  5.213027e-03 -2.635297e-02 7.216549e-04
 5.315315e-01  8.928057e-03 -2.643902e-02 7.787322e-04
 5.325325e-01  1.277716e-02 -2.601578e-02 8.400769e-04
 5.335335e-01  1.669367e-02 -2.504619e-02 9.059906e-04
 5.345345e-01  2.060261e-02 -2.350136e-02 9.767813e-04
 5.355355e-01  2.442235e-02 -2.136209e-02 1.052790e-03
 5.365365e-01  2.806506e-02 -1.862031e-02 1.134364e-03
 5.375375e-01  3.143877e-02 -1.528037e-02 1.221886e-03
 5.385385e-01  3.444841e-02 -1.136020e-02 1.315747e-03
 5.395395e-01  3.699830e-02 -6.892265e-03 1.416378e-03
 5.405405e-01  3.899376e-02 -1.924282e-03 1.524216e-03
 5.415415e-01  4.034391e-02  3.480383e-03 1.639744e-03
 5.425425e-01  4.096373e-02  9.242657e-03 1.763454e-03
 5.435435e-01  4.077706e-02  1.526805e-02 1.895882e-03
 5.445445e-01  3.971890e-02  2.144739e-02 2.037582e-03
 5.455455e-01  3.773837e-02  2.765799e-02 2.189149e-03
 5.465465e-01  3.480101e-02  3.376525e-02 2.351202e-03
 5.475475e-01  3.089148e-02  3.962475e-02 2.524405e-03
 5.485485e-01  2.601550e-02  4.508480e-02 2.709445e-03
 5.495495e-01  2.020200e-02  4.998938e-02 2.907059e-03
 5.505506e-01  1.350434e-02  5.418161e-02 3.118014e-03
 5.515516e-01  6.001630e-03  5.750742e-02 3.343123e-03
 5.525526e-01 -2.201088e-03  5.981967e-02 3.583238e-03
 5.535536e-01 -1.097275e-02  6.098243e-02 3.839258e-03
 5.545546e-01 -2.015729e-02  6.087536e-02 4.112126e-03
 5.555556e-01 -2.957505e-02  5.939823e-02 4.402833e-03
 5.565566e-01 -3.902528e-02  5.647522e-02 4.712422e-03
 5.575576e-01 -4.828905e-02  5.205912e-02 5.041984e-03
 5.585586e-01 -5.713334e-02  4.613511e-02 5.392667e-03
 5.595596e-01 -6.531549e-02  3.872411e-02 5.765670e-03
 5.605606e-01 -7.258868e-02  2.988545e-02 6.162256e-03
 5.615616e-01 -7.870775e-02  1.971877e-02 6.583740e-03
 5.625626e-01 -8.343580e-02  8.365136e-03 7.031507e-03
 5.635636e-01 -8.655087e-02 -3.992993e-03 7.506998e-03
 5.645646e-01 -8.785324e-02 -1.713283e-02 8.011725e-03
 5.655656e-01 -8.717239e-02 -3.079351e-02 8.547265e-03
 5.665666e-01 -8.437417e-02 -4.467964e-02 9.115270e-03
 5.675676e-01 -7.936737e-02 -5.846604e-02 9.717458e-03
 5.685686e-01 -7.210997e-02 -7.180375e-02 1.035563e-02
 5.695696e-01 -6.261433e-02 -8.432731e-02 1.103165e-02
 5.705706e-01 -5.095162e-02 -9.566301e-02 1.174748e-02
 5.715716e-01 -3.725481e-02 -1.054383e-01 1.250515e-02
 5.725726e-01 -2.172043e-02 -1.132916e-01 1.330677e-02
 5.735736e-01 -4.608461e-03 -1.188837e-01 1.415456e-02
 5.745746e-01  1.375931e-02 -1.219077e-01 1.505081e-02
 5.755756e-01  3.300300e-02 -1.221012e-01 1.599789e-02
 5.765766e-01  5.269016e-02 -1.192562e-01 1.699829e-02
 5.775776e-01  7.234338e-02 -1.132299e-01 1.805457e-02
 5.785786e-01  9.144973e-02 -1.039536e-01 1.916941e-02
 5.795796e-01  1.094721e-01 -9.144085e-02 2.034558e-02
 5.805806e-01  1.258623e-01 -7.579327e-02 2.158593e-02
 5.815816e-01  1.400751e-01 -5.720525e-02 2.289346e-02
 5.825826e-01  1.515840e-01 -3.596559e-02 2.427124e-02
 5.835836e-01  1.598977e-01 -1.245693e-02 2.572246e-02
 5.845846e-01  1.645763e-01  1.284768e-02 2.725042e-02
 5.855856e-01  1.652479e-01  3.939112e-02 2.885853e-02
 5.865866e-01  1.616247e-01  6.654155e-02 3.055031e-02
 5.875876e-01  1.535174e-01  9.360466e-02 3.232942e-02
 5.885886e-01  1.408484e-01  1.198388e-01 3.419961e-02
 5.895896e-01  1.236625e-01  1.444727e-01 3.616476e-02
 5.905906e-01  1.021347e-01  1.667255e-01 3.822888e-02
 5.915916e-01  7.657518e-02  1.858287e-01 4.039607e-02
 5.925926e-01  4.743021e-02  2.010497e-01 4.267061e-02
 5.935936e-01  1.527935e-02  2.117154e-01 4.505685e-02
 5.945946e-01 -1.917184e-02  2.172366e-01 4.755930e-02
 5.955956e-01 -5.510322e-02  2.171318e-01 5.018259e-02
 5.965966e-01 -9.159602e-02  2.110489e-01 5.293148e-02
 5.975976e-01 -1.276529e-01  1.987853e-01 5.581085e-02
 5.985986e-01 -1.622223e-01  1.803044e-01 5.882573e-02
 5.995996e-01 -1.942253e-01  1.557491e-01 6.198126e-02
 6.006006e-01 -2.225872e-01  1.254499e-01 6.528272e-02
 6.016016e-01 -2.462690e-01  8.992833e-02 6.873553e-02
 6.026026e-01 -2.643024e-01  4.989474e-02 7.234523e-02
 6.036036e-01 -2.758234e-01  6.239668e-03 7.611751e-02
 6.046046e-01 -2.801066e-01 -3.998061e-02 8.005816e-02
 6.056056e-01 -2.765963e-01 -8.756503e-02 8.417314e-02
 6.066066e-01 -2.649357e-01 -1.351947e-01 8.846852e-02
 6.076076e-01 -2.449912e-01 -1.814657e-01 9.295050e-02
 6.086086e-01 -2.168721e-01 -2.249264e-01 9.762540e-02
 6.096096e-01 -1.809430e-01 -2.641199e-01 1.024997e-01
 6.106106e-01 -1.378299e-01 -2.976288e-01 1.075800e-01
 6.116116e-01 -8.841777e-02 -3.241223e-01 1.128729e-01
 6.126126e-01 -3.384014e-02 -3.424037e-01 1.183854e-01
 6.136136e-01  2.454066e-02 -3.514572e-01 1.241244e-01
 6.146146e-01  8.516153e-02 -3.504918e-01 1.300970e-01
 6.156156e-01  1.462954e-01 -3.389807e-01 1.363103e-01
 6.166166e-01  2.060955e-01 -3.166958e-01 1.427716e-01
 6.176176e-01  2.626474e-01 -2.837337e-01 1.494885e-01
 6.186186e-01  3.140256e-01 -2.405332e-01 1.564683e-01
 6.196196e-01  3.583556e-01 -1.878831e-01 1.637188e-01
 6.206206e-01  3.938773e-01 -1.269185e-01 1.712476e-01
 6.216216e-01  4.190098e-01 -5.910559e-02 1.790627e-01
 6.226226e-01  4.324139e-01  1.378584e-02 1.871718e-01
 6.236236e-01  4.330509e-01  8.972143e-02 1.955831e-01
 6.246246e-01  4.202355e-01  1.664531e-01 2.043045e-01
 6.256256e-01  3.936794e-01  2.415800e-01 2.133443e-01
 6.266266e-01  3.535252e-01  3.126191e-01 2.227108e-01
 6.276276e-01  3.003676e-01  3.770828e-01 2.324121e-01
 6.286286e-01  2.352605e-01  4.325612e-01 2.424567e-01
 6.296296e-01  1.597090e-01  4.768082e-01 2.528531e-01
 6.306306e-01  7.564522e-02  5.078261e-01 2.636095e-01
 6.316316e-01 -1.461157e-02  5.239477e-01 2.747347e-01
 6.326326e-01 -1.084112e-01  5.239122e-01 2.862370e-01
 6.336336e-01 -2.028435e-01  5.069316e-01 2.981251e-01
 6.346346e-01 -2.948225e-01  4.727445e-01 3.104076e-01
 6.356356e-01 -3.811823e-01  4.216552e-01 3.230931e-01
 6.366366e-01 -4.587813e-01  3.545558e-01 3.361901e-01
 6.376376e-01 -5.246120e-01  2.729277e-01 3.497073e-01
 6.386386e-01 -5.759123e-01  1.788243e-01 3.636532e-01
 6.396396e-01 -6.102759e-01  7.483064e-02 3.780363e-01
 6.406406e-01 -6.257552e-01 -3.599685e-02 3.928654e-01
 6.416416e-01 -6.209550e-01 -1.502117e-01 4.081487e-01
 6.426426e-01 -5.951117e-01 -2.640772e-01 4.238947e-01
 6.436436e-01 -5.481544e-01 -3.736825e-01 4.401119e-01
 6.446446e-01 -4.807449e-01 -4.750713e-01 4.568084e-01
 6.456456e-01 -3.942931e-01 -5.643807e-01 4.739926e-01
 6.466466e-01 -2.909466e-01 -6.379832e-01 4.916725e-01
 6.476476e-01 -1.735532e-01 -6.926294e-01 5.098562e-01
 6.486486e-01 -4.559461e-02 -7.255843e-01 5.285515e-01
 6.496496e-01  8.890542e-02 -7.347531e-01 5.477663e-01
 6.506507e-01  2.254989e-01 -7.187895e-01 5.675082e-01
 6.516517e-01  3.594533e-01 -6.771838e-01 5.877846e-01
 6.526527e-01  4.859094e-01 -6.103237e-01 6.086030e-01
 6.536537e-01  6.000527e-01 -5.195259e-01 6.299705e-01
 6.546547e-01  6.972925e-01 -4.070346e-01 6.518940e-01
 6.556557e-01  7.734421e-01 -2.759850e-01 6.743804e-01
 6.566567e-01  8.248938e-01 -1.303321e-01 6.974362e-01
 6.576577e-01  8.487815e-01  2.525592e-02 7.210679e-01
 6.586587e-01  8.431237e-01  1.855366e-01 7.452814e-01
 6.596597e-01  8.069408e-01  3.448610e-01 7.700826e-01
 6.606607e-01  7.403405e-01  4.973663e-01 7.954773e-01
 6.616617e-01  6.445657e-01  6.371858e-01 8.214708e-01
 6.626627e-01  5.220019e-01  7.586712e-01 8.480680e-01
 6.636637e-01  3.761410e-01  8.566165e-01 8.752739e-01
 6.646647e-01  2.115003e-01  9.264774e-01 9.030928e-01
 6.656657e-01  3.349802e-02  9.645760e-01 9.315290e-01
 6.666667e-01 -1.517128e-01  9.682817e-01 9.605861e-01
 6.676677e-01 -3.374469e-01  9.361610e-01 9.902678e-01
 6.686687e-01 -5.167209e-01  8.680879e-01 1.020577e+00
 6.696697e-01 -6.825106e-01  7.653078e-01 1.051517e+00
 6.706707e-01 -8.280217e-01  6.304515e-01 1.083089e+00
 6.716717e-01 -9.469662e-01  4.674944e-01 1.115296e+00
 6.726727e-01 -1.033831e+00  2.816605e-01 1.148139e+00
 6.736737e-01 -1.084129e+00  7.927253e-02 1.181620e+00
 6.746747e-01 -1.094621e+00 -1.324495e-01 1.215739e+00
 6.756757e-01 -1.063500e+00 -3.456353e-01 1.250496e+00
 6.766767e-01 -9.905219e-01 -5.520489e-01 1.285892e+00
 6.776777e-01 -8.770857e-01 -7.434012e-01 1.321925e+00
 6.786787e-01 -7.262460e-01 -9.116804e-01 1.358594e+00
 6.796797e-01 -5.426608e-01 -1.049485e+00 1.395899e+00
 6.806807e-01 -3.324710e-01 -1.150348e+00 1.433837e+00
 6.816817e-01 -1.031137e-01 -1.209038e+00 1.472404e+00
 6.826827e-01  1.369255e-01 -1.221823e+00 1.511600e+00
 6.836837e-01  3.784162e-01 -1.186684e+00 1.551419e+00
 6.846847e-01  6.117296e-01 -1.103469e+00 1.591857e+00
 6.856857e-01  8.272180e-01 -9.739718e-01 1.632911e+00
 6.866867e-01  1.015612e+00 -8.019394e-01 1.674574e+00
 6.876877e-01  1.168417e+00 -5.929943e-01 1.716841e+00
 6.886887e-01  1.278301e+00 -3.544752e-01 1.759706e+00
 6.896897e-01  1.339440e+00 -9.519958e-02 1.803162e+00
 6.906907e-01  1.347824e+00  1.748478e-01 1.847201e+00
 6.916917e-01  1.301496e+00  4.448879e-01 1.891816e+00
 6.926927e-01  1.200710e+00  7.037707e-01 1.936998e+00
 6.936937e-01  1.048010e+00  9.404324e-01 1.982738e+00
 6.946947e-01  8.482034e-01  1.144367e+00 2.029026e+00
 6.956957e-01  6.082458e-01  1.306097e+00 2.075852e+00
 6.966967e-01  3.370221e-01  1.417611e+00 2.123204e+00
 6.976977e-01  4.503815e-02  1.472768e+00 2.171073e+00
 6.986987e-01 -2.559721e-01  1.467625e+00 2.219444e+00
 6.996997e-01 -5.535076e-01  1.400691e+00 2.268306e+00
 7.007007e-01 -8.348147e-01  1.273079e+00 2.317646e+00
 7.017017e-01 -1.087432e+00  1.088550e+00 2.367449e+00
 7.027027e-01 -1.299743e+00  8.534454e-01 2.417702e+00
 7.037037e-01 -1.461519e+00  5.764990e-01 2.468389e+00
 7.047047e-01 -1.564411e+00  2.685379e-01 2.519494e+00
 7.057057e-01 -1.602388e+00 -5.792176e-02 2.571003e+00
 7.067067e-01 -1.572082e+00 -3.891711e-01 2.622896e+00
 7.077077e-01 -1.473029e+00 -7.108758e-01 2.675159e+00
 7.087087e-01 -1.307787e+00 -1.008694e+00 2.727771e+00
 7.097097e-01 -1.081927e+00 -1.268916e+00 2.780715e+00
 7.107107e-01 -8.038792e-01 -1.479105e+00 2.833973e+00
 7.117117e-01 -4.846502e-01 -1.628692e+00 2.887524e+00
 7.127127e-01 -1.374110e-01 -1.709523e+00 2.941349e+00
 7.137137e-01  2.230316e-01 -1.716300e+00 2.995428e+00
 7.147147e-01  5.808551e-01 -1.646920e+00 3.049738e+00
 7.157157e-01  9.199117e-01 -1.502671e+00 3.104258e+00
 7.167167e-01  1.224458e+00 -1.288281e+00 3.158967e+00
 7.177177e-01  1.479893e+00 -1.011808e+00 3.213840e+00
 7.187187e-01  1.673466e+00 -6.843732e-01 3.268856e+00
 7.197197e-01  1.794925e+00 -3.197395e-01 3.323991e+00
 7.207207e-01  1.837072e+00  6.624621e-02 3.379220e+00
 7.217217e-01  1.796186e+00  4.563298e-01 3.434521e+00
 7.227227e-01  1.672310e+00  8.326147e-01 3.489868e+00
 7.237237e-01  1.469355e+00  1.177384e+00 3.545237e+00
 7.247247e-01  1.195032e+00  1.473940e+00 3.600600e+00
 7.257257e-01  8.605985e-01  1.707426e+00 3.655933e+00
 7.267267e-01  4.804287e-01  1.865582e+00 3.711208e+00
 7.277277e-01  7.141578e-02  1.939407e+00 3.766400e+00
 7.287287e-01 -3.477622e-01  1.923679e+00 3.821480e+00
 7.297297e-01 -7.574884e-01  1.817315e+00 3.876422e+00
 7.307307e-01 -1.138125e+00  1.623537e+00 3.931200e+00
 7.317317e-01 -1.470962e+00  1.349836e+00 3.985786e+00
 7.327327e-01 -1.739149e+00  1.007727e+00 4.040152e+00
 7.337337e-01 -1.928564e+00  6.122989e-01 4.094270e+00
 7.347347e-01 -2.028582e+00  1.815706e-01 4.148112e+00
 7.357357e-01 -2.032680e+00 -2.643098e-01 4.201648e+00
 7.367367e-01 -1.938874e+00 -7.040008e-01 4.254848e+00
 7.377377e-01 -1.749930e+00 -1.115989e+00 4.307685e+00
 7.387387e-01 -1.473353e+00 -1.479649e+00 4.360130e+00
 7.397397e-01 -1.121135e+00 -1.776291e+00 4.412155e+00
 7.407407e-01 -7.092705e-01 -1.990143e+00 4.463732e+00
 7.417417e-01 -2.570569e-01 -2.109207e+00 4.514833e+00
 7.427427e-01  2.137913e-01 -2.125964e+00 4.565428e+00
 7.437437e-01  6.801772e-01 -2.037854e+00 4.615490e+00
 7.447447e-01  1.118755e+00 -1.847532e+00 4.664987e+00
 7.457457e-01  1.507107e+00 -1.562856e+00 4.713890e+00
 7.467467e-01  1.824909e+00 -1.196610e+00 4.762170e+00
 7.477477e-01  2.055015e+00 -7.659709e-01 4.809799e+00
 7.487487e-01  2.184409e+00 -2.917270e-01 4.856748e+00
 7.497497e-01  2.204972e+00  2.027057e-01 4.902993e+00
 7.507508e-01  2.114011e+00  6.924327e-01 4.948507e+00
 7.517518e-01  1.914520e+00  1.152335e+00 4.993263e+00
 7.527528e-01  1.615150e+00  1.558372e+00 5.037233e+00
 7.537538e-01  1.229886e+00  1.888854e+00 5.080390e+00
 7.547548e-01  7.774279e-01  2.125631e+00 5.122703e+00
 7.557558e-01  2.803125e-01  2.255121e+00 5.164146e+00
 7.567568e-01 -2.361930e-01  2.269120e+00 5.204692e+00
 7.577578e-01 -7.453688e-01  2.165350e+00 5.244315e+00
 7.587588e-01 -1.220429e+00  1.947703e+00 5.282994e+00
 7.597598e-01 -1.635944e+00  1.626160e+00 5.320706e+00
 7.607608e-01 -1.969228e+00  1.216377e+00 5.357431e+00
 7.617618e-01 -2.201607e+00  7.389677e-01 5.393144e+00
 7.627628e-01 -2.319502e+00  2.184846e-01 5.427823e+00
 7.637638e-01 -2.315260e+00 -3.178233e-01 5.461440e+00
 7.647648e-01 -2.187683e+00 -8.414351e-01 5.493971e+00
 7.657658e-01 -1.942214e+00 -1.324083e+00 5.525392e+00
 7.667668e-01 -1.590765e+00 -1.739295e+00 5.555680e+00
 7.677678e-01 -1.151183e+00 -2.063879e+00 5.584820e+00
 7.687688e-01 -6.463835e-01 -2.279251e+00 5.612795e+00
 7.697698e-01 -1.031746e-01 -2.372540e+00 5.639593e+00
 7.707708e-01  4.491510e-01 -2.337405e+00 5.665198e+00
 7.717718e-01  9.803975e-01 -2.174492e+00 5.689594e+00
 7.727728e-01  1.461129e+00 -1.891524e+00 5.712761e+00
 7.737738e-01  1.864324e+00 -1.502987e+00 5.734676e+00
 7.747748e-01  2.166930e+00 -1.029433e+00 5.755318e+00
 7.757758e-01  2.351220e+00 -4.964238e-01 5.774670e+00
 7.767768e-01  2.405879e+00  6.682806e-02 5.792720e+00
 7.777778e-01  2.326747e+00  6.290522e-01 5.809460e+00
 7.787788e-01  2.117165e+00  1.158663e+00 5.824889e+00
 7.797798e-01  1.787900e+00  1.625551e+00 5.839002e+00
 7.807808e-01  1.356641e+00  2.002828e+00 5.851793e+00
 7.817818e-01  8.470924e-01  2.268411e+00 5.863252e+00
 7.827828e-01  2.876958e-01  2.406365e+00 5.873362e+00
 7.837838e-01 -2.899423e-01  2.407912e+00 5.882104e+00
 7.847848e-01 -8.528341e-01  2.272034e+00 5.889464e+00
 7.857858e-01 -1.368508e+00  2.005647e+00 5.895433e+00
 7.867868e-01 -1.806905e+00  1.623301e+00 5.900011e+00
 7.877878e-01 -2.142171e+00  1.146433e+00 5.903205e+00
 7.887888e-01 -2.354227e+00  6.021999e-01 5.905029e+00
 7.897898e-01 -2.430022e+00  2.195454e-02 5.905490e+00
 7.907908e-01 -2.364397e+00 -5.605535e-01 5.904592e+00
 7.917918e-01 -2.160481e+00 -1.111147e+00 5.902326e+00
 7.927928e-01 -1.829613e+00 -1.597246e+00 5.898678e+00
 7.937938e-01 -1.390757e+00 -1.989831e+00 5.893633e+00
 7.947948e-01 -8.694574e-01 -2.265221e+00 5.887180e+00
 7.957958e-01 -2.963830e-01 -2.406550e+00 5.879324e+00
 7.967968e-01  2.944658e-01 -2.404864e+00 5.870082e+00
 7.977978e-01  8.677732e-01 -2.259746e+00 5.859481e+00
 7.987988e-01  1.389035e+00 -1.979427e+00 5.847550e+00
 7.997998e-01  1.826666e+00 -1.580381e+00 5.834310e+00
 8.008008e-01  2.153952e+00 -1.086397e+00 5.819769e+00
 8.018018e-01  2.350740e+00 -5.272002e-01 5.803917e+00
 8.028028e-01  2.404730e+00  6.332255e-02 5.786736e+00
 8.038038e-01  2.312314e+00  6.491675e-01 5.768213e+00
 8.048048e-01  2.078870e+00  1.194422e+00 5.748344e+00
 8.058058e-01  1.718515e+00  1.665490e+00 5.727150e+00
 8.068068e-01  1.253295e+00  2.033205e+00 5.704671e+00
 8.078078e-01  7.118795e-01  2.274684e+00 5.680959e+00
 8.088088e-01  1.278176e-01  2.374810e+00 5.656060e+00
 8.098098e-01 -4.625316e-01  2.327245e+00 5.630004e+00
 8.108108e-01 -1.022269e+00  2.134892e+00 5.602795e+00
 8.118118e-01 -1.516283e+00  1.809779e+00 5.574413e+00
 8.128128e-01 -1.913492e+00  1.372363e+00 5.544833e+00
 8.138138e-01 -2.188848e+00  8.502823e-01 5.514037e+00
 8.148148e-01 -2.324974e+00  2.766399e-01 5.482035e+00
 8.158158e-01 -2.313326e+00 -3.120812e-01 5.448873e+00
 8.168168e-01 -2.154794e+00 -8.783413e-01 5.414619e+00
 8.178178e-01 -1.859698e+00 -1.385957e+00 5.379353e+00
 8.188188e-01 -1.447174e+00 -1.802450e+00 5.343138e+00
 8.198198e-01 -9.439782e-01 -2.101168e+00 5.306002e+00
 8.208208e-01 -3.827821e-01 -2.263053e+00 5.267931e+00
 8.218218e-01  1.999311e-01 -2.277919e+00 5.228887e+00
 8.228228e-01  7.662388e-01 -2.145158e+00 5.188825e+00
 8.238238e-01  1.279264e+00 -1.873823e+00 5.147731e+00
 8.248248e-01  1.705610e+00 -1.482068e+00 5.105633e+00
 8.258258e-01  2.017580e+00 -9.959823e-01 5.062611e+00
 8.268268e-01  2.195033e+00 -4.478879e-01 5.018776e+00
 8.278278e-01  2.226749e+00  1.257904e-01 4.974233e+00
 8.288288e-01  2.111199e+00  6.869439e-01 4.929053e+00
 8.298298e-01  1.856679e+00  1.198327e+00 4.883246e+00
 8.308308e-01  1.480772e+00  1.626062e+00 4.836765e+00
 8.318318e-01  1.009185e+00  1.941927e+00 4.789535e+00
 8.328328e-01  4.740278e-01  2.125274e+00 4.741492e+00
 8.338338e-01 -8.835475e-02  2.164445e+00 4.692629e+00
 8.348348e-01 -6.398451e-01  2.057574e+00 4.643011e+00
 8.358358e-01 -1.143152e+00  1.812725e+00 4.592767e+00
 8.368368e-01 -1.564362e+00  1.447352e+00 4.542055e+00
 8.378378e-01 -1.875268e+00  9.871047e-01 4.491007e+00
 8.388388e-01 -2.055316e+00  4.640639e-01 4.439678e+00
 8.398398e-01 -2.093020e+00 -8.547261e-02 4.388039e+00
 8.408408e-01 -1.986762e+00 -6.235062e-01 4.335985e+00
 8.418418e-01 -1.744898e+00 -1.112980e+00 4.283393e+00
 8.428428e-01 -1.385169e+00 -1.520359e+00 4.230186e+00
 8.438438e-01 -9.334533e-01 -1.817978e+00 4.176378e+00
 8.448448e-01 -4.219439e-01 -1.985965e+00 4.122095e+00
 8.458458e-01  1.131265e-01 -2.013638e+00 4.067535e+00
 8.468468e-01  6.340484e-01 -1.900234e+00 4.012907e+00
 8.478478e-01  1.104307e+00 -1.654948e+00 3.958349e+00
 8.488488e-01  1.491174e+00 -1.296256e+00 3.903878e+00
 8.498498e-01  1.768026e+00 -8.505721e-01 3.849388e+00
 8.508509e-01  1.916234e+00 -3.503455e-01 3.794694e+00
 8.518519e-01  1.926474e+00  1.682877e-01 3.739624e+00
 8.528529e-01  1.799368e+00  6.681112e-01 3.684098e+00
 8.538539e-01  1.545404e+00  1.113515e+00 3.628190e+00
 8.548549e-01  1.184142e+00  1.473065e+00 3.572112e+00
 8.558559e-01  7.427601e-01  1.721760e+00 3.516149e+00
 8.568569e-01  2.540423e-01  1.842827e+00 3.460550e+00
 8.578579e-01 -2.460380e-01  1.828906e+00 3.405432e+00
 8.588589e-01 -7.209674e-01  1.682539e+00 3.350731e+00
 8.598599e-01 -1.136377e+00  1.415936e+00 3.296226e+00
 8.608609e-01 -1.462562e+00  1.050024e+00 3.241639e+00
 8.618619e-01 -1.676652e+00  6.128538e-01 3.186753e+00
 8.628629e-01 -1.764264e+00  1.374825e-01 3.131529e+00
 8.638639e-01 -1.720520e+00 -3.405136e-01 3.076138e+00
 8.648649e-01 -1.550350e+00 -7.857023e-01 3.020913e+00
 8.658659e-01 -1.268059e+00 -1.165442e+00 2.966229e+00
 8.668669e-01 -8.961879e-01 -1.452308e+00 2.912352e+00
 8.678679e-01 -4.637588e-01 -1.626117e+00 2.859329e+00
 8.688689e-01 -4.037091e-03 -1.675394e+00 2.806960e+00
 8.698699e-01  4.480178e-01 -1.598174e+00 2.754881e+00
 8.708709e-01  8.584191e-01 -1.402081e+00 2.702714e+00
 8.718719e-01  1.196731e+00 -1.103665e+00 2.650240e+00
 8.728729e-01  1.438359e+00 -7.270701e-01 2.597509e+00
 8.738739e-01  1.566385e+00 -3.021222e-01 2.544840e+00
 8.748749e-01  1.572790e+00  1.380110e-01 2.492715e+00
 8.758759e-01  1.458990e+00  5.594014e-01 2.441583e+00
 8.768769e-01  1.235638e+00  9.299872e-01 2.391676e+00
 8.778779e-01  9.217003e-01  1.222037e+00 2.342906e+00
 8.788789e-01  5.429068e-01  1.414263e+00 2.294886e+00
 8.798799e-01  1.296713e-01  1.493410e+00 2.247089e+00
 8.808809e-01 -2.853314e-01  1.455215e+00 2.199066e+00
 8.818819e-01 -6.697489e-01  1.304642e+00 2.150654e+00
 8.828829e-01 -9.940881e-01  1.055391e+00 2.102062e+00
 8.838839e-01 -1.234004e+00  7.287273e-01 2.053809e+00
 8.848849e-01 -1.372161e+00  3.517079e-01 2.006524e+00
 8.858859e-01 -1.399522e+00 -4.502674e-02 1.960688e+00
 8.868869e-01 -1.315962e+00 -4.297337e-01 1.916427e+00
 8.878879e-01 -1.130169e+00 -7.721132e-01 1.873442e+00
 8.888889e-01 -8.588364e-01 -1.045714e+00 1.831118e+00
 8.898899e-01 -5.252196e-01 -1.230008e+00 1.788776e+00
 8.908909e-01 -1.571858e-01 -1.311965e+00 1.745960e+00
 8.918919e-01  2.150944e-01 -1.287004e+00 1.702645e+00
 8.928929e-01  5.616143e-01 -1.159251e+00 1.659273e+00
 8.938939e-01  8.549579e-01 -9.410821e-01 1.616589e+00
 8.948949e-01  1.072490e+00 -6.520019e-01 1.575341e+00
 8.958959e-01  1.198128e+00 -3.169463e-01 1.535965e+00
 8.968969e-01  1.223562e+00  3.583866e-02 1.498388e+00
 8.978979e-01  1.148817e+00  3.771653e-01 1.462034e+00
 8.988989e-01  9.821260e-01  6.793226e-01 1.426051e+00
 8.998999e-01  7.391254e-01  9.183415e-01 1.389657e+00
 9.009009e-01  4.414488e-01  1.075920e+00 1.352482e+00
 9.019019e-01  1.148411e-01  1.140854e+00 1.314735e+00
 9.029029e-01 -2.130456e-01  1.109847e+00 1.277150e+00
 9.039039e-01 -5.149857e-01  9.876626e-01 1.240688e+00
 9.049049e-01 -7.664467e-01  7.865788e-01 1.206147e+00
 9.059059e-01 -9.475991e-01  5.252326e-01 1.173813e+00
 9.069069e-01 -1.044902e+00  2.269360e-01 1.143321e+00
 9.079079e-01 -1.052138e+00 -8.237481e-02 1.113780e+00
 9.089089e-01 -9.708066e-01 -3.763837e-01 1.084130e+00
 9.099099e-01 -8.098670e-01 -6.306348e-01 1.053585e+00
 9.109109e-01 -5.848408e-01 -8.245793e-01 1.021970e+00
 9.119119e-01 -3.163724e-01 -9.432540e-01 9.898196e-01
 9.129129e-01 -2.837103e-02 -9.784533e-01 9.581758e-01
 9.139139e-01  2.540982e-01 -9.293001e-01 9.281646e-01
 9.149149e-01  5.069899e-01 -8.021745e-01 9.005227e-01
 9.159159e-01  7.093319e-01 -6.100165e-01 8.752719e-01
 9.169169e-01  8.449787e-01 -3.710724e-01 8.516836e-01
 9.179179e-01  9.039173e-01 -1.072020e-01 8.285588e-01
 9.189189e-01  8.830178e-01  1.580972e-01 8.047151e-01
 9.199199e-01  7.861687e-01  4.017731e-01 7.794829e-01
 9.209209e-01  6.237962e-01  6.032234e-01 7.530002e-01
 9.219219e-01  4.118166e-01  7.460459e-01 7.261773e-01
 9.229229e-01  1.701235e-01  8.193857e-01 7.003349e-01
 9.239239e-01 -7.924951e-02  8.187661e-01 6.766584e-01
 9.249249e-01 -3.141230e-01  7.463385e-01 6.556944e-01
 9.259259e-01 -5.141418e-01  6.105389e-01 6.370995e-01
 9.269269e-01 -6.625469e-01  4.251933e-01 6.197577e-01
 9.279279e-01 -7.475913e-01  2.081609e-01 6.022236e-01
 9.289289e-01 -7.634804e-01 -2.035447e-02 5.833166e-01
 9.299299e-01 -7.107590e-01 -2.396669e-01 5.626186e-01
 9.309309e-01 -5.961187e-01 -4.304739e-01 5.406653e-01
 9.319319e-01 -4.316535e-01 -5.765566e-01 5.187422e-01
 9.329329e-01 -2.336402e-01 -6.661635e-01 4.983615e-01
 9.339339e-01 -2.096423e-02 -6.929599e-01 4.806330e-01
 9.349349e-01  1.866615e-01 -6.564637e-01 4.657872e-01
 9.359359e-01  3.705149e-01 -5.619392e-01 4.530569e-01
 9.369369e-01  5.145540e-01 -4.197693e-01 4.409721e-01
 9.379379e-01  6.068237e-01 -2.443757e-01 4.279545e-01
 9.389389e-01  6.404550e-01 -5.279304e-02 4.129698e-01
 9.399399e-01  6.141718e-01  1.369616e-01 3.959654e-01
 9.409409e-01  5.322672e-01  3.075706e-01 3.779081e-01
 9.419419e-01  4.040638e-01  4.439923e-01 3.603967e-01
 9.429429e-01  2.429156e-01  5.347880e-01 3.450062e-01
 9.439439e-01  6.485719e-02  5.730813e-01 3.326287e-01
 9.449449e-01 -1.129671e-01  5.570698e-01 3.230884e-01
 9.459459e-01 -2.739419e-01  4.900503e-01 3.151935e-01
 9.469469e-01 -4.035294e-01  3.799671e-01 3.072110e-01
 9.479479e-01 -4.905847e-01  2.385367e-01 2.975731e-01
 9.489489e-01 -5.283175e-01  8.004087e-02 2.855259e-01
 9.499499e-01 -5.148153e-01 -8.008980e-02 2.714492e-01
 9.509510e-01 -4.530897e-01 -2.267630e-01 2.567118e-01
 9.519520e-01 -3.506496e-01 -3.466403e-01 2.431146e-01
 9.529530e-01 -2.186556e-01 -4.293473e-01 2.321493e-01
 9.539540e-01 -7.074469e-02 -4.683696e-01 2.243749e-01
 9.549550e-01  7.835287e-02 -4.615560e-01 2.191731e-01
 9.559560e-01  2.142659e-01 -4.111903e-01 2.149874e-01
 9.569570e-01  3.243609e-01 -3.236370e-01 2.099509e-01
 9.579580e-01  3.989157e-01 -2.086045e-01 2.026495e-01
 9.589590e-01  4.319766e-01 -7.810802e-02 1.927046e-01
 9.599600e-01  4.218254e-01  5.476000e-02 1.809353e-01
 9.609610e-01  3.710180e-01  1.771286e-01 1.690289e-01
 9.619620e-01  2.860031e-01  2.775865e-01 1.588520e-01
 9.629630e-01  1.763678e-01  3.472421e-01 1.516827e-01
 9.639640e-01  5.379575e-02  3.805063e-01 1.476790e-01
 9.649650e-01 -6.915327e-02  3.755284e-01 1.458038e-01
 9.659660e-01 -1.803148e-01  3.342534e-01 1.442388e-01
 9.669670e-01 -2.691155e-01  2.621046e-01 1.411220e-01
 9.679680e-01 -3.275752e-01  1.673336e-01 1.353061e-01
 9.689690e-01 -3.510202e-01  6.011232e-02 1.268287e-01
 9.699700e-01 -3.384443e-01 -4.853637e-02 1.169003e-01
 9.709710e-01 -2.924899e-01 -1.478582e-01 1.074124e-01
 9.719720e-01 -2.190630e-01 -2.284240e-01 1.001662e-01
 9.729730e-01 -1.266292e-01 -2.830195e-01 9.613498e-02
 9.739740e-01 -2.527203e-02 -3.072848e-01 9.506264e-02
 9.749750e-01  7.438363e-02 -3.000473e-01 9.556131e-02
 9.759760e-01  1.622712e-01 -2.633228e-01 9.567087e-02
 9.769770e-01  2.298907e-01 -2.019971e-01 9.365258e-02
 9.779780e-01  2.711253e-01 -1.232284e-01 8.869414e-02
 9.789790e-01  2.827883e-01 -3.564140e-02 8.123953e-02
 9.799800e-01  2.648518e-01  5.159835e-02 7.280885e-02
 9.809810e-01  2.203417e-01  1.297328e-01 6.538105e-02
 9.819820e-01  1.549210e-01  1.912835e-01 6.058991e-02
 9.829830e-01  7.621271e-02  2.307618e-01 5.905937e-02
 9.839840e-01 -7.060112e-03  2.451490e-01 6.014786e-02
 9.849850e-01 -8.602081e-02  2.341062e-01 6.220528e-02
 9.859860e-01 -1.525722e-01  1.999005e-01 6.323850e-02
 9.869870e-01 -2.002183e-01  1.470661e-01 6.171580e-02
 9.879880e-01 -2.246915e-01  8.184425e-02 5.718474e-02
 9.889890e-01 -2.243259e-01  1.146924e-02 5.045366e-02
 9.899900e-01 -2.001440e-01 -5.662055e-02 4.326352e-02
 9.909910e-01 -1.556564e-01 -1.155607e-01 3.758320e-02
 9.919920e-01 -9.640431e-02 -1.597473e-01 3.481301e-02
 9.929930e-01 -2.930087e-02 -1.853633e-01 3.521808e-02
 9.939940e-01  3.815262e-02 -1.906951e-01 3.782025e-02
 9.949950e-01  9.868860e-02 -1.762161e-01 4.079157e-02
 9.959960e-01  1.460441e-01 -1.444353e-01 4.219044e-02
 9.969970e-01  1.755998e-01 -9.953824e-02 4.074314e-02
 9.979980e-01  1.848223e-01 -4.686725e-02 3.635583e-02
 9.989990e-01  1.734688e-01  7.697740e-03 3.015066e-02
 1.000000e+00  1.435373e-01  5.838665e-02 2.401195e-02
