# x psi_r psi_i psi2 
 0.000000e+00 -8.956421e-02  5.807829e-02 1.139484e-02
 1.001001e-03 -1.162609e-01  2.094063e-02 1.395510e-02
 2.002002e-03 -1.271129e-01 -1.670081e-02 1.643660e-02
 3.003003e-03 -1.215263e-01 -4.964397e-02 1.723317e-02
 4.004004e-03 -1.010016e-01 -7.360473e-02 1.561898e-02
 5.005005e-03 -6.884257e-02 -8.576143e-02 1.209432e-02
 6.006006e-03 -2.965121e-02 -8.507501e-02 8.116952e-03
 7.007007e-03  1.131747e-02 -7.235004e-02 5.362614e-03
 8.008008e-03  4.885129e-02 -5.003852e-02 4.890302e-03
 9.009009e-03  7.843607e-02 -2.182364e-02 6.628488e-03
 1.001001e-02  9.678851e-02  7.950551e-03 9.431226e-03
 1.101101e-02  1.022050e-01  3.491861e-02 1.166517e-02
 1.201201e-02  9.469124e-02  5.531096e-02 1.202573e-02
 1.301301e-02  7.586822e-02  6.646375e-02 1.017342e-02
 1.401401e-02  4.867806e-02  6.715400e-02 6.879213e-03
 1.501502e-02  1.693927e-02  5.771927e-02 3.618453e-03
 1.601602e-02 -1.518340e-02  3.995247e-02 1.826735e-03
 1.701702e-02 -4.372159e-02  1.679410e-02 2.193619e-03
 1.801802e-02 -6.538798e-02 -8.128319e-03 4.341658e-03
 1.901902e-02 -7.794455e-02 -3.104382e-02 7.039071e-03
 2.002002e-02 -8.041442e-02 -4.858545e-02 8.827025e-03
 2.102102e-02 -7.312044e-02 -5.826427e-02 8.741324e-03
 2.202202e-02 -5.755692e-02 -5.880506e-02 6.770834e-03
 2.302302e-02 -3.612274e-02 -5.030009e-02 3.834951e-03
 2.402402e-02 -1.175970e-02 -3.416428e-02 1.305488e-03
 2.502503e-02  1.245025e-02 -1.290303e-02 3.214969e-04
 2.602603e-02  3.367418e-02  1.026970e-02 1.239417e-03
 2.702703e-02  4.965464e-02  3.190567e-02 3.483555e-03
 2.802803e-02  5.893674e-02  4.882013e-02 5.856944e-03
 2.902903e-02  6.097485e-02  5.854248e-02 7.145153e-03
 3.003003e-02  5.611605e-02  5.965780e-02 6.708064e-03
 3.103103e-02  4.547380e-02  5.199373e-02 4.771214e-03
 3.203203e-02  3.071881e-02  3.662983e-02 2.285389e-03
 3.303303e-02  1.382256e-02  1.573192e-02 4.385566e-04
 3.403403e-02 -3.207904e-03 -7.762188e-03 7.054222e-05
 3.503504e-02 -1.856867e-02 -3.055905e-02 1.278651e-03
 3.603604e-02 -3.084262e-02 -4.946864e-02 3.398414e-03
 3.703704e-02 -3.911104e-02 -6.184220e-02 5.354130e-03
 3.803804e-02 -4.298769e-02 -6.592950e-02 6.194641e-03
 3.903904e-02 -4.258193e-02 -6.110864e-02 5.547487e-03
 4.004004e-02 -3.840652e-02 -4.795966e-02 3.775190e-03
 4.104104e-02 -3.125192e-02 -2.817570e-02 1.770553e-03
 4.204204e-02 -2.205074e-02 -4.326903e-03 5.049574e-04
 4.304304e-02 -1.175378e-02  2.048791e-02 5.579057e-04
 4.404404e-02 -1.234061e-03  4.305313e-02 1.855095e-03
 4.504505e-02  8.772181e-03  6.045574e-02 3.731847e-03
 4.604605e-02  1.768688e-02  7.045722e-02 5.277046e-03
 4.704705e-02  2.508002e-02  7.177062e-02 5.780029e-03
 4.804805e-02  3.063969e-02  6.420968e-02 5.061674e-03
 4.904905e-02  3.413644e-02  4.869464e-02 3.536465e-03
 5.005005e-02  3.539525e-02  2.711842e-02 1.988233e-03
 5.105105e-02  3.428536e-02  2.094767e-03 1.179874e-03
 5.205205e-02  3.073260e-02 -2.337581e-02 1.490921e-03
 5.305305e-02  2.475271e-02 -4.627757e-02 2.754310e-03
 5.405405e-02  1.649818e-02 -6.394114e-02 4.360659e-03
 5.505506e-02  6.306489e-03 -7.435108e-02 5.567855e-03
 5.605606e-02 -5.264319e-03 -7.636451e-02 5.859251e-03
 5.705706e-02 -1.742628e-02 -6.981841e-02 5.178285e-03
 5.805806e-02 -2.918836e-02 -5.551849e-02 3.934263e-03
 5.905906e-02 -3.942380e-02 -3.511692e-02 2.787433e-03
 6.006006e-02 -4.697525e-02 -1.089934e-02 2.325469e-03
 6.106106e-02 -5.078760e-02  1.448885e-02 2.789307e-03
 6.206206e-02 -5.005237e-02  3.834235e-02 3.975375e-03
 6.306306e-02 -4.434339e-02  5.818633e-02 5.351985e-03
 6.406406e-02 -3.372260e-02  7.202624e-02 6.324993e-03
 6.506507e-02 -1.879683e-02  7.853273e-02 6.520710e-03
 6.606607e-02 -7.118206e-04  7.714700e-02 5.952167e-03
 6.706707e-02  1.892251e-02  6.810222e-02 4.995974e-03
 6.806807e-02  3.817239e-02  5.236562e-02 4.199289e-03
 6.906907e-02  5.497366e-02  3.151425e-02 4.015252e-03
 7.007007e-02  6.735798e-02  7.562382e-03 4.594287e-03
 7.107107e-02  7.368552e-02 -1.723898e-02 5.726739e-03
 7.207207e-02  7.285574e-02 -4.060968e-02 6.957105e-03
 7.307307e-02  6.446890e-02 -6.043694e-02 7.808862e-03
 7.407407e-02  4.891615e-02 -7.494591e-02 8.009680e-03
 7.507508e-02  2.738368e-02 -8.283412e-02 7.611357e-03
 7.607608e-02  1.766505e-03 -8.336344e-02 6.952583e-03
 7.707708e-02 -2.550164e-02 -7.640752e-02 6.488442e-03
 7.807808e-02 -5.168601e-02 -6.245500e-02 6.572070e-03
 7.907908e-02 -7.403124e-02 -4.257110e-02 7.292923e-03
 8.008008e-02 -9.005424e-02 -1.832126e-02 8.445434e-03
 8.108108e-02 -9.781738e-02  8.338667e-03 9.637773e-03
 8.208208e-02 -9.615171e-02  3.520036e-02 1.048422e-02
 8.308308e-02 -8.480504e-02  5.996284e-02 1.078744e-02
 8.408408e-02 -6.449786e-02  8.040645e-02 1.062517e-02
 8.508509e-02 -3.687991e-02  9.457135e-02 1.030387e-02
 8.608609e-02 -4.390822e-03  1.009292e-01 1.020599e-02
 8.708709e-02  2.996205e-02  9.853492e-02 1.060686e-02
 8.808809e-02  6.288657e-02  8.714369e-02 1.154874e-02
 8.908909e-02  9.112191e-02  6.728089e-02 1.282992e-02
 9.009009e-02  1.117568e-01  4.025162e-02 1.410978e-02
 9.109109e-02  1.225195e-01  8.082915e-03 1.507635e-02
 9.209209e-02  1.220104e-01 -2.660445e-02 1.559434e-02
 9.309309e-02  1.098574e-01 -6.078999e-02 1.576406e-02
 9.409409e-02  8.677600e-02 -9.130200e-02 1.586613e-02
 9.509510e-02  5.453118e-02 -1.151015e-01 1.622201e-02
 9.609610e-02  1.580117e-02 -1.295773e-01 1.703996e-02
 9.709710e-02 -2.604411e-02 -1.328233e-01 1.832034e-02
 9.809810e-02 -6.723191e-02 -1.238689e-01 1.986364e-02
 9.909910e-02 -1.039183e-01 -1.028352e-01 2.137411e-02
 1.001001e-01 -1.325346e-01 -7.099537e-02 2.260577e-02
 1.011011e-01 -1.501186e-01 -3.072551e-02 2.347964e-02
 1.021021e-01 -1.546017e-01  1.465586e-02 2.411648e-02
 1.031031e-01 -1.450270e-01  6.115193e-02 2.477239e-02
 1.041041e-01 -1.216759e-01  1.044344e-01 2.571156e-02
 1.051051e-01 -8.609075e-02  1.402429e-01 2.707968e-02
 1.061061e-01 -4.098693e-02  1.648004e-01 2.883911e-02
 1.071071e-01  9.941925e-03  1.752033e-01 3.079502e-02
 1.081081e-01  6.231380e-02  1.697451e-01 3.269640e-02
 1.091091e-01  1.114219e-01  1.481407e-01 3.436050e-02
 1.101101e-01  1.526436e-01  1.116219e-01 3.575951e-02
 1.111111e-01  1.818614e-01  6.289019e-02 3.702875e-02
 1.121121e-01  1.958583e-01  5.926476e-03 3.839559e-02
 1.131131e-01  1.926512e-01 -5.433135e-02 4.006639e-02
 1.141141e-01  1.717299e-01 -1.124151e-01 4.212830e-02
 1.151151e-01  1.341731e-01 -1.628204e-01 4.451290e-02
 1.161161e-01  8.262631e-02 -2.005239e-01 4.703694e-02
 1.171171e-01  2.113476e-02 -2.214735e-01 4.949719e-02
 1.181181e-01 -4.516006e-02 -2.230057e-01 5.177098e-02
 1.191191e-01 -1.104397e-01 -2.041474e-01 5.387310e-02
 1.201201e-01 -1.687110e-01 -1.657703e-01 5.594317e-02
 1.211211e-01 -2.143480e-01 -1.105790e-01 5.817278e-02
 1.221221e-01 -2.426265e-01 -4.292919e-02 6.071052e-02
 1.231231e-01 -2.501983e-01  3.151348e-02 6.359227e-02
 1.241241e-01 -2.354606e-01  1.062458e-01 6.672986e-02
 1.251251e-01 -1.987791e-01  1.744921e-01 6.996060e-02
 1.261261e-01 -1.425381e-01  2.298126e-01 7.313095e-02
 1.271271e-01 -7.100579e-02  2.667014e-01 7.617145e-02
 1.281281e-01  9.980955e-03  2.811178e-01 7.912681e-02
 1.291291e-01  9.348933e-02  2.709030e-01 8.212867e-02
 1.301301e-01  1.720831e-01  2.360391e-01 8.532704e-02
 1.311311e-01  2.384835e-01  1.787234e-01 8.881642e-02
 1.321321e-01  2.862398e-01  1.032448e-01 9.259274e-02
 1.331331e-01  3.103472e-01  1.566880e-02 9.656090e-02
 1.341341e-01  3.077523e-01 -7.664771e-02 1.005863e-01
 1.351351e-01  2.776972e-01 -1.656721e-01 1.045630e-01
 1.361361e-01  2.218646e-01 -2.433918e-01 1.084635e-01
 1.371371e-01  1.443047e-01 -3.025293e-01 1.123478e-01
 1.381381e-01  5.114539e-02 -3.372134e-01 1.163287e-01
 1.391391e-01 -4.989486e-02 -3.435454e-01 1.205129e-01
 1.401401e-01 -1.501506e-01 -3.200060e-01 1.249490e-01
 1.411411e-01 -2.407559e-01 -2.676625e-01 1.296066e-01
 1.421421e-01 -3.134287e-01 -1.901517e-01 1.343952e-01
 1.431431e-01 -3.612229e-01 -9.343462e-02 1.392120e-01
 1.441441e-01 -3.791789e-01  1.466181e-02 1.439916e-01
 1.451451e-01 -3.648149e-01  1.250812e-01 1.487352e-01
 1.461461e-01 -3.184086e-01  2.282991e-01 1.535045e-01
 1.471471e-01 -2.430421e-01  3.151458e-01 1.583863e-01
 1.481481e-01 -1.444012e-01  3.776186e-01 1.634475e-01
 1.491491e-01 -3.034091e-02  4.096114e-01 1.687021e-01
 1.501502e-01  8.974712e-02  4.074945e-01 1.741063e-01
 1.511512e-01  2.057151e-01  3.704919e-01 1.795830e-01
 1.521522e-01  3.075207e-01  3.008163e-01 1.850594e-01
 1.531532e-01  3.860957e-01  2.035470e-01 1.905013e-01
 1.541542e-01  4.341485e-01  8.625562e-02 1.959250e-01
 1.551552e-01  4.468262e-01 -4.159262e-02 2.013836e-01
 1.561562e-01  4.221804e-01 -1.694124e-01 2.069369e-01
 1.571572e-01  3.613908e-01 -2.863833e-01 2.126187e-01
 1.581582e-01  2.687253e-01 -3.823707e-01 2.184207e-01
 1.591592e-01  1.512353e-01 -4.488036e-01 2.242968e-01
 1.601602e-01  1.820918e-02 -4.794318e-01 2.301864e-01
 1.611612e-01 -1.195736e-01 -4.708979e-01 2.360426e-01
 1.621622e-01 -2.507253e-01 -4.230701e-01 2.418515e-01
 1.631632e-01 -3.641980e-01 -3.391069e-01 2.476337e-01
 1.641642e-01 -4.502162e-01 -2.252428e-01 2.534290e-01
 1.651652e-01 -5.011147e-01 -9.031235e-02 2.592722e-01
 1.661662e-01 -5.120103e-01  5.495028e-02 2.651741e-01
 1.671672e-01 -4.812494e-01  1.987799e-01 2.711145e-01
 1.681682e-01 -4.105904e-01  3.293444e-01 2.770522e-01
 1.691692e-01 -3.051035e-01  4.357238e-01 2.829434e-01
 1.701702e-01 -1.727947e-01  5.088245e-01 2.887604e-01
 1.711712e-01 -2.398190e-02  5.421488e-01 2.945004e-01
 1.721722e-01  1.295260e-01  5.323579e-01 3.001819e-01
 1.731732e-01  2.753805e-01  4.795789e-01 3.058303e-01
 1.741742e-01  4.016973e-01  3.874285e-01 3.114615e-01
 1.751752e-01  4.980292e-01  2.627526e-01 3.170721e-01
 1.761762e-01  5.562292e-01  1.150990e-01 3.226387e-01
 1.771772e-01  5.711302e-01 -4.403247e-02 3.281285e-01
 1.781782e-01  5.409870e-01 -2.021025e-01 3.335123e-01
 1.791792e-01  4.676426e-01 -3.465337e-01 3.387752e-01
 1.801802e-01  3.564052e-01 -4.657196e-01 3.439195e-01
 1.811812e-01  2.156444e-01 -5.499598e-01 3.489583e-01
 1.821822e-01  5.614066e-02 -5.922443e-01 3.539051e-01
 1.831832e-01 -1.097609e-01 -5.888263e-01 3.587638e-01
 1.841842e-01 -2.691233e-01 -5.395341e-01 3.635245e-01
 1.851852e-01 -4.094395e-01 -4.478007e-01 3.681662e-01
 1.861862e-01 -5.196207e-01 -3.204054e-01 3.726653e-01
 1.871872e-01 -5.908733e-01 -1.669516e-01 3.770041e-01
 1.881882e-01 -6.173938e-01  8.790888e-04 3.811758e-01
 1.891892e-01 -5.968282e-01  1.702359e-01 3.851841e-01
 1.901902e-01 -5.304600e-01  3.280996e-01 3.890371e-01
 1.911912e-01 -4.231131e-01  4.622939e-01 3.927404e-01
 1.921922e-01 -2.827791e-01  5.624303e-01 3.962918e-01
 1.931932e-01 -1.199981e-01  6.207102e-01 3.996806e-01
 1.941942e-01  5.295423e-02  6.325244e-01 4.028913e-01
 1.951952e-01  2.230126e-01  5.968033e-01 4.059089e-01
 1.961962e-01  3.773234e-01  5.160923e-01 4.087241e-01
 1.971972e-01  5.042253e-01  3.963487e-01 4.113354e-01
 1.981982e-01  5.941334e-01  2.464788e-01 4.137463e-01
 1.991992e-01  6.402595e-01  7.765119e-02 4.159619e-01
 2.002002e-01  6.391138e-01 -9.755734e-02 4.179839e-01
 2.012012e-01  5.907542e-01 -2.661172e-01 4.198089e-01
 2.022022e-01  4.987635e-01 -4.155284e-01 4.214288e-01
 2.032032e-01  3.699616e-01 -5.347548e-01 4.228343e-01
 2.042042e-01  2.138762e-01 -6.150405e-01 4.240178e-01
 2.052052e-01  4.201482e-02 -6.505469e-01 4.249766e-01
 2.062062e-01 -1.330042e-01 -6.387659e-01 4.257120e-01
 2.072072e-01 -2.983948e-01 -5.806796e-01 4.262282e-01
 2.082082e-01 -4.421491e-01 -4.806592e-01 4.265290e-01
 2.092092e-01 -5.539143e-01 -3.461134e-01 4.266156e-01
 2.102102e-01 -6.257382e-01 -1.869167e-01 4.264861e-01
 2.112112e-01 -6.526269e-01 -1.466229e-02 4.261368e-01
 2.122122e-01 -6.328795e-01  1.582012e-01 4.255641e-01
 2.132132e-01 -5.681763e-01  3.192842e-01 4.247667e-01
 2.142142e-01 -4.634181e-01  4.571539e-01 4.237460e-01
 2.152152e-01 -3.263343e-01  5.621495e-01 4.225061e-01
 2.162162e-01 -1.668906e-01  6.270562e-01 4.210519e-01
 2.172172e-01  3.455928e-03  6.475923e-01 4.193877e-01
 2.182182e-01  1.725977e-01  6.226766e-01 4.175161e-01
 2.192192e-01  3.286503e-01  5.544611e-01 4.154381e-01
 2.202202e-01  4.607958e-01  4.481311e-01 4.131542e-01
 2.212212e-01  5.600343e-01  3.114921e-01 4.106658e-01
 2.222222e-01  6.197931e-01  1.543772e-01 4.079758e-01
 2.232232e-01  6.363513e-01 -1.207970e-02 4.050890e-01
 2.242242e-01  6.090550e-01 -1.762476e-01 4.020112e-01
 2.252252e-01  5.403104e-01 -3.268231e-01 3.987487e-01
 2.262262e-01  4.353626e-01 -4.536147e-01 3.953068e-01
 2.272272e-01  3.018783e-01 -5.482332e-01 3.916901e-01
 2.282282e-01  1.493688e-01 -6.046416e-01 3.879025e-01
 2.292292e-01 -1.150430e-02 -6.195285e-01 3.839479e-01
 2.302302e-01 -1.696881e-01 -5.924838e-01 3.798311e-01
 2.312312e-01 -3.145071e-01 -5.259687e-01 3.755578e-01
 2.322322e-01 -4.363886e-01 -4.250881e-01 3.711349e-01
 2.332332e-01 -5.274944e-01 -2.971852e-01 3.665694e-01
 2.342342e-01 -5.822191e-01 -1.512921e-01 3.618684e-01
 2.352352e-01 -5.975216e-01  2.521514e-03 3.570384e-01
 2.362362e-01 -5.730741e-01  1.538557e-01 3.520855e-01
 2.372372e-01 -5.112219e-01  2.926907e-01 3.470156e-01
 2.382382e-01 -4.167619e-01  4.100540e-01 3.418348e-01
 2.392392e-01 -2.965617e-01  4.985987e-01 3.365495e-01
 2.402402e-01 -1.590482e-01  5.530558e-01 3.311671e-01
 2.412412e-01 -1.360530e-02  5.705346e-01 3.256948e-01
 2.422422e-01  1.300760e-01  5.506546e-01 3.201403e-01
 2.432432e-01  2.626494e-01  4.955059e-01 3.145108e-01
 2.442442e-01  3.757239e-01  4.094447e-01 3.088134e-01
 2.452452e-01  4.623919e-01  2.987446e-01 3.030546e-01
 2.462462e-01  5.176441e-01  1.711308e-01 2.972411e-01
 2.472472e-01  5.386449e-01  3.523180e-02 2.913796e-01
 2.482482e-01  5.248570e-01 -1.000112e-01 2.854771e-01
 2.492492e-01  4.780092e-01 -2.259374e-01 2.795405e-01
 2.502503e-01  4.019180e-01 -3.347224e-01 2.735771e-01
 2.512513e-01  3.021765e-01 -4.198609e-01 2.675938e-01
 2.522523e-01  1.857390e-01 -4.765484e-01 2.615974e-01
 2.532533e-01  6.042929e-02 -5.019387e-01 2.555942e-01
 2.542543e-01 -6.559019e-02 -4.952660e-01 2.495905e-01
 2.552553e-01 -1.843532e-01 -4.578277e-01 2.435923e-01
 2.562563e-01 -2.885939e-01 -3.928351e-01 2.376058e-01
 2.572573e-01 -3.721873e-01 -3.051454e-01 2.316371e-01
 2.582583e-01 -4.305024e-01 -2.008976e-01 2.256922e-01
 2.592593e-01 -4.606452e-01 -8.707943e-02 2.197768e-01
 2.602603e-01 -4.615831e-01  2.894412e-02 2.138967e-01
 2.612613e-01 -4.341457e-01  1.399095e-01 2.080572e-01
 2.622623e-01 -3.809073e-01  2.391087e-01 2.022633e-01
 2.632633e-01 -3.059628e-01  3.207909e-01 1.965201e-01
 2.642643e-01 -2.146167e-01  3.804888e-01 1.908320e-01
 2.652653e-01 -1.130071e-01  4.152508e-01 1.852038e-01
 2.662663e-01 -7.692259e-03  4.237697e-01 1.796400e-01
 2.672673e-01  9.477288e-02  4.064021e-01 1.741446e-01
 2.682683e-01  1.882436e-01  3.650838e-01 1.687218e-01
 2.692693e-01  2.673497e-01  3.031493e-01 1.633753e-01
 2.702703e-01  3.277975e-01  2.250722e-01 1.581087e-01
 2.712713e-01  3.665920e-01  1.361451e-01 1.529252e-01
 2.722723e-01  3.821695e-01  4.212199e-02 1.478278e-01
 2.732733e-01  3.744366e-01 -5.115289e-02 1.428194e-01
 2.742743e-01  3.447163e-01 -1.381059e-01 1.379026e-01
 2.752753e-01  2.956100e-01 -2.137631e-01 1.330799e-01
 2.762763e-01  2.307860e-01 -2.740282e-01 1.283536e-01
 2.772773e-01  1.547128e-01 -3.158951e-01 1.237258e-01
 2.782783e-01  7.235458e-02 -3.375838e-01 1.191980e-01
 2.792793e-01 -1.114965e-02 -3.385967e-01 1.147720e-01
 2.802803e-01 -9.080381e-02 -3.196932e-01 1.104491e-01
 2.812813e-01 -1.620491e-01 -2.827904e-01 1.062303e-01
 2.822823e-01 -2.210190e-01 -2.307972e-01 1.021168e-01
 2.832833e-01 -2.647404e-01 -1.673967e-01 9.810910e-02
 2.842843e-01 -2.912720e-01 -9.679147e-02 9.420797e-02
 2.852853e-01 -2.997746e-01 -2.342991e-02 9.041375e-02
 2.862863e-01 -2.905110e-01  4.827009e-02 8.672664e-02
 2.872873e-01 -2.647812e-01  1.141823e-01 8.314667e-02
 2.882883e-01 -2.247975e-01  1.707037e-01 7.967367e-02
 2.892893e-01 -1.735121e-01  2.149439e-01 7.630731e-02
 2.902903e-01 -1.144081e-01  2.448630e-01 7.304711e-02
 2.912913e-01 -5.126958e-02  2.593528e-01 6.989246e-02
 2.922923e-01  1.205527e-02  2.582581e-01 6.684258e-02
 2.932933e-01  7.188361e-02  2.423413e-01 6.389657e-02
 2.942943e-01  1.249061e-01  2.131944e-01 6.105338e-02
 2.952953e-01  1.683631e-01  1.731061e-01 5.831185e-02
 2.962963e-01  2.001796e-01  1.248951e-01 5.567066e-02
 2.972973e-01  2.190541e-01  7.171967e-02 5.312841e-02
 2.982983e-01  2.244966e-01  1.687781e-02 5.068359e-02
 2.992993e-01  2.168184e-01 -3.639185e-02 4.833458e-02
 3.003003e-01  1.970749e-01 -8.509509e-02 4.607969e-02
 3.013013e-01  1.669684e-01 -1.266439e-01 4.391713e-02
 3.023023e-01  1.287179e-01 -1.589866e-01 4.184504e-02
 3.033033e-01  8.490554e-02 -1.807001e-01 3.986149e-02
 3.043043e-01  3.830988e-02 -1.910415e-01 3.796449e-02
 3.053053e-01 -8.263993e-03 -1.899570e-01 3.615197e-02
 3.063063e-01 -5.214707e-02 -1.780520e-01 3.442183e-02
 3.073073e-01 -9.095311e-02 -1.565230e-01 3.277191e-02
 3.083083e-01 -1.227016e-01 -1.270605e-01 3.120004e-02
 3.093093e-01 -1.459111e-01 -9.172756e-02 2.970399e-02
 3.103103e-01 -1.596596e-01 -5.282376e-02 2.828153e-02
 3.113113e-01 -1.636094e-01 -1.274203e-02 2.693038e-02
 3.123123e-01 -1.579977e-01  2.617212e-02 2.564827e-02
 3.133133e-01 -1.435953e-01  6.175181e-02 2.443290e-02
 3.143143e-01 -1.216360e-01  9.212311e-02 2.328198e-02
 3.153153e-01 -9.372451e-02  1.157970e-01 2.219322e-02
 3.163163e-01 -6.172744e-02  1.317348e-01 2.116433e-02
 3.173173e-01 -2.765506e-02  1.393852e-01 2.019303e-02
 3.183183e-01  6.458977e-03  1.386915e-01 1.927705e-02
 3.193193e-01  3.867328e-02  1.300713e-01 1.841416e-02
 3.203203e-01  6.724334e-02  1.143698e-01 1.760212e-02
 3.213213e-01  9.070990e-02  9.279257e-02 1.683875e-02
 3.223223e-01  1.079671e-01  6.682046e-02 1.612187e-02
 3.233233e-01  1.183075e-01  3.811425e-02 1.544935e-02
 3.243243e-01  1.214427e-01  8.413540e-03 1.481911e-02
 3.253253e-01  1.174999e-01 -2.056350e-02 1.422908e-02
 3.263263e-01  1.069955e-01 -4.721443e-02 1.367725e-02
 3.273273e-01  9.078889e-02 -7.013580e-02 1.316165e-02
 3.283283e-01  7.001889e-02 -8.819145e-02 1.268038e-02
 3.293293e-01  4.602889e-02 -1.005628e-01 1.223154e-02
 3.303303e-01  2.028380e-02 -1.067797e-01 1.181333e-02
 3.313313e-01 -5.715414e-03 -1.067301e-01 1.142397e-02
 3.323323e-01 -3.051516e-02 -1.006508e-01 1.106175e-02
 3.333333e-01 -5.278609e-02 -8.909895e-02 1.072500e-02
 3.343343e-01 -7.138968e-02 -7.290824e-02 1.041210e-02
 3.353353e-01 -8.543143e-02 -5.313167e-02 1.012150e-02
 3.363363e-01 -9.429851e-02 -3.097575e-02 9.851705e-03
 3.373373e-01 -9.768067e-02 -7.729354e-03 9.601257e-03
 3.383383e-01 -9.557412e-02  1.530856e-02 9.368764e-03
 3.393393e-01 -8.826890e-02  3.689837e-02 9.152889e-03
 3.403403e-01 -7.632149e-02  5.592298e-02 8.952350e-03
 3.413413e-01 -6.051452e-02  7.144167e-02 8.765920e-03
 3.423423e-01 -4.180656e-02  8.273234e-02 8.592429e-03
 3.433433e-01 -2.127494e-02  8.932044e-02 8.430765e-03
 3.443443e-01 -5.500893e-05  9.099377e-02 8.279870e-03
 3.453453e-01  2.072099e-02  8.780310e-02 8.138744e-03
 3.463463e-01  3.998208e-02  8.004921e-02 8.006443e-03
 3.473473e-01  5.677111e-02  6.825772e-02 7.882076e-03
 3.483483e-01  7.028918e-02  5.314360e-02 7.764810e-03
 3.493493e-01  7.993006e-02  3.556752e-02 7.653863e-03
 3.503504e-01  8.530348e-02  1.648690e-02 7.548502e-03
 3.513514e-01  8.624651e-02 -3.095926e-03 7.448046e-03
 3.523524e-01  8.282309e-02 -2.218548e-02 7.351860e-03
 3.533534e-01  7.531229e-02 -3.984233e-02 7.259352e-03
 3.543544e-01  6.418647e-02 -5.522746e-02 7.169975e-03
 3.553554e-01  5.008082e-02 -6.763969e-02 7.083217e-03
 3.563564e-01  3.375626e-02 -7.654489e-02 6.998606e-03
 3.573574e-01  1.605776e-02 -8.159566e-02 6.915704e-03
 3.583584e-01 -2.129604e-03 -8.264122e-02 6.834107e-03
 3.593594e-01 -1.992465e-02 -7.972735e-02 6.753442e-03
 3.603604e-01 -3.649205e-02 -7.308693e-02 6.673368e-03
 3.613614e-01 -5.108029e-02 -6.312193e-02 6.593575e-03
 3.623624e-01 -6.305408e-02 -5.037822e-02 6.513781e-03
 3.633634e-01 -7.191980e-02 -3.551454e-02 6.433740e-03
 3.643644e-01 -7.734333e-02 -1.926763e-02 6.353232e-03
 3.653654e-01 -7.915959e-02 -2.415125e-03 6.272073e-03
 3.663664e-01 -7.737383e-02  1.426181e-02 6.190109e-03
 3.673674e-01 -7.215505e-02  3.001442e-02 6.107217e-03
 3.683684e-01 -6.382214e-02  4.415927e-02 6.023306e-03
 3.693694e-01 -5.282377e-02  5.610672e-02 5.938315e-03
 3.703704e-01 -3.971332e-02  6.538396e-02 5.852209e-03
 3.713714e-01 -2.512011e-02  7.165166e-02 5.764980e-03
 3.723724e-01 -9.718496e-03  7.471405e-02 5.676639e-03
 3.733734e-01  5.803663e-03  7.452203e-02 5.587215e-03
 3.743744e-01  2.077579e-02  7.116963e-02 5.496749e-03
 3.753754e-01  3.457320e-02  6.488441e-02 5.405292e-03
 3.763764e-01  4.664248e-02  5.601229e-02 5.312899e-03
 3.773774e-01  5.652257e-02  4.499801e-02 5.219622e-03
 3.783784e-01  6.386088e-02  3.236205e-02 5.125514e-03
 3.793794e-01  6.842404e-02  1.867543e-02 5.030621e-03
 3.803804e-01  7.010301e-02  4.533460e-03 4.934984e-03
 3.813814e-01  6.891263e-02 -9.470421e-03 4.838639e-03
 3.823824e-01  6.498593e-02 -2.276941e-02 4.741618e-03
 3.833834e-01  5.856376e-02 -3.484591e-02 4.643951e-03
 3.843844e-01  4.998026e-02 -4.525094e-02 4.545674e-03
 3.853854e-01  3.964523e-02 -5.361981e-02 4.446828e-03
 3.863864e-01  2.802411e-02 -5.968347e-02 4.347467e-03
 3.873874e-01  1.561663e-02 -6.327544e-02 4.247661e-03
 3.883884e-01  2.935105e-03 -6.433415e-02 4.147498e-03
 3.893894e-01 -9.516814e-03 -6.290088e-02 4.047091e-03
 3.903904e-01 -2.126392e-02 -5.911360e-02 3.946572e-03
 3.913914e-01 -3.187716e-02 -5.319721e-02 3.846096e-03
 3.923924e-01 -4.098859e-02 -4.545076e-02 3.745836e-03
 3.933934e-01 -4.830317e-02 -3.623232e-02 3.645977e-03
 3.943944e-01 -5.360699e-02 -2.594227e-02 3.546711e-03
 3.953954e-01 -5.677197e-02 -1.500573e-02 3.448229e-03
 3.963964e-01 -5.775682e-02 -3.854948e-03 3.350711e-03
 3.973974e-01 -5.660461e-02  7.087757e-03 3.254318e-03
 3.983984e-01 -5.343718e-02  1.742570e-02 3.159187e-03
 3.993994e-01 -4.844672e-02  2.680178e-02 3.065420e-03
 4.004004e-01 -4.188513e-02  3.491015e-02 2.973083e-03
 4.014014e-01 -3.405160e-02  4.150532e-02 2.882203e-03
 4.024024e-01 -2.527908e-02  4.640839e-02 2.792771e-03
 4.034034e-01 -1.592014e-02  4.951053e-02 2.704743e-03
 4.044044e-01 -6.332905e-03  5.077348e-02 2.618052e-03
 4.054054e-01  3.132481e-03  5.022749e-02 2.532613e-03
 4.064064e-01  1.214636e-02  4.796669e-02 2.448338e-03
 4.074074e-01  2.041059e-02  4.414242e-02 2.365146e-03
 4.084084e-01  2.766778e-02  3.895473e-02 2.282977e-03
 4.094094e-01  3.370852e-02  3.264259e-02 2.201803e-03
 4.104104e-01  3.837642e-02  2.547325e-02 2.121636e-03
 4.114114e-01  4.157091e-02  1.773110e-02 2.042532e-03
 4.124124e-01  4.324789e-02  9.706614e-03 1.964598e-03
 4.134134e-01  4.341822e-02  1.685669e-03 1.887984e-03
 4.144144e-01  4.214438e-02 -6.060316e-03 1.812876e-03
 4.154154e-01  3.953542e-02 -1.328316e-02 1.739491e-03
 4.164164e-01  3.574056e-02 -1.976532e-02 1.668056e-03
 4.174174e-01  3.094179e-02 -2.532582e-02 1.598792e-03
 4.184184e-01  2.534566e-02 -2.982443e-02 1.531899e-03
 4.194194e-01  1.917478e-02 -3.316421e-02 1.467537e-03
 4.204204e-01  1.265926e-02 -3.529239e-02 1.405810e-03
 4.214214e-01  6.028399e-03 -3.619961e-02 1.346753e-03
 4.224224e-01 -4.970886e-04 -3.591772e-02 1.290330e-03
 4.234234e-01 -6.712012e-03 -3.451626e-02 1.236423e-03
 4.244244e-01 -1.243271e-02 -3.209790e-02 1.184848e-03
 4.254254e-01 -1.750194e-02 -2.879300e-02 1.135355e-03
 4.264264e-01 -2.179249e-02 -2.475357e-02 1.087652e-03
 4.274274e-01 -2.520962e-02 -2.014691e-02 1.041423e-03
 4.284284e-01 -2.769217e-02 -1.514911e-02 9.963519e-04
 4.294294e-01 -2.921251e-02 -9.938684e-03 9.521485e-04
 4.304304e-01 -2.977533e-02 -4.690583e-03 9.085719e-04
 4.314314e-01 -2.941544e-02  4.293439e-04 8.654522e-04
 4.324324e-01 -2.819472e-02  5.269166e-03 8.227065e-04
 4.334334e-01 -2.619842e-02  9.694914e-03 7.803487e-04
 4.344344e-01 -2.353083e-02  1.359376e-02 7.384905e-04
 4.354354e-01 -2.031074e-02  1.687629e-02 6.973355e-04
 4.364364e-01 -1.666667e-02  1.947784e-02 6.571640e-04
 4.374374e-01 -1.273214e-02  2.135893e-02 6.183110e-04
 4.384384e-01 -8.641109e-03  2.250487e-02 5.811380e-04
 4.394394e-01 -4.523747e-03  2.292460e-02 5.460015e-04
 4.404404e-01 -5.025745e-04  2.264879e-02 5.132202e-04
 4.414414e-01  3.310807e-03  2.172746e-02 4.830439e-04
 4.424424e-01  6.818438e-03  2.022710e-02 4.556267e-04
 4.434434e-01  9.938066e-03  1.822749e-02 4.310066e-04
 4.444444e-01  1.260457e-02  1.581834e-02 4.090950e-04
 4.454454e-01  1.477073e-02  1.309582e-02 3.896751e-04
 4.464464e-01  1.640738e-02  1.015923e-02 3.724120e-04
 4.474474e-01  1.750294e-02  7.107711e-03 3.568725e-04
 4.484484e-01  1.806253e-02  4.037279e-03 3.425547e-04
 4.494494e-01  1.810650e-02  1.038155e-03 3.289232e-04
 4.504505e-01  1.766870e-02 -1.807530e-03 3.154502e-04
 4.514515e-01  1.679442e-02 -4.427608e-03 3.016562e-04
 4.524525e-01  1.553813e-02 -6.761298e-03 2.871488e-04
 4.534535e-01  1.396117e-02 -8.760185e-03 2.716552e-04
 4.544545e-01  1.212934e-02 -1.038874e-02 2.550467e-04
 4.554555e-01  1.011058e-02 -1.162443e-02 2.373511e-04
 4.564565e-01  7.972798e-03 -1.245742e-02 2.187528e-04
 4.574575e-01  5.781850e-03 -1.288994e-02 1.995803e-04
 4.584585e-01  3.599739e-03 -1.293532e-02 1.802807e-04
 4.594595e-01  1.483106e-03 -1.261684e-02 1.613843e-04
 4.604605e-01 -5.179928e-04 -1.196629e-02 1.434603e-04
 4.614615e-01 -2.361014e-03 -1.102248e-02 1.270695e-04
 4.624625e-01 -4.011529e-03 -9.829665e-03 1.127147e-04
 4.634635e-01 -5.443550e-03 -8.435900e-03 1.007966e-04
 4.644645e-01 -6.639534e-03 -6.891448e-03 9.157547e-05
 4.654655e-01 -7.590168e-03 -5.247296e-03 8.514476e-05
 4.664665e-01 -8.293876e-03 -3.553688e-03 8.141708e-05
 4.674675e-01 -8.756172e-03 -1.858917e-03 8.012612e-05
 4.684685e-01 -8.988810e-03 -2.081364e-04 8.084203e-05
 4.694695e-01 -9.008853e-03  1.357487e-03 8.300221e-05
 4.704705e-01 -8.837620e-03  2.801622e-03 8.595260e-05
 4.714715e-01 -8.499630e-03  4.093214e-03 8.899810e-05
 4.724725e-01 -8.021500e-03  5.206997e-03 9.145729e-05
 4.734735e-01 -7.430918e-03  6.123530e-03 9.271615e-05
 4.744745e-01 -6.755612e-03  6.829417e-03 9.227922e-05
 4.754755e-01 -6.022482e-03  7.316968e-03 8.980830e-05
 4.764765e-01 -5.256751e-03  7.584231e-03 8.515399e-05
 4.774775e-01 -4.481334e-03  7.634302e-03 7.836493e-05
 4.784785e-01 -3.716236e-03  7.475318e-03 6.969078e-05
 4.794795e-01 -2.978214e-03  7.119391e-03 5.955549e-05
 4.804805e-01 -2.280435e-03  6.582819e-03 4.853389e-05
 4.814815e-01 -1.632475e-03  5.884457e-03 3.729181e-05
 4.824825e-01 -1.040164e-03  5.046695e-03 2.655107e-05
 4.834835e-01 -5.060288e-04  4.092328e-03 1.700321e-05
 4.844845e-01 -2.893676e-05  3.048991e-03 9.297183e-06
 4.854855e-01  3.925869e-04  1.929826e-03 3.878354e-06
 4.864865e-01  7.477605e-04  6.933938e-04 1.039941e-06
 4.874875e-01  1.028917e-03 -5.888864e-04 1.405457e-06
 4.884885e-01  1.235438e-03 -1.822055e-03 4.846193e-06
 4.894895e-01  1.371911e-03 -2.919352e-03 1.040476e-05
 4.904905e-01  1.446687e-03 -3.802328e-03 1.655060e-05
 4.914915e-01  1.469804e-03 -4.408922e-03 2.159892e-05
 4.924925e-01  1.451293e-03 -4.695963e-03 2.415832e-05
 4.934935e-01  1.399520e-03 -4.643050e-03 2.351656e-05
 4.944945e-01  1.320148e-03 -4.253166e-03 1.983221e-05
 4.954955e-01  1.215509e-03 -3.552912e-03 1.410064e-05
 4.964965e-01  1.084707e-03 -2.590378e-03 7.886645e-06
 4.974975e-01  9.241872e-04 -1.432127e-03 2.905111e-06
 4.984985e-01  7.289368e-04 -1.586491e-04 5.565184e-07
 4.994995e-01  4.939244e-04  1.140992e-03 1.545823e-06
 5.005005e-01  2.158515e-04  2.375067e-03 5.687533e-06
 5.015015e-01 -1.052552e-04  3.455481e-03 1.195143e-05
 5.025025e-01 -4.645541e-04  4.303582e-03 1.873663e-05
 5.035035e-01 -8.514882e-04  4.855857e-03 2.430438e-05
 5.045045e-01 -1.249323e-03  5.068104e-03 2.724649e-05
 5.055055e-01 -1.635579e-03  4.919172e-03 2.687337e-05
 5.065065e-01 -1.983002e-03  4.412255e-03 2.340029e-05
 5.075075e-01 -2.261496e-03  3.575837e-03 1.790097e-05
 5.085085e-01 -2.440371e-03  2.461428e-03 1.201404e-05
 5.095095e-01 -2.491372e-03  1.141692e-03 7.510393e-06
 5.105105e-01 -2.391447e-03 -2.954217e-04 5.806291e-06
 5.115115e-01 -2.126016e-03 -1.750363e-03 7.583711e-06
 5.125125e-01 -1.691070e-03 -3.121154e-03 1.260132e-05
 5.135135e-01 -1.095749e-03 -4.306316e-03 1.974502e-05
 5.145145e-01 -3.622045e-04 -5.218432e-03 2.736323e-05
 5.155155e-01  4.721637e-04 -5.777565e-03 3.360320e-05
 5.165165e-01  1.366668e-03 -5.969825e-03 3.750659e-05
 5.175175e-01  2.321390e-03 -5.999188e-03 4.137911e-05
 5.185185e-01  3.322131e-03 -5.886606e-03 4.568869e-05
 5.195195e-01  4.346975e-03 -5.612223e-03 5.039324e-05
 5.205205e-01  5.371883e-03 -5.167800e-03 5.556329e-05
 5.215215e-01  6.369396e-03 -4.544437e-03 6.122111e-05
 5.225225e-01  7.309940e-03 -3.739761e-03 6.742103e-05
 5.235235e-01  8.161853e-03 -2.754527e-03 7.420327e-05
 5.245245e-01  8.892470e-03 -1.595850e-03 8.162276e-05
 5.255255e-01  9.468663e-03 -2.756833e-04 8.973157e-05
 5.265265e-01  9.857996e-03  1.187387e-03 9.858997e-05
 5.275275e-01  1.002959e-02  2.769138e-03 1.082608e-04
 5.285285e-01  9.955374e-03  4.438780e-03 1.188122e-04
 5.295295e-01  9.611117e-03  6.159917e-03 1.303182e-04
 5.305305e-01  8.977717e-03  7.890313e-03 1.428564e-04
 5.315315e-01  8.042269e-03  9.583056e-03 1.565130e-04
 5.325325e-01  6.799242e-03  1.118694e-02 1.713774e-04
 5.335335e-01  5.251419e-03  1.264797e-02 1.875486e-04
 5.345345e-01  3.410809e-03  1.391028e-02 2.051295e-04
 5.355355e-01  1.299269e-03  1.491796e-02 2.242338e-04
 5.365365e-01 -1.051023e-03  1.561650e-02 2.449797e-04
 5.375375e-01 -3.597444e-03  1.595480e-02 2.674974e-04
 5.385385e-01 -6.287049e-03  1.588696e-02 2.919224e-04
 5.395395e-01 -9.057105e-03  1.537439e-02 3.184031e-04
 5.405405e-01 -1.183593e-02  1.438769e-02 3.470948e-04
 5.415415e-01 -1.454418e-02  1.290864e-02 3.781662e-04
 5.425425e-01 -1.709645e-02  1.093189e-02 4.117948e-04
 5.435435e-01 -1.940333e-02  8.466566e-03 4.481721e-04
 5.445445e-01 -2.137375e-02  5.537446e-03 4.875003e-04
 5.455455e-01 -2.291764e-02  2.185918e-03 5.299965e-04
 5.465465e-01 -2.394891e-02 -1.529683e-03 5.758904e-04
 5.475475e-01 -2.438856e-02 -5.534049e-03 6.254275e-04
 5.485485e-01 -2.416787e-02 -9.735627e-03 6.788683e-04
 5.495495e-01 -2.323170e-02 -1.402776e-02 7.364898e-04
 5.505506e-01 -2.154157e-02 -1.829063e-02 7.985866e-04
 5.515516e-01 -1.907865e-02 -2.239366e-02 8.654708e-04
 5.525526e-01 -1.584624e-02 -2.619869e-02 9.374747e-04
 5.535536e-01 -1.187197e-02 -2.956359e-02 1.014949e-03
 5.545546e-01 -7.209284e-03 -3.234648e-02 1.098269e-03
 5.555556e-01 -1.938297e-03 -3.441032e-02 1.187827e-03
 5.565566e-01  3.834216e-03 -3.562783e-02 1.284043e-03
 5.575576e-01  9.975654e-03 -3.588657e-02 1.387360e-03
 5.585586e-01  1.632942e-02 -3.509410e-02 1.498246e-03
 5.595596e-01  2.271774e-02 -3.318285e-02 1.617197e-03
 5.605606e-01  2.894541e-02 -3.011477e-02 1.744736e-03
 5.615616e-01  3.480462e-02 -2.588542e-02 1.881416e-03
 5.625626e-01  4.008060e-02 -2.052725e-02 2.027822e-03
 5.635636e-01  4.455805e-02 -1.411202e-02 2.184569e-03
 5.645646e-01  4.802828e-02 -6.752140e-03 2.352307e-03
 5.655656e-01  5.029675e-02  1.399359e-03 2.531721e-03
 5.665666e-01  5.119090e-02  1.015013e-02 2.723533e-03
 5.675676e-01  5.056795e-02  1.927136e-02 2.928503e-03
 5.685686e-01  4.832244e-02  2.850214e-02 3.147430e-03
 5.695696e-01  4.439317e-02  3.755535e-02 3.381157e-03
 5.705706e-01  3.876927e-02  4.612496e-02 3.630568e-03
 5.715716e-01  3.149511e-02  5.389482e-02 3.896594e-03
 5.725726e-01  2.267373e-02  6.054844e-02 4.180211e-03
 5.735736e-01  1.246848e-02  6.577981e-02 4.482446e-03
 5.745746e-01  1.102815e-03  6.930483e-02 4.804376e-03
 5.755756e-01 -1.114217e-02  7.087300e-02 5.147130e-03
 5.765766e-01 -2.393237e-02  7.027898e-02 5.511893e-03
 5.775776e-01 -3.688766e-02  6.737363e-02 5.899906e-03
 5.785786e-01 -4.959112e-02  6.207407e-02 6.312469e-03
 5.795796e-01 -6.160040e-02  5.437220e-02 6.750945e-03
 5.805806e-01 -7.246101e-02  4.434140e-02 7.216758e-03
 5.815816e-01 -8.172124e-02  3.214087e-02 7.711398e-03
 5.825826e-01 -8.894831e-02  1.801726e-02 8.236423e-03
 5.835836e-01 -9.374518e-02  2.303272e-03 8.793463e-03
 5.845846e-01 -9.576764e-02 -1.458690e-02 9.384219e-03
 5.855856e-01 -9.474093e-02 -3.216557e-02 1.001047e-02
 5.865866e-01 -9.047520e-02 -4.988285e-02 1.067406e-02
 5.875876e-01 -8.287934e-02 -6.714125e-02 1.137693e-02
 5.885886e-01 -7.197225e-02 -8.331325e-02 1.212110e-02
 5.895896e-01 -5.789109e-02 -9.776139e-02 1.290867e-02
 5.905906e-01 -4.089588e-02 -1.098606e-01 1.374182e-02
 5.915916e-01 -2.136987e-02 -1.190217e-01 1.462283e-02
 5.925926e-01  1.844829e-04 -1.247159e-01 1.555409e-02
 5.935936e-01  2.315449e-02 -1.264987e-01 1.653804e-02
 5.945946e-01  4.683092e-02 -1.240328e-01 1.757727e-02
 5.955956e-01  7.042648e-02 -1.171091e-01 1.867444e-02
 5.965966e-01  9.309877e-02 -1.056642e-01 1.983230e-02
 5.975976e-01  1.139771e-01 -8.979406e-02 2.105376e-02
 5.985986e-01  1.321928e-01 -6.976280e-02 2.234178e-02
 5.995996e-01  1.469113e-01 -4.600574e-02 2.369946e-02
 6.006006e-01  1.573665e-01 -1.912617e-02 2.513002e-02
 6.016016e-01  1.628941e-01  1.011450e-02 2.663679e-02
 6.026026e-01  1.629646e-01  4.081349e-02 2.822321e-02
 6.036036e-01  1.572134e-01  7.195006e-02 2.989285e-02
 6.046046e-01  1.454665e-01  1.024154e-01 3.164941e-02
 6.056056e-01  1.277619e-01  1.310482e-01 3.349672e-02
 6.066066e-01  1.043631e-01  1.566750e-01 3.543872e-02
 6.076076e-01  7.576623e-02  1.781544e-01 3.747951e-02
 6.086086e-01  4.269737e-02  1.944228e-01 3.962330e-02
 6.096096e-01  6.101659e-03  2.045415e-01 4.187446e-02
 6.106106e-01 -3.287755e-02  2.077415e-01 4.423748e-02
 6.116116e-01 -7.292880e-02  2.034660e-01 4.671701e-02
 6.126126e-01 -1.126115e-01  1.914066e-01 4.931784e-02
 6.136136e-01 -1.504032e-01  1.715336e-01 5.204490e-02
 6.146146e-01 -1.847532e-01  1.441164e-01 5.490327e-02
 6.156156e-01 -2.141416e-01  1.097341e-01 5.789819e-02
 6.166166e-01 -2.371416e-01  6.927416e-02 6.103506e-02
 6.176176e-01 -2.524822e-01  2.391889e-02 6.431940e-02
 6.186186e-01 -2.591097e-01 -2.488144e-02 6.775692e-02
 6.196196e-01 -2.562442e-01 -7.544784e-02 7.135348e-02
 6.206206e-01 -2.434301e-01 -1.259241e-01 7.511510e-02
 6.216216e-01 -2.205758e-01 -1.743395e-01 7.904796e-02
 6.226226e-01 -1.879825e-01 -2.186801e-01 8.315838e-02
 6.236236e-01 -1.463580e-01 -2.569674e-01 8.745289e-02
 6.246246e-01 -9.681544e-02 -2.873411e-01 9.193815e-02
 6.256256e-01 -4.085479e-02 -3.081426e-01 9.662099e-02
 6.266266e-01  1.967279e-02 -3.179959e-01 1.015084e-01
 6.276276e-01  8.261782e-02 -3.158827e-01 1.066076e-01
 6.286286e-01  1.456013e-01 -3.012076e-01 1.119258e-01
 6.296296e-01  2.060982e-01 -2.738505e-01 1.174706e-01
 6.306306e-01  2.615322e-01 -2.342018e-01 1.232496e-01
 6.316316e-01  3.093801e-01 -1.831792e-01 1.292707e-01
 6.326326e-01  3.472797e-01 -1.222233e-01 1.355418e-01
 6.336336e-01  3.731398e-01 -5.327026e-02 1.420710e-01
 6.346346e-01  3.852444e-01  2.129798e-02 1.488668e-01
 6.356356e-01  3.823490e-01  9.872619e-02 1.559376e-01
 6.366366e-01  3.637627e-01  1.759790e-01 1.632920e-01
 6.376376e-01  3.294122e-01  2.498526e-01 1.709387e-01
 6.386386e-01  2.798825e-01  3.171002e-01 1.788868e-01
 6.396396e-01  2.164331e-01  3.745691e-01 1.871453e-01
 6.406406e-01  1.409845e-01  4.193409e-01 1.957235e-01
 6.416416e-01  5.607638e-02  4.488720e-01 2.046307e-01
 6.426426e-01 -3.520511e-02  4.611258e-01 2.138764e-01
 6.436436e-01 -1.293282e-01  4.546918e-01 2.234704e-01
 6.446446e-01 -2.224428e-01  4.288842e-01 2.334224e-01
 6.456456e-01 -3.105290e-01  3.838152e-01 2.437424e-01
 6.466466e-01 -3.895644e-01  3.204371e-01 2.544403e-01
 6.476476e-01 -4.556996e-01  2.405498e-01 2.655264e-01
 6.486486e-01 -5.054395e-01  1.467712e-01 2.770109e-01
 6.496496e-01 -5.358177e-01  4.246838e-02 2.889041e-01
 6.506507e-01 -5.445596e-01 -6.834860e-02 3.012167e-01
 6.516517e-01 -5.302235e-01 -1.811686e-01 3.139590e-01
 6.526527e-01 -4.923128e-01 -2.911528e-01 3.271419e-01
 6.536537e-01 -4.313520e-01 -3.933336e-01 3.407759e-01
 6.546547e-01 -3.489206e-01 -4.828315e-01 3.548719e-01
 6.556557e-01 -2.476415e-01 -5.550806e-01 3.694408e-01
 6.566567e-01 -1.311191e-01 -6.060537e-01 3.844934e-01
 6.576577e-01 -3.830805e-03 -6.324761e-01 4.000406e-01
 6.586587e-01  1.290308e-01 -6.320163e-01 4.160936e-01
 6.596597e-01  2.617562e-01 -6.034458e-01 4.326631e-01
 6.606607e-01  3.883546e-01 -5.467550e-01 4.497603e-01
 6.616617e-01  5.028150e-01 -4.632205e-01 4.673961e-01
 6.626627e-01  5.993845e-01 -3.554150e-01 4.855816e-01
 6.636637e-01  6.728502e-01 -2.271568e-01 5.043276e-01
 6.646647e-01  7.188114e-01 -8.339815e-02 5.236450e-01
 6.656657e-01  7.339293e-01  6.994721e-02 5.435449e-01
 6.666667e-01  7.161403e-01  2.262318e-01 5.640378e-01
 6.676677e-01  6.648201e-01  3.783501e-01 5.851346e-01
 6.686687e-01  5.808884e-01  5.190516e-01 6.068459e-01
 6.696697e-01  4.668451e-01  6.412782e-01 6.291821e-01
 6.706707e-01  3.267322e-01  7.385119e-01 6.521538e-01
 6.716717e-01  1.660189e-01  8.051141e-01 6.757710e-01
 6.726727e-01 -8.588979e-03  8.366422e-01 7.000440e-01
 6.736737e-01 -1.894101e-01  8.301243e-01 7.249825e-01
 6.746747e-01 -3.681112e-01  7.842771e-01 7.505965e-01
 6.756757e-01 -5.360794e-01  6.996529e-01 7.768953e-01
 6.766767e-01 -6.848290e-01  5.787033e-01 8.038883e-01
 6.776777e-01 -8.064234e-01  4.257533e-01 8.315845e-01
 6.786787e-01 -8.938921e-01  2.468800e-01 8.599928e-01
 6.796797e-01 -9.416218e-01  4.969859e-02 8.891216e-01
 6.806807e-01 -9.457001e-01 -1.569407e-01 9.189791e-01
 6.816817e-01 -9.041917e-01 -3.633328e-01 9.495733e-01
 6.826827e-01 -8.173293e-01 -5.593609e-01 9.809118e-01
 6.836837e-01 -6.876053e-01 -7.349834e-01 1.013002e+00
 6.846847e-01 -5.197529e-01 -8.807422e-01 1.045850e+00
 6.856857e-01 -3.206130e-01 -9.882662e-01 1.079463e+00
 6.866867e-01 -9.888574e-02 -1.050746e+00 1.113846e+00
 6.876877e-01  1.352248e-01 -1.063353e+00 1.149006e+00
 6.886887e-01  3.704615e-01 -1.023575e+00 1.184948e+00
 6.896897e-01  5.950422e-01 -9.314505e-01 1.221675e+00
 6.906907e-01  7.972403e-01 -7.896841e-01 1.259193e+00
 6.916917e-01  9.659917e-01 -6.036266e-01 1.297505e+00
 6.926927e-01  1.091496e+00 -3.811167e-01 1.336614e+00
 6.936937e-01  1.165783e+00 -1.321854e-01 1.376522e+00
 6.946947e-01  1.183205e+00  1.313697e-01 1.417232e+00
 6.956957e-01  1.140839e+00  3.965233e-01 1.458745e+00
 6.966967e-01  1.038755e+00  6.496523e-01 1.501061e+00
 6.976977e-01  8.801446e-01  8.772266e-01 1.544181e+00
 6.986987e-01  6.712832e-01  1.066528e+00 1.588104e+00
 6.996997e-01  4.213332e-01  1.206361e+00 1.632829e+00
 7.007007e-01  1.419764e-01  1.287710e+00 1.678354e+00
 7.017017e-01 -1.531030e-01  1.304315e+00 1.724677e+00
 7.027027e-01 -4.488680e-01  1.253120e+00 1.771793e+00
 7.037037e-01 -7.296815e-01  1.134577e+00 1.819700e+00
 7.047047e-01 -9.801258e-01  9.527560e-01 1.868391e+00
 7.057057e-01 -1.185847e+00  7.152821e-01 1.917861e+00
 7.067067e-01 -1.334377e+00  4.330603e-01 1.968104e+00
 7.077077e-01 -1.415894e+00  1.198146e-01 2.019112e+00
 7.087087e-01 -1.423862e+00 -2.085510e-01 2.070877e+00
 7.097097e-01 -1.355524e+00 -5.347396e-01 2.123390e+00
 7.107107e-01 -1.212199e+00 -8.409607e-01 2.176642e+00
 7.117117e-01 -9.993764e-01 -1.109895e+00 2.230621e+00
 7.127127e-01 -7.265647e-01 -1.325677e+00 2.285316e+00
 7.137137e-01 -4.069221e-01 -1.474831e+00 2.340713e+00
 7.147147e-01 -5.665822e-02 -1.547123e+00 2.396801e+00
 7.157157e-01  3.057600e-01 -1.536253e+00 2.453564e+00
 7.167167e-01  6.605636e-01 -1.440362e+00 2.510986e+00
 7.177177e-01  9.877507e-01 -1.262300e+00 2.569052e+00
 7.187187e-01  1.268214e+00 -1.009643e+00 2.627745e+00
 7.197197e-01  1.484859e+00 -6.944335e-01 2.687046e+00
 7.207207e-01  1.623661e+00 -3.326547e-01 2.746935e+00
 7.217217e-01  1.674574e+00  5.654204e-02 2.807394e+00
 7.227227e-01  1.632254e+00  4.518267e-01 2.868401e+00
 7.237237e-01  1.496539e+00  8.308449e-01 2.929933e+00
 7.247247e-01  1.272638e+00  1.171478e+00 2.991968e+00
 7.257257e-01  9.710164e-01  1.453138e+00 3.054482e+00
 7.267267e-01  6.069692e-01  1.658022e+00 3.117450e+00
 7.277277e-01  1.998906e-01  1.772255e+00 3.180845e+00
 7.287287e-01 -2.277269e-01  1.786836e+00 3.244642e+00
 7.297297e-01 -6.515142e-01  1.698335e+00 3.308813e+00
 7.307307e-01 -1.046606e+00  1.509286e+00 3.373329e+00
 7.317317e-01 -1.389103e+00  1.228232e+00 3.438160e+00
 7.327327e-01 -1.657526e+00  8.694145e-01 3.503276e+00
 7.337337e-01 -1.834187e+00  4.521084e-01 3.568645e+00
 7.347347e-01 -1.906367e+00 -3.738897e-04 3.634235e+00
 7.357357e-01 -1.867246e+00 -4.619574e-01 3.700013e+00
 7.367367e-01 -1.716504e+00 -9.052944e-01 3.765945e+00
 7.377377e-01 -1.460544e+00 -1.303384e+00 3.831997e+00
 7.387387e-01 -1.112308e+00 -1.631227e+00 3.898133e+00
 7.397397e-01 -6.906972e-01 -1.867419e+00 3.964316e+00
 7.407407e-01 -2.195844e-01 -1.995568e+00 4.030510e+00
 7.417417e-01  2.734979e-01 -2.005462e+00 4.096677e+00
 7.427427e-01  7.589510e-01 -1.893877e+00 4.162778e+00
 7.437437e-01  1.206883e+00 -1.664994e+00 4.228774e+00
 7.447447e-01  1.588960e+00 -1.330350e+00 4.294625e+00
 7.457457e-01  1.880220e+00 -9.083310e-01 4.360291e+00
 7.467467e-01  2.060731e+00 -4.232241e-01 4.425732e+00
 7.477477e-01  2.116994e+00  9.614696e-02 4.490907e+00
 7.487487e-01  2.042967e+00  6.181095e-01 4.555773e+00
 7.497497e-01  1.840662e+00  1.110068e+00 4.620288e+00
 7.507508e-01  1.520238e+00  1.540547e+00 4.684409e+00
 7.517518e-01  1.099573e+00  1.881231e+00 4.748092e+00
 7.527528e-01  6.033333e-01  2.108859e+00 4.811295e+00
 7.537538e-01  6.156697e-02  2.206849e+00 4.873975e+00
 7.547548e-01 -4.920853e-01  2.166550e+00 4.936087e+00
 7.557558e-01 -1.022473e+00  1.987999e+00 4.997588e+00
 7.567568e-01 -1.495173e+00  1.680146e+00 5.058435e+00
 7.577578e-01 -1.878753e+00  1.260503e+00 5.118582e+00
 7.587588e-01 -2.146895e+00  7.542075e-01 5.177986e+00
 7.597598e-01 -2.280245e+00  1.925716e-01 5.236600e+00
 7.607608e-01 -2.267862e+00 -3.888273e-01 5.294383e+00
 7.617618e-01 -2.108137e+00 -9.523894e-01 5.351288e+00
 7.627628e-01 -1.809130e+00 -1.460933e+00 5.407275e+00
 7.637638e-01 -1.388254e+00 -1.880172e+00 5.462299e+00
 7.647648e-01 -8.713428e-01 -2.181073e+00 5.516318e+00
 7.657658e-01 -2.911080e-01 -2.341911e+00 5.569289e+00
 7.667668e-01  3.148933e-01 -2.349896e+00 5.621170e+00
 7.677678e-01  9.066811e-01 -2.202237e+00 5.671918e+00
 7.687688e-01  1.444499e+00 -1.906545e+00 5.721490e+00
 7.697698e-01  1.891514e+00 -1.480547e+00 5.769846e+00
 7.707708e-01  2.216383e+00 -9.511005e-01 5.816945e+00
 7.717718e-01  2.395509e+00 -3.525467e-01 5.862750e+00
 7.727728e-01  2.414816e+00  2.754784e-01 5.907224e+00
 7.737738e-01  2.270914e+00  8.906613e-01 5.950328e+00
 7.747748e-01  1.971547e+00  1.450872e+00 5.992027e+00
 7.757758e-01  1.535278e+00  1.917082e+00 6.032282e+00
 7.767768e-01  9.904140e-01  2.256133e+00 6.071056e+00
 7.777778e-01  3.732243e-01  2.443158e+00 6.108315e+00
 7.787788e-01 -2.744446e-01  2.463474e+00 6.144025e+00
 7.797798e-01 -9.079959e-01  2.313806e+00 6.178156e+00
 7.807808e-01 -1.483169e+00  2.002721e+00 6.210679e+00
 7.817818e-01 -1.959166e+00  1.550238e+00 6.241567e+00
 7.827828e-01 -2.301604e+00  9.866150e-01 6.270792e+00
 7.837838e-01 -2.485068e+00  3.503791e-01 6.298326e+00
 7.847848e-01 -2.495069e+00 -3.142803e-01 6.324141e+00
 7.857858e-01 -2.329272e+00 -9.605740e-01 6.348210e+00
 7.867868e-01 -1.997856e+00 -1.542426e+00 6.370509e+00
 7.877878e-01 -1.522988e+00 -2.017802e+00 6.391016e+00
 7.887888e-01 -9.374081e-01 -2.351804e+00 6.409715e+00
 7.897898e-01 -2.822249e-01 -2.519314e+00 6.426592e+00
 7.907908e-01  3.959457e-01 -2.506962e+00 6.441631e+00
 7.917918e-01  1.048297e+00 -2.314280e+00 6.454820e+00
 7.927928e-01  1.627370e+00 -1.953921e+00 6.466141e+00
 7.937938e-01  2.090555e+00 -1.450916e+00 6.475578e+00
 7.947948e-01  2.403294e+00 -8.410073e-01 6.483117e+00
 7.957958e-01  2.541746e+00 -1.681502e-01 6.488746e+00
 7.967968e-01  2.494691e+00  5.186323e-01 6.492462e+00
 7.977978e-01  2.264532e+00  1.168829e+00 6.494264e+00
 7.987988e-01  1.867283e+00  1.734188e+00 6.494155e+00
 7.997998e-01  1.331545e+00  2.172355e+00 6.492137e+00
 8.008008e-01  6.965020e-01  2.450122e+00 6.488211e+00
 8.018018e-01  9.100531e-03  2.546034e+00 6.482371e+00
 8.028028e-01 -6.794111e-01  2.452145e+00 6.474614e+00
 8.038038e-01 -1.317318e+00  2.174767e+00 6.464938e+00
 8.048048e-01 -1.856366e+00  1.734143e+00 6.453350e+00
 8.058058e-01 -2.255477e+00  1.163051e+00 6.439861e+00
 8.068068e-01 -2.483960e+00  5.044165e-01 6.424493e+00
 8.078078e-01 -2.523975e+00 -1.918759e-01 6.407267e+00
 8.088088e-01 -2.372022e+00 -8.727622e-01 6.388202e+00
 8.098098e-01 -2.039342e+00 -1.486066e+00 6.367309e+00
 8.108108e-01 -1.551178e+00 -1.984551e+00 6.344596e+00
 8.118118e-01 -9.449304e-01 -2.329630e+00 6.320069e+00
 8.128128e-01 -2.673391e-01 -2.494448e+00 6.293739e+00
 8.138138e-01  4.290970e-01 -2.466070e+00 6.265627e+00
 8.148148e-01  1.090196e+00 -2.246606e+00 6.235768e+00
 8.158158e-01  1.664346e+00 -1.853147e+00 6.204203e+00
 8.168168e-01  2.106596e+00 -1.316520e+00 6.170971e+00
 8.178178e-01  2.382257e+00 -6.789392e-01 6.136105e+00
 8.188188e-01  2.469725e+00  9.279972e-03 6.099626e+00
 8.198198e-01  2.362277e+00  6.936806e-01 6.061546e+00
 8.208208e-01  2.068693e+00  1.319995e+00 6.021878e+00
 8.218218e-01  1.612632e+00  1.838494e+00 5.980643e+00
 8.228228e-01  1.030802e+00  2.208015e+00 5.937881e+00
 8.238238e-01  3.700613e-01  2.399313e+00 5.893646e+00
 8.248248e-01 -3.163315e-01  2.397485e+00 5.848000e+00
 8.258258e-01 -9.730144e-01  2.203234e+00 5.800998e+00
 8.268268e-01 -1.547022e+00  1.832868e+00 5.752683e+00
 8.278278e-01 -1.992118e+00  1.317020e+00 5.703075e+00
 8.288288e-01 -2.272604e+00  6.981819e-01 5.652186e+00
 8.298298e-01 -2.366281e+00  2.724330e-02 5.600029e+00
 8.308308e-01 -2.266310e+00 -6.406798e-01 5.546633e+00
 8.318318e-01 -1.981809e+00 -1.250795e+00 5.492056e+00
 8.328328e-01 -1.537124e+00 -1.753175e+00 5.436373e+00
 8.338338e-01 -9.698253e-01 -2.106918e+00 5.379667e+00
 8.348348e-01 -3.275878e-01 -2.283570e+00 5.322005e+00
 8.358358e-01  3.357904e-01 -2.269509e+00 5.263428e+00
 8.368368e-01  9.649008e-01 -2.067103e+00 5.203949e+00
 8.378378e-01  1.507389e+00 -1.694505e+00 5.143567e+00
 8.388388e-01  1.918372e+00 -1.184119e+00 5.082288e+00
 8.398398e-01  2.164237e+00 -5.798528e-01 5.020153e+00
 8.408408e-01  2.225488e+00  6.662722e-02 4.957235e+00
 8.418418e-01  2.098384e+00  7.003019e-01 4.893636e+00
 8.428428e-01  1.795240e+00  1.267506e+00 4.829458e+00
 8.438438e-01  1.343340e+00  1.720525e+00 4.764771e+00
 8.448448e-01  7.825618e-01  2.021683e+00 4.699604e+00
 8.458458e-01  1.619036e-01  2.146563e+00 4.633946e+00
 8.468468e-01 -4.647733e-01  2.086087e+00 4.567774e+00
 8.478478e-01 -1.043432e+00  1.847251e+00 4.501086e+00
 8.488488e-01 -1.524560e+00  1.452463e+00 4.433932e+00
 8.498498e-01 -1.867470e+00  9.375322e-01 4.366410e+00
 8.508509e-01 -2.043823e+00  3.484819e-01 4.298651e+00
 8.518519e-01 -2.040061e+00 -2.625341e-01 4.230771e+00
 8.528529e-01 -1.858528e+00 -8.418485e-01 4.162836e+00
 8.538539e-01 -1.517187e+00 -1.339025e+00 4.094846e+00
 8.548549e-01 -1.047943e+00 -1.711305e+00 4.026749e+00
 8.558559e-01 -4.937305e-01 -1.927362e+00 3.958493e+00
 8.568569e-01  9.536811e-02 -1.970018e+00 3.890064e+00
 8.578579e-01  6.666441e-01 -1.837693e+00 3.821530e+00
 8.588589e-01  1.169496e+00 -1.544443e+00 3.753027e+00
 8.598599e-01  1.559961e+00 -1.118587e+00 3.684715e+00
 8.608609e-01  1.804622e+00 -6.000531e-01 3.616724e+00
 8.618619e-01  1.883547e+00 -3.668740e-02 3.549097e+00
 8.628629e-01  1.791991e+00  5.201464e-01 3.481785e+00
 8.638639e-01  1.540698e+00  1.020261e+00 3.414683e+00
 8.648649e-01  1.154794e+00  1.419207e+00 3.347697e+00
 8.658659e-01  6.713622e-01  1.682286e+00 3.280814e+00
 8.668669e-01  1.359408e-01  1.787639e+00 3.214132e+00
 8.678679e-01 -4.017441e-01  1.728131e+00 3.147835e+00
 8.688689e-01 -8.923989e-01  1.511869e+00 3.082125e+00
 8.698699e-01 -1.291713e+00  1.161295e+00 3.017130e+00
 8.708709e-01 -1.564415e+00  7.109557e-01 2.952854e+00
 8.718719e-01 -1.687451e+00  2.041627e-01 2.889173e+00
 8.728729e-01 -1.651999e+00 -3.111416e-01 2.825911e+00
 8.738739e-01 -1.464137e+00 -7.869176e-01 2.762937e+00
 8.748749e-01 -1.144095e+00 -1.179532e+00 2.700251e+00
 8.758759e-01 -7.241890e-01 -1.453807e+00 2.638006e+00
 8.768769e-01 -2.456241e-01 -1.586229e+00 2.576454e+00
 8.778779e-01  2.455083e-01 -1.567023e+00 2.515835e+00
 8.788789e-01  7.026650e-01 -1.400902e+00 2.456264e+00
 8.798799e-01  1.083280e+00 -1.106425e+00 2.397671e+00
 8.808809e-01  1.352769e+00 -7.140400e-01 2.339838e+00
 8.818819e-01  1.487727e+00 -2.630091e-01 2.282504e+00
 8.828829e-01  1.478010e+00  2.024807e-01 2.225512e+00
 8.838839e-01  1.327526e+00  6.376337e-01 2.168902e+00
 8.848849e-01  1.053646e+00  1.001371e+00 2.112914e+00
 8.858859e-01  6.853224e-01  1.260245e+00 2.057883e+00
 8.868869e-01  2.601082e-01  1.391556e+00 2.004085e+00
 8.878879e-01 -1.796329e-01  1.385396e+00 1.951591e+00
 8.888889e-01 -5.909314e-01  1.245402e+00 1.900225e+00
 8.898899e-01 -9.344231e-01  9.881793e-01 1.849645e+00
 8.908909e-01 -1.178148e+00  6.414622e-01 1.799507e+00
 8.918919e-01 -1.300568e+00  2.411979e-01 1.749653e+00
 8.928929e-01 -1.292506e+00 -1.721348e-01 1.700203e+00
 8.938939e-01 -1.157842e+00 -5.576018e-01 1.651517e+00
 8.948949e-01 -9.128868e-01 -8.778757e-01 1.604028e+00
 8.958959e-01 -5.845411e-01 -1.102876e+00 1.558025e+00
 8.968969e-01 -2.074135e-01 -1.212632e+00 1.513497e+00
 8.978979e-01  1.797823e-01 -1.199083e+00 1.470122e+00
 8.988989e-01  5.381857e-01 -1.066663e+00 1.427414e+00
 8.998999e-01  8.326973e-01 -8.316108e-01 1.384961e+00
 9.009009e-01  1.035440e+00 -5.201054e-01 1.342645e+00
 9.019019e-01  1.128429e+00 -1.654258e-01 1.300717e+00
 9.029029e-01  1.105191e+00  1.955601e-01 1.259691e+00
 9.039039e-01  9.711825e-01  5.262107e-01 1.220093e+00
 9.049049e-01  7.429796e-01  7.938343e-01 1.182192e+00
 9.059059e-01  4.463480e-01  9.729410e-01 1.145841e+00
 9.069069e-01  1.134039e-01  1.047698e+00 1.110531e+00
 9.079079e-01 -2.208227e-01  1.013343e+00 1.075628e+00
 9.089089e-01 -5.220590e-01  8.764359e-01 1.040686e+00
 9.099099e-01 -7.603086e-01  6.539245e-01 1.005686e+00
 9.109109e-01 -9.128555e-01  3.711632e-01 9.710672e-01
 9.119119e-01 -9.664500e-01  5.908955e-02 9.375171e-01
 9.129129e-01 -9.184615e-01 -2.491217e-01 9.056332e-01
 9.139139e-01 -7.768971e-01 -5.215708e-01 8.756052e-01
 9.149149e-01 -5.593048e-01 -7.309383e-01 8.470927e-01
 9.159159e-01 -2.906988e-01 -8.572410e-01 8.193680e-01
 9.169169e-01 -7.444476e-04 -8.897551e-01 7.916646e-01
 9.179179e-01  2.794849e-01 -8.279199e-01 7.635631e-01
 9.189189e-01  5.208249e-01 -6.811456e-01 7.352179e-01
 9.199199e-01  6.990589e-01 -4.675650e-01 7.073005e-01
 9.209209e-01  7.973580e-01 -2.118849e-01 6.806750e-01
 9.219219e-01  8.078751e-01  5.741707e-02 6.559589e-01
 9.229229e-01  7.323408e-01  3.112343e-01 6.331898e-01
 9.239239e-01  5.816174e-01  5.229674e-01 6.117737e-01
 9.249249e-01  3.742836e-01  6.713170e-01 5.907547e-01
 9.259259e-01  1.344226e-01  7.424365e-01 5.692814e-01
 9.269269e-01 -1.111271e-01  7.312264e-01 5.470413e-01
 9.279279e-01 -3.357488e-01  6.416460e-01 5.244368e-01
 9.289289e-01 -5.159237e-01  4.860317e-01 5.024041e-01
 9.299299e-01 -6.336938e-01  2.835173e-01 4.819500e-01
 9.309309e-01 -6.784536e-01  5.775033e-02 4.636343e-01
 9.319319e-01 -6.478892e-01 -1.658288e-01 4.472596e-01
 9.329329e-01 -5.479846e-01 -3.628334e-01 4.319352e-01
 9.339339e-01 -3.921155e-01 -5.125861e-01 4.164991e-01
 9.349349e-01 -1.993549e-01 -6.002928e-01 4.000938e-01
 9.359359e-01  7.802963e-03 -6.185049e-01 3.826092e-01
 9.369369e-01  2.060320e-01 -5.677235e-01 3.647592e-01
 9.379379e-01  3.737829e-01 -4.561005e-01 3.477413e-01
 9.389389e-01  4.936181e-01 -2.982905e-01 3.326361e-01
 9.399399e-01  5.540216e-01 -1.136074e-01 3.198466e-01
 9.409409e-01  5.504930e-01  7.629237e-02 3.088630e-01
 9.419419e-01  4.858246e-01  2.499219e-01 2.984865e-01
 9.429429e-01  3.695516e-01  3.883843e-01 2.874107e-01
 9.439439e-01  2.166597e-01  4.774266e-01 2.748776e-01
 9.449449e-01  4.571814e-02  5.089044e-01 2.610739e-01
 9.459459e-01 -1.233353e-01  4.815050e-01 2.470587e-01
 9.469469e-01 -2.714962e-01  4.006672e-01 2.342444e-01
 9.479479e-01 -3.828169e-01  2.777294e-01 2.236823e-01
 9.489489e-01 -4.461158e-01  1.284265e-01 2.155127e-01
 9.499499e-01 -4.560888e-01 -2.907259e-02 2.088622e-01
 9.509510e-01 -4.137118e-01 -1.763458e-01 2.022553e-01
 9.519520e-01 -3.259117e-01 -2.968570e-01 1.943426e-01
 9.529530e-01 -2.045634e-01 -3.778059e-01 1.845835e-01
 9.539540e-01 -6.494923e-02 -4.114812e-01 1.735352e-01
 9.549550e-01  7.612369e-02 -3.959742e-01 1.625904e-01
 9.559560e-01  2.023208e-01 -3.351877e-01 1.532845e-01
 9.569570e-01  2.996560e-01 -2.381631e-01 1.465154e-01
 9.579580e-01  3.580312e-01 -1.178248e-01 1.420690e-01
 9.589590e-01  3.722712e-01  1.069004e-02 1.387001e-01
 9.599600e-01  3.425481e-01  1.319039e-01 1.347378e-01
 9.609610e-01  2.741645e-01  2.318458e-01 1.289186e-01
 9.619620e-01  1.767427e-01  2.996520e-01 1.210293e-01
 9.629630e-01  6.293380e-02  3.287371e-01 1.120287e-01
 9.639640e-01 -5.318599e-02  3.174109e-01 1.035784e-01
 9.649650e-01 -1.578303e-01  2.688843e-01 9.720919e-02
 9.659660e-01 -2.391233e-01  1.906853e-01 9.354084e-02
 9.669670e-01 -2.884353e-01  9.357659e-02 9.195151e-02
 9.679680e-01 -3.012852e-01 -9.877237e-03 9.087035e-02
 9.689690e-01 -2.777150e-01 -1.069054e-01 8.855440e-02
 9.699700e-01 -2.221104e-01 -1.860900e-01 8.396253e-02
 9.709710e-01 -1.425079e-01 -2.386984e-01 7.728543e-02
 9.719720e-01 -4.948832e-02 -2.596348e-01 6.985934e-02
 9.729730e-01  4.519397e-02 -2.479072e-01 6.350050e-02
 9.739740e-01  1.300736e-01 -2.065711e-01 5.959076e-02
 9.749750e-01  1.953465e-01 -1.421760e-01 5.837427e-02
 9.759760e-01  2.339902e-01 -6.380251e-02 5.882219e-02
 9.769770e-01  2.425038e-01  1.817445e-02 5.913841e-02
 9.779780e-01  2.211920e-01  9.343233e-02 5.765552e-02
 9.789790e-01  1.739747e-01  1.529841e-01 5.367135e-02
 9.799800e-01  1.077622e-01  1.902401e-01 4.780400e-02
 9.809810e-01  3.148914e-02  2.017236e-01 4.168396e-02
 9.819820e-01 -4.506253e-02  1.873635e-01 3.713570e-02
 9.829830e-01 -1.124982e-01  1.503450e-01 3.525947e-02
 9.839840e-01 -1.629495e-01  9.655375e-02 3.587515e-02
 9.849850e-01 -1.909793e-01  3.370155e-02 3.760890e-02
 9.859860e-01 -1.941515e-01 -2.974188e-02 3.857940e-02
 9.869870e-01 -1.732055e-01 -8.566676e-02 3.733894e-02
 9.879880e-01 -1.318308e-01 -1.273449e-01 3.359610e-02
 9.889890e-01 -7.608464e-02 -1.502279e-01 2.835731e-02
 9.899900e-01 -1.353852e-02 -1.524278e-01 2.341751e-02
 9.909910e-01  4.772814e-02 -1.348312e-01 2.045744e-02
 9.919920e-01  1.001562e-01 -1.008488e-01 2.020175e-02
 9.929930e-01  1.376270e-01 -5.584553e-02 2.205992e-02
 9.939940e-01  1.561635e-01 -6.342641e-03 2.442728e-02
 9.949950e-01  1.543333e-01  4.089629e-02 2.549126e-02
 9.959960e-01  1.333150e-01  7.976903e-02 2.413599e-02
 9.969970e-01  9.663444e-02  1.056095e-01 2.049159e-02
 9.979980e-01  4.961638e-02  1.157366e-01 1.585674e-02
 9.989990e-01 -1.365606e-03  1.097130e-01 1.203880e-02
 1.000000e+00 -4.973814e-02  8.929299e-02 1.044712e-02
