# x psi_r psi_i psi2 
 0.000000e+00 -3.356572e-05 -2.169072e-04 4.817541e-08
 1.001001e-03  1.986429e-05 -2.371315e-04 5.662595e-08
 2.002002e-03  5.895742e-05 -2.195581e-04 5.168172e-08
 3.003003e-03  7.773565e-05 -1.691689e-04 3.466095e-08
 4.004004e-03  7.507815e-05 -9.535683e-05 1.472965e-08
 5.005005e-03  5.454678e-05 -1.027375e-05 3.080901e-09
 6.006006e-03  2.328663e-05  7.305859e-05 5.879825e-09
 7.007007e-03 -9.696913e-06  1.425848e-04 2.042445e-08
 8.008008e-03 -3.556681e-05  1.887817e-04 3.690352e-08
 9.009009e-03 -4.754398e-05  2.057680e-04 4.460088e-08
 1.001001e-02 -4.233940e-05  1.918817e-04 3.861121e-08
 1.101101e-02 -2.082069e-05  1.496910e-04 2.284090e-08
 1.201201e-02  1.215988e-05  8.550179e-05 7.458418e-09
 1.301301e-02  4.877646e-05  8.440524e-06 2.450385e-09
 1.401401e-02  7.983854e-05 -7.074412e-05 1.137892e-08
 1.501502e-02  9.673219e-05 -1.410376e-04 2.924873e-08
 1.601602e-02  9.328041e-05 -1.925139e-04 4.576282e-08
 1.701702e-02  6.720718e-05 -2.175690e-04 5.185306e-08
 1.801802e-02  2.087286e-05 -2.118964e-04 4.533574e-08
 1.901902e-02 -3.883880e-05 -1.751177e-04 3.217465e-08
 2.002002e-02 -1.015367e-04 -1.109760e-04 2.262538e-08
 2.102102e-02 -1.550486e-04 -2.706390e-05 2.477252e-08
 2.202202e-02 -1.876188e-04  6.593515e-05 3.954825e-08
 2.302302e-02 -1.901585e-04  1.554291e-04 6.031849e-08
 2.402402e-02 -1.581922e-04  2.284435e-04 7.721121e-08
 2.502503e-02 -9.309184e-05  2.733219e-04 8.337096e-08
 2.602603e-02 -2.384057e-06  2.814225e-04 7.920432e-08
 2.702703e-02  1.010264e-04  2.485697e-04 7.199322e-08
 2.802803e-02  2.006093e-04  1.760531e-04 7.123881e-08
 2.902903e-02  2.787476e-04  7.096509e-05 8.273627e-08
 3.003003e-02  3.196435e-04 -5.423619e-05 1.051136e-07
 3.103103e-02  3.121752e-04 -1.829849e-04 1.309368e-07
 3.203203e-02  2.521824e-04 -2.965882e-04 1.515605e-07
 3.303303e-02  1.438088e-04 -3.767432e-04 1.626164e-07
 3.403403e-02 -4.305811e-07 -4.082624e-04 1.666784e-07
 3.503504e-02 -1.609178e-04 -3.816452e-04 1.715476e-07
 3.603604e-02 -3.134755e-04 -2.950737e-04 1.853354e-07
 3.703704e-02 -4.328296e-04 -1.554843e-04 2.115168e-07
 3.803804e-02 -4.965570e-04  2.156669e-05 2.470339e-07
 3.903904e-02 -4.888872e-04  2.133393e-04 2.845244e-07
 4.004004e-02 -4.037957e-04  3.925866e-04 3.171752e-07
 4.104104e-02 -2.468073e-04  5.311801e-04 3.430662e-07
 4.204204e-02 -3.517548e-05  6.042503e-04 3.663558e-07
 4.304304e-02  2.037614e-04  5.942459e-04 3.946469e-07
 4.404404e-02  4.358912e-04  4.943062e-04 4.343398e-07
 4.504505e-02  6.249764e-04  3.103473e-04 4.869109e-07
 4.604605e-02  7.379907e-04  6.143691e-05 5.484048e-07
 4.704705e-02  7.504351e-04 -2.217826e-04 6.123403e-07
 4.804805e-02  6.507824e-04 -5.005532e-04 6.740713e-07
 4.904905e-02  4.433599e-04 -7.330159e-04 7.338803e-07
 5.005005e-02  1.490673e-04 -8.801521e-04 7.968888e-07
 5.105105e-02 -1.963010e-04 -9.118622e-04 8.700268e-07
 5.205205e-02 -5.461151e-04 -8.122656e-04 9.580172e-07
 5.305305e-02 -8.488910e-04 -5.833764e-04 1.060944e-06
 5.405405e-02 -1.055504e-03 -2.464470e-04 1.174825e-06
 5.505506e-02 -1.126626e-03  1.594074e-04 1.294696e-06
 5.605606e-02 -1.039352e-03  5.813513e-04 1.418221e-06
 5.705706e-02 -7.919414e-04  9.593441e-04 1.547512e-06
 5.805806e-02 -4.058738e-04  1.234287e-03 1.688198e-06
 5.905906e-02  7.533349e-05  1.356721e-03 1.846368e-06
 6.006006e-02  5.905784e-04  1.294869e-03 2.025469e-06
 6.106106e-02  1.068554e-03  1.040767e-03 2.225003e-06
 6.206206e-02  1.437169e-03  6.134697e-04 2.441800e-06
 6.306306e-02  1.633857e-03  5.859981e-05 2.672923e-06
 6.406406e-02  1.615312e-03 -5.559591e-04 2.918323e-06
 6.506507e-02  1.365261e-03 -1.147926e-03 3.181674e-06
 6.606607e-02  8.989743e-04 -1.631174e-03 3.468883e-06
 6.706707e-02  2.636576e-04 -1.927675e-03 3.785447e-06
 6.806807e-02 -4.656639e-04 -1.979237e-03 4.134221e-06
 6.906907e-02 -1.194494e-03 -1.757343e-03 4.515070e-06
 7.007007e-02 -1.820618e-03 -1.269562e-03 4.926439e-06
 7.107107e-02 -2.247812e-03 -5.613669e-04 5.367793e-06
 7.207207e-02 -2.399773e-03  2.872371e-04 5.841415e-06
 7.307307e-02 -2.232292e-03  1.170165e-03 6.352414e-06
 7.407407e-02 -1.741897e-03  1.967988e-03 6.907182e-06
 7.507508e-02 -9.694535e-04  2.563463e-03 7.511182e-06
 7.607608e-02  2.069735e-06  2.857912e-03 8.167663e-06
 7.707708e-02  1.055834e-03  2.786228e-03 8.877850e-06
 7.807808e-02  2.054588e-03  2.328355e-03 9.642566e-06
 7.907908e-02  2.857912e-03  1.515401e-03 1.046410e-05
 8.008008e-02  3.341107e-03  4.292009e-04 1.134721e-05
 8.108108e-02  3.413293e-03 -8.050746e-04 1.229872e-05
 8.208208e-02  3.032181e-03 -2.032705e-03 1.332601e-05
 8.308308e-02  2.213306e-03 -3.088172e-03 1.443553e-05
 8.408408e-02  1.032096e-03 -3.816646e-03 1.563201e-05
 8.508509e-02 -3.819517e-04 -4.095518e-03 1.691916e-05
 8.608609e-02 -1.858746e-03 -3.853054e-03 1.830097e-05
 8.708709e-02 -3.207382e-03 -3.081522e-03 1.978308e-05
 8.808809e-02 -4.240023e-03 -1.842663e-03 2.137320e-05
 8.908909e-02 -4.796938e-03 -2.643244e-04 2.308048e-05
 9.009009e-02 -4.769478e-03  1.471871e-03 2.491432e-05
 9.109109e-02 -4.117799e-03  3.150721e-03 2.688331e-05
 9.209209e-02 -2.880720e-03  4.549347e-03 2.899510e-05
 9.309309e-02 -1.175896e-03  5.465736e-03 3.125700e-05
 9.409409e-02  8.102312e-04  5.746364e-03 3.367718e-05
 9.509510e-02  2.842074e-03  5.309239e-03 3.626540e-05
 9.609610e-02  4.662071e-03  4.159118e-03 3.903317e-05
 9.709710e-02  6.022386e-03  2.392478e-03 4.199309e-05
 9.809810e-02  6.717247e-03  1.910065e-04 4.515789e-05
 9.909910e-02  6.611863e-03 -2.196188e-03 4.853997e-05
 1.001001e-01  5.663995e-03 -4.480012e-03 5.215135e-05
 1.011011e-01  3.935059e-03 -6.365515e-03 5.600447e-05
 1.021021e-01  1.588738e-03 -7.588726e-03 6.011285e-05
 1.031031e-01 -1.123344e-03 -7.951717e-03 6.449170e-05
 1.041041e-01 -3.887832e-03 -7.351356e-03 6.915767e-05
 1.051051e-01 -6.365020e-03 -5.797840e-03 7.412842e-05
 1.061061e-01 -8.229503e-03 -3.420126e-03 7.942198e-05
 1.071071e-01 -9.211280e-03 -4.569446e-04 8.505648e-05
 1.081081e-01 -9.132263e-03  2.766263e-03 9.105044e-05
 1.091091e-01 -7.933422e-03  5.872310e-03 9.742321e-05
 1.101101e-01 -5.688797e-03  8.475453e-03 1.041957e-04
 1.111111e-01 -2.603974e-03  1.022789e-02 1.113904e-04
 1.121121e-01  1.001502e-03  1.086409e-02 1.190315e-04
 1.131131e-01  4.726442e-03  1.023742e-02 1.271440e-04
 1.141141e-01  8.131823e-03  8.344320e-03 1.357542e-04
 1.151151e-01  1.079136e-02  5.332480e-03 1.448888e-04
 1.161161e-01  1.234308e-02  1.491353e-03 1.545758e-04
 1.171171e-01  1.253577e-02 -2.774715e-03 1.648444e-04
 1.181181e-01  1.126454e-02 -6.988293e-03 1.757262e-04
 1.191191e-01  8.590888e-03 -1.065134e-02 1.872543e-04
 1.201201e-01  4.744008e-03 -1.330257e-02 1.994641e-04
 1.211211e-01  1.026459e-04 -1.457333e-02 2.123926e-04
 1.221221e-01 -4.841418e-03 -1.423513e-02 2.260784e-04
 1.231231e-01 -9.534666e-03 -1.223323e-02 2.405617e-04
 1.241241e-01 -1.342265e-02 -8.701575e-03 2.558850e-04
 1.251251e-01 -1.601365e-02 -3.956777e-03 2.720931e-04
 1.261261e-01 -1.693798e-02  1.529205e-03 2.892335e-04
 1.271271e-01 -1.599601e-02  7.175253e-03 3.073567e-04
 1.281281e-01 -1.318903e-02  1.235174e-02 3.265161e-04
 1.291291e-01 -8.728635e-03  1.644928e-02 3.467678e-04
 1.301301e-01 -3.022930e-03  1.894817e-02 3.681713e-04
 1.311311e-01  3.359897e-03  1.948076e-02 3.907888e-04
 1.321321e-01  9.747392e-03  1.787946e-02 4.146867e-04
 1.331331e-01  1.543257e-02  1.420461e-02 4.399352e-04
 1.341341e-01  1.975036e-02  8.748265e-03 4.666088e-04
 1.351351e-01  2.215256e-02  2.012714e-03 4.947869e-04
 1.361361e-01  2.227313e-02 -5.334935e-03 5.245536e-04
 1.371371e-01  1.997621e-02 -1.252794e-02 5.559984e-04
 1.381381e-01  1.538122e-02 -1.877854e-02 5.892158e-04
 1.391391e-01  8.861320e-03 -2.336201e-02 6.243065e-04
 1.401401e-01  1.014616e-03 -2.569724e-02 6.613775e-04
 1.411411e-01 -7.389790e-03 -2.541523e-02 7.005428e-04
 1.421421e-01 -1.548612e-02 -2.240767e-02 7.419237e-04
 1.431431e-01 -2.239936e-02 -1.684988e-02 7.856498e-04
 1.441441e-01 -2.733708e-02 -9.194717e-03 8.318587e-04
 1.451451e-01 -2.967623e-02 -1.371972e-04 8.806973e-04
 1.461461e-01 -2.903559e-02  9.447556e-03 9.323219e-04
 1.471471e-01 -2.532598e-02  1.858747e-02 9.868990e-04
 1.481481e-01 -1.877216e-02  2.630993e-02 1.044606e-03
 1.491491e-01 -9.903386e-03  3.174202e-02 1.105633e-03
 1.501502e-01  4.876706e-04  3.420444e-02 1.170182e-03
 1.511512e-01  1.141441e-02  3.328931e-02 1.238467e-03
 1.521522e-01  2.178818e-02  2.891357e-02 1.310719e-03
 1.531532e-01  3.052410e-02  2.134156e-02 1.387183e-03
 1.541542e-01  3.665063e-02  1.117366e-02 1.468119e-03
 1.551552e-01  3.941214e-02 -6.992798e-04 1.553806e-03
 1.561562e-01  3.835405e-02 -1.317214e-02 1.644539e-03
 1.571572e-01  3.338149e-02 -2.502619e-02 1.740634e-03
 1.581582e-01  2.478471e-02 -3.504490e-02 1.842427e-03
 1.591592e-01  1.322769e-02 -4.213435e-02 1.950275e-03
 1.601602e-01 -3.004201e-04 -4.543643e-02 2.064559e-03
 1.611612e-01 -1.456761e-02 -4.442374e-02 2.185684e-03
 1.621622e-01 -2.820837e-02 -3.896623e-02 2.314079e-03
 1.631632e-01 -3.985060e-02 -2.936207e-02 2.450202e-03
 1.641642e-01 -4.824848e-02 -1.632852e-02 2.594536e-03
 1.651652e-01 -5.240888e-02 -9.519791e-04 2.747597e-03
 1.661662e-01 -5.169901e-02  1.539946e-02 2.909932e-03
 1.671672e-01 -4.592420e-02  3.119430e-02 3.082117e-03
 1.681682e-01 -3.536738e-02  4.487666e-02 3.264766e-03
 1.691692e-01 -2.078489e-02  5.501378e-02 3.458528e-03
 1.701702e-01 -3.357203e-03  6.043854e-02 3.664088e-03
 1.711712e-01  1.540274e-02  6.037323e-02 3.882172e-03
 1.721722e-01  3.377666e-02  5.452230e-02 4.113544e-03
 1.731732e-01  4.999335e-02  4.312398e-02 4.359013e-03
 1.741742e-01  6.239309e-02  2.695425e-02 4.619429e-03
 1.751752e-01  6.958939e-02  7.280573e-03 4.895691e-03
 1.761762e-01  7.061287e-02 -1.423248e-02 5.188741e-03
 1.771772e-01  6.502303e-02 -3.565920e-02 5.499572e-03
 1.781782e-01  5.297626e-02 -5.497949e-02 5.829228e-03
 1.791792e-01  3.524163e-02 -7.026258e-02 6.178803e-03
 1.801802e-01  1.316055e-02 -7.985138e-02 6.549443e-03
 1.811812e-01 -1.144844e-02 -8.253052e-02 6.942353e-03
 1.821822e-01 -3.643383e-02 -7.766186e-02 7.358788e-03
 1.831832e-01 -5.949316e-02 -6.527350e-02 7.800066e-03
 1.841842e-01 -7.837803e-02 -4.609168e-02 8.267558e-03
 1.851852e-01 -9.110441e-02 -2.151011e-02 8.762698e-03
 1.861862e-01 -9.614926e-02  6.503692e-03 9.286979e-03
 1.871872e-01 -9.261468e-02  3.555944e-02 9.841953e-03
 1.881882e-01 -8.034304e-02  6.304153e-02 1.042924e-02
 1.891892e-01 -5.997013e-02  8.633710e-02 1.105051e-02
 1.901902e-01 -3.290847e-02  1.030754e-01 1.170751e-02
 1.911912e-01 -1.258722e-03  1.113574e-01 1.240205e-02
 1.921922e-01  3.234608e-02  1.099532e-01 1.313598e-02
 1.931932e-01  6.495279e-02  9.844980e-02 1.391123e-02
 1.941942e-01  9.354021e-02  7.733063e-02 1.472980e-02
 1.951952e-01  1.152901e-01  4.797838e-02 1.559373e-02
 1.961962e-01  1.278533e-01  1.259615e-02 1.650514e-02
 1.971972e-01  1.295870e-01 -2.594983e-02 1.746619e-02
 1.981982e-01  1.197393e-01 -6.435534e-02 1.847911e-02
 1.991992e-01  9.856300e-02 -9.915405e-02 1.954619e-02
 2.002002e-01  6.734385e-02 -1.270219e-01 2.066975e-02
 2.012012e-01  2.833737e-02 -1.450834e-01 2.185219e-02
 2.022022e-01 -1.538511e-02 -1.511927e-01 2.309593e-02
 2.032032e-01 -6.017095e-02 -1.441628e-01 2.440346e-02
 2.042042e-01 -1.020845e-01 -1.239195e-01 2.577728e-02
 2.052052e-01 -1.372450e-01 -9.156293e-02 2.721996e-02
 2.062062e-01 -1.621755e-01 -4.932747e-02 2.873408e-02
 2.072072e-01 -1.741323e-01 -4.375516e-04 3.032226e-02
 2.082082e-01 -1.713848e-01  5.113107e-02 3.198714e-02
 2.092092e-01 -1.534170e-01  1.009682e-01 3.373136e-02
 2.102102e-01 -1.210315e-01  1.445993e-01 3.555759e-02
 2.112112e-01 -7.634026e-02  1.778783e-01 3.746851e-02
 2.122122e-01 -2.263940e-02  1.973683e-01 3.946678e-02
 2.132132e-01  3.582649e-02  2.006777e-01 4.155506e-02
 2.142142e-01  9.419416e-02  1.867176e-01 4.373599e-02
 2.152152e-01  1.473803e-01  1.558565e-01 4.601219e-02
 2.162162e-01  1.905166e-01  1.099529e-01 4.838624e-02
 2.172172e-01  2.193847e-01  5.225910e-02 5.086067e-02
 2.182182e-01  2.308118e-01 -1.280179e-02 5.343798e-02
 2.192192e-01  2.229920e-01 -7.996976e-02 5.612060e-02
 2.202202e-01  1.957010e-01 -1.435688e-01 5.891088e-02
 2.212212e-01  1.503820e-01 -1.979807e-01 6.181110e-02
 2.222222e-01  9.009026e-02 -2.381327e-01 6.482344e-02
 2.232232e-01  1.929559e-02 -2.599570e-01 6.794998e-02
 2.242242e-01 -5.644469e-02 -2.607809e-01 7.119269e-02
 2.252252e-01 -1.309192e-01 -2.396113e-01 7.455341e-02
 2.262262e-01 -1.977682e-01 -1.972856e-01 7.803385e-02
 2.272272e-01 -2.510205e-01 -1.364707e-01 8.163556e-02
 2.282282e-01 -2.856169e-01 -6.150555e-02 8.535996e-02
 2.292292e-01 -2.978732e-01  2.190490e-02 8.920825e-02
 2.302302e-01 -2.858430e-01  1.071226e-01 9.318149e-02
 2.312312e-01 -2.495453e-01  1.871034e-01 9.728052e-02
 2.322322e-01 -1.910319e-01  2.549761e-01 1.015060e-01
 2.332332e-01 -1.142868e-01  3.046258e-01 1.058583e-01
 2.342342e-01 -2.495783e-02  3.312323e-01 1.103377e-01
 2.352352e-01  7.005891e-02  3.317165e-01 1.149441e-01
 2.362362e-01  1.631528e-01  3.050546e-01 1.196771e-01
 2.372372e-01  2.466083e-01  2.524296e-01 1.245363e-01
 2.382382e-01  3.132408e-01  1.772033e-01 1.295208e-01
 2.392392e-01  3.570074e-01  8.470636e-02 1.346294e-01
 2.402402e-01  3.735394e-01 -1.814127e-02 1.398608e-01
 2.412412e-01  3.605517e-01 -1.233517e-01 1.452131e-01
 2.422422e-01  3.180904e-01 -2.224926e-01 1.506845e-01
 2.432432e-01  2.485959e-01 -3.073637e-01 1.562724e-01
 2.442442e-01  1.567705e-01 -3.706712e-01 1.619742e-01
 2.452452e-01  4.925831e-02 -4.066454e-01 1.677869e-01
 2.462462e-01 -6.584202e-02 -4.115482e-01 1.737071e-01
 2.472472e-01 -1.795931e-01 -3.840278e-01 1.797311e-01
 2.482482e-01 -2.829177e-01 -3.252882e-01 1.858548e-01
 2.492492e-01 -3.673239e-01 -2.390545e-01 1.920739e-01
 2.502503e-01 -4.255989e-01 -1.313361e-01 1.983836e-01
 2.512513e-01 -4.524144e-01 -9.999440e-03 2.047788e-01
 2.522523e-01 -4.447929e-01  1.158151e-01 2.112539e-01
 2.532533e-01 -4.023960e-01  2.363909e-01 2.178032e-01
 2.542543e-01 -3.276068e-01  3.421904e-01 2.244205e-01
 2.552553e-01 -2.253985e-01  4.246113e-01 2.310993e-01
 2.562563e-01 -1.029952e-01  4.766809e-01 2.378327e-01
 2.572573e-01  3.065041e-02  4.936335e-01 2.446135e-01
 2.582583e-01  1.655243e-01  4.733243e-01 2.514342e-01
 2.592593e-01  2.913110e-01  4.164431e-01 2.582869e-01
 2.602603e-01  3.981897e-01  3.265097e-01 2.651636e-01
 2.612613e-01  4.776012e-01  2.096491e-01 2.720556e-01
 2.622623e-01  5.229288e-01  7.416058e-02 2.789543e-01
 2.632633e-01  5.300363e-01 -7.008675e-02 2.858507e-01
 2.642643e-01  4.976213e-01 -2.123873e-01 2.927354e-01
 2.652653e-01  4.273542e-01 -3.420048e-01 2.995989e-01
 2.662663e-01  3.237907e-01 -4.489891e-01 3.064316e-01
 2.672673e-01  1.940623e-01 -5.249411e-01 3.132234e-01
 2.682683e-01  4.736828e-02 -5.636670e-01 3.199642e-01
 2.692693e-01 -1.056948e-01 -5.616693e-01 3.266438e-01
 2.702703e-01 -2.539145e-01 -5.184391e-01 3.332517e-01
 2.712713e-01 -3.862959e-01 -4.365236e-01 3.397774e-01
 2.722723e-01 -4.928845e-01 -3.213645e-01 3.462103e-01
 2.732733e-01 -5.655161e-01 -1.809178e-01 3.525397e-01
 2.742743e-01 -5.984361e-01 -2.508430e-02 3.587549e-01
 2.752753e-01 -5.887427e-01  1.350086e-01 3.648453e-01
 2.762763e-01 -5.366196e-01  2.878183e-01 3.708000e-01
 2.772773e-01 -4.453407e-01  4.222322e-01 3.766084e-01
 2.782783e-01 -3.210471e-01  5.283831e-01 3.822599e-01
 2.792793e-01 -1.723118e-01  5.983751e-01 3.877441e-01
 2.802803e-01 -9.526566e-03  6.268649e-01 3.930504e-01
 2.812813e-01  1.558453e-01  6.114580e-01 3.981686e-01
 2.822823e-01  3.120944e-01  5.528886e-01 4.030888e-01
 2.832833e-01  4.481072e-01  4.549734e-01 4.078009e-01
 2.842843e-01  5.541644e-01  3.243412e-01 4.122953e-01
 2.852853e-01  6.226365e-01  1.699608e-01 4.165629e-01
 2.862863e-01  6.485276e-01  2.501496e-03 4.205943e-01
 2.872873e-01  6.298282e-01 -1.664258e-01 4.243811e-01
 2.882883e-01  5.676529e-01 -3.250922e-01 4.279148e-01
 2.892893e-01  4.661558e-01 -4.624785e-01 4.311876e-01
 2.902903e-01  3.322293e-01 -5.690481e-01 4.341920e-01
 2.912913e-01  1.750119e-01 -6.374103e-01 4.369210e-01
 2.922923e-01  5.240839e-03 -6.628278e-01 4.393682e-01
 2.932933e-01 -1.655037e-01 -6.435340e-01 4.415274e-01
 2.942943e-01 -3.256064e-01 -5.808389e-01 4.433934e-01
 2.952953e-01 -4.642205e-01 -4.790203e-01 4.449610e-01
 2.962963e-01 -5.720101e-01 -3.450080e-01 4.462261e-01
 2.972973e-01 -6.417808e-01 -1.878884e-01 4.471846e-01
 2.982983e-01 -6.689542e-01 -1.826452e-02 4.478333e-01
 2.992993e-01 -6.518581e-01  1.524813e-01 4.481695e-01
 3.003003e-01 -5.918120e-01  3.129689e-01 4.481910e-01
 3.013013e-01 -4.930075e-01  4.525921e-01 4.478960e-01
 3.023023e-01 -3.621940e-01  5.622270e-01 4.472837e-01
 3.033033e-01 -2.081941e-01  6.348297e-01 4.463535e-01
 3.043043e-01 -4.128647e-02  6.658836e-01 4.451056e-01
 3.053053e-01  1.275013e-01  6.536698e-01 4.435407e-01
 3.063063e-01  2.871383e-01  5.993430e-01 4.416605e-01
 3.073073e-01  4.273239e-01  5.068148e-01 4.394670e-01
 3.083083e-01  5.391596e-01  3.824526e-01 4.369631e-01
 3.093093e-01  6.157154e-01  2.346210e-01 4.341525e-01
 3.103103e-01  6.524540e-01  7.309855e-02 4.310396e-01
 3.113113e-01  6.474882e-01 -9.158851e-02 4.276294e-01
 3.123123e-01  6.016582e-01 -2.488681e-01 4.239279e-01
 3.133133e-01  5.184265e-01 -3.888130e-01 4.199415e-01
 3.143143e-01  4.036032e-01 -5.027742e-01 4.156774e-01
 3.153153e-01  2.649233e-01 -5.839168e-01 4.111433e-01
 3.163163e-01  1.115077e-01 -6.276251e-01 4.063473e-01
 3.173173e-01 -4.675401e-02 -6.317532e-01 4.012980e-01
 3.183183e-01 -1.998552e-01 -5.967097e-01 3.960045e-01
 3.193193e-01 -3.383159e-01 -5.253745e-01 3.904760e-01
 3.203203e-01 -4.537763e-01 -4.228581e-01 3.847219e-01
 3.213213e-01 -5.395025e-01 -2.961234e-01 3.787520e-01
 3.223223e-01 -5.907745e-01 -1.534985e-01 3.725762e-01
 3.233233e-01 -6.051345e-01 -4.115402e-03 3.662047e-01
 3.243243e-01 -5.824846e-01  1.426871e-01 3.596479e-01
 3.253253e-01 -5.250301e-01  2.779568e-01 3.529165e-01
 3.263263e-01 -4.370794e-01  3.936794e-01 3.460218e-01
 3.273273e-01 -3.247159e-01  4.832546e-01 3.389754e-01
 3.283283e-01 -1.953681e-01  5.418679e-01 3.317895e-01
 3.293293e-01 -5.730784e-02  5.667385e-01 3.244767e-01
 3.303303e-01  8.088802e-02  5.572318e-01 3.170502e-01
 3.313313e-01  2.108784e-01  5.148339e-01 3.095236e-01
 3.323323e-01  3.250656e-01  4.429937e-01 3.019111e-01
 3.333333e-01  4.170405e-01  3.468488e-01 2.942269e-01
 3.343343e-01  4.819377e-01  2.328548e-01 2.864853e-01
 3.353353e-01  5.166834e-01  1.083463e-01 2.787006e-01
 3.363363e-01  5.201231e-01 -1.894104e-02 2.708868e-01
 3.373373e-01  4.930268e-01 -1.413569e-01 2.630572e-01
 3.383383e-01  4.379750e-01 -2.517988e-01 2.552247e-01
 3.393393e-01  3.591374e-01 -3.441242e-01 2.474011e-01
 3.403403e-01  2.619634e-01 -4.134887e-01 2.395978e-01
 3.413413e-01  1.528053e-01 -4.565911e-01 2.318249e-01
 3.423423e-01  3.850051e-02 -4.718156e-01 2.240923e-01
 3.433433e-01 -7.405793e-02 -4.592650e-01 2.164089e-01
 3.443443e-01 -1.783388e-01 -4.206885e-01 2.087835e-01
 3.453453e-01 -2.685503e-01 -3.593126e-01 2.012248e-01
 3.463463e-01 -3.399582e-01 -2.795891e-01 1.937416e-01
 3.473473e-01 -3.891262e-01 -1.868791e-01 1.863430e-01
 3.483483e-01 -4.140685e-01 -8.709630e-02 1.790385e-01
 3.493493e-01 -4.143086e-01  1.366883e-02 1.718385e-01
 3.503504e-01 -3.908442e-01  1.095192e-01 1.647536e-01
 3.513514e-01 -3.460255e-01  1.950934e-01 1.577951e-01
 3.523524e-01 -2.833580e-01  2.658615e-01 1.509741e-01
 3.533534e-01 -2.072442e-01  3.183577e-01 1.443018e-01
 3.543544e-01 -1.226839e-01  3.503388e-01 1.377886e-01
 3.553554e-01 -3.495143e-02  3.608635e-01 1.314441e-01
 3.563564e-01  5.072829e-02  3.502895e-01 1.252761e-01
 3.573574e-01  1.294860e-01  3.201942e-01 1.192909e-01
 3.583584e-01  1.970797e-01  2.732260e-01 1.134929e-01
 3.593594e-01  2.501158e-01  2.128994e-01 1.078841e-01
 3.603604e-01  2.862101e-01  1.433479e-01 1.024649e-01
 3.613614e-01  3.040818e-01  6.905154e-02 9.723386e-02
 3.623624e-01  3.035769e-01 -5.442513e-03 9.218855e-02
 3.633634e-01  2.856247e-01 -7.579089e-02 8.732573e-02
 3.643644e-01  2.521323e-01 -1.380998e-01 8.264225e-02
 3.653654e-01  2.058260e-01 -1.891328e-01 7.813554e-02
 3.663664e-01  1.500525e-01 -2.264696e-01 7.380422e-02
 3.673674e-01  8.855277e-02 -2.486099e-01 6.964846e-02
 3.683684e-01  2.522360e-02 -2.550175e-01 6.567017e-02
 3.693694e-01 -3.611872e-02 -2.461065e-01 6.187296e-02
 3.703704e-01 -9.195860e-02 -2.231712e-01 5.826178e-02
 3.713714e-01 -1.392733e-01 -1.882693e-01 5.484238e-02
 3.723724e-01 -1.756872e-01 -1.440644e-01 5.162053e-02
 3.733734e-01 -1.995805e-01 -9.364189e-02 4.860119e-02
 3.743744e-01 -2.101495e-01 -4.030780e-02 4.578755e-02
 3.753754e-01 -2.074153e-01  1.261496e-02 4.318025e-02
 3.763764e-01 -1.921848e-01  6.198224e-02 4.077680e-02
 3.773774e-01 -1.659676e-01  1.050046e-01 3.857122e-02
 3.783784e-01 -1.308559e-01  1.393945e-01 3.655409e-02
 3.793794e-01 -8.937578e-02  1.634778e-01 3.471301e-02
 3.803804e-01 -4.432088e-02  1.762640e-01 3.303333e-02
 3.813814e-01  1.422749e-03  1.774748e-01 3.149933e-02
 3.823824e-01  4.504874e-02  1.675293e-01 3.009546e-02
 3.833834e-01  8.399048e-02  1.474901e-01 2.880774e-02
 3.843844e-01  1.160604e-01  1.189749e-01 2.762503e-02
 3.853854e-01  1.395613e-01  8.403934e-02 2.653997e-02
 3.863864e-01  1.533655e-01  4.504107e-02 2.554967e-02
 3.873874e-01  1.569570e-01  4.491003e-03 2.465567e-02
 3.883884e-01  1.504384e-01 -3.509715e-02 2.386354e-02
 3.893894e-01  1.345017e-01 -7.135164e-02 2.318177e-02
 3.903904e-01  1.103668e-01 -1.021735e-01 2.262025e-02
 3.913914e-01  7.969334e-02 -1.258468e-01 2.218844e-02
 3.923924e-01  4.447108e-02 -1.411229e-01 2.189334e-02
 3.933934e-01  6.895751e-03 -1.472757e-01 2.173768e-02
 3.943944e-01 -3.076137e-02 -1.441253e-01 2.171836e-02
 3.953954e-01 -6.628344e-02 -1.320307e-01 2.182561e-02
 3.963964e-01 -9.763013e-02 -1.118529e-01 2.204272e-02
 3.973974e-01 -1.230456e-01 -8.489180e-02 2.234684e-02
 3.983984e-01 -1.411469e-01 -5.280131e-02 2.271044e-02
 3.993994e-01 -1.509894e-01 -1.748829e-02 2.310364e-02
 4.004004e-01 -1.521055e-01  1.899882e-02 2.349703e-02
 4.014014e-01 -1.445169e-01  5.458518e-02 2.386469e-02
 4.024024e-01 -1.287205e-01  8.728225e-02 2.418715e-02
 4.034034e-01 -1.056483e-01  1.152922e-01 2.445384e-02
 4.044044e-01 -7.660716e-02  1.370986e-01 2.466469e-02
 4.054054e-01 -4.319985e-02  1.515402e-01 2.483064e-02
 4.064064e-01 -7.233285e-03  1.578623e-01 2.497281e-02
 4.074074e-01  2.938062e-02  1.557471e-01 2.512039e-02
 4.084084e-01  6.472647e-02  1.453198e-01 2.530735e-02
 4.094094e-01  9.698395e-02  1.271313e-01 2.556825e-02
 4.104104e-01  1.245184e-01  1.021211e-01 2.593354e-02
 4.114114e-01  1.459590e-01  7.156082e-02 2.642497e-02
 4.124124e-01  1.602617e-01  3.698300e-02 2.705155e-02
 4.134134e-01  1.667536e-01  9.939852e-05 2.780676e-02
 4.144144e-01  1.651573e-01 -3.728726e-02 2.866728e-02
 4.154154e-01  1.555958e-01 -7.337326e-02 2.959369e-02
 4.164164e-01  1.385768e-01 -1.064410e-01 3.053323e-02
 4.174174e-01  1.149596e-01 -1.349395e-01 3.142439e-02
 4.184184e-01  8.590529e-02 -1.575541e-01 3.220301e-02
 4.194194e-01  5.281483e-02 -1.732629e-01 3.280942e-02
 4.204204e-01  1.725704e-02 -1.813775e-01 3.319560e-02
 4.214214e-01 -1.910887e-02 -1.815672e-01 3.333180e-02
 4.224224e-01 -5.461258e-02 -1.738651e-01 3.321160e-02
 4.234234e-01 -8.765008e-02 -1.586577e-01 3.285479e-02
 4.244244e-01 -1.167555e-01 -1.366583e-01 3.230734e-02
 4.254254e-01 -1.406644e-01 -1.088670e-01 3.163849e-02
 4.264264e-01 -1.583660e-01 -7.651790e-02 3.093478e-02
 4.274274e-01 -1.691420e-01 -4.101906e-02 3.029158e-02
 4.284284e-01 -1.725914e-01 -3.885489e-03 2.980288e-02
 4.294294e-01 -1.686399e-01  3.332952e-02 2.955029e-02
 4.304304e-01 -1.575354e-01  6.910262e-02 2.959257e-02
 4.314314e-01 -1.398283e-01  1.020047e-01 2.995690e-02
 4.324324e-01 -1.163403e-01  1.307591e-01 3.063299e-02
 4.334334e-01 -8.812223e-02  1.542902e-01 3.157099e-02
 4.344344e-01 -5.640328e-02  1.717630e-01 3.268386e-02
 4.354354e-01 -2.253443e-02  1.826095e-01 3.385403e-02
 4.364364e-01  1.207122e-02  1.865434e-01 3.494417e-02
 4.374374e-01  4.599861e-02  1.835626e-01 3.581111e-02
 4.384384e-01  7.788909e-02  1.739389e-01 3.632147e-02
 4.394394e-01  1.064940e-01  1.581976e-01 3.636745e-02
 4.404404e-01  1.307223e-01  1.370865e-01 3.588103e-02
 4.414414e-01  1.496795e-01  1.115378e-01 3.484466e-02
 4.424424e-01  1.626978e-01  8.262403e-02 3.329730e-02
 4.434434e-01  1.693552e-01  5.150909e-02 3.133438e-02
 4.444444e-01  1.694854e-01  1.939920e-02 2.910164e-02
 4.454454e-01  1.631757e-01 -1.250677e-02 2.678274e-02
 4.464464e-01  1.507565e-01 -4.306385e-02 2.458201e-02
 4.474474e-01  1.327803e-01 -7.122358e-02 2.270341e-02
 4.484484e-01  1.099948e-01 -9.607048e-02 2.132839e-02
 4.494494e-01  8.330759e-02 -1.168518e-01 2.059450e-02
 4.504505e-01  5.374811e-02 -1.329990e-01 2.057761e-02
 4.514515e-01  2.242503e-02 -1.441416e-01 2.127967e-02
 4.524525e-01 -9.516141e-03 -1.501112e-01 2.262392e-02
 4.534535e-01 -4.093639e-02 -1.509391e-01 2.445841e-02
 4.544545e-01 -7.074296e-02 -1.468447e-01 2.656795e-02
 4.554555e-01 -9.792726e-02 -1.382179e-01 2.869393e-02
 4.564565e-01 -1.215964e-01 -1.255951e-01 3.055981e-02
 4.574575e-01 -1.410011e-01 -1.096314e-01 3.190035e-02
 4.584585e-01 -1.555550e-01 -9.106923e-02 3.249096e-02
 4.594595e-01 -1.648501e-01 -7.070485e-02 3.217472e-02
 4.604605e-01 -1.686623e-01 -4.935507e-02 3.088288e-02
 4.614615e-01 -1.669536e-01 -2.782467e-02 2.864771e-02
 4.624625e-01 -1.598647e-01 -6.875799e-03 2.560400e-02
 4.634635e-01 -1.477054e-01  1.279895e-02 2.198069e-02
 4.644645e-01 -1.309360e-01  3.059976e-02 1.808059e-02
 4.654655e-01 -1.101495e-01  4.603750e-02 1.425237e-02
 4.664665e-01 -8.604501e-02  5.874686e-02 1.085494e-02
 4.674675e-01 -5.940501e-02  6.849330e-02 8.220287e-03
 4.684685e-01 -3.106527e-02  7.517518e-02 6.616359e-03
 4.694695e-01 -1.891260e-03  7.881974e-02 6.216128e-03
 4.704705e-01  2.725252e-02  7.957491e-02 7.074866e-03
 4.714715e-01  5.552271e-02  7.769594e-02 9.119431e-03
 4.724725e-01  8.212560e-02  7.352915e-02 1.215115e-02
 4.734735e-01  1.063308e-01  6.749184e-02 1.586139e-02
 4.744745e-01  1.274961e-01  6.005131e-02 1.986142e-02
 4.754755e-01  1.450722e-01  5.170148e-02 2.371898e-02
 4.764765e-01  1.586240e-01  4.294083e-02 2.700548e-02
 4.774775e-01  1.678239e-01  3.424936e-02 2.933787e-02
 4.784785e-01  1.724727e-01  2.606902e-02 3.042644e-02
 4.794795e-01  1.724777e-01  1.878416e-02 3.010140e-02
 4.804805e-01  1.678799e-01  1.270769e-02 2.834514e-02
 4.814815e-01  1.588073e-01  8.067056e-03 2.528483e-02
 4.824825e-01  1.455303e-01  4.999075e-03 2.120405e-02
 4.834835e-01  1.283501e-01  3.540994e-03 1.648630e-02
 4.844845e-01  1.077903e-01  3.640021e-03 1.163199e-02
 4.854855e-01  8.380288e-02  5.116119e-03 7.049097e-03
 4.864865e-01  5.386926e-02  7.512049e-03 2.958328e-03
 4.874875e-01  1.954238e-02  1.032464e-02 4.885027e-04
 4.884885e-01 -1.652248e-02  1.296314e-02 4.410353e-04
 4.894895e-01 -5.167648e-02  1.479174e-02 2.889254e-03
 4.904905e-01 -8.325331e-02  1.522046e-02 7.162776e-03
 4.914915e-01 -1.088706e-01  1.378142e-02 1.204274e-02
 4.924925e-01 -1.265424e-01  1.020224e-02 1.611706e-02
 4.934935e-01 -1.348678e-01  4.455590e-03 1.820917e-02
 4.944945e-01 -1.331102e-01 -3.212171e-03 1.772866e-02
 4.954955e-01 -1.212778e-01 -1.228474e-02 1.485921e-02
 4.964965e-01 -1.001164e-01 -2.200678e-02 1.050760e-02
 4.974975e-01 -7.107518e-02 -3.144608e-02 6.040537e-03
 4.984985e-01 -3.620342e-02 -3.957659e-02 2.876994e-03
 4.994995e-01  1.985933e-03 -4.538056e-02 2.063339e-03
 5.005005e-01  4.069324e-02 -4.795486e-02 3.955609e-03
 5.015015e-01  7.703288e-02 -4.661687e-02 8.107198e-03
 5.025025e-01  1.082389e-01 -4.099317e-02 1.339609e-02
 5.035035e-01  1.318754e-01 -3.108777e-02 1.835756e-02
 5.045045e-01  1.460134e-01 -1.731474e-02 2.161970e-02
 5.055055e-01  1.493944e-01 -4.976679e-04 2.231893e-02
 5.065065e-01  1.415235e-01  1.817514e-02 2.035923e-02
 5.075075e-01  1.227424e-01  3.722798e-02 1.645161e-02
 5.085085e-01  9.420115e-02  5.501464e-02 1.190047e-02
 5.095095e-01  5.782473e-02  6.985191e-02 8.222989e-03
 5.105105e-01  1.615069e-02  8.017633e-02 6.689089e-03
 5.115115e-01 -2.778776e-02  8.468860e-02 7.944319e-03
 5.125125e-01 -7.074945e-02  8.250122e-02 1.181194e-02
 5.135135e-01 -1.094070e-01  7.323571e-02 1.733336e-02
 5.145145e-01 -1.407804e-01  5.711644e-02 2.308141e-02
 5.155155e-01 -1.620974e-01  3.495579e-02 2.749748e-02
 5.165165e-01 -1.725260e-01  8.244050e-03 2.983318e-02
 5.175175e-01 -1.776286e-01 -2.096455e-02 3.199142e-02
 5.185185e-01 -1.779199e-01 -5.175004e-02 3.433355e-02
 5.195195e-01 -1.728173e-01 -8.331293e-02 3.680686e-02
 5.205205e-01 -1.621254e-01 -1.147161e-01 3.944443e-02
 5.215215e-01 -1.456902e-01 -1.449678e-01 4.224129e-02
 5.225225e-01 -1.236030e-01 -1.730190e-01 4.521326e-02
 5.235235e-01 -9.610011e-02 -1.978121e-01 4.836486e-02
 5.245245e-01 -6.364777e-02 -2.183036e-01 5.170750e-02
 5.255255e-01 -2.688861e-02 -2.335091e-01 5.524949e-02
 5.265265e-01  1.332132e-02 -2.425353e-01 5.900084e-02
 5.275275e-01  5.595754e-02 -2.446236e-01 6.297195e-02
 5.285285e-01  9.982038e-02 -2.391828e-01 6.717254e-02
 5.295295e-01  1.435838e-01 -2.258275e-01 7.161435e-02
 5.305305e-01  1.858115e-01 -2.044051e-01 7.630737e-02
 5.315315e-01  2.250136e-01 -1.750234e-01 8.126431e-02
 5.325325e-01  2.596796e-01 -1.380659e-01 8.649572e-02
 5.335335e-01  2.883415e-01 -9.420326e-02 9.201505e-02
 5.345345e-01  3.096176e-01 -4.439126e-02 9.783362e-02
 5.355355e-01  3.222774e-01  1.013784e-02 1.039655e-01
 5.365365e-01  3.252887e-01  6.789779e-02 1.104228e-01
 5.375375e-01  3.178767e-01  1.271794e-01 1.172202e-01
 5.385385e-01  2.995659e-01  1.860942e-01 1.243708e-01
 5.395395e-01  2.702255e-01  2.426266e-01 1.318895e-01
 5.405405e-01  2.300964e-01  2.946968e-01 1.397906e-01
 5.415415e-01  1.798156e-01  3.402288e-01 1.480893e-01
 5.425425e-01  1.204198e-01  3.772266e-01 1.568009e-01
 5.435435e-01  5.334214e-02  4.038510e-01 1.659410e-01
 5.445445e-01 -1.961268e-02  4.184985e-01 1.755257e-01
 5.455455e-01 -9.630300e-02  4.198773e-01 1.855712e-01
 5.465465e-01 -1.743059e-01  4.070772e-01 1.960944e-01
 5.475475e-01 -2.509822e-01  3.796311e-01 2.071118e-01
 5.485485e-01 -3.235595e-01  3.375654e-01 2.186412e-01
 5.495495e-01 -3.892227e-01  2.814341e-01 2.306995e-01
 5.505506e-01 -4.452165e-01  2.123375e-01 2.433049e-01
 5.515516e-01 -4.889502e-01  1.319200e-01 2.564752e-01
 5.525526e-01 -5.181076e-01  4.234846e-02 2.702289e-01
 5.535536e-01 -5.307513e-01 -5.373234e-02 2.845841e-01
 5.545546e-01 -5.254235e-01 -1.532645e-01 2.995599e-01
 5.555556e-01 -5.012332e-01 -2.528639e-01 3.151749e-01
 5.565566e-01 -4.579303e-01 -3.489244e-01 3.314484e-01
 5.575576e-01 -3.959578e-01 -4.377404e-01 3.483993e-01
 5.585586e-01 -3.164843e-01 -5.156403e-01 3.660472e-01
 5.595596e-01 -2.214067e-01 -5.791291e-01 3.844114e-01
 5.605606e-01 -1.133280e-01 -6.250346e-01 4.035114e-01
 5.615616e-01  4.496506e-03 -6.506510e-01 4.233669e-01
 5.625626e-01  1.282409e-01 -6.538744e-01 4.439974e-01
 5.635636e-01  2.536204e-01 -6.333240e-01 4.654226e-01
 5.645646e-01  3.760269e-01 -5.884434e-01 4.876620e-01
 5.655656e-01  4.906893e-01 -5.195759e-01 5.107352e-01
 5.665666e-01  5.928490e-01 -4.280088e-01 5.346615e-01
 5.675676e-01  6.779491e-01 -3.159834e-01 5.594605e-01
 5.685686e-01  7.418264e-01 -1.866671e-01 5.851511e-01
 5.695696e-01  7.809027e-01 -4.408587e-02 6.117526e-01
 5.705706e-01  7.923625e-01  1.069823e-01 6.392835e-01
 5.715716e-01  7.743143e-01  2.611515e-01 6.677627e-01
 5.725726e-01  7.259225e-01  4.126070e-01 6.972080e-01
 5.735736e-01  6.475069e-01  5.553131e-01 7.276378e-01
 5.745746e-01  5.405984e-01  6.832442e-01 7.590693e-01
 5.755756e-01  4.079515e-01  7.906298e-01 7.915199e-01
 5.765766e-01  2.535039e-01  8.722052e-01 8.250062e-01
 5.775776e-01  8.228645e-02  9.234573e-01 8.595444e-01
 5.785786e-01 -9.971995e-02  9.408540e-01 8.951503e-01
 5.795796e-01 -2.857748e-01  9.220476e-01 9.318390e-01
 5.805806e-01 -4.686136e-01  8.660407e-01 9.696251e-01
 5.815816e-01 -6.407195e-01  7.733052e-01 1.008522e+00
 5.825826e-01 -7.946231e-01  6.458469e-01 1.048544e+00
 5.835836e-01 -9.232175e-01  4.872084e-01 1.089703e+00
 5.845846e-01 -1.020079e+00  3.024061e-01 1.132010e+00
 5.855856e-01 -1.079774e+00  9.780092e-02 1.175476e+00
 5.865866e-01 -1.098147e+00 -1.190970e-01 1.220112e+00
 5.875876e-01 -1.072569e+00 -3.398852e-01 1.265926e+00
 5.885886e-01 -1.002127e+00 -5.555794e-01 1.312926e+00
 5.895896e-01 -8.877616e-01 -7.569673e-01 1.361120e+00
 5.905906e-01 -7.323251e-01 -9.349938e-01 1.410514e+00
 5.915916e-01 -5.405578e-01 -1.081161e+00 1.461111e+00
 5.925926e-01 -3.189832e-01 -1.187925e+00 1.512917e+00
 5.935936e-01 -7.571631e-02 -1.249080e+00 1.565934e+00
 5.945946e-01  1.798083e-01 -1.260092e+00 1.620163e+00
 5.955956e-01  4.371840e-01 -1.218390e+00 1.675604e+00
 5.965966e-01  6.854411e-01 -1.123578e+00 1.732256e+00
 5.975976e-01  9.135051e-01 -9.775609e-01 1.790117e+00
 5.985986e-01  1.110683e+00 -7.845794e-01 1.849182e+00
 5.995996e-01  1.267162e+00 -5.511332e-01 1.909446e+00
 6.006006e-01  1.374489e+00 -2.858025e-01 1.970903e+00
 6.016016e-01  1.426024e+00  1.035961e-03 2.033544e+00
 6.026026e-01  1.417321e+00  2.975915e-01 2.097359e+00
 6.036036e-01  1.346443e+00  5.911261e-01 2.162338e+00
 6.046046e-01  1.214163e+00  8.684899e-01 2.228465e+00
 6.056056e-01  1.024062e+00  1.116703e+00 2.295729e+00
 6.066066e-01  7.824943e-01  1.323561e+00 2.364111e+00
 6.076076e-01  4.984235e-01  1.478231e+00 2.433594e+00
 6.086086e-01  1.831272e-01  1.571822e+00 2.504159e+00
 6.096096e-01 -1.502209e-01  1.597879e+00 2.575784e+00
 6.106106e-01 -4.870805e-01  1.552803e+00 2.648445e+00
 6.116116e-01 -8.121649e-01  1.436143e+00 2.722120e+00
 6.126126e-01 -1.110127e+00  1.250758e+00 2.796780e+00
 6.136136e-01 -1.366284e+00  1.002829e+00 2.872397e+00
 6.146146e-01 -1.567338e+00  7.017072e-01 2.948941e+00
 6.156156e-01 -1.702075e+00  3.596117e-01 3.026381e+00
 6.166166e-01 -1.761989e+00 -8.837450e-03 3.104683e+00
 6.176176e-01 -1.741802e+00 -3.872171e-01 3.183810e+00
 6.186186e-01 -1.639859e+00 -7.580177e-01 3.263727e+00
 6.196196e-01 -1.458356e+00 -1.103445e+00 3.344394e+00
 6.206206e-01 -1.203394e+00 -1.406276e+00 3.425770e+00
 6.216216e-01 -8.848394e-01 -1.650719e+00 3.507813e+00
 6.226226e-01 -5.159924e-01 -1.823247e+00 3.590479e+00
 6.236236e-01 -1.130713e-01 -1.913357e+00 3.673721e+00
 6.246246e-01  3.054736e-01 -1.914204e+00 3.757492e+00
 6.256256e-01  7.197880e-01 -1.823087e+00 3.841743e+00
 6.266266e-01  1.109547e+00 -1.641745e+00 3.926422e+00
 6.276276e-01  1.454956e+00 -1.376438e+00 4.011478e+00
 6.286286e-01  1.737761e+00 -1.037807e+00 4.096857e+00
 6.296296e-01  1.942231e+00 -6.405017e-01 4.182502e+00
 6.306306e-01  2.056043e+00 -2.025899e-01 4.268357e+00
 6.316316e-01  2.071042e+00  2.552377e-01 4.354363e+00
 6.326326e-01  1.983802e+00  7.106260e-01 4.440461e+00
 6.336336e-01  1.795975e+00  1.140641e+00 4.526589e+00
 6.346346e-01  1.514388e+00  1.522930e+00 4.612686e+00
 6.356356e-01  1.150870e+00  1.836896e+00 4.698687e+00
 6.366366e-01  7.218170e-01  2.064827e+00 4.784529e+00
 6.376376e-01  2.474935e-01  2.192918e+00 4.870145e+00
 6.386386e-01 -2.488956e-01  2.212130e+00 4.955468e+00
 6.396396e-01 -7.423234e-01  2.118817e+00 5.040432e+00
 6.406406e-01 -1.207200e+00  1.915107e+00 5.124967e+00
 6.416416e-01 -1.618707e+00  1.608973e+00 5.209005e+00
 6.426426e-01 -1.954143e+00  1.214002e+00 5.292476e+00
 6.436436e-01 -2.194204e+00  7.488507e-01 5.375309e+00
 6.446446e-01 -2.324123e+00  2.364064e-01 5.457435e+00
 6.456456e-01 -2.334606e+00 -2.973112e-01 5.538780e+00
 6.466466e-01 -2.222508e+00 -8.244589e-01 5.619275e+00
 6.476476e-01 -1.991187e+00 -1.316823e+00 5.698847e+00
 6.486486e-01 -1.650517e+00 -1.747346e+00 5.777425e+00
 6.496496e-01 -1.216549e+00 -2.091637e+00 5.854937e+00
 6.506507e-01 -7.108017e-01 -2.329393e+00 5.931310e+00
 6.516517e-01 -1.592428e-01 -2.445632e+00 6.006475e+00
 6.526527e-01  4.090254e-01 -2.431678e+00 6.080359e+00
 6.536537e-01  9.632924e-01 -2.285817e+00 6.152892e+00
 6.546547e-01  1.472908e+00 -2.013590e+00 6.224003e+00
 6.556557e-01  1.909001e+00 -1.627679e+00 6.293625e+00
 6.566567e-01  2.246150e+00 -1.147388e+00 6.361686e+00
 6.576577e-01  2.463908e+00 -5.977289e-01 6.428120e+00
 6.586587e-01  2.548096e+00 -8.155886e-03 6.492860e+00
 6.596597e-01  2.491771e+00  5.889986e-01 6.555840e+00
 6.606607e-01  2.295802e+00  1.160296e+00 6.616995e+00
 6.616617e-01  1.969024e+00  1.673083e+00 6.676261e+00
 6.626627e-01  1.527917e+00  2.097391e+00 6.733578e+00
 6.636637e-01  9.958452e-01  2.407733e+00 6.788884e+00
 6.646647e-01  4.018627e-01  2.584691e+00 6.842121e+00
 6.656657e-01 -2.208471e-01  2.616192e+00 6.893232e+00
 6.666667e-01 -8.368168e-01  2.498379e+00 6.942160e+00
 6.676677e-01 -1.410327e+00  2.236030e+00 6.988854e+00
 6.686687e-01 -1.907508e+00  1.842465e+00 7.033261e+00
 6.696697e-01 -2.298384e+00  1.338942e+00 7.075333e+00
 6.706707e-01 -2.558740e+00  7.535709e-01 7.115022e+00
 6.716717e-01 -2.671692e+00  1.197732e-01 7.152283e+00
 6.726727e-01 -2.628842e+00 -5.256068e-01 7.187075e+00
 6.736737e-01 -2.430965e+00 -1.144450e+00 7.219357e+00
 6.746747e-01 -2.088137e+00 -1.699641e+00 7.249092e+00
 6.756757e-01 -1.619309e+00 -2.157333e+00 7.276245e+00
 6.766767e-01 -1.051324e+00 -2.489076e+00 7.300785e+00
 6.776777e-01 -4.174224e-01 -2.673656e+00 7.322680e+00
 6.786787e-01  2.446817e-01 -2.698525e+00 7.341906e+00
 6.796797e-01  8.950404e-01 -2.560731e+00 7.358439e+00
 6.806807e-01  1.493904e+00 -2.267269e+00 7.372257e+00
 6.816817e-01  2.004193e+00 -1.834816e+00 7.383342e+00
 6.826827e-01  2.393853e+00 -1.288856e+00 7.391681e+00
 6.836837e-01  2.637938e+00 -6.622242e-01 7.397260e+00
 6.846847e-01  2.720299e+00  6.834730e-03 7.400072e+00
 6.856857e-01  2.634727e+00  6.769948e-01 7.400110e+00
 6.866867e-01  2.385507e+00  1.306418e+00 7.397372e+00
 6.876877e-01  1.987291e+00  1.855407e+00 7.391859e+00
 6.886887e-01  1.464316e+00  2.288963e+00 7.383573e+00
 6.896897e-01  8.489855e-01  2.579098e+00 7.372522e+00
 6.906907e-01  1.798932e-01  2.706724e+00 7.358716e+00
 6.916917e-01 -5.005835e-01  2.663003e+00 7.342167e+00
 6.926927e-01 -1.148982e+00  2.450047e+00 7.322892e+00
 6.936937e-01 -1.723567e+00  2.080920e+00 7.300909e+00
 6.946947e-01 -2.187074e+00  1.578907e+00 7.276241e+00
 6.956957e-01 -2.509207e+00  9.761119e-01 7.248912e+00
 6.966967e-01 -2.668699e+00  3.114417e-01 7.218952e+00
 6.976977e-01 -2.654823e+00 -3.718924e-01 7.186390e+00
 6.986987e-01 -2.468202e+00 -1.029193e+00 7.151261e+00
 6.996997e-01 -2.120884e+00 -1.617236e+00 7.113602e+00
 7.007007e-01 -1.635643e+00 -2.097170e+00 7.073451e+00
 7.017017e-01 -1.044547e+00 -2.437165e+00 7.030851e+00
 7.027027e-01 -3.868847e-01 -2.614606e+00 6.985846e+00
 7.037037e-01  2.934334e-01 -2.617705e+00 6.938483e+00
 7.047047e-01  9.508146e-01 -2.446378e+00 6.888813e+00
 7.057057e-01  1.541075e+00 -2.112339e+00 6.836887e+00
 7.067067e-01  2.024465e+00 -1.638383e+00 6.782759e+00
 7.077077e-01  2.368430e+00 -1.056894e+00 6.726487e+00
 7.087087e-01  2.549888e+00 -4.076756e-01 6.668127e+00
 7.097097e-01  2.556882e+00  2.647572e-01 6.607741e+00
 7.107107e-01  2.389469e+00  9.142381e-01 6.545391e+00
 7.117117e-01  2.059772e+00  1.496156e+00 6.481142e+00
 7.127127e-01  1.591191e+00  1.970576e+00 6.415058e+00
 7.137137e-01  1.016804e+00  2.305063e+00 6.347207e+00
 7.147147e-01  3.770792e-01  2.476988e+00 6.277659e+00
 7.157157e-01 -2.829637e-01  2.475159e+00 6.206482e+00
 7.167167e-01 -9.169296e-01  2.300649e+00 6.133748e+00
 7.177177e-01 -1.480347e+00  1.966749e+00 6.059529e+00
 7.187187e-01 -1.933850e+00  1.498040e+00 5.983899e+00
 7.197197e-01 -2.246003e+00  9.286550e-01 5.906931e+00
 7.207207e-01 -2.395580e+00  2.998301e-01 5.828701e+00
 7.217217e-01 -2.373097e+00 -3.430656e-01 5.749282e+00
 7.227227e-01 -2.181510e+00 -9.538174e-01 5.668752e+00
 7.237237e-01 -1.835996e+00 -1.488726e+00 5.587186e+00
 7.247247e-01 -1.362842e+00 -1.909796e+00 5.504660e+00
 7.257257e-01 -7.975069e-01 -2.187518e+00 5.421252e+00
 7.267267e-01 -1.820040e-01 -2.303022e+00 5.337036e+00
 7.277277e-01  4.382111e-01 -2.249458e+00 5.252089e+00
 7.287287e-01  1.017614e+00 -2.032474e+00 5.166488e+00
 7.297297e-01  1.513998e+00 -1.669766e+00 5.080307e+00
 7.307307e-01  1.891608e+00 -1.189724e+00 4.993623e+00
 7.317317e-01  2.123801e+00 -6.292685e-01 4.906508e+00
 7.327327e-01  2.195011e+00 -3.104552e-02 4.819037e+00
 7.337337e-01  2.101878e+00  5.598131e-01 4.731283e+00
 7.347347e-01  1.853446e+00  1.099116e+00 4.643318e+00
 7.357357e-01  1.470412e+00  1.546966e+00 4.555213e+00
 7.367367e-01  9.834883e-01  1.870772e+00 4.467038e+00
 7.377377e-01  4.309958e-01  2.047707e+00 4.378861e+00
 7.387387e-01 -1.441279e-01  2.066392e+00 4.290750e+00
 7.397397e-01 -6.976639e-01  1.927702e+00 4.202771e+00
 7.407407e-01 -1.187540e+00  1.644608e+00 4.114989e+00
 7.417417e-01 -1.577080e+00  1.241083e+00 4.027467e+00
 7.427427e-01 -1.837810e+00  7.501469e-01 3.940267e+00
 7.437437e-01 -1.951624e+00  2.112140e-01 3.853448e+00
 7.447447e-01 -1.912105e+00 -3.330531e-01 3.767069e+00
 7.457457e-01 -1.724926e+00 -8.401291e-01 3.681186e+00
 7.467467e-01 -1.407288e+00 -1.270982e+00 3.595855e+00
 7.477477e-01 -9.864419e-01 -1.593129e+00 3.511127e+00
 7.487487e-01 -4.974173e-01 -1.783152e+00 3.427054e+00
 7.497497e-01  1.985407e-02 -1.828467e+00 3.343685e+00
 7.507508e-01  5.237895e-01 -1.728211e+00 3.261067e+00
 7.517518e-01  9.745146e-01 -1.493173e+00 3.179245e+00
 7.527528e-01  1.337056e+00 -1.144790e+00 3.098263e+00
 7.537538e-01  1.584109e+00 -7.132746e-01 3.018161e+00
 7.547548e-01  1.698154e+00 -2.350547e-01 2.938978e+00
 7.557558e-01  1.672756e+00  2.502755e-01 2.860751e+00
 7.567568e-01  1.512937e+00  7.032341e-01 2.783515e+00
 7.577578e-01  1.234602e+00  1.087687e+00 2.707304e+00
 7.587588e-01  8.630763e-01  1.373771e+00 2.632147e+00
 7.597598e-01  4.308737e-01  1.540267e+00 2.558074e+00
 7.607608e-01 -2.510738e-02  1.576224e+00 2.485111e+00
 7.617618e-01 -4.667181e-01  1.481708e+00 2.413283e+00
 7.627628e-01 -8.577606e-01  1.267620e+00 2.342613e+00
 7.637638e-01 -1.166984e+00  9.546039e-01 2.273121e+00
 7.647648e-01 -1.370625e+00  5.711502e-01 2.204825e+00
 7.657658e-01 -1.454278e+00  1.510579e-01 2.137744e+00
 7.667668e-01 -1.413949e+00 -2.695146e-01 2.071891e+00
 7.677678e-01 -1.256203e+00 -6.551585e-01 2.007280e+00
 7.687688e-01 -9.974111e-01 -9.742138e-01 1.943921e+00
 7.697698e-01 -6.621649e-01 -1.201400e+00 1.881825e+00
 7.707708e-01 -2.810137e-01 -1.319860e+00 1.820999e+00
 7.717718e-01  1.122801e-01 -1.322438e+00 1.761448e+00
 7.727728e-01  4.837167e-01 -1.212104e+00 1.703177e+00
 7.737738e-01  8.020048e-01 -1.001488e+00 1.646189e+00
 7.747748e-01  1.041220e+00 -7.115789e-01 1.590484e+00
 7.757758e-01  1.182949e+00 -3.697212e-01 1.536063e+00
 7.767768e-01  1.217732e+00 -7.083974e-03 1.482923e+00
 7.777778e-01  1.145696e+00  3.441539e-01 1.431060e+00
 7.787788e-01  9.763215e-01  6.536570e-01 1.380471e+00
 7.797798e-01  7.273980e-01  8.955676e-01 1.331149e+00
 7.807808e-01  4.232489e-01  1.050689e+00 1.283087e+00
 7.817818e-01  9.241786e-02  1.108032e+00 1.236276e+00
 7.827828e-01 -2.349766e-01  1.065595e+00 1.190707e+00
 7.837838e-01 -5.299725e-01  9.303219e-01 1.146370e+00
 7.847848e-01 -7.673323e-01  7.172535e-01 1.103251e+00
 7.857858e-01 -9.277188e-01  4.479706e-01 1.061340e+00
 7.867868e-01 -9.992878e-01  1.484761e-01 1.020621e+00
 7.877878e-01 -9.785642e-01 -1.532759e-01 9.810813e-01
 7.887888e-01 -8.705342e-01 -4.299708e-01 9.427048e-01
 7.897898e-01 -6.879625e-01 -6.574064e-01 9.054756e-01
 7.907908e-01 -4.500111e-01 -8.166192e-01 8.693770e-01
 7.917918e-01 -1.803040e-01 -8.954787e-01 8.343917e-01
 7.927928e-01  9.537285e-02 -8.896098e-01 8.005016e-01
 7.937938e-01  3.515137e-01 -8.025749e-01 7.676884e-01
 7.947948e-01  5.652467e-01 -6.453132e-01 7.359330e-01
 7.957958e-01  7.183813e-01 -4.349072e-01 7.052160e-01
 7.967968e-01  7.989637e-01 -1.928071e-01 6.755176e-01
 7.977978e-01  8.022055e-01  5.730613e-02 6.468176e-01
 7.987988e-01  7.307134e-01  2.918108e-01 6.190957e-01
 7.997998e-01  5.940144e-01  4.893647e-01 5.923310e-01
 8.008008e-01  4.074389e-01  6.328477e-01 5.665026e-01
 8.018018e-01  1.904843e-01  7.108483e-01 5.415896e-01
 8.028028e-01 -3.517086e-02  7.185635e-01 5.175706e-01
 8.038038e-01 -2.478036e-01  6.580408e-01 4.944243e-01
 8.048048e-01 -4.277244e-01  5.377557e-01 4.721294e-01
 8.058058e-01 -5.590966e-01  3.715851e-01 4.506645e-01
 8.068068e-01 -6.313294e-01  1.772892e-01 4.300082e-01
 8.078078e-01 -6.399199e-01 -2.533414e-02 4.101393e-01
 8.088088e-01 -5.866785e-01 -2.164365e-01 3.910364e-01
 8.098098e-01 -4.793318e-01 -3.780469e-01 3.726784e-01
 8.108108e-01 -3.305609e-01 -4.957558e-01 3.550444e-01
 8.118118e-01 -1.565855e-01 -5.599950e-01 3.381134e-01
 8.128128e-01  2.455375e-02 -5.667998e-01 3.218648e-01
 8.138138e-01  1.948348e-01 -5.179939e-01 3.062783e-01
 8.148148e-01  3.380302e-01 -4.207958e-01 2.913335e-01
 8.158158e-01  4.412451e-01 -2.869027e-01 2.770104e-01
 8.168168e-01  4.960706e-01 -1.311619e-01 2.632895e-01
 8.178178e-01  4.992490e-01  3.002740e-02 2.501512e-01
 8.188188e-01  4.528007e-01  1.804104e-01 2.375764e-01
 8.198198e-01  3.636166e-01  3.054986e-01 2.255464e-01
 8.208208e-01  2.425741e-01  3.939549e-01 2.140426e-01
 8.218218e-01  1.032838e-01  4.386108e-01 2.030470e-01
 8.228228e-01 -3.939591e-02  4.370236e-01 1.925417e-01
 8.238238e-01 -1.709146e-01  3.915323e-01 1.825093e-01
 8.248248e-01 -2.784965e-01  3.088243e-01 1.729328e-01
 8.258258e-01 -3.523701e-01  1.990746e-01 1.637954e-01
 8.268268e-01 -3.866417e-01  7.475957e-02 1.550808e-01
 8.278278e-01 -3.797377e-01 -5.071949e-02 1.467732e-01
 8.288288e-01 -3.343826e-01 -1.644544e-01 1.388570e-01
 8.298298e-01 -2.571341e-01 -2.553410e-01 1.313170e-01
 8.308308e-01 -1.575387e-01 -3.151509e-01 1.241385e-01
 8.318318e-01 -4.701012e-02 -3.392598e-01 1.173071e-01
 8.328328e-01  6.244096e-02 -3.269711e-01 1.108090e-01
 8.338338e-01  1.594882e-01 -2.814141e-01 1.046304e-01
 8.348348e-01  2.346451e-01 -2.090451e-01 9.875820e-02
 8.358358e-01  2.811792e-01 -1.188189e-01 9.317967e-02
 8.368368e-01  2.956955e-01 -2.113136e-02 8.788238e-02
 8.378378e-01  2.783428e-01  7.334562e-02 8.285431e-02
 8.388388e-01  2.326335e-01  1.548080e-01 7.808384e-02
 8.398398e-01  1.649130e-01  2.153216e-01 7.355971e-02
 8.408408e-01  8.355032e-02  2.495804e-01 6.927102e-02
 8.418418e-01 -2.053543e-03  2.553489e-01 6.520728e-02
 8.428428e-01 -8.252321e-02  2.335557e-01 6.135833e-02
 8.438438e-01 -1.495164e-01  1.880405e-01 5.771436e-02
 8.448448e-01 -1.965738e-01  1.249987e-01 5.426593e-02
 8.458458e-01 -2.197261e-01  5.219565e-02 5.100393e-02
 8.468468e-01 -2.178018e-01 -2.195413e-02 4.791959e-02
 8.478478e-01 -1.924156e-01 -8.933482e-02 4.500447e-02
 8.488488e-01 -1.476527e-01 -1.430005e-01 4.225046e-02
 8.498498e-01 -8.949626e-02 -1.778768e-01 3.964975e-02
 8.508509e-01 -2.507444e-02 -1.912227e-01 3.719484e-02
 8.518519e-01  3.818389e-02 -1.828128e-01 3.487853e-02
 8.528529e-01  9.338498e-02 -1.548327e-01 3.269392e-02
 8.538539e-01  1.349061e-01 -1.115111e-01 3.063439e-02
 8.548549e-01  1.589538e-01 -5.854305e-02 2.869358e-02
 8.558559e-01  1.638895e-01 -2.378139e-03 2.686543e-02
 8.568569e-01  1.502990e-01  5.054047e-02 2.514412e-02
 8.578579e-01  1.208067e-01  9.449769e-02 2.352407e-02
 8.588589e-01  7.967156e-02  1.251096e-01 2.199996e-02
 8.598599e-01  3.221800e-02  1.397452e-01 2.056673e-02
 8.608609e-01 -1.582427e-02  1.377283e-01 1.921949e-02
 8.618619e-01 -5.899196e-02  1.203062e-01 1.795364e-02
 8.628629e-01 -9.269458e-02  9.040159e-02 1.676473e-02
 8.638639e-01 -1.136892e-01  5.218564e-02 1.564856e-02
 8.648649e-01 -1.203753e-01  1.053109e-02 1.460112e-02
 8.658659e-01 -1.128859e-01 -2.958624e-02 1.361857e-02
 8.668669e-01 -9.297305e-02 -6.366547e-02 1.269728e-02
 8.678679e-01 -6.371340e-02 -8.817251e-02 1.183379e-02
 8.688689e-01 -2.907577e-02 -1.008930e-01 1.102480e-02
 8.698699e-01  6.590784e-03 -1.011126e-01 1.026719e-02
 8.708709e-01  3.908511e-02 -8.961219e-02 9.557990e-03
 8.718719e-01  6.483520e-02 -6.848920e-02 8.894374e-03
 8.728729e-01  8.127878e-02 -4.083414e-02 8.273668e-03
 8.738739e-01  8.710374e-02 -1.030908e-02 7.693339e-03
 8.748749e-01  8.232751e-02  1.931741e-02 7.150982e-03
 8.758759e-01  6.821490e-02  4.462118e-02 6.644322e-03
 8.768769e-01  4.705275e-02  6.290660e-02 6.171202e-03
 8.778779e-01  2.181634e-02  7.248194e-02 5.729584e-03
 8.788789e-01 -4.226862e-03  7.279883e-02 5.317536e-03
 8.798799e-01 -2.792496e-02  6.444713e-02 4.933236e-03
 8.808809e-01 -4.661152e-02  4.901354e-02 4.574961e-03
 8.818819e-01 -5.839499e-02  2.882901e-02 4.241087e-03
 8.828829e-01 -6.233755e-02  6.641472e-03 3.930080e-03
 8.838839e-01 -5.850782e-02 -1.474195e-02 3.640490e-03
 8.848849e-01 -4.790855e-02 -3.279825e-02 3.370955e-03
 8.858859e-01 -3.229517e-02 -4.557638e-02 3.120184e-03
 8.868869e-01 -1.391380e-02 -5.189771e-02 2.886966e-03
 8.878879e-01  4.804427e-03 -5.144975e-02 2.670159e-03
 8.888889e-01  2.155276e-02 -4.476796e-02 2.468691e-03
 8.898899e-01  3.442358e-02 -3.311454e-02 2.281555e-03
 8.908909e-01  4.211668e-02 -1.827533e-02 2.107802e-03
 8.918919e-01  4.405938e-02 -2.304923e-03 1.946541e-03
 8.928929e-01  4.042884e-02  1.274530e-02 1.796934e-03
 8.938939e-01  3.207991e-02  2.508130e-02 1.658192e-03
 8.948949e-01  2.039316e-02  3.337209e-02 1.529578e-03
 8.958959e-01  7.067213e-03  3.688433e-02 1.410399e-03
 8.968969e-01 -6.115301e-03  3.553327e-02 1.300010e-03
 8.978979e-01 -1.751691e-02  2.984901e-02 1.197806e-03
 8.988989e-01 -2.584113e-02  2.086754e-02 1.103218e-03
 8.998999e-01 -3.027229e-02  9.965149e-03 1.015715e-03
 9.009009e-01 -3.054512e-02 -1.339148e-03 9.347978e-04
 9.019019e-01 -2.693993e-02 -1.158609e-02 8.599973e-04
 9.029029e-01 -2.020859e-02 -1.955738e-02 7.908782e-04
 9.039039e-01 -1.144545e-02 -2.441386e-02 7.270348e-04
 9.049049e-01 -1.923198e-03 -2.577579e-02 6.680902e-04
 9.059059e-01  7.082881e-03 -2.373869e-02 6.136928e-04
 9.069069e-01  1.445888e-02 -1.882695e-02 5.635133e-04
 9.079079e-01  1.938409e-02 -1.189536e-02 5.172425e-04
 9.089089e-01  2.141570e-02 -3.994785e-03 4.745904e-04
 9.099099e-01  2.051860e-02  3.778156e-03 4.352874e-04
 9.109109e-01  1.704008e-02  1.042684e-02 3.990834e-04
 9.119119e-01  1.163650e-02  1.517697e-02 3.657488e-04
 9.129129e-01  5.164744e-03  1.756122e-02 3.350712e-04
 9.139139e-01 -1.444807e-03  1.745754e-02 3.068531e-04
 9.149149e-01 -7.315825e-03  1.507937e-02 2.809087e-04
 9.159159e-01 -1.173727e-02  1.092242e-02 2.570626e-04
 9.169169e-01 -1.424470e-02  5.677952e-03 2.351506e-04
 9.179179e-01 -1.466304e-02  1.265609e-04 2.150208e-04
 9.189189e-01 -1.310772e-02 -4.972150e-03 1.965347e-04
 9.199199e-01 -9.947142e-03 -8.978948e-03 1.795671e-04
 9.209209e-01 -5.734083e-03 -1.145093e-02 1.640034e-04
 9.219219e-01 -1.117609e-03 -1.218553e-02 1.497363e-04
 9.229229e-01  3.251393e-03 -1.122905e-02 1.366632e-04
 9.239239e-01  6.807806e-03 -8.850997e-03 1.246864e-04
 9.249249e-01  9.141691e-03 -5.490286e-03 1.137138e-04
 9.259259e-01  1.004145e-02 -1.682658e-03 1.036621e-04
 9.269269e-01  9.506792e-03  2.019547e-03 9.445766e-05
 9.279279e-01  7.732003e-03  5.123683e-03 8.603600e-05
 9.289289e-01  5.063968e-03  7.259100e-03 7.833831e-05
 9.299299e-01  1.942608e-03  8.217940e-03 7.130827e-05
 9.309309e-01 -1.166817e-03  7.970471e-03 6.488987e-05
 9.319319e-01 -3.839575e-03  6.654752e-03 5.902806e-05
 9.329329e-01 -5.746604e-03  4.544017e-03 5.367155e-05
 9.339339e-01 -6.692080e-03  1.997961e-03 4.877578e-05
 9.349349e-01 -6.629580e-03 -5.940671e-04 4.430425e-05
 9.359359e-01 -5.656218e-03 -2.869471e-03 4.022667e-05
 9.369369e-01 -3.987290e-03 -4.540576e-03 3.651531e-05
 9.379379e-01 -1.916452e-03 -5.428483e-03 3.314121e-05
 9.389389e-01  2.318260e-04 -5.478972e-03 3.007288e-05
 9.399399e-01  2.150298e-03 -4.759658e-03 2.727813e-05
 9.409409e-01  3.590630e-03 -3.440236e-03 2.472785e-05
 9.419419e-01  4.393395e-03 -1.759982e-03 2.239946e-05
 9.429429e-01  4.503027e-03  1.191487e-05 2.027739e-05
 9.439439e-01  3.966845e-03  1.616973e-03 1.835046e-05
 9.449449e-01  2.919532e-03  2.843156e-03 1.660721e-05
 9.459459e-01  1.556479e-03  3.551020e-03 1.503237e-05
 9.469469e-01  1.006712e-04  3.687324e-03 1.360650e-05
 9.479479e-01 -1.231571e-03  3.285162e-03 1.230906e-05
 9.489489e-01 -2.261034e-03  2.451716e-03 1.112319e-05
 9.499499e-01 -2.868118e-03  1.346391e-03 1.003887e-05
 9.509510e-01 -3.004847e-03  1.532951e-04 9.052602e-06
 9.519520e-01 -2.695481e-03 -9.475034e-04 8.163380e-06
 9.529530e-01 -2.026626e-03 -1.805659e-03 7.367620e-06
 9.539540e-01 -1.129109e-03 -2.319715e-03 6.655962e-06
 9.549550e-01 -1.549926e-04 -2.447484e-03 6.014203e-06
 9.559560e-01  7.465252e-04 -2.206905e-03 5.427731e-06
 9.569570e-01  1.450683e-03 -1.668012e-03 4.886745e-06
 9.579580e-01  1.873263e-03 -9.379939e-04 4.388946e-06
 9.589590e-01  1.979293e-03 -1.420997e-04 3.937795e-06
 9.599600e-01  1.783734e-03  5.964207e-04 3.537423e-06
 9.609610e-01  1.344683e-03  1.174310e-03 3.187178e-06
 9.619620e-01  7.508182e-04  1.521730e-03 2.879391e-06
 9.629630e-01  1.053752e-04  1.609543e-03 2.601731e-06
 9.639640e-01 -4.905747e-04  1.449882e-03 2.342822e-06
 9.649650e-01 -9.530422e-04  1.090542e-03 2.097572e-06
 9.659660e-01 -1.226102e-03  6.045351e-04 1.868788e-06
 9.669670e-01 -1.287672e-03  7.683971e-05 1.664004e-06
 9.679680e-01 -1.149646e-03 -4.094480e-04 1.489335e-06
 9.689690e-01 -8.528860e-04 -7.854080e-04 1.344280e-06
 9.699700e-01 -4.582647e-04 -1.005336e-03 1.220707e-06
 9.709710e-01 -3.551530e-05 -1.051443e-03 1.106794e-06
 9.719720e-01  3.482600e-04 -9.339109e-04 9.934745e-07
 9.729730e-01  6.385829e-04 -6.867001e-04 8.793452e-07
 9.739740e-01  8.007399e-04 -3.601489e-04 7.708917e-07
 9.749750e-01  8.231851e-04 -1.176526e-05 6.777721e-07
 9.759760e-01  7.170646e-04  3.032029e-04 6.061136e-07
 9.769770e-01  5.122482e-04  5.399768e-04 5.539732e-07
 9.779780e-01  2.508494e-04  6.700779e-04 5.119298e-07
 9.789790e-01 -2.056528e-05  6.841238e-04 4.684482e-07
 9.799800e-01 -2.586927e-04  5.914292e-04 4.167104e-07
 9.809810e-01 -4.299722e-04  4.167861e-04 3.585867e-07
 9.819820e-01 -5.148770e-04  1.951671e-04 3.031885e-07
 9.829830e-01 -5.095858e-04 -3.462217e-05 2.608763e-07
 9.839840e-01 -4.249711e-04 -2.362820e-04 2.364296e-07
 9.849850e-01 -2.833618e-04 -3.813579e-04 2.257278e-07
 9.859860e-01 -1.137654e-04 -4.528695e-04 2.180333e-07
 9.869870e-01  5.349159e-05 -4.468182e-04 2.025078e-07
 9.879880e-01  1.918240e-04 -3.715614e-04 1.748544e-07
 9.889890e-01  2.823130e-04 -2.453401e-04 1.398924e-07
 9.899900e-01  3.160014e-04 -9.253416e-05 1.084195e-07
 9.909910e-01  2.942957e-04  6.067013e-05 9.029081e-08
 9.919920e-01  2.276268e-04  1.904630e-04 8.809008e-08
 9.929930e-01  1.327169e-04  2.788346e-04 9.536253e-08
 9.939940e-01  2.908202e-05  3.157764e-04 1.005605e-07
 9.949950e-01 -6.460989e-05  3.000607e-04 9.421087e-08
 9.959960e-01 -1.336498e-04  2.386093e-04 7.479667e-08
 9.969970e-01 -1.694252e-04  1.447019e-04 4.964354e-08
 9.979980e-01 -1.702615e-04  3.539654e-05 3.024188e-08
 9.989990e-01 -1.409765e-04 -7.135691e-05 2.496619e-08
 1.000000e+00 -9.129870e-05 -1.594669e-04 3.376514e-08
