# x psi_r psi_i psi2 
 0.000000e+00 -8.760352e-03  9.364934e-03 1.644457e-04
 1.001001e-03 -1.290869e-02  4.566475e-03 1.874869e-04
 2.002002e-03 -1.540672e-02 -4.835479e-04 2.376009e-04
 3.003003e-03 -1.609184e-02 -5.132836e-03 2.852932e-04
 4.004004e-03 -1.500870e-02 -8.814359e-03 3.029541e-04
 5.005005e-03 -1.238979e-02 -1.111248e-02 2.769941e-04
 6.006006e-03 -8.616558e-03 -1.180747e-02 2.136615e-04
 7.007007e-03 -4.167135e-03 -1.089398e-02 1.360437e-04
 8.008008e-03  4.426064e-04 -8.572092e-03 7.367667e-05
 9.009009e-03  4.717523e-03 -5.213458e-03 4.943517e-05
 1.001001e-02  8.234728e-03 -1.307352e-03 6.951991e-05
 1.101101e-02  1.068295e-02  2.605771e-03 1.209154e-04
 1.201201e-02  1.188641e-02  6.004657e-03 1.773426e-04
 1.301301e-02  1.181192e-02  8.452771e-03 2.109707e-04
 1.401401e-02  1.055987e-02  9.651025e-03 2.046531e-04
 1.501502e-02  8.341765e-03  9.471683e-03 1.592978e-04
 1.601602e-02  5.447986e-03  7.969822e-03 9.319862e-05
 1.701702e-02  2.210475e-03  5.371659e-03 3.374092e-05
 1.801802e-02 -1.035005e-03  2.041824e-03 5.240280e-06
 1.901902e-02 -3.982807e-03 -1.565799e-03 1.831448e-05
 2.002002e-02 -6.384196e-03 -4.967219e-03 6.543123e-05
 2.102102e-02 -8.064956e-03 -7.709980e-03 1.244873e-04
 2.202202e-02 -8.933052e-03 -9.429708e-03 1.687188e-04
 2.302302e-02 -8.976946e-03 -9.894808e-03 1.784928e-04
 2.402402e-02 -8.256147e-03 -9.034139e-03 1.497796e-04
 2.502503e-02 -6.886361e-03 -6.944655e-03 9.565020e-05
 2.602603e-02 -5.021830e-03 -3.878486e-03 4.026143e-05
 2.702703e-02 -2.837439e-03 -2.113552e-04 8.095733e-06
 2.802803e-02 -5.126258e-04  3.603561e-03 1.324844e-05
 2.902903e-02  1.781449e-03  7.090661e-03 5.345104e-05
 3.003003e-02  3.890905e-03  9.809183e-03 1.113592e-04
 3.103103e-02  5.684421e-03  1.140599e-02 1.624092e-04
 3.203203e-02  7.055614e-03  1.165776e-02 1.856850e-04
 3.303303e-02  7.923589e-03  1.049791e-02 1.729893e-04
 3.403403e-02  8.232959e-03  8.025225e-03 1.321858e-04
 3.503504e-02  7.954315e-03  4.493577e-03 8.346335e-05
 3.603604e-02  7.085816e-03  2.839645e-04 5.028943e-05
 3.703704e-02  5.655915e-03 -4.137694e-03 4.910989e-05
 3.803804e-02  3.726721e-03 -8.272245e-03 8.231848e-05
 3.903904e-02  1.396928e-03 -1.164263e-02 1.375023e-04
 4.004004e-02 -1.197006e-03 -1.384683e-02 1.931676e-04
 4.104104e-02 -3.882885e-03 -1.460266e-02 2.283144e-04
 4.204204e-02 -6.459116e-03 -1.377971e-02 2.316007e-04
 4.304304e-02 -8.706080e-03 -1.141526e-02 2.061039e-04
 4.404404e-02 -1.040238e-02 -7.712348e-03 1.676899e-04
 4.504505e-02 -1.134513e-02 -3.020721e-03 1.378368e-04
 4.604605e-02 -1.137244e-02  2.197627e-03 1.341619e-04
 4.704705e-02 -1.038573e-02  7.414469e-03 1.628378e-04
 4.804805e-02 -8.369051e-03  1.208832e-02 2.161685e-04
 4.904905e-02 -5.402387e-03  1.571905e-02 2.762742e-04
 5.005005e-02 -1.666507e-03  1.789872e-02 3.231415e-04
 5.105105e-02  2.562560e-03  1.835382e-02 3.434295e-04
 5.205205e-02  6.930173e-03  1.697468e-02 3.361672e-04
 5.305305e-02  1.103034e-02  1.382947e-02 3.129227e-04
 5.405405e-02  1.444179e-02  9.161316e-03 2.924949e-04
 5.505506e-02  1.676964e-02  3.368906e-03 2.925704e-04
 5.605606e-02  1.768881e-02 -3.027830e-03 3.220616e-04
 5.705706e-02  1.698419e-02 -9.433812e-03 3.774596e-04
 5.805806e-02  1.458320e-02 -1.523265e-02 4.447035e-04
 5.905906e-02  1.057612e-02 -1.984351e-02 5.056190e-04
 6.006006e-02  5.221201e-03 -2.277590e-02 5.460028e-04
 6.106106e-02 -1.067429e-03 -2.367776e-02 5.617756e-04
 6.206206e-02 -7.749037e-03 -2.237215e-02 5.605608e-04
 6.306306e-02 -1.420101e-02 -1.887956e-02 5.581063e-04
 6.406406e-02 -1.977538e-02 -1.342314e-02 5.712462e-04
 6.506507e-02 -2.386209e-02 -6.416312e-03 6.105686e-04
 6.606607e-02 -2.595290e-02  1.566976e-03 6.760087e-04
 6.706707e-02 -2.569928e-02  9.837217e-03 7.572240e-04
 6.806807e-02 -2.295807e-02  1.764625e-02 8.384631e-04
 6.906907e-02 -1.781943e-02  2.425171e-02 9.056775e-04
 7.007007e-02 -1.061327e-02  2.898375e-02 9.526996e-04
 7.107107e-02 -1.892169e-03  3.130851e-02 9.838031e-04
 7.207207e-02  7.608697e-03  3.088248e-02 1.011620e-03
 7.307307e-02  1.703193e-02  2.759293e-02 1.051456e-03
 7.407407e-02  2.547369e-02  2.157988e-02 1.114600e-03
 7.507508e-02  3.206822e-02  1.323698e-02 1.203589e-03
 7.607608e-02  3.607329e-02  3.189924e-03 1.311458e-03
 7.707708e-02  3.694822e-02 -7.746885e-03 1.425185e-03
 7.807808e-02  3.441682e-02 -1.863283e-02 1.531699e-03
 7.907908e-02  2.850812e-02 -2.847834e-02 1.623729e-03
 8.008008e-02  1.957040e-02 -3.633089e-02 1.702934e-03
 8.108108e-02  8.255475e-03 -4.136269e-02 1.779025e-03
 8.208208e-02 -4.526119e-03 -4.295215e-02 1.865373e-03
 8.308308e-02 -1.767658e-02 -4.075168e-02 1.973161e-03
 8.408408e-02 -3.000311e-02 -3.473480e-02 2.106693e-03
 8.508509e-02 -4.032348e-02 -2.521710e-02 2.261885e-03
 8.608609e-02 -4.757562e-02 -1.284764e-02 2.428501e-03
 8.708709e-02 -5.092134e-02  1.430154e-03 2.595029e-03
 8.808809e-02 -4.983442e-02  1.644640e-02 2.753953e-03
 8.908909e-02 -4.416418e-02  3.089701e-02 2.905100e-03
 9.009009e-02 -3.416800e-02  4.345321e-02 3.055633e-03
 9.109109e-02 -2.050818e-02  5.287959e-02 3.216836e-03
 9.209209e-02 -4.212187e-03  5.815028e-02 3.399197e-03
 9.309309e-02  1.340192e-02  5.855276e-02 3.608037e-03
 9.409409e-02  3.082950e-02  5.376913e-02 3.841578e-03
 9.509510e-02  4.650480e-02  4.392639e-02 4.092224e-03
 9.609610e-02  5.893766e-02  2.960935e-02 4.350361e-03
 9.709710e-02  6.684969e-02  1.183325e-02 4.608907e-03
 9.809810e-02  6.929788e-02 -8.023675e-03 4.866575e-03
 9.909910e-02  6.577416e-02 -2.832361e-02 5.128466e-03
 1.001001e-01  5.627113e-02 -4.730101e-02 5.403826e-03
 1.011011e-01  4.130668e-02 -6.321257e-02 5.702071e-03
 1.021021e-01  2.190362e-02 -7.449266e-02 6.028925e-03
 1.031031e-01 -4.758632e-04 -7.990062e-02 6.384336e-03
 1.041041e-01 -2.403706e-02 -7.864651e-02 6.763054e-03
 1.051051e-01 -4.679347e-02 -7.048292e-02 7.157472e-03
 1.061061e-01 -6.673045e-02 -5.575343e-02 7.561398e-03
 1.071071e-01 -8.197869e-02 -3.539121e-02 7.973043e-03
 1.081081e-01 -9.098282e-02 -1.086589e-02 8.395940e-03
 1.091091e-01 -9.265025e-02  1.591890e-02 8.837481e-03
 1.101101e-01 -8.646677e-02  4.277058e-02 9.305825e-03
 1.111111e-01 -7.256726e-02  6.738410e-02 9.806624e-03
 1.121121e-01 -5.175374e-02  8.753606e-02 1.034101e-02
 1.131131e-01 -2.545697e-02  1.012800e-01 1.090569e-02
 1.141141e-01  4.357515e-03  1.071260e-01 1.149497e-02
 1.151151e-01  3.533309e-02  1.041891e-01 1.210379e-02
 1.161161e-01  6.490514e-02  9.229098e-02 1.273030e-02
 1.171171e-01  9.050963e-02  7.200632e-02 1.337690e-02
 1.181181e-01  1.098003e-01  4.464605e-02 1.404938e-02
 1.191191e-01  1.208565e-01  1.217763e-02 1.475458e-02
 1.201201e-01  1.223630e-01 -2.291369e-02 1.549774e-02
 1.211211e-01  1.137469e-01 -5.781285e-02 1.628068e-02
 1.221221e-01  9.525649e-02 -8.959802e-02 1.710160e-02
 1.231231e-01  6.797495e-02 -1.154813e-01 1.795651e-02
 1.241241e-01  3.376401e-02 -1.330469e-01 1.884149e-02
 1.251251e-01 -4.859343e-03 -1.404680e-01 1.975488e-02
 1.261261e-01 -4.490573e-02 -1.366812e-01 2.069827e-02
 1.271271e-01 -8.314251e-02 -1.215047e-01 2.167607e-02
 1.281281e-01 -1.163516e-01 -9.568778e-02 2.269384e-02
 1.291291e-01 -1.415954e-01 -6.088396e-02 2.375612e-02
 1.301301e-01 -1.564699e-01 -1.954970e-02 2.486502e-02
 1.311311e-01 -1.593215e-01  2.522721e-02 2.601975e-02
 1.321321e-01 -1.494111e-01  6.995675e-02 2.721762e-02
 1.331331e-01 -1.270080e-01  1.110166e-01 2.845571e-02
 1.341341e-01 -9.340500e-02  1.449417e-01 2.973260e-02
 1.351351e-01 -5.085007e-02  1.687114e-01 3.104928e-02
 1.361361e-01 -2.398391e-03  1.800089e-01 3.240895e-02
 1.371371e-01  4.830614e-02  1.774328e-01 3.381586e-02
 1.381381e-01  9.730403e-02  1.606414e-01 3.527373e-02
 1.391391e-01  1.406274e-01  1.304163e-01 3.678447e-02
 1.401401e-01  1.746176e-01  8.863719e-02 3.834786e-02
 1.411411e-01  1.962274e-01  3.816879e-02 3.996204e-02
 1.421421e-01  2.032838e-01 -1.733527e-02 4.162481e-02
 1.431431e-01  1.946887e-01 -7.369659e-02 4.333488e-02
 1.441441e-01  1.705398e-01 -1.265259e-01 4.509265e-02
 1.451451e-01  1.321605e-01 -1.715629e-01 4.690020e-02
 1.461461e-01  8.203289e-02 -2.050148e-01 4.876048e-02
 1.471471e-01  2.363876e-02 -2.238690e-01 5.067614e-02
 1.481481e-01 -3.878353e-02 -2.261514e-01 5.264861e-02
 1.491491e-01 -1.005474e-01 -2.111112e-01 5.467770e-02
 1.501502e-01 -1.568695e-01 -1.793150e-01 5.676193e-02
 1.511512e-01 -2.032383e-01 -1.326407e-01 5.889939e-02
 1.521522e-01 -2.357705e-01 -7.416855e-02 6.108868e-02
 1.531532e-01 -2.515272e-01 -7.977392e-03 6.332957e-02
 1.541542e-01 -2.487662e-01  6.114200e-02 6.562296e-02
 1.551552e-01 -2.271067e-01  1.280352e-01 6.797046e-02
 1.561562e-01 -1.875942e-01  1.875684e-01 7.037351e-02
 1.571572e-01 -1.326574e-01  2.350207e-01 7.283272e-02
 1.581582e-01 -6.595836e-02  2.664526e-01 7.534747e-02
 1.591592e-01  7.854182e-03  2.790242e-01 7.791619e-02
 1.601602e-01  8.347200e-02  2.712366e-01 8.053685e-02
 1.611612e-01  1.553113e-01  2.430762e-01 8.320766e-02
 1.621622e-01  2.179255e-01  1.960510e-01 8.592755e-02
 1.631632e-01  2.664159e-01  1.331120e-01 8.869623e-02
 1.641642e-01  2.968092e-01  5.846560e-02 9.151390e-02
 1.651652e-01  3.063736e-01 -2.271219e-02 9.438066e-02
 1.661662e-01  2.938482e-01 -1.046386e-01 9.729600e-02
 1.671672e-01  2.595663e-01 -1.813393e-01 1.002586e-01
 1.681682e-01  2.054641e-01 -2.470845e-01 1.032663e-01
 1.691692e-01  1.349705e-01 -2.968157e-01 1.063166e-01
 1.701702e-01  5.278464e-02 -3.265285e-01 1.094071e-01
 1.711712e-01 -3.544288e-02 -3.335859e-01 1.125357e-01
 1.721722e-01 -1.235037e-01 -3.169350e-01 1.157010e-01
 1.731732e-01 -2.050725e-01 -2.772127e-01 1.189016e-01
 1.741742e-01 -2.741623e-01 -2.167286e-01 1.221363e-01
 1.751752e-01 -3.255628e-01 -1.393274e-01 1.254033e-01
 1.761762e-01 -3.552274e-01 -5.013778e-02 1.287003e-01
 1.771772e-01 -3.605825e-01  4.477470e-02 1.320245e-01
 1.781782e-01 -3.407343e-01  1.388264e-01 1.353726e-01
 1.791792e-01 -2.965581e-01  2.253767e-01 1.387414e-01
 1.801802e-01 -2.306621e-01  2.981991e-01 1.421277e-01
 1.811812e-01 -1.472274e-01  3.519277e-01 1.455290e-01
 1.821822e-01 -5.173418e-02  3.824476e-01 1.489426e-01
 1.831832e-01  4.940666e-02  3.872013e-01 1.523659e-01
 1.841842e-01  1.492912e-01  3.653876e-01 1.557960e-01
 1.851852e-01  2.409992e-01  3.180392e-01 1.592295e-01
 1.861862e-01  3.180767e-01  2.479721e-01 1.626629e-01
 1.871872e-01  3.749890e-01  1.596102e-01 1.660921e-01
 1.881882e-01  4.075143e-01  5.869626e-02 1.695132e-01
 1.891892e-01  4.130489e-01 -4.809142e-02 1.729221e-01
 1.901902e-01  3.908013e-01 -1.535891e-01 1.763153e-01
 1.911912e-01  3.418642e-01 -2.506348e-01 1.796890e-01
 1.921922e-01  2.691559e-01 -3.325578e-01 1.830396e-01
 1.931932e-01  1.772360e-01 -3.936378e-01 1.863633e-01
 1.941942e-01  7.200928e-02 -4.295006e-01 1.896561e-01
 1.951952e-01 -3.966551e-02 -4.374246e-01 1.929136e-01
 1.961962e-01 -1.504317e-01 -4.165354e-01 1.961315e-01
 1.971972e-01 -2.529268e-01 -3.678765e-01 1.993051e-01
 1.981982e-01 -3.402766e-01 -2.943499e-01 2.024300e-01
 1.991992e-01 -4.065574e-01 -2.005322e-01 2.055021e-01
 2.002002e-01 -4.471951e-01 -9.237741e-02 2.085170e-01
 2.012012e-01 -4.592752e-01  2.317329e-02 2.114707e-01
 2.022022e-01 -4.417418e-01  1.386472e-01 2.143589e-01
 2.032032e-01 -3.954734e-01  2.465319e-01 2.171772e-01
 2.042042e-01 -3.232301e-01  3.397699e-01 2.199213e-01
 2.052052e-01 -2.294769e-01  4.122220e-01 2.225866e-01
 2.062062e-01 -1.200941e-01  4.590709e-01 2.251687e-01
 2.072072e-01 -1.996057e-03  4.771364e-01 2.276631e-01
 2.082082e-01  1.173177e-01  4.650831e-01 2.300658e-01
 2.092092e-01  2.302480e-01  4.235072e-01 2.323725e-01
 2.102102e-01  3.295869e-01  3.548968e-01 2.345793e-01
 2.112112e-01  4.089811e-01  2.634704e-01 2.366822e-01
 2.122122e-01  4.633381e-01  1.549034e-01 2.386772e-01
 2.132132e-01  4.891495e-01  3.596236e-02 2.405606e-01
 2.142142e-01  4.847107e-01 -8.592911e-02 2.423283e-01
 2.152152e-01  4.502233e-01 -2.031641e-01 2.439766e-01
 2.162162e-01  3.877756e-01 -3.084349e-01 2.455020e-01
 2.172172e-01  3.012032e-01 -3.951932e-01 2.469010e-01
 2.182182e-01  1.958388e-01 -4.580585e-01 2.481704e-01
 2.192192e-01  7.817044e-02 -4.931496e-01 2.493071e-01
 2.202202e-01 -4.457158e-02 -4.983188e-01 2.503082e-01
 2.212212e-01 -1.648698e-01 -4.732746e-01 2.511709e-01
 2.222222e-01 -2.753889e-01 -4.195874e-01 2.518926e-01
 2.232232e-01 -3.694287e-01 -3.405777e-01 2.524707e-01
 2.242242e-01 -4.413330e-01 -2.410976e-01 2.529029e-01
 2.252252e-01 -4.868290e-01 -1.272189e-01 2.531871e-01
 2.262262e-01 -5.032765e-01 -5.848841e-03 2.533215e-01
 2.272272e-01 -4.898141e-01  1.157000e-01 2.533043e-01
 2.282282e-01 -4.473931e-01  2.301602e-01 2.531343e-01
 2.292292e-01 -3.787003e-01  3.307510e-01 2.528101e-01
 2.302302e-01 -2.879751e-01  4.115839e-01 2.523309e-01
 2.312312e-01 -1.807349e-01  4.680072e-01 2.516959e-01
 2.322322e-01 -6.342642e-02  4.968717e-01 2.509044e-01
 2.332332e-01  5.697379e-02  4.966993e-01 2.499562e-01
 2.342342e-01  1.733843e-01  4.677490e-01 2.488513e-01
 2.352352e-01  2.790434e-01  4.119764e-01 2.475898e-01
 2.362362e-01  3.679066e-01  3.328919e-01 2.461723e-01
 2.372372e-01  4.349945e-01  2.353281e-01 2.445995e-01
 2.382382e-01  4.766699e-01  1.251326e-01 2.428724e-01
 2.392392e-01  4.908307e-01  8.805858e-03 2.409923e-01
 2.402402e-01  4.770059e-01 -1.068927e-01 2.389607e-01
 2.412412e-01  4.363548e-01 -2.153458e-01 2.367793e-01
 2.422422e-01  3.715682e-01 -3.104631e-01 2.344503e-01
 2.432432e-01  2.866824e-01 -3.870260e-01 2.319759e-01
 2.442442e-01  1.868172e-01 -4.409740e-01 2.293587e-01
 2.452452e-01  7.785680e-02 -4.696168e-01 2.266016e-01
 2.462462e-01 -3.390660e-02 -4.717605e-01 2.237076e-01
 2.472472e-01 -1.421452e-01 -4.477443e-01 2.206802e-01
 2.482482e-01 -2.408602e-01 -3.993861e-01 2.175229e-01
 2.492492e-01 -3.247188e-01 -3.298443e-01 2.142396e-01
 2.502503e-01 -3.893435e-01 -2.434049e-01 2.108343e-01
 2.512513e-01 -4.315388e-01 -1.452090e-01 2.073114e-01
 2.522523e-01 -4.494434e-01 -4.093877e-02 2.036753e-01
 2.532533e-01 -4.426015e-01  6.351975e-02 1.999309e-01
 2.542543e-01 -4.119516e-01  1.624156e-01 1.960830e-01
 2.552553e-01 -3.597352e-01  2.504543e-01 1.921368e-01
 2.562563e-01 -2.893338e-01  3.230844e-01 1.880976e-01
 2.572573e-01 -2.050462e-01  3.767319e-01 1.839709e-01
 2.582583e-01 -1.118200e-01  4.089727e-01 1.797624e-01
 2.592593e-01 -1.495434e-02  4.186339e-01 1.754780e-01
 2.602603e-01  8.020704e-02  4.058206e-01 1.711236e-01
 2.612613e-01  1.685759e-01  3.718702e-01 1.667053e-01
 2.622623e-01  2.455948e-01  3.192377e-01 1.622295e-01
 2.632633e-01  3.074731e-01  2.513221e-01 1.577025e-01
 2.642643e-01  3.513718e-01  1.722460e-01 1.531308e-01
 2.652653e-01  3.755280e-01  8.660190e-02 1.485211e-01
 2.662663e-01  3.793145e-01 -8.191634e-04 1.438802e-01
 2.672673e-01  3.632337e-01 -8.529933e-02 1.392147e-01
 2.682683e-01  3.288479e-01 -1.624520e-01 1.345316e-01
 2.692693e-01  2.786533e-01 -2.284516e-01 1.298378e-01
 2.702703e-01  2.159067e-01 -2.802223e-01 1.251402e-01
 2.712713e-01  1.444158e-01 -3.155789e-01 1.204459e-01
 2.722723e-01  6.830792e-02 -3.333105e-01 1.157618e-01
 2.732733e-01 -8.210076e-03 -3.332080e-01 1.110949e-01
 2.742743e-01 -8.108668e-02 -3.160334e-01 1.064522e-01
 2.752753e-01 -1.466417e-01 -2.834371e-01 1.018404e-01
 2.762763e-01 -2.017526e-01 -2.378284e-01 9.726644e-02
 2.772773e-01 -2.440015e-01 -1.822095e-01 9.273700e-02
 2.782783e-01 -2.717767e-01 -1.199840e-01 8.825872e-02
 2.792793e-01 -2.843244e-01 -5.475126e-02 8.383808e-02
 2.802803e-01 -2.817506e-01  9.901289e-03 7.948146e-02
 2.812813e-01 -2.649744e-01  7.059515e-02 7.519509e-02
 2.822823e-01 -2.356380e-01  1.243374e-01 7.098508e-02
 2.832833e-01 -1.959813e-01  1.686673e-01 6.685734e-02
 2.842843e-01 -1.486873e-01  2.017666e-01 6.281767e-02
 2.852853e-01 -9.671150e-02  2.225276e-01 5.887167e-02
 2.862863e-01 -4.310315e-02  2.305795e-01 5.502479e-02
 2.872873e-01  9.169685e-03  2.262702e-01 5.128230e-02
 2.882883e-01  5.738219e-02  2.106100e-01 4.764930e-02
 2.892893e-01  9.919303e-02  1.851795e-01 4.413070e-02
 2.902903e-01  1.327561e-01  1.520100e-01 4.073120e-02
 2.912913e-01  1.567982e-01  1.134444e-01 3.745532e-02
 2.922923e-01  1.706611e-01  7.198700e-02 3.430734e-02
 2.932933e-01  1.743049e-01  3.015133e-02 3.129132e-02
 2.942943e-01  1.682773e-01 -9.684761e-03 2.841105e-02
 2.952953e-01  1.536492e-01 -4.540916e-02 2.567007e-02
 2.962963e-01  1.319242e-01 -7.528379e-02 2.307164e-02
 2.972973e-01  1.049267e-01 -9.802593e-02 2.061869e-02
 2.982983e-01  7.467720e-02 -1.128591e-01 1.831386e-02
 2.992993e-01  4.326201e-02 -1.195318e-01 1.615945e-02
 3.003003e-01  1.270491e-02 -1.183047e-01 1.415743e-02
 3.013013e-01 -1.515116e-02 -1.099084e-01 1.230942e-02
 3.023023e-01 -3.874653e-02 -9.547470e-02 1.061671e-02
 3.033033e-01 -5.688580e-02 -7.644777e-02 9.080255e-03
 3.043043e-01 -6.879369e-02 -5.448031e-02 7.700677e-03
 3.053053e-01 -7.414348e-02 -3.132149e-02 6.478291e-03
 3.063063e-01 -7.305726e-02 -8.703756e-03 5.413118e-03
 3.073073e-01 -6.607941e-02  1.176504e-02 4.504904e-03
 3.083083e-01 -5.412543e-02  2.869793e-02 3.753133e-03
 3.093093e-01 -3.841032e-02  4.100852e-02 3.157052e-03
 3.103103e-01 -2.036114e-02  4.796978e-02 2.715675e-03
 3.113113e-01 -1.519505e-03  4.924930e-02 2.427802e-03
 3.123123e-01  1.655999e-02  4.491972e-02 2.292014e-03
 3.133133e-01  3.240949e-02  3.544433e-02 2.306676e-03
 3.143143e-01  4.473986e-02  2.163953e-02 2.469925e-03
 3.153153e-01  5.251991e-02  4.616749e-03 2.779655e-03
 3.163163e-01  5.503854e-02 -1.429207e-02 3.233504e-03
 3.173173e-01  5.194663e-02 -3.362097e-02 3.828822e-03
 3.183183e-01  4.327680e-02 -5.186308e-02 4.562661e-03
 3.193193e-01  2.944019e-02 -6.756493e-02 5.431745e-03
 3.203203e-01  1.120102e-02 -7.941662e-02 6.432462e-03
 3.213213e-01 -1.036925e-02 -8.633271e-02 7.560858e-03
 3.223223e-01 -3.395532e-02 -8.751957e-02 8.812640e-03
 3.233233e-01 -5.807524e-02 -8.252549e-02 1.018319e-02
 3.243243e-01 -8.116671e-02 -7.127108e-02 1.166760e-02
 3.253253e-01 -1.016779e-01 -5.405851e-02 1.326072e-02
 3.263263e-01 -1.181575e-01 -3.155935e-02 1.495718e-02
 3.273273e-01 -1.293393e-01 -4.781789e-03 1.675152e-02
 3.283283e-01 -1.342168e-01  2.498070e-02 1.863819e-02
 3.293293e-01 -1.321037e-01  5.621635e-02 2.061167e-02
 3.303303e-01 -1.226773e-01  8.727414e-02 2.266650e-02
 3.313313e-01 -1.060030e-01  1.164506e-01 2.479737e-02
 3.323323e-01 -8.253798e-02  1.420797e-01 2.699916e-02
 3.333333e-01 -5.311489e-02  1.626215e-01 2.926693e-02
 3.343343e-01 -1.890565e-02  1.767443e-01 3.159597e-02
 3.353353e-01  1.863206e-02  1.833973e-01 3.398173e-02
 3.363363e-01  5.782313e-02  1.818688e-01 3.641979e-02
 3.373373e-01  9.685467e-02  1.718283e-01 3.890578e-02
 3.383383e-01  1.338629e-01  1.533494e-01 4.143530e-02
 3.393393e-01  1.670229e-01  1.269139e-01 4.400380e-02
 3.403403e-01  1.946375e-01  9.339534e-02 4.660646e-02
 3.413413e-01  2.152197e-01  5.402395e-02 4.923810e-02
 3.423423e-01  2.275660e-01  1.033458e-02 5.189310e-02
 3.433433e-01  2.308170e-01 -3.590000e-02 5.456530e-02
 3.443443e-01  2.245015e-01 -8.274721e-02 5.724803e-02
 3.453453e-01  2.085635e-01 -1.282004e-01 5.993408e-02
 3.463463e-01  1.833700e-01 -1.702681e-01 6.261577e-02
 3.473473e-01  1.496998e-01 -2.070630e-01 6.528512e-02
 3.483483e-01  1.087136e-01 -2.368867e-01 6.793395e-02
 3.493493e-01  6.190776e-02 -2.583052e-01 7.055415e-02
 3.503504e-01  1.105207e-02 -2.702142e-01 7.313785e-02
 3.513514e-01 -4.188329e-02 -2.718888e-01 7.567775e-02
 3.523524e-01 -9.481011e-02 -2.630178e-01 7.816731e-02
 3.533534e-01 -1.456093e-01 -2.437190e-01 8.060102e-02
 3.543544e-01 -1.922191e-01 -2.145376e-01 8.297459e-02
 3.553554e-01 -2.327211e-01 -1.764254e-01 8.528502e-02
 3.563564e-01 -2.654191e-01 -1.307036e-01 8.753074e-02
 3.573574e-01 -2.889098e-01 -7.901016e-02 8.971148e-02
 3.583584e-01 -3.021396e-01 -2.323461e-02 9.182818e-02
 3.593594e-01 -3.044479e-01  3.455749e-02 9.388276e-02
 3.603604e-01 -2.955938e-01  9.220659e-02 9.587774e-02
 3.613614e-01 -2.757654e-01  1.475445e-01 9.781592e-02
 3.623624e-01 -2.455724e-01  1.984793e-01 9.969985e-02
 3.633634e-01 -2.060217e-01  2.430771e-01 1.015314e-01
 3.643644e-01 -1.584773e-01  2.796361e-01 1.033114e-01
 3.653654e-01 -1.046070e-01  3.067514e-01 1.050390e-01
 3.663664e-01 -4.631769e-02  3.233672e-01 1.067117e-01
 3.673674e-01  1.431831e-02  3.288155e-01 1.083247e-01
 3.683684e-01  7.514193e-02  3.228389e-01 1.098713e-01
 3.693694e-01  1.339887e-01  3.055977e-01 1.113429e-01
 3.703704e-01  1.887690e-01  2.776606e-01 1.127291e-01
 3.713714e-01  2.375449e-01  2.399811e-01 1.140185e-01
 3.723724e-01  2.785997e-01  1.938589e-01 1.151991e-01
 3.733734e-01  3.104981e-01  1.408892e-01 1.162589e-01
 3.743744e-01  3.321361e-01  8.290204e-02 1.171871e-01
 3.753754e-01  3.427762e-01  2.189376e-02 1.179748e-01
 3.763764e-01  3.420702e-01 -4.004625e-02 1.186157e-01
 3.773774e-01  3.300665e-01 -1.008111e-01 1.191068e-01
 3.783784e-01  3.072032e-01 -1.583512e-01 1.194489e-01
 3.793794e-01  2.742872e-01 -2.107454e-01 1.196471e-01
 3.803804e-01  2.324608e-01 -2.562666e-01 1.197106e-01
 3.813814e-01  1.831569e-01 -2.934383e-01 1.196525e-01
 3.823824e-01  1.280447e-01 -3.210824e-01 1.194893e-01
 3.833834e-01  6.896862e-02 -3.383540e-01 1.192401e-01
 3.843844e-01  7.881979e-03 -3.447651e-01 1.189251e-01
 3.853854e-01 -5.322105e-02 -3.401946e-01 1.185649e-01
 3.863864e-01 -1.123737e-01 -3.248858e-01 1.181786e-01
 3.873874e-01 -1.677022e-01 -2.994308e-01 1.177829e-01
 3.883884e-01 -2.174866e-01 -2.647444e-01 1.173900e-01
 3.893894e-01 -2.602146e-01 -2.220267e-01 1.170075e-01
 3.903904e-01 -2.946270e-01 -1.727176e-01 1.166364e-01
 3.913914e-01 -3.197542e-01 -1.184440e-01 1.162717e-01
 3.923924e-01 -3.349405e-01 -6.096304e-02 1.159017e-01
 3.933934e-01 -3.398589e-01 -2.101333e-03 1.155085e-01
 3.943944e-01 -3.345132e-01  5.630535e-02 1.150694e-01
 3.953954e-01 -3.192301e-01  1.124715e-01 1.145577e-01
 3.963964e-01 -2.946408e-01  1.647174e-01 1.139450e-01
 3.973974e-01 -2.616524e-01  2.115205e-01 1.132029e-01
 3.983984e-01 -2.214126e-01  2.515587e-01 1.123053e-01
 3.993994e-01 -1.752663e-01  2.837471e-01 1.112307e-01
 4.004004e-01 -1.247083e-01  3.072652e-01 1.099641e-01
 4.014014e-01 -7.133256e-02  3.215752e-01 1.084989e-01
 4.024024e-01 -1.677925e-02  3.264301e-01 1.068382e-01
 4.034034e-01  3.731686e-02  3.218735e-01 1.049951e-01
 4.044044e-01  8.937684e-02  3.082288e-01 1.029932e-01
 4.054054e-01  1.379241e-01  2.860810e-01 1.008654e-01
 4.064064e-01  1.816261e-01  2.562511e-01 9.865270e-02
 4.074074e-01  2.193307e-01  2.197634e-01 9.640192e-02
 4.084084e-01  2.500945e-01  1.778081e-01 9.416297e-02
 4.094094e-01  2.732046e-01  1.317004e-01 9.198576e-02
 4.104104e-01  2.881924e-01  8.283726e-02 8.991688e-02
 4.114114e-01  2.948390e-01  3.265303e-02 8.799625e-02
 4.124124e-01  2.931732e-01 -1.742394e-02 8.625412e-02
 4.134134e-01  2.834621e-01 -6.601293e-02 8.470848e-02
 4.144144e-01  2.661948e-01 -1.118194e-01 8.336326e-02
 4.154154e-01  2.420602e-01 -1.536692e-01 8.220734e-02
 4.164164e-01  2.119196e-01 -1.905380e-01 8.121465e-02
 4.174174e-01  1.767758e-01 -2.215751e-01 8.034524e-02
 4.184184e-01  1.377390e-01 -2.461208e-01 7.954749e-02
 4.194194e-01  9.599061e-02 -2.637176e-01 7.876116e-02
 4.204204e-01  5.274759e-02 -2.741150e-01 7.792135e-02
 4.214214e-01  9.226262e-03 -2.772684e-01 7.696286e-02
 4.224224e-01 -3.339161e-02 -2.733312e-01 7.582496e-02
 4.234234e-01 -7.399062e-02 -2.626430e-01 7.445595e-02
 4.244244e-01 -1.115499e-01 -2.457113e-01 7.281744e-02
 4.254254e-01 -1.451677e-01 -2.231909e-01 7.088785e-02
 4.264264e-01 -1.740810e-01 -1.958589e-01 6.866490e-02
 4.274274e-01 -1.976808e-01 -1.645881e-01 6.616693e-02
 4.284284e-01 -2.155220e-01 -1.303188e-01 6.343272e-02
 4.294294e-01 -2.273287e-01 -9.403012e-02 6.051998e-02
 4.304304e-01 -2.329938e-01 -5.671177e-02 5.750235e-02
 4.314314e-01 -2.325753e-01 -1.933664e-02 5.446517e-02
 4.324324e-01 -2.262866e-01  1.716435e-02 5.150024e-02
 4.334334e-01 -2.144846e-01  5.192517e-02 4.869985e-02
 4.344344e-01 -1.976534e-01  8.416455e-02 4.615054e-02
 4.354354e-01 -1.763863e-01  1.132025e-01 4.392696e-02
 4.364364e-01 -1.513651e-01  1.384733e-01 4.208624e-02
 4.374374e-01 -1.233385e-01  1.595341e-01 4.066351e-02
 4.384384e-01 -9.309963e-02  1.760709e-01 3.966850e-02
 4.394394e-01 -6.146422e-02  1.878994e-01 3.908403e-02
 4.404404e-01 -2.924843e-02  1.949631e-01 3.886610e-02
 4.414414e-01  2.751364e-03  1.973281e-01 3.894596e-02
 4.424424e-01  3.377760e-02  1.951743e-01 3.923395e-02
 4.434434e-01  6.312823e-02  1.887849e-01 3.962489e-02
 4.444444e-01  9.017131e-02  1.785327e-01 4.000480e-02
 4.454454e-01  1.143568e-01  1.648664e-01 4.025841e-02
 4.464464e-01  1.352257e-01  1.482938e-01 4.027704e-02
 4.474474e-01  1.524165e-01  1.293657e-01 3.996629e-02
 4.484484e-01  1.656687e-01  1.086595e-01 3.925301e-02
 4.494494e-01  1.748235e-01  8.676257e-02 3.809098e-02
 4.504505e-01  1.798223e-01  6.425656e-02 3.646497e-02
 4.514515e-01  1.807029e-01  4.170313e-02 3.439270e-02
 4.524525e-01  1.775931e-01  1.963058e-02 3.192468e-02
 4.534535e-01  1.707031e-01 -1.477516e-03 2.914173e-02
 4.544545e-01  1.603161e-01 -2.119203e-02 2.615034e-02
 4.554555e-01  1.467780e-01 -3.914585e-02 2.307618e-02
 4.564565e-01  1.304865e-01 -5.503951e-02 2.005607e-02
 4.574575e-01  1.118789e-01 -6.864457e-02 1.722897e-02
 4.584585e-01  9.142111e-02 -7.980520e-02 1.472669e-02
 4.594595e-01  6.959541e-02 -8.843748e-02 1.266471e-02
 4.604605e-01  4.688977e-02 -9.452720e-02 1.113404e-02
 4.614615e-01  2.378720e-02 -9.812576e-02 1.019450e-02
 4.624625e-01  7.561615e-04 -9.934478e-02 9.869957e-03
 4.634635e-01 -2.175799e-02 -9.834935e-02 1.014600e-02
 4.644645e-01 -4.334054e-02 -9.535046e-02 1.097011e-02
 4.654655e-01 -6.361356e-02 -9.059653e-02 1.225442e-02
 4.664665e-01 -8.224107e-02 -8.436458e-02 1.388098e-02
 4.674675e-01 -9.893259e-02 -7.695110e-02 1.570913e-02
 4.684685e-01 -1.134459e-01 -6.866301e-02 1.758458e-02
 4.694695e-01 -1.255882e-01 -5.980871e-02 1.934948e-02
 4.704705e-01 -1.352166e-01 -5.068976e-02 2.085298e-02
 4.714715e-01 -1.422372e-01 -4.159295e-02 2.196139e-02
 4.724725e-01 -1.466039e-01 -3.278339e-02 2.256745e-02
 4.734735e-01 -1.483156e-01 -2.449827e-02 2.259768e-02
 4.744745e-01 -1.474141e-01 -1.694182e-02 2.201795e-02
 4.754755e-01 -1.439797e-01 -1.028121e-02 2.083587e-02
 4.764765e-01 -1.381290e-01 -4.643677e-03 1.910120e-02
 4.774775e-01 -1.300091e-01 -1.146777e-04 1.690238e-02
 4.784785e-01 -1.197959e-01  3.262663e-03 1.436171e-02
 4.794795e-01 -1.076874e-01  5.487150e-03 1.162668e-02
 4.804805e-01 -9.390347e-02  6.597976e-03 8.861396e-03
 4.814815e-01 -7.867654e-02  6.672195e-03 6.234516e-03
 4.824825e-01 -6.225713e-02  5.821415e-03 3.909839e-03
 4.834835e-01 -4.489492e-02  4.187435e-03 2.033089e-03
 4.844845e-01 -2.686607e-02  1.937630e-03 7.255400e-04
 4.854855e-01 -8.369320e-03 -7.381704e-04 7.059041e-05
 4.864865e-01  1.054906e-02 -3.591733e-03 1.241832e-04
 4.874875e-01  2.883213e-02 -6.273033e-03 8.706425e-04
 4.884885e-01  4.528691e-02 -8.427224e-03 2.121923e-03
 4.894895e-01  5.886711e-02 -9.743358e-03 3.560270e-03
 4.904905e-01  6.869398e-02 -9.984000e-03 4.818543e-03
 4.914915e-01  7.413143e-02 -9.011842e-03 5.576683e-03
 4.924925e-01  7.481459e-02 -6.806721e-03 5.643555e-03
 4.934935e-01  7.067963e-02 -3.472723e-03 5.007669e-03
 4.944945e-01  6.196458e-02  7.655467e-04 3.840195e-03
 4.954955e-01  4.919788e-02  5.578154e-03 2.451547e-03
 4.964965e-01  3.316598e-02  1.055429e-02 1.211376e-03
 4.974975e-01  1.486587e-02  1.523583e-02 4.531247e-04
 4.984985e-01 -4.554516e-03  1.915537e-02 3.876719e-04
 4.994995e-01 -2.386815e-02  2.187812e-02 1.048341e-03
 5.005005e-01 -4.184199e-02  2.304145e-02 2.281660e-03
 5.015015e-01 -5.731683e-02  2.239191e-02 3.786617e-03
 5.025025e-01 -6.927611e-02  1.981288e-02 5.191730e-03
 5.035035e-01 -7.691578e-02  1.534435e-02 6.151485e-03
 5.045045e-01 -7.969102e-02  9.188048e-03 6.435079e-03
 5.055055e-01 -7.736100e-02  1.702578e-03 5.987622e-03
 5.065065e-01 -6.999943e-02 -6.618287e-03 4.943722e-03
 5.075075e-01 -5.800557e-02 -1.517511e-02 3.594930e-03
 5.085085e-01 -4.207122e-02 -2.330766e-02 2.313235e-03
 5.095095e-01 -2.315908e-02 -3.034070e-02 1.456901e-03
 5.105105e-01 -2.425733e-03 -3.564146e-02 1.276198e-03
 5.115115e-01  1.881889e-02 -3.866655e-02 1.849253e-03
 5.125125e-01  3.923055e-02 -3.901827e-02 3.061462e-03
 5.135135e-01  5.745626e-02 -3.647278e-02 4.631486e-03
 5.145145e-01  7.231575e-02 -3.102690e-02 6.192235e-03
 5.155155e-01  8.268919e-02 -2.287542e-02 7.360787e-03
 5.165165e-01  8.836532e-02 -1.253699e-02 7.965605e-03
 5.175175e-01  9.231047e-02 -1.051699e-03 8.522330e-03
 5.185185e-01  9.486953e-02  1.129958e-02 9.127908e-03
 5.195195e-01  9.578403e-02  2.436425e-02 9.768198e-03
 5.205205e-01  9.494167e-02  3.792912e-02 1.045254e-02
 5.215215e-01  9.219427e-02  5.176621e-02 1.117952e-02
 5.225225e-01  8.745783e-02  6.561341e-02 1.195399e-02
 5.235235e-01  8.065927e-02  7.919087e-02 1.277711e-02
 5.245245e-01  7.178050e-02  9.219642e-02 1.365262e-02
 5.255255e-01  6.083400e-02  1.043169e-01 1.458280e-02
 5.265265e-01  4.788807e-02  1.152293e-01 1.557107e-02
 5.275275e-01  3.305257e-02  1.246110e-01 1.662038e-02
 5.285285e-01  1.649459e-02  1.321441e-01 1.773414e-02
 5.295295e-01 -1.571954e-03  1.375258e-01 1.891582e-02
 5.305305e-01 -2.087723e-02  1.404745e-01 2.016894e-02
 5.315315e-01 -4.110503e-02  1.407401e-01 2.149741e-02
 5.325325e-01 -6.188885e-02  1.381113e-01 2.290496e-02
 5.335335e-01 -8.282220e-02  1.324250e-01 2.439589e-02
 5.345345e-01 -1.034593e-01  1.235734e-01 2.597421e-02
 5.355355e-01 -1.233268e-01  1.115127e-01 2.764459e-02
 5.365365e-01 -1.419286e-01  9.626848e-02 2.941136e-02
 5.375375e-01 -1.587595e-01  7.794202e-02 3.127954e-02
 5.385385e-01 -1.733130e-01  5.671376e-02 3.325385e-02
 5.395395e-01 -1.850966e-01  3.284638e-02 3.533964e-02
 5.405405e-01 -1.936423e-01  6.684815e-03 3.754202e-02
 5.415415e-01 -1.985223e-01 -2.134463e-02 3.986670e-02
 5.425425e-01 -1.993610e-01 -5.073834e-02 4.231921e-02
 5.435435e-01 -1.958505e-01 -8.092090e-02 4.490561e-02
 5.445445e-01 -1.877617e-01 -1.112537e-01 4.763185e-02
 5.455455e-01 -1.749588e-01 -1.410453e-01 5.050438e-02
 5.465465e-01 -1.574085e-01 -1.695646e-01 5.352958e-02
 5.475475e-01 -1.351904e-01 -1.960557e-01 5.671427e-02
 5.485485e-01 -1.085033e-01 -2.197551e-01 6.006530e-02
 5.495495e-01 -7.767104e-02 -2.399105e-01 6.358984e-02
 5.505506e-01 -4.314252e-02 -2.558006e-01 6.729522e-02
 5.515516e-01 -5.491939e-03 -2.667561e-01 7.118900e-02
 5.525526e-01  3.458737e-02 -2.721813e-01 7.527896e-02
 5.535536e-01  7.629038e-02 -2.715747e-01 7.957305e-02
 5.545546e-01  1.187135e-01 -2.645498e-01 8.407951e-02
 5.555556e-01  1.608694e-01 -2.508540e-01 8.880668e-02
 5.565566e-01  2.017075e-01 -2.303852e-01 9.376326e-02
 5.575576e-01  2.401354e-01 -2.032067e-01 9.895799e-02
 5.585586e-01  2.750460e-01 -1.695574e-01 1.044000e-01
 5.595596e-01  3.053441e-01 -1.298592e-01 1.100985e-01
 5.605606e-01  3.299781e-01 -8.471928e-02 1.160629e-01
 5.615616e-01  3.479696e-01 -3.492794e-02 1.223028e-01
 5.625626e-01  3.584469e-01  1.854922e-02 1.288283e-01
 5.635636e-01  3.606747e-01  7.458444e-02 1.356491e-01
 5.645646e-01  3.540854e-01  1.319063e-01 1.427757e-01
 5.655656e-01  3.383053e-01  1.891242e-01 1.502184e-01
 5.665666e-01  3.131802e-01  2.447571e-01 1.579879e-01
 5.675676e-01  2.787942e-01  2.972685e-01 1.660948e-01
 5.685686e-01  2.354853e-01  3.451042e-01 1.745502e-01
 5.695696e-01  1.838530e-01  3.867341e-01 1.833652e-01
 5.705706e-01  1.247608e-01  4.206967e-01 1.925509e-01
 5.715716e-01  5.933008e-02  4.456443e-01 2.021189e-01
 5.725726e-01 -1.107315e-02  4.603890e-01 2.120807e-01
 5.735736e-01 -8.486031e-02  4.639468e-01 2.224479e-01
 5.745746e-01 -1.602495e-01  4.555792e-01 2.332323e-01
 5.755756e-01 -2.353033e-01  4.348313e-01 2.444459e-01
 5.765766e-01 -3.079732e-01  4.015633e-01 2.561006e-01
 5.775776e-01 -3.761511e-01  3.559760e-01 2.682086e-01
 5.785786e-01 -4.377257e-01  2.986270e-01 2.807819e-01
 5.795796e-01 -4.906432e-01  2.304390e-01 2.938328e-01
 5.805806e-01 -5.329705e-01  1.526961e-01 3.073736e-01
 5.815816e-01 -5.629597e-01  6.703035e-02 3.214167e-01
 5.825826e-01 -5.791105e-01 -2.460344e-02 3.359743e-01
 5.835836e-01 -5.802304e-01 -1.199647e-01 3.510588e-01
 5.845846e-01 -5.654891e-01 -2.165745e-01 3.666825e-01
 5.855856e-01 -5.344666e-01 -3.117744e-01 3.828578e-01
 5.865866e-01 -4.871901e-01 -4.027935e-01 3.995969e-01
 5.875876e-01 -4.241625e-01 -4.868246e-01 4.169120e-01
 5.885886e-01 -3.463754e-01 -5.611056e-01 4.348154e-01
 5.895896e-01 -2.553101e-01 -6.230055e-01 4.533190e-01
 5.905906e-01 -1.529220e-01 -6.701117e-01 4.724349e-01
 5.915916e-01 -4.161089e-02 -7.003166e-01 4.921748e-01
 5.925926e-01  7.582660e-02 -7.118994e-01 5.125504e-01
 5.935936e-01  1.962579e-01 -7.036023e-01 5.335733e-01
 5.945946e-01  3.162913e-01 -6.746960e-01 5.552548e-01
 5.955956e-01  4.323648e-01 -6.250334e-01 5.776060e-01
 5.965966e-01  5.408469e-01 -5.550878e-01 6.006379e-01
 5.975976e-01  6.381449e-01 -4.659744e-01 6.243611e-01
 5.985986e-01  7.208192e-01 -3.594518e-01 6.487860e-01
 5.995996e-01  7.857000e-01 -2.379039e-01 6.739227e-01
 6.006006e-01  8.300016e-01 -1.043002e-01 6.997811e-01
 6.016016e-01  8.514322e-01  3.786515e-02 7.263706e-01
 6.026026e-01  8.482942e-01  1.846548e-01 7.537004e-01
 6.036036e-01  8.195702e-01  3.317889e-01 7.817792e-01
 6.046046e-01  7.649936e-01  4.747634e-01 8.106154e-01
 6.056056e-01  6.850972e-01  6.089818e-01 8.402170e-01
 6.066066e-01  5.812398e-01  7.298984e-01 8.705915e-01
 6.076076e-01  4.556061e-01  8.331680e-01 9.017459e-01
 6.086086e-01  3.111798e-01  9.147972e-01 9.336868e-01
 6.096096e-01  1.516882e-01  9.712935e-01 9.664203e-01
 6.106106e-01 -1.848016e-02  9.998052e-01 9.999521e-01
 6.116116e-01 -1.943861e-01  9.982490e-01 1.034287e+00
 6.126126e-01 -3.706739e-01  9.654172e-01 1.069430e+00
 6.136136e-01 -5.417270e-01  9.010635e-01 1.105384e+00
 6.146146e-01 -7.018422e-01  8.059591e-01 1.142153e+00
 6.156156e-01 -8.454148e-01  6.819184e-01 1.179739e+00
 6.166166e-01 -9.671318e-01  5.317903e-01 1.218145e+00
 6.176176e-01 -1.062164e+00  3.594133e-01 1.257371e+00
 6.186186e-01 -1.126356e+00  1.695351e-01 1.297419e+00
 6.196196e-01 -1.156393e+00 -3.230484e-02 1.338289e+00
 6.206206e-01 -1.149963e+00 -2.399250e-01 1.379979e+00
 6.216216e-01 -1.105876e+00 -4.466825e-01 1.422488e+00
 6.226226e-01 -1.024165e+00 -6.456786e-01 1.465814e+00
 6.236236e-01 -9.061344e-01 -8.299846e-01 1.509954e+00
 6.246246e-01 -7.543831e-01 -9.928798e-01 1.554904e+00
 6.256256e-01 -5.727680e-01 -1.128094e+00 1.600660e+00
 6.266266e-01 -3.663304e-01 -1.230048e+00 1.647215e+00
 6.276276e-01 -1.411727e-01 -1.294077e+00 1.694565e+00
 6.286286e-01  9.570737e-02 -1.316640e+00 1.742702e+00
 6.296296e-01  3.366236e-01 -1.295493e+00 1.791617e+00
 6.306306e-01  5.734424e-01 -1.229824e+00 1.841303e+00
 6.316316e-01  7.978521e-01 -1.120349e+00 1.891749e+00
 6.326326e-01  1.001652e+00 -9.693502e-01 1.942946e+00
 6.336336e-01  1.177049e+00 -7.806644e-01 1.994881e+00
 6.346346e-01  1.316958e+00 -5.596103e-01 2.047543e+00
 6.356356e-01  1.415287e+00 -3.128604e-01 2.100919e+00
 6.366366e-01  1.467196e+00 -4.825668e-02 2.154993e+00
 6.376376e-01  1.469332e+00  2.254257e-01 2.209753e+00
 6.386386e-01  1.420007e+00  4.987599e-01 2.265181e+00
 6.396396e-01  1.319333e+00  7.619861e-01 2.321262e+00
 6.406406e-01  1.169288e+00  1.005357e+00 2.377977e+00
 6.416416e-01  9.737210e-01  1.219498e+00 2.435308e+00
 6.426426e-01  7.382833e-01  1.395770e+00 2.493235e+00
 6.436436e-01  4.702895e-01  1.526620e+00 2.551740e+00
 6.446446e-01  1.785102e-01  1.605906e+00 2.610799e+00
 6.456456e-01 -1.271002e-01  1.629183e+00 2.670392e+00
 6.466466e-01 -4.357324e-01  1.593936e+00 2.730496e+00
 6.476476e-01 -7.360978e-01  1.499749e+00 2.791086e+00
 6.486486e-01 -1.016839e+00  1.348398e+00 2.852139e+00
 6.496496e-01 -1.266960e+00  1.143872e+00 2.913629e+00
 6.506507e-01 -1.476258e+00  8.922953e-01 2.975530e+00
 6.516517e-01 -1.635749e+00  6.017791e-01 3.037814e+00
 6.526527e-01 -1.738054e+00  2.821759e-01 3.100455e+00
 6.536537e-01 -1.777744e+00 -5.523551e-02 3.163424e+00
 6.546547e-01 -1.751621e+00 -3.981377e-01 3.226691e+00
 6.556557e-01 -1.658925e+00 -7.336173e-01 3.290226e+00
 6.566567e-01 -1.501444e+00 -1.048649e+00 3.353999e+00
 6.576577e-01 -1.283538e+00 -1.330605e+00 3.417979e+00
 6.586587e-01 -1.012052e+00 -1.567764e+00 3.482133e+00
 6.596597e-01 -6.961353e-01 -1.749807e+00 3.546429e+00
 6.606607e-01 -3.469503e-01 -1.868277e+00 3.610833e+00
 6.616617e-01  2.270069e-02 -1.916976e+00 3.675312e+00
 6.626627e-01  3.988355e-01 -1.892290e+00 3.739831e+00
 6.636637e-01  7.668144e-01 -1.793419e+00 3.804356e+00
 6.646647e-01  1.111909e+00 -1.622501e+00 3.868851e+00
 6.656657e-01  1.419898e+00 -1.384619e+00 3.933280e+00
 6.666667e-01  1.677657e+00 -1.087692e+00 3.997607e+00
 6.676677e-01  1.873734e+00 -7.422370e-01 4.061795e+00
 6.686687e-01  1.998867e+00 -3.610237e-01 4.125808e+00
 6.696697e-01  2.046434e+00  4.138334e-02 4.189607e+00
 6.706707e-01  2.012809e+00  4.491700e-01 4.253155e+00
 6.716717e-01  1.897600e+00  8.458898e-01 4.316414e+00
 6.726727e-01  1.703763e+00  1.215129e+00 4.379347e+00
 6.736737e-01  1.437582e+00  1.541192e+00 4.441914e+00
 6.746747e-01  1.108497e+00  1.809782e+00 4.504078e+00
 6.756757e-01  7.288046e-01  2.008642e+00 4.565799e+00
 6.766767e-01  3.132177e-01  2.128129e+00 4.627040e+00
 6.776777e-01 -1.216888e-01  2.161701e+00 4.687761e+00
 6.786787e-01 -5.581304e-01  2.106280e+00 4.747923e+00
 6.796797e-01 -9.778390e-01  1.962478e+00 4.807489e+00
 6.806807e-01 -1.362833e+00  1.734678e+00 4.866419e+00
 6.816817e-01 -1.696197e+00  1.430941e+00 4.924676e+00
 6.826827e-01 -1.962843e+00  1.062764e+00 4.982221e+00
 6.836837e-01 -2.150215e+00  6.446642e-01 5.039016e+00
 6.846847e-01 -2.248895e+00  1.936347e-01 5.095023e+00
 6.856857e-01 -2.253103e+00 -2.715379e-01 5.150206e+00
 6.866867e-01 -2.161039e+00 -7.310505e-01 5.204526e+00
 6.876877e-01 -1.975067e+00 -1.164928e+00 5.257947e+00
 6.886887e-01 -1.701709e+00 -1.553904e+00 5.310433e+00
 6.896897e-01 -1.351466e+00 -1.880289e+00 5.361948e+00
 6.906907e-01 -9.384409e-01 -2.128799e+00 5.412457e+00
 6.916917e-01 -4.797998e-01 -2.287295e+00 5.461925e+00
 6.926927e-01  4.926765e-03 -2.347401e+00 5.510317e+00
 6.936937e-01  4.946666e-01 -2.304974e+00 5.557601e+00
 6.946947e-01  9.677223e-01 -2.160383e+00 5.603742e+00
 6.956957e-01  1.402740e+00 -1.918601e+00 5.648710e+00
 6.966967e-01  1.779692e+00 -1.589078e+00 5.692471e+00
 6.976977e-01  2.080815e+00 -1.185413e+00 5.734996e+00
 6.986987e-01  2.291482e+00 -7.248215e-01 5.776255e+00
 6.996997e-01  2.400937e+00 -2.274175e-01 5.816218e+00
 7.007007e-01  2.402880e+00  2.846489e-01 5.854857e+00
 7.017017e-01  2.295848e+00  7.881778e-01 5.892144e+00
 7.027027e-01  2.083389e+00  1.259977e+00 5.928054e+00
 7.037037e-01  1.773995e+00  1.677946e+00 5.962561e+00
 7.047047e-01  1.380804e+00  2.022132e+00 5.995639e+00
 7.057057e-01  9.210775e-01  2.275716e+00 6.027267e+00
 7.067067e-01  4.154625e-01  2.425863e+00 6.057420e+00
 7.077077e-01 -1.129199e-01  2.464412e+00 6.086078e+00
 7.087087e-01 -6.395279e-01  2.388352e+00 6.113221e+00
 7.097097e-01 -1.139545e+00  2.200061e+00 6.138829e+00
 7.107107e-01 -1.589064e+00  1.907291e+00 6.162884e+00
 7.117117e-01 -1.966253e+00  1.522898e+00 6.185370e+00
 7.127127e-01 -2.252449e+00  1.064304e+00 6.206270e+00
 7.137137e-01 -2.433115e+00  5.527391e-01 6.225570e+00
 7.147147e-01 -2.498621e+00  1.227234e-02 6.243256e+00
 7.157157e-01 -2.444795e+00 -5.313152e-01 6.259318e+00
 7.167167e-01 -2.273221e+00 -1.051765e+00 6.273743e+00
 7.177177e-01 -1.991254e+00 -1.523623e+00 6.286522e+00
 7.187187e-01 -1.611751e+00 -1.923513e+00 6.297647e+00
 7.197197e-01 -1.152520e+00 -2.231324e+00 6.307110e+00
 7.207207e-01 -6.355108e-01 -2.431262e+00 6.314906e+00
 7.217217e-01 -8.578552e-02 -2.512702e+00 6.321031e+00
 7.227227e-01  4.696924e-01 -2.470803e+00 6.325481e+00
 7.237237e-01  1.003385e+00 -2.306832e+00 6.328253e+00
 7.247247e-01  1.488561e+00 -2.028185e+00 6.329348e+00
 7.257257e-01  1.900660e+00 -1.648107e+00 6.328766e+00
 7.267267e-01  2.218572e+00 -1.185093e+00 6.326508e+00
 7.277277e-01  2.425760e+00 -6.620189e-01 6.322579e+00
 7.287287e-01  2.511165e+00 -1.050257e-01 6.316982e+00
 7.297297e-01  2.469851e+00  4.577778e-01 6.309723e+00
 7.307307e-01  2.303328e+00  9.977413e-01 6.300809e+00
 7.317317e-01  2.019564e+00  1.487149e+00 6.290248e+00
 7.327327e-01  1.632639e+00  1.900668e+00 6.278050e+00
 7.337337e-01  1.162093e+00  2.216701e+00 6.264225e+00
 7.347347e-01  6.319586e-01  2.418556e+00 6.248785e+00
 7.357357e-01  6.955586e-02  2.495377e+00 6.231744e+00
 7.367367e-01 -4.959145e-01  2.442782e+00 6.213115e+00
 7.377377e-01 -1.034894e+00  2.263164e+00 6.192914e+00
 7.387387e-01 -1.519030e+00  1.965631e+00 6.171158e+00
 7.397397e-01 -1.922700e+00  1.565595e+00 6.147863e+00
 7.407407e-01 -2.224407e+00  1.084004e+00 6.123049e+00
 7.417417e-01 -2.407970e+00  5.462734e-01 6.096736e+00
 7.427427e-01 -2.463449e+00 -1.903866e-02 6.068945e+00
 7.437437e-01 -2.387732e+00 -5.817485e-01 6.039696e+00
 7.447447e-01 -2.184767e+00 -1.111668e+00 6.009014e+00
 7.457457e-01 -1.865407e+00 -1.580247e+00 5.976922e+00
 7.467467e-01 -1.446869e+00 -1.962146e+00 5.943445e+00
 7.477477e-01 -9.518462e-01 -2.236649e+00 5.908608e+00
 7.487487e-01 -4.072990e-01 -2.388838e+00 5.872439e+00
 7.497497e-01  1.570025e-01 -2.410459e+00 5.834963e+00
 7.507508e-01  7.101062e-01 -2.300426e+00 5.796211e+00
 7.517518e-01  1.221591e+00 -2.064927e+00 5.756210e+00
 7.527528e-01  1.663266e+00 -1.717130e+00 5.714990e+00
 7.537538e-01  2.010763e+00 -1.276485e+00 5.672582e+00
 7.547548e-01  2.244928e+00 -7.676693e-01 5.629016e+00
 7.557558e-01  2.352927e+00 -2.192293e-01 5.584325e+00
 7.567568e-01  2.329009e+00  3.380180e-01 5.538541e+00
 7.577578e-01  2.174869e+00  8.727207e-01 5.491697e+00
 7.587588e-01  1.899581e+00  1.354776e+00 5.443825e+00
 7.597598e-01  1.519119e+00  1.757054e+00 5.394961e+00
 7.607608e-01  1.055464e+00  2.056972e+00 5.345137e+00
 7.617618e-01  5.353686e-01  2.237805e+00 5.294390e+00
 7.627628e-01 -1.117770e-02  2.289679e+00 5.242754e+00
 7.637638e-01 -5.526711e-01  2.210163e+00 5.190265e+00
 7.647648e-01 -1.057923e+00  2.004434e+00 5.136958e+00
 7.657658e-01 -1.497883e+00  1.684997e+00 5.082869e+00
 7.667668e-01 -1.847341e+00  1.270970e+00 5.028034e+00
 7.677678e-01 -2.086423e+00  7.869757e-01 4.972490e+00
 7.687688e-01 -2.201769e+00  2.616988e-01 4.916274e+00
 7.697698e-01 -2.187339e+00 -2.738028e-01 4.859422e+00
 7.707708e-01 -2.044779e+00 -7.879406e-01 4.801971e+00
 7.717718e-01 -1.783330e+00 -1.250477e+00 4.743957e+00
 7.727728e-01 -1.419285e+00 -1.634334e+00 4.685417e+00
 7.737738e-01 -9.750155e-01 -1.917220e+00 4.626388e+00
 7.747748e-01 -4.776226e-01 -2.082975e+00 4.566907e+00
 7.757758e-01  4.269733e-02 -2.122542e+00 4.507009e+00
 7.767768e-01  5.544854e-01 -2.034521e+00 4.446731e+00
 7.777778e-01  1.026934e+00 -1.825244e+00 4.386110e+00
 7.787788e-01  1.431768e+00 -1.508384e+00 4.325181e+00
 7.797798e-01  1.744970e+00 -1.104110e+00 4.263980e+00
 7.807808e-01  1.948257e+00 -6.378363e-01 4.202542e+00
 7.817818e-01  2.030192e+00 -1.386496e-01 4.140903e+00
 7.827828e-01  1.986879e+00  3.625010e-01 4.079097e+00
 7.837838e-01  1.822193e+00  8.347284e-01 4.017157e+00
 7.847848e-01  1.547511e+00  1.249132e+00 3.955119e+00
 7.857858e-01  1.180987e+00  1.580597e+00 3.893016e+00
 7.867868e-01  7.463885e-01  1.809360e+00 3.830880e+00
 7.877878e-01  2.715828e-01  1.922235e+00 3.768745e+00
 7.887888e-01 -2.132376e-01  1.913419e+00 3.706643e+00
 7.897898e-01 -6.774771e-01  1.784833e+00 3.644604e+00
 7.907908e-01 -1.092084e+00  1.545967e+00 3.582660e+00
 7.917918e-01 -1.431394e+00  1.213240e+00 3.520841e+00
 7.927928e-01 -1.674763e+00  8.089172e-01 3.459177e+00
 7.937938e-01 -1.807857e+00  3.596500e-01 3.397696e+00
 7.947948e-01 -1.823554e+00 -1.052645e-01 3.336428e+00
 7.957958e-01 -1.722352e+00 -5.557918e-01 3.275400e+00
 7.967968e-01 -1.512301e+00 -9.631123e-01 3.214639e+00
 7.977978e-01 -1.208428e+00 -1.301490e+00 3.154173e+00
 7.987988e-01 -8.317111e-01 -1.549930e+00 3.094026e+00
 7.997998e-01 -4.076667e-01 -1.693527e+00 3.034224e+00
 8.008008e-01  3.536081e-02 -1.724396e+00 2.974791e+00
 8.018018e-01  4.680880e-01 -1.642146e+00 2.915750e+00
 8.028028e-01  8.622372e-01 -1.453847e+00 2.857124e+00
 8.038038e-01  1.192405e+00 -1.173501e+00 2.798935e+00
 8.048048e-01  1.437732e+00 -8.210552e-01 2.741204e+00
 8.058058e-01  1.583255e+00 -4.210172e-01 2.683952e+00
 8.068068e-01  1.620864e+00 -7.740371e-04 2.627199e+00
 8.078078e-01  1.549779e+00  4.112767e-01 2.570965e+00
 8.088088e-01  1.376543e+00  7.876518e-01 2.515266e+00
 8.098098e-01  1.114501e+00  1.103634e+00 2.460120e+00
 8.108108e-01  7.828313e-01  1.338925e+00 2.405544e+00
 8.118118e-01  4.051799e-01  1.478980e+00 2.351553e+00
 8.128128e-01  7.995378e-03  1.515948e+00 2.298161e+00
 8.138138e-01 -3.813133e-01  1.449132e+00 2.245383e+00
 8.148148e-01 -7.362737e-01  1.284965e+00 2.193234e+00
 8.158158e-01 -1.033167e+00  1.036480e+00 2.141725e+00
 8.168168e-01 -1.252636e+00  7.223370e-01 2.090869e+00
 8.178178e-01 -1.380985e+00  3.654544e-01 2.040677e+00
 8.188188e-01 -1.411058e+00 -8.635356e-03 1.991159e+00
 8.198198e-01 -1.342663e+00 -3.736055e-01 1.942324e+00
 8.208208e-01 -1.182495e+00 -7.041911e-01 1.894179e+00
 8.218218e-01 -9.435790e-01 -9.779533e-01 1.846734e+00
 8.228228e-01 -6.442631e-01 -1.176826e+00 1.799995e+00
 8.238238e-01 -3.068488e-01 -1.288338e+00 1.753970e+00
 8.248248e-01  4.404782e-02 -1.306417e+00 1.708665e+00
 8.258258e-01  3.832834e-01 -1.231738e+00 1.664085e+00
 8.268268e-01  6.869929e-01 -1.071577e+00 1.620236e+00
 8.278278e-01  9.342823e-01 -8.391884e-01 1.577121e+00
 8.288288e-01  1.108688e+00 -5.527673e-01 1.534741e+00
 8.298298e-01  1.199298e+00 -2.340582e-01 1.493098e+00
 8.308308e-01  1.201455e+00  9.327424e-02 1.452195e+00
 8.318318e-01  1.116999e+00  4.053937e-01 1.412031e+00
 8.328328e-01  9.540259e-01  6.800326e-01 1.372610e+00
 8.338338e-01  7.261943e-01  8.980940e-01 1.333931e+00
 8.348348e-01  4.516328e-01  1.044999e+00 1.295995e+00
 8.358358e-01  1.515297e-01  1.111684e+00 1.258802e+00
 8.368368e-01 -1.514824e-01  1.095172e+00 1.222348e+00
 8.378378e-01 -4.350276e-01  9.986902e-01 1.186631e+00
 8.388388e-01 -6.786429e-01  8.313184e-01 1.151646e+00
 8.398398e-01 -8.652688e-01  6.072070e-01 1.117390e+00
 8.408408e-01 -9.824605e-01  3.444278e-01 1.083859e+00
 8.418418e-01 -1.023236e+00  6.354610e-02 1.051050e+00
 8.428428e-01 -9.864967e-01 -2.139719e-01 1.018960e+00
 8.438438e-01 -8.769984e-01 -4.673954e-01 9.875847e-01
 8.448448e-01 -7.048775e-01 -6.782832e-01 9.569203e-01
 8.458458e-01 -4.847755e-01 -8.318370e-01 9.269601e-01
 8.468468e-01 -2.346349e-01 -9.179557e-01 8.976962e-01
 8.478478e-01  2.573784e-02 -9.319108e-01 8.691202e-01
 8.488488e-01  2.762275e-01 -8.745984e-01 8.412239e-01
 8.498498e-01  4.979615e-01 -7.523526e-01 8.140000e-01
 8.508509e-01  6.747377e-01 -5.763431e-01 7.874423e-01
 8.518519e-01  7.942196e-01 -3.616082e-01 7.615452e-01
 8.528529e-01  8.488087e-01 -1.258049e-01 7.363031e-01
 8.538539e-01  8.361311e-01  1.122212e-01 7.117088e-01
 8.548549e-01  7.591063e-01  3.339326e-01 6.877534e-01
 8.558559e-01  6.255995e-01  5.225430e-01 6.644259e-01
 8.568569e-01  4.476918e-01  6.642943e-01 6.417149e-01
 8.578579e-01  2.406313e-01  7.494701e-01 6.196088e-01
 8.588589e-01  2.155607e-02  7.730673e-01 5.980978e-01
 8.598599e-01 -1.919080e-01  7.350817e-01 5.771738e-01
 8.608609e-01 -3.830585e-01  6.403878e-01 5.568303e-01
 8.618619e-01 -5.374246e-01  4.982326e-01 5.370610e-01
 8.628629e-01 -6.438686e-01  3.213897e-01 5.178581e-01
 8.638639e-01 -6.953952e-01  1.250478e-01 4.992115e-01
 8.648649e-01 -6.896107e-01 -7.447028e-02 4.811088e-01
 8.658659e-01 -6.287985e-01 -2.610526e-01 4.635361e-01
 8.668669e-01 -5.196150e-01 -4.200952e-01 4.464798e-01
 8.678679e-01 -3.724362e-01 -5.396476e-01 4.299282e-01
 8.688689e-01 -2.004164e-01 -6.113150e-01 4.138727e-01
 8.698699e-01 -1.834190e-02 -6.308490e-01 3.983069e-01
 8.708709e-01  1.586231e-01 -5.983843e-01 3.832250e-01
 8.718719e-01  3.161904e-01 -5.183089e-01 3.686205e-01
 8.728729e-01  4.421004e-01 -3.987866e-01 3.544835e-01
 8.738739e-01  5.270775e-01 -2.509788e-01 3.408010e-01
 8.748749e-01  5.655152e-01 -8.803688e-02 3.275579e-01
 8.758759e-01  5.558381e-01  7.604592e-02 3.147390e-01
 8.768769e-01  5.005186e-01  2.276238e-01 3.023315e-01
 8.778779e-01  4.057540e-01  3.545281e-01 2.903265e-01
 8.788789e-01  2.808394e-01  4.470436e-01 2.787187e-01
 8.798799e-01  1.372963e-01  4.986525e-01 2.675046e-01
 8.808809e-01 -1.216418e-02  5.064894e-01 2.566795e-01
 8.818819e-01 -1.547507e-01  4.714738e-01 2.462353e-01
 8.828829e-01 -2.786780e-01  3.981181e-01 2.361595e-01
 8.838839e-01 -3.741385e-01  2.940351e-01 2.264362e-01
 8.848849e-01 -4.340769e-01  1.691932e-01 2.170491e-01
 8.858859e-01 -4.547087e-01  3.499231e-02 2.079845e-01
 8.868869e-01 -4.357421e-01 -9.675899e-02 1.992335e-01
 8.878879e-01 -3.802931e-01 -2.148709e-01 1.907923e-01
 8.888889e-01 -2.945086e-01 -3.097176e-01 1.826603e-01
 8.898899e-01 -1.869375e-01 -3.740193e-01 1.748361e-01
 8.908909e-01 -6.771135e-02 -4.033971e-01 1.673141e-01
 8.918919e-01  5.238810e-02 -3.966593e-01 1.600831e-01
 8.928929e-01  1.628911e-01 -3.558003e-01 1.531274e-01
 8.938939e-01  2.545452e-01 -2.857200e-01 1.464292e-01
 8.948949e-01  3.200862e-01 -1.936972e-01 1.399738e-01
 8.958959e-01  3.548099e-01 -8.866896e-02 1.337523e-01
 8.968969e-01  3.569004e-01  1.961408e-02 1.277626e-01
 8.978979e-01  3.274910e-01  1.214778e-01 1.220072e-01
 8.988989e-01  2.704619e-01  2.081802e-01 1.164887e-01
 8.998999e-01  1.919990e-01  2.726562e-01 1.112050e-01
 9.009009e-01  9.996082e-02  3.100888e-01 1.061472e-01
 9.019019e-01  3.115833e-03  3.182607e-01 1.012996e-01
 9.029029e-01 -8.967663e-02  2.976601e-01 9.664340e-02
 9.039039e-01 -1.702670e-01  2.513395e-01 9.216239e-02
 9.049049e-01 -2.319251e-01  1.845478e-01 8.784714e-02
 9.059059e-01 -2.698971e-01  1.041751e-01 8.369689e-02
 9.069069e-01 -2.817638e-01  1.806779e-02 7.971729e-02
 9.079079e-01 -2.675744e-01 -6.572109e-02 7.591530e-02
 9.089089e-01 -2.297489e-01 -1.396736e-01 7.229328e-02
 9.099099e-01 -1.727679e-01 -1.974746e-01 6.884496e-02
 9.109109e-01 -1.026823e-01 -2.345456e-01 6.555530e-02
 9.119119e-01 -2.649725e-02 -2.483995e-01 6.240444e-02
 9.129129e-01  4.851169e-02 -2.387901e-01 5.937411e-02
 9.139139e-01  1.154816e-01 -2.076480e-01 5.645368e-02
 9.149149e-01  1.685829e-01 -1.588169e-01 5.364299e-02
 9.159159e-01  2.035206e-01 -9.762156e-02 5.095059e-02
 9.169169e-01  2.178741e-01 -3.031239e-02 4.838797e-02
 9.179179e-01  2.112484e-01  3.655563e-02 4.596222e-02
 9.189189e-01  1.852295e-01  9.674996e-02 4.367052e-02
 9.199199e-01  1.431546e-01  1.449337e-01 4.149902e-02
 9.209209e-01  8.972634e-02  1.771325e-01 3.942673e-02
 9.219219e-01  3.051148e-02  1.910551e-01 3.743300e-02
 9.229229e-01 -2.862213e-02  1.862415e-01 3.550511e-02
 9.239239e-01 -8.207597e-02  1.640310e-01 3.364264e-02
 9.249249e-01 -1.250430e-01  1.273601e-01 3.185635e-02
 9.259259e-01 -1.539335e-01  8.041434e-02 3.016198e-02
 9.269269e-01 -1.666669e-01  2.817503e-02 2.857168e-02
 9.279279e-01 -1.628071e-01 -2.409386e-02 2.708667e-02
 9.289289e-01 -1.435336e-01 -7.136510e-02 2.569487e-02
 9.299299e-01 -1.114571e-01 -1.093242e-01 2.437446e-02
 9.309309e-01 -7.030456e-02 -1.347569e-01 2.310216e-02
 9.319319e-01 -2.450824e-02 -1.458142e-01 2.186242e-02
 9.329329e-01  2.125684e-02 -1.421324e-01 2.065348e-02
 9.339339e-01  6.253980e-02 -1.248042e-01 1.948732e-02
 9.349349e-01  9.553916e-02 -9.620653e-02 1.838343e-02
 9.359359e-01  1.174464e-01 -5.970995e-02 1.735894e-02
 9.369369e-01  1.266771e-01 -1.930201e-02 1.641966e-02
 9.379379e-01  1.229711e-01  2.083482e-02 1.555599e-02
 9.389389e-01  1.073576e-01  5.674655e-02 1.474582e-02
 9.399399e-01  8.199346e-02  8.509030e-02 1.396329e-02
 9.409409e-01  4.989686e-02  1.034395e-01 1.318943e-02
 9.419419e-01  1.460635e-02  1.104842e-01 1.242010e-02
 9.429429e-01 -2.019679e-02  1.061105e-01 1.166734e-02
 9.439439e-01 -5.106363e-02  9.135620e-02 1.095345e-02
 9.449449e-01 -7.511261e-02  6.825224e-02 1.030027e-02
 9.459459e-01 -9.029224e-02  3.957037e-02 9.718503e-03
 9.469469e-01 -9.554808e-02  8.507120e-03 9.201806e-03
 9.479479e-01 -9.088113e-02 -2.166136e-02 8.728594e-03
 9.489489e-01 -7.729655e-02 -4.791704e-02 8.270799e-03
 9.499499e-01 -5.665253e-02 -6.779597e-02 7.805802e-03
 9.509510e-01 -3.142925e-02 -7.961386e-02 7.326165e-03
 9.519520e-01 -4.445089e-03 -8.260105e-02 6.842692e-03
 9.529530e-01  2.144848e-02 -7.693681e-02 6.379310e-03
 9.539540e-01  4.366100e-02 -6.368391e-02 5.961924e-03
 9.549550e-01  6.011622e-02 -4.463451e-02 5.606199e-03
 9.559560e-01  6.944021e-02 -2.208734e-02 5.309793e-03
 9.569570e-01  7.106773e-02  1.417288e-03 5.052631e-03
 9.579580e-01  6.525969e-02  2.337529e-02 4.805231e-03
 9.589590e-01  5.303386e-02  4.157940e-02 4.541437e-03
 9.599600e-01  3.602022e-02  5.433600e-02 4.249857e-03
 9.609610e-01  1.625947e-02  6.061721e-02 3.938816e-03
 9.619620e-01 -4.031511e-03  6.013508e-02 3.632481e-03
 9.629630e-01 -2.270092e-02  5.333365e-02 3.359810e-03
 9.639640e-01 -3.788456e-02  4.130336e-02 3.141208e-03
 9.649650e-01 -4.818678e-02  2.563084e-02 2.978905e-03
 9.659660e-01 -5.280294e-02  8.202894e-03 2.855438e-03
 9.669670e-01 -5.157311e-02 -9.011808e-03 2.740999e-03
 9.679680e-01 -4.496467e-02 -2.417890e-02 2.606441e-03
 9.689690e-01 -3.398918e-02 -3.578905e-02 2.436120e-03
 9.699700e-01 -2.006562e-02 -4.280373e-02 2.234788e-03
 9.709710e-01 -4.847219e-03 -4.474238e-02 2.025376e-03
 9.719720e-01  9.967740e-03 -4.170431e-02 1.838605e-03
 9.729730e-01  2.282007e-02 -3.432601e-02 1.699030e-03
 9.739740e-01  3.244916e-02 -2.368185e-02 1.613778e-03
 9.749750e-01  3.801201e-02 -1.114175e-02 1.569051e-03
 9.759760e-01  3.915085e-02  1.796315e-03 1.536015e-03
 9.769770e-01  3.600484e-02  1.367913e-02 1.483467e-03
 9.779780e-01  2.916739e-02  2.325700e-02 1.391625e-03
 9.789790e-01  1.959655e-02  2.961141e-02 1.260860e-03
 9.799800e-01  8.490710e-03  3.223891e-02 1.111439e-03
 9.809810e-01 -2.855003e-03  3.108396e-02 9.743636e-04
 9.819820e-01 -1.319501e-02  2.651971e-02 8.774033e-04
 9.829830e-01 -2.146603e-02  1.928136e-02 8.325615e-04
 9.839840e-01 -2.689256e-02  1.036218e-02 8.305849e-04
 9.849850e-01 -2.905494e-02  8.857691e-04 8.449741e-04
 9.859860e-01 -2.791459e-02 -8.029621e-03 8.436989e-04
 9.869870e-01 -2.379603e-02 -1.539882e-02 8.033748e-04
 9.879880e-01 -1.733008e-02 -2.047532e-02 7.195703e-04
 9.889890e-01 -9.366561e-03 -2.282361e-02 6.086498e-04
 9.899900e-01 -8.680843e-04 -2.235171e-02 5.003523e-04
 9.909910e-01  7.202475e-03 -1.930200e-02 4.244429e-04
 9.919920e-01  1.398780e-02 -1.420374e-02 3.974047e-04
 9.929930e-01  1.882403e-02 -7.794444e-03 4.150976e-04
 9.939940e-01  2.130198e-02 -9.211827e-04 4.546229e-04
 9.949950e-01  2.129646e-02  5.565859e-03 4.845179e-04
 9.959960e-01  1.896241e-02  1.091451e-02 4.786995e-04
 9.969970e-01  1.470028e-02  1.455477e-02 4.279397e-04
 9.979980e-01  9.096350e-03  1.615697e-02 3.437912e-04
 9.989990e-01  2.846378e-03  1.565803e-02 2.532756e-04
 1.000000e+00 -3.328026e-03  1.325456e-02 1.867591e-04
