# x psi_r psi_i psi2 
 0.000000e+00 -1.048934e-02 -5.763058e-03 1.432390e-04
 1.001001e-03 -6.126053e-03 -9.662946e-03 1.309010e-04
 2.002002e-03 -1.301759e-03 -1.237364e-02 1.548015e-04
 3.003003e-03  3.414714e-03 -1.371907e-02 1.998730e-04
 4.004004e-03  7.491705e-03 -1.366948e-02 2.429803e-04
 5.005005e-03  1.049200e-02 -1.233286e-02 2.621816e-04
 6.006006e-03  1.211760e-02 -9.933049e-03 2.455018e-04
 7.007007e-03  1.223754e-02 -6.778004e-03 1.956987e-04
 8.008008e-03  1.089638e-02 -3.222261e-03 1.291141e-04
 9.009009e-03  8.303121e-03  3.719548e-04 6.908017e-05
 1.001001e-02  4.802353e-03  3.670839e-03 3.653765e-05
 1.101101e-02  8.314384e-04  6.398752e-03 4.163532e-05
 1.201201e-02 -3.131220e-03  8.359146e-03 7.967986e-05
 1.301301e-02 -6.620923e-03  9.445270e-03 1.330497e-04
 1.401401e-02 -9.238346e-03  9.640662e-03 1.782894e-04
 1.501502e-02 -1.069267e-02  9.010415e-03 1.955208e-04
 1.601602e-02 -1.083165e-02  7.685271e-03 1.763881e-04
 1.701702e-02 -9.655803e-03  5.841076e-03 1.273527e-04
 1.801802e-02 -7.315439e-03  3.676502e-03 6.703232e-05
 1.901902e-02 -4.091453e-03  1.391658e-03 1.867670e-05
 2.002002e-02 -3.621484e-04 -8.300303e-04 8.201018e-07
 2.102102e-02  3.439904e-03 -2.835183e-03 1.987120e-05
 2.202202e-02  6.876217e-03 -4.508193e-03 6.760617e-05
 2.302302e-02  9.550627e-03 -5.773441e-03 1.245471e-04
 2.402402e-02  1.115232e-02 -6.592719e-03 1.678383e-04
 2.502503e-02  1.148917e-02 -6.959250e-03 1.804323e-04
 2.602603e-02  1.050801e-02 -6.889891e-03 1.578889e-04
 2.702703e-02  8.299939e-03 -6.417264e-03 1.100703e-04
 2.802803e-02  5.090363e-03 -5.583185e-03 5.708374e-05
 2.902903e-02  1.214945e-03 -4.434489e-03 2.114078e-05
 3.003003e-02 -2.915770e-03 -3.021607e-03 1.763182e-05
 3.103103e-02 -6.859349e-03 -1.399799e-03 4.901011e-05
 3.203203e-02 -1.018754e-02  3.677855e-04 1.039213e-04
 3.303303e-02 -1.253077e-02  2.206313e-03 1.618879e-04
 3.403403e-02 -1.361650e-02  4.026202e-03 2.016194e-04
 3.503504e-02 -1.329784e-02  5.722104e-03 2.095750e-04
 3.603604e-02 -1.156940e-02  7.175094e-03 1.853330e-04
 3.703704e-02 -8.569206e-03  8.258646e-03 1.416365e-04
 3.803804e-02 -4.566349e-03  8.848479e-03 9.914713e-05
 3.903904e-02  6.415874e-05  8.835526e-03 7.807063e-05
 4.004004e-02  4.876949e-03  8.140781e-03 9.005695e-05
 4.104104e-02  9.398761e-03  6.730148e-03 1.336316e-04
 4.204204e-02  1.317380e-02  4.627221e-03 1.949601e-04
 4.304304e-02  1.580768e-02  1.921807e-03 2.535761e-04
 4.404404e-02  1.700594e-02 -1.227613e-03 2.907091e-04
 4.504505e-02  1.660350e-02 -4.598861e-03 2.968257e-04
 4.604605e-02  1.458243e-02 -7.918918e-03 2.753566e-04
 4.704705e-02  1.107642e-02 -1.088433e-02 2.411559e-04
 4.804805e-02  6.361474e-03 -1.318775e-02 2.143850e-04
 4.904905e-02  8.336338e-04 -1.454829e-02 2.123476e-04
 5.005005e-02 -5.024300e-03 -1.474289e-02 2.425965e-04
 5.105105e-02 -1.068432e-02 -1.363519e-02 3.000733e-04
 5.205205e-02 -1.561942e-02 -1.119849e-02 3.693724e-04
 5.305305e-02 -1.935049e-02 -7.529867e-03 4.311404e-04
 5.405405e-02 -2.149005e-02 -2.852983e-03 4.699617e-04
 5.505506e-02 -2.177886e-02  2.491713e-03 4.805272e-04
 5.605606e-02 -2.011240e-02  8.069485e-03 4.696250e-04
 5.705706e-02 -1.655474e-02  1.338519e-02 4.532225e-04
 5.805806e-02 -1.133841e-02  1.792605e-02 4.499028e-04
 5.905906e-02 -4.850034e-03  2.120961e-02 4.733705e-04
 6.006006e-02  2.397516e-03  2.283249e-02 5.270705e-04
 6.106106e-02  9.804358e-03  2.251497e-02 6.030495e-04
 6.206206e-02  1.673147e-02  2.013699e-02 6.854404e-04
 6.306306e-02  2.255343e-02  1.576104e-02 7.570675e-04
 6.406406e-02  2.671198e-02  9.639275e-03 8.064456e-04
 6.506507e-02  2.876595e-02  2.202914e-03 8.323328e-04
 6.606607e-02  2.843349e-02 -5.966037e-03 8.440567e-04
 6.706707e-02  2.562272e-02 -1.417903e-02 8.575689e-04
 6.806807e-02  2.044804e-02 -2.169790e-02 8.889214e-04
 6.906907e-02  1.322992e-02 -2.779977e-02 9.478580e-04
 7.007007e-02  4.477678e-03 -3.184426e-02 1.034106e-03
 7.107107e-02 -5.144160e-03 -3.333684e-02 1.137807e-03
 7.207207e-02 -1.486402e-02 -3.198226e-02 1.243804e-03
 7.307307e-02 -2.386260e-02 -2.772258e-02 1.337965e-03
 7.407407e-02 -3.133899e-02 -2.075561e-02 1.412928e-03
 7.507508e-02 -3.657867e-02 -1.153124e-02 1.470969e-03
 7.607608e-02 -3.901761e-02 -7.247699e-04 1.522899e-03
 7.707708e-02 -3.829717e-02  1.081114e-02 1.583554e-03
 7.807808e-02 -3.430477e-02  2.211269e-02 1.665788e-03
 7.907908e-02 -2.719604e-02  3.218409e-02 1.775440e-03
 8.008008e-02 -1.739591e-02  4.008329e-02 1.909288e-03
 8.108108e-02 -5.577216e-03  4.500682e-02 2.056719e-03
 8.208208e-02  7.382482e-03  4.636639e-02 2.204343e-03
 8.308308e-02  2.046334e-02  4.385015e-02 2.341584e-03
 8.408408e-02  3.258086e-02  3.746273e-02 2.464968e-03
 8.508509e-02  4.267290e-02  2.753967e-02 2.579410e-03
 8.608609e-02  4.978930e-02  1.473419e-02 2.696071e-03
 8.708709e-02  5.317683e-02 -2.388506e-05 2.827776e-03
 8.808809e-02  5.235197e-02 -1.559427e-02 2.983910e-03
 8.908909e-02  4.715493e-02 -3.071309e-02 3.166882e-03
 9.009009e-02  3.777951e-02 -4.409359e-02 3.371536e-03
 9.109109e-02  2.477484e-02 -5.453295e-02 3.587635e-03
 9.209209e-02  9.017910e-03 -6.101635e-02 3.804318e-03
 9.309309e-02 -8.342702e-03 -6.280958e-02 4.014644e-03
 9.409409e-02 -2.596813e-02 -5.953196e-02 4.218398e-03
 9.509510e-02 -4.243029e-02 -5.120297e-02 4.422073e-03
 9.609610e-02 -5.632496e-02 -3.825773e-02 4.636155e-03
 9.709710e-02 -6.638828e-02 -2.152892e-02 4.870898e-03
 9.809810e-02 -7.160689e-02 -2.195493e-03 5.132367e-03
 9.909910e-02 -7.131255e-02  1.829887e-02 5.420328e-03
 1.001001e-01 -6.525260e-02  3.835195e-02 5.728774e-03
 1.011011e-01 -5.362954e-02  5.632609e-02 6.048755e-03
 1.021021e-01 -3.710508e-02  7.067890e-02 6.372294e-03
 1.031031e-01 -1.676706e-02  8.009121e-02 6.695737e-03
 1.041041e-01  5.939819e-03  8.358198e-02 7.021229e-03
 1.051051e-01  2.931488e-02  8.060038e-02 7.355783e-03
 1.061061e-01  5.152732e-02  7.108705e-02 7.708434e-03
 1.071071e-01  7.075743e-02  5.549847e-02 8.086694e-03
 1.081081e-01  8.534269e-02  3.479122e-02 8.493803e-03
 1.091091e-01  9.391672e-02  1.036608e-02 8.927805e-03
 1.101101e-01  9.553004e-02 -1.602501e-02 9.382788e-03
 1.111111e-01  8.974202e-02 -4.240305e-02 9.851649e-03
 1.121121e-01  7.667588e-02 -6.670850e-02 1.032921e-02
 1.131131e-01  5.703095e-02 -8.695925e-02 1.081444e-02
 1.141141e-01  3.204990e-02 -1.014083e-01 1.131083e-02
 1.151151e-01  3.442026e-03 -1.086884e-01 1.182502e-02
 1.161161e-01 -2.673276e-02 -1.079328e-01 1.236413e-02
 1.171171e-01 -5.621137e-02 -9.886053e-02 1.293312e-02
 1.181181e-01 -8.269581e-02 -8.181980e-02 1.353308e-02
 1.191191e-01 -1.040297e-01 -5.778414e-02 1.416119e-02
 1.201201e-01 -1.183698e-01 -2.830013e-02 1.481230e-02
 1.211211e-01 -1.243384e-01  4.610622e-03 1.548131e-02
 1.221221e-01 -1.211456e-01  3.858919e-02 1.616539e-02
 1.231231e-01 -1.086692e-01  7.110729e-02 1.686525e-02
 1.241241e-01 -8.748691e-02  9.965366e-02 1.758481e-02
 1.251251e-01 -5.885559e-02  1.219249e-01 1.832967e-02
 1.261261e-01 -2.463857e-02  1.360069e-01 1.910493e-02
 1.271271e-01  1.281538e-02  1.405316e-01 1.991336e-02
 1.281281e-01  5.083316e-02  1.347983e-01 2.075458e-02
 1.291291e-01  8.660752e-02  1.188476e-01 2.162561e-02
 1.301301e-01  1.174028e-01  9.348217e-02 2.252233e-02
 1.311311e-01  1.407609e-01  6.023091e-02 2.344141e-02
 1.321321e-01  1.546926e-01  2.125784e-02 2.438170e-02
 1.331331e-01  1.578386e-01 -2.077880e-02 2.534478e-02
 1.341341e-01  1.495887e-01 -6.290812e-02 2.633420e-02
 1.351351e-01  1.301487e-01 -1.020563e-01 2.735416e-02
 1.361361e-01  1.005485e-01 -1.352693e-01 2.840781e-02
 1.371371e-01  6.259067e-02 -1.599331e-01 2.949620e-02
 1.381381e-01  1.873984e-02 -1.739739e-01 3.061809e-02
 1.391391e-01 -2.803762e-02 -1.760242e-01 3.177064e-02
 1.401401e-01 -7.447532e-02 -1.655421e-01 3.295075e-02
 1.411411e-01 -1.172348e-01 -1.428718e-01 3.415636e-02
 1.421421e-01 -1.531442e-01 -1.092433e-01 3.538726e-02
 1.431431e-01 -1.794307e-01 -6.670611e-02 3.664506e-02
 1.441441e-01 -1.939287e-01 -1.800367e-02 3.793246e-02
 1.451451e-01 -1.952504e-01  3.360539e-02 3.925205e-02
 1.461461e-01 -1.829036e-01  8.456690e-02 4.060528e-02
 1.471471e-01 -1.573481e-01  1.312764e-01 4.199192e-02
 1.481481e-01 -1.199862e-01  1.703335e-01 4.341018e-02
 1.491491e-01 -7.308583e-02  1.987862e-01 4.485749e-02
 1.501502e-01 -1.964078e-02  2.143494e-01 4.633144e-02
 1.511512e-01  3.682272e-02  2.155800e-01 4.783066e-02
 1.521522e-01  9.248072e-02  2.019962e-01 4.935514e-02
 1.531532e-01  1.434717e-01  1.741317e-01 5.090595e-02
 1.541542e-01  1.861638e-01  1.335202e-01 5.248459e-02
 1.551552e-01  2.174114e-01  8.260970e-02 5.409209e-02
 1.561562e-01  2.347823e-01  2.461180e-02 5.572847e-02
 1.571572e-01  2.367389e-01 -3.670425e-02 5.739250e-02
 1.581582e-01  2.227614e-01 -9.725939e-02 5.908202e-02
 1.591592e-01  1.934026e-01 -1.529379e-01 6.079458e-02
 1.601602e-01  1.502701e-01 -1.998674e-01 6.252810e-02
 1.611612e-01  9.593604e-02 -2.346862e-01 6.428132e-02
 1.621622e-01  3.377950e-02 -2.547799e-01 6.605385e-02
 1.631632e-01 -3.222753e-02 -2.584710e-01 6.784587e-02
 1.641642e-01 -9.777800e-02 -2.451469e-01 6.965756e-02
 1.651652e-01 -1.585134e-01 -2.153185e-01 7.148856e-02
 1.661662e-01 -2.103144e-01 -1.706034e-01 7.333769e-02
 1.671672e-01 -2.495797e-01 -1.136349e-01 7.520294e-02
 1.681682e-01 -2.734725e-01 -4.790224e-02 7.708182e-02
 1.691692e-01 -2.801196e-01  2.246861e-02 7.897182e-02
 1.701702e-01 -2.687486e-01  9.297837e-02 8.087080e-02
 1.711712e-01 -2.397534e-01  1.590456e-01 8.277721e-02
 1.721722e-01 -1.946831e-01  2.163065e-01 8.468998e-02
 1.731732e-01 -1.361552e-01  2.609024e-01 8.660826e-02
 1.741742e-01 -6.769759e-02  2.897379e-01 8.853102e-02
 1.751752e-01  6.470114e-03  3.006906e-01 9.045672e-02
 1.761762e-01  8.170264e-02  2.927592e-01 9.238327e-02
 1.771772e-01  1.532243e-01  2.661398e-01 9.430808e-02
 1.781782e-01  2.164350e-01  2.222256e-01 9.622837e-02
 1.791792e-01  2.672073e-01  1.635289e-01 9.814142e-02
 1.801802e-01  3.021538e-01  9.353033e-02 1.000449e-01
 1.811812e-01  3.188503e-01  1.646575e-02 1.019366e-01
 1.821822e-01  3.159968e-01 -6.293697e-02 1.038150e-01
 1.831832e-01  2.935084e-01 -1.397535e-01 1.056782e-01
 1.841842e-01  2.525295e-01 -2.091724e-01 1.075242e-01
 1.851852e-01  1.953697e-01 -2.667985e-01 1.093508e-01
 1.861862e-01  1.253661e-01 -3.089312e-01 1.111551e-01
 1.871872e-01  4.668034e-02 -3.327992e-01 1.129344e-01
 1.881882e-01 -3.595610e-02 -3.367383e-01 1.146855e-01
 1.891892e-01 -1.175333e-01 -3.202994e-01 1.164057e-01
 1.901902e-01 -1.930716e-01 -2.842812e-01 1.180924e-01
 1.911912e-01 -2.579288e-01 -2.306858e-01 1.197432e-01
 1.921922e-01 -3.080868e-01 -1.625985e-01 1.213558e-01
 1.931932e-01 -3.403990e-01 -8.400221e-02 1.229278e-01
 1.941942e-01 -3.527843e-01  4.647961e-04 1.244569e-01
 1.951952e-01 -3.443552e-01  8.578971e-02 1.259404e-01
 1.961962e-01 -3.154731e-01  1.668893e-01 1.273753e-01
 1.971972e-01 -2.677265e-01  2.389170e-01 1.287588e-01
 1.981982e-01 -2.038352e-01  2.975555e-01 1.300881e-01
 1.991992e-01 -1.274862e-01  3.392752e-01 1.313604e-01
 2.002002e-01 -4.311133e-02  3.615447e-01 1.325732e-01
 2.012012e-01  4.437794e-02  3.629803e-01 1.337241e-01
 2.022022e-01  1.298844e-01  3.434253e-01 1.348109e-01
 2.032032e-01  2.084278e-01  3.039558e-01 1.358313e-01
 2.042042e-01  2.754383e-01  2.468129e-01 1.367829e-01
 2.052052e-01  3.270248e-01  1.752656e-01 1.376633e-01
 2.062062e-01  3.601995e-01  9.341466e-02 1.384700e-01
 2.072072e-01  3.730487e-01  5.947580e-03 1.392007e-01
 2.082082e-01  3.648376e-01 -8.213766e-02 1.398531e-01
 2.092092e-01  3.360461e-01 -1.658255e-01 1.404251e-01
 2.102102e-01  2.883320e-01 -2.403735e-01 1.409147e-01
 2.112112e-01  2.244266e-01 -3.015842e-01 1.413203e-01
 2.122122e-01  1.479684e-01 -3.460425e-01 1.416401e-01
 2.132132e-01  6.328647e-02 -3.713047e-01 1.418724e-01
 2.142142e-01 -2.485382e-02 -3.760291e-01 1.420156e-01
 2.152152e-01 -1.115271e-01 -3.600417e-01 1.420683e-01
 2.162162e-01 -1.919295e-01 -3.243330e-01 1.420289e-01
 2.172172e-01 -2.616498e-01 -2.709897e-01 1.418960e-01
 2.182182e-01 -3.169136e-01 -2.030625e-01 1.416686e-01
 2.192192e-01 -3.547879e-01 -1.243833e-01 1.413457e-01
 2.202202e-01 -3.733348e-01 -3.933881e-02 1.409264e-01
 2.212212e-01 -3.717056e-01  4.738231e-02 1.404102e-01
 2.222222e-01 -3.501728e-01  1.310554e-01 1.397965e-01
 2.232232e-01 -3.100970e-01  2.071833e-01 1.390851e-01
 2.242242e-01 -2.538346e-01  2.717419e-01 1.382756e-01
 2.252252e-01 -1.845906e-01  3.213946e-01 1.373681e-01
 2.262262e-01 -1.062271e-01  3.536644e-01 1.363627e-01
 2.272272e-01 -2.303948e-02  3.670541e-01 1.352595e-01
 2.282282e-01  6.048761e-02  3.611101e-01 1.340592e-01
 2.292292e-01  1.399286e-01  3.364260e-01 1.327625e-01
 2.302302e-01  2.111567e-01  2.945896e-01 1.313702e-01
 2.312312e-01  2.705622e-01  2.380749e-01 1.298835e-01
 2.322322e-01  3.152357e-01  1.700888e-01 1.283037e-01
 2.332332e-01  3.431099e-01  9.438151e-02 1.266323e-01
 2.342342e-01  3.530509e-01  1.503125e-02 1.248709e-01
 2.352352e-01  3.448957e-01 -6.378250e-02 1.230212e-01
 2.362362e-01  3.194368e-01 -1.380055e-01 1.210854e-01
 2.372372e-01  2.783548e-01 -2.039218e-01 1.190655e-01
 2.382382e-01  2.241045e-01 -2.583432e-01 1.169640e-01
 2.392392e-01  1.597629e-01 -2.987629e-01 1.147835e-01
 2.402402e-01  8.884811e-02 -3.234697e-01 1.125266e-01
 2.412412e-01  1.511987e-02 -3.316139e-01 1.101964e-01
 2.422422e-01 -5.762602e-02 -3.232261e-01 1.077959e-01
 2.432432e-01 -1.257589e-01 -2.991873e-01 1.053283e-01
 2.442442e-01 -1.859984e-01 -2.611547e-01 1.027972e-01
 2.452452e-01 -2.355748e-01 -2.114486e-01 1.002060e-01
 2.462462e-01 -2.723561e-01 -1.529077e-01 9.755860e-02
 2.472472e-01 -2.949361e-01 -8.872222e-02 9.485891e-02
 2.482482e-01 -3.026810e-01 -2.225446e-02 9.211107e-02
 2.492492e-01 -2.957332e-01  4.314288e-02 8.931942e-02
 2.502503e-01 -2.749724e-01  1.043006e-01 8.648842e-02
 2.512513e-01 -2.419407e-01  1.583902e-01 8.362275e-02
 2.522523e-01 -1.987345e-01  2.030561e-01 8.072721e-02
 2.532533e-01 -1.478722e-01  2.365176e-01 7.780678e-02
 2.542543e-01 -9.214455e-02  2.576353e-01 7.486658e-02
 2.552553e-01 -3.445808e-02  2.659407e-01 7.191184e-02
 2.562563e-01  2.232091e-02  2.616290e-01 6.894796e-02
 2.572573e-01  7.551273e-02  2.455163e-01 6.598041e-02
 2.582583e-01  1.227537e-01  2.189665e-01 6.301479e-02
 2.592593e-01  1.621023e-01  1.837923e-01 6.005677e-02
 2.602603e-01  1.921173e-01  1.421373e-01 5.711208e-02
 2.612613e-01  2.119053e-01  9.634640e-02 5.418648e-02
 2.622623e-01  2.211361e-01  4.883236e-02 5.128577e-02
 2.632633e-01  2.200272e-01  1.946206e-03 4.841576e-02
 2.642643e-01  2.092995e-01 -4.214219e-02 4.558225e-02
 2.652653e-01  1.901083e-01 -8.154680e-02 4.279104e-02
 2.662663e-01  1.639545e-01 -1.147467e-01 4.004790e-02
 2.672673e-01  1.325828e-01 -1.406427e-01 3.735856e-02
 2.682683e-01  9.787163e-02 -1.585871e-01 3.472874e-02
 2.692693e-01  6.172361e-02 -1.683873e-01 3.216410e-02
 2.702703e-01  2.596069e-02 -1.702831e-01 2.967028e-02
 2.712713e-01 -7.769100e-03 -1.649014e-01 2.725285e-02
 2.722723e-01 -3.806911e-02 -1.531930e-01 2.491734e-02
 2.732733e-01 -6.385212e-02 -1.363531e-01 2.266925e-02
 2.742743e-01 -8.437662e-02 -1.157350e-01 2.051401e-02
 2.752753e-01 -9.926069e-02 -9.275936e-02 1.845698e-02
 2.762763e-01 -1.084736e-01 -6.882562e-02 1.650348e-02
 2.772773e-01 -1.123070e-01 -4.523125e-02 1.465873e-02
 2.782783e-01 -1.113290e-01 -2.310223e-02 1.292785e-02
 2.792793e-01 -1.063236e-01 -3.339024e-03 1.131586e-02
 2.802803e-01 -9.822186e-02  1.341992e-02 9.827628e-03
 2.812813e-01 -8.802727e-02  2.681560e-02 8.467877e-03
 2.822823e-01 -7.674203e-02  3.676681e-02 7.241137e-03
 2.832833e-01 -6.529776e-02  4.345042e-02 6.151737e-03
 2.842843e-01 -5.449513e-02  4.726580e-02 5.203775e-03
 2.852853e-01 -4.495579e-02  4.878607e-02 4.401104e-03
 2.862863e-01 -3.708913e-02  4.870021e-02 3.747314e-03
 2.872873e-01 -3.107543e-02  4.774975e-02 3.245722e-03
 2.882883e-01 -2.686591e-02  4.666463e-02 2.899365e-03
 2.892893e-01 -2.419912e-02  4.610214e-02 2.711005e-03
 2.902903e-01 -2.263217e-02  4.659307e-02 2.683130e-03
 2.912913e-01 -2.158436e-02  4.849825e-02 2.817965e-03
 2.922923e-01 -2.039008e-02  5.197821e-02 3.117489e-03
 2.932933e-01 -1.835754e-02  5.697761e-02 3.583447e-03
 2.942943e-01 -1.482917e-02  6.322548e-02 4.217365e-03
 2.952953e-01 -9.240037e-03  7.025089e-02 5.020565e-03
 2.962963e-01 -1.170232e-03  7.741319e-02 5.994171e-03
 2.972973e-01  9.611828e-03  8.394475e-02 7.139109e-03
 2.982983e-01  2.311826e-02  8.900364e-02 8.456102e-03
 2.992993e-01  3.912460e-02  9.173284e-02 9.945649e-03
 3.003003e-01  5.716798e-02  9.132266e-02 1.160801e-02
 3.013013e-01  7.656095e-02  8.707212e-02 1.344313e-02
 3.023023e-01  9.642035e-02  7.844609e-02 1.545067e-02
 3.033033e-01  1.157096e-01  6.512415e-02 1.762987e-02
 3.043043e-01  1.332926e-01  4.703856e-02 1.997956e-02
 3.053053e-01  1.479958e-01  2.439855e-02 2.249806e-02
 3.063063e-01  1.586754e-01 -2.300508e-03 2.518318e-02
 3.073073e-01  1.642860e-01 -3.228415e-02 2.803216e-02
 3.083083e-01  1.639469e-01 -6.452186e-02 3.104167e-02
 3.093093e-01  1.570022e-01 -9.776552e-02 3.420779e-02
 3.103103e-01  1.430712e-01 -1.306013e-01 3.752606e-02
 3.113113e-01  1.220868e-01 -1.615127e-01 4.099154e-02
 3.123123e-01  9.431874e-02 -1.889519e-01 4.459884e-02
 3.133133e-01  6.038068e-02 -2.114154e-01 4.834229e-02
 3.143143e-01  2.122010e-02 -2.275208e-01 5.221601e-02
 3.153153e-01 -2.190886e-02 -2.360807e-01 5.621409e-02
 3.163163e-01 -6.748859e-02 -2.361694e-01 6.033068e-02
 3.173173e-01 -1.137956e-01 -2.271800e-01 6.456019e-02
 3.183183e-01 -1.589699e-01 -2.088682e-01 6.889736e-02
 3.193193e-01 -2.010934e-01 -1.813804e-01 7.333741e-02
 3.203203e-01 -2.382734e-01 -1.452646e-01 7.787603e-02
 3.213213e-01 -2.687278e-01 -1.014637e-01 8.250950e-02
 3.223223e-01 -2.908675e-01 -5.128999e-02 8.723456e-02
 3.233233e-01 -3.033732e-01  3.616741e-03 9.204838e-02
 3.243243e-01 -3.052619e-01  6.134773e-02 9.694837e-02
 3.253253e-01 -2.959406e-01  1.197963e-01 1.019320e-01
 3.263263e-01 -2.752446e-01  1.767399e-01 1.069966e-01
 3.273273e-01 -2.434581e-01  2.299285e-01 1.121390e-01
 3.283283e-01 -2.013162e-01  2.771767e-01 1.173552e-01
 3.293293e-01 -1.499885e-01  3.164547e-01 1.226401e-01
 3.303303e-01 -9.104341e-02  3.459748e-01 1.279875e-01
 3.313313e-01 -2.639588e-02  3.642700e-01 1.333894e-01
 3.323323e-01  4.176015e-02  3.702598e-01 1.388362e-01
 3.333333e-01  1.110319e-01  3.633022e-01 1.443166e-01
 3.343343e-01  1.789169e-01  3.432290e-01 1.498174e-01
 3.353353e-01  2.428983e-01  3.103618e-01 1.553240e-01
 3.363363e-01  3.005416e-01  2.655098e-01 1.608207e-01
 3.373373e-01  3.495896e-01  2.099474e-01 1.662908e-01
 3.383383e-01  3.880511e-01  1.453741e-01 1.717173e-01
 3.393393e-01  4.142810e-01  7.385694e-02 1.770836e-01
 3.403403e-01  4.270470e-01 -2.241224e-03 1.823741e-01
 3.413413e-01  4.255812e-01 -8.034601e-02 1.875748e-01
 3.423423e-01  4.096151e-01 -1.577640e-01 1.926740e-01
 3.433433e-01  3.793950e-01 -2.317805e-01 1.976628e-01
 3.443443e-01  3.356791e-01 -2.997588e-01 2.025357e-01
 3.453453e-01  2.797143e-01 -3.592365e-01 2.072909e-01
 3.463463e-01  2.131964e-01 -4.080164e-01 2.119301e-01
 3.473473e-01  1.382121e-01 -4.442477e-01 2.164586e-01
 3.483483e-01  5.716752e-02 -4.664941e-01 2.208848e-01
 3.493493e-01 -2.729519e-02 -4.737877e-01 2.252198e-01
 3.503504e-01 -1.123900e-01 -4.656656e-01 2.294760e-01
 3.513514e-01 -1.952840e-01 -4.421886e-01 2.336666e-01
 3.523524e-01 -2.731964e-01 -4.039407e-01 2.378044e-01
 3.533534e-01 -3.434946e-01 -3.520104e-01 2.418999e-01
 3.543544e-01 -4.037861e-01 -2.879540e-01 2.459607e-01
 3.553554e-01 -4.520001e-01 -2.137431e-01 2.499903e-01
 3.563564e-01 -4.864589e-01 -1.316972e-01 2.539864e-01
 3.573574e-01 -5.059342e-01 -4.440477e-02 2.579412e-01
 3.583584e-01 -5.096883e-01  4.536433e-02 2.618401e-01
 3.593594e-01 -4.974977e-01  1.347521e-01 2.656621e-01
 3.603604e-01 -4.696592e-01  2.209081e-01 2.693802e-01
 3.613614e-01 -4.269783e-01  3.010843e-01 2.729622e-01
 3.623624e-01 -3.707403e-01  3.727249e-01 2.763722e-01
 3.633634e-01 -3.026656e-01  4.335500e-01 2.795720e-01
 3.643644e-01 -2.248510e-01  4.816278e-01 2.825233e-01
 3.653654e-01 -1.396995e-01  5.154356e-01 2.851898e-01
 3.663664e-01 -4.983955e-02  5.339063e-01 2.875399e-01
 3.673674e-01  4.196065e-02  5.364584e-01 2.895483e-01
 3.683684e-01  1.328833e-01  5.230113e-01 2.911988e-01
 3.693694e-01  2.201511e-01  4.939826e-01 2.924853e-01
 3.703704e-01  3.011151e-01  4.502702e-01 2.934136e-01
 3.713714e-01  3.733368e-01  3.932189e-01 2.940014e-01
 3.723724e-01  4.346622e-01  3.245730e-01 2.942788e-01
 3.733734e-01  4.832859e-01  2.464172e-01 2.942868e-01
 3.743744e-01  5.178031e-01  1.611077e-01 2.940757e-01
 3.753754e-01  5.372472e-01  7.119531e-02 2.937033e-01
 3.763764e-01  5.411141e-01 -2.065504e-02 2.932311e-01
 3.773774e-01  5.293708e-01 -1.117481e-01 2.927211e-01
 3.783784e-01  5.024495e-01 -1.994404e-01 2.922319e-01
 3.793794e-01  4.612272e-01 -2.812199e-01 2.918152e-01
 3.803804e-01  4.069924e-01 -3.547794e-01 2.915112e-01
 3.813814e-01  3.413993e-01 -4.180823e-01 2.913463e-01
 3.823824e-01  2.664123e-01 -4.694188e-01 2.913295e-01
 3.833834e-01  1.842423e-01 -5.074507e-01 2.914514e-01
 3.843844e-01  9.727657e-02 -5.312440e-01 2.916830e-01
 3.853854e-01  8.005514e-03 -5.402889e-01 2.919762e-01
 3.863864e-01 -8.105220e-02 -5.345058e-01 2.922659e-01
 3.873874e-01 -1.674235e-01 -5.142393e-01 2.924727e-01
 3.883884e-01 -2.487514e-01 -4.802390e-01 2.925068e-01
 3.893894e-01 -3.228606e-01 -4.336294e-01 2.922734e-01
 3.903904e-01 -3.878153e-01 -3.758689e-01 2.916781e-01
 3.913914e-01 -4.419694e-01 -3.087011e-01 2.906333e-01
 3.923924e-01 -4.840064e-01 -2.340980e-01 2.890640e-01
 3.933934e-01 -5.129683e-01 -1.541991e-01 2.869139e-01
 3.943944e-01 -5.282743e-01 -7.124709e-02 2.841499e-01
 3.953954e-01 -5.297271e-01  1.247798e-02 2.807665e-01
 3.963964e-01 -5.175089e-01  9.472298e-02 2.767879e-01
 3.973974e-01 -4.921663e-01  1.733236e-01 2.722687e-01
 3.983984e-01 -4.545855e-01  2.462622e-01 2.672930e-01
 3.993994e-01 -4.059589e-01  3.117186e-01 2.619711e-01
 4.004004e-01 -3.477438e-01  3.681155e-01 2.564347e-01
 4.014014e-01 -2.816156e-01  4.141538e-01 2.508308e-01
 4.024024e-01 -2.094163e-01  4.488408e-01 2.453132e-01
 4.034034e-01 -1.330997e-01  4.715072e-01 2.400345e-01
 4.044044e-01 -5.467618e-02  4.818164e-01 2.351365e-01
 4.054054e-01  2.384253e-02  4.797631e-01 2.307411e-01
 4.064064e-01  1.004968e-01  4.656640e-01 2.269426e-01
 4.074074e-01  1.734289e-01  4.401387e-01 2.237996e-01
 4.084084e-01  2.409285e-01  4.040847e-01 2.213310e-01
 4.094094e-01  3.014720e-01  3.586450e-01 2.195116e-01
 4.104104e-01  3.537566e-01  3.051701e-01 2.182725e-01
 4.114114e-01  3.967254e-01  2.451769e-01 2.175028e-01
 4.124124e-01  4.295868e-01  1.803037e-01 2.170543e-01
 4.134134e-01  4.518249e-01  1.122642e-01 2.167490e-01
 4.144144e-01  4.632030e-01  4.280164e-02 2.163890e-01
 4.154154e-01  4.637588e-01 -2.635662e-02 2.157669e-01
 4.164164e-01  4.537942e-01 -9.354204e-02 2.146793e-01
 4.174174e-01  4.338567e-01 -1.571846e-01 2.129387e-01
 4.184184e-01  4.047170e-01 -2.158484e-01 2.103864e-01
 4.194194e-01  3.673407e-01 -2.682624e-01 2.069039e-01
 4.204204e-01  3.228567e-01 -3.133453e-01 2.024217e-01
 4.214214e-01  2.725228e-01 -3.502258e-01 1.969267e-01
 4.224224e-01  2.176894e-01 -3.782549e-01 1.904655e-01
 4.234234e-01  1.597629e-01 -3.970141e-01 1.831444e-01
 4.244244e-01  1.001683e-01 -4.063158e-01 1.751262e-01
 4.254254e-01  4.031450e-02 -4.061994e-01 1.666232e-01
 4.264264e-01 -1.843960e-02 -3.969209e-01 1.578862e-01
 4.274274e-01 -7.481562e-02 -3.789386e-01 1.491918e-01
 4.284284e-01 -1.276429e-01 -3.528940e-01 1.408269e-01
 4.294294e-01 -1.758819e-01 -3.195893e-01 1.330718e-01
 4.304304e-01 -2.186429e-01 -2.799624e-01 1.261836e-01
 4.314314e-01 -2.552006e-01 -2.350594e-01 1.203803e-01
 4.324324e-01 -2.850039e-01 -1.860063e-01 1.158256e-01
 4.334334e-01 -3.076804e-01 -1.339799e-01 1.126178e-01
 4.344344e-01 -3.230372e-01 -8.017912e-02 1.107817e-01
 4.354354e-01 -3.310571e-01 -2.579724e-02 1.102643e-01
 4.364364e-01 -3.318900e-01  2.800447e-02 1.109352e-01
 4.374374e-01 -3.258421e-01  8.012074e-02 1.125924e-01
 4.384384e-01 -3.133609e-01  1.295242e-01 1.149715e-01
 4.394394e-01 -2.950177e-01  1.752838e-01 1.177598e-01
 4.404404e-01 -2.714887e-01  2.165807e-01 1.206133e-01
 4.414414e-01 -2.435340e-01  2.527202e-01 1.231763e-01
 4.424424e-01 -2.119759e-01  2.831408e-01 1.251025e-01
 4.434434e-01 -1.776769e-01  3.074195e-01 1.260758e-01
 4.444444e-01 -1.415180e-01  3.252734e-01 1.258302e-01
 4.454454e-01 -1.043777e-01  3.365593e-01 1.241669e-01
 4.464464e-01 -6.711156e-02  3.412692e-01 1.209686e-01
 4.474474e-01 -3.053465e-02  3.395233e-01 1.162084e-01
 4.484484e-01  4.595564e-03  3.315614e-01 1.099541e-01
 4.494494e-01  3.759306e-02  3.177316e-01 1.023666e-01
 4.504505e-01  6.785544e-02  2.984776e-01 9.369322e-02
 4.514515e-01  9.487304e-02  2.743249e-01 8.425505e-02
 4.524525e-01  1.182359e-01  2.458662e-01 7.442995e-02
 4.534535e-01  1.376379e-01  2.137462e-01 6.463162e-02
 4.544545e-01  1.528782e-01  1.786463e-01 5.528623e-02
 4.554555e-01  1.638606e-01  1.412698e-01 4.680745e-02
 4.564565e-01  1.705905e-01  1.023280e-01 3.957212e-02
 4.574575e-01  1.731694e-01  6.252573e-02 3.389710e-02
 4.584585e-01  1.717883e-01  2.255007e-02 3.001972e-02
 4.594595e-01  1.667184e-01 -1.694169e-02 2.808205e-02
 4.604605e-01  1.583019e-01 -5.533124e-02 2.812103e-02
 4.614615e-01  1.469399e-01 -9.204789e-02 3.006415e-02
 4.624625e-01  1.330818e-01 -1.265750e-01 3.373198e-02
 4.634635e-01  1.172119e-01 -1.584553e-01 3.884669e-02
 4.644645e-01  9.983765e-02 -1.872945e-01 4.504677e-02
 4.654655e-01  8.147698e-02 -2.127635e-01 5.190681e-02
 4.664665e-01  6.264645e-02 -2.345992e-01 5.896136e-02
 4.674675e-01  4.384933e-02 -2.526039e-01 6.573149e-02
 4.684685e-01  2.556552e-02 -2.666438e-01 7.175251e-02
 4.694695e-01  8.241058e-03 -2.766465e-01 7.660121e-02
 4.704705e-01 -7.719815e-03 -2.825976e-01 7.992099e-02
 4.714715e-01 -2.196292e-02 -2.845365e-01 8.144341e-02
 4.724725e-01 -3.418943e-02 -2.825523e-01 8.100474e-02
 4.734735e-01 -4.416160e-02 -2.767785e-01 7.855656e-02
 4.744745e-01 -5.170514e-02 -2.673882e-01 7.416986e-02
 4.754755e-01 -5.671232e-02 -2.545890e-01 6.803186e-02
 4.764765e-01 -5.914125e-02 -2.386186e-01 6.043650e-02
 4.774775e-01 -5.901665e-02 -2.197385e-01 5.176798e-02
 4.784785e-01 -5.642594e-02 -1.982319e-01 4.247979e-02
 4.794795e-01 -5.151821e-02 -1.743967e-01 3.306835e-02
 4.804805e-01 -4.449699e-02 -1.485452e-01 2.404566e-02
 4.814815e-01 -3.561859e-02 -1.209961e-01 1.590874e-02
 4.824825e-01 -2.518045e-02 -9.207868e-02 9.112539e-03
 4.834835e-01 -1.352277e-02 -6.211893e-02 4.041627e-03
 4.844845e-01 -1.002930e-03 -3.145830e-02 9.906305e-04
 4.854855e-01  1.192560e-02 -4.037585e-04 1.423829e-04
 4.864865e-01  2.432728e-02  3.055665e-02 1.525525e-03
 4.874875e-01  3.517709e-02  5.972631e-02 4.804660e-03
 4.884885e-01  4.355519e-02  8.531792e-02 9.176202e-03
 4.894895e-01  4.870921e-02  1.057880e-01 1.356368e-02
 4.904905e-01  5.012387e-02  1.198836e-01 1.688448e-02
 4.914915e-01  4.756036e-02  1.267358e-01 1.832396e-02
 4.924925e-01  4.108528e-02  1.259020e-01 1.753932e-02
 4.934935e-01  3.106912e-02  1.173982e-01 1.474763e-02
 4.944945e-01  1.816874e-02  1.016975e-01 1.067249e-02
 4.954955e-01  3.281571e-03  7.970491e-02 6.363641e-03
 4.964965e-01 -1.251308e-02  5.270712e-02 2.934617e-03
 4.974975e-01 -2.803381e-02  2.229703e-02 1.283052e-03
 4.984985e-01 -4.208004e-02 -9.714906e-03 1.865109e-03
 4.994995e-01 -5.352509e-02 -4.141000e-02 4.579723e-03
 5.005005e-01 -6.139893e-02 -7.086849e-02 8.792171e-03
 5.015015e-01 -6.496915e-02 -9.628935e-02 1.349263e-02
 5.025025e-01 -6.379818e-02 -1.160906e-01 1.754723e-02
 5.035035e-01 -5.778965e-02 -1.290143e-01 1.998433e-02
 5.045045e-01 -4.720043e-02 -1.341946e-01 2.023608e-02
 5.055055e-01 -3.263920e-02 -1.312269e-01 1.828581e-02
 5.065065e-01 -1.502546e-02 -1.201827e-01 1.466966e-02
 5.075075e-01  4.459133e-03 -1.016311e-01 1.034876e-02
 5.085085e-01  2.445919e-02 -7.658940e-02 6.464188e-03
 5.095095e-01  4.352561e-02 -4.649774e-02 4.056519e-03
 5.105105e-01  6.023441e-02 -1.310439e-02 3.799909e-03
 5.115115e-01  7.326905e-02  2.158712e-02 5.834357e-03
 5.125125e-01  8.154913e-02  5.549810e-02 9.730300e-03
 5.135135e-01  8.427250e-02  8.650313e-02 1.458464e-02
 5.145145e-01  8.105342e-02  1.127136e-01 1.927400e-02
 5.155155e-01  7.182615e-02  1.322860e-01 2.265859e-02
 5.165165e-01  5.739442e-02  1.448004e-01 2.426126e-02
 5.175175e-01  4.070199e-02  1.550078e-01 2.568408e-02
 5.185185e-01  2.234219e-02  1.634715e-01 2.722210e-02
 5.195195e-01  2.433087e-03  1.697745e-01 2.882931e-02
 5.205205e-01 -1.876283e-02  1.737216e-01 3.053122e-02
 5.215215e-01 -4.098944e-02  1.750434e-01 3.232031e-02
 5.225225e-01 -6.392348e-02  1.735564e-01 3.420804e-02
 5.235235e-01 -8.722298e-02  1.690753e-01 3.619429e-02
 5.245245e-01 -1.104998e-01  1.614825e-01 3.828681e-02
 5.255255e-01 -1.333469e-01  1.506883e-01 4.048836e-02
 5.265265e-01 -1.553264e-01  1.366713e-01 4.280533e-02
 5.275275e-01 -1.759898e-01  1.194556e-01 4.524205e-02
 5.285285e-01 -1.948748e-01  9.913716e-02 4.780436e-02
 5.295295e-01 -2.115220e-01  7.586897e-02 5.049766e-02
 5.305305e-01 -2.254768e-01  4.987837e-02 5.332763e-02
 5.315315e-01 -2.363051e-01  2.145505e-02 5.630044e-02
 5.325325e-01 -2.435984e-01 -9.038065e-03 5.942186e-02
 5.335335e-01 -2.469882e-01 -4.117639e-02 6.269868e-02
 5.345345e-01 -2.461531e-01 -7.446842e-02 6.613690e-02
 5.355355e-01 -2.408322e-01 -1.083683e-01 6.974382e-02
 5.365365e-01 -2.308320e-01 -1.422756e-01 7.352576e-02
 5.375375e-01 -2.160389e-01 -1.755496e-01 7.749048e-02
 5.385385e-01 -1.964246e-01 -2.075140e-01 8.164467e-02
 5.395395e-01 -1.720561e-01 -2.374726e-01 8.599651e-02
 5.405405e-01 -1.430992e-01 -2.647183e-01 9.055313e-02
 5.415415e-01 -1.098247e-01 -2.885509e-01 9.532308e-02
 5.425425e-01 -7.260909e-02 -3.082886e-01 1.003139e-01
 5.435435e-01 -3.193581e-02 -3.232874e-01 1.055346e-01
 5.445445e-01  1.160809e-02 -3.329541e-01 1.109932e-01
 5.455455e-01  5.733541e-02 -3.367663e-01 1.166989e-01
 5.465465e-01  1.044675e-01 -3.342855e-01 1.226603e-01
 5.475475e-01  1.521429e-01 -3.251759e-01 1.288868e-01
 5.485485e-01  1.994311e-01 -3.092166e-01 1.353877e-01
 5.495495e-01  2.453469e-01 -2.863172e-01 1.421726e-01
 5.505506e-01  2.888687e-01 -2.565270e-01 1.492512e-01
 5.515516e-01  3.289577e-01 -2.200463e-01 1.566336e-01
 5.525526e-01  3.645804e-01 -1.772309e-01 1.643297e-01
 5.535536e-01  3.947311e-01 -1.285970e-01 1.723498e-01
 5.545546e-01  4.184575e-01 -7.481953e-02 1.807046e-01
 5.555556e-01  4.348847e-01 -1.672974e-02 1.894046e-01
 5.565566e-01  4.432415e-01  4.469405e-02 1.984606e-01
 5.575576e-01  4.428845e-01  1.083369e-01 2.078835e-01
 5.585586e-01  4.333218e-01  1.729647e-01 2.176846e-01
 5.595596e-01  4.142350e-01  2.372428e-01 2.278748e-01
 5.605606e-01  3.854985e-01  2.997610e-01 2.384658e-01
 5.615616e-01  3.471951e-01  3.590603e-01 2.494687e-01
 5.625626e-01  2.996289e-01  4.136642e-01 2.608955e-01
 5.635636e-01  2.433323e-01  4.621113e-01 2.727575e-01
 5.645646e-01  1.790700e-01  5.029918e-01 2.850668e-01
 5.655656e-01  1.078350e-01  5.349828e-01 2.978350e-01
 5.665666e-01  3.084135e-02  5.568868e-01 3.110741e-01
 5.675676e-01 -5.049120e-02  5.676677e-01 3.247960e-01
 5.685686e-01 -1.345570e-01  5.664867e-01 3.390127e-01
 5.695696e-01 -2.195919e-01  5.527347e-01 3.537363e-01
 5.705706e-01 -3.037048e-01  5.260628e-01 3.689787e-01
 5.715716e-01 -3.849166e-01  4.864064e-01 3.847519e-01
 5.725726e-01 -4.612017e-01  4.340058e-01 4.010681e-01
 5.735736e-01 -5.305362e-01  3.694187e-01 4.179389e-01
 5.745746e-01 -5.909467e-01  2.935276e-01 4.353764e-01
 5.755756e-01 -6.405630e-01  2.075366e-01 4.533924e-01
 5.765766e-01 -6.776710e-01  1.129629e-01 4.719986e-01
 5.775776e-01 -7.007651e-01  1.161708e-02 4.912066e-01
 5.785786e-01 -7.085986e-01 -9.442401e-02 5.110279e-01
 5.795796e-01 -7.002315e-01 -2.028538e-01 5.314738e-01
 5.805806e-01 -6.750720e-01 -3.111803e-01 5.525554e-01
 5.815816e-01 -6.329133e-01 -4.167789e-01 5.742839e-01
 5.825826e-01 -5.739608e-01 -5.169514e-01 5.966698e-01
 5.835836e-01 -4.988523e-01 -6.089911e-01 6.197238e-01
 5.845846e-01 -4.086656e-01 -6.902525e-01 6.434561e-01
 5.855856e-01 -3.049172e-01 -7.582231e-01 6.678768e-01
 5.865866e-01 -1.895476e-01 -8.105968e-01 6.929955e-01
 5.875876e-01 -6.489469e-02 -8.453464e-01 7.188219e-01
 5.885886e-01  6.634489e-02 -8.607921e-01 7.453647e-01
 5.895896e-01  2.011667e-01 -8.556663e-01 7.726328e-01
 5.905906e-01  3.363214e-01 -8.291698e-01 8.006346e-01
 5.915916e-01  4.683871e-01 -7.810195e-01 8.293780e-01
 5.925926e-01  5.938520e-01 -7.114845e-01 8.588704e-01
 5.935936e-01  7.092037e-01 -6.214089e-01 8.891190e-01
 5.945946e-01  8.110243e-01 -5.122205e-01 9.201303e-01
 5.955956e-01  8.960878e-01 -3.859237e-01 9.519104e-01
 5.965966e-01  9.614589e-01 -2.450754e-01 9.844651e-01
 5.975976e-01  1.004588e+00 -9.274478e-02 1.017799e+00
 5.985986e-01  1.023404e+00  6.754430e-02 1.051917e+00
 5.995996e-01  1.016392e+00  2.318866e-01 1.086824e+00
 6.006006e-01  9.826690e-01  3.960842e-01 1.122521e+00
 6.016016e-01  9.220393e-01  5.557482e-01 1.159012e+00
 6.026026e-01  8.350342e-01  7.064120e-01 1.196300e+00
 6.036036e-01  7.229353e-01  8.436526e-01 1.234385e+00
 6.046046e-01  5.877756e-01  9.632178e-01 1.273269e+00
 6.056056e-01  4.323195e-01  1.061155e+00 1.312950e+00
 6.066066e-01  2.600203e-01  1.133940e+00 1.353430e+00
 6.076076e-01  7.495568e-02  1.178595e+00 1.394706e+00
 6.086086e-01 -1.182593e-01  1.192808e+00 1.436776e+00
 6.096096e-01 -3.145792e-01  1.175022e+00 1.479637e+00
 6.106106e-01 -5.086534e-01  1.124526e+00 1.523286e+00
 6.116116e-01 -6.949674e-01  1.041508e+00 1.567718e+00
 6.126126e-01 -8.679964e-01  9.270979e-01 1.612928e+00
 6.136136e-01 -1.022366e+00  7.833755e-01 1.658910e+00
 6.146146e-01 -1.153020e+00  6.133538e-01 1.705657e+00
 6.156156e-01 -1.255379e+00  4.209329e-01 1.753162e+00
 6.166166e-01 -1.325506e+00  2.108252e-01 1.801415e+00
 6.176176e-01 -1.360248e+00 -1.154901e-02 1.850407e+00
 6.186186e-01 -1.357364e+00 -2.401917e-01 1.900128e+00
 6.196196e-01 -1.315638e+00 -4.686821e-01 1.950567e+00
 6.206206e-01 -1.234960e+00 -6.903516e-01 2.001711e+00
 6.216216e-01 -1.116374e+00 -8.984757e-01 2.053549e+00
 6.226226e-01 -9.620991e-01 -1.086476e+00 2.106065e+00
 6.236236e-01 -7.755136e-01 -1.248128e+00 2.159246e+00
 6.246246e-01 -5.610977e-01 -1.377768e+00 2.213075e+00
 6.256256e-01 -3.243435e-01 -1.470489e+00 2.267537e+00
 6.266266e-01 -7.162707e-02 -1.522328e+00 2.322613e+00
 6.276276e-01  1.899530e-01 -1.530426e+00 2.378287e+00
 6.286286e-01  4.527678e-01 -1.493164e+00 2.434537e+00
 6.296296e-01  7.088755e-01 -1.410263e+00 2.491346e+00
 6.306306e-01  9.502585e-01 -1.282848e+00 2.548691e+00
 6.316316e-01  1.169075e+00 -1.113470e+00 2.606552e+00
 6.326326e-01  1.357912e+00 -9.060793e-01 2.664905e+00
 6.336336e-01  1.510044e+00 -6.659547e-01 2.723728e+00
 6.346346e-01  1.619668e+00 -3.995888e-01 2.782995e+00
 6.356356e-01  1.682132e+00 -1.145240e-01 2.842683e+00
 6.366366e-01  1.694125e+00  1.808494e-01 2.902765e+00
 6.376376e-01  1.653837e+00  4.775337e-01 2.963215e+00
 6.386386e-01  1.561075e+00  7.661934e-01 3.024006e+00
 6.396396e-01  1.417326e+00  1.037447e+00 3.085110e+00
 6.406406e-01  1.225775e+00  1.282175e+00 3.146497e+00
 6.416416e-01  9.912585e-01  1.491826e+00 3.208139e+00
 6.426426e-01  7.201662e-01  1.658724e+00 3.270005e+00
 6.436436e-01  4.202833e-01  1.776352e+00 3.332064e+00
 6.446446e-01  1.005815e-01  1.839611e+00 3.394286e+00
 6.456456e-01 -2.290399e-01  1.845042e+00 3.456638e+00
 6.466466e-01 -5.580543e-01  1.790995e+00 3.519088e+00
 6.476476e-01 -8.756415e-01  1.677753e+00 3.581602e+00
 6.486486e-01 -1.171044e+00  1.507582e+00 3.644148e+00
 6.496496e-01 -1.433934e+00  1.284727e+00 3.706690e+00
 6.506507e-01 -1.654782e+00  1.015328e+00 3.769195e+00
 6.516517e-01 -1.825209e+00  7.072755e-01 3.831628e+00
 6.526527e-01 -1.938313e+00  3.699943e-01 3.893952e+00
 6.536537e-01 -1.988953e+00  1.416926e-02 3.956133e+00
 6.546547e-01 -1.973987e+00 -3.485859e-01 4.018135e+00
 6.556557e-01 -1.892443e+00 -7.061032e-01 4.079921e+00
 6.566567e-01 -1.745622e+00 -1.046069e+00 4.141455e+00
 6.576577e-01 -1.537122e+00 -1.356450e+00 4.202699e+00
 6.586587e-01 -1.272782e+00 -1.625929e+00 4.263618e+00
 6.596597e-01 -9.605453e-01 -1.844323e+00 4.324174e+00
 6.606607e-01 -6.102377e-01 -2.002983e+00 4.384330e+00
 6.616617e-01 -2.332752e-01 -2.095145e+00 4.444049e+00
 6.626627e-01  1.576983e-01 -2.116229e+00 4.503293e+00
 6.636637e-01  5.492299e-01 -2.064067e+00 4.562025e+00
 6.646647e-01  9.275195e-01 -1.939051e+00 4.620209e+00
 6.656657e-01  1.278910e+00 -1.744189e+00 4.677808e+00
 6.666667e-01  1.590388e+00 -1.485075e+00 4.734783e+00
 6.676677e-01  1.850077e+00 -1.169750e+00 4.791100e+00
 6.686687e-01  2.047702e+00 -8.084784e-01 4.846721e+00
 6.696697e-01  2.175014e+00 -4.134303e-01 4.901609e+00
 6.706707e-01  2.226146e+00  1.717288e-03 4.955730e+00
 6.716717e-01  2.197898e+00  4.222473e-01 5.009048e+00
 6.726727e-01  2.089920e+00  8.329234e-01 5.061527e+00
 6.736737e-01  1.904804e+00  1.218545e+00 5.113133e+00
 6.746747e-01  1.648061e+00  1.564521e+00 5.163830e+00
 6.756757e-01  1.327984e+00  1.857430e+00 5.213587e+00
 6.766767e-01  9.554085e-01  2.085561e+00 5.262368e+00
 6.776777e-01  5.433614e-01  2.239397e+00 5.310142e+00
 6.786787e-01  1.066187e-01  2.312036e+00 5.356877e+00
 6.796797e-01 -3.388178e-01  2.299509e+00 5.402540e+00
 6.806807e-01 -7.763052e-01  2.201012e+00 5.447101e+00
 6.816817e-01 -1.189186e+00  2.019002e+00 5.490531e+00
 6.826827e-01 -1.561432e+00  1.759184e+00 5.532798e+00
 6.836837e-01 -1.878282e+00  1.430361e+00 5.573876e+00
 6.846847e-01 -2.126845e+00  1.044159e+00 5.613736e+00
 6.856857e-01 -2.296643e+00  6.146389e-01 5.652352e+00
 6.866867e-01 -2.380084e+00  1.577926e-01 5.689696e+00
 6.876877e-01 -2.372812e+00 -3.090423e-01 5.725745e+00
 6.886887e-01 -2.273960e+00 -7.678415e-01 5.760473e+00
 6.896897e-01 -2.086248e+00 -1.200595e+00 5.793858e+00
 6.906907e-01 -1.815954e+00 -1.590027e+00 5.825877e+00
 6.916917e-01 -1.472736e+00 -1.920301e+00 5.856508e+00
 6.926927e-01 -1.069309e+00 -2.177685e+00 5.885732e+00
 6.936937e-01 -6.209906e-01 -2.351149e+00 5.913530e+00
 6.946947e-01 -1.451389e-01 -2.432862e+00 5.939882e+00
 6.956957e-01  3.395204e-01 -2.418573e+00 5.964772e+00
 6.966967e-01  8.136296e-01 -2.307854e+00 5.988183e+00
 6.976977e-01  1.257980e+00 -2.104184e+00 6.010102e+00
 6.986987e-01  1.654304e+00 -1.814880e+00 6.030513e+00
 6.996997e-01  1.986048e+00 -1.450868e+00 6.049405e+00
 7.007007e-01  2.239084e+00 -1.026289e+00 6.066766e+00
 7.017017e-01  2.402344e+00 -5.579685e-01 6.082584e+00
 7.027027e-01  2.468331e+00 -6.476337e-02 6.096853e+00
 7.037037e-01  2.433496e+00  4.331964e-01 6.109562e+00
 7.047047e-01  2.298450e+00  9.153321e-01 6.120706e+00
 7.057057e-01  2.068008e+00  1.361477e+00 6.130279e+00
 7.067067e-01  1.751052e+00  1.752738e+00 6.138276e+00
 7.077077e-01  1.360217e+00  2.072319e+00 6.144694e+00
 7.087087e-01  9.114083e-01  2.306267e+00 6.149531e+00
 7.097097e-01  4.231740e-01  2.444117e+00 6.152787e+00
 7.107107e-01 -8.405714e-02  2.479394e+00 6.154460e+00
 7.117117e-01 -5.888281e-01  2.409945e+00 6.154554e+00
 7.127127e-01 -1.069568e+00  2.238101e+00 6.153071e+00
 7.137137e-01 -1.505530e+00  1.970633e+00 6.150014e+00
 7.147147e-01 -1.877705e+00  1.618521e+00 6.145389e+00
 7.157157e-01 -2.169681e+00  1.196531e+00 6.139202e+00
 7.167167e-01 -2.368395e+00  7.226102e-01 6.131459e+00
 7.177177e-01 -2.464756e+00  2.171418e-01 6.122171e+00
 7.187187e-01 -2.454095e+00 -2.979293e-01 6.111345e+00
 7.197197e-01 -2.336431e+00 -8.000524e-01 6.098993e+00
 7.207207e-01 -2.116521e+00 -1.267069e+00 6.085127e+00
 7.217217e-01 -1.803709e+00 -1.678211e+00 6.069759e+00
 7.227227e-01 -1.411554e+00 -2.015048e+00 6.052903e+00
 7.237237e-01 -9.572683e-01 -2.262347e+00 6.034575e+00
 7.247247e-01 -4.609786e-01 -2.408794e+00 6.014790e+00
 7.257257e-01  5.515822e-02 -2.447554e+00 5.993564e+00
 7.267267e-01  5.679442e-01 -2.376627e+00 5.970917e+00
 7.277277e-01  1.054191e+00 -2.198988e+00 5.946866e+00
 7.287287e-01  1.491786e+00 -1.922500e+00 5.921432e+00
 7.297297e-01  1.860721e+00 -1.559600e+00 5.894634e+00
 7.307307e-01  2.144038e+00 -1.126764e+00 5.866495e+00
 7.317317e-01  2.328644e+00 -6.437799e-01 5.837037e+00
 7.327327e-01  2.405958e+00 -1.328534e-01 5.806283e+00
 7.337337e-01  2.372345e+00  3.824095e-01 5.774257e+00
 7.347347e-01  2.229333e+00  8.780996e-01 5.740983e+00
 7.357357e-01  1.983579e+00  1.331128e+00 5.706487e+00
 7.367367e-01  1.646595e+00  1.720325e+00 5.670795e+00
 7.377377e-01  1.234238e+00  2.027459e+00 5.633934e+00
 7.387387e-01  7.659847e-01  2.238124e+00 5.595931e+00
 7.397397e-01  2.640254e-01  2.342457e+00 5.556814e+00
 7.407407e-01 -2.477808e-01  2.335640e+00 5.516611e+00
 7.417417e-01 -7.450456e-01  2.218166e+00 5.475352e+00
 7.427427e-01 -1.204026e+00  1.995842e+00 5.433066e+00
 7.437437e-01 -1.602780e+00  1.679547e+00 5.389783e+00
 7.447447e-01 -1.922244e+00  1.284722e+00 5.345534e+00
 7.457457e-01 -2.147178e+00  8.306468e-01 5.300349e+00
 7.467467e-01 -2.266935e+00  3.395095e-01 5.254259e+00
 7.477477e-01 -2.276001e+00 -1.646678e-01 5.207297e+00
 7.487487e-01 -2.174298e+00 -6.572082e-01 5.159494e+00
 7.497497e-01 -1.967203e+00 -1.113999e+00 5.110882e+00
 7.507508e-01 -1.665308e+00 -1.512694e+00 5.061493e+00
 7.517518e-01 -1.283907e+00 -1.833833e+00 5.011361e+00
 7.527528e-01 -8.422504e-01 -2.061827e+00 4.960517e+00
 7.537538e-01 -3.625859e-01 -2.185755e+00 4.908994e+00
 7.547548e-01  1.309516e-01 -2.199927e+00 4.856825e+00
 7.557558e-01  6.135574e-01 -2.104184e+00 4.804044e+00
 7.567568e-01  1.061015e+00 -1.903925e+00 4.750684e+00
 7.577578e-01  1.450931e+00 -1.609837e+00 4.696776e+00
 7.587588e-01  1.763885e+00 -1.237362e+00 4.642355e+00
 7.597598e-01  1.984429e+00 -8.059122e-01 4.587454e+00
 7.607608e-01  2.101891e+00 -3.378736e-01 4.532104e+00
 7.617618e-01  2.110929e+00  1.425459e-01 4.476339e+00
 7.627628e-01  2.011814e+00  6.105718e-01 4.420192e+00
 7.637638e-01  1.810419e+00  1.042151e+00 4.363695e+00
 7.647648e-01  1.517913e+00  1.415210e+00 4.306879e+00
 7.657658e-01  1.150178e+00  1.710809e+00 4.249778e+00
 7.667668e-01  7.269694e-01  1.914141e+00 4.192422e+00
 7.677678e-01  2.708737e-01  2.015309e+00 4.134843e+00
 7.687688e-01 -1.938899e-01  2.009846e+00 4.077073e+00
 7.697698e-01 -6.427593e-01  1.898948e+00 4.019142e+00
 7.707708e-01 -1.052139e+00  1.689403e+00 3.961080e+00
 7.717718e-01 -1.400661e+00  1.393221e+00 3.902918e+00
 7.727728e-01 -1.670330e+00  1.026976e+00 3.844684e+00
 7.737738e-01 -1.847485e+00  6.109065e-01 3.786409e+00
 7.747748e-01 -1.923528e+00  1.678106e-01 3.728121e+00
 7.757758e-01 -1.895378e+00 -2.781950e-01 3.669848e+00
 7.767768e-01 -1.765621e+00 -7.029937e-01 3.611619e+00
 7.777778e-01 -1.542358e+00 -1.083786e+00 3.553460e+00
 7.787788e-01 -1.238734e+00 -1.400335e+00 3.495399e+00
 7.797798e-01 -8.722024e-01 -1.636070e+00 3.437461e+00
 7.807808e-01 -4.635431e-01 -1.778989e+00 3.379673e+00
 7.817818e-01 -3.569834e-02 -1.822302e+00 3.322060e+00
 7.827828e-01  3.875119e-01 -1.764789e+00 3.264645e+00
 7.837838e-01  7.827226e-01 -1.610838e+00 3.207454e+00
 7.847848e-01  1.128328e+00 -1.370177e+00 3.150509e+00
 7.857858e-01  1.405688e+00 -1.057296e+00 3.093833e+00
 7.867868e-01  1.600159e+00 -6.906080e-01 3.037449e+00
 7.877878e-01  1.701903e+00 -2.913858e-01 2.981379e+00
 7.887888e-01  1.706413e+00  1.174635e-01 2.925642e+00
 7.897898e-01  1.614741e+00  5.127107e-01 2.870261e+00
 7.907908e-01  1.433400e+00  8.721336e-01 2.815253e+00
 7.917918e-01  1.173955e+00  1.175784e+00 2.760638e+00
 7.927928e-01  8.523226e-01  1.407118e+00 2.706434e+00
 7.937938e-01  4.878220e-01  1.553927e+00 2.652659e+00
 7.947948e-01  1.020316e-01  1.609012e+00 2.599329e+00
 7.957958e-01 -2.824818e-01  1.570562e+00 2.546462e+00
 7.967968e-01 -6.434860e-01  1.442220e+00 2.494073e+00
 7.977978e-01 -9.603805e-01  1.232821e+00 2.442177e+00
 7.987988e-01 -1.215391e+00  9.558313e-01 2.390789e+00
 7.997998e-01 -1.394592e+00  6.285187e-01 2.339922e+00
 8.008008e-01 -1.488692e+00  2.708941e-01 2.289589e+00
 8.018018e-01 -1.493547e+00 -9.549687e-02 2.239802e+00
 8.028028e-01 -1.410350e+00 -4.488703e-01 2.190572e+00
 8.038038e-01 -1.245516e+00 -7.685055e-01 2.141911e+00
 8.048048e-01 -1.010240e+00 -1.035974e+00 2.093828e+00
 8.058058e-01 -7.197806e-01 -1.236225e+00 2.046335e+00
 8.068068e-01 -3.924931e-01 -1.358451e+00 1.999440e+00
 8.078078e-01 -4.869095e-02 -1.396704e+00 1.953153e+00
 8.088088e-01  2.906097e-01 -1.350195e+00 1.907480e+00
 8.098098e-01  6.049764e-01 -1.223288e+00 1.862429e+00
 8.108108e-01  8.758007e-01 -1.025173e+00 1.818006e+00
 8.118118e-01  1.087417e+00 -7.692473e-01 1.774217e+00
 8.128128e-01  1.228029e+00 -4.722409e-01 1.731066e+00
 8.138138e-01  1.290390e+00 -1.531441e-01 1.688559e+00
 8.148148e-01  1.272194e+00  1.679949e-01 1.646701e+00
 8.158158e-01  1.176157e+00  4.713277e-01 1.605495e+00
 8.168168e-01  1.009778e+00  7.384393e-01 1.564945e+00
 8.178178e-01  7.848136e-01  9.534785e-01 1.525054e+00
 8.188188e-01  5.164779e-01  1.104117e+00 1.485823e+00
 8.198198e-01  2.224412e-01  1.182275e+00 1.447255e+00
 8.208208e-01 -7.831934e-02  1.184574e+00 1.409349e+00
 8.218218e-01 -3.667400e-01  1.112478e+00 1.372105e+00
 8.228228e-01 -6.248813e-01  9.721347e-01 1.335523e+00
 8.238238e-01 -8.370542e-01  7.739138e-01 1.299602e+00
 8.248248e-01 -9.907882e-01  5.316789e-01 1.264344e+00
 8.258258e-01 -1.077582e+00  2.618468e-01 1.229746e+00
 8.268268e-01 -1.093387e+00 -1.770832e-02 1.195809e+00
 8.278278e-01 -1.038801e+00 -2.888310e-01 1.162530e+00
 8.288288e-01 -9.189492e-01 -5.342642e-01 1.129906e+00
 8.298298e-01 -7.430845e-01 -7.387548e-01 1.097933e+00
 8.308308e-01 -5.239104e-01 -8.900143e-01 1.066608e+00
 8.318318e-01 -2.766959e-01 -9.794711e-01 1.035924e+00
 8.328328e-01 -1.822965e-02 -1.002770e+00 1.005880e+00
 8.338338e-01  2.343102e-01 -9.599834e-01 9.764695e-01
 8.348348e-01  4.644962e-01 -8.555313e-01 9.476905e-01
 8.358358e-01  6.577249e-01 -6.978086e-01 9.195389e-01
 8.368368e-01  8.021541e-01 -4.985569e-01 8.920102e-01
 8.378378e-01  8.894399e-01 -2.720208e-01 8.650987e-01
 8.388388e-01  9.152296e-01 -3.394979e-02 8.387979e-01
 8.398398e-01  8.793778e-01  1.994863e-01 8.131001e-01
 8.408408e-01  7.858755e-01  4.127920e-01 7.879976e-01
 8.418418e-01  6.425011e-01  5.921784e-01 7.634830e-01
 8.428428e-01  4.602195e-01  7.264625e-01 7.395498e-01
 8.438438e-01  2.523743e-01  8.077743e-01 7.161922e-01
 8.448448e-01  3.373200e-02  8.320258e-01 6.934048e-01
 8.458458e-01 -1.805561e-01  7.991129e-01 6.711819e-01
 8.468468e-01 -3.759995e-01  7.128403e-01 6.495170e-01
 8.478478e-01 -5.397506e-01  5.805782e-01 6.284018e-01
 8.488488e-01 -6.614556e-01  4.126786e-01 6.078271e-01
 8.498498e-01 -7.339168e-01  2.216957e-01 5.877829e-01
 8.508509e-01 -7.535239e-01  2.146712e-02 5.682591e-01
 8.518519e-01 -7.204261e-01 -1.738769e-01 5.492470e-01
 8.528529e-01 -6.384386e-01 -3.509063e-01 5.307390e-01
 8.538539e-01 -5.146928e-01 -4.978155e-01 5.127290e-01
 8.548549e-01 -3.590607e-01 -6.052161e-01 4.952111e-01
 8.558559e-01 -1.833962e-01 -6.667419e-01 4.781790e-01
 8.568569e-01 -6.516326e-04 -6.794294e-01 4.616247e-01
 8.578579e-01  1.760663e-01 -6.438473e-01 4.455386e-01
 8.588589e-01  3.344316e-01 -5.639726e-01 4.299096e-01
 8.598599e-01  4.637597e-01 -4.468255e-01 4.147261e-01
 8.608609e-01  5.557319e-01 -3.018928e-01 3.999772e-01
 8.618619e-01  6.049341e-01 -1.403878e-01 3.856540e-01
 8.628629e-01  6.091749e-01  2.560033e-02 3.717495e-01
 8.638639e-01  5.695632e-01  1.840002e-01 3.582583e-01
 8.648649e-01  4.903443e-01  3.236323e-01 3.451754e-01
 8.658659e-01  3.785119e-01  4.349979e-01 3.324944e-01
 8.668669e-01  2.432275e-01  5.109279e-01 3.202070e-01
 8.678679e-01  9.509487e-02  5.470459e-01 3.083022e-01
 8.688689e-01 -5.465519e-02  5.420155e-01 2.967680e-01
 8.698699e-01 -1.950070e-01  4.975581e-01 2.855919e-01
 8.708709e-01 -3.159666e-01  4.182444e-01 2.747632e-01
 8.718719e-01 -4.092728e-01  3.110788e-01 2.642742e-01
 8.728729e-01 -4.689632e-01  1.849142e-01 2.541197e-01
 8.738739e-01 -4.917538e-01  4.974213e-02 2.442961e-01
 8.748749e-01 -4.772102e-01 -8.408409e-02 2.347997e-01
 8.758759e-01 -4.276996e-01 -2.066346e-01 2.256248e-01
 8.768769e-01 -3.481340e-01 -3.091364e-01 2.167626e-01
 8.778779e-01 -2.455277e-01 -3.846004e-01 2.082013e-01
 8.788789e-01 -1.284069e-01 -4.282986e-01 1.999280e-01
 8.798799e-01 -6.120126e-03 -4.380558e-01 1.919303e-01
 8.808809e-01  1.118960e-01 -4.143405e-01 1.841987e-01
 8.818819e-01  2.168383e-01 -3.601509e-01 1.767276e-01
 8.828829e-01  3.011906e-01 -2.807109e-01 1.695144e-01
 8.838839e-01  3.592610e-01 -1.830020e-01 1.625582e-01
 8.848849e-01  3.875640e-01 -7.517426e-02 1.558570e-01
 8.858859e-01  3.850213e-01  3.411818e-02 1.494055e-01
 8.868869e-01  3.529713e-01  1.364017e-01 1.431942e-01
 8.878879e-01  2.949898e-01  2.240347e-01 1.372105e-01
 8.888889e-01  2.165419e-01  2.907757e-01 1.314409e-01
 8.898899e-01  1.244960e-01  3.322265e-01 1.258737e-01
 8.908909e-01  2.654216e-02  3.461170e-01 1.205015e-01
 8.918919e-01 -6.943766e-02  3.324153e-01 1.153215e-01
 8.928929e-01 -1.559957e-01  2.932580e-01 1.103349e-01
 8.938939e-01 -2.266918e-01  2.327105e-01 1.055434e-01
 8.948949e-01 -2.765698e-01  1.563820e-01 1.009462e-01
 8.958959e-01 -3.025015e-01  7.092938e-02 9.653813e-02
 8.968969e-01 -3.033747e-01 -1.650826e-02 9.230871e-02
 8.978979e-01 -2.801141e-01 -9.889540e-02 8.824419e-02
 8.988989e-01 -2.355384e-01 -1.698601e-01 8.433078e-02
 8.998999e-01 -1.740696e-01 -2.241829e-01 8.055818e-02
 9.009009e-01 -1.013216e-01 -2.581776e-01 7.692176e-02
 9.019019e-01 -2.360625e-02 -2.699360e-01 7.342270e-02
 9.029029e-01  5.260210e-02 -2.594198e-01 7.006559e-02
 9.039039e-01  1.211979e-01 -2.283983e-01 6.685470e-02
 9.049049e-01  1.769283e-01 -1.802401e-01 6.379014e-02
 9.059059e-01  2.157920e-01 -1.195809e-01 6.086577e-02
 9.069069e-01  2.353215e-01 -5.189777e-02 5.806959e-02
 9.079079e-01  2.347309e-01  1.697093e-02 5.538663e-02
 9.089089e-01  2.149194e-01  8.131993e-02 5.280329e-02
 9.099099e-01  1.783353e-01  1.360434e-01 5.031131e-02
 9.109109e-01  1.287166e-01  1.770359e-01 4.790967e-02
 9.119119e-01  7.073226e-02  2.014960e-01 4.560371e-02
 9.129129e-01  9.559435e-03  2.081109e-01 4.340153e-02
 9.139139e-01 -4.956865e-02  1.971095e-01 4.130919e-02
 9.149149e-01 -1.018028e-01  1.701847e-01 3.932663e-02
 9.159159e-01 -1.430707e-01  1.302951e-01 3.744603e-02
 9.169169e-01 -1.703901e-01  8.136678e-02 3.565333e-02
 9.179179e-01 -1.820788e-01  2.792399e-02 3.393246e-02
 9.189189e-01 -1.778472e-01 -2.531745e-02 3.227060e-02
 9.199199e-01 -1.587679e-01 -7.385824e-02 3.066229e-02
 9.209209e-01 -1.271317e-01 -1.137903e-01 2.911070e-02
 9.219219e-01 -8.620341e-02 -1.421068e-01 2.762537e-02
 9.229229e-01 -3.990360e-02 -1.569236e-01 2.621732e-02
 9.239239e-01  7.554282e-03 -1.575956e-01 2.489343e-02
 9.249249e-01  5.203880e-02 -1.447216e-01 2.365237e-02
 9.259259e-01  8.985413e-02 -1.200419e-01 2.248383e-02
 9.269269e-01  1.180426e-01 -8.624073e-02 2.137151e-02
 9.279279e-01  1.346113e-01 -4.667349e-02 2.029862e-02
 9.289289e-01  1.386665e-01 -5.047263e-03 1.925388e-02
 9.299299e-01  1.304458e-01  3.491769e-02 1.823536e-02
 9.309309e-01  1.112506e-01  6.981396e-02 1.725067e-02
 9.319319e-01  8.328683e-02  9.683262e-02 1.631325e-02
 9.329329e-01  4.943312e-02  1.139847e-01 1.543613e-02
 9.339339e-01  1.295735e-02  1.202411e-01 1.462582e-02
 9.349349e-01 -2.278914e-02  1.155825e-01 1.387865e-02
 9.359359e-01 -5.467307e-02  1.009564e-01 1.318134e-02
 9.369369e-01 -8.004903e-02  7.815122e-02 1.251546e-02
 9.379379e-01 -9.697474e-02  4.959931e-02 1.186419e-02
 9.389389e-01 -1.043545e-01  1.813136e-02 1.121861e-02
 9.399399e-01 -1.020006e-01 -1.329503e-02 1.058088e-02
 9.409409e-01 -9.061034e-02 -4.186665e-02 9.963050e-03
 9.419419e-01 -7.166365e-02 -6.516147e-02 9.381697e-03
 9.429429e-01 -4.725432e-02 -8.134956e-02 8.850722e-03
 9.439439e-01 -1.987213e-02 -8.933169e-02 8.375052e-03
 9.449449e-01  7.841875e-03 -8.880553e-02 7.947917e-03
 9.459459e-01  3.334359e-02 -8.025644e-02 7.552892e-03
 9.469469e-01  5.441465e-02 -6.487667e-02 7.169936e-03
 9.479479e-01  6.935141e-02 -4.442339e-02 6.783055e-03
 9.489489e-01  7.709835e-02 -2.103116e-02 6.386466e-03
 9.499499e-01  7.731566e-02  3.001931e-03 5.986724e-03
 9.509510e-01  7.037751e-02  2.543372e-02 5.599869e-03
 9.519520e-01  5.730391e-02  4.428231e-02 5.244662e-03
 9.529530e-01  3.963533e-02  5.799707e-02 4.934619e-03
 9.539540e-01  1.926409e-02  6.558170e-02 4.672064e-03
 9.549550e-01 -1.759700e-03  6.666012e-02 4.446668e-03
 9.559560e-01 -2.142843e-02  6.148134e-02 4.239133e-03
 9.569570e-01 -3.796429e-02  5.086560e-02 4.028596e-03
 9.579580e-01 -4.997628e-02  3.609947e-02 3.800800e-03
 9.589590e-01 -5.657347e-02  1.879199e-02 3.553697e-03
 9.599600e-01 -5.742540e-02  7.072182e-04 3.298177e-03
 9.609610e-01 -5.276625e-02 -1.640996e-02 3.053564e-03
 9.619620e-01 -4.334476e-02 -3.099784e-02 2.839635e-03
 9.629630e-01 -3.032701e-02 -4.181667e-02 2.668361e-03
 9.639640e-01 -1.516358e-02 -4.805006e-02 2.538743e-03
 9.649650e-01  5.645863e-04 -4.936116e-02 2.436843e-03
 9.659660e-01  1.530573e-02 -4.590017e-02 2.341091e-03
 9.669670e-01  2.768646e-02 -3.826489e-02 2.230742e-03
 9.679680e-01  3.663647e-02 -2.742026e-02 2.094102e-03
 9.689690e-01  4.147780e-02 -1.458653e-02 1.933174e-03
 9.699700e-01  4.197131e-02 -1.108488e-03 1.762820e-03
 9.709710e-01  3.831786e-02  1.168083e-02 1.604700e-03
 9.719720e-01  3.111601e-02  2.258828e-02 1.478436e-03
 9.729730e-01  2.128244e-02  3.066873e-02 1.393513e-03
 9.739740e-01  9.944701e-03  3.530343e-02 1.345229e-03
 9.749750e-01 -1.681848e-03  3.624260e-02 1.316355e-03
 9.759760e-01 -1.241989e-02  3.360971e-02 1.283866e-03
 9.769770e-01 -2.124605e-02  2.786908e-02 1.228080e-03
 9.779780e-01 -2.738567e-02  1.976178e-02 1.140503e-03
 9.789790e-01 -3.037795e-02  1.021776e-02 1.027222e-03
 9.799800e-01 -3.010615e-02  2.541516e-04 9.064448e-04
 9.809810e-01 -2.679147e-02 -9.129561e-03 8.011317e-04
 9.819820e-01 -2.095286e-02 -1.704888e-02 7.296867e-04
 9.829830e-01 -1.333847e-02 -2.281490e-02 6.984346e-04
 9.839840e-01 -4.836970e-03 -2.599112e-02 6.989348e-04
 9.849850e-01  3.621170e-03 -2.642197e-02 7.112332e-04
 9.859860e-01  1.116187e-02 -2.423184e-02 7.117693e-04
 9.869870e-01  1.705504e-02 -1.979632e-02 6.827688e-04
 9.879880e-01  2.078292e-02 -1.369008e-02 6.193482e-04
 9.889890e-01  2.208312e-02 -6.617839e-03 5.314600e-04
 9.899900e-01  2.096284e-02  6.634897e-04 4.398807e-04
 9.909910e-01  1.768425e-02  7.423291e-03 3.678380e-04
 9.919920e-01  1.272384e-02  1.302834e-02 3.316336e-04
 9.929930e-01  6.711026e-03  1.699979e-02 3.340307e-04
 9.939940e-01  3.536525e-04  1.905112e-02 3.630704e-04
 9.949950e-01 -5.641435e-03  1.910438e-02 3.968030e-04
 9.959960e-01 -1.064395e-02  1.728436e-02 4.120428e-04
 9.969970e-01 -1.416411e-02  1.389282e-02 3.936324e-04
 9.979980e-01 -1.589859e-02  9.366500e-03 3.404965e-04
 9.989990e-01 -1.575448e-02  4.224399e-03 2.660491e-04
 1.000000e+00 -1.384947e-02 -9.896853e-04 1.927872e-04
