# x psi_r psi_i psi2 
 0.000000e+00  5.545122e-05 -6.327403e-06 3.114873e-09
 1.001001e-03  5.616981e-05  4.700092e-06 3.177139e-09
 2.002002e-03  4.733150e-05  1.179576e-05 2.379411e-09
 3.003003e-03  3.094300e-05  1.407491e-05 1.155572e-09
 4.004004e-03  1.006293e-05  1.191612e-05 2.432564e-10
 5.005005e-03 -1.173557e-05  6.762248e-06 1.834516e-10
 6.006006e-03 -3.092619e-05  6.771440e-07 9.568879e-10
 7.007007e-03 -4.454356e-05 -4.186484e-06 2.001655e-09
 8.008008e-03 -5.057783e-05 -6.138369e-06 2.595796e-09
 9.009009e-03 -4.821811e-05 -4.353476e-06 2.343939e-09
 1.001001e-02 -3.791866e-05  9.085302e-07 1.438650e-09
 1.101101e-02 -2.130146e-05  8.360971e-06 5.236579e-10
 1.201201e-02 -9.084849e-07  1.596264e-05 2.556314e-10
 1.301301e-02  2.015241e-05  2.139717e-05 8.639584e-10
 1.401401e-02  3.863334e-05  2.261014e-05 2.003753e-09
 1.501502e-02  5.158720e-05  1.834054e-05 2.997615e-09
 1.601602e-02  5.678304e-05  8.483298e-06 3.296280e-09
 1.701702e-02  5.303951e-05 -5.750748e-06 2.846260e-09
 1.801802e-02  4.044250e-05 -2.197197e-05 2.118363e-09
 1.901902e-02  2.040455e-05 -3.698519e-05 1.784250e-09
 2.002002e-02 -4.445903e-06 -4.738961e-05 2.265541e-09
 2.102102e-02 -3.055592e-05 -5.025059e-05 3.458786e-09
 2.202202e-02 -5.389187e-05 -4.376694e-05 4.819879e-09
 2.302302e-02 -7.050034e-05 -2.775248e-05 5.740498e-09
 2.402402e-02 -7.711145e-05 -3.875452e-06 5.961195e-09
 2.502503e-02 -7.171021e-05  2.446098e-05 5.740694e-09
 2.602603e-02 -5.397721e-05  5.255383e-05 5.675445e-09
 2.702703e-02 -2.552286e-05  7.514889e-05 6.298773e-09
 2.802803e-02  1.015666e-05  8.734159e-05 7.731712e-09
 2.902903e-02  4.802256e-05  8.553110e-05 9.621735e-09
 3.003003e-02  8.212805e-05  6.820929e-05 1.139752e-08
 3.103103e-02  1.064711e-04  3.647973e-05 1.266687e-08
 3.203203e-02  1.159631e-04 -5.861524e-06 1.348180e-08
 3.303303e-02  1.073610e-04 -5.268704e-05 1.430230e-08
 3.403403e-02  8.001368e-05 -9.637070e-05 1.568950e-08
 3.503504e-02  3.626871e-05 -1.289409e-04 1.794117e-08
 3.603604e-02 -1.856218e-05 -1.434369e-04 2.091871e-08
 3.703704e-02 -7.673336e-05 -1.352048e-04 2.416834e-08
 3.803804e-02 -1.290552e-04 -1.029560e-04 2.725518e-08
 3.903904e-02 -1.662412e-04 -4.933744e-05 3.007031e-08
 4.004004e-02 -1.804228e-04  1.908180e-05 3.291649e-08
 4.104104e-02 -1.666075e-04  9.251040e-05 3.631624e-08
 4.204204e-02 -1.238252e-04  1.592209e-04 4.068398e-08
 4.304304e-02 -5.574453e-05  2.073156e-04 4.608723e-08
 4.404404e-02  2.940851e-05  2.266752e-04 5.224650e-08
 4.504505e-02  1.196853e-04  2.108360e-04 5.877637e-08
 4.604605e-02  2.009560e-04  1.584301e-04 6.548339e-08
 4.704705e-02  2.589725e-04  7.395911e-05 7.253672e-08
 4.804805e-02  2.816784e-04 -3.234069e-05 8.038864e-08
 4.904905e-02  2.614057e-04 -1.455572e-04 8.951984e-08
 5.005005e-02  1.965975e-04 -2.480545e-04 1.001816e-07
 5.105105e-02  9.271684e-05 -3.220378e-04 1.123048e-07
 5.205205e-02 -3.788002e-05 -3.524264e-04 1.256392e-07
 5.305305e-02 -1.772011e-04 -3.295518e-04 1.400046e-07
 5.405405e-02 -3.039099e-04 -2.512809e-04 1.555033e-07
 5.505506e-02 -3.963933e-04 -1.241172e-04 1.725327e-07
 5.605606e-02 -4.361842e-04  3.694290e-05 1.916214e-07
 5.705706e-02 -4.112333e-04  2.099465e-04 2.131904e-07
 5.805806e-02 -3.184850e-04  3.687512e-04 2.374102e-07
 5.905906e-02 -1.652872e-04  4.867534e-04 2.642487e-07
 6.006006e-02  3.071014e-05  5.410270e-04 2.936534e-07
 6.106106e-02  2.432887e-04  5.163128e-04 3.257684e-07
 6.206206e-02  4.409198e-04  4.081632e-04 3.610075e-07
 6.306306e-02  5.911694e-04  2.247234e-04 3.999819e-07
 6.406406e-02  6.656772e-04 -1.330904e-05 4.433032e-07
 6.506507e-02  6.449750e-04 -2.746580e-04 4.914298e-07
 6.606607e-02  5.223882e-04 -5.212982e-04 5.446412e-07
 6.706707e-02  3.063186e-04 -7.136671e-04 6.031518e-07
 6.806807e-02  2.041572e-05 -8.166299e-04 6.673012e-07
 6.906907e-02 -2.985914e-04 -8.052953e-04 7.376573e-07
 7.007007e-02 -6.052727e-04 -6.698254e-04 8.150211e-07
 7.107107e-02 -8.516193e-04 -4.183604e-04 9.002809e-07
 7.207207e-02 -9.941208e-04 -7.749370e-05 9.942814e-07
 7.307307e-02 -1.000809e-03  3.100454e-04 1.097747e-06
 7.407407e-02 -8.571871e-04  6.903423e-04 1.211342e-06
 7.507508e-02 -5.700492e-04  1.005414e-03 1.335814e-06
 7.607608e-02 -1.684283e-04  1.201555e-03 1.472103e-06
 7.707708e-02  2.987190e-04  1.237808e-03 1.621403e-06
 7.807808e-02  7.680256e-04  1.093251e-03 1.785062e-06
 7.907908e-02  1.169866e-03  7.719526e-04 1.964497e-06
 8.008008e-02  1.438159e-03  3.046113e-04 2.161089e-06
 8.108108e-02  1.520493e-03 -2.535973e-04 2.376212e-06
 8.208208e-02  1.387102e-03 -8.290134e-04 2.611316e-06
 8.308308e-02  1.037258e-03 -1.338707e-03 2.868040e-06
 8.408408e-02  5.019346e-04 -1.701867e-03 3.148290e-06
 8.508509e-02 -1.579628e-04 -1.851820e-03 3.454191e-06
 8.608609e-02 -8.579006e-04 -1.747014e-03 3.788050e-06
 8.708709e-02 -1.499996e-03 -1.379220e-03 4.152237e-06
 8.808809e-02 -1.986088e-03 -7.776015e-04 4.549211e-06
 8.908909e-02 -2.231924e-03 -7.655125e-06 4.981544e-06
 9.009009e-02 -2.180492e-03  8.351574e-04 5.452034e-06
 9.109109e-02 -1.812507e-03  1.636641e-03 5.963773e-06
 9.209209e-02 -1.152312e-03  2.278668e-03 6.520149e-06
 9.309309e-02 -2.680094e-04  2.655750e-03 7.124839e-06
 9.409409e-02  7.346564e-04  2.691094e-03 7.781707e-06
 9.509510e-02  1.724249e-03  2.349853e-03 8.494841e-06
 9.609610e-02  2.560168e-03  1.647439e-03 9.268514e-06
 9.709710e-02  3.111752e-03  6.513948e-04 1.010731e-05
 9.809810e-02  3.277443e-03 -5.239688e-04 1.101618e-05
 9.909910e-02  3.001321e-03 -1.729888e-03 1.200044e-05
 1.001001e-01  2.284490e-03 -2.801239e-03 1.306583e-05
 1.011011e-01  1.189362e-03 -3.578248e-03 1.421844e-05
 1.021021e-01 -1.642758e-04 -3.929087e-03 1.546471e-05
 1.031031e-01 -1.611441e-03 -3.770233e-03 1.681140e-05
 1.041041e-01 -2.961264e-03 -3.081664e-03 1.826574e-05
 1.051051e-01 -4.021261e-03 -1.914371e-03 1.983536e-05
 1.061061e-01 -4.623567e-03 -3.886964e-04 2.152846e-05
 1.071071e-01 -4.649661e-03  1.316966e-03 2.335375e-05
 1.081081e-01 -4.050105e-03  2.986155e-03 2.532047e-05
 1.091091e-01 -2.856270e-03  4.390916e-03 2.743842e-05
 1.101101e-01 -1.181928e-03  5.321738e-03 2.971785e-05
 1.111111e-01  7.861603e-04  5.617083e-03 3.216967e-05
 1.121121e-01  2.808119e-03  5.188429e-03 3.480533e-05
 1.131131e-01  4.619275e-03  4.037243e-03 3.763703e-05
 1.141141e-01  5.963667e-03  2.261037e-03 4.067762e-05
 1.151151e-01  6.628611e-03  4.707155e-05 4.394070e-05
 1.161161e-01  6.475769e-03 -2.346281e-03 4.744061e-05
 1.171171e-01  5.464402e-03 -4.618735e-03 5.119240e-05
 1.181181e-01  3.663269e-03 -6.464703e-03 5.521192e-05
 1.191191e-01  1.248909e-03 -7.612886e-03 5.951581e-05
 1.201201e-01 -1.510265e-03 -7.863889e-03 6.412164e-05
 1.211211e-01 -4.282813e-03 -7.120768e-03 6.904783e-05
 1.221221e-01 -6.713062e-03 -5.408199e-03 7.431382e-05
 1.231231e-01 -8.465373e-03 -2.877051e-03 7.993996e-05
 1.241241e-01 -9.268484e-03  2.069752e-04 8.594764e-05
 1.251251e-01 -8.954226e-03  3.490139e-03 9.235924e-05
 1.261261e-01 -7.485331e-03  6.570239e-03 9.919822e-05
 1.271271e-01 -4.968194e-03  9.044682e-03 1.064892e-04
 1.281281e-01 -1.648154e-03  1.056132e-02 1.142580e-04
 1.291291e-01  2.113037e-03  1.086585e-02 1.225316e-04
 1.301301e-01  5.875654e-03  9.839463e-03 1.313383e-04
 1.311311e-01  9.172326e-03  7.521717e-03 1.407078e-04
 1.321321e-01  1.156457e-02  4.114805e-03 1.506710e-04
 1.331331e-01  1.269879e-02 -3.211080e-05 1.612602e-04
 1.341341e-01  1.235472e-02 -4.457621e-03 1.725095e-04
 1.351351e-01  1.048006e-02 -8.638434e-03 1.844542e-04
 1.361361e-01  7.206206e-03 -1.204998e-02 1.971314e-04
 1.371371e-01  2.842388e-03 -1.423028e-02 2.105800e-04
 1.381381e-01 -2.152169e-03 -1.483943e-02 2.248405e-04
 1.391391e-01 -7.215654e-03 -1.370729e-02 2.399554e-04
 1.401401e-01 -1.174582e-02 -1.086300e-02 2.559691e-04
 1.411411e-01 -1.517003e-02 -6.542040e-03 2.729280e-04
 1.421421e-01 -1.701512e-02 -1.168869e-03 2.908807e-04
 1.431431e-01 -1.696882e-02  4.683737e-03 3.098783e-04
 1.441441e-01 -1.492483e-02  1.035488e-02 3.299741e-04
 1.451451e-01 -1.100580e-02  1.516892e-02 3.512240e-04
 1.461461e-01 -5.560378e-03  1.851402e-02 3.736866e-04
 1.471471e-01  8.663621e-04  1.991665e-02 3.974236e-04
 1.481481e-01  7.586632e-03  1.910346e-02 4.224993e-04
 1.491491e-01  1.384263e-02  1.604255e-02 4.489819e-04
 1.501502e-01  1.889047e-02  1.095868e-02 4.769424e-04
 1.511512e-01  2.208611e-02  4.319673e-03 5.064560e-04
 1.521522e-01  2.296357e-02 -3.205598e-03 5.376016e-04
 1.531532e-01  2.129607e-02 -1.081387e-02 5.704625e-04
 1.541542e-01  1.713268e-02 -1.765213e-02 6.051265e-04
 1.551552e-01  1.080530e-02 -2.291138e-02 6.416861e-04
 1.561562e-01  2.904272e-03 -2.591919e-02 6.802393e-04
 1.571572e-01 -5.775961e-03 -2.622075e-02 7.208893e-04
 1.581582e-01 -1.431593e-02 -2.363895e-02 7.637457e-04
 1.591592e-01 -2.176721e-02 -1.830609e-02 8.089243e-04
 1.601602e-01 -2.725532e-02 -1.066281e-02 8.565481e-04
 1.611612e-01 -3.007859e-02 -1.423129e-03 9.067472e-04
 1.621622e-01 -2.979185e-02  8.491486e-03 9.596598e-04
 1.631632e-01 -2.626553e-02  1.804314e-02 1.015433e-03
 1.641642e-01 -1.971295e-02  2.618439e-02 1.074223e-03
 1.651652e-01 -1.068179e-02  3.197022e-02 1.136195e-03
 1.661662e-01 -9.597524e-06  3.466305e-02 1.201527e-03
 1.671672e-01  1.125310e-02  3.381974e-02 1.270407e-03
 1.681682e-01  2.194502e-02  2.935048e-02 1.343035e-03
 1.691692e-01  3.091167e-02  2.154282e-02 1.419624e-03
 1.701702e-01  3.712637e-02  1.104702e-02 1.500404e-03
 1.711712e-01  3.980240e-02 -1.176824e-03 1.585616e-03
 1.721722e-01  3.848428e-02 -1.394559e-02 1.675520e-03
 1.731732e-01  3.310826e-02 -2.596604e-02 1.770392e-03
 1.741742e-01  2.402475e-02 -3.596302e-02 1.870527e-03
 1.751752e-01  1.197949e-02 -4.281043e-02 1.976241e-03
 1.761762e-01 -1.946164e-03 -4.565174e-02 2.087869e-03
 1.771772e-01 -1.643093e-02 -4.399766e-02 2.205770e-03
 1.781782e-01 -3.003678e-02 -3.779044e-02 2.330325e-03
 1.791792e-01 -4.134831e-02 -2.742737e-02 2.461943e-03
 1.801802e-01 -4.911489e-02 -1.373995e-02 2.601059e-03
 1.811812e-01 -5.238174e-02  2.070778e-03 2.748135e-03
 1.821822e-01 -5.059666e-02  1.853761e-02 2.903665e-03
 1.831832e-01 -4.368130e-02  3.406053e-02 3.068176e-03
 1.841842e-01 -3.205879e-02  4.705805e-02 3.242226e-03
 1.851852e-01 -1.663367e-02  5.612248e-02 3.426412e-03
 1.861862e-01  1.275498e-03  6.016427e-02 3.621366e-03
 1.871872e-01  2.004611e-02  5.853132e-02 3.827762e-03
 1.881882e-01  3.789498e-02  5.109094e-02 4.046313e-03
 1.891892e-01  5.304285e-02  3.826533e-02 4.277779e-03
 1.901902e-01  6.388511e-02  2.101562e-02 4.522963e-03
 1.911912e-01  6.915286e-02  7.740610e-04 4.782717e-03
 1.921922e-01  6.804885e-02 -2.067117e-02 5.057944e-03
 1.931932e-01  6.034453e-02 -4.132958e-02 5.349597e-03
 1.941942e-01  4.642770e-02 -5.918745e-02 5.658686e-03
 1.951952e-01  2.729438e-02 -7.239676e-02 5.986274e-03
 1.961962e-01  4.483472e-03 -7.945682e-02 6.333488e-03
 1.971972e-01 -2.004219e-02 -7.937140e-02 6.701509e-03
 1.981982e-01 -4.405945e-02 -7.176594e-02 7.091586e-03
 1.991992e-01 -6.527997e-02 -5.695221e-02 7.505029e-03
 2.002002e-01 -8.156031e-02 -3.593236e-02 7.943218e-03
 2.012012e-01 -9.110817e-02 -1.033929e-02 8.407599e-03
 2.022022e-01 -9.266588e-02  1.768399e-02 8.899689e-03
 2.032032e-01 -8.565313e-02  4.565761e-02 9.421076e-03
 2.042042e-01 -7.025417e-02  7.097728e-02 9.973423e-03
 2.052052e-01 -4.743895e-02  9.114829e-02 1.055846e-02
 2.062062e-01 -1.891321e-02  1.040207e-01 1.117801e-02
 2.072072e-01  1.300127e-02  1.080043e-01 1.183396e-02
 2.082082e-01  4.554848e-02  1.022429e-01 1.252827e-02
 2.092092e-01  7.576875e-02  8.672991e-02 1.326298e-02
 2.102102e-01  1.007590e-01  6.235254e-02 1.404022e-02
 2.112112e-01  1.179411e-01  3.085608e-02 1.486219e-02
 2.122122e-01  1.253132e-01 -5.271221e-03 1.573117e-02
 2.132132e-01  1.216620e-01 -4.298676e-02 1.664951e-02
 2.142142e-01  1.067138e-01 -7.894191e-02 1.761965e-02
 2.152152e-01  8.120665e-02 -1.097705e-01 1.864409e-02
 2.162162e-01  4.687637e-02 -1.323934e-01 1.972541e-02
 2.172172e-01  6.349670e-03 -1.443120e-01 2.086627e-02
 2.182182e-01 -3.704764e-02 -1.438641e-01 2.206939e-02
 2.192192e-01 -7.955551e-02 -1.304166e-01 2.333756e-02
 2.202202e-01 -1.172968e-01 -1.044753e-01 2.467362e-02
 2.212212e-01 -1.466207e-01 -6.769676e-02 2.608049e-02
 2.222222e-01 -1.644427e-01 -2.279771e-02 2.756112e-02
 2.232232e-01 -1.685499e-01  2.663603e-02 2.911855e-02
 2.242242e-01 -1.578437e-01  7.642761e-02 3.075582e-02
 2.252252e-01 -1.324932e-01  1.221539e-01 3.247603e-02
 2.262262e-01 -9.398298e-02  1.595290e-01 3.428231e-02
 2.272272e-01 -4.504503e-02  1.847939e-01 3.617783e-02
 2.282282e-01  1.052389e-02  1.950769e-01 3.816575e-02
 2.292292e-01  6.814881e-02  1.886929e-01 4.024926e-02
 2.302302e-01  1.228458e-01  1.653495e-01 4.243154e-02
 2.312312e-01  1.696447e-01  1.262397e-01 4.471578e-02
 2.322322e-01  2.040300e-01  7.400593e-02 4.710513e-02
 2.332332e-01  2.223615e-01  1.257438e-02 4.960273e-02
 2.342342e-01  2.222355e-01 -5.313234e-02 5.221168e-02
 2.352352e-01  2.027540e-01 -1.175832e-01 5.493501e-02
 2.362362e-01  1.646710e-01 -1.750976e-01 5.777573e-02
 2.372372e-01  1.104006e-01 -2.203371e-01 6.073673e-02
 2.382382e-01  4.387879e-02 -2.487880e-01 6.382084e-02
 2.392392e-01 -2.971399e-02 -2.571923e-01 6.703079e-02
 2.402402e-01 -1.043512e-01 -2.438853e-01 7.036920e-02
 2.412412e-01 -1.736487e-01 -2.090088e-01 7.383854e-02
 2.422422e-01 -2.314043e-01 -1.545744e-01 7.744117e-02
 2.432432e-01 -2.721426e-01 -8.436631e-02 8.117927e-02
 2.442442e-01 -2.916184e-01 -3.686710e-03 8.505487e-02
 2.452452e-01 -2.872319e-01  8.104107e-02 8.906980e-02
 2.462462e-01 -2.583178e-01  1.627809e-01 9.322570e-02
 2.472472e-01 -2.062776e-01  2.344644e-01 9.752398e-02
 2.482482e-01 -1.345385e-01  2.895949e-01 1.019658e-01
 2.492492e-01 -4.833715e-02  3.228246e-01 1.065522e-01
 2.502503e-01  4.566058e-02  3.304525e-01 1.112838e-01
 2.512513e-01  1.398739e-01  3.107993e-01 1.161609e-01
 2.522523e-01  2.264176e-01  2.644216e-01 1.211837e-01
 2.532533e-01  2.977590e-01  1.941435e-01 1.263521e-01
 2.542543e-01  3.473649e-01  1.048956e-01 1.316654e-01
 2.552553e-01  3.702858e-01  3.371375e-03 1.371229e-01
 2.562563e-01  3.636232e-01 -1.024768e-01 1.427233e-01
 2.572573e-01  3.268387e-01 -2.040627e-01 1.484651e-01
 2.582583e-01  2.618734e-01 -2.928630e-01 1.543464e-01
 2.592593e-01  1.730629e-01 -3.611288e-01 1.603648e-01
 2.602603e-01  6.685004e-02 -4.025527e-01 1.665176e-01
 2.612613e-01 -4.868661e-02 -4.128334e-01 1.728018e-01
 2.622623e-01 -1.644525e-01 -3.900887e-01 1.792138e-01
 2.632633e-01 -2.710573e-01 -3.350786e-01 1.857497e-01
 2.642643e-01 -3.595775e-01 -2.512154e-01 1.924052e-01
 2.652653e-01 -4.222996e-01 -1.443554e-01 1.991754e-01
 2.662663e-01 -4.533809e-01 -2.238421e-02 2.060553e-01
 2.672673e-01 -4.493724e-01  1.053731e-01 2.130390e-01
 2.682683e-01 -4.095577e-01  2.288735e-01 2.201206e-01
 2.692693e-01 -3.360764e-01  3.381512e-01 2.272936e-01
 2.702703e-01 -2.338172e-01  4.241231e-01 2.345509e-01
 2.712713e-01 -1.100873e-01  4.793391e-01 2.418852e-01
 2.722723e-01  2.592113e-02  4.986149e-01 2.492887e-01
 2.732733e-01  1.638257e-01  4.794938e-01 2.567532e-01
 2.742743e-01  2.928568e-01  4.224984e-01 2.642700e-01
 2.752753e-01  4.027055e-01  3.311470e-01 2.718300e-01
 2.762763e-01  4.843485e-01  2.117320e-01 2.794239e-01
 2.772773e-01  5.307836e-01  7.287402e-02 2.870419e-01
 2.782783e-01  5.376163e-01 -7.511650e-02 2.946738e-01
 2.792793e-01  5.034478e-01 -2.210190e-01 3.023091e-01
 2.802803e-01  4.300328e-01 -3.535659e-01 3.099370e-01
 2.812813e-01  3.221910e-01 -4.623197e-01 3.175466e-01
 2.822823e-01  1.874772e-01 -5.384966e-01 3.251263e-01
 2.832833e-01  3.563474e-02 -5.756691e-01 3.326647e-01
 2.842843e-01 -1.221284e-01 -5.702935e-01 3.401500e-01
 2.852853e-01 -2.739832e-01 -5.220184e-01 3.475700e-01
 2.862863e-01 -4.083800e-01 -4.337494e-01 3.549127e-01
 2.872873e-01 -5.149339e-01 -3.114624e-01 3.621657e-01
 2.882883e-01 -5.852287e-01 -1.637803e-01 3.693166e-01
 2.892893e-01 -6.134745e-01 -1.343305e-03 3.763527e-01
 2.902903e-01 -5.969695e-01  1.639787e-01 3.832615e-01
 2.912913e-01 -5.363288e-01  3.199715e-01 3.900303e-01
 2.922923e-01 -4.354631e-01  4.549927e-01 3.966465e-01
 2.932933e-01 -3.013075e-01  5.588480e-01 4.030973e-01
 2.942943e-01 -1.433215e-01  6.235618e-01 4.093704e-01
 2.952953e-01  2.720205e-02  6.439823e-01 4.154532e-01
 2.962963e-01  1.979663e-01  6.181771e-01 4.213336e-01
 2.972973e-01  3.565765e-01  5.475882e-01 4.269996e-01
 2.982983e-01  4.914531e-01  4.369362e-01 4.324395e-01
 2.992993e-01  5.926847e-01  2.938820e-01 4.376418e-01
 3.003003e-01  6.527566e-01  1.284697e-01 4.425956e-01
 3.013013e-01  6.671014e-01 -4.760306e-02 4.472903e-01
 3.023023e-01  6.344323e-01 -2.218363e-01 4.517157e-01
 3.033033e-01  5.568347e-01 -3.818339e-01 4.558620e-01
 3.043043e-01  4.396116e-01 -5.161993e-01 4.597200e-01
 3.053053e-01  2.908956e-01 -6.153541e-01 4.632809e-01
 3.063063e-01  1.210578e-01 -6.722212e-01 4.665364e-01
 3.073073e-01 -5.804126e-02 -6.827223e-01 4.694786e-01
 3.083083e-01 -2.339035e-01 -6.460568e-01 4.721002e-01
 3.093093e-01 -3.942841e-01 -5.647429e-01 4.743945e-01
 3.103103e-01 -5.280575e-01 -4.444214e-01 4.763550e-01
 3.113113e-01 -6.259955e-01 -2.934380e-01 4.779762e-01
 3.123123e-01 -6.814035e-01 -1.222379e-01 4.792528e-01
 3.133133e-01 -6.905706e-01  5.738270e-02 4.801805e-01
 3.143143e-01 -6.530040e-01  2.331123e-01 4.807556e-01
 3.153153e-01 -5.714343e-01  3.929859e-01 4.809750e-01
 3.163163e-01 -4.515944e-01  5.262123e-01 4.808368e-01
 3.173173e-01 -3.017919e-01  6.239083e-01 4.803399e-01
 3.183183e-01 -1.323069e-01  6.796902e-01 4.794839e-01
 3.193193e-01  4.533758e-02  6.900828e-01 4.782698e-01
 3.203203e-01  2.191807e-01  6.547207e-01 4.766993e-01
 3.213213e-01  3.776465e-01  5.763318e-01 4.747751e-01
 3.223223e-01  5.103260e-01  4.605087e-01 4.725009e-01
 3.233233e-01  6.086666e-01  3.152868e-01 4.698808e-01
 3.243243e-01  6.665214e-01  1.505635e-01 4.669201e-01
 3.253253e-01  6.805245e-01 -2.259898e-02 4.636243e-01
 3.263263e-01  6.502709e-01 -1.927365e-01 4.599996e-01
 3.273273e-01  5.782911e-01 -3.487575e-01 4.560524e-01
 3.283283e-01  4.698287e-01 -4.806770e-01 4.517894e-01
 3.293293e-01  3.324405e-01 -5.802596e-01 4.472179e-01
 3.303303e-01  1.754490e-01 -6.415316e-01 4.423451e-01
 3.313313e-01  9.290796e-03 -6.611298e-01 4.371789e-01
 3.323323e-01 -1.551955e-01 -6.384684e-01 4.317276e-01
 3.333333e-01 -3.074899e-01 -5.757170e-01 4.260001e-01
 3.343343e-01 -4.380730e-01 -4.775963e-01 4.200062e-01
 3.353353e-01 -5.390248e-01 -3.510111e-01 4.137565e-01
 3.363363e-01 -6.045023e-01 -2.045482e-01 4.072629e-01
 3.373373e-01 -6.310673e-01 -4.787782e-02 4.005382e-01
 3.383383e-01 -6.178489e-01  1.088995e-01 3.935963e-01
 3.393393e-01 -5.665326e-01  2.559161e-01 3.864523e-01
 3.403403e-01 -4.811843e-01  3.841660e-01 3.791218e-01
 3.413413e-01 -3.679237e-01  4.860592e-01 3.716214e-01
 3.423423e-01 -2.344761e-01  5.558673e-01 3.639675e-01
 3.433433e-01 -8.963291e-02  5.900361e-01 3.561767e-01
 3.443443e-01  5.733865e-02  5.873475e-01 3.482648e-01
 3.453453e-01  1.972979e-01  5.489269e-01 3.402472e-01
 3.463463e-01  3.218049e-01  4.780999e-01 3.321379e-01
 3.473473e-01  4.236315e-01  3.801135e-01 3.239500e-01
 3.483483e-01  4.971770e-01  2.617444e-01 3.156951e-01
 3.493493e-01  5.387667e-01  1.308237e-01 3.073844e-01
 3.503504e-01  5.468175e-01 -4.288836e-03 2.990278e-01
 3.513514e-01  5.218662e-01 -1.352443e-01 2.906354e-01
 3.523524e-01  4.664621e-01 -2.542250e-01 2.822172e-01
 3.533534e-01  3.849378e-01 -3.544109e-01 2.737842e-01
 3.543544e-01  2.830766e-01 -4.303673e-01 2.653484e-01
 3.553554e-01  1.677018e-01 -4.783296e-01 2.569231e-01
 3.563564e-01  4.621670e-02 -4.963744e-01 2.485236e-01
 3.573574e-01 -7.387282e-02 -4.844678e-01 2.401663e-01
 3.583584e-01 -1.854236e-01 -4.443953e-01 2.318691e-01
 3.593594e-01 -2.820790e-01 -3.795812e-01 2.236505e-01
 3.603604e-01 -3.586268e-01 -2.948148e-01 2.155289e-01
 3.613614e-01 -4.112714e-01 -1.959026e-01 2.075220e-01
 3.623624e-01 -4.378079e-01 -8.927350e-02 1.996455e-01
 3.633634e-01 -4.376903e-01  1.843805e-02 1.919128e-01
 3.643644e-01 -4.119958e-01  1.208035e-01 1.843340e-01
 3.653654e-01 -3.632903e-01  2.119809e-01 1.769157e-01
 3.663664e-01 -2.954102e-01  2.870437e-01 1.696613e-01
 3.673674e-01 -2.131753e-01  3.422381e-01 1.625706e-01
 3.683684e-01 -1.220550e-01  3.751586e-01 1.556414e-01
 3.693694e-01 -2.781048e-02  3.848332e-01 1.488700e-01
 3.703704e-01  6.386476e-02  3.717175e-01 1.422526e-01
 3.713714e-01  1.476839e-01  3.376031e-01 1.357864e-01
 3.723724e-01  2.190651e-01  2.854496e-01 1.294710e-01
 3.733734e-01  2.743738e-01  2.191534e-01 1.233092e-01
 3.743744e-01  3.110960e-01  1.432716e-01 1.173075e-01
 3.753754e-01  3.279369e-01  6.271890e-02 1.114763e-01
 3.763764e-01  3.248405e-01 -1.754274e-02 1.058291e-01
 3.773774e-01  3.029348e-01 -9.280181e-02 1.003817e-01
 3.783784e-01  2.644086e-01 -1.588663e-01 9.515041e-02
 3.793794e-01  2.123311e-01 -2.122881e-01 9.015072e-02
 3.803804e-01  1.504269e-01 -2.505329e-01 8.539500e-02
 3.813814e-01  8.282403e-02 -2.720867e-01 8.089101e-02
 3.823824e-01  1.378950e-02 -2.764966e-01 7.664054e-02
 3.833834e-01 -5.253020e-02 -2.643468e-01 7.263867e-02
 3.843844e-01 -1.123488e-01 -2.371741e-01 6.887379e-02
 3.853854e-01 -1.624466e-01 -1.973310e-01 6.532842e-02
 3.863864e-01 -2.003339e-01 -1.478077e-01 6.198079e-02
 3.873874e-01 -2.243625e-01 -9.202456e-02 5.880703e-02
 3.883884e-01 -2.337823e-01 -3.361005e-02 5.578380e-02
 3.893894e-01 -2.287431e-01  2.382335e-02 5.289098e-02
 3.903904e-01 -2.102424e-01  7.689097e-02 5.011411e-02
 3.913914e-01 -1.800265e-01  1.226242e-01 4.744626e-02
 3.923924e-01 -1.404527e-01  1.586255e-01 4.488903e-02
 3.933934e-01 -9.432215e-02  1.831822e-01 4.245240e-02
 3.943944e-01 -4.469515e-02  1.953352e-01 4.015351e-02
 3.953954e-01  5.299915e-03  1.949006e-01 3.801434e-02
 3.963964e-01  5.265247e-02  1.824451e-01 3.605849e-02
 3.973974e-01  9.464008e-02  1.592192e-01 3.430751e-02
 3.983984e-01  1.289740e-01  1.270545e-01 3.277712e-02
 3.993994e-01  1.539130e-01  8.823120e-02 3.147394e-02
 4.004004e-01  1.683404e-01  4.532748e-02 3.039307e-02
 4.014014e-01  1.718020e-01  1.057439e-03 2.951703e-02
 4.024024e-01  1.645038e-01 -4.189062e-02 2.881631e-02
 4.034034e-01  1.472729e-01 -8.100735e-02 2.825149e-02
 4.044044e-01  1.214845e-01 -1.140985e-01 2.777695e-02
 4.054054e-01  8.896091e-02 -1.393972e-01 2.734563e-02
 4.064064e-01  5.185030e-02 -1.556473e-01 2.691452e-02
 4.074074e-01  1.249174e-02 -1.621539e-01 2.644995e-02
 4.084084e-01 -2.672427e-02 -1.588017e-01 2.593215e-02
 4.094094e-01 -6.349229e-02 -1.460382e-01 2.535842e-02
 4.104104e-01 -9.571822e-02 -1.248286e-01 2.474416e-02
 4.114114e-01 -1.216284e-01 -9.658255e-02 2.412166e-02
 4.124124e-01 -1.398570e-01 -6.306006e-02 2.353654e-02
 4.134134e-01 -1.495069e-01 -2.626220e-02 2.304203e-02
 4.144144e-01 -1.501839e-01  1.168701e-02 2.269178e-02
 4.154154e-01 -1.420004e-01  4.866046e-02 2.253196e-02
 4.164164e-01 -1.255540e-01  8.264320e-02 2.259370e-02
 4.174174e-01 -1.018788e-01  1.118370e-01 2.288681e-02
 4.184184e-01 -7.237682e-02  1.347494e-01 2.339581e-02
 4.194194e-01 -3.873196e-02  1.502627e-01 2.407904e-02
 4.204204e-01 -2.812455e-03  1.576807e-01 2.487112e-02
 4.214214e-01  3.343255e-02  1.567517e-01 2.568884e-02
 4.224224e-01  6.807671e-02  1.476669e-01 2.643995e-02
 4.234234e-01  9.931531e-02  1.310363e-01 2.703403e-02
 4.244244e-01  1.255540e-01  1.078439e-01 2.739411e-02
 4.254254e-01  1.454838e-01  7.938522e-02 2.746754e-02
 4.264264e-01  1.581385e-01  4.719170e-02 2.723483e-02
 4.274274e-01  1.629334e-01  1.294539e-02 2.671489e-02
 4.284284e-01  1.596832e-01 -2.161005e-02 2.596573e-02
 4.294294e-01  1.485994e-01 -5.475853e-02 2.508029e-02
 4.304304e-01  1.302687e-01 -8.489579e-02 2.417722e-02
 4.314314e-01  1.056136e-01 -1.106051e-01 2.338773e-02
 4.324324e-01  7.583884e-02 -1.307208e-01 2.283947e-02
 4.334334e-01  4.236544e-02 -1.443774e-01 2.263967e-02
 4.344344e-01  6.757726e-03 -1.510418e-01 2.285931e-02
 4.354354e-01 -2.935388e-02 -1.505292e-01 2.352070e-02
 4.364364e-01 -6.435035e-02 -1.430006e-01 2.459015e-02
 4.374374e-01 -9.669759e-02 -1.289449e-01 2.597721e-02
 4.384384e-01 -1.250136e-01 -1.091454e-01 2.754110e-02
 4.394394e-01 -1.481253e-01 -8.463439e-02 2.910408e-02
 4.404404e-01 -1.651145e-01 -5.663719e-02 3.047057e-02
 4.414414e-01 -1.753494e-01 -2.650970e-02 3.145016e-02
 4.424424e-01 -1.785025e-01  4.328103e-03 3.188189e-02
 4.434434e-01 -1.745544e-01  3.445868e-02 3.165665e-02
 4.444444e-01 -1.637831e-01  6.253148e-02 3.073509e-02
 4.454454e-01 -1.467410e-01  8.732145e-02 2.915797e-02
 4.464464e-01 -1.242217e-01  1.077804e-01 2.704766e-02
 4.474474e-01 -9.721633e-02  1.230781e-01 2.459922e-02
 4.484484e-01 -6.686497e-02  1.326324e-01 2.206229e-02
 4.494494e-01 -3.440280e-02  1.361277e-01 1.971429e-02
 4.504505e-01 -1.105873e-03  1.335204e-01 1.782891e-02
 4.514515e-01  3.176331e-02  1.250330e-01 1.664216e-02
 4.524525e-01  6.300556e-02  1.111371e-01 1.632115e-02
 4.534535e-01  9.153092e-02  9.252535e-02 1.693885e-02
 4.544545e-01  1.163961e-01  7.007673e-02 1.845881e-02
 4.554555e-01  1.368356e-01  4.481340e-02 2.073221e-02
 4.564565e-01  1.522812e-01  1.785504e-02 2.350838e-02
 4.574575e-01  1.623756e-01 -9.631166e-03 2.645861e-02
 4.584585e-01  1.669730e-01 -3.647864e-02 2.921069e-02
 4.594595e-01  1.661342e-01 -6.157011e-02 3.139145e-02
 4.604605e-01  1.601108e-01 -8.388001e-02 3.267131e-02
 4.614615e-01  1.493253e-01 -1.025147e-01 3.280731e-02
 4.624625e-01  1.343431e-01 -1.167429e-01 3.167699e-02
 4.634635e-01  1.158429e-01 -1.260223e-01 2.930121e-02
 4.644645e-01  9.458201e-02 -1.300139e-01 2.584936e-02
 4.654655e-01  7.136392e-02 -1.285925e-01 2.162885e-02
 4.664665e-01  4.700294e-02 -1.218445e-01 1.705536e-02
 4.674675e-01  2.229519e-02 -1.100620e-01 1.261073e-02
 4.684685e-01 -2.012344e-03 -9.372483e-02 8.788394e-03
 4.694695e-01 -2.524245e-02 -7.348201e-02 6.036787e-03
 4.704705e-01 -4.681028e-02 -5.012055e-02 4.703272e-03
 4.714715e-01 -6.623261e-02 -2.453905e-02 4.988924e-03
 4.724725e-01 -8.314059e-02  2.292412e-03 6.917612e-03
 4.734735e-01 -9.727639e-02  2.936121e-02 1.032478e-02
 4.744745e-01 -1.084971e-01  5.565654e-02 1.486927e-02
 4.754755e-01 -1.167591e-01  8.019481e-02 2.006389e-02
 4.764765e-01 -1.221165e-01  1.020649e-01 2.532967e-02
 4.774775e-01 -1.246945e-01  1.204435e-01 3.005536e-02
 4.784785e-01 -1.246881e-01  1.346403e-01 3.367513e-02
 4.794795e-01 -1.223246e-01  1.440957e-01 3.572689e-02
 4.804805e-01 -1.178720e-01  1.484298e-01 3.592520e-02
 4.814815e-01 -1.115861e-01  1.474089e-01 3.418083e-02
 4.824825e-01 -1.037478e-01  1.410187e-01 3.064989e-02
 4.834835e-01 -9.456493e-02  1.293547e-01 2.567517e-02
 4.844845e-01 -8.433053e-02  1.128345e-01 1.984327e-02
 4.854855e-01 -7.275309e-02  9.134052e-02 1.363610e-02
 4.864865e-01 -5.722715e-02  6.213362e-02 7.135534e-03
 4.874875e-01 -3.814481e-02  2.691183e-02 2.179273e-03
 4.884885e-01 -1.668459e-02 -1.127496e-02 4.055002e-04
 4.894895e-01  5.971319e-03 -4.924065e-02 2.460298e-03
 4.904905e-01  2.851457e-02 -8.369748e-02 7.818349e-03
 4.914915e-01  4.965598e-02 -1.116453e-01 1.493038e-02
 4.924925e-01  6.813226e-02 -1.305598e-01 2.168786e-02
 4.934935e-01  8.280142e-02 -1.386556e-01 2.608146e-02
 4.944945e-01  9.267906e-02 -1.350174e-01 2.681910e-02
 4.954955e-01  9.701447e-02 -1.197120e-01 2.374276e-02
 4.964965e-01  9.533148e-02 -9.378559e-02 1.788383e-02
 4.974975e-01  8.748334e-02 -5.920459e-02 1.115852e-02
 4.984985e-01  7.367903e-02 -1.870264e-02 5.778388e-03
 4.994995e-01  5.450462e-02  2.442820e-02 3.567491e-03
 5.005005e-01  3.091648e-02  6.660071e-02 5.391484e-03
 5.015015e-01  4.215000e-03  1.042265e-01 1.088092e-02
 5.025025e-01 -2.400832e-02  1.340100e-01 1.853507e-02
 5.035035e-01 -5.195144e-02  1.532362e-01 2.618027e-02
 5.045045e-01 -7.770089e-02  1.600004e-01 3.163755e-02
 5.055055e-01 -9.935850e-02  1.533991e-01 3.340338e-02
 5.065065e-01 -1.151683e-01  1.336139e-01 3.111640e-02
 5.075075e-01 -1.236636e-01  1.019456e-01 2.568558e-02
 5.085085e-01 -1.237851e-01  6.070959e-02 1.900841e-02
 5.095095e-01 -1.150104e-01  1.310536e-02 1.339914e-02
 5.105105e-01 -9.741515e-02 -3.706869e-02 1.086380e-02
 5.115115e-01 -7.174803e-02 -8.565373e-02 1.248434e-02
 5.125125e-01 -3.938567e-02 -1.285488e-01 1.807602e-02
 5.135135e-01 -2.343881e-03 -1.619285e-01 2.622634e-02
 5.145145e-01  3.693604e-02 -1.827740e-01 3.477061e-02
 5.155155e-01  7.552185e-02 -1.887437e-01 4.132775e-02
 5.165165e-01  1.111175e-01 -1.800049e-01 4.474885e-02
 5.175175e-01  1.452923e-01 -1.636487e-01 4.789076e-02
 5.185185e-01  1.773241e-01 -1.408942e-01 5.129500e-02
 5.195195e-01  2.058709e-01 -1.117983e-01 5.488171e-02
 5.205205e-01  2.297367e-01 -7.694022e-02 5.869873e-02
 5.215215e-01  2.477258e-01 -3.700957e-02 6.273777e-02
 5.225225e-01  2.587891e-01  6.989810e-03 6.702064e-02
 5.235235e-01  2.620110e-01  5.388228e-02 7.155306e-02
 5.245245e-01  2.566968e-01  1.022588e-01 7.635011e-02
 5.255255e-01  2.423856e-01  1.505728e-01 8.142296e-02
 5.265265e-01  2.189101e-01  1.971366e-01 8.678446e-02
 5.275275e-01  1.864084e-01  2.402094e-01 9.244864e-02
 5.285285e-01  1.453597e-01  2.780258e-01 9.842778e-02
 5.295295e-01  9.658156e-02  3.088845e-01 1.047376e-01
 5.305305e-01  4.123796e-02  3.311951e-01 1.113908e-01
 5.315315e-01 -1.918469e-02  3.435637e-01 1.184041e-01
 5.325325e-01 -8.289969e-02  3.448455e-01 1.257908e-01
 5.335335e-01 -1.478691e-01  3.342205e-01 1.335686e-01
 5.345345e-01 -2.118547e-01  3.112385e-01 1.417518e-01
 5.355355e-01 -2.724916e-01  2.758747e-01 1.503586e-01
 5.365365e-01 -3.273630e-01  2.285559e-01 1.594043e-01
 5.375375e-01 -3.740914e-01  1.701860e-01 1.689076e-01
 5.385385e-01 -4.104292e-01  1.021422e-01 1.788852e-01
 5.395395e-01 -4.343571e-01  2.626432e-02 1.893559e-01
 5.405405e-01 -4.441758e-01 -5.518596e-02 2.003377e-01
 5.415415e-01 -4.385982e-01 -1.395753e-01 2.118496e-01
 5.425425e-01 -4.168274e-01 -2.239771e-01 2.239108e-01
 5.435435e-01 -3.786263e-01 -3.052589e-01 2.365408e-01
 5.445445e-01 -3.243657e-01 -3.801928e-01 2.497596e-01
 5.455455e-01 -2.550564e-01 -4.455708e-01 2.635871e-01
 5.465465e-01 -1.723545e-01 -4.983353e-01 2.780441e-01
 5.475475e-01 -7.854406e-02 -5.357068e-01 2.931509e-01
 5.485485e-01  2.350899e-02 -5.553166e-01 3.089292e-01
 5.495495e-01  1.304281e-01 -5.553270e-01 3.253996e-01
 5.505506e-01  2.384252e-01 -5.345443e-01 3.425842e-01
 5.515516e-01  3.434221e-01 -4.925092e-01 3.605040e-01
 5.525526e-01  4.411943e-01 -4.295688e-01 3.791817e-01
 5.535536e-01  5.275301e-01 -3.469159e-01 3.986387e-01
 5.545546e-01  5.984025e-01 -2.466009e-01 4.188976e-01
 5.555556e-01  6.501434e-01 -1.315057e-01 4.399802e-01
 5.565566e-01  6.796186e-01 -5.283753e-03 4.619094e-01
 5.575576e-01  6.843902e-01  1.277382e-01 4.847071e-01
 5.585586e-01  6.628642e-01  2.626916e-01 5.083959e-01
 5.595596e-01  6.144108e-01  3.943317e-01 5.329981e-01
 5.605606e-01  5.394544e-01  5.172282e-01 5.585361e-01
 5.615616e-01  4.395245e-01  6.259794e-01 5.850320e-01
 5.625626e-01  3.172636e-01  7.154380e-01 6.125078e-01
 5.635636e-01  1.763881e-01  7.809435e-01 6.409855e-01
 5.645646e-01  2.160132e-02  8.185475e-01 6.704866e-01
 5.655656e-01 -1.415427e-01  8.252263e-01 7.010328e-01
 5.665666e-01 -3.068201e-01  7.990658e-01 7.326448e-01
 5.675676e-01 -4.675599e-01  7.394129e-01 7.653437e-01
 5.685686e-01 -6.169003e-01  6.469804e-01 7.991495e-01
 5.695696e-01 -7.480709e-01  5.239011e-01 8.340825e-01
 5.705706e-01 -8.546890e-01  3.737225e-01 8.701617e-01
 5.715716e-01 -9.310579e-01  2.013395e-01 9.074064e-01
 5.725726e-01 -9.724552e-01  1.286324e-02 9.458345e-01
 5.735736e-01 -9.753959e-01 -1.845718e-01 9.854639e-01
 5.745746e-01 -9.378577e-01 -3.830592e-01 1.026311e+00
 5.755756e-01 -8.594554e-01 -5.742207e-01 1.068393e+00
 5.765766e-01 -7.415534e-01 -7.495487e-01 1.111725e+00
 5.775776e-01 -5.873061e-01 -9.007730e-01 1.156320e+00
 5.785786e-01 -4.016209e-01 -1.020242e+00 1.202194e+00
 5.795796e-01 -1.910396e-01 -1.101300e+00 1.249358e+00
 5.805806e-01  3.646248e-02 -1.138637e+00 1.297825e+00
 5.815816e-01  2.717533e-01 -1.128607e+00 1.347604e+00
 5.825826e-01  5.048920e-01 -1.069481e+00 1.398705e+00
 5.835836e-01  7.255341e-01 -9.616322e-01 1.451136e+00
 5.845846e-01  9.233792e-01 -8.076360e-01 1.504905e+00
 5.855856e-01  1.088643e+00 -6.122685e-01 1.560017e+00
 5.865866e-01  1.212534e+00 -3.824083e-01 1.616476e+00
 5.875876e-01  1.287711e+00 -1.268312e-01 1.674285e+00
 5.885886e-01  1.308695e+00  1.440936e-01 1.733446e+00
 5.895896e-01  1.272228e+00  4.188016e-01 1.793959e+00
 5.905906e-01  1.177533e+00  6.850085e-01 1.855821e+00
 5.915916e-01  1.026484e+00  9.302478e-01 1.919030e+00
 5.925926e-01  8.236489e-01  1.142446e+00 1.983580e+00
 5.935936e-01  5.762153e-01  1.310512e+00 2.049466e+00
 5.945946e-01  2.937791e-01  1.424911e+00 2.116678e+00
 5.955956e-01 -1.199010e-02  1.478196e+00 2.185206e+00
 5.965966e-01 -3.278034e-01  1.465464e+00 2.255039e+00
 5.975976e-01 -6.393097e-01  1.384718e+00 2.326161e+00
 5.985986e-01 -9.317347e-01  1.237105e+00 2.398557e+00
 5.995996e-01 -1.190574e+00  1.027007e+00 2.472210e+00
 6.006006e-01 -1.402309e+00  7.619905e-01 2.547099e+00
 6.016016e-01 -1.555112e+00  4.525809e-01 2.623202e+00
 6.026026e-01 -1.639505e+00  1.118919e-01 2.700495e+00
 6.036036e-01 -1.648932e+00 -2.449002e-01 2.778952e+00
 6.046046e-01 -1.580219e+00 -6.012096e-01 2.858544e+00
 6.056056e-01 -1.433884e+00 -9.397975e-01 2.939242e+00
 6.066066e-01 -1.214278e+00 -1.243600e+00 3.021012e+00
 6.076076e-01 -9.295404e-01 -1.496587e+00 3.103819e+00
 6.086086e-01 -5.913583e-01 -1.684614e+00 3.187628e+00
 6.096096e-01 -2.145337e-01 -1.796211e+00 3.272398e+00
 6.106106e-01  1.836281e-01 -1.823285e+00 3.358088e+00
 6.116116e-01  5.840897e-01 -1.761674e+00 3.444655e+00
 6.126126e-01  9.669775e-01 -1.611523e+00 3.532053e+00
 6.136136e-01  1.312563e+00 -1.377466e+00 3.620233e+00
 6.146146e-01  1.602284e+00 -1.068566e+00 3.709147e+00
 6.156156e-01  1.819747e+00 -6.980409e-01 3.798742e+00
 6.166166e-01  1.951671e+00 -2.827406e-01 3.888962e+00
 6.176176e-01  1.988699e+00  1.575777e-01 3.979753e+00
 6.186186e-01  1.926046e+00  6.011666e-01 4.071056e+00
 6.196196e-01  1.763935e+00  1.025350e+00 4.162810e+00
 6.206206e-01  1.507777e+00  1.407679e+00 4.254952e+00
 6.216216e-01  1.168088e+00  1.727133e+00 4.347420e+00
 6.226226e-01  7.601291e-01  1.965286e+00 4.440145e+00
 6.236236e-01  3.032694e-01  2.107389e+00 4.533060e+00
 6.246246e-01 -1.798937e-01  2.143300e+00 4.626096e+00
 6.256256e-01 -6.646311e-01  2.068199e+00 4.719181e+00
 6.266266e-01 -1.125339e+00  1.883044e+00 4.812242e+00
 6.276276e-01 -1.536893e+00  1.594730e+00 4.905205e+00
 6.286286e-01 -1.876038e+00  1.215926e+00 4.997993e+00
 6.296296e-01 -2.122719e+00  7.645865e-01 5.090529e+00
 6.306306e-01 -2.261302e+00  2.631537e-01 5.182735e+00
 6.316316e-01 -2.281581e+00 -2.625257e-01 5.274530e+00
 6.326326e-01 -2.179535e+00 -7.845143e-01 5.365835e+00
 6.336336e-01 -1.957757e+00 -1.274265e+00 5.456566e+00
 6.346346e-01 -1.625533e+00 -1.704196e+00 5.546642e+00
 6.356356e-01 -1.198539e+00 -2.049264e+00 5.635979e+00
 6.366366e-01 -6.981689e-01 -2.288461e+00 5.724493e+00
 6.376376e-01 -1.505089e-01 -2.406127e+00 5.812099e+00
 6.386386e-01  4.149929e-01 -2.393009e+00 5.898714e+00
 6.396396e-01  9.670996e-01 -2.246991e+00 5.984250e+00
 6.406406e-01  1.474517e+00 -1.973430e+00 6.068624e+00
 6.416416e-01  1.907688e+00 -1.585079e+00 6.151750e+00
 6.426426e-01  2.240552e+00 -1.101576e+00 6.233544e+00
 6.436436e-01  2.452155e+00 -5.485034e-01 6.313919e+00
 6.446446e-01  2.528016e+00  4.391890e-02 6.392792e+00
 6.456456e-01  2.461161e+00  6.424691e-01 6.470080e+00
 6.466466e-01  2.252743e+00  1.212784e+00 6.545699e+00
 6.476476e-01  1.912201e+00  1.721352e+00 6.619566e+00
 6.486486e-01  1.456929e+00  2.137513e+00 6.691602e+00
 6.496496e-01  9.114565e-01  2.435359e+00 6.761725e+00
 6.506507e-01  3.061827e-01  2.595402e+00 6.829857e+00
 6.516517e-01 -3.242943e-01  2.605908e+00 6.895921e+00
 6.526527e-01 -9.431453e-01  2.463802e+00 6.959842e+00
 6.536537e-01 -1.513475e+00  2.175072e+00 7.021544e+00
 6.546547e-01 -2.000557e+00  1.754631e+00 7.080957e+00
 6.556557e-01 -2.373992e+00  1.225631e+00 7.138009e+00
 6.566567e-01 -2.609676e+00  6.182440e-01 7.192634e+00
 6.576577e-01 -2.691420e+00 -3.201996e-02 7.244765e+00
 6.586587e-01 -2.612131e+00 -6.863752e-01 7.294340e+00
 6.596597e-01 -2.374459e+00 -1.305083e+00 7.341297e+00
 6.606607e-01 -1.990847e+00 -1.849894e+00 7.385579e+00
 6.616617e-01 -1.482970e+00 -2.286467e+00 7.427131e+00
 6.626627e-01 -8.805792e-01 -2.586596e+00 7.465900e+00
 6.636637e-01 -2.198005e-01 -2.730114e+00 7.501836e+00
 6.646647e-01  4.590102e-01 -2.706327e+00 7.534895e+00
 6.656657e-01  1.113737e+00 -2.514880e+00 7.565032e+00
 6.666667e-01  1.703146e+00 -2.165987e+00 7.592208e+00
 6.676677e-01  2.189533e+00 -1.679981e+00 7.616387e+00
 6.686687e-01  2.541203e+00 -1.086197e+00 7.637537e+00
 6.696697e-01  2.734624e+00 -4.212576e-01 7.655628e+00
 6.706707e-01  2.756087e+00  2.731642e-01 7.670635e+00
 6.716717e-01  2.602768e+00  9.529593e-01 7.682535e+00
 6.726727e-01  2.283100e+00  1.574410e+00 7.691311e+00
 6.736737e-01  1.816404e+00  2.097052e+00 7.696949e+00
 6.746747e-01  1.231801e+00  2.486384e+00 7.699439e+00
 6.756757e-01  5.664471e-01  2.716231e+00 7.698772e+00
 6.766767e-01 -1.367993e-01  2.770602e+00 7.694948e+00
 6.776777e-01 -8.321389e-01  2.644903e+00 7.687967e+00
 6.786787e-01 -1.473840e+00  2.346408e+00 7.677835e+00
 6.796797e-01 -2.019299e+00  1.893935e+00 7.664560e+00
 6.806807e-01 -2.431943e+00  1.316742e+00 7.648156e+00
 6.816817e-01 -2.683773e+00  6.526875e-01 7.628639e+00
 6.826827e-01 -2.757370e+00 -5.422158e-02 7.606031e+00
 6.836837e-01 -2.647205e+00 -7.567447e-01 7.580355e+00
 6.846847e-01 -2.360154e+00 -1.407592e+00 7.551641e+00
 6.856857e-01 -1.915170e+00 -1.962662e+00 7.519920e+00
 6.866867e-01 -1.342112e+00 -2.384107e+00 7.485228e+00
 6.876877e-01 -6.797924e-01 -2.643007e+00 7.447605e+00
 6.886887e-01  2.661519e-02 -2.721467e+00 7.407093e+00
 6.896897e-01  7.286610e-01 -2.613961e+00 7.363740e+00
 6.906907e-01  1.377969e+00 -2.327831e+00 7.317594e+00
 6.916917e-01  1.929628e+00 -1.882882e+00 7.268708e+00
 6.926927e-01  2.345376e+00 -1.310096e+00 7.217140e+00
 6.936937e-01  2.596356e+00 -6.495240e-01 7.162948e+00
 6.946947e-01  2.665228e+00  5.248212e-02 7.106195e+00
 6.956957e-01  2.547478e+00  7.465250e-01 7.046944e+00
 6.966967e-01  2.251827e+00  1.383670e+00 6.985266e+00
 6.976977e-01  1.799680e+00  1.918953e+00 6.921229e+00
 6.986987e-01  1.223658e+00  2.314642e+00 6.854906e+00
 6.996997e-01  5.652964e-01  2.542993e+00 6.786373e+00
 7.007007e-01 -1.279220e-01  2.588309e+00 6.715706e+00
 7.017017e-01 -8.060005e-01  2.448132e+00 6.642985e+00
 7.027027e-01 -1.420069e+00  2.133470e+00 6.568291e+00
 7.037037e-01 -1.925970e+00  1.668036e+00 6.491707e+00
 7.047047e-01 -2.287522e+00  1.086536e+00 6.413316e+00
 7.057057e-01 -2.479207e+00  4.321304e-01 6.333206e+00
 7.067067e-01 -2.488087e+00 -2.467455e-01 6.251461e+00
 7.077077e-01 -2.314780e+00 -8.999808e-01 6.168172e+00
 7.087087e-01 -1.973429e+00 -1.479528e+00 6.083425e+00
 7.097097e-01 -1.490649e+00 -1.943007e+00 5.997312e+00
 7.107107e-01 -9.035260e-01 -2.256892e+00 5.909921e+00
 7.117117e-01 -2.568129e-01 -2.399040e+00 5.821345e+00
 7.127127e-01  4.004694e-01 -2.360359e+00 5.731672e+00
 7.137137e-01  1.018765e+00 -2.145487e+00 5.640996e+00
 7.147147e-01  1.551766e+00 -1.772407e+00 5.549406e+00
 7.157157e-01  1.959957e+00 -1.271048e+00 5.456993e+00
 7.167167e-01  2.213631e+00 -6.809456e-01 5.363847e+00
 7.177177e-01  2.295156e+00 -4.816612e-02 5.270059e+00
 7.187187e-01  2.200296e+00  5.782866e-01 5.175717e+00
 7.197197e-01  1.938489e+00  1.150292e+00 5.080910e+00
 7.207207e-01  1.532047e+00  1.624363e+00 4.985725e+00
 7.217217e-01  1.014352e+00  1.965029e+00 4.890249e+00
 7.227227e-01  4.271673e-01  2.147579e+00 4.794567e+00
 7.237237e-01 -1.826995e-01  2.159950e+00 4.698763e+00
 7.247247e-01 -7.671342e-01  2.003603e+00 4.602918e+00
 7.257257e-01 -1.280546e+00  1.693315e+00 4.507115e+00
 7.267267e-01 -1.683484e+00  1.255911e+00 4.411432e+00
 7.277277e-01 -1.945747e+00  7.280213e-01 4.315947e+00
 7.287287e-01 -2.048733e+00  1.530661e-01 4.220735e+00
 7.297297e-01 -1.986840e+00 -4.223008e-01 4.125870e+00
 7.307307e-01 -1.767805e+00 -9.519931e-01 4.031424e+00
 7.317317e-01 -1.411949e+00 -1.394226e+00 3.937466e+00
 7.327327e-01 -9.504023e-01 -1.714876e+00 3.844063e+00
 7.337337e-01 -4.224471e-01 -1.890190e+00 3.751282e+00
 7.347347e-01  1.277890e-01 -1.908626e+00 3.659183e+00
 7.357357e-01  6.550180e-01 -1.771660e+00 3.567829e+00
 7.367367e-01  1.116545e+00 -1.493521e+00 3.477277e+00
 7.377377e-01  1.475774e+00 -1.099852e+00 3.387582e+00
 7.387387e-01  1.705175e+00 -6.254400e-01 3.298799e+00
 7.397397e-01  1.788466e+00 -1.111945e-01 3.210976e+00
 7.407407e-01  1.721823e+00  3.993615e-01 3.124163e+00
 7.417417e-01  1.514030e+00  8.637823e-01 3.038405e+00
 7.427427e-01  1.185560e+00  1.244264e+00 2.953745e+00
 7.437437e-01  7.666721e-01  1.510774e+00 2.870224e+00
 7.447447e-01  2.946919e-01  1.643483e+00 2.787879e+00
 7.457457e-01 -1.892766e-01  1.634295e+00 2.706745e+00
 7.467467e-01 -6.439250e-01  1.487352e+00 2.626857e+00
 7.477477e-01 -1.031287e+00  1.218478e+00 2.548242e+00
 7.487487e-01 -1.319950e+00  8.536171e-01 2.470931e+00
 7.497497e-01 -1.487654e+00  4.264191e-01 2.394947e+00
 7.507508e-01 -1.523056e+00 -2.481266e-02 2.320314e+00
 7.517518e-01 -1.426519e+00 -4.605378e-01 2.247052e+00
 7.527528e-01 -1.209863e+00 -8.434512e-01 2.175179e+00
 7.537538e-01 -8.951091e-01 -1.141706e+00 2.104712e+00
 7.547548e-01 -5.123450e-01 -1.331603e+00 2.035663e+00
 7.557558e-01 -9.691542e-02 -1.399518e+00 1.968044e+00
 7.567568e-01  3.138133e-01 -1.342901e+00 1.901863e+00
 7.577578e-01  6.838096e-01 -1.170271e+00 1.837129e+00
 7.587588e-01  9.815567e-01 -9.002175e-01 1.773845e+00
 7.597598e-01  1.182769e+00 -5.595294e-01 1.712015e+00
 7.607608e-01  1.272408e+00 -1.806054e-01 1.651640e+00
 7.617618e-01  1.245826e+00  2.015834e-01 1.592719e+00
 7.627628e-01  1.108947e+00  5.527082e-01 1.535249e+00
 7.637638e-01  8.774775e-01  8.421753e-01 1.479226e+00
 7.647648e-01  5.752524e-01  1.045815e+00 1.424644e+00
 7.657658e-01  2.318602e-01  1.147927e+00 1.371495e+00
 7.667668e-01 -1.202029e-01  1.142506e+00 1.319770e+00
 7.677678e-01 -4.485875e-01  1.033551e+00 1.269458e+00
 7.687688e-01 -7.240641e-01  8.344334e-01 1.220548e+00
 7.697698e-01 -9.231407e-01  5.664250e-01 1.173026e+00
 7.707708e-01 -1.030087e+00  2.565137e-01 1.126878e+00
 7.717718e-01 -1.038185e+00 -6.525762e-02 1.082088e+00
 7.727728e-01 -9.501138e-01 -3.686764e-01 1.038639e+00
 7.737738e-01 -7.774302e-01 -6.261913e-01 9.965132e-01
 7.747748e-01 -5.392382e-01 -8.154231e-01 9.556927e-01
 7.757758e-01 -2.601721e-01 -9.211232e-01 9.161574e-01
 7.767768e-01  3.209204e-02 -9.364065e-01 8.778871e-01
 7.777778e-01  3.095490e-01 -8.631570e-01 8.408605e-01
 7.787788e-01  5.465370e-01 -7.115851e-01 8.050561e-01
 7.797798e-01  7.221145e-01 -4.990009e-01 7.704512e-01
 7.807808e-01  8.219183e-01 -2.479383e-01 7.370232e-01
 7.817818e-01  8.393372e-01  1.617171e-02 7.047484e-01
 7.827828e-01  7.759023e-01  2.675422e-01 6.736033e-01
 7.837838e-01  6.408782e-01  4.825335e-01 6.435634e-01
 7.847848e-01  4.501123e-01  6.418749e-01 6.146045e-01
 7.857858e-01  2.242771e-01  7.323943e-01 5.867017e-01
 7.867868e-01 -1.330786e-02  7.480996e-01 5.598302e-01
 7.877878e-01 -2.390482e-01  6.905221e-01 5.339648e-01
 7.887888e-01 -4.314003e-01  5.683081e-01 5.090804e-01
 7.897898e-01 -5.729222e-01  3.961210e-01 4.851517e-01
 7.907908e-01 -6.518529e-01  1.929805e-01 4.621536e-01
 7.917918e-01 -6.630760e-01 -1.977709e-02 4.400609e-01
 7.927928e-01 -6.083898e-01 -2.207040e-01 4.188484e-01
 7.937938e-01 -4.960761e-01 -3.903841e-01 3.984912e-01
 7.947948e-01 -3.398325e-01 -5.133013e-01 3.789644e-01
 7.957958e-01 -1.571961e-01 -5.792518e-01 3.602433e-01
 7.967968e-01  3.236698e-02 -5.841711e-01 3.423035e-01
 7.977978e-01  2.095017e-01 -5.303111e-01 3.251208e-01
 7.987988e-01  3.569209e-01 -4.257685e-01 3.086713e-01
 7.997998e-01  4.610817e-01 -2.834343e-01 2.929313e-01
 8.008008e-01  5.134194e-01 -1.194910e-01 2.778776e-01
 8.018018e-01  5.110256e-01  4.837419e-02 2.634872e-01
 8.028028e-01  4.567186e-01  2.028438e-01 2.497375e-01
 8.038038e-01  3.585216e-01  3.287379e-01 2.366063e-01
 8.048048e-01  2.286201e-01  4.144933e-01 2.240719e-01
 8.058058e-01  8.192801e-02  4.532114e-01 2.121128e-01
 8.068068e-01 -6.557640e-02  4.431792e-01 2.007080e-01
 8.078078e-01 -1.985601e-01  3.878287e-01 1.898372e-01
 8.088088e-01 -3.039106e-01  2.951584e-01 1.794802e-01
 8.098098e-01 -3.720151e-01  1.766978e-01 1.696174e-01
 8.108108e-01 -3.976187e-01  4.614103e-02 1.602296e-01
 8.118118e-01 -3.801877e-01 -8.219302e-02 1.512984e-01
 8.128128e-01 -3.237561e-01 -1.949034e-01 1.428053e-01
 8.138138e-01 -2.362931e-01 -2.808887e-01 1.347329e-01
 8.148148e-01 -1.286767e-01 -3.324245e-01 1.270637e-01
 8.158158e-01 -1.339937e-02 -3.458348e-01 1.197812e-01
 8.168168e-01  9.684472e-02 -3.216989e-01 1.128691e-01
 8.178178e-01  1.905326e-01 -2.645917e-01 1.063115e-01
 8.188188e-01  2.584997e-01 -1.824037e-01 1.000932e-01
 8.198198e-01  2.948188e-01 -8.533050e-02 9.419940e-02
 8.208208e-01  2.972884e-01  1.534181e-02 8.861577e-02
 8.218218e-01  2.674930e-01  1.085169e-01 8.332843e-02
 8.228228e-01  2.104463e-01  1.844894e-01 7.832397e-02
 8.238238e-01  1.338750e-01  2.359385e-01 7.358947e-02
 8.248248e-01  4.723695e-02  2.586138e-01 6.911241e-02
 8.258258e-01 -3.940596e-02  2.516504e-01 6.488076e-02
 8.268268e-01 -1.165290e-01  2.174946e-01 6.088290e-02
 8.278278e-01 -1.761723e-01  1.614651e-01 5.710765e-02
 8.288288e-01 -2.127446e-01  9.101654e-02 5.354426e-02
 8.298298e-01 -2.235249e-01  1.479854e-02 5.018237e-02
 8.308308e-01 -2.088175e-01 -5.837213e-02 4.701205e-02
 8.318318e-01 -1.717598e-01 -1.205085e-01 4.402374e-02
 8.328328e-01 -1.178209e-01 -1.653073e-01 4.120828e-02
 8.338338e-01 -5.406085e-02 -1.887705e-01 3.855688e-02
 8.348348e-01  1.175208e-02 -1.895336e-01 3.606111e-02
 8.358358e-01  7.206075e-02 -1.688791e-01 3.371291e-02
 8.368368e-01  1.203671e-01 -1.304466e-01 3.150456e-02
 8.378378e-01  1.519157e-01 -7.968872e-02 2.942866e-02
 8.388388e-01  1.641412e-01 -2.314779e-02 2.747816e-02
 8.398398e-01  1.568420e-01  3.235570e-02 2.564630e-02
 8.408408e-01  1.320706e-01  8.052335e-02 2.392666e-02
 8.418418e-01  9.377022e-02  1.162765e-01 2.231308e-02
 8.428428e-01  4.721083e-02  1.362749e-01 2.079970e-02
 8.438438e-01 -1.698260e-03  1.392051e-01 1.938094e-02
 8.448448e-01 -4.713332e-02  1.258170e-01 1.805148e-02
 8.458458e-01 -8.403130e-02  9.871676e-02 1.680626e-02
 8.468468e-01 -1.086384e-01  6.195289e-02 1.564046e-02
 8.478478e-01 -1.188741e-01  2.045644e-02 1.454951e-02
 8.488488e-01 -1.144772e-01 -2.059224e-02 1.352906e-02
 8.498498e-01 -9.692836e-02 -5.639036e-02 1.257498e-02
 8.508509e-01 -6.917037e-02 -8.305907e-02 1.168335e-02
 8.518519e-01 -3.516999e-02 -9.804857e-02 1.085045e-02
 8.528529e-01  6.168316e-04 -1.003613e-01 1.007277e-02
 8.538539e-01  3.380745e-02 -9.057599e-02 9.346954e-03
 8.548549e-01  6.061331e-02 -7.068158e-02 8.669860e-03
 8.558559e-01  7.825848e-02 -4.375045e-02 8.038491e-03
 8.568569e-01  8.525113e-02 -1.350062e-02 7.450023e-03
 8.578579e-01  8.148329e-02  1.619429e-02 6.901782e-03
 8.588589e-01  6.815646e-02  4.178448e-02 6.391245e-03
 8.598599e-01  4.755229e-02  6.045503e-02 5.916030e-03
 8.608609e-01  2.268527e-02  7.042206e-02 5.473888e-03
 8.618619e-01 -3.113072e-03  7.108452e-02 5.062700e-03
 8.628629e-01 -2.662322e-02  6.302119e-02 4.680466e-03
 8.638639e-01 -4.512631e-02  4.784268e-02 4.325306e-03
 8.648649e-01 -5.670659e-02  2.792505e-02 3.995446e-03
 8.658659e-01 -6.043533e-02  6.065503e-03 3.689219e-03
 8.668669e-01 -5.642048e-02 -1.489251e-02 3.405057e-03
 8.678679e-01 -4.572403e-02 -3.241604e-02 3.141487e-03
 8.688689e-01 -3.016543e-02 -4.457767e-02 2.897122e-03
 8.698699e-01 -1.204285e-02 -5.025569e-02 2.670664e-03
 8.708709e-01  6.187666e-03 -4.921997e-02 2.460892e-03
 8.718719e-01  2.223184e-02 -4.209997e-02 2.266662e-03
 8.728729e-01  3.423548e-02 -3.024621e-02 2.086901e-03
 8.738739e-01  4.098851e-02 -1.550957e-02 1.920604e-03
 8.748749e-01  4.203367e-02  2.831894e-05 1.766830e-03
 8.758759e-01  3.767199e-02  1.433595e-02 1.624698e-03
 8.768769e-01  2.887101e-02  2.568753e-02 1.493384e-03
 8.778779e-01  1.709387e-02  3.286210e-02 1.372118e-03
 8.788789e-01  4.076379e-03  3.526417e-02 1.260179e-03
 8.798799e-01 -8.415737e-03  3.295558e-02 1.156895e-03
 8.808809e-01 -1.881673e-02  2.660018e-02 1.061639e-03
 8.818819e-01 -2.594883e-02  1.733444e-02 9.738244e-04
 8.828829e-01 -2.914678e-02  6.585665e-03 8.929055e-04
 8.838839e-01 -2.830682e-02 -4.134854e-03 8.183733e-04
 8.848849e-01 -2.385897e-02 -1.343513e-02 7.497533e-04
 8.858859e-01 -1.667127e-02 -2.021566e-02 6.866040e-04
 8.868869e-01 -7.903452e-03 -2.379181e-02 6.285148e-04
 8.878879e-01  1.167362e-03 -2.395288e-02 5.751032e-04
 8.888889e-01  9.323843e-03 -2.095424e-02 5.260140e-04
 8.898899e-01  1.556487e-02 -1.544835e-02 4.809167e-04
 8.908909e-01  1.922181e-02 -8.368203e-03 4.395047e-04
 8.918919e-01  2.002204e-02 -7.818042e-04 4.014932e-04
 8.928929e-01  1.809488e-02  6.260454e-03 3.666181e-04
 8.938939e-01  1.392336e-02  1.186485e-02 3.346347e-04
 8.948949e-01  8.252026e-03  1.540194e-02 3.053157e-04
 8.958959e-01  1.966567e-03  1.657057e-02 2.784511e-04
 8.968969e-01 -4.036574e-03  1.541271e-02 2.538457e-04
 8.978979e-01 -8.972163e-03  1.228086e-02 2.313193e-04
 8.988989e-01 -1.226374e-02  7.765671e-03 2.107049e-04
 8.998999e-01 -1.360533e-02  2.596844e-03 1.918485e-04
 9.009009e-01 -1.298152e-02 -2.467368e-03 1.746078e-04
 9.019019e-01 -1.064625e-02 -6.745992e-03 1.588511e-04
 9.029029e-01 -7.066320e-03 -9.722353e-03 1.444570e-04
 9.039039e-01 -2.840044e-03 -1.110169e-02 1.313133e-04
 9.049049e-01  1.395803e-03 -1.083365e-02 1.193163e-04
 9.059059e-01  5.057030e-03 -9.099286e-03 1.083706e-04
 9.069069e-01  7.688558e-03 -6.266928e-03 9.838830e-05
 9.079079e-01  9.016900e-03 -2.825634e-03 8.928870e-05
 9.089089e-01  8.973149e-03  6.928718e-04 8.099748e-05
 9.099099e-01  7.685525e-03  3.791945e-03 7.344614e-05
 9.109109e-01  5.444938e-03  6.076532e-03 6.657159e-05
 9.119119e-01  2.650490e-03  7.300042e-03 6.031571e-05
 9.129129e-01 -2.557792e-04  7.386448e-03 5.462503e-05
 9.139139e-01 -2.854869e-03  6.426540e-03 4.945070e-05
 9.149149e-01 -4.808073e-03  4.650842e-03 4.474790e-05
 9.159159e-01 -5.898104e-03  2.384977e-03 4.047575e-05
 9.169169e-01 -6.049513e-03 -4.801895e-06 3.659663e-05
 9.179179e-01 -5.327173e-03 -2.167295e-03 3.307594e-05
 9.189189e-01 -3.914820e-03 -3.815228e-03 2.988178e-05
 9.199199e-01 -2.078367e-03 -4.760803e-03 2.698485e-05
 9.209209e-01 -1.205152e-04 -4.933959e-03 2.435848e-05
 9.219219e-01  1.666060e-03 -4.382082e-03 2.197839e-05
 9.229229e-01  3.040071e-03 -3.252789e-03 1.982267e-05
 9.239239e-01  3.841971e-03 -1.763656e-03 1.787122e-05
 9.249249e-01  4.009810e-03 -1.644184e-04 1.610561e-05
 9.259259e-01  3.579504e-03  1.302254e-03 1.450871e-05
 9.269269e-01  2.670789e-03  2.435496e-03 1.306476e-05
 9.279279e-01  1.462140e-03  3.101860e-03 1.175939e-05
 9.289289e-01  1.592749e-04  3.248746e-03 1.057972e-05
 9.299299e-01 -1.037566e-03  2.904779e-03 9.514285e-06
 9.309309e-01 -1.962620e-03  2.168145e-03 8.552730e-06
 9.319319e-01 -2.505927e-03  1.185705e-03 7.685569e-06
 9.329329e-01 -2.624462e-03  1.267365e-04 6.903865e-06
 9.339339e-01 -2.342321e-03 -8.442675e-04 6.199255e-06
 9.349349e-01 -1.740884e-03 -1.591658e-03 5.564052e-06
 9.359359e-01 -9.413196e-04 -2.026169e-03 4.991442e-06
 9.369369e-01 -8.271821e-05 -2.113935e-03 4.475564e-06
 9.379379e-01  7.004603e-04 -1.876344e-03 4.011313e-06
 9.389389e-01  1.298171e-03 -1.381603e-03 3.594077e-06
 9.399399e-01  1.639055e-03 -7.299945e-04 3.219395e-06
 9.409409e-01  1.697537e-03 -3.566922e-05 2.882903e-06
 9.419419e-01  1.493311e-03  5.919949e-04 2.580437e-06
 9.429429e-01  1.084006e-03  1.064542e-03 2.308320e-06
 9.439439e-01  5.527381e-04  1.325907e-03 2.063549e-06
 9.449449e-01 -7.044493e-06  1.357827e-03 1.843744e-06
 9.459459e-01 -5.068708e-04  1.178972e-03 1.646893e-06
 9.469469e-01 -8.763343e-04  8.384597e-04 1.470977e-06
 9.479479e-01 -1.072154e-03  4.053243e-04 1.313803e-06
 9.489489e-01 -1.082178e-03 -4.410877e-05 1.173054e-06
 9.499499e-01 -9.241828e-04 -4.387352e-04 1.046602e-06
 9.509510e-01 -6.401557e-04 -7.231932e-04 9.328077e-07
 9.519520e-01 -2.873586e-04 -8.648884e-04 8.306069e-07
 9.529530e-01  7.211598e-05 -8.568109e-04 7.393256e-07
 9.539540e-01  3.815203e-04 -7.160489e-04 6.582838e-07
 9.549550e-01  5.977960e-04 -4.786968e-04 5.865107e-07
 9.559560e-01  6.969431e-04 -1.922504e-04 5.226899e-07
 9.569570e-01  6.758633e-04  9.301553e-05 4.654432e-07
 9.579580e-01  5.507192e-04  3.322793e-04 4.137012e-07
 9.589590e-01  3.524152e-04  4.926945e-04 3.669444e-07
 9.599600e-01  1.201903e-04  5.573833e-04 3.251218e-07
 9.609610e-01 -1.054664e-04  5.264608e-04 2.882841e-07
 9.619620e-01 -2.893896e-04  4.152694e-04 2.561950e-07
 9.629630e-01 -4.067930e-04  2.503298e-04 2.281455e-07
 9.639640e-01 -4.461563e-04  6.393505e-05 2.031431e-07
 9.649650e-01 -4.096857e-04 -1.116569e-04 1.803096e-07
 9.659660e-01 -3.115274e-04 -2.494052e-04 1.592523e-07
 9.669670e-01 -1.742360e-04 -3.313159e-04 1.401284e-07
 9.679680e-01 -2.425402e-05 -3.503842e-04 1.233574e-07
 9.689690e-01  1.127755e-04 -3.105734e-04 1.091742e-07
 9.699700e-01  2.160768e-04 -2.249829e-04 9.730647e-08
 9.709710e-01  2.726009e-04 -1.127386e-04 8.702126e-08
 9.719720e-01  2.783249e-04  4.802133e-06 7.748780e-08
 9.729730e-01  2.379478e-04  1.077883e-04 6.823746e-08
 9.739740e-01  1.631893e-04  1.809928e-04 5.938914e-08
 9.749750e-01  7.012233e-05  2.158090e-04 5.149065e-08
 9.759760e-01 -2.393199e-05  2.109602e-04 4.507696e-08
 9.769770e-01 -1.033812e-04  1.718886e-04 4.023336e-08
 9.779780e-01 -1.567436e-04  1.091124e-04 3.647406e-08
 9.789790e-01 -1.780958e-04  3.588660e-05 3.300595e-08
 9.799800e-01 -1.674532e-04 -3.431706e-05 2.921825e-08
 9.809810e-01 -1.301251e-04 -9.011606e-05 2.505344e-08
 9.819820e-01 -7.526655e-05 -1.238910e-04 2.101403e-08
 9.829830e-01 -1.394519e-05 -1.326593e-04 1.779295e-08
 9.839840e-01  4.289833e-05 -1.180362e-04 1.577281e-08
 9.849850e-01  8.625426e-05 -8.543609e-05 1.473912e-08
 9.859860e-01  1.103297e-04 -4.268493e-05 1.399464e-08
 9.869870e-01  1.131676e-04  1.604381e-06 1.280948e-08
 9.879880e-01  9.655938e-05  3.963331e-05 1.089451e-08
 9.889890e-01  6.534996e-05  6.567039e-05 8.583218e-09
 9.899900e-01  2.630817e-05  7.682058e-05 6.593521e-09
 9.909910e-01 -1.319567e-05  7.317965e-05 5.529388e-09
 9.919920e-01 -4.647407e-05  5.746084e-05 5.461587e-09
 9.929930e-01 -6.855297e-05  3.416986e-05 5.867089e-09
 9.939940e-01 -7.681595e-05  8.574177e-06 5.974207e-09
 9.949950e-01 -7.119059e-05 -1.437130e-05 5.274635e-09
 9.959960e-01 -5.390571e-05 -3.089242e-05 3.860167e-09
 9.969970e-01 -2.889763e-05 -3.896611e-05 2.353431e-09
 9.979980e-01 -1.008262e-06 -3.846975e-05 1.480939e-09
 9.989990e-01  2.488258e-05 -3.097213e-05 1.578416e-09
 1.000000e+00  4.463757e-05 -1.919469e-05 2.360948e-09
