# x psi_r psi_i psi2 
 0.000000e+00 -2.509492e-02 -2.198682e-02 1.113176e-03
 1.001001e-03 -1.862927e-02 -3.147919e-02 1.337989e-03
 2.002002e-03 -1.013907e-02 -3.542724e-02 1.357890e-03
 3.003003e-03 -1.135696e-03 -3.345533e-02 1.120549e-03
 4.004004e-03  6.959170e-03 -2.614452e-02 7.319659e-04
 5.005005e-03  1.303185e-02 -1.489893e-02 3.918070e-04
 6.006006e-03  1.642203e-02 -1.688961e-03 2.725357e-04
 7.007007e-03  1.697768e-02  1.128312e-02 4.155501e-04
 8.008008e-03  1.501860e-02  2.193990e-02 7.069175e-04
 9.009009e-03  1.122394e-02  2.865134e-02 9.468758e-04
 1.001001e-02  6.470444e-03  3.047425e-02 9.705465e-04
 1.101101e-02  1.654984e-03  2.727514e-02 7.466723e-04
 1.201201e-02 -2.465370e-03  1.972191e-02 3.950317e-04
 1.301301e-02 -5.388367e-03  9.151022e-03 1.127757e-04
 1.401401e-02 -6.919892e-03 -2.664411e-03 5.498400e-05
 1.501502e-02 -7.161630e-03 -1.380605e-02 2.418960e-04
 1.601602e-02 -6.441855e-03 -2.251410e-02 5.483822e-04
 1.701702e-02 -5.208423e-03 -2.745628e-02 7.809748e-04
 1.801802e-02 -3.909008e-03 -2.792217e-02 7.949279e-04
 1.901902e-02 -2.884545e-03 -2.391592e-02 5.802918e-04
 2.002002e-02 -2.297574e-03 -1.613678e-02 2.656747e-04
 2.102102e-02 -2.108918e-03 -5.854424e-03 3.872182e-05
 2.202202e-02 -2.105487e-03  5.298679e-03 3.250907e-05
 2.302302e-02 -1.971186e-03  1.558371e-02 2.467377e-04
 2.402402e-02 -1.383942e-03  2.342099e-02 5.504580e-04
 2.502503e-02 -1.165184e-04  2.762459e-02 7.631318e-04
 2.602603e-02  1.881987e-03  2.757249e-02 7.637839e-04
 2.702703e-02  4.443192e-03  2.328904e-02 5.621212e-04
 2.802803e-02  7.186425e-03  1.543057e-02 2.897471e-04
 2.902903e-02  9.576910e-03  5.178865e-03 1.185378e-04
 3.003003e-02  1.102575e-02 -5.939309e-03 1.568426e-04
 3.103103e-02  1.101334e-02 -1.627879e-02 3.862926e-04
 3.203203e-02  9.212116e-03 -2.431513e-02 6.760886e-04
 3.303303e-02  5.583603e-03 -2.886213e-02 8.641991e-04
 3.403403e-02  4.280926e-04 -2.923783e-02 8.550341e-04
 3.503504e-02 -5.626524e-03 -2.535706e-02 6.746384e-04
 3.603604e-02 -1.169963e-02 -1.773942e-02 4.515682e-04
 3.703704e-02 -1.678747e-02 -7.433448e-03 3.370754e-04
 3.803804e-02 -1.992789e-02  4.130979e-03 4.141856e-04
 3.903904e-02 -2.037293e-02  1.534085e-02 6.503979e-04
 4.004004e-02 -1.773928e-02  2.462131e-02 9.208909e-04
 4.104104e-02 -1.210840e-02  3.065031e-02 1.086055e-03
 4.204204e-02 -4.055627e-03  3.253833e-02 1.075191e-03
 4.304304e-02  5.401455e-03  2.995015e-02 9.261873e-04
 4.404404e-02  1.493190e-02  2.315308e-02 7.590268e-04
 4.504505e-02  2.308078e-02  1.298617e-02 7.013633e-04
 4.604605e-02  2.849145e-02  7.545468e-04 8.123318e-04
 4.704705e-02  3.012638e-02 -1.193752e-02 1.050103e-03
 4.804805e-02  2.745099e-02 -2.339352e-02 1.300814e-03
 4.904905e-02  2.054898e-02 -3.204558e-02 1.449180e-03
 5.005005e-02  1.014787e-02 -3.666149e-02 1.447044e-03
 5.105105e-02 -2.453788e-03 -3.651157e-02 1.339116e-03
 5.205205e-02 -1.555035e-02 -3.147410e-02 1.232432e-03
 5.305305e-02 -2.726306e-02 -2.206483e-02 1.230131e-03
 5.405405e-02 -3.581102e-02 -9.385933e-03 1.370525e-03
 5.505506e-02 -3.977955e-02  5.001231e-03 1.607425e-03
 5.605606e-02 -3.834549e-02  1.926493e-02 1.841514e-03
 5.705706e-02 -3.142417e-02  3.153148e-02 1.981713e-03
 5.805806e-02 -1.971388e-02  4.012546e-02 1.998689e-03
 5.905906e-02 -4.627753e-03  4.379181e-02 1.939139e-03
 6.006006e-02  1.188005e-02  4.187119e-02 1.894332e-03
 6.106106e-02  2.757186e-02  3.440478e-02 1.943896e-03
 6.206206e-02  4.023262e-02  2.215307e-02 2.109422e-03
 6.306306e-02  4.798220e-02  6.523004e-03 2.344841e-03
 6.406406e-02  4.954941e-02 -1.059027e-02 2.567298e-03
 6.506507e-02  4.446830e-02 -2.702996e-02 2.708049e-03
 6.606607e-02  3.316742e-02 -4.064598e-02 2.752173e-03
 6.706707e-02  1.693743e-02 -4.957208e-02 2.744268e-03
 6.806807e-02 -2.220555e-03 -5.247655e-02 2.758720e-03
 6.906907e-02 -2.184730e-02 -4.875305e-02 2.854165e-03
 7.007007e-02 -3.934545e-02 -3.862484e-02 3.039942e-03
 7.107107e-02 -5.232468e-02 -2.314578e-02 3.273599e-03
 7.207207e-02 -5.892576e-02 -4.094313e-03 3.489008e-03
 7.307307e-02 -5.807964e-02  1.622966e-02 3.636646e-03
 7.407407e-02 -4.966610e-02  3.528201e-02 3.711541e-03
 7.507508e-02 -3.454979e-02  5.059220e-02 3.753259e-03
 7.607608e-02 -1.448748e-02  6.008206e-02 3.819742e-03
 7.707708e-02  8.082521e-03  6.234407e-02 3.952111e-03
 7.807808e-02  3.034253e-02  5.684209e-02 4.151692e-03
 7.907908e-02  4.945064e-02  4.400626e-02 4.381916e-03
 8.008008e-02  6.290368e-02  2.520697e-02 4.592264e-03
 8.108108e-02  6.886130e-02  2.607924e-03 4.748680e-03
 8.208208e-02  6.638958e-02 -2.108577e-02 4.852186e-03
 8.308308e-02  5.559277e-02 -4.295469e-02 4.935661e-03
 8.408408e-02  3.761579e-02 -6.022718e-02 5.042260e-03
 8.508509e-02  1.451654e-02 -7.063079e-02 5.199439e-03
 8.608609e-02 -1.097676e-02 -7.268830e-02 5.404079e-03
 8.708709e-02 -3.579346e-02 -6.591945e-02 5.626545e-03
 8.808809e-02 -5.689343e-02 -5.092146e-02 5.829857e-03
 8.908909e-02 -7.163921e-02 -2.931629e-02 5.991620e-03
 9.009009e-02 -7.812176e-02 -3.569412e-03 6.115751e-03
 9.109109e-02 -7.540000e-02  2.329864e-02 6.227987e-03
 9.209209e-02 -6.362457e-02  4.807315e-02 6.359114e-03
 9.309309e-02 -4.403085e-02  6.773423e-02 6.526642e-03
 9.409409e-02 -1.880175e-02  7.982599e-02 6.725695e-03
 9.509510e-02  9.183427e-03  8.276035e-02 6.933610e-03
 9.609610e-02  3.668409e-02  7.601774e-02 7.124419e-03
 9.709710e-02  6.047752e-02  6.022008e-02 7.283989e-03
 9.809810e-02  7.773723e-02  3.706685e-02 7.417029e-03
 9.909910e-02  8.636580e-02  9.142038e-03 7.542629e-03
 1.001001e-01  8.524320e-02 -2.038460e-02 7.681935e-03
 1.011011e-01  7.436164e-02 -4.812590e-02 7.845757e-03
 1.021021e-01  5.483179e-02 -7.087120e-02 8.029252e-03
 1.031031e-01  2.875985e-02 -8.595896e-02 8.216072e-03
 1.041041e-01 -9.894303e-04 -9.158465e-02 8.388727e-03
 1.051051e-01 -3.111599e-02 -8.700821e-02 8.538633e-03
 1.061061e-01 -5.825644e-02 -7.263832e-02 8.670139e-03
 1.071071e-01 -7.936183e-02 -4.998499e-02 8.796798e-03
 1.081081e-01 -9.203840e-02 -2.148762e-02 8.932785e-03
 1.091091e-01 -9.481322e-02  9.760005e-03 9.084805e-03
 1.101101e-01 -8.729558e-02  4.035534e-02 9.249073e-03
 1.111111e-01 -7.021743e-02  6.696318e-02 9.414555e-03
 1.121121e-01 -4.534995e-02  8.667984e-02 9.570013e-03
 1.131131e-01 -1.530727e-02  9.734560e-02 9.710478e-03
 1.141141e-01  1.673932e-02  9.777188e-02 9.839545e-03
 1.151151e-01  4.740404e-02  8.786065e-02 9.966637e-03
 1.161161e-01  7.344794e-02  6.860538e-02 1.010130e-02
 1.171171e-01  9.211964e-02  4.197643e-02 1.024805e-02
 1.181181e-01  1.014397e-01  1.070579e-02 1.040463e-02
 1.191191e-01  1.003996e-01 -2.200356e-02 1.056424e-02
 1.201201e-01  8.905678e-02 -5.281137e-02 1.072015e-02
 1.211211e-01  6.851812e-02 -7.858148e-02 1.086978e-02
 1.221221e-01  4.081698e-02 -9.669574e-02 1.101609e-02
 1.231231e-01  8.698961e-03 -1.053096e-01 1.116578e-02
 1.241241e-01 -2.465921e-02 -1.035257e-01 1.132564e-02
 1.251251e-01 -5.596765e-02 -9.147094e-02 1.149931e-02
 1.261261e-01 -8.214568e-02 -7.027256e-02 1.168615e-02
 1.271271e-01 -1.006171e-01 -4.193839e-02 1.188263e-02
 1.281281e-01 -1.095510e-01 -9.156317e-03 1.208527e-02
 1.291291e-01 -1.080272e-01  2.496610e-02 1.229317e-02
 1.301301e-01 -9.611285e-02  5.719574e-02 1.250903e-02
 1.311311e-01 -7.484771e-02  8.447391e-02 1.273802e-02
 1.321321e-01 -4.614020e-02  1.041951e-01 1.298554e-02
 1.331331e-01 -1.258830e-02  1.144406e-01 1.325513e-02
 1.341341e-01  2.275773e-02  1.141477e-01 1.354762e-02
 1.351351e-01  5.666857e-02  1.032020e-01 1.386198e-02
 1.361361e-01  8.602090e-02  8.244667e-02 1.419705e-02
 1.371371e-01  1.080705e-01  5.361024e-02 1.455328e-02
 1.381381e-01  1.206911e-01  1.915951e-02 1.493343e-02
 1.391391e-01  1.225614e-01 -1.790849e-02 1.534201e-02
 1.401401e-01  1.132843e-01 -5.431876e-02 1.578386e-02
 1.411411e-01  9.343167e-02 -8.679448e-02 1.626276e-02
 1.421421e-01  6.450982e-02 -1.123354e-01 1.678076e-02
 1.431431e-01  2.884898e-02 -1.284769e-01 1.733858e-02
 1.441441e-01 -1.057590e-02 -1.335100e-01 1.793677e-02
 1.451451e-01 -5.038020e-02 -1.266437e-01 1.857680e-02
 1.461461e-01 -8.704373e-02 -1.080975e-01 1.926167e-02
 1.471471e-01 -1.172039e-01 -7.911332e-02 1.999567e-02
 1.481481e-01 -1.379459e-01 -4.188524e-02 2.078343e-02
 1.491491e-01 -1.470666e-01  5.927086e-04 2.162894e-02
 1.501502e-01 -1.432915e-01  4.475040e-02 2.253504e-02
 1.511512e-01 -1.264223e-01  8.672352e-02 2.350357e-02
 1.521522e-01 -9.740301e-02  1.226734e-01 2.453610e-02
 1.531532e-01 -5.829090e-02  1.491206e-01 2.563478e-02
 1.541542e-01 -1.213190e-02  1.632653e-01 2.680275e-02
 1.551552e-01  3.725675e-02  1.632666e-01 2.804406e-02
 1.561562e-01  8.558297e-02  1.484541e-01 2.936305e-02
 1.571572e-01  1.284352e-01  1.194487e-01 3.076360e-02
 1.581582e-01  1.616694e-01  7.817764e-02 3.224874e-02
 1.591592e-01  1.817949e-01  2.777244e-02 3.382070e-02
 1.601602e-01  1.863252e-01 -2.764610e-02 3.548140e-02
 1.611612e-01  1.740591e-01 -8.328577e-02 3.723309e-02
 1.621622e-01  1.452614e-01 -1.340811e-01 3.907863e-02
 1.631632e-01  1.017214e-01 -1.751407e-01 4.102150e-02
 1.641642e-01  4.667349e-02 -2.022050e-01 4.306528e-02
 1.651652e-01 -1.541949e-02 -2.120741e-01 4.521319e-02
 1.661662e-01 -7.921047e-02 -2.029616e-01 4.746770e-02
 1.671672e-01 -1.389145e-01 -1.747381e-01 4.983064e-02
 1.681682e-01 -1.888219e-01 -1.290340e-01 5.230349e-02
 1.691692e-01 -2.238339e-01 -6.918279e-02 5.488785e-02
 1.701702e-01 -2.399702e-01 -1.431928e-06 5.758568e-02
 1.711712e-01 -2.348003e-01  7.258132e-02 6.039924e-02
 1.721722e-01 -2.077513e-01  1.420217e-01 6.333074e-02
 1.731732e-01 -1.602563e-01  2.017423e-01 6.638200e-02
 1.741742e-01 -9.572175e-02  2.457469e-01 6.955419e-02
 1.751752e-01 -1.930567e-02  2.692121e-01 7.284785e-02
 1.761762e-01  6.248137e-02  2.689969e-01 7.626323e-02
 1.771772e-01  1.423225e-01  2.440180e-01 7.980049e-02
 1.781782e-01  2.127436e-01  1.954485e-01 8.345993e-02
 1.791792e-01  2.668077e-01  1.267106e-01 8.724192e-02
 1.801802e-01  2.987901e-01  4.325675e-02 9.114664e-02
 1.811812e-01  3.047686e-01 -4.785325e-02 9.517382e-02
 1.821822e-01  2.830691e-01 -1.385441e-01 9.932260e-02
 1.831832e-01  2.345171e-01 -2.204388e-01 1.035916e-01
 1.841842e-01  1.624634e-01 -2.856302e-01 1.079790e-01
 1.851852e-01  7.257237e-02 -3.274387e-01 1.124829e-01
 1.861862e-01 -2.761568e-02 -3.410846e-01 1.171013e-01
 1.871872e-01 -1.293161e-01 -3.242061e-01 1.218322e-01
 1.881882e-01 -2.232715e-01 -2.771699e-01 1.266733e-01
 1.891892e-01 -3.005950e-01 -2.031361e-01 1.316217e-01
 1.901902e-01 -3.536090e-01 -1.078642e-01 1.366740e-01
 1.911912e-01 -3.765979e-01  7.316374e-04 1.418265e-01
 1.921922e-01 -3.664033e-01  1.132418e-01 1.470751e-01
 1.931932e-01 -3.227986e-01  2.195821e-01 1.524153e-01
 1.941942e-01 -2.486034e-01  3.099015e-01 1.578426e-01
 1.951952e-01 -1.495175e-01  3.754955e-01 1.633524e-01
 1.961962e-01 -3.368358e-02  4.096402e-01 1.689396e-01
 1.971972e-01  8.898805e-02  4.082647e-01 1.745990e-01
 1.981982e-01  2.076758e-01  3.703988e-01 1.803245e-01
 1.991992e-01  3.116095e-01  2.983448e-01 1.861101e-01
 2.002002e-01  3.910517e-01  1.975545e-01 1.919492e-01
 2.012012e-01  4.382085e-01  7.621391e-02 1.978352e-01
 2.022022e-01  4.479828e-01 -5.543120e-02 2.037612e-01
 2.032032e-01  4.184996e-01 -1.859527e-01 2.097203e-01
 2.042042e-01  3.513475e-01 -3.037435e-01 2.157052e-01
 2.052052e-01  2.515127e-01 -3.980573e-01 2.217083e-01
 2.062062e-01  1.270029e-01 -4.599914e-01 2.277219e-01
 2.072072e-01 -1.180788e-02 -4.833202e-01 2.337378e-01
 2.082082e-01 -1.530593e-01 -4.651030e-01 2.397479e-01
 2.092092e-01 -2.844327e-01 -4.060073e-01 2.457439e-01
 2.102102e-01 -3.942371e-01 -3.103134e-01 2.517173e-01
 2.112112e-01 -4.724548e-01 -1.855968e-01 2.576597e-01
 2.122122e-01 -5.116533e-01 -4.211246e-02 2.635626e-01
 2.132132e-01 -5.076797e-01  1.080671e-01 2.694171e-01
 2.142142e-01 -4.600731e-01  2.520859e-01 2.752146e-01
 2.152152e-01 -3.721566e-01  3.774196e-01 2.809461e-01
 2.162162e-01 -2.507953e-01  4.729741e-01 2.866028e-01
 2.172172e-01 -1.058424e-01  5.300690e-01 2.921758e-01
 2.182182e-01  5.068246e-02  5.432197e-01 2.976564e-01
 2.192192e-01  2.056115e-01  5.106465e-01 3.030359e-01
 2.202202e-01  3.457542e-01  4.344649e-01 3.083057e-01
 2.212212e-01  4.590333e-01  3.205397e-01 3.134573e-01
 2.222222e-01  5.355311e-01  1.780128e-01 3.184821e-01
 2.232232e-01  5.683556e-01  1.854533e-02 3.233720e-01
 2.242242e-01  5.542492e-01 -1.446596e-01 3.281186e-01
 2.252252e-01  4.938896e-01 -2.979718e-01 3.327142e-01
 2.262262e-01  3.918530e-01 -4.284881e-01 3.371509e-01
 2.272272e-01  2.562460e-01 -5.251279e-01 3.414213e-01
 2.282282e-01  9.803544e-02 -5.795751e-01 3.455182e-01
 2.292292e-01 -6.986394e-02 -5.869870e-01 3.494347e-01
 2.302302e-01 -2.336680e-01 -5.464093e-01 3.531639e-01
 2.312312e-01 -3.798740e-01 -4.608637e-01 3.566996e-01
 2.322322e-01 -4.963861e-01 -3.371001e-01 3.600356e-01
 2.332332e-01 -5.735218e-01 -1.850381e-01 3.631663e-01
 2.342342e-01 -6.048134e-01 -1.694388e-02 3.660863e-01
 2.352352e-01 -5.875393e-01  1.535845e-01 3.687906e-01
 2.362362e-01 -5.229424e-01  3.127394e-01 3.712747e-01
 2.372372e-01 -4.161188e-01  4.476378e-01 3.735344e-01
 2.382382e-01 -2.755893e-01  5.473723e-01 3.755659e-01
 2.392392e-01 -1.125917e-01  6.038948e-01 3.773658e-01
 2.402402e-01  5.984498e-02  6.126579e-01 3.789311e-01
 2.412412e-01  2.279659e-01  5.729668e-01 3.802594e-01
 2.422422e-01  3.784067e-01  4.880133e-01 3.813487e-01
 2.432432e-01  4.992678e-01  3.645941e-01 3.821972e-01
 2.442442e-01  5.810602e-01  2.125394e-01 3.828040e-01
 2.452452e-01  6.174470e-01  4.390245e-02 3.831682e-01
 2.462462e-01  6.057228e-01 -1.280212e-01 3.832896e-01
 2.472472e-01  5.469971e-01 -2.897631e-01 3.831684e-01
 2.482482e-01  4.460685e-01 -4.287519e-01 3.828053e-01
 2.492492e-01  3.110083e-01 -5.342988e-01 3.822014e-01
 2.502503e-01  1.524877e-01 -5.984194e-01 3.813582e-01
 2.512513e-01 -1.709098e-02 -6.164297e-01 3.802777e-01
 2.522523e-01 -1.845866e-01 -5.872735e-01 3.789624e-01
 2.532533e-01 -3.371556e-01 -5.135573e-01 3.774150e-01
 2.542543e-01 -4.632474e-01 -4.012987e-01 3.756389e-01
 2.552553e-01 -5.534832e-01 -2.594108e-01 3.736376e-01
 2.562563e-01 -6.013486e-01 -9.896986e-02 3.714152e-01
 2.572573e-01 -6.036528e-01  6.767178e-02 3.689762e-01
 2.582583e-01 -5.607200e-01  2.278561e-01 3.663253e-01
 2.592593e-01 -4.763062e-01  3.695945e-01 3.634677e-01
 2.602603e-01 -3.572533e-01  4.824716e-01 3.604087e-01
 2.612613e-01 -2.129126e-01  5.584107e-01 3.571543e-01
 2.622623e-01 -5.438867e-02  5.922435e-01 3.537105e-01
 2.632633e-01  1.063345e-01  5.820452e-01 3.500836e-01
 2.642643e-01  2.573145e-01  5.292160e-01 3.462803e-01
 2.652653e-01  3.875481e-01  4.383081e-01 3.423074e-01
 2.662663e-01  4.877755e-01  3.166183e-01 3.381721e-01
 2.672673e-01  5.511353e-01  1.735841e-01 3.338815e-01
 2.682683e-01  5.736218e-01  2.003301e-02 3.294432e-01
 2.692693e-01  5.543177e-01 -1.326529e-01 3.248649e-01
 2.702703e-01  4.953897e-01 -2.733922e-01 3.201542e-01
 2.712713e-01  4.018547e-01 -3.922140e-01 3.153191e-01
 2.722723e-01  2.811412e-01 -4.809648e-01 3.103675e-01
 2.732733e-01  1.424836e-01 -5.338596e-01 3.053076e-01
 2.742743e-01 -3.798612e-03 -5.478440e-01 3.001474e-01
 2.752753e-01 -1.470813e-01 -5.227450e-01 2.948952e-01
 2.762763e-01 -2.772153e-01 -4.612057e-01 2.895590e-01
 2.772773e-01 -3.852481e-01 -3.684170e-01 2.841472e-01
 2.782783e-01 -4.640361e-01 -2.516709e-01 2.786677e-01
 2.792793e-01 -5.087066e-01 -1.197765e-01 2.731288e-01
 2.802803e-01 -5.169411e-01  1.761675e-02 2.675385e-01
 2.812813e-01 -4.890646e-01  1.507330e-01 2.619047e-01
 2.822823e-01 -4.279424e-01  2.703712e-01 2.562353e-01
 2.832833e-01 -3.386977e-01  3.685402e-01 2.505380e-01
 2.842843e-01 -2.282782e-01  4.389871e-01 2.448206e-01
 2.852853e-01 -1.049067e-01  4.775825e-01 2.390904e-01
 2.862863e-01  2.253899e-02  4.825421e-01 2.333549e-01
 2.872873e-01  1.451705e-01  4.544740e-01 2.276211e-01
 2.882883e-01  2.547110e-01  3.962553e-01 2.218960e-01
 2.892893e-01  3.440512e-01  3.127540e-01 2.161863e-01
 2.902903e-01  4.077029e-01  2.104213e-01 2.104988e-01
 2.912913e-01  4.421217e-01  9.678837e-02 2.048396e-01
 2.922923e-01  4.458825e-01 -2.009259e-02 1.992149e-01
 2.932933e-01  4.196999e-01 -1.322217e-01 1.936306e-01
 2.942943e-01  3.663003e-01 -2.321989e-01 1.880923e-01
 2.952953e-01  2.901598e-01 -3.137078e-01 1.826053e-01
 2.962963e-01  1.971321e-01 -3.719057e-01 1.771749e-01
 2.972973e-01  9.399692e-02 -4.036960e-01 1.718059e-01
 2.982983e-01 -1.203554e-02 -4.078701e-01 1.665029e-01
 2.992993e-01 -1.138297e-01 -3.851142e-01 1.612701e-01
 3.003003e-01 -2.048023e-01 -3.378873e-01 1.561118e-01
 3.013013e-01 -2.793430e-01 -2.701836e-01 1.510317e-01
 3.023023e-01 -3.331498e-01 -1.872018e-01 1.460334e-01
 3.033033e-01 -3.634624e-01 -9.494754e-02 1.411200e-01
 3.043043e-01 -3.691809e-01  2.008005e-04 1.362946e-01
 3.053053e-01 -3.508682e-01  9.193152e-02 1.315599e-01
 3.063063e-01 -3.106411e-01  1.744148e-01 1.269184e-01
 3.073073e-01 -2.519626e-01  2.426669e-01 1.223724e-01
 3.083083e-01 -1.793545e-01  2.928406e-01 1.179236e-01
 3.093093e-01 -9.805364e-02  3.224275e-01 1.135740e-01
 3.103103e-01 -1.363657e-02  3.303617e-01 1.093248e-01
 3.113113e-01  6.835981e-02  3.170242e-01 1.051774e-01
 3.123123e-01  1.427968e-01  2.841511e-01 1.011328e-01
 3.133133e-01  2.052490e-01  2.346582e-01 9.719159e-02
 3.143143e-01  2.522572e-01  1.723971e-01 9.335444e-02
 3.153153e-01  2.815061e-01  1.018625e-01 8.962167e-02
 3.163163e-01  2.919187e-01  2.787190e-02 8.599339e-02
 3.173173e-01  2.836656e-01 -4.475879e-02 8.246954e-02
 3.183183e-01  2.580937e-01 -1.115236e-01 7.904987e-02
 3.193193e-01  2.175824e-01 -1.684988e-01 7.573394e-02
 3.203203e-01  1.653413e-01 -2.125639e-01 7.252114e-02
 3.213213e-01  1.051651e-01 -2.415596e-01 6.941073e-02
 3.223223e-01  4.116405e-02 -2.543763e-01 6.640177e-02
 3.233233e-01 -2.251150e-02 -2.509710e-01 6.349321e-02
 3.243243e-01 -8.193451e-02 -2.323157e-01 6.068386e-02
 3.253253e-01 -1.336362e-01 -2.002842e-01 5.797240e-02
 3.263263e-01 -1.747996e-01 -1.574881e-01 5.535740e-02
 3.273273e-01 -2.034015e-01 -1.070753e-01 5.283731e-02
 3.283283e-01 -2.182971e-01 -5.250594e-02 5.041051e-02
 3.293293e-01 -2.192443e-01  2.679201e-03 4.807526e-02
 3.303303e-01 -2.068712e-01  5.508217e-02 4.582975e-02
 3.313313e-01 -1.825906e-01  1.016503e-01 4.367211e-02
 3.323323e-01 -1.484708e-01  1.398457e-01 4.160039e-02
 3.333333e-01 -1.070731e-01  1.677735e-01 3.961259e-02
 3.343343e-01 -6.126782e-02  1.842632e-01 3.770666e-02
 3.353353e-01 -1.404229e-02  1.889002e-01 3.588049e-02
 3.363363e-01  3.168821e-02  1.820105e-01 3.413197e-02
 3.373373e-01  7.325359e-02  1.645990e-01 3.245893e-02
 3.383383e-01  1.083774e-01  1.382517e-01 3.085919e-02
 3.393393e-01  1.352927e-01  1.050069e-01 2.933057e-02
 3.403403e-01  1.528203e-01  6.720724e-02 2.787085e-02
 3.413413e-01  1.604066e-01  2.734129e-02 2.647784e-02
 3.423423e-01  1.581220e-01 -1.211392e-02 2.514932e-02
 3.433433e-01  1.466209e-01 -4.884065e-02 2.388310e-02
 3.443443e-01  1.270699e-01 -8.080991e-02 2.267701e-02
 3.453453e-01  1.010491e-01 -1.063859e-01 2.152888e-02
 3.463463e-01  7.043427e-02 -1.244009e-01 2.043657e-02
 3.473473e-01  3.726931e-02 -1.341975e-01 1.939797e-02
 3.483483e-01  3.635375e-03 -1.356384e-01 1.841100e-02
 3.493493e-01 -2.847384e-02 -1.290846e-01 1.747360e-02
 3.503504e-01 -5.726430e-02 -1.153454e-01 1.658377e-02
 3.513514e-01 -8.123534e-02 -9.560516e-02 1.573953e-02
 3.523524e-01 -9.925046e-02 -7.133225e-02 1.493894e-02
 3.533534e-01 -1.105826e-01 -4.417710e-02 1.418012e-02
 3.543544e-01 -1.149326e-01 -1.586559e-02 1.346122e-02
 3.553554e-01 -1.124219e-01  1.190546e-02 1.278042e-02
 3.563564e-01 -1.035610e-01  3.756469e-02 1.213598e-02
 3.573574e-01 -8.919734e-02  5.974963e-02 1.152618e-02
 3.583584e-01 -7.044720e-02  7.737283e-02 1.094936e-02
 3.593594e-01 -4.861586e-02  8.966833e-02 1.040391e-02
 3.603604e-01 -2.511206e-02  9.621668e-02 9.888265e-03
 3.613614e-01 -1.361675e-03  9.694877e-02 9.400918e-03
 3.623624e-01  2.127432e-02  9.212935e-02 8.940413e-03
 3.633634e-01  4.157321e-02  8.232266e-02 8.505352e-03
 3.643644e-01  5.851155e-02  6.834316e-02 8.094388e-03
 3.653654e-01  7.131122e-02  5.119514e-02 7.706232e-03
 3.663664e-01  7.946890e-02  3.200536e-02 7.339649e-03
 3.673674e-01  8.276826e-02  1.195293e-02 6.993458e-03
 3.683684e-01  8.127544e-02 -7.799499e-03 6.666530e-03
 3.693694e-01  7.531901e-02 -2.616932e-02 6.357787e-03
 3.703704e-01  6.545666e-02 -4.220935e-02 6.066203e-03
 3.713714e-01  5.243114e-02 -5.515224e-02 5.790794e-03
 3.723724e-01  3.711886e-02 -6.444232e-02 5.530623e-03
 3.733734e-01  2.047410e-02 -6.975389e-02 5.284794e-03
 3.743744e-01  3.472501e-03 -7.099572e-02 5.052450e-03
 3.753754e-01 -1.294323e-02 -6.830262e-02 4.832775e-03
 3.763764e-01 -2.791248e-02 -6.201516e-02 4.624987e-03
 3.773774e-01 -4.069851e-02 -5.264953e-02 4.428341e-03
 3.783784e-01 -5.072091e-02 -4.085976e-02 4.242131e-03
 3.793794e-01 -5.757782e-02 -2.739487e-02 4.065685e-03
 3.803804e-01 -6.105715e-02 -1.305352e-02 3.898370e-03
 3.813814e-01 -6.113705e-02  1.361260e-03 3.739592e-03
 3.823824e-01 -5.797627e-02  1.508469e-02 3.588796e-03
 3.833834e-01 -5.189554e-02  2.742840e-02 3.445465e-03
 3.843844e-01 -4.335162e-02  3.781217e-02 3.309123e-03
 3.853854e-01 -3.290572e-02  4.578805e-02 3.179332e-03
 3.863864e-01 -2.118846e-02  5.105622e-02 3.055689e-03
 3.873874e-01 -8.863320e-03  5.347210e-02 2.937824e-03
 3.883884e-01  3.409352e-03  5.304501e-02 2.825397e-03
 3.893894e-01  1.500604e-02  4.992907e-02 2.718093e-03
 3.903904e-01  2.536976e-02  4.440712e-02 2.615617e-03
 3.913914e-01  3.403462e-02  3.686916e-02 2.517690e-03
 3.923924e-01  4.064422e-02  2.778656e-02 2.424045e-03
 3.933934e-01  4.496338e-02  1.768382e-02 2.334424e-03
 3.943944e-01  4.688315e-02  7.109298e-03 2.248572e-03
 3.953954e-01  4.641906e-02 -3.393440e-03 2.166244e-03
 3.963964e-01  4.370335e-02 -1.331226e-02 2.087199e-03
 3.973974e-01  3.897188e-02 -2.218997e-02 2.011203e-03
 3.983984e-01  3.254673e-02 -2.964362e-02 1.938034e-03
 3.993994e-01  2.481555e-02 -3.537902e-02 1.867486e-03
 4.004004e-01  1.620908e-02 -3.919999e-02 1.799373e-03
 4.014014e-01  7.177866e-03 -4.101230e-02 1.733531e-03
 4.024024e-01 -1.830520e-03 -4.082244e-02 1.669822e-03
 4.034034e-01 -1.039271e-02 -3.873153e-02 1.608140e-03
 4.044044e-01 -1.812829e-02 -3.492517e-02 1.548402e-03
 4.054054e-01 -2.471542e-02 -2.965981e-02 1.490557e-03
 4.064064e-01 -2.990256e-02 -2.324667e-02 1.434570e-03
 4.074074e-01 -3.351627e-02 -1.603394e-02 1.380428e-03
 4.084084e-01 -3.546483e-02 -8.388541e-03 1.328121e-03
 4.094094e-01 -3.573772e-02 -6.779423e-04 1.277644e-03
 4.104104e-01 -3.440149e-02  6.746750e-03 1.228981e-03
 4.114114e-01 -3.159220e-02  1.356597e-02 1.182103e-03
 4.124124e-01 -2.750518e-02  1.950443e-02 1.136958e-03
 4.134134e-01 -2.238271e-02  2.434103e-02 1.093471e-03
 4.144144e-01 -1.650037e-02  2.791566e-02 1.051546e-03
 4.154154e-01 -1.015265e-02  3.013280e-02 1.011062e-03
 4.164164e-01 -3.638751e-03  3.096199e-02 9.718856e-04
 4.174174e-01  2.751047e-03  3.043530e-02 9.338758e-04
 4.184184e-01  8.747642e-03  2.864219e-02 8.968964e-04
 4.194194e-01  1.411369e-02  2.572217e-02 8.608263e-04
 4.204204e-01  1.865209e-02  2.185565e-02 8.255697e-04
 4.214214e-01  2.221209e-02  1.725365e-02 7.910655e-04
 4.224224e-01  2.469308e-02  1.214679e-02 7.572929e-04
 4.234234e-01  2.604581e-02  6.774170e-03 7.242735e-04
 4.244244e-01  2.627137e-02  1.372593e-03 6.920689e-04
 4.254254e-01  2.541809e-02 -3.833384e-03 6.607741e-04
 4.264264e-01  2.357654e-02 -8.640217e-03 6.305067e-04
 4.274274e-01  2.087312e-02 -1.287267e-02 6.013928e-04
 4.284284e-01  1.746252e-02 -1.638938e-02 5.735513e-04
 4.294294e-01  1.351947e-02 -1.908669e-02 5.470775e-04
 4.304304e-01  9.230270e-03 -2.090050e-02 5.220287e-04
 4.314314e-01  4.784361e-03 -2.180648e-02 4.984126e-04
 4.324324e-01  3.663253e-04 -2.181849e-02 4.761806e-04
 4.334334e-01 -3.851316e-03 -2.098558e-02 4.552271e-04
 4.344344e-01 -7.714342e-03 -1.938771e-02 4.353942e-04
 4.354354e-01 -1.109187e-02 -1.713050e-02 4.164835e-04
 4.364364e-01 -1.388009e-02 -1.433930e-02 3.982725e-04
 4.374374e-01 -1.600465e-02 -1.115285e-02 3.805351e-04
 4.384384e-01 -1.742165e-02 -7.716864e-03 3.630637e-04
 4.394394e-01 -1.811732e-02 -4.177728e-03 3.456908e-04
 4.404404e-01 -1.810662e-02 -6.766926e-04 3.283077e-04
 4.414414e-01 -1.743063e-02  2.655370e-03 3.108778e-04
 4.424424e-01 -1.615320e-02  5.702410e-03 2.934432e-04
 4.434434e-01 -1.435691e-02  8.366726e-03 2.761229e-04
 4.444444e-01 -1.213860e-02  1.057153e-02 2.591028e-04
 4.454454e-01 -9.604624e-03  1.226249e-02 2.426173e-04
 4.464464e-01 -6.866157e-03  1.340827e-02 2.269257e-04
 4.474474e-01 -4.034586e-03  1.400018e-02 2.122828e-04
 4.484484e-01 -1.217301e-03  1.405092e-02 1.989102e-04
 4.494494e-01  1.486071e-03  1.359262e-02 1.869678e-04
 4.504505e-01  3.986837e-03  1.267428e-02 1.765323e-04
 4.514515e-01  6.209750e-03  1.135871e-02 1.675814e-04
 4.524525e-01  8.094804e-03  9.719259e-03 1.599899e-04
 4.534535e-01  9.598328e-03  7.836275e-03 1.535351e-04
 4.544545e-01  1.069335e-02  5.793679e-03 1.479144e-04
 4.554555e-01  1.136932e-02  3.675570e-03 1.427712e-04
 4.564565e-01  1.163122e-02  1.563145e-03 1.377288e-04
 4.574575e-01  1.149821e-02 -4.681008e-04 1.324280e-04
 4.584585e-01  1.100176e-02 -2.350681e-03 1.265645e-04
 4.594595e-01  1.018359e-02 -4.027042e-03 1.199225e-04
 4.604605e-01  9.093285e-03 -5.450881e-03 1.123999e-04
 4.614615e-01  7.785934e-03 -6.588065e-03 1.040234e-04
 4.624625e-01  6.319653e-03 -7.416922e-03 9.494874e-05
 4.634635e-01  4.753295e-03 -7.928189e-03 8.545000e-05
 4.644645e-01  3.144266e-03 -8.124392e-03 7.589215e-05
 4.654655e-01  1.546639e-03 -8.019001e-03 6.669647e-05
 4.664665e-01  9.497927e-06 -7.635103e-03 5.829489e-05
 4.674675e-01 -1.424314e-03 -7.004029e-03 5.108509e-05
 4.684685e-01 -2.719190e-03 -6.163587e-03 4.538380e-05
 4.694695e-01 -3.847290e-03 -5.156458e-03 4.139070e-05
 4.704705e-01 -4.788858e-03 -4.028265e-03 3.916008e-05
 4.714715e-01 -5.532070e-03 -2.826012e-03 3.859014e-05
 4.724725e-01 -6.072746e-03 -1.596232e-03 3.942620e-05
 4.734735e-01 -6.413635e-03 -3.837159e-04 4.128195e-05
 4.744745e-01 -6.563708e-03  7.701113e-04 4.367533e-05
 4.754755e-01 -6.537030e-03  1.827977e-03 4.607426e-05
 4.764765e-01 -6.351855e-03  2.758089e-03 4.795312e-05
 4.774775e-01 -6.029276e-03  3.534302e-03 4.884347e-05
 4.784785e-01 -5.592356e-03  4.137211e-03 4.839096e-05
 4.794795e-01 -5.064688e-03  4.553534e-03 4.638573e-05
 4.804805e-01 -4.469846e-03  4.777251e-03 4.280165e-05
 4.814815e-01 -3.829857e-03  4.807856e-03 3.778328e-05
 4.824825e-01 -3.165392e-03  4.652331e-03 3.166389e-05
 4.834835e-01 -2.493646e-03  4.320846e-03 2.488798e-05
 4.844845e-01 -1.830933e-03  3.833663e-03 1.804929e-05
 4.854855e-01 -1.181083e-03  3.191010e-03 1.157750e-05
 4.864865e-01 -5.100758e-04  2.298825e-03 5.544772e-06
 4.874875e-01  1.555983e-04  1.210272e-03 1.488969e-06
 4.884885e-01  7.812207e-04  2.157076e-05 6.107711e-07
 4.894895e-01  1.340019e-03 -1.168754e-03 3.161637e-06
 4.904905e-01  1.810003e-03 -2.259927e-03 8.383378e-06
 4.914915e-01  2.175511e-03 -3.160875e-03 1.472398e-05
 4.924925e-01  2.425691e-03 -3.795175e-03 2.028733e-05
 4.934935e-01  2.554471e-03 -4.108662e-03 2.340642e-05
 4.944945e-01  2.559433e-03 -4.072740e-03 2.313791e-05
 4.954955e-01  2.441611e-03 -3.687492e-03 1.955906e-05
 4.964965e-01  2.205001e-03 -2.981294e-03 1.375014e-05
 4.974975e-01  1.856747e-03 -2.009134e-03 7.484128e-06
 4.984985e-01  1.407342e-03 -8.482325e-04 2.700109e-06
 4.994995e-01  8.711675e-04  4.077109e-04 9.251611e-07
 5.005005e-01  2.670104e-04  1.655812e-03 2.813009e-06
 5.015015e-01 -3.815465e-04  2.792073e-03 7.941251e-06
 5.025025e-01 -1.045962e-03  3.719529e-03 1.492893e-05
 5.035035e-01 -1.693180e-03  4.356275e-03 2.184399e-05
 5.045045e-01 -2.286446e-03  4.642021e-03 2.677619e-05
 5.055055e-01 -2.787075e-03  4.543735e-03 2.841331e-05
 5.065065e-01 -3.156466e-03  4.058453e-03 2.643432e-05
 5.075075e-01 -3.359152e-03  3.214914e-03 2.161958e-05
 5.085085e-01 -3.365571e-03  2.071351e-03 1.561757e-05
 5.095095e-01 -3.155762e-03  7.127468e-04 1.046684e-05
 5.105105e-01 -2.721758e-03 -7.564613e-04 7.980203e-06
 5.115115e-01 -2.070900e-03 -2.218252e-03 9.209269e-06
 5.125125e-01 -1.226242e-03 -3.552544e-03 1.412424e-05
 5.135135e-01 -2.287496e-04 -4.642881e-03 2.160867e-05
 5.145145e-01  8.665990e-04 -5.392186e-03 2.982666e-05
 5.155155e-01  1.987279e-03 -5.718756e-03 3.665345e-05
 5.165165e-01  3.072699e-03 -5.613591e-03 4.095388e-05
 5.175175e-01  4.164008e-03 -5.280647e-03 4.522419e-05
 5.185185e-01  5.239906e-03 -4.745306e-03 4.997454e-05
 5.195195e-01  6.259978e-03 -3.996580e-03 5.515997e-05
 5.205205e-01  7.184823e-03 -3.038877e-03 6.085646e-05
 5.215215e-01  7.972129e-03 -1.880088e-03 6.708957e-05
 5.225225e-01  8.580647e-03 -5.384958e-04 7.391747e-05
 5.235235e-01  8.970076e-03  9.608024e-04 8.138541e-05
 5.245245e-01  9.103796e-03  2.583241e-03 8.955224e-05
 5.255255e-01  8.949757e-03  4.286956e-03 9.847614e-05
 5.265265e-01  8.482802e-03  6.021958e-03 1.082219e-04
 5.275275e-01  7.685854e-03  7.732215e-03 1.188595e-04
 5.285285e-01  6.551843e-03  9.356059e-03 1.304625e-04
 5.295295e-01  5.084752e-03  1.082858e-02 1.431129e-04
 5.305305e-01  3.300969e-03  1.208300e-02 1.568952e-04
 5.315315e-01  1.229823e-03  1.305343e-02 1.719045e-04
 5.325325e-01 -1.085875e-03  1.367697e-02 1.882386e-04
 5.335335e-01 -3.590108e-03  1.389668e-02 2.060066e-04
 5.345345e-01 -6.214138e-03  1.366405e-02 2.253217e-04
 5.355355e-01 -8.877806e-03  1.294194e-02 2.463092e-04
 5.365365e-01 -1.149116e-02  1.170695e-02 2.690995e-04
 5.375375e-01 -1.395686e-02  9.951991e-03 2.938361e-04
 5.385385e-01 -1.617292e-02  7.688032e-03 3.206693e-04
 5.395395e-01 -1.803612e-02  4.945824e-03 3.497628e-04
 5.405405e-01 -1.944564e-02  1.776632e-03 3.812895e-04
 5.415415e-01 -2.030721e-02 -1.747385e-03 4.154361e-04
 5.425425e-01 -2.053721e-02 -5.533865e-03 4.524006e-04
 5.435435e-01 -2.006704e-02 -9.471510e-03 4.923958e-04
 5.445445e-01 -1.884719e-02 -1.343247e-02 5.356480e-04
 5.455455e-01 -1.685110e-02 -1.727541e-02 5.823992e-04
 5.465465e-01 -1.407846e-02 -2.084958e-02 6.329077e-04
 5.475475e-01 -1.055794e-02 -2.399954e-02 6.874481e-04
 5.485485e-01 -6.348975e-03 -2.657075e-02 7.463143e-04
 5.495495e-01 -1.542554e-03 -2.841546e-02 8.098179e-04
 5.505506e-01  3.739126e-03 -2.939917e-02 8.782922e-04
 5.515516e-01  9.344269e-03 -2.940706e-02 9.520903e-04
 5.525526e-01  1.509447e-02 -2.835043e-02 1.031590e-03
 5.535536e-01  2.078897e-02 -2.617266e-02 1.117190e-03
 5.545546e-01  2.621039e-02 -2.285458e-02 1.209316e-03
 5.555556e-01  3.113146e-02 -1.841882e-02 1.308421e-03
 5.565566e-01  3.532311e-02 -1.293300e-02 1.414984e-03
 5.575576e-01  3.856316e-02 -6.511340e-03 1.529515e-03
 5.585586e-01  4.064583e-02  6.853060e-04 1.652553e-03
 5.595596e-01  4.139137e-02  8.451429e-03 1.784672e-03
 5.605606e-01  4.065566e-02  1.654073e-02 1.926479e-03
 5.615616e-01  3.833931e-02  2.467212e-02 2.078617e-03
 5.625626e-01  3.439579e-02  3.253760e-02 2.241766e-03
 5.635636e-01  2.883825e-02  3.981211e-02 2.416649e-03
 5.645646e-01  2.174451e-02  4.616496e-02 2.604028e-03
 5.655656e-01  1.325992e-02  5.127264e-02 2.804709e-03
 5.665666e-01  3.597685e-03  5.483249e-02 3.019545e-03
 5.675676e-01 -6.963527e-03  5.657692e-02 3.249438e-03
 5.685686e-01 -1.808497e-02  5.628741e-02 3.495339e-03
 5.695696e-01 -2.937617e-02  5.380793e-02 3.758253e-03
 5.705706e-01 -4.040622e-02  4.905687e-02 4.039239e-03
 5.715716e-01 -5.071781e-02  4.203714e-02 4.339417e-03
 5.725726e-01 -5.984368e-02  3.284354e-02 4.659964e-03
 5.735736e-01 -6.732505e-02  2.166706e-02 5.002124e-03
 5.745746e-01 -7.273133e-02  8.795471e-03 5.367206e-03
 5.755756e-01 -7.568047e-02 -5.390135e-03 5.756588e-03
 5.765766e-01 -7.585921e-02 -2.042302e-02 6.171720e-03
 5.775776e-01 -7.304209e-02 -3.576285e-02 6.614128e-03
 5.785786e-01 -6.710857e-02 -5.081199e-02 7.085419e-03
 5.795796e-01 -5.805718e-02 -6.493568e-02 7.587279e-03
 5.805806e-01 -4.601577e-02 -7.748567e-02 8.121480e-03
 5.815816e-01 -3.124721e-02 -8.782651e-02 8.689885e-03
 5.825826e-01 -1.414967e-02 -9.536370e-02 9.294448e-03
 5.835836e-01  4.748864e-03 -9.957243e-02 9.937220e-03
 5.845846e-01  2.480225e-02 -1.000260e-01 1.062035e-02
 5.855856e-01  4.526401e-02 -9.642237e-02 1.134610e-02
 5.865866e-01  6.531112e-02 -8.860752e-02 1.211683e-02
 5.875876e-01  8.407321e-02 -7.659451e-02 1.293502e-02
 5.885886e-01  1.006664e-01 -6.057669e-02 1.380326e-02
 5.895896e-01  1.142308e-01 -4.093415e-02 1.472427e-02
 5.905906e-01  1.239696e-01 -1.823243e-02 1.570088e-02
 5.915916e-01  1.291898e-01  6.787120e-03 1.673607e-02
 5.925926e-01  1.293406e-01  3.322569e-02 1.783294e-02
 5.935936e-01  1.240494e-01  6.005392e-02 1.899473e-02
 5.945946e-01  1.131527e-01  8.614701e-02 2.022483e-02
 5.955956e-01  9.671986e-02  1.103270e-01 2.152679e-02
 5.965966e-01  7.506897e-02  1.314113e-01 2.290428e-02
 5.975976e-01  4.877200e-02  1.482648e-01 2.436117e-02
 5.985986e-01  1.864931e-02  1.598551e-01 2.590146e-02
 5.995996e-01 -1.424780e-02  1.653068e-01 2.752933e-02
 6.006006e-01 -4.866663e-02  1.639534e-01 2.924915e-02
 6.016016e-01 -8.319420e-02  1.553840e-01 3.106545e-02
 6.026026e-01 -1.163092e-01  1.394816e-01 3.298295e-02
 6.036036e-01 -1.464433e-01  1.164514e-01 3.500657e-02
 6.046046e-01 -1.720493e-01  8.683571e-02 3.714140e-02
 6.056056e-01 -1.916741e-01  5.151519e-02 3.939277e-02
 6.066066e-01 -2.040329e-01  1.169355e-02 4.176617e-02
 6.076076e-01 -2.080818e-01 -3.113366e-02 4.426734e-02
 6.086086e-01 -2.030841e-01 -7.522672e-02 4.690222e-02
 6.096096e-01 -1.886681e-01 -1.186647e-01 4.967698e-02
 6.106106e-01 -1.648716e-01 -1.594219e-01 5.259799e-02
 6.116116e-01 -1.321705e-01 -1.954555e-01 5.567190e-02
 6.126126e-01 -9.148886e-02 -2.248007e-01 5.890556e-02
 6.136136e-01 -4.418781e-02 -2.456695e-01 6.230608e-02
 6.146146e-01  7.966875e-03 -2.565489e-01 6.588080e-02
 6.156156e-01  6.285981e-02 -2.562928e-01 6.963735e-02
 6.166166e-01  1.181019e-01 -2.442038e-01 7.358357e-02
 6.176176e-01  1.711256e-01 -2.200991e-01 7.772760e-02
 6.186186e-01  2.192958e-01 -1.843562e-01 8.207783e-02
 6.196196e-01  2.600327e-01 -1.379345e-01 8.664293e-02
 6.206206e-01  2.909416e-01 -8.237020e-02 9.143184e-02
 6.216216e-01  3.099419e-01 -1.974237e-02 9.645377e-02
 6.226226e-01  3.153923e-01  4.739109e-02 1.017182e-01
 6.236236e-01  3.062012e-01  1.160853e-01 1.072350e-01
 6.246246e-01  2.819197e-01  1.831269e-01 1.130142e-01
 6.256256e-01  2.428077e-01  2.451745e-01 1.190661e-01
 6.266266e-01  1.898707e-01  2.989157e-01 1.254015e-01
 6.276276e-01  1.248604e-01  3.412347e-01 1.320313e-01
 6.286286e-01  5.023780e-02  3.693817e-01 1.389667e-01
 6.296296e-01 -3.090160e-02  3.811357e-01 1.462194e-01
 6.306306e-01 -1.149416e-01  3.749527e-01 1.538011e-01
 6.316316e-01 -1.978929e-01  3.500893e-01 1.617241e-01
 6.326326e-01 -2.755713e-01  3.066941e-01 1.700009e-01
 6.336336e-01 -3.437979e-01  2.458599e-01 1.786441e-01
 6.346346e-01 -3.986133e-01  1.696299e-01 1.876669e-01
 6.356356e-01 -4.364961e-01  8.095592e-02 1.970827e-01
 6.366366e-01 -4.545726e-01 -1.639471e-02 2.069051e-01
 6.376376e-01 -4.508088e-01 -1.179806e-01 2.171480e-01
 6.386386e-01 -4.241701e-01 -2.188734e-01 2.278258e-01
 6.396396e-01 -3.747399e-01 -3.138838e-01 2.389530e-01
 6.406406e-01 -3.037875e-01 -3.978160e-01 2.505444e-01
 6.416416e-01 -2.137771e-01 -4.657407e-01 2.626151e-01
 6.426426e-01 -1.083138e-01 -5.132724e-01 2.751804e-01
 6.436436e-01  7.975203e-03 -5.368356e-01 2.882561e-01
 6.446446e-01  1.296220e-01 -5.339065e-01 3.018580e-01
 6.456456e-01  2.505572e-01 -5.032129e-01 3.160022e-01
 6.466466e-01  3.643979e-01 -4.448811e-01 3.307051e-01
 6.476476e-01  4.647709e-01 -3.605154e-01 3.459833e-01
 6.486486e-01  5.456576e-01 -2.532023e-01 3.618536e-01
 6.496496e-01  6.017420e-01 -1.274350e-01 3.783331e-01
 6.506507e-01  6.287423e-01  1.104600e-02 3.954388e-01
 6.516517e-01  6.237076e-01  1.554901e-01 4.131883e-01
 6.526527e-01  5.852598e-01  2.984459e-01 4.315990e-01
 6.536537e-01  5.137639e-01  4.321287e-01 4.506886e-01
 6.546547e-01  4.114115e-01  5.488310e-01 4.704748e-01
 6.556557e-01  2.822078e-01  6.413536e-01 4.909757e-01
 6.566567e-01  1.318560e-01  7.034366e-01 5.122090e-01
 6.576577e-01 -3.246200e-02  7.301638e-01 5.341930e-01
 6.586587e-01 -2.024018e-01  7.183168e-01 5.569456e-01
 6.596597e-01 -3.688586e-01  6.666545e-01 5.804849e-01
 6.606607e-01 -5.224380e-01  5.760968e-01 6.048290e-01
 6.616617e-01 -6.539714e-01  4.497970e-01 6.299959e-01
 6.626627e-01 -7.550513e-01  2.930889e-01 6.560036e-01
 6.636637e-01 -8.185547e-01  1.133057e-01 6.828700e-01
 6.646647e-01 -8.391234e-01 -8.052784e-02 7.106128e-01
 6.656657e-01 -8.135715e-01 -2.781203e-01 7.392496e-01
 6.666667e-01 -7.411906e-01 -4.684381e-01 7.687977e-01
 6.676677e-01 -6.239271e-01 -6.403042e-01 7.992744e-01
 6.686687e-01 -4.664153e-01 -7.830411e-01 8.306966e-01
 6.696697e-01 -2.758532e-01 -8.871223e-01 8.630809e-01
 6.706707e-01 -6.171905e-02 -9.447933e-01 8.964436e-01
 6.716717e-01  1.646639e-01 -9.506242e-01 9.308005e-01
 6.726727e-01  3.906975e-01 -9.019549e-01 9.661672e-01
 6.736737e-01  6.031892e-01 -7.992006e-01 1.002559e+00
 6.746747e-01  7.891054e-01 -6.459895e-01 1.039990e+00
 6.756757e-01  9.363601e-01 -4.491146e-01 1.078474e+00
 6.766767e-01  1.034589e+00 -2.182916e-01 1.118025e+00
 6.776777e-01  1.075863e+00  3.427532e-02 1.158656e+00
 6.786787e-01  1.055295e+00  2.945033e-01 1.200379e+00
 6.796797e-01  9.714881e-01  5.471893e-01 1.243205e+00
 6.806807e-01  8.268030e-01  7.768797e-01 1.287145e+00
 6.816817e-01  6.273994e-01  9.688029e-01 1.332209e+00
 6.826827e-01  3.830501e-01  1.109810e+00 1.378406e+00
 6.836837e-01  1.067177e-01  1.189266e+00 1.425743e+00
 6.846847e-01 -1.860892e-01  1.199833e+00 1.474229e+00
 6.856857e-01 -4.781542e-01  1.138085e+00 1.523869e+00
 6.866867e-01 -7.515430e-01  1.004914e+00 1.574669e+00
 6.876877e-01 -9.886903e-01  8.056815e-01 1.626631e+00
 6.886887e-01 -1.173521e+00  5.500987e-01 1.679760e+00
 6.896897e-01 -1.292534e+00  2.518186e-01 1.734057e+00
 6.906907e-01 -1.335779e+00 -7.223928e-02 1.789523e+00
 6.916917e-01 -1.297651e+00 -4.028113e-01 1.846156e+00
 6.926927e-01 -1.177458e+00 -7.194076e-01 1.903955e+00
 6.936937e-01 -9.796828e-01 -1.001567e+00 1.962915e+00
 6.946947e-01 -7.139390e-01 -1.230172e+00 2.023032e+00
 6.956957e-01 -3.945818e-01 -1.388742e+00 2.084300e+00
 6.966967e-01 -3.999391e-02 -1.464620e+00 2.146711e+00
 6.976977e-01  3.284284e-01 -1.449962e+00 2.210254e+00
 6.986987e-01  6.875357e-01 -1.342466e+00 2.274920e+00
 6.996997e-01  1.013863e+00 -1.145765e+00 2.340695e+00
 7.007007e-01  1.285157e+00 -8.694459e-01 2.407565e+00
 7.017017e-01  1.481895e+00 -5.286786e-01 2.475515e+00
 7.027027e-01  1.588694e+00 -1.434489e-01 2.544526e+00
 7.037037e-01  1.595506e+00  2.625617e-01 2.614578e+00
 7.047047e-01  1.498517e+00  6.633993e-01 2.685652e+00
 7.057057e-01  1.300658e+00  1.032478e+00 2.757723e+00
 7.067067e-01  1.011692e+00  1.344339e+00 2.830767e+00
 7.077077e-01  6.478325e-01  1.576411e+00 2.904757e+00
 7.087087e-01  2.309119e-01  1.710656e+00 2.979665e+00
 7.097097e-01 -2.128739e-01  1.734977e+00 3.055461e+00
 7.107107e-01 -6.545765e-01  1.644275e+00 3.132111e+00
 7.117117e-01 -1.064365e+00  1.441079e+00 3.209583e+00
 7.127127e-01 -1.413540e+00  1.135669e+00 3.287839e+00
 7.137137e-01 -1.676550e+00  7.456692e-01 3.366843e+00
 7.147147e-01 -1.832884e+00  2.951119e-01 3.446555e+00
 7.157157e-01 -1.868681e+00 -1.869856e-01 3.526932e+00
 7.167167e-01 -1.777949e+00 -6.684541e-01 3.607932e+00
 7.177177e-01 -1.563274e+00 -1.116102e+00 3.689510e+00
 7.187187e-01 -1.235959e+00 -1.498007e+00 3.771618e+00
 7.197197e-01 -8.155413e-01 -1.785805e+00 3.854207e+00
 7.207207e-01 -3.287158e-01 -1.956828e+00 3.937229e+00
 7.217217e-01  1.923059e-01 -1.995908e+00 4.020629e+00
 7.227227e-01  7.118899e-01 -1.896726e+00 4.104355e+00
 7.237237e-01  1.193405e+00 -1.662569e+00 4.188351e+00
 7.247247e-01  1.601812e+00 -1.306430e+00 4.272560e+00
 7.257257e-01  1.906237e+00 -8.504023e-01 4.356923e+00
 7.267267e-01  2.082342e+00 -3.243943e-01 4.441381e+00
 7.277277e-01  2.114304e+00  2.357749e-01 4.525872e+00
 7.287287e-01  1.996245e+00  7.907838e-01 4.610333e+00
 7.297297e-01  1.732987e+00  1.300561e+00 4.694702e+00
 7.307307e-01  1.340041e+00  1.727195e+00 4.778911e+00
 7.317317e-01  8.428129e-01  2.037784e+00 4.862896e+00
 7.327327e-01  2.750378e-01  2.207021e+00 4.946589e+00
 7.337337e-01 -3.234539e-01  2.219302e+00 5.029922e+00
 7.347347e-01 -9.095061e-01  2.070175e+00 5.112826e+00
 7.357357e-01 -1.439750e+00  1.767018e+00 5.195231e+00
 7.367367e-01 -1.873839e+00  1.328832e+00 5.277066e+00
 7.377377e-01 -2.177561e+00  7.851673e-01 5.358261e+00
 7.387387e-01 -2.325597e+00  1.741991e-01 5.438744e+00
 7.397397e-01 -2.303678e+00 -4.599034e-01 5.518444e+00
 7.407407e-01 -2.109989e+00 -1.070155e+00 5.597287e+00
 7.417417e-01 -1.755648e+00 -1.610249e+00 5.675202e+00
 7.427427e-01 -1.264214e+00 -2.038107e+00 5.752117e+00
 7.437437e-01 -6.702211e-01 -2.319216e+00 5.827959e+00
 7.447447e-01 -1.682017e-02 -2.429480e+00 5.902656e+00
 7.457457e-01  6.473229e-01 -2.357352e+00 5.976137e+00
 7.467467e-01  1.271647e+00 -2.105052e+00 6.048330e+00
 7.477477e-01  1.807570e+00 -1.688744e+00 6.119164e+00
 7.487487e-01  2.212323e+00 -1.137628e+00 6.188569e+00
 7.497497e-01  2.452433e+00 -4.919824e-01 6.256477e+00
 7.507508e-01  2.506577e+00  1.997272e-01 6.322817e+00
 7.517518e-01  2.367541e+00  8.844625e-01 6.387524e+00
 7.527528e-01  2.043130e+00  1.508692e+00 6.450530e+00
 7.537538e-01  1.555890e+00  2.022616e+00 6.511770e+00
 7.547548e-01  9.416563e-01  2.384212e+00 6.571181e+00
 7.557558e-01  2.469874e-01  2.562752e+00 6.628700e+00
 7.567568e-01 -4.743189e-01  2.541513e+00 6.684267e+00
 7.577578e-01 -1.165389e+00  2.319416e+00 6.737822e+00
 7.587588e-01 -1.770789e+00  1.911443e+00 6.789309e+00
 7.597598e-01 -2.241029e+00  1.347761e+00 6.838671e+00
 7.607608e-01 -2.536697e+00  6.715821e-01 6.885855e+00
 7.617618e-01 -2.631863e+00 -6.408705e-02 6.930810e+00
 7.627628e-01 -2.516457e+00 -8.005822e-01 6.973488e+00
 7.637638e-01 -2.197396e+00 -1.478273e+00 7.013840e+00
 7.647648e-01 -1.698332e+00 -2.041443e+00 7.051823e+00
 7.657658e-01 -1.058012e+00 -2.442950e+00 7.087394e+00
 7.667668e-01 -3.273422e-01 -2.648275e+00 7.120515e+00
 7.677678e-01  4.346191e-01 -2.638608e+00 7.151147e+00
 7.687688e-01  1.165436e+00 -2.412678e+00 7.179257e+00
 7.697698e-01  1.804448e+00 -1.987154e+00 7.204814e+00
 7.707708e-01  2.297882e+00 -1.395538e+00 7.227788e+00
 7.717718e-01  2.603474e+00 -6.856216e-01 7.248154e+00
 7.727728e-01  2.694212e+00  8.432329e-02 7.265888e+00
 7.737738e-01  2.560848e+00  8.503114e-01 7.280971e+00
 7.747748e-01  2.212943e+00  1.547988e+00 7.293385e+00
 7.757758e-01  1.678325e+00  2.118099e+00 7.303117e+00
 7.767768e-01  1.000960e+00  2.511620e+00 7.310155e+00
 7.777778e-01  2.374129e-01  2.694091e+00 7.314491e+00
 7.787788e-01 -5.478528e-01  2.648769e+00 7.316120e+00
 7.797798e-01 -1.287928e+00  2.378294e+00 7.315041e+00
 7.807808e-01 -1.919213e+00  1.904699e+00 7.311255e+00
 7.817818e-01 -2.386971e+00  1.267729e+00 7.304765e+00
 7.827828e-01 -2.650194e+00  5.215882e-01 7.295580e+00
 7.837838e-01 -2.685332e+00 -2.696316e-01 7.283709e+00
 7.847848e-01 -2.488544e+00 -1.037456e+00 7.269166e+00
 7.857858e-01 -2.076234e+00 -1.714998e+00 7.251967e+00
 7.867868e-01 -1.483810e+00 -2.242864e+00 7.232133e+00
 7.877878e-01 -7.627337e-01 -2.574475e+00 7.209684e+00
 7.887888e-01  2.389672e-02 -2.680313e+00 7.184646e+00
 7.897898e-01  8.068544e-01 -2.550693e+00 7.157047e+00
 7.907908e-01  1.516909e+00 -2.196794e+00 7.126918e+00
 7.917918e-01  2.091023e+00 -1.649823e+00 7.094292e+00
 7.927928e-01  2.478053e+00 -9.583617e-01 7.059206e+00
 7.937938e-01  2.643444e+00 -1.841207e-01 7.021698e+00
 7.947948e-01  2.572458e+00  6.035487e-01 6.981810e+00
 7.957958e-01  2.271635e+00  1.333888e+00 6.939585e+00
 7.967968e-01  1.768330e+00  1.941154e+00 6.895069e+00
 7.977978e-01  1.108328e+00  2.370637e+00 6.848309e+00
 7.987988e-01  3.517574e-01  2.583723e+00 6.799358e+00
 7.997998e-01 -4.323559e-01  2.561510e+00 6.748266e+00
 8.008008e-01 -1.172402e+00  2.306634e+00 6.695090e+00
 8.018018e-01 -1.800784e+00  1.843112e+00 6.639885e+00
 8.028028e-01 -2.260187e+00  1.214192e+00 6.582711e+00
 8.038038e-01 -2.508934e+00  4.784078e-01 6.523625e+00
 8.048048e-01 -2.524910e+00 -2.958380e-01 6.462690e+00
 8.058058e-01 -2.307675e+00 -1.036632e+00 6.399968e+00
 8.068068e-01 -1.878549e+00 -1.675284e+00 6.335524e+00
 8.078078e-01 -1.278647e+00 -2.152785e+00 6.269423e+00
 8.088088e-01 -5.650254e-01 -2.425382e+00 6.201733e+00
 8.098098e-01  1.946964e-01 -2.468727e+00 6.132521e+00
 8.108108e-01  9.287424e-01 -2.280196e+00 6.061856e+00
 8.118118e-01  1.568006e+00 -1.879139e+00 5.989807e+00
 8.128128e-01  2.052642e+00 -1.305030e+00 5.916443e+00
 8.138138e-01  2.337785e+00 -6.136754e-01 5.841835e+00
 8.148148e-01  2.397838e+00  1.281585e-01 5.766054e+00
 8.158158e-01  2.228913e+00  8.491870e-01 5.689172e+00
 8.168168e-01  1.849159e+00  1.480497e+00 5.611261e+00
 8.178178e-01  1.296964e+00  1.962212e+00 5.532394e+00
 8.188188e-01  6.271679e-01  2.249289e+00 5.452641e+00
 8.198198e-01 -9.432353e-02  2.315854e+00 5.372075e+00
 8.208208e-01 -7.970152e-01  2.157668e+00 5.290765e+00
 8.218218e-01 -1.412747e+00  1.792465e+00 5.208782e+00
 8.228228e-01 -1.882380e+00  1.258111e+00 5.126197e+00
 8.238238e-01 -2.161587e+00  6.087904e-01 5.043083e+00
 8.248248e-01 -2.225158e+00 -9.043729e-02 4.959509e+00
 8.258258e-01 -2.069403e+00 -7.701397e-01 4.875545e+00
 8.268268e-01 -1.712392e+00 -1.363441e+00 4.791259e+00
 8.278278e-01 -1.192027e+00 -1.812675e+00 4.706717e+00
 8.288288e-01 -5.621184e-01 -2.075092e+00 4.621983e+00
 8.298298e-01  1.131119e-01 -2.127047e+00 4.537123e+00
 8.308308e-01  7.655723e-01 -1.966240e+00 4.452202e+00
 8.318318e-01  1.330197e+00 -1.611788e+00 4.367284e+00
 8.328328e-01  1.751504e+00 -1.102120e+00 4.282434e+00
 8.338338e-01  1.989149e+00 -4.909171e-01 4.197712e+00
 8.348348e-01  2.021895e+00  1.584803e-01 4.113176e+00
 8.358358e-01  1.849612e+00  7.796267e-01 4.028882e+00
 8.368368e-01  1.493086e+00  1.309801e+00 3.944884e+00
 8.378378e-01  9.916846e-01  1.696407e+00 3.861236e+00
 8.388388e-01  3.991125e-01  1.902289e+00 3.777993e+00
 8.398398e-01 -2.222825e-01  1.909398e+00 3.695209e+00
 8.408408e-01 -8.080604e-01  1.720458e+00 3.612937e+00
 8.418418e-01 -1.298403e+00  1.358445e+00 3.531224e+00
 8.428428e-01 -1.644290e+00  8.639609e-01 3.450117e+00
 8.438438e-01 -1.812486e+00  2.907766e-01 3.369655e+00
 8.448448e-01 -1.788828e+00 -2.999587e-01 3.289879e+00
 8.458458e-01 -1.579467e+00 -8.462358e-01 3.210829e+00
 8.468468e-01 -1.209953e+00 -1.291728e+00 3.132548e+00
 8.478478e-01 -7.222759e-01 -1.591664e+00 3.055076e+00
 8.488488e-01 -1.701857e-01 -1.717408e+00 2.978453e+00
 8.498498e-01  3.866826e-01 -1.659274e+00 2.902714e+00
 8.508509e-01  8.892488e-01 -1.427279e+00 2.827888e+00
 8.518519e-01  1.285291e+00 -1.049774e+00 2.753998e+00
 8.528529e-01  1.534933e+00 -5.701312e-01 2.681069e+00
 8.538539e-01  1.614737e+00 -4.184148e-02 2.609127e+00
 8.548549e-01  1.519962e+00  4.774078e-01 2.538202e+00
 8.558559e-01  1.264765e+00  9.320358e-01 2.468321e+00
 8.568569e-01  8.803547e-01  1.274554e+00 2.399513e+00
 8.578579e-01  4.113022e-01  1.470587e+00 2.331796e+00
 8.588589e-01 -8.954867e-02  1.502386e+00 2.265182e+00
 8.598599e-01 -5.670030e-01  1.370470e+00 2.199680e+00
 8.608609e-01 -9.696060e-01  1.093235e+00 2.135298e+00
 8.618619e-01 -1.255225e+00  7.045973e-01 2.072048e+00
 8.628629e-01 -1.395517e+00  2.499632e-01 2.009949e+00
 8.638639e-01 -1.378787e+00 -2.190126e-01 1.949020e+00
 8.648649e-01 -1.210958e+00 -6.502722e-01 1.889274e+00
 8.658659e-01 -9.145590e-01 -9.971460e-01 1.830718e+00
 8.668669e-01 -5.258700e-01 -1.223442e+00 1.773349e+00
 8.678679e-01 -9.058583e-02 -1.307269e+00 1.717159e+00
 8.688689e-01  3.415042e-01 -1.243188e+00 1.662142e+00
 8.698699e-01  7.221971e-01 -1.042464e+00 1.608299e+00
 8.708709e-01  1.010271e+00 -7.314320e-01 1.555641e+00
 8.718719e-01  1.175986e+00 -3.481882e-01 1.504179e+00
 8.728729e-01  1.204191e+00  6.199512e-02 1.453919e+00
 8.738739e-01  1.095707e+00  4.519751e-01 1.404855e+00
 8.748749e-01  8.668619e-01  7.781512e-01 1.356969e+00
 8.758759e-01  5.472566e-01  1.005360e+00 1.310239e+00
 8.768769e-01  1.760538e-01  1.110699e+00 1.264648e+00
 8.778779e-01 -2.027515e-01  1.085855e+00 1.220190e+00
 8.788789e-01 -5.455182e-01  9.376999e-01 1.176871e+00
 8.798799e-01 -8.139877e-01  6.871121e-01 1.134699e+00
 8.808809e-01 -9.795756e-01  3.662043e-01 1.093674e+00
 8.818819e-01 -1.026438e+00  1.430248e-02 1.053780e+00
 8.828829e-01 -9.529821e-01 -3.268211e-01 1.014987e+00
 8.838839e-01 -7.716699e-01 -6.178880e-01 9.772600e-01
 8.848849e-01 -5.071826e-01 -8.266433e-01 9.405732e-01
 8.858859e-01 -1.931888e-01 -9.314481e-01 9.049175e-01
 8.868869e-01  1.318652e-01 -9.235315e-01 8.702988e-01
 8.878879e-01  4.294255e-01 -8.076631e-01 8.367259e-01
 8.888889e-01  6.653944e-01 -6.012042e-01 8.041962e-01
 8.898899e-01  8.140460e-01 -3.316851e-01 7.726858e-01
 8.908909e-01  8.608418e-01 -3.323437e-02 7.421532e-01
 8.918919e-01  8.038349e-01  2.576861e-01 7.125527e-01
 8.928929e-01  6.535264e-01  5.067108e-01 6.838526e-01
 8.938939e-01  4.312304e-01  6.856270e-01 6.560441e-01
 8.948949e-01  1.661817e-01  7.755783e-01 6.291380e-01
 8.958959e-01 -1.082331e-01  7.690472e-01 6.031479e-01
 8.968969e-01 -3.586402e-01  6.704089e-01 5.780709e-01
 8.978979e-01 -5.557225e-01  4.950241e-01 5.538763e-01
 8.988989e-01 -6.776517e-01  2.670208e-01 5.305120e-01
 8.998999e-01 -7.125058e-01  1.607098e-02 5.079228e-01
 9.009009e-01 -6.594012e-01 -2.264149e-01 4.860736e-01
 9.019019e-01 -5.282363e-01 -4.311920e-01 4.649601e-01
 9.029029e-01 -3.381161e-01 -5.746996e-01 4.446022e-01
 9.039039e-01 -1.146893e-01 -6.417693e-01 4.250215e-01
 9.049049e-01  1.132417e-01 -6.272102e-01 4.062163e-01
 9.059059e-01  3.173942e-01 -5.361072e-01 3.881500e-01
 9.069069e-01  4.734972e-01 -3.828315e-01 3.707595e-01
 9.079079e-01  5.641705e-01 -1.889255e-01 3.539812e-01
 9.089089e-01  5.808487e-01  1.983905e-02 3.377788e-01
 9.099099e-01  5.245362e-01  2.168361e-01 3.221561e-01
 9.109109e-01  4.053344e-01  3.779546e-01 3.071457e-01
 9.119119e-01  2.408392e-01  4.845371e-01 2.927797e-01
 9.129129e-01  5.364524e-02  5.255295e-01 2.790590e-01
 9.139139e-01 -1.316967e-01  4.985940e-01 2.659400e-01
 9.149149e-01 -2.918649e-01  4.100770e-01 2.533483e-01
 9.159159e-01 -4.076836e-01  2.738723e-01 2.412120e-01
 9.169169e-01 -4.664073e-01  1.093627e-01 2.294959e-01
 9.179179e-01 -4.630997e-01 -6.126754e-02 2.182150e-01
 9.189189e-01 -4.009610e-01 -2.159815e-01 2.074178e-01
 9.199199e-01 -2.905962e-01 -3.357118e-01 1.971486e-01
 9.209209e-01 -1.483547e-01 -4.066957e-01 1.874105e-01
 9.219219e-01  6.009971e-03 -4.220378e-01 1.781520e-01
 9.229229e-01  1.520348e-01 -3.823236e-01 1.692859e-01
 9.239239e-01  2.712311e-01 -2.952391e-01 1.607324e-01
 9.249249e-01  3.494082e-01 -1.742793e-01 1.524594e-01
 9.259259e-01  3.783452e-01 -3.674918e-02 1.444956e-01
 9.269269e-01  3.566156e-01  9.865693e-02 1.369079e-01
 9.279279e-01  2.894868e-01  2.143621e-01 1.297537e-01
 9.289289e-01  1.879421e-01  2.961676e-01 1.230375e-01
 9.299299e-01  6.698747e-02  3.349777e-01 1.166974e-01
 9.309309e-01 -5.650510e-02  3.277799e-01 1.106325e-01
 9.319319e-01 -1.661140e-01  2.777790e-01 1.047550e-01
 9.329329e-01 -2.480282e-01  1.937000e-01 9.903770e-02
 9.339339e-01 -2.927698e-01  8.838380e-02 9.352583e-02
 9.349349e-01 -2.962638e-01 -2.310785e-02 8.830623e-02
 9.359359e-01 -2.601397e-01 -1.256051e-01 8.344927e-02
 9.369369e-01 -1.912517e-01 -2.058677e-01 7.895873e-02
 9.379379e-01 -1.005178e-01 -2.542765e-01 7.476037e-02
 9.389389e-01 -1.258884e-03 -2.659630e-01 7.073788e-02
 9.399399e-01  9.271328e-02 -2.412478e-01 6.679627e-02
 9.409409e-01  1.689906e-01 -1.853570e-01 6.291504e-02
 9.419419e-01  2.181872e-01 -1.074829e-01 5.915824e-02
 9.429429e-01  2.350727e-01 -1.934747e-02 5.563349e-02
 9.439439e-01  2.190854e-01  6.651673e-02 5.242289e-02
 9.449449e-01  1.741826e-01  1.385190e-01 4.952708e-02
 9.459459e-01  1.080758e-01  1.875541e-01 4.685691e-02
 9.469469e-01  3.098516e-02  2.081340e-01 4.427986e-02
 9.479479e-01 -4.589445e-02  1.989683e-01 4.169470e-02
 9.489489e-01 -1.119892e-01  1.629371e-01 3.909007e-02
 9.499499e-01 -1.587798e-01  1.064869e-01 3.655047e-02
 9.509510e-01 -1.808795e-01  3.855957e-02 3.420423e-02
 9.519520e-01 -1.766234e-01 -3.077696e-02 3.214305e-02
 9.529530e-01 -1.481079e-01 -9.178984e-02 3.036132e-02
 9.539540e-01 -1.007011e-01 -1.364261e-01 2.875279e-02
 9.549550e-01 -4.211847e-02 -1.593569e-01 2.716858e-02
 9.559560e-01  1.878637e-02 -1.585882e-01 2.550316e-02
 9.569570e-01  7.332947e-02 -1.355713e-01 2.375678e-02
 9.579580e-01  1.142139e-01 -9.481981e-02 2.203561e-02
 9.589590e-01  1.364873e-01 -4.311231e-02 2.048745e-02
 9.599600e-01  1.381165e-01  1.158865e-02 1.921048e-02
 9.609610e-01  1.201158e-01  6.133234e-02 1.818946e-02
 9.619620e-01  8.623266e-02  9.931434e-02 1.729941e-02
 9.629630e-01  4.225968e-02  1.207901e-01 1.637612e-02
 9.639640e-01 -4.910853e-03  1.236465e-01 1.531258e-02
 9.649650e-01 -4.833887e-02  1.085662e-01 1.412327e-02
 9.659660e-01 -8.203779e-02  7.877922e-02 1.293636e-02
 9.669670e-01 -1.017827e-01  3.945941e-02 1.191676e-02
 9.679680e-01 -1.056180e-01 -3.130412e-03 1.116497e-02
 9.689690e-01 -9.400755e-02 -4.260786e-02 1.065285e-02
 9.699700e-01 -6.962303e-02 -7.340757e-02 1.023604e-02
 9.709710e-01 -3.682333e-02 -9.154995e-02 9.737351e-03
 9.719720e-01 -9.167280e-04 -9.513759e-02 9.052001e-03
 9.729730e-01  3.267293e-02 -8.451997e-02 8.211145e-03
 9.739740e-01  5.920783e-02 -6.211865e-02 7.364294e-03
 9.749750e-01  7.528911e-02 -3.195579e-02 6.689622e-03
 9.759760e-01  7.927289e-02  1.029521e-03 6.285251e-03
 9.769770e-01  7.140143e-02  3.176485e-02 6.107170e-03
 9.779780e-01  5.364653e-02  5.580663e-02 5.992331e-03
 9.789790e-01  2.930567e-02  6.996828e-02 5.754382e-03
 9.799800e-01  2.425940e-03  7.272723e-02 5.295136e-03
 9.809810e-01 -2.284741e-02  6.436116e-02 4.664363e-03
 9.819820e-01 -4.289528e-02  4.680654e-02 4.030857e-03
 9.829830e-01 -5.512969e-02  2.327497e-02 3.581007e-03
 9.839840e-01 -5.831042e-02 -2.302659e-03 3.405407e-03
 9.849850e-01 -5.263757e-02 -2.591144e-02 3.442116e-03
 9.859860e-01 -3.962022e-02 -4.406697e-02 3.511660e-03
 9.869870e-01 -2.175589e-02 -5.431685e-02 3.423639e-03
 9.879880e-01 -2.082054e-03 -5.555864e-02 3.091097e-03
 9.889890e-01  1.632296e-02 -4.813504e-02 2.583421e-03
 9.899900e-01  3.080975e-02 -3.370300e-02 2.085133e-03
 9.909910e-01  3.952800e-02 -1.490801e-02 1.784711e-03
 9.919920e-01  4.164678e-02  5.076595e-03 1.760226e-03
 9.929930e-01  3.740162e-02  2.306797e-02 1.931013e-03
 9.939940e-01  2.797339e-02  3.636710e-02 2.105076e-03
 9.949950e-01  1.523025e-02  4.315224e-02 2.094077e-03
 9.959960e-01  1.383245e-03  4.271682e-02 1.826640e-03
 9.969970e-01 -1.138382e-02  3.552233e-02 1.391427e-03
 9.979980e-01 -2.124990e-02  2.306726e-02 9.836565e-04
 9.989990e-01 -2.700720e-02  7.600948e-03 7.871630e-04
 1.000000e+00 -2.819350e-02 -8.265607e-03 8.631938e-04
