# x psi_r psi_i psi2 
 0.000000e+00  4.990026e-01  1.139575e+00 1.547636e+00
 1.001001e-03  4.667285e-01  1.059074e+00 1.339473e+00
 2.002002e-03  4.039628e-01  9.252782e-01 1.019326e+00
 3.003003e-03  3.107993e-01  7.463251e-01 6.535974e-01
 4.004004e-03  1.892703e-01  5.327619e-01 3.196585e-01
 5.005005e-03  4.346846e-02  2.969684e-01 9.007974e-02
 6.006006e-03 -1.204667e-01  5.246727e-02 1.726504e-02
 7.007007e-03 -2.945127e-01 -1.868418e-01 1.216476e-01
 8.008008e-03 -4.690871e-01 -4.074812e-01 3.860836e-01
 9.009009e-03 -6.335234e-01 -5.971803e-01 7.579762e-01
 1.001001e-02 -7.766825e-01 -7.456000e-01 1.159155e+00
 1.101101e-02 -8.876672e-01 -8.449498e-01 1.501893e+00
 1.201201e-02 -9.565958e-01 -8.904569e-01 1.707989e+00
 1.301301e-02 -9.753825e-01 -8.806564e-01 1.726927e+00
 1.401401e-02 -9.384638e-01 -8.174776e-01 1.548984e+00
 1.501502e-02 -8.434115e-01 -7.061199e-01 1.209948e+00
 1.601602e-02 -6.913739e-01 -5.547197e-01 7.857118e-01
 1.701702e-02 -4.872975e-01 -3.738277e-01 3.772060e-01
 1.801802e-02 -2.398934e-01 -1.757268e-01 8.842873e-02
 1.901902e-02  3.866979e-02  2.636635e-02 2.190537e-03
 2.002002e-02  3.333426e-01  2.191658e-01 1.591509e-01
 2.102102e-02  6.270192e-01  3.901885e-01 5.454002e-01
 2.202202e-02  9.015635e-01  5.285770e-01 1.092210e+00
 2.302302e-02  1.138974e+00  6.258153e-01 1.688906e+00
 2.402402e-02  1.322607e+00  6.762873e-01 2.206655e+00
 2.502503e-02  1.438381e+00  6.776399e-01 2.528137e+00
 2.602603e-02  1.475852e+00  6.309209e-01 2.576201e+00
 2.702703e-02  1.429099e+00  5.404826e-01 2.334445e+00
 2.802803e-02  1.297325e+00  4.136550e-01 1.854162e+00
 2.902903e-02  1.085132e+00  2.602098e-01 1.245220e+00
 3.003003e-02  8.024257e-01  9.165269e-02 6.522873e-01
 3.103103e-02  4.639516e-01 -7.960713e-02 2.215884e-01
 3.203203e-02  8.847481e-02 -2.411502e-01 6.598120e-02
 3.303303e-02 -3.023393e-01 -3.814393e-01 2.369050e-01
 3.403403e-02 -6.852787e-01 -4.906458e-01 7.103401e-01
 3.503504e-02 -1.037077e+00 -5.613485e-01 1.390641e+00
 3.603604e-02 -1.335945e+00 -5.890541e-01 2.131734e+00
 3.703704e-02 -1.563027e+00 -5.724991e-01 2.770810e+00
 3.803804e-02 -1.703684e+00 -5.137110e-01 3.166437e+00
 3.903904e-02 -1.748503e+00 -4.178227e-01 3.231837e+00
 4.004004e-02 -1.693966e+00 -2.926555e-01 2.955168e+00
 4.104104e-02 -1.542724e+00 -1.480997e-01 2.401930e+00
 4.204204e-02 -1.303449e+00  4.657680e-03 1.699002e+00
 4.304304e-02 -9.902921e-01  1.540003e-01 1.004395e+00
 4.404404e-02 -6.219574e-01  2.887776e-01 4.702234e-01
 4.504505e-02 -2.204871e-01  3.991574e-01 2.079412e-01
 4.604605e-02  1.901779e-01  4.773711e-01 2.640508e-01
 4.704705e-02  5.857502e-01  5.182913e-01 6.117291e-01
 4.804805e-02  9.431539e-01  5.197971e-01 1.159728e+00
 4.904905e-02  1.241981e+00  4.828989e-01 1.775709e+00
 5.005005e-02  1.465750e+00  4.116126e-01 2.317848e+00
 5.105105e-02  1.602876e+00  3.125930e-01 2.666924e+00
 5.205205e-02  1.647302e+00  1.945583e-01 2.751455e+00
 5.305305e-02  1.598752e+00  6.755068e-02 2.560571e+00
 5.405405e-02  1.462596e+00 -5.790525e-02 2.142540e+00
 5.505506e-02  1.249348e+00 -1.716777e-01 1.590344e+00
 5.605606e-02  9.738485e-01 -2.648643e-01 1.018534e+00
 5.705706e-02  6.541892e-01 -3.305207e-01 5.372074e-01
 5.805806e-02  3.104664e-01 -3.642219e-01 2.290469e-01
 5.905906e-02 -3.654714e-02 -3.644084e-01 1.341291e-01
 6.006006e-02 -3.667208e-01 -3.324887e-01 2.450329e-01
 6.106106e-02 -6.617870e-01 -2.726900e-01 5.123218e-01
 6.206206e-02 -9.063868e-01 -1.916682e-01 8.582738e-01
 6.306306e-02 -1.088881e+00 -9.791085e-02 1.195249e+00
 6.406406e-02 -1.201885e+00 -9.822910e-04 1.444528e+00
 6.506507e-02 -1.242501e+00  8.932525e-02 1.551788e+00
 6.606607e-02 -1.212264e+00  1.638632e-01 1.496435e+00
 6.706707e-02 -1.116801e+00  2.149470e-01 1.293448e+00
 6.806807e-02 -9.652627e-01  2.370549e-01 9.879271e-01
 6.906907e-02 -7.695607e-01  2.273466e-01 6.439101e-01
 7.007007e-02 -5.434890e-01  1.859543e-01 3.299592e-01
 7.107107e-02 -3.017796e-01  1.160221e-01 1.045321e-01
 7.207207e-02 -5.916490e-02  2.348636e-02 4.052095e-03
 7.307307e-02  1.704980e-01 -8.338514e-02 3.602266e-02
 7.407407e-02  3.749882e-01 -1.946609e-01 1.785090e-01
 7.507508e-02  5.443298e-01 -2.995647e-01 3.860339e-01
 7.607608e-02  6.712222e-01 -3.873815e-01 6.006036e-01
 7.707708e-02  7.512793e-01 -4.483742e-01 7.654600e-01
 7.807808e-02  7.830790e-01 -4.746379e-01 8.384938e-01
 7.907908e-02  7.680345e-01 -4.608208e-01 8.022328e-01
 8.008008e-02  7.101123e-01 -4.046509e-01 6.680018e-01
 8.108108e-02  6.154239e-01 -3.072256e-01 4.731342e-01
 8.208208e-02  4.917291e-01 -1.730380e-01 2.717397e-01
 8.308308e-02  3.478854e-01 -9.734539e-03 1.211190e-01
 8.408408e-02  1.932805e-01  1.723773e-01 6.707127e-02
 8.508509e-02  3.728140e-02  3.610369e-01 1.317375e-01
 8.608609e-02 -1.112702e-01  5.428990e-01 3.071204e-01
 8.708709e-02 -2.444952e-01  7.044989e-01 5.560966e-01
 8.808809e-02 -3.558269e-01  8.332393e-01 8.209006e-01
 8.908909e-02 -4.402663e-01  9.183268e-01 1.037159e+00
 9.009009e-02 -4.945362e-01  9.515864e-01 1.150083e+00
 9.109109e-02 -5.171373e-01  9.280952e-01 1.128792e+00
 9.209209e-02 -5.083122e-01  8.465879e-01 9.750923e-01
 9.309309e-02 -4.699276e-01  7.096072e-01 7.243743e-01
 9.409409e-02 -4.052875e-01  5.233884e-01 4.381933e-01
 9.509510e-02 -3.188919e-01  2.974893e-01 1.901919e-01
 9.609610e-02 -2.161566e-01  4.419432e-02 4.867682e-02
 9.709710e-02 -1.031086e-01 -2.222637e-01 6.003255e-02
 9.809810e-02  1.392816e-02 -4.866068e-01 2.369801e-01
 9.909910e-02  1.286429e-01 -7.334758e-01 5.545358e-01
 1.001001e-01  2.350332e-01 -9.483906e-01 9.546854e-01
 1.011011e-01  3.276745e-01 -1.118640e+00 1.358726e+00
 1.021021e-01  4.019543e-01 -1.234044e+00 1.684433e+00
 1.031031e-01  4.542655e-01 -1.287549e+00 1.864139e+00
 1.041041e-01  4.821518e-01 -1.275607e+00 1.859643e+00
 1.051051e-01  4.844013e-01 -1.198343e+00 1.670670e+00
 1.061061e-01  4.610861e-01 -1.059489e+00 1.335118e+00
 1.071071e-01  4.135451e-01 -8.661118e-01 9.211692e-01
 1.081081e-01  3.443117e-01 -6.281497e-01 5.131226e-01
 1.091091e-01  2.569876e-01 -3.578056e-01 1.940675e-01
 1.101101e-01  1.560666e-01 -6.883152e-02 2.909458e-02
 1.111111e-01  4.671491e-02  2.242427e-01 5.246706e-02
 1.121121e-01 -6.548427e-02  5.068913e-01 2.612269e-01
 1.131131e-01 -1.748108e-01  7.653395e-01 6.163033e-01
 1.141141e-01 -2.757010e-01  9.872369e-01 1.050648e+00
 1.151151e-01 -3.630387e-01  1.162226e+00 1.482567e+00
 1.161161e-01 -4.324303e-01  1.282387e+00 1.831512e+00
 1.171171e-01 -4.804466e-01  1.342535e+00 2.033229e+00
 1.181181e-01 -5.048183e-01  1.340386e+00 2.051476e+00
 1.191191e-01 -5.045686e-01  1.276573e+00 1.884228e+00
 1.201201e-01 -4.800757e-01  1.154538e+00 1.563431e+00
 1.211211e-01 -4.330551e-01  9.803071e-01 1.148539e+00
 1.221221e-01 -3.664606e-01  7.621718e-01 7.151993e-01
 1.231231e-01 -2.843064e-01  5.102903e-01 3.412264e-01
 1.241241e-01 -1.914191e-01  2.362318e-01 9.244673e-02
 1.251251e-01 -9.313244e-02 -4.752022e-02 1.093182e-02
 1.261261e-01  5.054834e-03 -3.280877e-01 1.076671e-01
 1.271271e-01  9.783705e-02 -5.927263e-01 3.608966e-01
 1.281281e-01  1.804492e-01 -8.293476e-01 7.203793e-01
 1.291291e-01  2.489791e-01 -1.027021e+00 1.116763e+00
 1.301301e-01  3.006193e-01 -1.176445e+00 1.474394e+00
 1.311311e-01  3.338380e-01 -1.270363e+00 1.725270e+00
 1.321321e-01  3.484549e-01 -1.303928e+00 1.821649e+00
 1.331331e-01  3.456106e-01 -1.274976e+00 1.745010e+00
 1.341341e-01  3.276334e-01 -1.184209e+00 1.509695e+00
 1.351351e-01  2.978079e-01 -1.035271e+00 1.160475e+00
 1.361361e-01  2.600657e-01 -8.346847e-01 7.643327e-01
 1.371371e-01  2.186205e-01 -5.916684e-01 3.978664e-01
 1.381381e-01  1.775781e-01 -3.177997e-01 1.325306e-01
 1.391391e-01  1.405548e-01 -2.654613e-02 2.046035e-02
 1.401401e-01  1.103384e-01  2.673348e-01 8.364243e-02
 1.411411e-01  8.862261e-02  5.485036e-01 3.087101e-01
 1.421421e-01  7.584190e-02  8.018270e-01 6.486785e-01
 1.431431e-01  7.112462e-02  1.013207e+00 1.031648e+00
 1.441441e-01  7.237324e-02  1.170408e+00 1.375093e+00
 1.451451e-01  7.646863e-02  1.263825e+00 1.603102e+00
 1.461461e-01  7.958490e-02  1.287154e+00 1.663099e+00
 1.471471e-01  7.758952e-02  1.237895e+00 1.538405e+00
 1.481481e-01  6.649573e-02  1.117668e+00 1.253604e+00
 1.491491e-01  4.292710e-02  9.322796e-01 8.709881e-01
 1.501502e-01  4.551823e-03  6.915461e-01 4.782567e-01
 1.511512e-01 -4.955553e-02  4.088477e-01 1.696122e-01
 1.521522e-01 -1.186619e-01  1.004386e-01 2.416854e-02
 1.531532e-01 -2.002627e-01 -2.154619e-01 8.652898e-02
 1.541542e-01 -2.901267e-01 -5.197442e-01 3.543075e-01
 1.551552e-01 -3.825031e-01 -7.935890e-01 7.760922e-01
 1.561562e-01 -4.704833e-01 -1.019676e+00 1.261094e+00
 1.571572e-01 -5.464937e-01 -1.183342e+00 1.698953e+00
 1.581582e-01 -6.028851e-01 -1.273601e+00 1.985530e+00
 1.591592e-01 -6.325743e-01 -1.283960e+00 2.048703e+00
 1.601602e-01 -6.296854e-01 -1.212951e+00 1.867755e+00
 1.611612e-01 -5.901384e-01 -1.064350e+00 1.481105e+00
 1.621622e-01 -5.121328e-01 -8.470338e-01 9.797463e-01
 1.631632e-01 -3.964826e-01 -5.744939e-01 4.872417e-01
 1.641642e-01 -2.467661e-01 -2.640189e-01 1.305995e-01
 1.651652e-01 -6.927153e-02  6.440373e-02 8.946385e-03
 1.661662e-01  1.272687e-01  3.893954e-01 1.678261e-01
 1.671672e-01  3.321429e-01  6.896157e-01 5.858887e-01
 1.681682e-01  5.332974e-01  9.452145e-01 1.177836e+00
 1.691692e-01  7.181063e-01  1.139202e+00 1.813458e+00
 1.701702e-01  8.742195e-01  1.258640e+00 2.348433e+00
 1.711712e-01  9.904294e-01  1.295557e+00 2.659420e+00
 1.721722e-01  1.057494e+00  1.247536e+00 2.674641e+00
 1.731732e-01  1.068857e+00  1.117897e+00 2.392148e+00
 1.741742e-01  1.021199e+00  9.154902e-01 1.880969e+00
 1.751752e-01  9.147977e-01  6.540897e-01 1.264688e+00
 1.761762e-01  7.536407e-01  3.514336e-01 6.914799e-01
 1.771772e-01  5.452943e-01  2.798273e-02 2.981289e-01
 1.781782e-01  3.005259e-01 -2.945159e-01 1.770554e-01
 1.791792e-01  3.270022e-02 -5.945549e-01 3.545648e-01
 1.801802e-01 -2.430117e-01 -8.523690e-01 7.855876e-01
 1.811812e-01 -5.105626e-01 -1.051305e+00 1.365916e+00
 1.821822e-01 -7.540353e-01 -1.178956e+00 1.958507e+00
 1.831832e-01 -9.586603e-01 -1.227983e+00 2.426971e+00
 1.841842e-01 -1.111776e+00 -1.196555e+00 2.667791e+00
 1.851852e-01 -1.203668e+00 -1.088395e+00 2.633421e+00
 1.861862e-01 -1.228228e+00 -9.124100e-01 2.341037e+00
 1.871872e-01 -1.183389e+00 -6.819668e-01 1.865489e+00
 1.881882e-01 -1.071307e+00 -4.138434e-01 1.318965e+00
 1.891892e-01 -8.982720e-01 -1.269624e-01 8.230121e-01
 1.901902e-01 -6.743539e-01  1.590062e-01 4.800361e-01
 1.911912e-01 -4.128034e-01  4.250613e-01 3.510837e-01
 1.921922e-01 -1.292457e-01  6.542012e-01 4.446836e-01
 1.931932e-01  1.592836e-01  8.325682e-01 7.185410e-01
 1.941942e-01  4.353980e-01  9.503276e-01 1.092694e+00
 1.951952e-01  6.824490e-01  1.002222e+00 1.470185e+00
 1.961962e-01  8.855726e-01  9.877683e-01 1.759925e+00
 1.971972e-01  1.032629e+00  9.110960e-01 1.896419e+00
 1.981982e-01  1.114973e+00  7.804490e-01 1.852264e+00
 1.991992e-01  1.128003e+00  6.074048e-01 1.641331e+00
 2.002002e-01  1.071461e+00  4.058791e-01 1.312766e+00
 2.012012e-01  9.494522e-01  1.910032e-01 9.379417e-01
 2.022022e-01  7.701893e-01 -2.203566e-02 5.936771e-01
 2.032032e-01  5.454752e-01 -2.190986e-01 3.455473e-01
 2.042042e-01  2.899560e-01 -3.880612e-01 2.346660e-01
 2.052052e-01  2.019107e-02 -5.195747e-01 2.703656e-01
 2.062062e-01 -2.464008e-01 -6.075718e-01 4.298568e-01
 2.072072e-01 -4.926514e-01 -6.494930e-01 6.645466e-01
 2.082082e-01 -7.027392e-01 -6.462310e-01 9.114568e-01
 2.092092e-01 -8.632004e-01 -6.018140e-01 1.107295e+00
 2.102102e-01 -9.637905e-01 -5.228697e-01 1.202285e+00
 2.112112e-01 -9.981401e-01 -4.179266e-01 1.170946e+00
 2.122122e-01 -9.641635e-01 -2.966184e-01 1.017594e+00
 2.132132e-01 -8.641920e-01 -1.688637e-01 7.753427e-01
 2.142142e-01 -7.048242e-01 -4.408861e-02 4.987210e-01
 2.152152e-01 -4.965032e-01  6.944771e-02 2.513384e-01
 2.162162e-01 -2.528461e-01  1.651762e-01 9.121437e-02
 2.172172e-01  1.022828e-02  2.385587e-01 5.701487e-02
 2.182182e-01  2.755195e-01  2.872317e-01 1.584131e-01
 2.192192e-01  5.256451e-01  3.109582e-01 3.729978e-01
 2.202202e-01  7.441498e-01  3.114071e-01 6.507334e-01
 2.212212e-01  9.165533e-01  2.917945e-01 9.252140e-01
 2.222222e-01  1.031268e+00  2.564303e-01 1.129269e+00
 2.232232e-01  1.080328e+00  2.102196e-01 1.211300e+00
 2.242242e-01  1.059888e+00  1.581662e-01 1.148379e+00
 2.252252e-01  9.704548e-01  1.049250e-01 9.527918e-01
 2.262262e-01  8.168450e-01  5.443907e-02 6.701993e-01
 2.272272e-01  6.078694e-01  9.687800e-03 3.695990e-01
 2.282282e-01  3.557721e-01 -2.744078e-02 1.273268e-01
 2.292292e-01  7.545909e-02 -5.615261e-02 8.847190e-03
 2.302302e-01 -2.164305e-01 -7.663722e-02 5.271541e-02
 2.312312e-01 -5.025486e-01 -8.986659e-02 2.606311e-01
 2.322322e-01 -7.658929e-01 -9.733253e-02 5.960656e-01
 2.332332e-01 -9.908244e-01 -1.007566e-01 9.918849e-01
 2.342342e-01 -1.163986e+00 -1.018064e-01 1.365227e+00
 2.352352e-01 -1.275065e+00 -1.018507e-01 1.636164e+00
 2.362362e-01 -1.317362e+00 -1.017767e-01 1.745800e+00
 2.372372e-01 -1.288126e+00 -1.018890e-01 1.669651e+00
 2.382382e-01 -1.188658e+00 -1.018961e-01 1.423291e+00
 2.392392e-01 -1.024164e+00 -1.009831e-01 1.059110e+00
 2.402402e-01 -8.033933e-01 -9.795794e-02 6.550365e-01
 2.412412e-01 -5.380815e-01 -9.145214e-02 2.978951e-01
 2.422422e-01 -2.422404e-01 -8.015099e-02 6.510460e-02
 2.432432e-01  6.865592e-02 -6.302481e-02 8.685762e-03
 2.442442e-01  3.785387e-01 -3.953384e-02 1.448545e-01
 2.452452e-01  6.716122e-01 -9.782192e-03 4.511587e-01
 2.462462e-01  9.331740e-01  2.539834e-02 8.714588e-01
 2.472472e-01  1.150344e+00  6.444598e-02 1.327445e+00
 2.482482e-01  1.312670e+00  1.051509e-01 1.734158e+00
 2.492492e-01  1.412577e+00  1.448152e-01 2.016346e+00
 2.502503e-01  1.445664e+00  1.804765e-01 2.122516e+00
 2.512513e-01  1.410816e+00  2.091735e-01 2.034156e+00
 2.522523e-01  1.310168e+00  2.282274e-01 1.768627e+00
 2.532533e-01  1.148905e+00  2.355107e-01 1.375448e+00
 2.542543e-01  9.349453e-01  2.296763e-01 9.268739e-01
 2.552553e-01  6.785038e-01  2.103211e-01 5.046023e-01
 2.562563e-01  3.915834e-01  1.780684e-01 1.850460e-01
 2.572573e-01  8.740875e-02  1.345563e-01 2.574568e-02
 2.582583e-01 -2.201686e-01  8.233110e-02 5.525261e-02
 2.592593e-01 -5.172690e-01  2.465522e-02 2.681751e-01
 2.602603e-01 -7.905683e-01 -3.475657e-02 6.262063e-01
 2.612613e-01 -1.027846e+00 -9.204689e-02 1.064941e+00
 2.622623e-01 -1.218485e+00 -1.435437e-01 1.505311e+00
 2.632633e-01 -1.353904e+00 -1.860756e-01 1.867680e+00
 2.642643e-01 -1.427919e+00 -2.172430e-01 2.086147e+00
 2.652653e-01 -1.437014e+00 -2.356207e-01 2.120526e+00
 2.662663e-01 -1.380519e+00 -2.408685e-01 1.963850e+00
 2.672673e-01 -1.260682e+00 -2.337402e-01 1.643954e+00
 2.682683e-01 -1.082631e+00 -2.159882e-01 1.218740e+00
 2.692693e-01 -8.542140e-01 -1.901699e-01 7.658461e-01
 2.702703e-01 -5.857283e-01 -1.593760e-01 3.684783e-01
 2.712713e-01 -2.895243e-01 -1.269044e-01 9.992904e-02
 2.722723e-01  2.049735e-02 -9.591165e-02 9.619186e-03
 2.732733e-01  3.294874e-01 -6.907695e-02 1.133336e-01
 2.742743e-01  6.223286e-01 -4.831218e-02 3.896269e-01
 2.752753e-01  8.843677e-01 -3.454855e-02 7.832998e-01
 2.762763e-01  1.102167e+00 -2.762364e-02 1.215536e+00
 2.772773e-01  1.264239e+00 -2.628354e-02 1.598992e+00
 2.782783e-01  1.361716e+00 -2.830353e-02 1.855073e+00
 2.792793e-01  1.388923e+00 -3.071993e-02 1.930052e+00
 2.802803e-01  1.343802e+00 -3.015373e-02 1.806713e+00
 2.812813e-01  1.228158e+00 -2.319787e-02 1.508910e+00
 2.822823e-01  1.047698e+00 -6.831977e-03 1.097718e+00
 2.832833e-01  8.118444e-01  2.117524e-02 6.595397e-01
 2.842843e-01  5.333195e-01  6.191640e-02 2.882633e-01
 2.852853e-01  2.275128e-01  1.150859e-01 6.500683e-02
 2.862863e-01 -8.834223e-02  1.788408e-01 3.978840e-02
 2.872873e-01 -3.961408e-01  2.498024e-01 2.193288e-01
 2.882883e-01 -6.779743e-01  3.232071e-01 5.641119e-01
 2.892893e-01 -9.172283e-01  3.932018e-01 9.959154e-01
 2.902903e-01 -1.099640e+00  4.532652e-01 1.414657e+00
 2.912913e-01 -1.214242e+00  4.967259e-01 1.721121e+00
 2.922923e-01 -1.254130e+00  5.173354e-01 1.840477e+00
 2.932933e-01 -1.216982e+00  5.098517e-01 1.740993e+00
 2.942943e-01 -1.105303e+00  4.705817e-01 1.443142e+00
 2.952953e-01 -9.263515e-01  3.978358e-01 1.016400e+00
 2.962963e-01 -6.917451e-01  2.922515e-01 5.639223e-01
 2.972973e-01 -4.167704e-01  1.569519e-01 1.983315e-01
 2.982983e-01 -1.194236e-01 -2.481717e-03 1.426816e-02
 2.992993e-01  1.807524e-01 -1.782301e-01 6.443739e-02
 3.003003e-01  4.639609e-01 -3.606421e-01 3.453224e-01
 3.013013e-01  7.114868e-01 -5.388024e-01 7.965215e-01
 3.023023e-01  9.069808e-01 -7.012260e-01 1.314332e+00
 3.033033e-01  1.037600e+00 -8.366309e-01 1.776565e+00
 3.043043e-01  1.094921e+00 -9.347360e-01 2.072583e+00
 3.053053e-01  1.075553e+00 -9.870258e-01 2.131035e+00
 3.063063e-01  9.814096e-01 -9.874245e-01 1.938172e+00
 3.073073e-01  8.195963e-01 -9.328295e-01 1.541909e+00
 3.083083e-01  6.019391e-01 -8.234605e-01 1.040418e+00
 3.093093e-01  3.441630e-01 -6.629947e-01 5.580101e-01
 3.103103e-01  6.478752e-02 -4.584722e-01 2.143941e-01
 3.113113e-01 -2.161875e-01 -2.199726e-01 9.512497e-02
 3.123123e-01 -4.787103e-01  3.992142e-02 2.307572e-01
 3.133133e-01 -7.041167e-01  3.068428e-01 5.899328e-01
 3.143143e-01 -8.764729e-01  5.654956e-01 1.087990e+00
 3.153153e-01 -9.837232e-01  8.005945e-01 1.608663e+00
 3.163163e-01 -1.018555e+00  9.978268e-01 2.033113e+00
 3.173173e-01 -9.789173e-01  1.144776e+00 2.268790e+00
 3.183183e-01 -8.681517e-01  1.231741e+00 2.270874e+00
 3.193193e-01 -6.947271e-01  1.252407e+00 2.051168e+00
 3.203203e-01 -4.715967e-01  1.204303e+00 1.672749e+00
 3.213213e-01 -2.152271e-01  1.089038e+00 1.232327e+00
 3.223223e-01  5.562715e-02  9.122744e-01 8.353389e-01
 3.233233e-01  3.213103e-01  6.834486e-01 5.703423e-01
 3.243243e-01  5.627088e-01  4.152532e-01 4.890764e-01
 3.253253e-01  7.626414e-01  1.229033e-01 5.967271e-01
 3.263263e-01  9.070931e-01 -1.767640e-01 8.540634e-01
 3.273273e-01  9.862002e-01 -4.663040e-01 1.190030e+00
 3.283283e-01  9.949163e-01 -7.287308e-01 1.520907e+00
 3.293293e-01  9.333127e-01 -9.485684e-01 1.770855e+00
 3.303303e-01  8.064962e-01 -1.112819e+00 1.888803e+00
 3.313313e-01  6.241562e-01 -1.211791e+00 1.858008e+00
 3.323323e-01  3.997835e-01 -1.239720e+00 1.696732e+00
 3.333333e-01  1.496236e-01 -1.195161e+00 1.450797e+00
 3.343343e-01 -1.085482e-01 -1.081105e+00 1.180570e+00
 3.353353e-01 -3.567364e-01 -9.048164e-01 9.459535e-01
 3.363363e-01 -5.780167e-01 -6.774046e-01 7.929804e-01
 3.373373e-01 -7.577150e-01 -4.131413e-01 7.448178e-01
 3.383383e-01 -8.843868e-01 -1.285753e-01 7.986716e-01
 3.393393e-01 -9.505325e-01  1.585057e-01 9.286361e-01
 3.403403e-01 -9.530021e-01  4.301998e-01 1.093285e+00
 3.413413e-01 -8.930722e-01  6.696303e-01 1.245983e+00
 3.423423e-01 -7.762002e-01  8.620250e-01 1.345574e+00
 3.433433e-01 -6.114900e-01  9.956662e-01 1.365271e+00
 3.443443e-01 -4.109189e-01  1.062646e+00 1.298071e+00
 3.453453e-01 -1.883967e-01  1.059378e+00 1.157776e+00
 3.463463e-01  4.126728e-02  9.868279e-01 9.755322e-01
 3.473473e-01  2.634063e-01  8.504458e-01 7.926409e-01
 3.483483e-01  4.644715e-01  6.598075e-01 6.510798e-01
 3.493493e-01  6.328714e-01  4.279797e-01 5.836929e-01
 3.503504e-01  7.596238e-01  1.706563e-01 6.061519e-01
 3.513514e-01  8.387836e-01 -9.487961e-02 7.125600e-01
 3.523524e-01  8.676328e-01 -3.508990e-01 8.759168e-01
 3.533534e-01  8.466347e-01 -5.803977e-01 1.053652e+00
 3.543544e-01  7.791773e-01 -7.682168e-01 1.197274e+00
 3.553554e-01  6.711391e-01 -9.020367e-01 1.264098e+00
 3.563564e-01  5.303296e-01 -9.731784e-01 1.228326e+00
 3.573574e-01  3.658530e-01 -9.771569e-01 1.088684e+00
 3.583584e-01  1.874529e-01 -9.139521e-01 8.704471e-01
 3.593594e-01  4.886206e-03 -7.879792e-01 6.209350e-01
 3.603604e-01 -1.726303e-01 -6.077623e-01 3.991762e-01
 3.613614e-01 -3.368700e-01 -3.853372e-01 2.619661e-01
 3.623624e-01 -4.809221e-01 -1.354250e-01 2.496260e-01
 3.633634e-01 -5.993897e-01  1.255639e-01 3.750343e-01
 3.643644e-01 -6.884621e-01  3.806258e-01 6.188561e-01
 3.653654e-01 -7.458816e-01  6.132839e-01 9.324565e-01
 3.663664e-01 -7.708239e-01  8.086557e-01 1.248094e+00
 3.673674e-01 -7.637246e-01  9.543969e-01 1.494149e+00
 3.683684e-01 -7.260749e-01  1.041459e+00 1.611822e+00
 3.693694e-01 -6.602180e-01  1.064616e+00 1.569295e+00
 3.703704e-01 -5.691639e-01  1.022723e+00 1.369911e+00
 3.713714e-01 -4.564389e-01  9.187098e-01 1.052364e+00
 3.723724e-01 -3.259750e-01  7.592979e-01 6.827930e-01
 3.733734e-01 -1.820403e-01  5.544892e-01 3.405969e-01
 3.743744e-01 -2.919861e-02  3.168520e-01 1.012477e-01
 3.753754e-01  1.277119e-01  6.066875e-02 1.999104e-02
 3.763764e-01  2.836017e-01 -1.989961e-01 1.200294e-01
 3.773774e-01  4.331679e-01 -4.472415e-01 3.876593e-01
 3.783784e-01  5.709688e-01 -6.702247e-01 7.752065e-01
 3.793794e-01  6.915406e-01 -8.559505e-01 1.210880e+00
 3.803804e-01  7.895679e-01 -9.949059e-01 1.613255e+00
 3.813814e-01  8.601014e-01 -1.080510e+00 1.907276e+00
 3.823824e-01  8.988191e-01 -1.109358e+00 2.038551e+00
 3.833834e-01  9.023101e-01 -1.081262e+00 1.983290e+00
 3.843844e-01  8.683641e-01 -9.990886e-01 1.752234e+00
 3.853854e-01  7.962364e-01 -8.684399e-01 1.388180e+00
 3.863864e-01  6.868656e-01 -6.971853e-01 9.578517e-01
 3.873874e-01  5.430138e-01 -4.949080e-01 5.397980e-01
 3.883884e-01  3.693106e-01 -2.722980e-01 2.105365e-01
 3.893894e-01  1.721812e-01 -4.053675e-02 3.128961e-02
 3.903904e-01 -4.034553e-02  1.892855e-01 3.745676e-02
 3.913914e-01 -2.589529e-01  4.066919e-01 2.324549e-01
 3.923924e-01 -4.734592e-01  6.022551e-01 5.868748e-01
 3.933934e-01 -6.733324e-01  7.679353e-01 1.043101e+00
 3.943944e-01 -8.482633e-01  8.973160e-01 1.524727e+00
 3.953954e-01 -9.887652e-01  9.857426e-01 1.949345e+00
 3.963964e-01 -1.086757e+00  1.030374e+00 2.242711e+00
 3.973974e-01 -1.136094e+00  1.030164e+00 2.351946e+00
 3.983984e-01 -1.133001e+00  9.857866e-01 2.255465e+00
 3.993994e-01 -1.076384e+00  8.995274e-01 1.967752e+00
 4.004004e-01 -9.679848e-01  7.751478e-01 1.537849e+00
 4.014014e-01 -8.123677e-01  6.177372e-01 1.041541e+00
 4.024024e-01 -6.167332e-01  4.335546e-01 5.683295e-01
 4.034034e-01 -3.905658e-01  2.298602e-01 2.053774e-01
 4.044044e-01 -1.451321e-01  1.473100e-02 2.128032e-02
 4.054054e-01  1.071375e-01 -2.031456e-01 5.274658e-02
 4.064064e-01  3.533510e-01 -4.147105e-01 2.968417e-01
 4.074074e-01  5.808913e-01 -6.108098e-01 7.105234e-01
 4.084084e-01  7.781476e-01 -7.825140e-01 1.217842e+00
 4.094094e-01  9.351867e-01 -9.214767e-01 1.723694e+00
 4.104104e-01  1.044330e+00 -1.020326e+00 2.131692e+00
 4.114114e-01  1.100592e+00 -1.073072e+00 2.362785e+00
 4.124124e-01  1.101955e+00 -1.075502e+00 2.371009e+00
 4.134134e-01  1.049467e+00 -1.025548e+00 2.153130e+00
 4.144144e-01  9.471457e-01 -9.235840e-01 1.750092e+00
 4.154154e-01  8.017109e-01 -7.726160e-01 1.239676e+00
 4.164164e-01  6.221489e-01 -5.783543e-01 7.215630e-01
 4.174174e-01  4.191440e-01 -3.491223e-01 2.975680e-01
 4.184184e-01  2.044165e-01 -9.560104e-02 5.092567e-02
 4.194194e-01 -9.998156e-03  1.696004e-01 2.886424e-02
 4.204204e-01 -2.124742e-01  4.325351e-01 2.322319e-01
 4.214214e-01 -3.924881e-01  6.786485e-01 6.146107e-01
 4.224224e-01 -5.412252e-01  8.936063e-01 1.091457e+00
 4.234234e-01 -6.520746e-01  1.064177e+00 1.557674e+00
 4.244244e-01 -7.209705e-01  1.179104e+00 1.910085e+00
 4.254254e-01 -7.465718e-01  1.229916e+00 2.070063e+00
 4.264264e-01 -7.302593e-01  1.211599e+00 2.001251e+00
 4.274274e-01 -6.759635e-01  1.123091e+00 1.718259e+00
 4.284284e-01 -5.898250e-01  9.675350e-01 1.284018e+00
 4.294294e-01 -4.797228e-01  7.522767e-01 7.960542e-01
 4.304304e-01 -3.546894e-01  4.885720e-01 3.645072e-01
 4.314314e-01 -2.242659e-01  1.910303e-01 8.678780e-02
 4.324324e-01 -9.782644e-02 -1.231971e-01 2.474753e-02
 4.334334e-01  1.606986e-02 -4.354264e-01 1.898544e-01
 4.344344e-01  1.102686e-01 -7.265960e-01 5.401008e-01
 4.354354e-01  1.794970e-01 -9.784820e-01 9.896462e-01
 4.364364e-01  2.207110e-01 -1.174903e+00 1.429111e+00
 4.374374e-01  2.332703e-01 -1.302819e+00 1.751752e+00
 4.384384e-01  2.189456e-01 -1.353254e+00 1.879233e+00
 4.394394e-01  1.817376e-01 -1.321967e+00 1.780626e+00
 4.404404e-01  1.275378e-01 -1.209827e+00 1.479948e+00
 4.414414e-01  6.363228e-02 -1.022844e+00 1.050260e+00
 4.424424e-01 -1.895502e-03 -7.718674e-01 5.957829e-01
 4.434434e-01 -6.084373e-02 -4.719444e-01 2.264334e-01
 4.444444e-01 -1.055800e-01 -1.413998e-01 3.114105e-02
 4.454454e-01 -1.297114e-01  1.993267e-01 5.655617e-02
 4.464464e-01 -1.286578e-01  5.289893e-01 2.963825e-01
 4.474474e-01 -1.001107e-01  8.269187e-01 6.938166e-01
 4.484484e-01 -4.430655e-02  1.074370e+00 1.156233e+00
 4.494494e-01  3.588020e-02  1.255758e+00 1.578216e+00
 4.504505e-01  1.350727e-01  1.359684e+00 1.866986e+00
 4.514515e-01  2.457184e-01  1.379691e+00 1.963924e+00
 4.524525e-01  3.586271e-01  1.314684e+00 1.857008e+00
 4.534535e-01  4.636446e-01  1.169011e+00 1.581554e+00
 4.544545e-01  5.504601e-01  9.521626e-01 1.209620e+00
 4.554555e-01  6.094392e-01  6.781488e-01 8.313019e-01
 4.564565e-01  6.324698e-01  3.645666e-01 5.329268e-01
 4.574575e-01  6.136990e-01  3.144580e-02 3.776153e-01
 4.584585e-01  5.501552e-01 -3.000739e-01 3.927151e-01
 4.594595e-01  4.421395e-01 -6.091124e-01 5.665053e-01
 4.604605e-01  2.934114e-01 -8.764124e-01 8.541890e-01
 4.614615e-01  1.110735e-01 -1.085561e+00 1.190781e+00
 4.624625e-01 -9.476988e-02 -1.224041e+00 1.507257e+00
 4.634635e-01 -3.116477e-01 -1.283982e+00 1.745734e+00
 4.644645e-01 -5.255189e-01 -1.262641e+00 1.870432e+00
 4.654655e-01 -7.217760e-01 -1.162497e+00 1.872360e+00
 4.664665e-01 -8.862735e-01 -9.910515e-01 1.767664e+00
 4.674675e-01 -1.006422e+00 -7.602549e-01 1.590873e+00
 4.684685e-01 -1.072134e+00 -4.857050e-01 1.385381e+00
 4.694695e-01 -1.076686e+00 -1.855642e-01 1.193687e+00
 4.704705e-01 -1.017269e+00  1.206122e-01 1.049384e+00
 4.714715e-01 -8.953605e-01  4.131887e-01 9.723953e-01
 4.724725e-01 -7.166710e-01  6.736672e-01 9.674449e-01
 4.734735e-01 -4.909084e-01  8.859050e-01 1.025819e+00
 4.744745e-01 -2.310906e-01  1.037053e+00 1.128881e+00
 4.754755e-01  4.721671e-02  1.118395e+00 1.253037e+00
 4.764765e-01  3.270705e-01  1.125757e+00 1.374305e+00
 4.774775e-01  5.911754e-01  1.059807e+00 1.472678e+00
 4.784785e-01  8.232536e-01  9.258016e-01 1.534855e+00
 4.794795e-01  1.008949e+00  7.333582e-01 1.555792e+00
 4.804805e-01  1.137102e+00  4.955465e-01 1.538567e+00
 4.814815e-01  1.200096e+00  2.283269e-01 1.492363e+00
 4.824825e-01  1.194935e+00 -5.097258e-02 1.430467e+00
 4.834835e-01  1.122422e+00 -3.239865e-01 1.364798e+00
 4.844845e-01  9.889277e-01 -5.740588e-01 1.307521e+00
 4.854855e-01  7.984775e-01 -7.806289e-01 1.246948e+00
 4.864865e-01  5.340710e-01 -8.999240e-01 1.095095e+00
 4.874875e-01  2.190173e-01 -9.152059e-01 8.855704e-01
 4.884885e-01 -1.115984e-01 -8.260657e-01 6.948388e-01
 4.894895e-01 -4.233301e-01 -6.429690e-01 5.926175e-01
 4.904905e-01 -6.840935e-01 -3.873756e-01 6.180437e-01
 4.914915e-01 -8.685524e-01 -8.852329e-02 7.622196e-01
 4.924925e-01 -9.600119e-01  2.194980e-01 9.698023e-01
 4.934935e-01 -9.522869e-01  5.019019e-01 1.158756e+00
 4.944945e-01 -8.496526e-01  7.269173e-01 1.250318e+00
 4.954955e-01 -6.661500e-01  8.694712e-01 1.199736e+00
 4.964965e-01 -4.234840e-01  9.138390e-01 1.014441e+00
 4.974975e-01 -1.484838e-01  8.554077e-01 7.537698e-01
 4.984985e-01  1.300813e-01  7.010516e-01 5.083944e-01
 4.994995e-01  3.845338e-01  4.683146e-01 3.671848e-01
 5.005005e-01  5.911575e-01  1.833569e-01 3.830869e-01
 5.015015e-01  7.323481e-01 -1.220108e-01 5.512204e-01
 5.025025e-01  7.980482e-01 -4.138895e-01 8.081855e-01
 5.035035e-01  7.862201e-01 -6.600802e-01 1.053848e+00
 5.045045e-01  7.024750e-01 -8.335886e-01 1.188341e+00
 5.055055e-01  5.589213e-01 -9.156072e-01 1.150730e+00
 5.065065e-01  3.724311e-01 -8.974423e-01 9.441076e-01
 5.075075e-01  1.626136e-01 -7.814689e-01 6.371368e-01
 5.085085e-01 -5.035212e-02 -5.806488e-01 3.396883e-01
 5.095095e-01 -2.476155e-01 -3.171689e-01 1.619096e-01
 5.105105e-01 -4.133507e-01 -1.972665e-02 1.712480e-01
 5.115115e-01 -5.357497e-01  2.793767e-01 3.650791e-01
 5.125125e-01 -6.077985e-01  5.481674e-01 6.699066e-01
 5.135135e-01 -6.270526e-01  7.578607e-01 9.675478e-01
 5.145145e-01 -5.957454e-01  8.868910e-01 1.141488e+00
 5.155155e-01 -5.191139e-01  9.212078e-01 1.118103e+00
 5.165165e-01 -4.082905e-01  8.633926e-01 9.121479e-01
 5.175175e-01 -2.885634e-01  7.530566e-01 6.503631e-01
 5.185185e-01 -1.671009e-01  6.029411e-01 3.914607e-01
 5.195195e-01 -4.656943e-02  4.210948e-01 1.794895e-01
 5.205205e-01  7.036742e-02  2.184241e-01 5.266065e-02
 5.215215e-01  1.819721e-01  5.983567e-03 3.314965e-02
 5.225225e-01  2.867112e-01 -2.047034e-01 1.241068e-01
 5.235235e-01  3.833519e-01 -4.029298e-01 3.093111e-01
 5.245245e-01  4.705415e-01 -5.789747e-01 5.566211e-01
 5.255255e-01  5.467898e-01 -7.248831e-01 8.244346e-01
 5.265265e-01  6.102557e-01 -8.345816e-01 1.068938e+00
 5.275275e-01  6.588154e-01 -9.042512e-01 1.251708e+00
 5.285285e-01  6.900670e-01 -9.322317e-01 1.345248e+00
 5.295295e-01  7.015427e-01 -9.190438e-01 1.336804e+00
 5.305305e-01  6.908937e-01 -8.670799e-01 1.229162e+00
 5.315315e-01  6.562051e-01 -7.803796e-01 1.039597e+00
 5.325325e-01  5.962614e-01 -6.641933e-01 7.966804e-01
 5.335335e-01  5.108570e-01 -5.246492e-01 5.362316e-01
 5.345345e-01  4.010105e-01 -3.683129e-01 2.964638e-01
 5.355355e-01  2.691460e-01 -2.018800e-01 1.131951e-01
 5.365365e-01  1.191385e-01 -3.183761e-02 1.520761e-02
 5.375375e-01 -4.372359e-02  1.357267e-01 2.033350e-02
 5.385385e-01 -2.129227e-01  2.953097e-01 1.325439e-01
 5.395395e-01 -3.809867e-01  4.420435e-01 3.405534e-01
 5.405405e-01 -5.398830e-01  5.717419e-01 6.183625e-01
 5.415415e-01 -6.814673e-01  6.808524e-01 9.279576e-01
 5.425425e-01 -7.979915e-01  7.664309e-01 1.224207e+00
 5.435435e-01 -8.826015e-01  8.260733e-01 1.461383e+00
 5.445445e-01 -9.298168e-01  8.579028e-01 1.600556e+00
 5.455455e-01 -9.359290e-01  8.605545e-01 1.616517e+00
 5.465465e-01 -8.993123e-01  8.332347e-01 1.503043e+00
 5.475475e-01 -8.205984e-01  7.757923e-01 1.275235e+00
 5.485485e-01 -7.027209e-01  6.888528e-01 9.683349e-01
 5.495495e-01 -5.508048e-01  5.739480e-01 6.328023e-01
 5.505506e-01 -3.719228e-01  4.336685e-01 3.263950e-01
 5.515516e-01 -1.747184e-01  2.717686e-01 1.043847e-01
 5.525526e-01  3.106784e-02  9.324095e-02 9.659085e-03
 5.535536e-01  2.351499e-01 -9.570494e-02 6.445493e-02
 5.545546e-01  4.272797e-01 -2.877405e-01 2.653625e-01
 5.555556e-01  5.978347e-01 -4.746406e-01 5.826901e-01
 5.565566e-01  7.383645e-01 -6.475993e-01 9.645671e-01
 5.575576e-01  8.420698e-01 -7.976609e-01 1.345344e+00
 5.585586e-01  9.041775e-01 -9.162164e-01 1.656989e+00
 5.595596e-01  9.221981e-01 -9.955646e-01 1.841598e+00
 5.605606e-01  8.960429e-01 -1.029470e+00 1.862701e+00
 5.615616e-01  8.280031e-01 -1.013701e+00 1.713178e+00
 5.625626e-01  7.225882e-01 -9.464758e-01 1.417950e+00
 5.635636e-01  5.862399e-01 -8.287997e-01 1.030586e+00
 5.645646e-01  4.269361e-01 -6.646274e-01 6.240041e-01
 5.655656e-01  2.537130e-01 -4.608500e-01 2.767530e-01
 5.665666e-01  7.613088e-02 -2.270691e-01 5.735629e-02
 5.675676e-01 -9.628101e-02  2.482224e-02 9.886177e-03
 5.685686e-01 -2.545726e-01  2.812530e-01 1.439105e-01
 5.695696e-01 -3.908783e-01  5.277335e-01 4.312885e-01
 5.705706e-01 -4.988545e-01  7.497304e-01 8.109515e-01
 5.715716e-01 -5.740209e-01  9.335865e-01 1.201084e+00
 5.725726e-01 -6.139888e-01  1.067436e+00 1.516402e+00
 5.735736e-01 -6.185609e-01  1.142036e+00 1.686865e+00
 5.745746e-01 -5.896980e-01  1.151468e+00 1.673621e+00
 5.755756e-01 -5.313518e-01  1.093631e+00 1.478363e+00
 5.765766e-01 -4.491758e-01  9.705174e-01 1.143663e+00
 5.775776e-01 -3.501265e-01  7.882064e-01 7.438579e-01
 5.785786e-01 -2.419824e-01  5.565987e-01 3.683576e-01
 5.795796e-01 -1.328065e-01  2.888817e-01 1.010902e-01
 5.805806e-01 -3.038766e-02  7.681470e-04 9.239998e-04
 5.815816e-01  5.830343e-02 -2.904555e-01 8.776369e-02
 5.825826e-01  1.276067e-01 -5.670011e-01 3.377737e-01
 5.835836e-01  1.735791e-01 -8.117095e-01 6.890020e-01
 5.845846e-01  1.942827e-01 -1.009156e+00 1.056141e+00
 5.855856e-01  1.899320e-01 -1.146664e+00 1.350912e+00
 5.865866e-01  1.628826e-01 -1.215149e+00 1.503118e+00
 5.875876e-01  1.174583e-01 -1.209744e+00 1.477278e+00
 5.885886e-01  5.962092e-02 -1.130154e+00 1.280802e+00
 5.895896e-01 -3.496807e-03 -9.807134e-01 9.618109e-01
 5.905906e-01 -6.416709e-02 -7.701541e-01 5.972547e-01
 5.915916e-01 -1.147110e-01 -5.110773e-01 2.743586e-01
 5.925926e-01 -1.481636e-01 -2.191773e-01 6.999115e-02
 5.935936e-01 -1.589088e-01  8.773664e-02 3.294971e-02
 5.945946e-01 -1.432309e-01  3.908601e-01 1.732867e-01
 5.955956e-01 -9.973613e-02  6.715766e-01 4.609624e-01
 5.965966e-01 -2.960154e-02  9.126333e-01 8.337758e-01
 5.975976e-01  6.337700e-02  1.099226e+00 1.212315e+00
 5.985986e-01  1.729520e-01  1.219933e+00 1.518148e+00
 5.995996e-01  2.908052e-01  1.267422e+00 1.690926e+00
 6.006006e-01  4.071208e-01  1.238910e+00 1.700645e+00
 6.016016e-01  5.113167e-01  1.136316e+00 1.552659e+00
 6.026026e-01  5.928794e-01  9.661316e-01 1.284916e+00
 6.036036e-01  6.422417e-01  7.389859e-01 9.585745e-01
 6.046046e-01  6.516332e-01  4.689638e-01 6.445529e-01
 6.056056e-01  6.158330e-01  1.727006e-01 4.090757e-01
 6.066066e-01  5.327578e-01 -1.316747e-01 3.011691e-01
 6.076076e-01  4.038320e-01 -4.256865e-01 3.442893e-01
 6.086086e-01  2.340977e-01 -6.916712e-01 5.332107e-01
 6.096096e-01  3.204492e-02 -9.138771e-01 8.361982e-01
 6.106106e-01 -1.908362e-01 -1.079433e+00 1.201593e+00
 6.116116e-01 -4.207583e-01 -1.179125e+00 1.567372e+00
 6.126126e-01 -6.425480e-01 -1.207935e+00 1.871974e+00
 6.136136e-01 -8.407025e-01 -1.165307e+00 2.064721e+00
 6.146146e-01 -1.000514e+00 -1.055124e+00 2.114315e+00
 6.156156e-01 -1.109175e+00 -8.854033e-01 2.014209e+00
 6.166166e-01 -1.156783e+00 -6.677286e-01 1.784009e+00
 6.176176e-01 -1.137158e+00 -4.164625e-01 1.466569e+00
 6.186186e-01 -1.048409e+00 -1.477867e-01 1.121001e+00
 6.196196e-01 -8.932039e-01  1.213619e-01 8.125420e-01
 6.206206e-01 -6.787126e-01  3.743905e-01 6.008190e-01
 6.216216e-01 -4.162192e-01  5.961113e-01 5.285871e-01
 6.226226e-01 -1.204370e-01  7.736971e-01 6.131122e-01
 6.236236e-01  1.914333e-01  8.974655e-01 8.420910e-01
 6.246246e-01  5.008314e-01  9.614463e-01 1.175211e+00
 6.256256e-01  7.890691e-01  9.636917e-01 1.551332e+00
 6.266266e-01  1.038575e+00  9.063156e-01 1.900046e+00
 6.276276e-01  1.234063e+00  7.952591e-01 2.155349e+00
 6.286286e-01  1.363537e+00  6.398044e-01 2.268583e+00
 6.296296e-01  1.419064e+00  4.518702e-01 2.217929e+00
 6.306306e-01  1.397258e+00  2.451433e-01 2.012426e+00
 6.316316e-01  1.299453e+00  3.410414e-02 1.689742e+00
 6.326326e-01  1.131547e+00 -1.669803e-01 1.308280e+00
 6.336336e-01  9.035429e-01 -3.450301e-01 9.354355e-01
 6.346346e-01  6.288337e-01 -4.890204e-01 6.345727e-01
 6.356356e-01  3.232710e-01 -5.906891e-01 4.534177e-01
 6.366366e-01  4.110351e-03 -6.450318e-01 4.160829e-01
 6.376376e-01 -3.111005e-01 -6.505563e-01 5.200071e-01
 6.386386e-01 -6.056049e-01 -6.092799e-01 7.379793e-01
 6.396396e-01 -8.644195e-01 -5.264751e-01 1.024397e+00
 6.406406e-01 -1.075151e+00 -4.101871e-01 1.324204e+00
 6.416416e-01 -1.228604e+00 -2.705617e-01 1.582672e+00
 6.426426e-01 -1.319141e+00 -1.190365e-01 1.754303e+00
 6.436436e-01 -1.344797e+00  3.254031e-02 1.809539e+00
 6.446446e-01 -1.307153e+00  1.728004e-01 1.738509e+00
 6.456456e-01 -1.210990e+00  2.916841e-01 1.551576e+00
 6.466466e-01 -1.063777e+00  3.811493e-01 1.276896e+00
 6.476476e-01 -8.750312e-01  4.357089e-01 9.555219e-01
 6.486486e-01 -6.556160e-01  4.527591e-01 6.348232e-01
 6.496496e-01 -4.170229e-01  4.326781e-01 3.611185e-01
 6.506507e-01 -1.706977e-01  3.786943e-01 1.725471e-01
 6.516517e-01  7.255212e-02  2.965369e-01 9.319796e-02
 6.526527e-01  3.030355e-01  1.939046e-01 1.294295e-01
 6.536537e-01  5.125211e-01  7.979437e-02 2.690451e-01
 6.546547e-01  6.944420e-01 -3.624974e-02 4.835638e-01
 6.556557e-01  8.439656e-01 -1.449096e-01 7.332767e-01
 6.566567e-01  9.579471e-01 -2.378237e-01 9.742228e-01
 6.576577e-01  1.034791e+00 -3.082200e-01 1.165792e+00
 6.586587e-01  1.074249e+00 -3.514010e-01 1.277495e+00
 6.596597e-01  1.077186e+00 -3.650481e-01 1.293591e+00
 6.606607e-01  1.045342e+00 -3.493232e-01 1.214766e+00
 6.616617e-01  9.811148e-01 -3.067659e-01 1.056692e+00
 6.626627e-01  8.873892e-01 -2.420005e-01 8.460238e-01
 6.636637e-01  7.674077e-01 -1.612811e-01 6.149262e-01
 6.646647e-01  6.247024e-01 -7.191737e-02 3.954252e-01
 6.656657e-01  4.630723e-01  1.836770e-02 2.147733e-01
 6.666667e-01  2.866002e-01  1.020939e-01 9.256284e-02
 6.676677e-01  9.968993e-02  1.726376e-01 3.974183e-02
 6.686687e-01 -9.289322e-02  2.247537e-01 5.914339e-02
 6.696697e-01 -2.859992e-01  2.549643e-01 1.468023e-01
 6.706707e-01 -4.741041e-01  2.617852e-01 2.933062e-01
 6.716717e-01 -6.513696e-01  2.457767e-01 4.846885e-01
 6.726727e-01 -8.117600e-01  2.094179e-01 7.028101e-01
 6.736737e-01 -9.492185e-01  1.568232e-01 9.256092e-01
 6.746747e-01 -1.057900e+00  9.332804e-02 1.127862e+00
 6.756757e-01 -1.132448e+00  2.498427e-02 1.283063e+00
 6.766767e-01 -1.168303e+00 -4.198787e-02 1.366696e+00
 6.776777e-01 -1.162016e+00 -1.017436e-01 1.360632e+00
 6.786787e-01 -1.111546e+00 -1.493054e-01 1.257828e+00
 6.796797e-01 -1.016527e+00 -1.809620e-01 1.066075e+00
 6.806807e-01 -8.784555e-01 -1.945428e-01 8.095310e-01
 6.816817e-01 -7.008078e-01 -1.895483e-01 5.270602e-01
 6.826827e-01 -4.890492e-01 -1.671288e-01 2.671011e-01
 6.836837e-01 -2.505329e-01 -1.299198e-01 7.964587e-02
 6.846847e-01  5.715700e-03 -8.175197e-02 6.716053e-03
 6.856857e-01  2.693264e-01 -2.726694e-02 7.328020e-02
 6.866867e-01  5.290124e-01  2.852544e-02 2.806679e-01
 6.876877e-01  7.730801e-01  8.070572e-02 6.041662e-01
 6.886887e-01  9.899962e-01  1.248794e-01 9.956872e-01
 6.896897e-01  1.168983e+00  1.575484e-01 1.391344e+00
 6.906907e-01  1.300611e+00  1.763903e-01 1.722703e+00
 6.916917e-01  1.377347e+00  1.804216e-01 1.929636e+00
 6.926927e-01  1.394034e+00  1.700359e-01 1.972243e+00
 6.936937e-01  1.348268e+00  1.469173e-01 1.839412e+00
 6.946947e-01  1.240640e+00  1.138403e-01 1.552147e+00
 6.956957e-01  1.074826e+00  7.437837e-02 1.160783e+00
 6.966967e-01  8.575196e-01  3.254965e-02 7.363993e-01
 6.976977e-01  5.981903e-01 -7.568016e-03 3.578890e-01
 6.986987e-01  3.086848e-01 -4.221610e-02 9.706849e-02
 6.996997e-01  2.678882e-03 -6.829720e-02 4.671684e-03
 7.007007e-01 -3.049893e-01 -8.364956e-02 1.000157e-01
 7.017017e-01 -5.990761e-01 -8.723334e-02 3.665019e-01
 7.027027e-01 -8.647371e-01 -7.921390e-02 7.540451e-01
 7.037037e-01 -1.088337e+00 -6.093817e-02 1.188190e+00
 7.047047e-01 -1.258216e+00 -3.480769e-02 1.584319e+00
 7.057057e-01 -1.365374e+00 -4.061506e-03 1.864262e+00
 7.067067e-01 -1.404015e+00  2.751224e-02 1.972016e+00
 7.077077e-01 -1.371938e+00  5.591111e-02 1.885340e+00
 7.087087e-01 -1.270718e+00  7.727282e-02 1.620696e+00
 7.097097e-01 -1.105692e+00  8.822095e-02 1.230338e+00
 7.107107e-01 -8.857126e-01  8.617610e-02 7.919131e-01
 7.117117e-01 -6.227029e-01  6.960869e-02 3.926042e-01
 7.127127e-01 -3.310193e-01  3.821569e-02 1.110342e-01
 7.137137e-01 -2.665989e-02 -6.992097e-03 7.596390e-04
 7.147147e-01  2.736388e-01 -6.369816e-02 7.893563e-02
 7.157157e-01  5.533627e-01 -1.283846e-01 3.226929e-01
 7.167167e-01  7.971840e-01 -1.965266e-01 6.741250e-01
 7.177177e-01  9.918664e-01 -2.628656e-01 1.052897e+00
 7.187187e-01  1.127057e+00 -3.217468e-01 1.373778e+00
 7.197197e-01  1.195910e+00 -3.674995e-01 1.565256e+00
 7.207207e-01  1.195506e+00 -3.948402e-01 1.585133e+00
 7.217217e-01  1.127032e+00 -3.992734e-01 1.429620e+00
 7.227227e-01  9.957073e-01 -3.774663e-01 1.133914e+00
 7.237237e-01  8.104633e-01 -3.275729e-01 7.641548e-01
 7.247247e-01  5.833842e-01 -2.494854e-01 4.025802e-01
 7.257257e-01  3.289511e-01 -1.449927e-01 1.292317e-01
 7.267267e-01  6.313041e-02 -1.782907e-02 4.303324e-03
 7.277277e-01 -1.976323e-01  1.263970e-01 5.503473e-02
 7.287287e-01 -4.374507e-01  2.804010e-01 2.699878e-01
 7.297297e-01 -6.419989e-01  4.355444e-01 6.018615e-01
 7.307307e-01 -7.994102e-01  5.822732e-01 9.780987e-01
 7.317317e-01 -9.010134e-01  7.106532e-01 1.316853e+00
 7.327327e-01 -9.418581e-01  8.109789e-01 1.544783e+00
 7.337337e-01 -9.209922e-01  8.744210e-01 1.612839e+00
 7.347347e-01 -8.414748e-01  8.936752e-01 1.506735e+00
 7.357357e-01 -7.101228e-01  8.635678e-01 1.250024e+00
 7.367367e-01 -5.370083e-01  7.815736e-01 8.992352e-01
 7.377377e-01 -3.347430e-01  6.482031e-01 5.322202e-01
 7.387387e-01 -1.175979e-01  4.672202e-01 2.321240e-01
 7.397397e-01  9.948084e-02  2.456605e-01 7.024554e-02
 7.407407e-01  3.018906e-01 -6.368077e-03 9.117851e-02
 7.417417e-01  4.763570e-01 -2.761080e-01 3.031516e-01
 7.427427e-01  6.118154e-01 -5.487845e-01 6.754826e-01
 7.437437e-01  7.001298e-01 -8.084222e-01 1.143728e+00
 7.447447e-01  7.366002e-01 -1.038800e+00 1.621686e+00
 7.457457e-01  7.202250e-01 -1.224490e+00 2.018100e+00
 7.467467e-01  6.537028e-01 -1.351906e+00 2.254978e+00
 7.477477e-01  5.431754e-01 -1.410298e+00 2.283980e+00
 7.487487e-01  3.977336e-01 -1.392608e+00 2.097549e+00
 7.497497e-01  2.287225e-01 -1.296125e+00 1.732254e+00
 7.507508e-01  4.889843e-02 -1.122881e+00 1.263253e+00
 7.517518e-01 -1.285016e-01 -8.797390e-01 7.904534e-01
 7.527528e-01 -2.907109e-01 -5.781622e-01 4.187844e-01
 7.537538e-01 -4.263363e-01 -2.336581e-01 2.363587e-01
 7.547548e-01 -5.261497e-01  1.350733e-01 2.950783e-01
 7.557558e-01 -5.837138e-01  5.072386e-01 5.980128e-01
 7.567568e-01 -5.957982e-01  8.612284e-01 1.096690e+00
 7.577578e-01 -5.625587e-01  1.175987e+00 1.699418e+00
 7.587588e-01 -4.874712e-01  1.432382e+00 2.289346e+00
 7.597598e-01 -3.770265e-01  1.614472e+00 2.748668e+00
 7.607608e-01 -2.402111e-01  1.710586e+00 2.983806e+00
 7.617618e-01 -8.781465e-02  1.714133e+00 2.945962e+00
 7.627628e-01  6.838470e-02  1.624072e+00 2.642288e+00
 7.637638e-01  2.164964e-01  1.445027e+00 2.134972e+00
 7.647648e-01  3.453916e-01  1.187002e+00 1.528268e+00
 7.657658e-01  4.455113e-01  8.647541e-01 9.462799e-01
 7.667668e-01  5.095521e-01  4.968373e-01 5.064906e-01
 7.677678e-01  5.329786e-01  1.043982e-01 2.949651e-01
 7.687688e-01  5.143305e-01 -2.901879e-01 3.487449e-01
 7.697698e-01  4.553008e-01 -6.647479e-01 6.491885e-01
 7.707708e-01  3.605831e-01 -9.987049e-01 1.127432e+00
 7.717718e-01  2.375012e-01 -1.274338e+00 1.680343e+00
 7.727728e-01  9.544864e-02 -1.477819e+00 2.193060e+00
 7.737738e-01 -5.481847e-02 -1.599967e+00 2.562901e+00
 7.747748e-01 -2.019834e-01 -1.636662e+00 2.719460e+00
 7.757758e-01 -3.350063e-01 -1.588910e+00 2.636865e+00
 7.767768e-01 -4.439359e-01 -1.462565e+00 2.336176e+00
 7.777778e-01 -5.206361e-01 -1.267739e+00 1.878224e+00
 7.787788e-01 -5.593758e-01 -1.017955e+00 1.349133e+00
 7.797798e-01 -5.572378e-01 -7.291185e-01 8.421277e-01
 7.807808e-01 -5.143204e-01 -4.183919e-01 4.395773e-01
 7.817818e-01 -4.337158e-01 -1.030493e-01 1.987285e-01
 7.827828e-01 -3.212687e-01  2.005942e-01 1.434516e-01
 7.837838e-01 -1.851348e-01  4.781121e-01 2.628661e-01
 7.847848e-01 -3.517143e-02  7.176952e-01 5.163234e-01
 7.857858e-01  1.177940e-01  9.106407e-01 8.431419e-01
 7.867868e-01  2.627624e-01  1.051585e+00 1.174875e+00
 7.877878e-01  3.893699e-01  1.138483e+00 1.447752e+00
 7.887888e-01  4.886437e-01  1.172358e+00 1.613196e+00
 7.897898e-01  5.536509e-01  1.156865e+00 1.644865e+00
 7.907908e-01  5.799930e-01  1.097714e+00 1.541368e+00
 7.917918e-01  5.661106e-01  1.002023e+00 1.324532e+00
 7.927928e-01  5.133763e-01  8.776500e-01 1.033825e+00
 7.937938e-01  4.259705e-01  7.325674e-01 7.181059e-01
 7.947948e-01  3.105508e-01  5.743301e-01 4.262969e-01
 7.957958e-01  1.757401e-01  4.096647e-01 1.987098e-01
 7.967968e-01  3.147450e-02  2.442080e-01 6.062820e-02
 7.977978e-01 -1.117413e-01  8.239755e-02 1.927548e-02
 7.987988e-01 -2.436131e-01 -7.249376e-02 6.460267e-02
 7.997998e-01 -3.548129e-01 -2.182022e-01 1.735044e-01
 8.008008e-01 -4.376554e-01 -3.532284e-01 3.163126e-01
 8.018018e-01 -4.866437e-01 -4.765432e-01 4.639155e-01
 8.028028e-01 -4.988469e-01 -5.872836e-01 5.937503e-01
 8.038038e-01 -4.740814e-01 -6.844798e-01 6.932658e-01
 8.048048e-01 -4.148848e-01 -7.668471e-01 7.601839e-01
 8.058058e-01 -3.262885e-01 -8.326664e-01 7.997975e-01
 8.068068e-01 -2.154073e-01 -8.797703e-01 8.203960e-01
 8.078078e-01 -9.087986e-02 -9.056367e-01 8.284371e-01
 8.088088e-01  3.779432e-02 -9.075821e-01 8.251337e-01
 8.098098e-01  1.609715e-01 -8.830343e-01 8.056613e-01
 8.108108e-01  2.695773e-01 -8.298595e-01 7.613387e-01
 8.118118e-01  3.557653e-01 -7.467088e-01 6.841429e-01
 8.128128e-01  4.134699e-01 -6.333485e-01 5.720877e-01
 8.138138e-01  4.388171e-01 -4.909402e-01 4.335827e-01
 8.148148e-01  4.303625e-01 -3.222376e-01 2.890489e-01
 8.158158e-01  3.891450e-01 -1.316769e-01 1.687726e-01
 8.168168e-01  3.185558e-01  7.465808e-02 1.070517e-01
 8.178178e-01  2.240378e-01  2.891997e-01 1.338294e-01
 8.188188e-01  1.126421e-01  5.031877e-01 2.658861e-01
 8.198198e-01 -7.519990e-03  7.070726e-01 5.000082e-01
 8.208208e-01 -1.278862e-01  8.910073e-01 8.102489e-01
 8.218218e-01 -2.400662e-01  1.045399e+00 1.150490e+00
 8.228228e-01 -3.364319e-01  1.161480e+00 1.462222e+00
 8.238238e-01 -4.106321e-01  1.231869e+00 1.686121e+00
 8.248248e-01 -4.579971e-01  1.251076e+00 1.774952e+00
 8.258258e-01 -4.758077e-01  1.215913e+00 1.704838e+00
 8.268268e-01 -4.634155e-01  1.125801e+00 1.482182e+00
 8.278278e-01 -4.222109e-01  9.829193e-01 1.144392e+00
 8.288288e-01 -3.554496e-01  7.922128e-01 7.539456e-01
 8.298298e-01 -2.679560e-01  5.612339e-01 3.867839e-01
 8.308308e-01 -1.657318e-01  2.998317e-01 1.173661e-01
 8.318318e-01 -5.550070e-02  1.970374e-02 3.468565e-03
 8.328328e-01  5.577203e-02 -2.661699e-01 7.395692e-02
 8.338338e-01  1.613534e-01 -5.441761e-01 3.221626e-01
 8.348348e-01  2.551749e-01 -8.007695e-01 7.063460e-01
 8.358358e-01  3.321967e-01 -1.023184e+00 1.157259e+00
 8.368368e-01  3.886831e-01 -1.200114e+00 1.591349e+00
 8.378378e-01  4.223750e-01 -1.322338e+00 1.926978e+00
 8.388388e-01  4.325553e-01 -1.383227e+00 2.100421e+00
 8.398398e-01  4.200088e-01 -1.379138e+00 2.078430e+00
 8.408408e-01  3.868862e-01 -1.309647e+00 1.864856e+00
 8.418418e-01  3.364864e-01 -1.177615e+00 1.500000e+00
 8.428428e-01  2.729761e-01 -9.890893e-01 1.052814e+00
 8.438438e-01  2.010689e-01 -7.530288e-01 6.074810e-01
 8.448448e-01  1.256847e-01 -4.808790e-01 2.470413e-01
 8.458458e-01  5.161330e-02 -1.860104e-01 3.726381e-02
 8.468468e-01 -1.679904e-02  1.169499e-01 1.395948e-02
 8.478478e-01 -7.592066e-02  4.128593e-01 1.762168e-01
 8.488488e-01 -1.230491e-01  6.868364e-01 4.868853e-01
 8.498498e-01 -1.565576e-01  9.250328e-01 8.801959e-01
 8.508509e-01 -1.759661e-01  1.115360e+00 1.274993e+00
 8.518519e-01 -1.819338e-01  1.248135e+00 1.590942e+00
 8.528529e-01 -1.761728e-01  1.316604e+00 1.764484e+00
 8.538539e-01 -1.612900e-01  1.317323e+00 1.761356e+00
 8.548549e-01 -1.405626e-01  1.250368e+00 1.583178e+00
 8.558559e-01 -1.176641e-01  1.119362e+00 1.266815e+00
 8.568569e-01 -9.635363e-02  9.313146e-01 8.766308e-01
 8.578579e-01 -8.014988e-02  6.962839e-01 4.912353e-01
 8.588589e-01 -7.201074e-02  4.268644e-01 1.873988e-01
 8.598599e-01 -7.404188e-02  1.375366e-01 2.439852e-02
 8.608609e-01 -8.725712e-02 -1.560958e-01 3.197969e-02
 8.618619e-01 -1.114124e-01 -4.381408e-01 2.043801e-01
 8.628629e-01 -1.449316e-01 -6.932816e-01 5.016445e-01
 8.638639e-01 -1.849375e-01 -9.076216e-01 8.579788e-01
 8.648649e-01 -2.273950e-01 -1.069465e+00 1.195464e+00
 8.658659e-01 -2.673653e-01 -1.169986e+00 1.440352e+00
 8.668669e-01 -2.993603e-01 -1.203753e+00 1.538638e+00
 8.678679e-01 -3.177790e-01 -1.169063e+00 1.467692e+00
 8.688689e-01 -3.173981e-01 -1.068077e+00 1.241531e+00
 8.698699e-01 -2.938804e-01 -9.067367e-01 9.085371e-01
 8.708709e-01 -2.442624e-01 -6.944559e-01 5.419331e-01
 8.718719e-01 -1.673775e-01 -4.436158e-01 2.248102e-01
 8.728729e-01 -6.417365e-02 -1.688724e-01 3.263615e-02
 8.738739e-01  6.211053e-02  1.136782e-01 1.678045e-02
 8.748749e-01  2.059402e-01  3.874329e-01 1.925156e-01
 8.758759e-01  3.596653e-01  6.362597e-01 5.341855e-01
 8.768769e-01  5.138912e-01  8.454619e-01 9.788901e-01
 8.778779e-01  6.580244e-01  1.002671e+00 1.438346e+00
 8.788789e-01  7.809666e-01  1.098611e+00 1.816854e+00
 8.798799e-01  8.719110e-01  1.127680e+00 2.031892e+00
 8.808809e-01  9.211878e-01  1.088325e+00 2.033039e+00
 8.818819e-01  9.210927e-01  9.831553e-01 1.815006e+00
 8.828829e-01  8.666333e-01  8.188088e-01 1.421501e+00
 8.838839e-01  7.561264e-01  6.055616e-01 9.384321e-01
 8.848849e-01  5.915904e-01  3.567021e-01 4.772156e-01
 8.858859e-01  3.788860e-01  8.770869e-02 1.512474e-01
 8.868869e-01  1.275808e-01 -1.847194e-01 5.039810e-02
 8.878879e-01 -1.494716e-01 -4.437176e-01 2.192271e-01
 8.888889e-01 -4.368200e-01 -6.733300e-01 6.441850e-01
 8.898899e-01 -7.173351e-01 -8.595300e-01 1.253362e+00
 8.908909e-01 -9.733012e-01 -9.911202e-01 1.929634e+00
 8.918919e-01 -1.187607e+00 -1.060449e+00 2.534962e+00
 8.928929e-01 -1.344948e+00 -1.063896e+00 2.940760e+00
 8.938939e-01 -1.432957e+00 -1.002089e+00 3.057549e+00
 8.948949e-01 -1.443169e+00 -8.798351e-01 2.856847e+00
 8.958959e-01 -1.371745e+00 -7.057754e-01 2.379802e+00
 8.968969e-01 -1.219897e+00 -4.917783e-01 1.729995e+00
 8.978979e-01 -9.939765e-01 -2.521164e-01 1.051552e+00
 8.988989e-01 -7.051964e-01 -2.483941e-03 4.973082e-01
 8.998999e-01 -3.690204e-01  2.410758e-01 1.942936e-01
 9.009009e-01 -4.238635e-03  4.632588e-01 2.146267e-01
 9.019019e-01  3.681983e-01  6.505259e-01 5.587539e-01
 9.029029e-01  7.265117e-01  7.919916e-01 1.155070e+00
 9.039039e-01  1.049499e+00  8.801156e-01 1.876051e+00
 9.049049e-01  1.317908e+00  9.111450e-01 2.567067e+00
 9.059059e-01  1.515694e+00  8.852804e-01 3.081049e+00
 9.069069e-01  1.631052e+00  8.065533e-01 3.310860e+00
 9.079079e-01  1.657179e+00  6.824304e-01 3.211955e+00
 9.089089e-01  1.592686e+00  5.231746e-01 2.810362e+00
 9.099099e-01  1.441657e+00  3.410175e-01 2.194668e+00
 9.109109e-01  1.213340e+00  1.492055e-01 1.494456e+00
 9.119119e-01  9.215055e-01 -3.900281e-02 8.506936e-01
 9.129129e-01  5.835171e-01 -2.113120e-01 3.851449e-01
 9.139139e-01  2.191826e-01 -3.572622e-01 1.756773e-01
 9.149149e-01 -1.505263e-01 -4.689325e-01 2.425559e-01
 9.159159e-01 -5.047990e-01 -5.414242e-01 5.479622e-01
 9.169169e-01 -8.242646e-01 -5.730894e-01 1.007844e+00
 9.179179e-01 -1.092138e+00 -5.654938e-01 1.512550e+00
 9.189189e-01 -1.295164e+00 -5.231215e-01 1.951106e+00
 9.199199e-01 -1.424296e+00 -4.528536e-01 2.233695e+00
 9.209209e-01 -1.475088e+00 -3.632670e-01 2.307848e+00
 9.219219e-01 -1.447774e+00 -2.638181e-01 2.165649e+00
 9.229229e-01 -1.347045e+00 -1.639805e-01 1.841420e+00
 9.239239e-01 -1.181565e+00 -7.241280e-02 1.401339e+00
 9.249249e-01 -9.632518e-01  3.775164e-03 9.278683e-01
 9.259259e-01 -7.064006e-01  5.959445e-02 5.025533e-01
 9.269269e-01 -4.267043e-01  9.254268e-02 1.906407e-01
 9.279279e-01 -1.402462e-01  1.027340e-01 3.022329e-02
 9.289289e-01  1.374695e-01  9.278633e-02 2.750716e-02
 9.299299e-01  3.923898e-01  6.747852e-02 1.585231e-01
 9.309309e-01  6.126368e-01  3.321194e-02 3.764268e-01
 9.319319e-01  7.890478e-01 -2.674842e-03 6.226036e-01
 9.329329e-01  9.155116e-01 -3.267486e-02 8.392292e-01
 9.339339e-01  9.890927e-01 -4.989632e-02 9.807940e-01
 9.349349e-01  1.009954e+00 -4.879021e-02 1.022387e+00
 9.359359e-01  9.810974e-01 -2.575697e-02 9.632156e-01
 9.369369e-01  9.079580e-01  2.042255e-02 8.248048e-01
 9.379379e-01  7.978821e-01  8.837109e-02 6.444254e-01
 9.389389e-01  6.595415e-01  1.741349e-01 4.653179e-01
 9.399399e-01  5.023194e-01  2.714400e-01 3.260045e-01
 9.409409e-01  3.357138e-01  3.721653e-01 2.512107e-01
 9.419419e-01  1.687904e-01  4.669943e-01 2.465739e-01
 9.429429e-01  9.718148e-03  5.461925e-01 2.984207e-01
 9.439439e-01 -1.345956e-01  6.004453e-01 3.786506e-01
 9.449449e-01 -2.587546e-01  6.216890e-01 4.534512e-01
 9.459459e-01 -3.590062e-01  6.038635e-01 4.935366e-01
 9.469469e-01 -4.332614e-01  5.435258e-01 4.831357e-01
 9.479479e-01 -4.810119e-01  4.402712e-01 4.252112e-01
 9.489489e-01 -5.031634e-01  2.969267e-01 3.413389e-01
 9.499499e-01 -5.018037e-01  1.194968e-01 2.660865e-01
 9.509510e-01 -4.799292e-01 -8.313576e-02 2.372436e-01
 9.519520e-01 -4.411519e-01 -2.997352e-01 2.844562e-01
 9.529530e-01 -3.894089e-01 -5.174259e-01 4.193688e-01
 9.539540e-01 -3.286924e-01 -7.225422e-01 6.301060e-01
 9.549550e-01 -2.628164e-01 -9.015522e-01 8.818688e-01
 9.559560e-01 -1.952295e-01 -1.041988e+00 1.123855e+00
 9.569570e-01 -1.288813e-01 -1.133320e+00 1.301026e+00
 9.579580e-01 -6.614375e-02 -1.167703e+00 1.367906e+00
 9.589590e-01 -8.784506e-03 -1.140553e+00 1.300939e+00
 9.599600e-01  4.201304e-02 -1.050910e+00 1.106177e+00
 9.609610e-01  8.559215e-02 -9.015587e-01 8.201341e-01
 9.619620e-01  1.217376e-01 -6.989130e-01 5.032994e-01
 9.629630e-01  1.505747e-01 -4.526605e-01 2.275743e-01
 9.639640e-01  1.724626e-01 -1.752032e-01 6.043953e-02
 9.649650e-01  1.878932e-01  1.190704e-01 4.948162e-02
 9.659660e-01  1.974020e-01  4.146312e-01 2.108866e-01
 9.669670e-01  2.014987e-01  6.957173e-01 5.246243e-01
 9.679680e-01  2.006200e-01  9.472462e-01 9.375238e-01
 9.689690e-01  1.951063e-01  1.155675e+00 1.373651e+00
 9.699700e-01  1.852005e-01  1.309757e+00 1.749762e+00
 9.709710e-01  1.710672e-01  1.401154e+00 1.992495e+00
 9.719720e-01  1.528261e-01  1.424869e+00 2.053607e+00
 9.729730e-01  1.305966e-01  1.379488e+00 1.920043e+00
 9.739740e-01  1.045457e-01  1.267212e+00 1.616755e+00
 9.749750e-01  7.493675e-02  1.093692e+00 1.201778e+00
 9.759760e-01  4.217169e-02  8.676882e-01 7.546613e-01
 9.769770e-01  6.825777e-03  6.005633e-01 3.607229e-01
 9.779780e-01 -3.033000e-02  3.056594e-01 9.434755e-02
 9.789790e-01 -6.831917e-02 -2.415131e-03 4.673342e-03
 9.799800e-01 -1.059643e-01 -3.085438e-01 1.064277e-01
 9.809810e-01 -1.419055e-01 -5.978676e-01 3.775828e-01
 9.819820e-01 -1.746339e-01 -8.565192e-01 7.641221e-01
 9.829830e-01 -2.025377e-01 -1.072291e+00 1.190830e+00
 9.839840e-01 -2.239632e-01 -1.235210e+00 1.575902e+00
 9.849850e-01 -2.372878e-01 -1.337988e+00 1.846517e+00
 9.859860e-01 -2.410052e-01 -1.376346e+00 1.952411e+00
 9.869870e-01 -2.338210e-01 -1.349178e+00 1.874955e+00
 9.879880e-01 -2.147564e-01 -1.258577e+00 1.630137e+00
 9.889890e-01 -1.832558e-01 -1.109696e+00 1.265007e+00
 9.899900e-01 -1.392935e-01 -9.104770e-01 8.483710e-01
 9.909910e-01 -8.347126e-02 -6.712505e-01 4.575447e-01
 9.919920e-01 -1.709943e-02 -4.042164e-01 1.636833e-01
 9.929930e-01  5.774991e-02 -1.228436e-01 1.842560e-02
 9.939940e-01  1.382273e-01  1.587948e-01 4.432258e-02
 9.949950e-01  2.207385e-01  4.267176e-01 2.308134e-01
 9.959960e-01  3.010342e-01  6.677318e-01 5.364873e-01
 9.969970e-01  3.743615e-01  8.700956e-01 8.972129e-01
 9.979980e-01  4.356804e-01  1.024117e+00 1.238633e+00
 9.989990e-01  4.799390e-01  1.122654e+00 1.490692e+00
 1.000000e+00  5.024005e-01  1.161492e+00 1.601469e+00
