# x psi_r psi_i psi2 
 0.000000e+00  1.154683e-09  2.037252e-09 5.483689e-18
 1.001001e-03 -1.138774e-09 -1.965407e-09 5.159630e-18
 2.002002e-03  1.174266e-09  1.978946e-09 5.295129e-18
 3.003003e-03 -1.124011e-09 -2.014213e-09 5.320455e-18
 4.004004e-03  1.173685e-09  1.918094e-09 5.056620e-18
 5.005005e-03 -1.145070e-09 -2.043331e-09 5.486385e-18
 6.006006e-03  1.132066e-09  1.898676e-09 4.886544e-18
 7.007007e-03 -1.199322e-09 -2.014973e-09 5.498490e-18
 8.008008e-03  1.078849e-09  1.944244e-09 4.944000e-18
 9.009009e-03 -1.234316e-09 -1.927487e-09 5.238740e-18
 1.001001e-02  1.078239e-09  2.029167e-09 5.280118e-18
 1.101101e-02 -1.191041e-09 -1.834574e-09 4.784242e-18
 1.201201e-02  1.165654e-09  2.077224e-09 5.673607e-18
 1.301301e-02 -1.072963e-09 -1.822069e-09 4.471184e-18
 1.401401e-02  1.290713e-09  2.011790e-09 5.713237e-18
 1.501502e-02 -9.745303e-10 -1.936007e-09 4.697833e-18
 1.601602e-02  1.330622e-09  1.836189e-09 5.142144e-18
 1.701702e-02 -1.019942e-09 -2.112783e-09 5.504132e-18
 1.801802e-02  1.192565e-09  1.673159e-09 4.221672e-18
 1.901902e-02 -1.238848e-09 -2.187436e-09 6.319621e-18
 2.002002e-02  9.325641e-10  1.697782e-09 3.752141e-18
 2.102102e-02 -1.484532e-09 -2.016840e-09 6.271477e-18
 2.202202e-02  7.710063e-10  1.976633e-09 4.501529e-18
 2.302302e-02 -1.502816e-09 -1.646280e-09 4.968692e-18
 2.402402e-02  9.377970e-10  2.338205e-09 6.346666e-18
 2.502503e-02 -1.152466e-09 -1.359792e-09 3.177210e-18
 2.602603e-02  1.429063e-09  2.431456e-09 7.954198e-18
 2.702703e-02 -6.152814e-10 -1.501367e-09 2.632675e-18
 2.802803e-02  1.890706e-09  2.008097e-09 7.607226e-18
 2.902903e-02 -3.675261e-10 -2.139390e-09 4.712067e-18
 3.003003e-02  1.816173e-09  1.238521e-09 4.832419e-18
 3.103103e-02 -8.250936e-10 -2.852293e-09 8.816354e-18
 3.203203e-02  1.004966e-09  7.471290e-10 1.568158e-18
 3.303303e-02 -1.874673e-09 -2.922619e-09 1.205610e-17
 3.403403e-02 -7.249557e-11  1.187105e-09 1.414474e-18
 3.503504e-02 -2.724941e-09 -1.937953e-09 1.118097e-17
 3.603604e-02 -4.281542e-10  2.573817e-09 6.807850e-18
 3.703704e-02 -2.390426e-09 -3.731877e-10 5.853407e-18
 3.803804e-02  6.779250e-10  3.949199e-09 1.605575e-17
 3.903904e-02 -6.130035e-10  4.577497e-10 5.853081e-19
 4.004004e-02  2.852033e-09  3.885417e-09 2.323056e-17
 4.104104e-02  1.513175e-09 -6.640107e-10 2.730610e-18
 4.204204e-02  4.410963e-09  1.714749e-09 2.239696e-17
 4.304304e-02  1.994052e-09 -3.572277e-09 1.673741e-17
 4.404404e-02  3.462916e-09 -1.419509e-09 1.400680e-17
 4.504505e-02 -4.821607e-10 -6.207904e-09 3.877055e-17
 4.604605e-02 -2.825263e-10 -2.837320e-09 8.130209e-18
 4.704705e-02 -4.893070e-09 -5.776473e-09 5.730977e-17
 4.804805e-02 -4.449908e-09 -2.715157e-10 1.987541e-17
 4.904905e-02 -7.783179e-09 -1.191003e-09 6.199637e-17
 5.005005e-02 -5.090324e-09  5.673008e-09 5.809441e-17
 5.105105e-02 -5.537401e-09  5.031853e-09 5.598235e-17
 5.205205e-02  1.541367e-10  1.075225e-08 1.156346e-16
 5.305305e-02  2.123114e-09  7.549891e-09 6.150847e-17
 5.405405e-02  8.976859e-09  9.543514e-09 1.716627e-16
 5.505506e-02  1.029793e-08  2.108514e-09 1.104933e-16
 5.605606e-02  1.447681e-08  1.968747e-10 2.096167e-16
 5.705706e-02  1.126575e-08 -9.802928e-09 2.230145e-16
 5.805806e-02  9.726311e-09 -1.210407e-08 2.411095e-16
 5.905906e-02  6.553124e-10 -1.973025e-08 3.897123e-16
 6.006006e-02 -5.552953e-09 -1.689710e-08 3.163471e-16
 6.106106e-02 -1.680627e-08 -1.718374e-08 5.777317e-16
 6.206206e-02 -2.167370e-08 -6.055093e-09 5.064135e-16
 6.306306e-02 -2.765553e-08  1.264049e-09 7.664263e-16
 6.406406e-02 -2.367671e-08  1.740761e-08 8.636114e-16
 6.506507e-02 -1.851609e-08  2.552133e-08 9.941840e-16
 6.606607e-02 -3.107935e-09  3.715447e-08 1.390114e-15
 6.706707e-02  1.124320e-08  3.541112e-08 1.380357e-15
 6.806807e-02  3.111530e-08  3.291276e-08 2.051412e-15
 6.906907e-02  4.322228e-08  1.507468e-08 2.095411e-15
 7.007007e-02  5.330155e-08 -2.343057e-09 2.846545e-15
 7.107107e-02  4.868050e-08 -3.035080e-08 3.290962e-15
 7.207207e-02  3.741203e-08 -5.002112e-08 3.901773e-15
 7.307307e-02  1.056279e-08 -7.024262e-08 5.045598e-15
 7.407407e-02 -1.909284e-08 -7.181611e-08 5.522091e-15
 7.507508e-02 -5.573006e-08 -6.549091e-08 7.394899e-15
 7.607608e-02 -8.270401e-08 -3.620051e-08 8.150430e-15
 7.707708e-02 -1.023257e-07 -5.051157e-10 1.047080e-14
 7.807808e-02 -9.877069e-08  4.997827e-08 1.225348e-14
 7.907908e-02 -7.830125e-08  9.253901e-08 1.469455e-14
 8.008008e-02 -3.180699e-08  1.312392e-07 1.823542e-14
 8.108108e-02  2.577504e-08  1.422764e-07 2.090693e-14
 8.208208e-02  9.452016e-08  1.325673e-07 2.650815e-14
 8.308308e-02  1.518351e-07  8.536809e-08 3.034162e-14
 8.408408e-02  1.935229e-07  1.802402e-08 3.777598e-14
 8.508509e-02  1.975151e-07 -7.386800e-08 4.446869e-14
 8.608609e-02  1.658420e-07 -1.610785e-07 5.344986e-14
 8.708709e-02  8.798579e-08 -2.390486e-07 6.488571e-14
 8.808809e-02 -1.846017e-08 -2.750443e-07 7.599015e-14
 8.908909e-02 -1.470834e-07 -2.680800e-07 9.350044e-14
 9.009009e-02 -2.651376e-07 -1.967409e-07 1.090049e-13
 9.109109e-02 -3.564385e-07 -7.805451e-08 1.331409e-13
 9.209209e-02 -3.867150e-07  8.708308e-08 1.571319e-13
 9.309309e-02 -3.484516e-07  2.589720e-07 1.884850e-13
 9.409409e-02 -2.261578e-07  4.181692e-07 2.260128e-13
 9.509510e-02 -3.932094e-08  5.152053e-07 2.669826e-13
 9.609610e-02  1.965113e-07  5.331059e-07 3.228186e-13
 9.709710e-02  4.322325e-07  4.388977e-07 3.794561e-13
 9.809810e-02  6.305067e-07  2.451695e-07 4.576468e-13
 9.909910e-02  7.339161e-07 -4.198215e-08 5.403953e-13
 1.001001e-01  7.144964e-07 -3.676966e-07 6.457058e-13
 1.011011e-01  5.429565e-07 -6.882343e-07 7.684682e-13
 1.021021e-01  2.360200e-07 -9.241741e-07 9.098033e-13
 1.031031e-01 -1.805467e-07 -1.027385e-06 1.088118e-12
 1.041041e-01 -6.335892e-07 -9.387052e-07 1.282603e-12
 1.051051e-01 -1.050655e-06 -6.550611e-07 1.532981e-12
 1.061061e-01 -1.332398e-06 -1.826155e-07 1.808632e-12
 1.071071e-01 -1.409517e-06  4.056015e-07 2.151251e-12
 1.081081e-01 -1.219399e-06  1.029556e-06 2.546919e-12
 1.091091e-01 -7.617586e-07  1.559517e-06 3.012369e-12
 1.101101e-01 -6.712560e-08  1.889807e-06 3.575878e-12
 1.111111e-01  7.613743e-07  1.906450e-06 4.214242e-12
 1.121121e-01  1.598032e-06  1.564746e-06 5.002134e-12
 1.131131e-01  2.272364e-06  8.528227e-07 5.890944e-12
 1.141141e-01  2.636937e-06 -1.436645e-07 6.974075e-12
 1.151151e-01  2.556763e-06 -1.298215e-06 8.222399e-12
 1.161161e-01  1.980012e-06 -2.404016e-06 9.699740e-12
 1.171171e-01  9.189218e-07 -3.256487e-06 1.144912e-11
 1.181181e-01 -4.987886e-07 -3.635833e-06 1.346807e-11
 1.191191e-01 -2.077915e-06 -3.402634e-06 1.589565e-11
 1.201201e-01 -3.538152e-06 -2.480945e-06 1.867361e-11
 1.211211e-01 -4.595946e-06 -9.395178e-07 2.200541e-11
 1.221221e-01 -4.973655e-06  1.053635e-06 2.584739e-11
 1.231231e-01 -4.495794e-06  3.189943e-06 3.038790e-11
 1.241241e-01 -3.094788e-06  5.110987e-06 3.569990e-11
 1.251251e-01 -8.847324e-07  6.410551e-06 4.187791e-11
 1.261261e-01  1.873995e-06  6.758110e-06 4.918391e-11
 1.271271e-01  4.755178e-06  5.915749e-06 5.760780e-11
 1.281281e-01  7.262259e-06  3.852808e-06 6.758454e-11
 1.291291e-01  8.863810e-06  7.286429e-07 7.909805e-11
 1.301301e-01  9.128998e-06 -3.050111e-06 9.264177e-11
 1.311311e-01  7.777554e-06 -6.920066e-06 1.083777e-10
 1.321321e-01  4.798723e-06 -1.018238e-05 1.267086e-10
 1.331331e-01  4.511762e-07 -1.216336e-05 1.481509e-10
 1.341341e-01 -4.696626e-06 -1.228377e-05 1.729493e-10
 1.351351e-01 -9.864621e-06 -1.023316e-05 2.020283e-10
 1.361361e-01 -1.412275e-05 -6.011444e-06 2.355896e-10
 1.371371e-01 -1.657824e-05 -3.266834e-08 2.748390e-10
 1.381381e-01 -1.649469e-05  6.940163e-06 3.202406e-10
 1.391391e-01 -1.349154e-05  1.382085e-05 3.730375e-10
 1.401401e-01 -7.620268e-06  1.939750e-05 4.343315e-10
 1.411411e-01  5.334199e-07  2.247080e-05 5.052216e-10
 1.421421e-01  9.916626e-06  2.212132e-05 5.876922e-10
 1.431431e-01  1.907677e-05  1.785679e-05 6.827881e-10
 1.441441e-01  2.639985e-05  9.817286e-06 7.933311e-10
 1.451451e-01  3.032009e-05 -1.209656e-06 9.207709e-10
 1.461461e-01  2.964358e-05 -1.377336e-05 1.068447e-09
 1.471471e-01  2.376286e-05 -2.596649e-05 1.238932e-09
 1.481481e-01  1.289398e-05 -3.562967e-05 1.435728e-09
 1.491491e-01 -1.885732e-06 -4.073870e-05 1.663198e-09
 1.501502e-01 -1.864859e-05 -3.971421e-05 1.924989e-09
 1.511512e-01 -3.486667e-05 -3.180966e-05 2.227539e-09
 1.521522e-01 -4.770578e-05 -1.730355e-05 2.575254e-09
 1.531532e-01 -5.450611e-05  2.344671e-06 2.976413e-09
 1.541542e-01 -5.320739e-05  2.462501e-05 3.437418e-09
 1.551552e-01 -4.282690e-05  4.619236e-05 3.967877e-09
 1.561562e-01 -2.372963e-05  6.336070e-05 4.577674e-09
 1.571572e-01  2.194052e-06  7.261343e-05 5.277525e-09
 1.581582e-01  3.167424e-05  7.126484e-05 6.081936e-09
 1.591592e-01  6.036048e-05  5.796595e-05 7.003439e-09
 1.601602e-01  8.343505e-05  3.316782e-05 8.061513e-09
 1.611612e-01  9.629058e-05 -7.567332e-07 9.272448e-09
 1.621622e-01  9.536069e-05 -3.958100e-05 1.066032e-08
 1.631632e-01  7.879618e-05 -7.771235e-05 1.224805e-08
 1.641642e-01  4.704890e-05 -1.088592e-04 1.406392e-08
 1.651652e-01  3.063491e-06 -1.270082e-04 1.614046e-08
 1.661662e-01 -4.781076e-05 -1.273775e-04 1.851089e-08
 1.671672e-01 -9.840434e-05 -1.074056e-04 2.121938e-08
 1.681682e-01 -1.405824e-04 -6.740541e-05 2.430689e-08
 1.691692e-01 -1.664633e-04 -1.095178e-05 2.782997e-08
 1.701702e-01 -1.696566e-04  5.530760e-05 3.184229e-08
 1.711712e-01 -1.465221e-04  1.222461e-04 3.641284e-08
 1.721722e-01 -9.705631e-05  1.794277e-04 4.161424e-08
 1.731732e-01 -2.541827e-05  2.165243e-04 4.752884e-08
 1.741742e-01  6.023183e-05  2.250028e-04 5.425412e-08
 1.751752e-01  1.484402e-04  1.996374e-04 6.188958e-08
 1.761762e-01  2.258700e-04  1.398016e-04 7.056176e-08
 1.771772e-01  2.790791e-04  5.010024e-05 8.039516e-08
 1.781782e-01  2.966356e-04 -5.962439e-05 9.154777e-08
 1.791792e-01  2.710826e-04 -1.751995e-04 1.041806e-07
 1.801802e-01  2.006326e-04 -2.797000e-04 1.184855e-07
 1.811812e-01  9.009929e-05 -3.557462e-04 1.346732e-07
 1.821822e-01 -4.896509e-05 -3.880427e-04 1.529747e-07
 1.831832e-01 -1.992428e-04 -3.660121e-04 1.736625e-07
 1.841842e-01 -3.395109e-04 -2.859210e-04 1.970185e-07
 1.851852e-01 -4.474160e-04 -1.523321e-04 2.233862e-07
 1.861862e-01 -5.026424e-04  2.162792e-05 2.531172e-07
 1.871872e-01 -4.902506e-04  2.151465e-04 2.866337e-07
 1.881882e-01 -4.034970e-04  4.019603e-04 3.243819e-07
 1.891892e-01 -2.458652e-04  5.535544e-04 3.668721e-07
 1.901902e-01 -3.170819e-05  6.431693e-04 4.146721e-07
 1.911912e-01  2.145357e-04  6.499011e-04 4.683970e-07
 1.921922e-01  4.608078e-04  5.625100e-04 5.287613e-07
 1.931932e-01  6.711823e-04  3.821362e-04 5.965137e-07
 1.941942e-01  8.107135e-04  1.236149e-04 6.725370e-07
 1.951952e-01  8.505710e-04 -1.851599e-04 7.577552e-07
 1.961962e-01  7.729641e-04 -5.057335e-04 8.532399e-07
 1.971972e-01  5.749024e-04 -7.934917e-04 9.601419e-07
 1.981982e-01  2.703444e-04 -1.003326e-03 1.079748e-06
 1.991992e-01 -1.099622e-04 -1.096084e-03 1.213491e-06
 2.002002e-01 -5.209461e-04 -1.044763e-03 1.362914e-06
 2.012012e-01 -9.080908e-04 -8.397332e-04 1.529781e-06
 2.022022e-01 -1.214059e-03 -4.919512e-04 1.715955e-06
 2.032032e-01 -1.386522e-03 -3.370215e-05 1.923580e-06
 2.042042e-01 -1.385992e-03  4.836814e-04 2.154922e-06
 2.052052e-01 -1.192774e-03  9.949067e-04 2.412549e-06
 2.062062e-01 -8.117597e-04  1.428383e-03 2.699232e-06
 2.072072e-01 -2.744022e-04  1.715438e-03 3.018025e-06
 2.082082e-01  3.629048e-04  1.800169e-03 3.372307e-06
 2.092092e-01  1.023938e-03  1.648412e-03 3.765711e-06
 2.102102e-01  1.621104e-03  1.254729e-03 4.202323e-06
 2.112112e-01  2.066183e-03  6.460397e-04 4.686481e-06
 2.122122e-01  2.282321e-03 -1.186946e-04 5.223079e-06
 2.132132e-01  2.215533e-03 -9.532757e-04 5.817321e-06
 2.142142e-01  1.844337e-03 -1.753121e-03 6.475013e-06
 2.152152e-01  1.185818e-03 -2.407540e-03 7.202414e-06
 2.162162e-01  2.971986e-04 -2.813901e-03 8.006365e-06
 2.172172e-01 -7.279137e-04 -2.892147e-03 8.894371e-06
 2.182182e-01 -1.768364e-03 -2.597569e-03 9.874478e-06
 2.192192e-01 -2.688876e-03 -1.930173e-03 1.095562e-05
 2.202202e-01 -3.356448e-03 -9.388978e-04 1.214727e-05
 2.212212e-01 -3.658074e-03  2.801098e-04 1.345997e-05
 2.222222e-01 -3.517314e-03  1.591663e-03 1.490489e-05
 2.232232e-01 -2.907703e-03  2.835423e-03 1.649436e-05
 2.242242e-01 -1.860739e-03  3.844379e-03 1.824160e-05
 2.252252e-01 -4.671947e-04  4.465724e-03 2.016096e-05
 2.262262e-01  1.129206e-03  4.581805e-03 2.226804e-05
 2.272272e-01  2.745324e-03  4.128287e-03 2.457956e-05
 2.282282e-01  4.178453e-03  3.107151e-03 2.711386e-05
 2.292292e-01  5.230210e-03  1.592272e-03 2.989043e-05
 2.302302e-01  5.732008e-03 -2.735382e-04 3.293074e-05
 2.312312e-01  5.568762e-03 -2.290515e-03 3.625757e-05
 2.322322e-01  4.697967e-03 -4.221962e-03 3.989586e-05
 2.332332e-01  3.161134e-03 -5.820608e-03 4.387225e-05
 2.342342e-01  1.085831e-03 -6.858314e-03 4.821551e-05
 2.352352e-01 -1.322884e-03 -7.155882e-03 5.295666e-05
 2.362362e-01 -3.801139e-03 -6.609095e-03 5.812879e-05
 2.372372e-01 -6.053727e-03 -5.207704e-03 6.376780e-05
 2.382382e-01 -7.787412e-03 -3.044315e-03 6.991164e-05
 2.392392e-01 -8.746688e-03 -3.115507e-04 7.660162e-05
 2.402402e-01 -8.747568e-03  2.713191e-03 8.388136e-05
 2.412412e-01 -7.705434e-03  5.694250e-03 9.179820e-05
 2.422422e-01 -5.652920e-03  8.273267e-03 1.004025e-04
 2.432432e-01 -2.745272e-03  1.010999e-02 1.097484e-04
 2.442442e-01  7.486106e-04  1.092400e-02 1.198943e-04
 2.452452e-01  4.469058e-03  1.053233e-02 1.309025e-04
 2.462462e-01  8.000980e-03  8.878344e-03 1.428407e-04
 2.472472e-01  1.091807e-02  6.047846e-03 1.557807e-04
 2.482482e-01  1.283155e-02  2.269804e-03 1.698007e-04
 2.492492e-01  1.343783e-02 -2.099571e-03 1.849836e-04
 2.502503e-01  1.255977e-02 -6.608429e-03 2.014190e-04
 2.512513e-01  1.017603e-02 -1.075409e-02 2.192022e-04
 2.522523e-01  6.434896e-03 -1.403663e-02 2.384349e-04
 2.532533e-01  1.649420e-03 -1.601577e-02 2.592255e-04
 2.542543e-01 -3.726093e-03 -1.636475e-02 2.816889e-04
 2.552553e-01 -9.137266e-03 -1.491503e-02 3.059477e-04
 2.562563e-01 -1.398454e-02 -1.168605e-02 3.321311e-04
 2.572573e-01 -1.768674e-02 -6.896159e-03 3.603779e-04
 2.582583e-01 -1.974661e-02 -9.519629e-04 3.908347e-04
 2.592593e-01 -1.981120e-02  5.583542e-03 4.236597e-04
 2.602603e-01 -1.772027e-02  1.204215e-02 4.590214e-04
 2.612613e-01 -1.353662e-02  1.771616e-02 4.971025e-04
 2.622623e-01 -7.554030e-03  2.193253e-02 5.380992e-04
 2.632633e-01 -2.808455e-04  2.412769e-02 5.822243e-04
 2.642643e-01  7.600635e-03  2.391523e-02 6.297079e-04
 2.652653e-01  1.529565e-02  2.113860e-02 6.807973e-04
 2.662663e-01  2.197426e-02  1.590257e-02 7.357599e-04
 2.672673e-01  2.685670e-02  8.578887e-03 7.948799e-04
 2.682683e-01  2.929873e-02 -2.158877e-04 8.584619e-04
 2.692693e-01  2.886743e-02 -9.669411e-03 9.268263e-04
 2.702703e-01  2.539974e-02 -1.884583e-02 1.000313e-03
 2.712713e-01  1.903603e-02 -2.677508e-02 1.079275e-03
 2.722723e-01  1.022459e-02 -3.255067e-02 1.164088e-03
 2.732733e-01 -3.054322e-04 -3.542669e-02 1.255143e-03
 2.742743e-01 -1.160106e-02 -3.490372e-02 1.352854e-03
 2.752753e-01 -2.256872e-02 -3.079471e-02 1.457661e-03
 2.762763e-01 -3.207609e-02 -2.326286e-02 1.570036e-03
 2.772773e-01 -3.906370e-02 -1.282653e-02 1.690493e-03
 2.782783e-01 -4.265535e-02 -3.287136e-04 1.819587e-03
 2.792793e-01 -4.225649e-02  1.312726e-02 1.957936e-03
 2.802803e-01 -3.762999e-02  2.627157e-02 2.106211e-03
 2.812813e-01 -2.894105e-02  3.778319e-02 2.265154e-03
 2.822823e-01 -1.676493e-02  4.641667e-02 2.435570e-03
 2.832833e-01 -2.055196e-03  5.112832e-02 2.618329e-03
 2.842843e-01  1.392667e-02  5.118991e-02 2.814359e-03
 2.852853e-01  2.971515e-02  4.627789e-02 3.024634e-03
 2.862863e-01  4.377012e-02  3.652868e-02 3.250168e-03
 2.872873e-01  5.462025e-02  2.255269e-02 3.491995e-03
 2.882883e-01  6.100795e-02  5.404094e-03 3.751174e-03
 2.892893e-01  6.202172e-02 -1.349352e-02 4.028769e-03
 2.902903e-01  5.720312e-02 -3.246028e-02 4.325867e-03
 2.912913e-01  4.661676e-02 -4.970374e-02 4.643584e-03
 2.922923e-01  3.087510e-02 -6.348089e-02 4.983095e-03
 2.932933e-01  1.111328e-02 -7.226450e-02 5.345663e-03
 2.942943e-01 -1.108608e-02 -7.489849e-02 5.732685e-03
 2.952953e-01 -3.381386e-02 -7.072734e-02 6.145733e-03
 2.962963e-01 -5.499214e-02 -5.968633e-02 6.586593e-03
 2.972973e-01 -7.255637e-02 -4.234229e-02 7.057297e-03
 2.982983e-01 -8.464615e-02 -1.987852e-02 7.560127e-03
 2.992993e-01 -8.978798e-02  5.977506e-03 8.097613e-03
 3.003003e-01 -8.705270e-02  3.308024e-02 8.672476e-03
 3.013013e-01 -7.617223e-02  5.903704e-02 9.287580e-03
 3.023023e-01 -5.760258e-02  8.141112e-02 9.945827e-03
 3.033033e-01 -3.252510e-02  9.793971e-02 1.065007e-02
 3.043043e-01 -2.782132e-03  1.067486e-01 1.140300e-02
 3.053053e-01  2.925015e-02  1.065435e-01 1.220710e-02
 3.063063e-01  6.084404e-02  9.676043e-02 1.306458e-02
 3.073073e-01  8.914385e-02  7.765812e-02 1.397741e-02
 3.083083e-01  1.114136e-01  5.034327e-02 1.494743e-02
 3.093093e-01  1.252872e-01  1.672088e-02 1.597646e-02
 3.103103e-01  1.290002e-01 -2.062866e-02 1.706658e-02
 3.113113e-01  1.215803e-01 -5.863918e-02 1.822033e-02
 3.123123e-01  1.029792e-01 -9.400157e-02 1.944100e-02
 3.133133e-01  7.412871e-02 -1.234413e-01 2.073283e-02
 3.143143e-01  3.691572e-02 -1.440082e-01 2.210114e-02
 3.153153e-01 -5.929801e-03 -1.533531e-01 2.355235e-02
 3.163163e-01 -5.102552e-02 -1.499672e-01 2.509377e-02
 3.173173e-01 -9.459522e-02 -1.333606e-01 2.673330e-02
 3.183183e-01 -1.327751e-01 -1.041616e-01 2.847888e-02
 3.193193e-01 -1.619443e-01 -6.412460e-02 3.033792e-02
 3.203203e-01 -1.790513e-01 -1.603962e-02 3.231662e-02
 3.213213e-01 -1.819084e-01  3.645146e-02 3.441939e-02
 3.223223e-01 -1.694274e-01  8.912234e-02 3.664844e-02
 3.233233e-01 -1.417715e-01  1.374938e-01 3.900370e-02
 3.243243e-01 -1.004084e-01  1.772039e-01 4.148306e-02
 3.253253e-01 -4.805388e-02  2.043867e-01 4.408308e-02
 3.263263e-01  1.149432e-02  2.160276e-01 4.680004e-02
 3.273273e-01  7.362335e-02  2.102640e-01 4.963136e-02
 3.283283e-01  1.332545e-01  1.866020e-01 5.257708e-02
 3.293293e-01  1.852490e-01  1.460275e-01 5.564125e-02
 3.303303e-01  2.248387e-01  9.099750e-02 5.883298e-02
 3.313313e-01  2.480451e-01  2.530589e-02 6.216678e-02
 3.323323e-01  2.520526e-01 -4.616912e-02 6.566212e-02
 3.333333e-01  2.354998e-01 -1.178211e-01 6.934195e-02
 3.343343e-01  1.986627e-01 -1.837486e-01 7.323040e-02
 3.353353e-01  1.435090e-01 -2.382326e-01 7.734957e-02
 3.363363e-01  7.361318e-02 -2.762196e-01 8.171616e-02
 3.373373e-01 -6.065747e-03 -2.937707e-01 8.633804e-02
 3.383383e-01 -8.953135e-02 -2.884371e-01 9.121180e-02
 3.393393e-01 -1.701972e-01 -2.595271e-01 9.632143e-02
 3.403403e-01 -2.414018e-01 -2.082405e-01 1.016390e-01
 3.413413e-01 -2.969503e-01 -1.376507e-01 1.071272e-01
 3.423423e-01 -3.316396e-01 -5.253325e-02 1.127446e-01
 3.433433e-01 -3.417228e-01  4.095251e-02 1.184516e-01
 3.443443e-01 -3.252719e-01  1.357070e-01 1.242182e-01
 3.453453e-01 -2.824061e-01  2.242273e-01 1.300311e-01
 3.463463e-01 -2.153618e-01  2.991967e-01 1.358994e-01
 3.473473e-01 -1.283936e-01  3.540799e-01 1.418575e-01
 3.483483e-01 -2.750830e-02  3.836765e-01 1.479644e-01
 3.493493e-01  7.995092e-02  3.845857e-01 1.542983e-01
 3.503504e-01  1.858421e-01  3.555414e-01 1.609470e-01
 3.513514e-01  2.818434e-01  2.975878e-01 1.679942e-01
 3.523524e-01  3.601059e-01  2.140758e-01 1.755047e-01
 3.533534e-01  4.138888e-01  1.104756e-01 1.835088e-01
 3.543544e-01  4.381263e-01 -5.984836e-03 1.919905e-01
 3.553554e-01  4.298770e-01 -1.268304e-01 2.008802e-01
 3.563564e-01  3.886195e-01 -2.429628e-01 2.100561e-01
 3.573574e-01  3.163653e-01 -3.453502e-01 2.193537e-01
 3.583584e-01  2.175754e-01 -4.257299e-01 2.285850e-01
 3.593594e-01  9.888435e-02 -4.772690e-01 2.375638e-01
 3.603604e-01 -3.135309e-02 -4.951300e-01 2.461368e-01
 3.613614e-01 -1.636591e-01 -4.768941e-01 2.542123e-01
 3.623624e-01 -2.881306e-01 -4.228081e-01 2.617859e-01
 3.633634e-01 -3.951858e-01 -3.358295e-01 2.689533e-01
 3.643644e-01 -4.763010e-01 -2.214661e-01 2.759099e-01
 3.653654e-01 -5.246819e-01 -8.741467e-02 2.829325e-01
 3.663664e-01 -5.358156e-01  5.697295e-02 2.903443e-01
 3.673674e-01 -5.078586e-01  2.013601e-01 2.984663e-01
 3.683684e-01 -4.418293e-01  3.351815e-01 3.075598e-01
 3.693694e-01 -3.415874e-01  4.484297e-01 3.177712e-01
 3.703704e-01 -2.135986e-01  5.324108e-01 3.290857e-01
 3.713714e-01 -6.649998e-02  5.804127e-01 3.413012e-01
 3.723724e-01  8.950285e-02  5.882337e-01 3.540297e-01
 3.733734e-01  2.433633e-01  5.545305e-01 3.667297e-01
 3.743744e-01  3.839928e-01  4.809571e-01 3.787703e-01
 3.753754e-01  5.010712e-01  3.720836e-01 3.895186e-01
 3.763764e-01  5.858086e-01  2.350974e-01 3.984425e-01
 3.773774e-01  6.316015e-01  7.930972e-02 4.052105e-01
 3.783784e-01  6.345340e-01 -8.449800e-02 4.097733e-01
 3.793794e-01  5.936854e-01 -2.448402e-01 4.124090e-01
 3.803804e-01  5.112230e-01 -3.903496e-01 4.137218e-01
 3.813814e-01  3.922702e-01 -5.105948e-01 4.145830e-01
 3.823824e-01  2.445607e-01 -5.968344e-01 4.160212e-01
 3.833834e-01  7.790370e-02 -6.426512e-01 4.190696e-01
 3.843844e-01 -9.650065e-02 -6.444215e-01 4.245915e-01
 3.853854e-01 -2.668469e-01 -6.015842e-01 4.331108e-01
 3.863864e-01 -4.215521e-01 -5.166919e-01 4.446767e-01
 3.873874e-01 -5.500677e-01 -3.952399e-01 4.587890e-01
 3.883884e-01 -6.436159e-01 -2.452871e-01 4.744072e-01
 3.893894e-01 -6.957992e-01 -7.689600e-02 4.900495e-01
 3.903904e-01 -7.030395e-01  9.856672e-02 5.039799e-01
 3.913914e-01 -6.648174e-01  2.692186e-01 5.144609e-01
 3.923924e-01 -5.836958e-01  4.234817e-01 5.200375e-01
 3.933934e-01 -4.651279e-01  5.508782e-01 5.198108e-01
 3.943944e-01 -3.170665e-01  6.427432e-01 5.136500e-01
 3.953954e-01 -1.494025e-01  6.928077e-01 5.023036e-01
 3.963964e-01  2.672515e-02  6.976113e-01 4.873758e-01
 3.973974e-01  1.996980e-01  6.567190e-01 4.711591e-01
 3.983984e-01  3.582109e-01  5.727274e-01 4.563317e-01
 3.993994e-01  4.920340e-01  4.510662e-01 4.455581e-01
 4.004004e-01  5.926905e-01  2.996087e-01 4.410474e-01
 4.014014e-01  6.540059e-01  1.281232e-01 4.441392e-01
 4.024024e-01  6.724922e-01 -5.239571e-02 4.549911e-01
 4.034034e-01  6.475441e-01 -2.304673e-01 4.724286e-01
 4.044044e-01  5.814369e-01 -3.948854e-01 4.940033e-01
 4.054054e-01  4.791296e-01 -5.354458e-01 5.162673e-01
 4.064064e-01  3.478921e-01 -6.435954e-01 5.352440e-01
 4.074074e-01  1.967832e-01 -7.129568e-01 5.470310e-01
 4.084084e-01  3.601967e-02 -7.396996e-01 5.484530e-01
 4.094094e-01 -1.237200e-01 -7.227346e-01 5.376520e-01
 4.104104e-01 -2.720074e-01 -6.637248e-01 5.145186e-01
 4.114114e-01 -3.993452e-01 -5.669144e-01 4.808685e-01
 4.124124e-01 -4.977707e-01 -4.387962e-01 4.403178e-01
 4.134134e-01 -5.613463e-01 -2.876386e-01 3.978457e-01
 4.144144e-01 -5.865042e-01 -1.229140e-01 3.590951e-01
 4.154154e-01 -5.722290e-01  4.533706e-02 3.295014e-01
 4.164164e-01 -5.200685e-01  2.071558e-01 3.133848e-01
 4.174174e-01 -4.339795e-01  3.532922e-01 3.131536e-01
 4.184184e-01 -3.200199e-01  4.757623e-01 3.287625e-01
 4.194194e-01 -1.859146e-01  5.683083e-01 3.575385e-01
 4.204204e-01 -4.052564e-02  6.267271e-01 3.944291e-01
 4.214214e-01  1.067350e-01  6.490588e-01 4.326697e-01
 4.224224e-01  2.465124e-01  6.356202e-01 4.647814e-01
 4.234234e-01  3.700931e-01  5.888934e-01 4.837643e-01
 4.244244e-01  4.699328e-01  5.132763e-01 4.842894e-01
 4.254254e-01  5.400944e-01  4.147233e-01 4.636974e-01
 4.264264e-01  5.765718e-01  3.002966e-01 4.226131e-01
 4.274274e-01  5.774838e-01  1.776681e-01 3.650535e-01
 4.284284e-01  5.431306e-01  5.459997e-02 2.979720e-01
 4.294294e-01  4.759129e-01 -6.155519e-02 2.302822e-01
 4.304304e-01  3.801279e-01 -1.643099e-01 1.714950e-01
 4.314314e-01  2.616545e-01 -2.484163e-01 1.301737e-01
 4.324324e-01  1.275569e-01 -3.101492e-01 1.124633e-01
 4.334334e-01 -1.436968e-02 -3.474711e-01 1.209426e-01
 4.344344e-01 -1.560775e-01 -3.600853e-01 1.540216e-01
 4.354354e-01 -2.897418e-01 -3.493666e-01 2.060073e-01
 4.364364e-01 -4.082016e-01 -3.181905e-01 2.678738e-01
 4.374374e-01 -5.053432e-01 -2.706644e-01 3.286309e-01
 4.384384e-01 -5.764037e-01 -2.117941e-01 3.770980e-01
 4.394394e-01 -6.181836e-01 -1.470980e-01 4.037887e-01
 4.404404e-01 -6.291554e-01 -8.220797e-02 4.025947e-01
 4.414414e-01 -6.094739e-01 -2.247049e-02 3.719634e-01
 4.424424e-01 -5.608862e-01  2.741118e-02 3.153447e-01
 4.434434e-01 -4.865585e-01  6.368963e-02 2.407956e-01
 4.444444e-01 -3.908299e-01  8.380230e-02 1.597709e-01
 4.454454e-01 -2.789170e-01  8.652629e-02 8.528150e-02
 4.464464e-01 -1.565852e-01  7.202861e-02 2.970704e-02
 4.474474e-01 -2.981306e-02  4.183605e-02 2.639074e-03
 4.484484e-01  9.553443e-02 -1.297157e-03 9.128509e-03
 4.494494e-01  2.140004e-01 -5.358485e-02 4.866752e-02
 4.504505e-01  3.207883e-01 -1.104837e-01 1.151118e-01
 4.514515e-01  4.119540e-01 -1.669964e-01 1.975938e-01
 4.524525e-01  4.845380e-01 -2.180177e-01 2.823087e-01
 4.534535e-01  5.366272e-01 -2.586657e-01 3.548767e-01
 4.544545e-01  5.673560e-01 -2.846168e-01 4.028996e-01
 4.554555e-01  5.768448e-01 -2.923829e-01 4.182377e-01
 4.564565e-01  5.660922e-01 -2.795604e-01 3.986145e-01
 4.574575e-01  5.368263e-01 -2.449881e-01 3.482016e-01
 4.584585e-01  4.913336e-01 -1.888601e-01 2.770769e-01
 4.594595e-01  4.322744e-01 -1.127286e-01 1.995689e-01
 4.604605e-01  3.625029e-01 -1.946292e-02 1.317872e-01
 4.614615e-01  2.848988e-01  8.690334e-02 8.871951e-02
 4.624625e-01  2.022271e-01  2.013494e-01 8.143736e-02
 4.634635e-01  1.170247e-01  3.181450e-01 1.149111e-01
 4.644645e-01  3.152980e-02  4.311178e-01 1.868567e-01
 4.654655e-01 -5.235828e-02  5.340013e-01 2.878988e-01
 4.664665e-01 -1.330754e-01  6.207296e-01 4.030143e-01
 4.674675e-01 -2.093647e-01  6.857925e-01 5.141449e-01
 4.684685e-01 -2.802164e-01  7.244889e-01 6.034053e-01
 4.694695e-01 -3.447981e-01  7.332306e-01 6.565129e-01
 4.704705e-01 -4.023702e-01  7.096952e-01 6.655690e-01
 4.714715e-01 -4.522126e-01  6.530344e-01 6.309501e-01
 4.724725e-01 -4.935525e-01  5.638840e-01 5.615592e-01
 4.734735e-01 -5.255244e-01  4.444596e-01 4.737203e-01
 4.744745e-01 -5.471418e-01  2.983996e-01 3.884065e-01
 4.754755e-01 -5.573152e-01  1.307594e-01 3.276982e-01
 4.764765e-01 -5.548825e-01 -5.231706e-02 3.106317e-01
 4.774775e-01 -5.386932e-01 -2.436604e-01 3.495608e-01
 4.784785e-01 -5.076899e-01 -4.355786e-01 4.474777e-01
 4.794795e-01 -4.610466e-01 -6.198867e-01 5.968235e-01
 4.804805e-01 -3.982714e-01 -7.886192e-01 7.805403e-01
 4.814815e-01 -3.193757e-01 -9.338417e-01 9.740611e-01
 4.824825e-01 -2.249408e-01 -1.048768e+00 1.150513e+00
 4.834835e-01 -1.163154e-01 -1.126783e+00 1.283169e+00
 4.844845e-01  4.512644e-03 -1.164285e+00 1.355580e+00
 4.854855e-01  1.338981e-01 -1.150630e+00 1.341877e+00
 4.864865e-01  2.621544e-01 -1.040296e+00 1.150941e+00
 4.874875e-01  3.781219e-01 -8.338791e-01 8.383305e-01
 4.884885e-01  4.708066e-01 -5.492482e-01 5.233325e-01
 4.894895e-01  5.301973e-01 -2.098418e-01 3.251428e-01
 4.904905e-01  5.484135e-01  1.547685e-01 3.247106e-01
 4.914915e-01  5.205970e-01  5.126746e-01 5.338565e-01
 4.924925e-01  4.456958e-01  8.316666e-01 8.903140e-01
 4.934935e-01  3.268738e-01  1.082598e+00 1.278864e+00
 4.944945e-01  1.715990e-01  1.241686e+00 1.571231e+00
 4.954955e-01 -8.727941e-03  1.292986e+00 1.671889e+00
 4.964965e-01 -1.995250e-01  1.229775e+00 1.552157e+00
 4.974975e-01 -3.841843e-01  1.055468e+00 1.261611e+00
 4.984985e-01 -5.454868e-01  7.834230e-01 9.113074e-01
 4.994995e-01 -6.672120e-01  4.360118e-01 6.352782e-01
 5.005005e-01 -7.357408e-01  4.278101e-02 5.431448e-01
 5.015015e-01 -7.415473e-01 -3.620254e-01 6.809547e-01
 5.025025e-01 -6.803661e-01 -7.424062e-01 1.014065e+00
 5.035035e-01 -5.539576e-01 -1.063818e+00 1.438578e+00
 5.045045e-01 -3.703053e-01 -1.296228e+00 1.817334e+00
 5.055055e-01 -1.432555e-01 -1.416993e+00 2.028391e+00
 5.065065e-01  1.084724e-01 -1.412920e+00 2.008109e+00
 5.075075e-01  3.627655e-01 -1.281829e+00 1.774684e+00
 5.085085e-01  5.960644e-01 -1.032782e+00 1.421931e+00
 5.095095e-01  7.855041e-01 -6.858051e-01 1.087345e+00
 5.105105e-01  9.111822e-01 -2.699749e-01 9.031394e-01
 5.115115e-01  9.581743e-01  1.784913e-01 9.499571e-01
 5.125125e-01  9.182960e-01  6.200328e-01 1.227708e+00
 5.135135e-01  7.911436e-01  1.014187e+00 1.654483e+00
 5.145145e-01  5.846716e-01  1.324961e+00 2.097364e+00
 5.155155e-01  3.146032e-01  1.520742e+00 2.411630e+00
 5.165165e-01  3.835181e-03  1.591295e+00 2.532233e+00
 5.175175e-01 -3.218495e-01  1.588830e+00 2.627968e+00
 5.185185e-01 -6.472293e-01  1.520090e+00 2.729581e+00
 5.195195e-01 -9.584093e-01  1.383288e+00 2.832035e+00
 5.205205e-01 -1.241052e+00  1.181975e+00 2.937277e+00
 5.215215e-01 -1.481517e+00  9.216436e-01 3.044318e+00
 5.225225e-01 -1.667278e+00  6.113674e-01 3.153586e+00
 5.235235e-01 -1.787710e+00  2.624984e-01 3.264811e+00
 5.245245e-01 -1.834581e+00 -1.110002e-01 3.378008e+00
 5.255255e-01 -1.802638e+00 -4.935875e-01 3.493133e+00
 5.265265e-01 -1.689957e+00 -8.683855e-01 3.610050e+00
 5.275275e-01 -1.498251e+00 -1.218209e+00 3.728787e+00
 5.285285e-01 -1.232944e+00 -1.526106e+00 3.849150e+00
 5.295295e-01 -9.031428e-01 -1.776377e+00 3.971181e+00
 5.305305e-01 -5.213627e-01 -1.955211e+00 4.094670e+00
 5.315315e-01 -1.031282e-01 -2.051585e+00 4.219638e+00
 5.325325e-01  3.336365e-01 -2.057807e+00 4.345883e+00
 5.335335e-01  7.693366e-01 -1.970156e+00 4.473394e+00
 5.345345e-01  1.183583e+00 -1.789166e+00 4.601984e+00
 5.355355e-01  1.556134e+00 -1.519884e+00 4.731602e+00
 5.365365e-01  1.867896e+00 -1.171772e+00 4.862083e+00
 5.375375e-01  2.101903e+00 -7.585096e-01 4.993335e+00
 5.385385e-01  2.244265e+00 -2.974669e-01 5.125212e+00
 5.395395e-01  2.284979e+00  1.909376e-01 5.257588e+00
 5.405405e-01  2.218616e+00  6.841565e-01 5.390329e+00
 5.415415e-01  2.044788e+00  1.158501e+00 5.523282e+00
 5.425425e-01  1.768393e+00  1.590317e+00 5.656322e+00
 5.435435e-01  1.399601e+00  1.957139e+00 5.789273e+00
 5.445445e-01  9.535625e-01  2.238913e+00 5.922013e+00
 5.455455e-01  4.498539e-01  2.419088e+00 6.054355e+00
 5.465465e-01 -8.833851e-02  2.485632e+00 6.186170e+00
 5.475475e-01 -6.352597e-01  2.431813e+00 6.317268e+00
 5.485485e-01 -1.163805e+00  2.256783e+00 6.447512e+00
 5.495495e-01 -1.646875e+00  1.965837e+00 6.576711e+00
 5.505506e-01 -2.058777e+00  1.570400e+00 6.704717e+00
 5.515516e-01 -2.376629e+00  1.087649e+00 6.831346e+00
 5.525526e-01 -2.581665e+00  5.398522e-01 6.956435e+00
 5.535536e-01 -2.660383e+00 -4.663586e-02 7.079810e+00
 5.545546e-01 -2.605449e+00 -6.425977e-01 7.201298e+00
 5.555556e-01 -2.416323e+00 -1.217421e+00 7.320731e+00
 5.565566e-01 -2.099520e+00 -1.740673e+00 7.437929e+00
 5.575576e-01 -1.668521e+00 -2.183751e+00 7.552732e+00
 5.585586e-01 -1.143276e+00 -2.521483e+00 7.664958e+00
 5.595596e-01 -5.493520e-01 -2.733617e+00 7.774451e+00
 5.605606e-01  8.327858e-02 -2.806082e+00 7.881032e+00
 5.615616e-01  7.217290e-01 -2.731969e+00 7.984549e+00
 5.625626e-01  1.331916e+00 -2.512136e+00 8.084829e+00
 5.635636e-01  1.880403e+00 -2.155414e+00 8.181724e+00
 5.645646e-01  2.336277e+00 -1.678357e+00 8.275071e+00
 5.655656e-01  2.672952e+00 -1.104561e+00 8.364726e+00
 5.665666e-01  2.869784e+00 -4.635497e-01 8.450538e+00
 5.675676e-01  2.913412e+00  2.107130e-01 8.532367e+00
 5.685686e-01  2.798719e+00  8.816192e-01 8.610079e+00
 5.695696e-01  2.529357e+00  1.511917e+00 8.683538e+00
 5.705706e-01  2.117778e+00  2.065827e+00 8.752625e+00
 5.715716e-01  1.584759e+00  2.511126e+00 8.817215e+00
 5.725726e-01  9.584196e-01  2.821105e+00 8.877204e+00
 5.735736e-01  2.727877e-01  2.976250e+00 8.932477e+00
 5.745746e-01 -4.340352e-01  2.965562e+00 8.982946e+00
 5.755756e-01 -1.121999e+00  2.787406e+00 9.028512e+00
 5.765766e-01 -1.751409e+00  2.449830e+00 9.069100e+00
 5.775776e-01 -2.285275e+00  1.970317e+00 9.104630e+00
 5.785786e-01 -2.691565e+00  1.374961e+00 9.135039e+00
 5.795796e-01 -2.945219e+00  6.971046e-01 9.160267e+00
 5.805806e-01 -3.029797e+00 -2.449859e-02 9.180267e+00
 5.815816e-01 -2.938646e+00 -7.479021e-01 9.194999e+00
 5.825826e-01 -2.675500e+00 -1.430429e+00 9.204429e+00
 5.835836e-01 -2.254454e+00 -2.031250e+00 9.208540e+00
 5.845846e-01 -1.699304e+00 -2.513897e+00 9.207313e+00
 5.855856e-01 -1.042267e+00 -2.848584e+00 9.200751e+00
 5.865866e-01 -3.221530e-01 -3.014145e+00 9.188854e+00
 5.875876e-01  4.179200e-01 -2.999498e+00 9.171643e+00
 5.885886e-01  1.133129e+00 -2.804488e+00 9.149136e+00
 5.895896e-01  1.779713e+00 -2.440081e+00 9.121372e+00
 5.905906e-01  2.317723e+00 -1.927836e+00 9.088391e+00
 5.915916e-01  2.713593e+00 -1.298714e+00 9.050245e+00
 5.925926e-01  2.942350e+00 -5.912446e-01 9.006996e+00
 5.935936e-01  2.989309e+00  1.508077e-01 8.958712e+00
 5.945946e-01  2.851141e+00  8.811726e-01 8.905473e+00
 5.955956e-01  2.536226e+00  1.554001e+00 8.847363e+00
 5.965966e-01  2.064244e+00  2.126823e+00 8.784479e+00
 5.975976e-01  1.465032e+00  2.563319e+00 8.716922e+00
 5.985986e-01  7.767463e-01  2.835749e+00 8.644805e+00
 5.995996e-01  4.346179e-02  2.926833e+00 8.568241e+00
 6.006006e-01 -6.876643e-01  2.830985e+00 8.487359e+00
 6.016016e-01 -1.369465e+00  2.554770e+00 8.402287e+00
 6.026026e-01 -1.957880e+00  2.116570e+00 8.313165e+00
 6.036036e-01 -2.414899e+00  1.545445e+00 8.220134e+00
 6.046046e-01 -2.711132e+00  8.792656e-01 8.123344e+00
 6.056056e-01 -2.827831e+00  1.622340e-01 8.022950e+00
 6.066066e-01 -2.758202e+00 -5.580580e-01 7.919109e+00
 6.076076e-01 -2.507919e+00 -1.233826e+00 7.811986e+00
 6.086086e-01 -2.094789e+00 -1.820331e+00 7.701747e+00
 6.096096e-01 -1.547579e+00 -2.278939e+00 7.588563e+00
 6.106106e-01 -9.040782e-01 -2.579777e+00 7.472606e+00
 6.116116e-01 -2.085199e-01 -2.703807e+00 7.354054e+00
 6.126126e-01  4.914616e-01 -2.644154e+00 7.233082e+00
 6.136136e-01  1.148129e+00 -2.406590e+00 7.109874e+00
 6.146146e-01  1.716967e+00 -2.009137e+00 6.984607e+00
 6.156156e-01  2.159789e+00 -1.480803e+00 6.857464e+00
 6.166166e-01  2.447415e+00 -8.595283e-01 6.728627e+00
 6.176176e-01  2.561712e+00 -1.894992e-01 6.598278e+00
 6.186186e-01  2.496853e+00  4.819977e-01 6.466597e+00
 6.196196e-01  2.259694e+00  1.107947e+00 6.333765e+00
 6.206206e-01  1.869239e+00  1.644964e+00 6.199961e+00
 6.216216e-01  1.355226e+00  2.056386e+00 6.065360e+00
 6.226226e-01  7.559290e-01  2.314889e+00 5.930140e+00
 6.236236e-01  1.153485e-01  2.404405e+00 5.794469e+00
 6.246246e-01 -5.200262e-01  2.321227e+00 5.658520e+00
 6.256256e-01 -1.104623e+00  2.074190e+00 5.522457e+00
 6.266266e-01 -1.597122e+00  1.683937e+00 5.386443e+00
 6.276276e-01 -1.963456e+00  1.181303e+00 5.250635e+00
 6.286286e-01 -2.179273e+00  6.049449e-01 5.115190e+00
 6.296296e-01 -2.231648e+00 -1.593002e-03 4.980256e+00
 6.306306e-01 -2.119934e+00 -5.931762e-01 4.845978e+00
 6.316316e-01 -1.855682e+00 -1.126473e+00 4.712497e+00
 6.326326e-01 -1.461636e+00 -1.563191e+00 4.579948e+00
 6.336336e-01 -9.698877e-01 -1.872907e+00 4.448461e+00
 6.346346e-01 -4.193250e-01 -2.035271e+00 4.318160e+00
 6.356356e-01  1.474121e-01 -2.041429e+00 4.189164e+00
 6.366366e-01  6.872416e-01 -1.894541e+00 4.061585e+00
 6.376376e-01  1.159951e+00 -1.609362e+00 3.935532e+00
 6.386386e-01  1.531251e+00 -1.210940e+00 3.811105e+00
 6.396396e-01  1.775338e+00 -7.325136e-01 3.688400e+00
 6.406406e-01  1.876758e+00 -2.127995e-01 3.567505e+00
 6.416416e-01  1.831443e+00  3.071179e-01 3.448503e+00
 6.426426e-01  1.646825e+00  7.870460e-01 3.331473e+00
 6.436436e-01  1.341050e+00  1.190827e+00 3.216485e+00
 6.446446e-01  9.413440e-01  1.489119e+00 3.103604e+00
 6.456456e-01  4.816778e-01  1.661588e+00 2.992888e+00
 6.466466e-01 -6.777322e-05  1.698350e+00 2.884392e+00
 6.476476e-01 -4.652113e-01  1.600544e+00 2.778163e+00
 6.486486e-01 -8.773903e-01  1.380010e+00 2.674242e+00
 6.496496e-01 -1.205441e+00  1.058101e+00 2.572665e+00
 6.506507e-01 -1.425801e+00  6.637432e-01 2.473463e+00
 6.516517e-01 -1.524251e+00  2.309136e-01 2.376661e+00
 6.526527e-01 -1.496850e+00 -2.042500e-01 2.282279e+00
 6.536537e-01 -1.350014e+00 -6.064599e-01 2.190332e+00
 6.546547e-01 -1.099726e+00 -9.441571e-01 2.100830e+00
 6.556557e-01 -7.699769e-01 -1.192021e+00 2.013779e+00
 6.566567e-01 -3.905685e-01 -1.332904e+00 1.929178e+00
 6.576577e-01  5.520146e-03 -1.359042e+00 1.847025e+00
 6.586587e-01  3.849738e-01 -1.272442e+00 1.767312e+00
 6.596597e-01  7.169430e-01 -1.084445e+00 1.690027e+00
 6.606607e-01  9.755704e-01 -8.145043e-01 1.615155e+00
 6.616617e-01  1.142030e+00 -4.883061e-01 1.542676e+00
 6.626627e-01  1.205916e+00 -1.354029e-01 1.472568e+00
 6.636637e-01  1.165872e+00  2.134185e-01 1.404806e+00
 6.646647e-01  1.029428e+00  5.288086e-01 1.339361e+00
 6.656657e-01  8.120720e-01  7.853280e-01 1.276201e+00
 6.666667e-01  5.356609e-01  9.635147e-01 1.215293e+00
 6.676677e-01  2.263204e-01  1.051370e+00 1.156601e+00
 6.686687e-01 -8.796636e-02  1.045154e+00 1.100085e+00
 6.696697e-01 -3.798616e-01  9.494271e-01 1.045707e+00
 6.706707e-01 -6.250426e-01  7.763663e-01 9.934229e-01
 6.716717e-01 -8.042325e-01  5.444263e-01 9.431899e-01
 6.726727e-01 -9.047196e-01  2.764873e-01 8.949627e-01
 6.736737e-01 -9.212435e-01 -2.332082e-03 8.486951e-01
 6.746747e-01 -8.561869e-01 -2.669898e-01 8.043395e-01
 6.756757e-01 -7.190749e-01 -4.947515e-01 7.618477e-01
 6.766767e-01 -5.254494e-01 -6.671384e-01 7.211707e-01
 6.776777e-01 -2.952382e-01 -7.714229e-01 6.822589e-01
 6.786787e-01 -5.078367e-02 -8.015505e-01 6.450622e-01
 6.796797e-01  1.852778e-01 -7.584211e-01 6.095305e-01
 6.806807e-01  3.920858e-01 -6.495243e-01 5.756131e-01
 6.816817e-01  5.523866e-01 -4.879844e-01 5.432597e-01
 6.826827e-01  6.539632e-01 -2.911219e-01 5.124198e-01
 6.836837e-01  6.905449e-01 -7.868317e-02 4.830433e-01
 6.846847e-01  6.621305e-01  1.290873e-01 4.550803e-01
 6.856857e-01  5.747146e-01  3.133439e-01 4.284813e-01
 6.866867e-01  4.394654e-01  4.583312e-01 4.031973e-01
 6.876877e-01  2.714498e-01  5.527160e-01 3.791800e-01
 6.886887e-01  8.804500e-02  5.904488e-01 3.563817e-01
 6.896897e-01 -9.280273e-02  5.710893e-01 3.347554e-01
 6.906907e-01 -2.542982e-01  4.995871e-01 3.142549e-01
 6.916917e-01 -3.823348e-01  3.855580e-01 2.948349e-01
 6.926927e-01 -4.667076e-01  2.421466e-01 2.764510e-01
 6.936937e-01 -5.018989e-01  8.460103e-02 2.590598e-01
 6.946947e-01 -4.873771e-01 -7.129124e-02 2.426188e-01
 6.956957e-01 -4.274013e-01 -2.107484e-01 2.270867e-01
 6.966967e-01 -3.303696e-01 -3.213706e-01 2.124231e-01
 6.976977e-01 -2.077958e-01 -3.942203e-01 1.985888e-01
 6.986987e-01 -7.302990e-02 -4.245140e-01 1.855455e-01
 6.996997e-01  6.014016e-02 -4.118733e-01 1.732565e-01
 7.007007e-01  1.788619e-01 -3.601306e-01 1.616856e-01
 7.017017e-01  2.724322e-01 -2.767293e-01 1.507984e-01
 7.027027e-01  3.332380e-01 -1.717952e-01 1.405611e-01
 7.037037e-01  3.573426e-01 -5.698864e-02 1.309414e-01
 7.047047e-01  3.446756e-01  5.573875e-02 1.219081e-01
 7.057057e-01  2.988253e-01  1.553522e-01 1.134309e-01
 7.067067e-01  2.264751e-01  2.327872e-01 1.054809e-01
 7.077077e-01  1.365566e-01  2.817490e-01 9.803020e-02
 7.087087e-01  3.922057e-02  2.991886e-01 9.105208e-02
 7.097097e-01 -5.526061e-02  2.854243e-01 8.452079e-02
 7.107107e-01 -1.375433e-01  2.439131e-01 7.841177e-02
 7.117117e-01 -2.001105e-01  1.807130e-01 7.270141e-02
 7.127127e-01 -2.379319e-01  1.037093e-01 6.736721e-02
 7.137137e-01 -2.488312e-01  2.169475e-02 6.238762e-02
 7.147147e-01 -2.335371e-01 -5.659074e-02 5.774208e-02
 7.157157e-01 -1.954304e-01 -1.233611e-01 5.341100e-02
 7.167167e-01 -1.400294e-01 -1.725326e-01 4.937571e-02
 7.177177e-01 -7.428160e-02 -2.002516e-01 4.561844e-02
 7.187187e-01 -5.748264e-03 -2.051566e-01 4.212228e-02
 7.197197e-01  5.822785e-02 -1.883633e-01 3.887121e-02
 7.207207e-01  1.112812e-01 -1.531877e-01 3.584996e-02
 7.217217e-01  1.486324e-01 -1.046543e-01 3.304411e-02
 7.227227e-01  1.674917e-01 -4.885183e-02 3.043997e-02
 7.237237e-01  1.672244e-01  7.784176e-03 2.802458e-02
 7.247247e-01  1.492758e-01  5.918153e-02 2.578571e-02
 7.257257e-01  1.168771e-01  1.002572e-01 2.371176e-02
 7.267267e-01  7.457778e-02  1.273969e-01 2.179182e-02
 7.277277e-01  2.766477e-02  1.387452e-01 2.001558e-02
 7.287287e-01 -1.846007e-02  1.342854e-01 1.837335e-02
 7.297297e-01 -5.887477e-02  1.157139e-01 1.685595e-02
 7.307307e-01 -8.964011e-02  8.613630e-02 1.545481e-02
 7.317317e-01 -1.081614e-01  4.962802e-02 1.416183e-02
 7.327327e-01 -1.133778e-01  1.071881e-02 1.296941e-02
 7.337337e-01 -1.057695e-01 -2.613898e-02 1.187044e-02
 7.347347e-01 -8.719386e-02 -5.705653e-02 1.085822e-02
 7.357357e-01 -6.057911e-02 -7.909910e-02 9.926496e-03
 7.367367e-01 -2.952041e-02 -9.054253e-02 9.069405e-03
 7.377377e-01  2.170779e-03 -9.097669e-02 8.281471e-03
 7.387387e-01  3.090981e-02 -8.125357e-02 7.557559e-03
 7.397397e-01  5.372479e-02 -6.329724e-02 6.892894e-03
 7.407407e-01  6.854566e-02 -3.980572e-02 6.283003e-03
 7.417417e-01  7.436986e-02 -1.388704e-02 5.723725e-03
 7.427427e-01  7.129458e-02  1.132540e-02 5.211182e-03
 7.437437e-01  6.042080e-02  3.303158e-02 4.741758e-03
 7.447447e-01  4.364948e-02  4.905938e-02 4.312100e-03
 7.457457e-01  2.340084e-02  5.806444e-02 3.919078e-03
 7.467467e-01  2.294855e-03  5.961990e-02 3.559799e-03
 7.477477e-01 -1.716724e-02  5.419270e-02 3.231563e-03
 7.487487e-01 -3.288329e-02  4.301825e-02 2.931881e-03
 7.497497e-01 -4.336266e-02  2.789470e-02 2.658435e-03
 7.507508e-01 -4.785047e-02  1.092777e-02 2.409084e-03
 7.517518e-01 -4.635608e-02 -5.741078e-03 2.181847e-03
 7.527528e-01 -3.958910e-02 -2.018890e-02 1.974888e-03
 7.537538e-01 -2.881792e-02 -3.092000e-02 1.786519e-03
 7.547548e-01 -1.567316e-02 -3.700707e-02 1.615171e-03
 7.557558e-01 -1.923914e-03 -3.815371e-02 1.459407e-03
 7.567568e-01  1.074458e-02 -3.467633e-02 1.317894e-03
 7.577578e-01  2.092500e-02 -2.741447e-02 1.189409e-03
 7.587588e-01  2.763293e-02 -1.758535e-02 1.072823e-03
 7.597598e-01  3.038869e-02 -6.605189e-03 9.671010e-04
 7.607608e-01  2.923161e-02  4.098993e-03 8.712890e-04
 7.617618e-01  2.466997e-02  1.326285e-02 7.845107e-04
 7.627628e-01  1.757822e-02  1.992412e-02 7.059644e-04
 7.637638e-01  9.058095e-03  2.351301e-02 6.349108e-04
 7.647648e-01  2.838682e-04  2.388715e-02 5.706767e-04
 7.657658e-01 -7.648188e-03  2.131071e-02 5.126412e-04
 7.667668e-01 -1.384757e-02  1.638551e-02 4.602401e-04
 7.677678e-01 -1.772090e-02  9.946047e-03 4.129540e-04
 7.687688e-01 -1.901828e-02  2.935187e-03 3.703104e-04
 7.697698e-01 -1.783300e-02 -3.723062e-03 3.318771e-04
 7.707708e-01 -1.455819e-02 -9.236785e-03 2.972590e-04
 7.717718e-01 -9.809980e-03 -1.303310e-02 2.660974e-04
 7.727728e-01 -4.329399e-03 -1.480943e-02 2.380630e-04
 7.737738e-01  1.122542e-03 -1.454643e-02 2.128588e-04
 7.747748e-01  5.862854e-03 -1.248353e-02 1.902117e-04
 7.757758e-01  9.365607e-03 -9.064264e-03 1.698755e-04
 7.767768e-01  1.131383e-02 -4.860273e-03 1.516250e-04
 7.777778e-01  1.161981e-02 -4.863374e-04 1.352564e-04
 7.787788e-01  1.041425e-02  3.482566e-03 1.205849e-04
 7.797798e-01  8.008273e-03  6.580994e-03 1.074419e-04
 7.807808e-01  4.835823e-03  8.502407e-03 9.567611e-05
 7.817818e-01  1.385552e-03  9.122996e-03 8.514881e-05
 7.827828e-01 -1.867801e-03  8.499847e-03 7.573608e-05
 7.837838e-01 -4.523766e-03  6.845434e-03 6.732442e-05
 7.847848e-01 -6.300865e-03  4.484581e-03 5.981237e-05
 7.857858e-01 -7.061546e-03  1.800583e-03 5.310753e-05
 7.867868e-01 -6.815652e-03 -8.208087e-04 4.712683e-05
 7.877878e-01 -5.704247e-03 -3.042536e-03 4.179545e-05
 7.887888e-01 -3.967573e-03 -4.615607e-03 3.704547e-05
 7.897898e-01 -1.903143e-03 -5.403191e-03 3.281643e-05
 7.907908e-01  1.797260e-04 -5.387092e-03 2.905306e-05
 7.917918e-01  2.002287e-03 -4.658041e-03 2.570650e-05
 7.927928e-01  3.350489e-03 -3.392093e-03 2.273207e-05
 7.937938e-01  4.096849e-03 -1.818247e-03 2.009019e-05
 7.947948e-01  4.208553e-03 -1.819393e-04 1.774502e-05
 7.957958e-01  3.741823e-03  1.289653e-03 1.566445e-05
 7.967968e-01  2.824911e-03  2.416558e-03 1.381987e-05
 7.977978e-01  1.632946e-03  3.085255e-03 1.218531e-05
 7.987988e-01  3.591186e-04  3.257144e-03 1.073796e-05
 7.997998e-01 -8.137057e-04  2.965602e-03 9.456912e-06
 8.008008e-01 -1.736864e-03  2.303746e-03 8.323940e-06
 8.018018e-01 -2.312654e-03  1.405002e-03 7.322398e-06
 8.028028e-01 -2.502173e-03  4.204363e-04 6.437635e-06
 8.038038e-01 -2.324283e-03 -5.042021e-04 5.656510e-06
 8.048048e-01 -1.846561e-03 -1.247976e-03 4.967234e-06
 8.058058e-01 -1.170545e-03 -1.728959e-03 4.359477e-06
 8.068068e-01 -4.137234e-04 -1.911185e-03 3.823794e-06
 8.078078e-01  3.086434e-04 -1.804657e-03 3.352049e-06
 8.088088e-01  8.995021e-04 -1.458645e-03 2.936749e-06
 8.098098e-01  1.291562e-03 -9.504240e-04 2.571439e-06
 8.108108e-01  1.453468e-03 -3.710582e-04 2.250254e-06
 8.118118e-01  1.390084e-03  1.889535e-04 1.968036e-06
 8.128128e-01  1.137698e-03  6.525937e-04 1.720236e-06
 8.138138e-01  7.551812e-04  9.656259e-04 1.502732e-06
 8.148148e-01  3.130027e-04  1.101832e-03 1.312004e-06
 8.158158e-01 -1.182702e-04  1.063389e-03 1.144784e-06
 8.168168e-01 -4.780823e-04  8.773610e-04 9.983250e-07
 8.178178e-01 -7.234989e-04  5.887526e-04 8.700802e-07
 8.188188e-01 -8.332902e-04  2.520017e-04 7.578774e-07
 8.198198e-01 -8.084898e-04 -7.815405e-05 6.597639e-07
 8.208208e-01 -6.695470e-04 -3.545620e-04 5.740074e-07
 8.218218e-01 -4.510701e-04 -5.437471e-04 4.991251e-07
 8.228228e-01 -1.950122e-04 -6.290554e-04 4.337405e-07
 8.238238e-01  5.632600e-05 -6.111862e-04 3.767212e-07
 8.248248e-01  2.666159e-04 -5.058742e-04 3.269927e-07
 8.258258e-01  4.100926e-04 -3.398501e-04 2.836740e-07
 8.268268e-01  4.741294e-04 -1.454256e-04 2.459473e-07
 8.278278e-01  4.594545e-04  4.488010e-05 2.131127e-07
 8.288288e-01  3.784452e-04  2.033226e-04 1.845608e-07
 8.298298e-01  2.517897e-04  3.103776e-04 1.597323e-07
 8.308308e-01  1.044008e-04  3.567558e-04 1.381743e-07
 8.318318e-01 -3.890266e-05  3.434139e-04 1.194465e-07
 8.328328e-01 -1.570795e-04  2.802344e-04 1.032053e-07
 8.338338e-01 -2.356185e-04  1.833016e-04 8.911556e-08
 8.348348e-01 -2.678685e-04  7.178568e-05 7.690670e-08
 8.358358e-01 -2.550981e-04 -3.547021e-05 6.633317e-08
 8.368368e-01 -2.052486e-04 -1.226769e-04 5.717660e-08
 8.378378e-01 -1.309109e-04 -1.792286e-04 4.926057e-08
 8.388388e-01 -4.675194e-05 -2.005605e-04 4.241027e-08
 8.398398e-01  3.296459e-05 -1.881755e-04 3.649667e-08
 8.408408e-01  9.657156e-05 -1.485238e-04 3.138540e-08
 8.418418e-01  1.364218e-04 -9.146498e-05 2.697676e-08
 8.428428e-01  1.495947e-04 -2.819035e-05 2.317328e-08
 8.438438e-01  1.376873e-04  3.059125e-05 1.989362e-08
 8.448448e-01  1.060148e-04  7.636238e-05 1.707036e-08
 8.458458e-01  6.224427e-05  1.037406e-04 1.463646e-08
 8.468468e-01  1.492254e-05  1.110073e-04 1.254530e-08
 8.478478e-01 -2.802928e-05  9.979182e-05 1.074405e-08
 8.488488e-01 -6.043962e-05  7.446531e-05 9.198031e-09
 8.498498e-01 -7.867183e-05  4.098325e-05 7.868884e-09
 8.508509e-01 -8.181744e-05  5.823988e-06 6.728013e-09
 8.518519e-01 -7.151483e-05 -2.521011e-05 5.749921e-09
 8.528529e-01 -5.129961e-05 -4.773109e-05 4.909908e-09
 8.538539e-01 -2.582261e-05 -5.937110e-05 4.191735e-09
 8.548549e-01  9.151091e-08 -5.979125e-05 3.575002e-09
 8.558559e-01  2.220287e-05 -5.055252e-05 3.048525e-09
 8.568569e-01  3.750230e-05 -3.450793e-05 2.597219e-09
 8.578579e-01  4.448676e-05 -1.525564e-05 2.211806e-09
 8.588589e-01  4.323598e-05  3.641765e-06 1.882612e-09
 8.598599e-01  3.513769e-05  1.913976e-05 1.600988e-09
 8.608609e-01  2.251950e-05  2.922872e-05 1.361446e-09
 8.618619e-01  8.094825e-06  3.302613e-05 1.156251e-09
 8.628629e-01 -5.495935e-06  3.085397e-05 9.821728e-10
 8.638639e-01 -1.615063e-05  2.392487e-05 8.332421e-10
 8.648649e-01 -2.253541e-05  1.410575e-05 7.068170e-10
 8.658659e-01 -2.423676e-05  3.425986e-06 5.991577e-10
 8.668669e-01 -2.165828e-05 -6.193517e-06 5.074408e-10
 8.678679e-01 -1.587668e-05 -1.333327e-05 4.298449e-10
 8.688689e-01 -8.325057e-06 -1.715174e-05 3.634886e-10
 8.698699e-01 -5.415945e-07 -1.753062e-05 3.076160e-10
 8.708709e-01  6.143700e-06 -1.490255e-05 2.598311e-10
 8.718719e-01  1.076287e-05 -1.018514e-05 2.195763e-10
 8.728729e-01  1.286012e-05 -4.468840e-06 1.853531e-10
 8.738739e-01  1.245454e-05  1.106772e-06 1.563404e-10
 8.748749e-01  1.000642e-05  5.639256e-06 1.319297e-10
 8.758759e-01  6.234730e-06  8.496686e-06 1.110655e-10
 8.768769e-01  1.995232e-06  9.470231e-06 9.366622e-11
 8.778779e-01 -1.925134e-06  8.662738e-06 7.874917e-11
 8.788789e-01 -4.894193e-06  6.508613e-06 6.631517e-11
 8.798799e-01 -6.558820e-06  3.566040e-06 5.573476e-11
 8.808809e-01 -6.825455e-06  4.852660e-07 4.682232e-11
 8.818819e-01 -5.875669e-06 -2.200398e-06 3.936524e-11
 8.828829e-01 -4.054837e-06 -4.067100e-06 3.298301e-11
 8.838839e-01 -1.825488e-06 -4.939468e-06 2.773075e-11
 8.848849e-01  3.692148e-07 -4.801914e-06 2.319470e-11
 8.858859e-01  2.142013e-06 -3.858130e-06 1.947338e-11
 8.868869e-01  3.258730e-06 -2.381105e-06 1.628898e-11
 8.878879e-01  3.618193e-06 -7.348844e-07 1.363137e-11
 8.888889e-01  3.287210e-06  7.835797e-07 1.141975e-11
 8.898899e-01  2.425309e-06  1.906916e-06 9.518455e-12
 8.908909e-01  1.279516e-06  2.519352e-06 7.984297e-12
 8.918919e-01  8.958221e-08  2.574838e-06 6.637813e-12
 8.928929e-01 -9.163825e-07  2.172879e-06 5.561158e-12
 8.938939e-01 -1.597905e-06  1.439853e-06 4.626478e-12
 8.948949e-01 -1.876559e-06  5.799583e-07 3.857826e-12
 8.958959e-01 -1.777152e-06 -2.511318e-07 3.221336e-12
 8.968969e-01 -1.370177e-06 -8.895288e-07 2.668646e-12
 8.978979e-01 -7.885304e-07 -1.270745e-06 2.236573e-12
 8.988989e-01 -1.569766e-07 -1.349163e-06 1.844883e-12
 8.998999e-01  3.927124e-07 -1.179358e-06 1.545109e-12
 9.009009e-01  7.832165e-07 -8.144282e-07 1.276721e-12
 9.019019e-01  9.607516e-07 -3.719348e-07 1.061379e-12
 9.029029e-01  9.372959e-07  7.301721e-08 8.838550e-13
 9.039039e-01  7.416910e-07  4.199641e-07 7.264753e-13
 9.049049e-01  4.476046e-07  6.400545e-07 6.100196e-13
 9.059059e-01  1.167769e-07  6.956507e-07 4.975667e-13
 9.069069e-01 -1.746324e-07  6.224769e-07 4.179740e-13
 9.079079e-01 -3.882221e-07  4.375655e-07 3.421800e-13
 9.089089e-01 -4.886630e-07  2.122953e-07 2.838608e-13
 9.099099e-01 -4.853079e-07 -2.265803e-08 2.360371e-13
 9.109109e-01 -3.876274e-07 -2.038140e-07 1.917952e-13
 9.119119e-01 -2.387825e-07 -3.244084e-07 1.622579e-13
 9.129129e-01 -6.666060e-08 -3.543367e-07 1.299981e-13
 9.139139e-01  8.363454e-08 -3.213183e-07 1.102402e-13
 9.149149e-01  1.962693e-07 -2.246971e-07 8.901044e-14
 9.159159e-01  2.477486e-07 -1.113453e-07 7.377716e-14
 9.169169e-01  2.475987e-07  1.193815e-08 6.144765e-14
 9.179179e-01  1.961346e-07  1.025200e-07 4.897914e-14
 9.189189e-01  1.207389e-07  1.662721e-07 4.222429e-14
 9.199199e-01  3.134515e-08  1.783504e-07 3.279139e-14
 9.209209e-01 -4.387543e-08  1.627745e-07 2.842060e-14
 9.219219e-01 -1.015747e-07  1.101652e-07 2.245381e-14
 9.229229e-01 -1.251607e-07  5.430991e-08 1.861478e-14
 9.239239e-01 -1.246630e-07 -1.053374e-08 1.565183e-14
 9.249249e-01 -9.589819e-08 -5.322177e-08 1.202902e-14
 9.259259e-01 -5.797746e-08 -8.636421e-08 1.082016e-14
 9.269269e-01 -1.139288e-08 -8.833232e-08 7.932397e-15
 9.279279e-01  2.475022e-08 -8.112555e-08 7.193929e-15
 9.289289e-01  5.373046e-08 -5.103327e-08 5.491357e-15
 9.299299e-01  6.270737e-08 -2.474486e-08 4.544522e-15
 9.309309e-01  6.195022e-08  9.896459e-09 3.935770e-15
 9.319319e-01  4.494487e-08  2.800010e-08 2.804047e-15
 9.329329e-01  2.638317e-08  4.549214e-08 2.765606e-15
 9.339339e-01  1.832490e-09  4.257846e-08 1.816283e-15
 9.349349e-01 -1.438409e-08  3.992984e-08 1.801294e-15
 9.359359e-01 -2.891503e-08  2.169878e-08 1.306916e-15
 9.369369e-01 -3.083682e-08  1.062890e-08 1.063883e-15
 9.379379e-01 -3.039580e-08 -8.587412e-09 9.976483e-16
 9.389389e-01 -1.980837e-08 -1.445937e-08 6.014449e-16
 9.399399e-01 -1.135738e-08 -2.435499e-08 7.221559e-16
 9.409409e-01  1.926746e-09 -1.950837e-08 3.842887e-16
 9.419419e-01  8.210082e-09 -1.960016e-08 4.515719e-16
 9.429429e-01  1.576708e-08 -7.776624e-09 3.090767e-16
 9.439439e-01  1.459758e-08 -4.512966e-09 2.334562e-16
 9.449449e-01  1.478370e-08  6.931280e-09 2.666004e-16
 9.459459e-01  7.830675e-09  6.943869e-09 1.095368e-16
 9.469469e-01  4.685456e-09  1.336217e-08 2.005012e-16
 9.479479e-01 -2.899589e-09  8.025686e-09 7.281926e-17
 9.489489e-01 -4.369673e-09  9.833142e-09 1.157847e-16
 9.499499e-01 -8.726190e-09  1.527015e-09 7.847816e-17
 9.509510e-01 -6.388677e-09  2.218375e-09 4.573639e-17
 9.519520e-01 -7.233636e-09 -5.375284e-09 8.121918e-17
 9.529530e-01 -2.370176e-09 -2.724233e-09 1.303918e-17
 9.539540e-01 -1.994763e-09 -7.661997e-09 6.268527e-17
 9.549550e-01  2.757868e-09 -2.431406e-09 1.351757e-17
 9.559560e-01  1.983814e-09 -5.300800e-09 3.203400e-17
 9.569570e-01  4.968105e-09  1.064291e-09 2.581478e-17
 9.579580e-01  2.311498e-09 -1.577751e-09 7.832321e-18
 9.589590e-01  3.699490e-09  4.146791e-09 3.088211e-17
 9.599600e-01  3.021489e-11  3.816875e-10 1.465983e-19
 9.609610e-01  1.075083e-09  4.745741e-09 2.367786e-17
 9.619620e-01 -2.308065e-09 -2.006230e-10 5.367412e-18
 9.629630e-01 -5.447602e-10  3.294386e-09 1.114975e-17
 9.639640e-01 -2.998245e-09 -2.002562e-09 1.299973e-17
 9.649650e-01 -3.473815e-10  1.553857e-09 2.535146e-18
 9.659660e-01 -2.122542e-09 -3.282528e-09 1.528017e-17
 9.669670e-01  8.791158e-10  8.782223e-10 1.544119e-18
 9.679680e-01 -8.707029e-10 -3.288890e-09 1.157492e-17
 9.689690e-01  1.875758e-09  1.371691e-09 5.400006e-18
 9.699700e-01 -2.870221e-10 -2.462377e-09 6.145684e-18
 9.709710e-01  1.996262e-09  2.248990e-09 9.043018e-18
 9.719720e-01 -5.574871e-10 -1.696440e-09 3.188702e-18
 9.729730e-01  1.465915e-09  2.722564e-09 9.561258e-18
 9.739740e-01 -1.174668e-09 -1.522867e-09 3.698970e-18
 9.749750e-01  9.084933e-10  2.581873e-09 7.491426e-18
 9.759760e-01 -1.557176e-09 -1.847961e-09 5.839757e-18
 9.769770e-01  7.441795e-10  2.144622e-09 5.153206e-18
 9.779780e-01 -1.506538e-09 -2.243530e-09 7.303083e-18
 9.789790e-01  9.498807e-10  1.833933e-09 4.265582e-18
 9.799800e-01 -1.218535e-09 -2.383334e-09 7.165109e-18
 9.809810e-01  1.234816e-09  1.826957e-09 4.862541e-18
 9.819820e-01 -9.952261e-10 -2.248556e-09 6.046478e-18
 9.829830e-01  1.355079e-09  2.011333e-09 5.881700e-18
 9.839840e-01 -9.794284e-10 -2.031795e-09 5.087471e-18
 9.849850e-01  1.280942e-09  2.172796e-09 6.361855e-18
 9.859860e-01 -1.103855e-09 -1.917428e-09 4.895024e-18
 9.869870e-01  1.142039e-09  2.191291e-09 6.106008e-18
 9.879880e-01 -1.218789e-09 -1.947917e-09 5.279829e-18
 9.889890e-01  1.069329e-09  2.095732e-09 5.535557e-18
 9.899900e-01 -1.238679e-09 -2.043340e-09 5.709563e-18
 9.909910e-01  1.091970e-09  1.989481e-09 5.150434e-18
 9.919920e-01 -1.186132e-09 -2.103964e-09 5.833575e-18
 9.929930e-01  1.151686e-09  1.948303e-09 5.122265e-18
 9.939940e-01 -1.133859e-09 -2.088899e-09 5.649137e-18
 9.949950e-01  1.182565e-09  1.976655e-09 5.305625e-18
 9.959960e-01 -1.124976e-09 -2.023783e-09 5.361268e-18
 9.969970e-01  1.171266e-09  2.029480e-09 5.490652e-18
 9.979980e-01 -1.144928e-09 -1.961224e-09 5.157261e-18
 9.989990e-01  1.151316e-09  2.057415e-09 5.558483e-18
 1.000000e+00 -1.154408e-09 -1.939615e-09 5.094763e-18
