# x psi_r psi_i psi2 
 0.000000e+00  3.905542e-03  2.852606e-03 2.339061e-05
 1.001001e-03  1.845770e-03  4.207925e-03 2.111350e-05
 2.002002e-03 -3.165821e-04  5.061941e-03 2.572347e-05
 3.003003e-03 -2.335021e-03  5.378377e-03 3.437926e-05
 4.004004e-03 -3.989490e-03  5.176076e-03 4.270780e-05
 5.005005e-03 -5.109158e-03  4.521753e-03 4.654974e-05
 6.006006e-03 -5.589030e-03  3.518474e-03 4.361692e-05
 7.007007e-03 -5.398894e-03  2.291637e-03 3.439966e-05
 8.008008e-03 -4.583910e-03  9.740731e-04 2.196105e-05
 9.009009e-03 -3.257112e-03 -3.078913e-04 1.070358e-05
 1.001001e-02 -1.584890e-03 -1.446138e-03 4.603192e-06
 1.101101e-02  2.327688e-04 -2.359035e-03 5.619226e-06
 1.201201e-02  1.985011e-03 -2.995907e-03 1.291573e-05
 1.301301e-02  3.473333e-03 -3.337518e-03 2.320307e-05
 1.401401e-02  4.532819e-03 -3.393142e-03 3.205986e-05
 1.501502e-02  5.049229e-03 -3.194892e-03 3.570205e-05
 1.601602e-02  4.970271e-03 -2.790507e-03 3.249053e-05
 1.701702e-02  4.310034e-03 -2.235574e-03 2.357418e-05
 1.801802e-02  3.146306e-03 -1.586417e-03 1.241596e-05
 1.901902e-02  1.611248e-03 -8.943527e-04 3.395985e-06
 2.002002e-02 -1.234634e-04 -2.020519e-04 5.606818e-08
 2.102102e-02 -1.865350e-03  4.579650e-04 3.689263e-06
 2.202202e-02 -3.421706e-03  1.062672e-03 1.283735e-05
 2.302302e-02 -4.619884e-03  1.596353e-03 2.389167e-05
 2.402402e-02 -5.325241e-03  2.047404e-03 3.255005e-05
 2.502503e-02 -5.454975e-03  2.405096e-03 3.554124e-05
 2.602603e-02 -4.986545e-03  2.656892e-03 3.192471e-05
 2.702703e-02 -3.959901e-03  2.787142e-03 2.344898e-05
 2.802803e-02 -2.473429e-03  2.777368e-03 1.383162e-05
 2.902903e-02 -6.740780e-04  2.608415e-03 7.258212e-06
 3.003003e-02  1.257270e-03  2.264069e-03 6.706734e-06
 3.103103e-02  3.123724e-03  1.735763e-03 1.277053e-05
 3.203203e-02  4.731826e-03  1.027484e-03 2.344590e-05
 3.303303e-02  5.910640e-03  1.601209e-04 3.496131e-05
 3.403403e-02  6.528690e-03 -8.257522e-04 4.330565e-05
 3.503504e-02  6.507145e-03 -1.869268e-03 4.583710e-05
 3.603604e-02  5.828082e-03 -2.891480e-03 4.232720e-05
 3.703704e-02  4.537037e-03 -3.800404e-03 3.502778e-05
 3.803804e-02  2.739675e-03 -4.498803e-03 2.774505e-05
 3.903904e-02  5.928529e-04 -4.893951e-03 2.430223e-05
 4.004004e-02 -1.709090e-03 -4.908544e-03 2.701480e-05
 4.104104e-02 -3.951617e-03 -4.491418e-03 3.578811e-05
 4.204204e-02 -5.919318e-03 -3.626874e-03 4.819254e-05
 4.304304e-02 -7.415594e-03 -2.341201e-03 6.047225e-05
 4.404404e-02 -8.280979e-03 -7.054488e-04 6.907227e-05
 4.504505e-02 -8.408510e-03  1.166436e-03 7.206361e-05
 4.604605e-02 -7.754774e-03  3.124225e-03 6.989729e-05
 4.704705e-02 -6.345645e-03  4.992697e-03 6.519424e-05
 4.804805e-02 -4.276135e-03  6.586656e-03 6.166938e-05
 4.904905e-02 -1.704258e-03  7.728570e-03 6.263529e-05
 5.005005e-02  1.160690e-03  8.267026e-03 6.969091e-05
 5.105105e-02  4.074587e-03  8.094297e-03 8.211990e-05
 5.205205e-02  6.778437e-03  7.160958e-03 9.722652e-05
 5.305305e-02  9.020249e-03  5.485959e-03 1.114606e-04
 5.405405e-02  1.057710e-02  3.160629e-03 1.218646e-04
 5.505506e-02  1.127556e-02  3.459025e-04 1.272579e-04
 5.605606e-02  1.100875e-02 -2.737601e-03 1.286871e-04
 5.705706e-02  9.748518e-03 -5.826002e-03 1.289759e-04
 5.805806e-02  7.551457e-03 -8.634069e-03 1.315716e-04
 5.905906e-02  4.558151e-03 -1.088067e-02 1.391657e-04
 6.006006e-02  9.852874e-04 -1.231568e-02 1.526467e-04
 6.106106e-02 -2.888977e-03 -1.274566e-02 1.707981e-04
 6.206206e-02 -6.745522e-03 -1.205600e-02 1.908492e-04
 6.306306e-02 -1.024924e-02 -1.022688e-02 2.096360e-04
 6.406406e-02 -1.307665e-02 -7.341545e-03 2.248971e-04
 6.506507e-02 -1.494397e-02 -3.585377e-03 2.361770e-04
 6.606607e-02 -1.563337e-02  7.645094e-04 2.449866e-04
 6.706707e-02 -1.501514e-02  5.358776e-03 2.541709e-04
 6.806807e-02 -1.306363e-02  9.803070e-03 2.667587e-04
 6.906907e-02 -9.865352e-03  1.369099e-02 2.847684e-04
 7.007007e-02 -5.618060e-03  1.663992e-02 3.084495e-04
 7.107107e-02 -6.204625e-04  1.832679e-02 3.362563e-04
 7.207207e-02  4.747231e-03  1.852041e-02 3.655419e-04
 7.307307e-02  1.005072e-02  1.710735e-02 3.936785e-04
 7.407407e-02  1.483522e-02  1.410871e-02 4.191396e-04
 7.507508e-02  1.866268e-02  9.685930e-03 4.421130e-04
 7.607608e-02  2.114983e-02  4.134425e-03 4.644087e-04
 7.707708e-02  2.200373e-02 -2.134752e-03 4.887212e-04
 7.807808e-02  2.105184e-02 -8.624380e-03 5.175598e-04
 7.907908e-02  1.826358e-02 -1.478945e-02 5.522862e-04
 8.008008e-02  1.376123e-02 -2.008167e-02 5.926449e-04
 8.108108e-02  7.818486e-03 -2.399642e-02 6.369570e-04
 8.208208e-02  8.462439e-04 -2.611833e-02 6.828831e-04
 8.308308e-02 -6.634016e-03 -2.616135e-02 7.284263e-04
 8.408408e-02 -1.402763e-02 -2.399991e-02 7.727701e-04
 8.508509e-02 -2.071242e-02 -1.968780e-02 8.166138e-04
 8.608609e-02 -2.608914e-02 -1.346292e-02 8.618937e-04
 8.708709e-02 -2.963288e-02 -5.736643e-03 9.110165e-04
 8.808809e-02 -3.094091e-02  2.931803e-03 9.659352e-04
 8.908909e-02 -2.977304e-02  1.187461e-02 1.027440e-03
 9.009009e-02 -2.608047e-02  2.036550e-02 1.094944e-03
 9.109109e-02 -2.002029e-02  2.767707e-02 1.166832e-03
 9.209209e-02 -1.195359e-02  3.314094e-02 1.241210e-03
 9.309309e-02 -2.426589e-03  3.620574e-02 1.316744e-03
 9.409409e-02  7.864568e-03  3.648817e-02 1.393238e-03
 9.509510e-02  1.812314e-02  3.381272e-02 1.471748e-03
 9.609610e-02  2.751190e-02  2.823601e-02 1.554177e-03
 9.709710e-02  3.521956e-02  2.005355e-02 1.642562e-03
 9.809810e-02  4.052826e-02  9.787164e-03 1.738329e-03
 9.909910e-02  4.287682e-02 -1.846368e-03 1.841831e-03
 1.001001e-01  4.191405e-02 -1.398390e-02 1.952337e-03
 1.011011e-01  3.753765e-02 -2.567846e-02 2.068459e-03
 1.021021e-01  2.991468e-02 -3.597133e-02 2.188824e-03
 1.031031e-01  1.948113e-02 -4.396825e-02 2.312722e-03
 1.041041e-01  6.919882e-03 -4.891387e-02 2.440452e-03
 1.051051e-01 -6.882310e-03 -5.025826e-02 2.573259e-03
 1.061061e-01 -2.089600e-02 -4.771009e-02 2.712896e-03
 1.071071e-01 -3.402441e-02 -4.127154e-02 2.861000e-03
 1.081081e-01 -4.518741e-02 -3.125145e-02 3.018555e-03
 1.091091e-01 -5.340779e-02 -1.825484e-02 3.185631e-03
 1.101101e-01 -5.789304e-02 -3.148681e-03 3.361518e-03
 1.111111e-01 -5.810599e-02  1.299443e-02 3.545161e-03
 1.121121e-01 -5.381821e-02  2.897092e-02 3.735714e-03
 1.131131e-01 -4.514142e-02  4.353440e-02 3.932992e-03
 1.141141e-01 -3.253352e-02  5.549057e-02 4.137634e-03
 1.151151e-01 -1.677779e-02  6.379213e-02 4.350930e-03
 1.161161e-01  1.064017e-03  6.762595e-02 4.574401e-03
 1.171171e-01  1.972199e-02  6.648572e-02 4.809307e-03
 1.181181e-01  3.780730e-02  6.022374e-02 5.056291e-03
 1.191191e-01  5.391394e-02  4.907719e-02 5.315284e-03
 1.201201e-01  6.672572e-02  3.366582e-02 5.585709e-03
 1.211211e-01  7.512034e-02  1.496032e-02 5.866877e-03
 1.221221e-01  7.826255e-02 -5.777315e-03 6.158404e-03
 1.231231e-01  7.567882e-02 -2.707779e-02 6.460490e-03
 1.241241e-01  6.730733e-02 -4.736743e-02 6.773950e-03
 1.251251e-01  5.351853e-02 -6.508273e-02 7.099995e-03
 1.261261e-01  3.510383e-02 -7.878826e-02 7.439869e-03
 1.271271e-01  1.323219e-02 -8.728919e-02 7.794494e-03
 1.281281e-01 -1.062301e-02 -8.972971e-02 8.164269e-03
 1.291291e-01 -3.478250e-02 -8.566946e-02 8.549080e-03
 1.301301e-01 -5.747828e-02 -7.513170e-02 8.948524e-03
 1.311311e-01 -7.698122e-02 -5.861845e-02 9.362232e-03
 1.321321e-01 -9.173018e-02 -3.709081e-02 9.790154e-03
 1.331331e-01 -1.004527e-01 -1.191449e-02 1.023271e-02
 1.341341e-01 -1.022687e-01  1.522610e-02 1.069072e-02
 1.351351e-01 -9.676806e-02  4.244015e-02 1.116522e-02
 1.361361e-01 -8.405689e-02  6.776123e-02 1.165714e-02
 1.371371e-01 -6.476719e-02  8.928782e-02 1.216710e-02
 1.381381e-01 -4.002861e-02  1.053234e-01 1.269531e-02
 1.391391e-01 -1.140324e-02  1.145059e-01 1.324162e-02
 1.401401e-01  1.921281e-02  1.159166e-01 1.380578e-02
 1.411411e-01  4.971479e-02  1.091607e-01 1.438762e-02
 1.421421e-01  7.793336e-02  9.441208e-02 1.498725e-02
 1.431431e-01  1.017874e-01  7.241857e-02 1.560512e-02
 1.441441e-01  1.194347e-01  4.446655e-02 1.624191e-02
 1.451451e-01  1.294099e-01  1.230605e-02 1.689837e-02
 1.461461e-01  1.307397e-01 -2.195920e-02 1.757508e-02
 1.471471e-01  1.230255e-01 -5.600959e-02 1.827236e-02
 1.481481e-01  1.064886e-01 -8.746644e-02 1.899021e-02
 1.491491e-01  8.197233e-02 -1.140569e-01 1.972843e-02
 1.501502e-01  5.090069e-02 -1.337756e-01 2.048679e-02
 1.511512e-01  1.519563e-02 -1.450319e-01 2.126514e-02
 1.521522e-01 -2.284286e-02 -1.467712e-01 2.206358e-02
 1.531532e-01 -6.068553e-02 -1.385628e-01 2.288238e-02
 1.541542e-01 -9.574224e-02 -1.206456e-01 2.372193e-02
 1.551552e-01 -1.255383e-01 -9.392930e-02 2.458259e-02
 1.561562e-01 -1.478872e-01 -5.994933e-02 2.546454e-02
 1.571572e-01 -1.610467e-01 -2.077746e-02 2.636774e-02
 1.581582e-01 -1.638490e-01  2.110577e-02 2.729194e-02
 1.591592e-01 -1.557934e-01  6.296959e-02 2.823676e-02
 1.601602e-01 -1.370965e-01  1.020116e-01 2.920182e-02
 1.611612e-01 -1.086939e-01  1.355450e-01 3.018682e-02
 1.621622e-01 -7.219405e-02  1.611820e-01 3.119161e-02
 1.631632e-01 -2.978554e-02  1.769998e-01 3.221611e-02
 1.641642e-01  1.589625e-02  1.816799e-01 3.326028e-02
 1.651652e-01  6.193494e-02  1.746083e-01 3.432399e-02
 1.661662e-01  1.053206e-01  1.559311e-01 3.540694e-02
 1.671672e-01  1.431470e-01  1.265606e-01 3.650867e-02
 1.681682e-01  1.728049e-01  8.813069e-02 3.762855e-02
 1.691692e-01  1.921593e-01  4.290338e-02 3.876590e-02
 1.701702e-01  1.996985e-01 -6.366864e-03 3.992002e-02
 1.711712e-01  1.946440e-01 -5.660372e-02 4.109028e-02
 1.721722e-01  1.770149e-01 -1.046031e-01 4.227610e-02
 1.731732e-01  1.476404e-01 -1.472387e-01 4.347693e-02
 1.741742e-01  1.081204e-01 -1.816650e-01 4.469219e-02
 1.751752e-01  6.073562e-02 -2.055052e-01 4.592118e-02
 1.761762e-01  8.311941e-03 -2.170115e-01 4.716308e-02
 1.771772e-01 -4.595125e-02 -2.151869e-01 4.841693e-02
 1.781782e-01 -9.867944e-02 -1.998600e-01 4.968165e-02
 1.791792e-01 -1.465347e-01 -1.717083e-01 5.095614e-02
 1.801802e-01 -1.864274e-01 -1.322274e-01 5.223927e-02
 1.811812e-01 -2.157148e-01 -8.364845e-02 5.352995e-02
 1.821822e-01 -2.323731e-01 -2.880697e-02 5.482708e-02
 1.831832e-01 -2.351319e-01  2.902647e-02 5.612954e-02
 1.841842e-01 -2.235635e-01  8.634536e-02 5.743617e-02
 1.851852e-01 -1.981191e-01  1.396227e-01 5.874569e-02
 1.861862e-01 -1.601109e-01  1.855296e-01 6.005672e-02
 1.871872e-01 -1.116402e-01  2.211430e-01 6.136778e-02
 1.881882e-01 -5.547651e-02  2.441304e-01 6.267731e-02
 1.891892e-01  5.106374e-03  2.528985e-01 6.398374e-02
 1.901902e-01  6.652571e-02  2.466978e-01 6.528546e-02
 1.911912e-01  1.251057e-01  2.256755e-01 6.658088e-02
 1.921922e-01  1.773001e-01  1.908745e-01 6.786839e-02
 1.931932e-01  2.199079e-01  1.441765e-01 6.914635e-02
 1.941942e-01  2.502693e-01  8.819493e-02 7.041308e-02
 1.951952e-01  2.664290e-01  2.612256e-02 7.166682e-02
 1.961962e-01  2.672580e-01 -3.845648e-02 7.290573e-02
 1.971972e-01  2.525254e-01 -1.017785e-01 7.412795e-02
 1.981982e-01  2.229171e-01 -1.601235e-01 7.533156e-02
 1.991992e-01  1.799988e-01 -2.100359e-01 7.651464e-02
 2.002002e-01  1.261272e-01 -2.485301e-01 7.767530e-02
 2.012012e-01  6.431375e-02 -2.732679e-01 7.881162e-02
 2.022022e-01 -1.950391e-03 -2.826976e-01 7.992171e-02
 2.032032e-01 -6.889748e-02 -2.761463e-01 8.100365e-02
 2.042042e-01 -1.327025e-01 -2.538613e-01 8.205550e-02
 2.052052e-01 -1.897051e-01 -2.169960e-01 8.307531e-02
 2.062062e-01 -2.366222e-01 -1.675441e-01 8.406107e-02
 2.072072e-01 -2.707367e-01 -1.082240e-01 8.501079e-02
 2.082082e-01 -2.900539e-01 -4.232246e-02 8.592248e-02
 2.092092e-01 -2.934147e-01  2.649465e-02 8.679415e-02
 2.102102e-01 -2.805600e-01  9.439249e-02 8.762384e-02
 2.112112e-01 -2.521434e-01  1.575858e-01 8.840961e-02
 2.122122e-01 -2.096915e-01  2.125536e-01 8.914955e-02
 2.132132e-01 -1.555138e-01  2.562366e-01 8.984174e-02
 2.142142e-01 -9.256952e-02  2.862083e-01 9.048430e-02
 2.152152e-01 -2.429840e-02  3.008072e-01 9.107536e-02
 2.162162e-01  4.557471e-02  2.992257e-01 9.161307e-02
 2.172172e-01  1.132491e-01  2.815498e-01 9.209564e-02
 2.182182e-01  1.750596e-01  2.487477e-01 9.252131e-02
 2.192192e-01  2.276790e-01  2.026098e-01 9.288843e-02
 2.202202e-01  2.682977e-01  1.456426e-01 9.319540e-02
 2.212212e-01  2.947743e-01  8.092494e-02 9.344072e-02
 2.222222e-01  3.057459e-01  1.193337e-02 9.362298e-02
 2.232232e-01  3.006945e-01 -5.765151e-02 9.374085e-02
 2.242242e-01  2.799652e-01 -1.241477e-01 9.379314e-02
 2.252252e-01  2.447377e-01 -1.840711e-01 9.377873e-02
 2.262262e-01  1.969518e-01 -2.343216e-01 9.369663e-02
 2.272272e-01  1.391923e-01 -2.723444e-01 9.354597e-02
 2.282282e-01  7.454173e-02 -2.962593e-01 9.332603e-02
 2.292292e-01  6.407684e-03 -3.049510e-01 9.303619e-02
 2.302302e-01 -6.166379e-02 -2.981167e-01 9.267601e-02
 2.312312e-01 -1.261787e-01 -2.762681e-01 9.224513e-02
 2.322322e-01 -1.838793e-01 -2.406902e-01 9.174335e-02
 2.332332e-01 -2.319111e-01 -1.933594e-01 9.117058e-02
 2.342342e-01 -2.679654e-01 -1.368261e-01 9.052685e-02
 2.352352e-01 -2.903893e-01 -7.406993e-02 8.981231e-02
 2.362362e-01 -2.982579e-01 -8.334458e-03 8.902721e-02
 2.372372e-01 -2.914063e-01  5.704679e-02 8.817195e-02
 2.382382e-01 -2.704210e-01  1.188255e-01 8.724702e-02
 2.392392e-01 -2.365914e-01  1.740044e-01 8.625305e-02
 2.402402e-01 -1.918258e-01  2.199856e-01 8.519079e-02
 2.412412e-01 -1.385372e-01  2.546931e-01 8.406114e-02
 2.422422e-01 -7.950645e-02  2.766656e-01 8.286512e-02
 2.432432e-01 -1.772953e-02  2.851133e-01 8.160395e-02
 2.442442e-01  4.374077e-02  2.799387e-01 8.027895e-02
 2.452452e-01  1.019516e-01  2.617204e-01 7.889169e-02
 2.462462e-01  1.541963e-01  2.316623e-01 7.744390e-02
 2.472472e-01  1.981424e-01  1.915127e-01 7.593753e-02
 2.482482e-01  2.319367e-01  1.434577e-01 7.437476e-02
 2.492492e-01  2.542807e-01  8.999633e-02 7.275801e-02
 2.502503e-01  2.644754e-01  3.380366e-02 7.108994e-02
 2.512513e-01  2.624334e-01 -2.240878e-02 6.937345e-02
 2.522523e-01  2.486588e-01 -7.602953e-02 6.761169e-02
 2.532533e-01  2.241981e-01 -1.246726e-01 6.580804e-02
 2.542543e-01  1.905653e-01 -1.662859e-01 6.396615e-02
 2.552553e-01  1.496465e-01 -1.992379e-01 6.208982e-02
 2.562563e-01  1.035897e-01 -2.223787e-01 6.018312e-02
 2.572573e-01  5.468690e-02 -2.350735e-01 5.825023e-02
 2.582583e-01  5.254276e-03 -2.372086e-01 5.629554e-02
 2.592593e-01 -4.248245e-02 -2.291698e-01 5.432354e-02
 2.602603e-01 -8.649225e-02 -2.117969e-01 5.233885e-02
 2.612613e-01 -1.250272e-01 -1.863178e-01 5.034614e-02
 2.622623e-01 -1.566918e-01 -1.542656e-01 4.835018e-02
 2.632633e-01 -1.804894e-01 -1.173854e-01 4.635577e-02
 2.642643e-01 -1.958466e-01 -7.753637e-02 4.436777e-02
 2.652653e-01 -2.026130e-01 -3.659259e-02 4.239104e-02
 2.662663e-01 -2.010403e-01  3.648920e-03 4.043050e-02
 2.672673e-01 -1.917410e-01  4.155107e-02 3.849112e-02
 2.682683e-01 -1.756321e-01  7.570507e-02 3.657789e-02
 2.692693e-01 -1.538657e-01  1.049821e-01 3.469589e-02
 2.702703e-01 -1.277534e-01  1.285665e-01 3.285027e-02
 2.712713e-01 -9.868756e-02  1.459693e-01 3.104626e-02
 2.722723e-01 -6.806447e-02  1.570237e-01 2.928923e-02
 2.732733e-01 -3.721361e-02  1.618634e-01 2.758463e-02
 2.742743e-01 -7.336751e-03  1.608858e-01 2.593806e-02
 2.752753e-01  2.054058e-02  1.547041e-01 2.435526e-02
 2.762763e-01  4.560317e-02  1.440916e-01 2.284205e-02
 2.772773e-01  6.726489e-02  1.299224e-01 2.140438e-02
 2.782783e-01  8.517211e-02  1.131106e-01 2.004829e-02
 2.792793e-01  9.919278e-02  9.455502e-02 1.877986e-02
 2.802803e-01  1.093929e-01  7.508930e-02 1.760520e-02
 2.812813e-01  1.160027e-01  5.544189e-02 1.653042e-02
 2.822823e-01  1.193759e-01  3.620736e-02 1.556157e-02
 2.832833e-01  1.199447e-01  1.783005e-02 1.470463e-02
 2.842843e-01  1.181740e-01  6.001950e-04 1.396546e-02
 2.852853e-01  1.145187e-01 -1.533776e-02 1.334979e-02
 2.862863e-01  1.093856e-01 -2.996646e-02 1.286319e-02
 2.872873e-01  1.031034e-01 -4.336800e-02 1.251109e-02
 2.882883e-01  9.590262e-02 -5.569041e-02 1.229873e-02
 2.892893e-01  8.790578e-02 -6.711048e-02 1.223124e-02
 2.902903e-01  7.912838e-02 -7.779647e-02 1.231359e-02
 2.912913e-01  6.949085e-02 -8.787297e-02 1.255064e-02
 2.922923e-01  5.883970e-02 -9.739118e-02 1.294715e-02
 2.932933e-01  4.697634e-02 -1.063064e-01 1.350782e-02
 2.942943e-01  3.369136e-02 -1.144646e-01 1.423726e-02
 2.952953e-01  1.880162e-02 -1.215997e-01 1.513998e-02
 2.962963e-01  2.187409e-03 -1.273407e-01 1.622044e-02
 2.972973e-01 -1.617323e-02 -1.312301e-01 1.748290e-02
 2.982983e-01 -3.617549e-02 -1.327508e-01 1.893145e-02
 2.992993e-01 -5.756661e-02 -1.313619e-01 2.056987e-02
 3.003003e-01 -7.993417e-02 -1.265389e-01 2.240157e-02
 3.013013e-01 -1.027053e-01 -1.178181e-01 2.442947e-02
 3.023023e-01 -1.251574e-01 -1.048403e-01 2.665588e-02
 3.033033e-01 -1.464403e-01 -8.739339e-02 2.908238e-02
 3.043043e-01 -1.656090e-01 -6.544774e-02 3.170975e-02
 3.053053e-01 -1.816657e-01 -3.918514e-02 3.453788e-02
 3.063063e-01 -1.936090e-01 -9.016903e-03 3.756575e-02
 3.073073e-01 -2.004883e-01  2.440966e-02 4.079139e-02
 3.083083e-01 -2.014592e-01  6.021756e-02 4.421198e-02
 3.093093e-01 -1.958388e-01  9.731972e-02 4.782396e-02
 3.103103e-01 -1.831557e-01  1.344513e-01 5.162317e-02
 3.113113e-01 -1.631939e-01  1.702142e-01 5.560511e-02
 3.123123e-01 -1.360261e-01  2.031307e-01 5.976517e-02
 3.133133e-01 -1.020353e-01  2.317062e-01 6.409898e-02
 3.143143e-01 -6.192236e-02  2.544961e-01 6.860264e-02
 3.153153e-01 -1.669902e-02  2.701746e-01 7.327315e-02
 3.163163e-01  3.233432e-02  2.776023e-01 7.810853e-02
 3.173173e-01  8.362559e-02  2.758894e-01 8.310821e-02
 3.183183e-01  1.354216e-01  2.644503e-01 8.827299e-02
 3.193193e-01  1.858305e-01  2.430478e-01 9.360521e-02
 3.203203e-01  2.328931e-01  2.118238e-01 9.910854e-02
 3.213213e-01  2.746615e-01  1.713151e-01 1.047878e-01
 3.223223e-01  3.092799e-01  1.224524e-01 1.106486e-01
 3.233233e-01  3.350656e-01  6.654245e-02 1.166968e-01
 3.243243e-01  3.505859e-01  5.233606e-03 1.229378e-01
 3.253253e-01  3.547276e-01 -5.953464e-02 1.293760e-01
 3.263263e-01  3.467555e-01 -1.255961e-01 1.360138e-01
 3.273273e-01  3.263582e-01 -1.906337e-01 1.428509e-01
 3.283283e-01  2.936770e-01 -2.522649e-01 1.498837e-01
 3.293293e-01  2.493183e-01 -3.081314e-01 1.571046e-01
 3.303303e-01  1.943477e-01 -3.559920e-01 1.645013e-01
 3.313313e-01  1.302648e-01 -3.938122e-01 1.720570e-01
 3.323323e-01  5.896108e-02 -4.198494e-01 1.797499e-01
 3.333333e-01 -1.733951e-02 -4.327279e-01 1.875541e-01
 3.343343e-01 -9.615375e-02 -4.315022e-01 1.954397e-01
 3.353353e-01 -1.748246e-01 -4.157049e-01 2.033742e-01
 3.363363e-01 -2.506152e-01 -3.853772e-01 2.113235e-01
 3.373373e-01 -3.208075e-01 -3.410809e-01 2.192536e-01
 3.383383e-01 -3.828028e-01 -2.838908e-01 2.271319e-01
 3.393393e-01 -4.342192e-01 -2.153677e-01 2.349295e-01
 3.403403e-01 -4.729829e-01 -1.375128e-01 2.426226e-01
 3.413413e-01 -4.974095e-01 -5.270487e-02 2.501940e-01
 3.423423e-01 -5.062722e-01  3.637748e-02 2.576349e-01
 3.433433e-01 -4.988543e-01  1.268454e-01 2.649454e-01
 3.443443e-01 -4.749836e-01  2.156986e-01 2.721353e-01
 3.453453e-01 -4.350476e-01  2.999291e-01 2.792239e-01
 3.463463e-01 -3.799889e-01  3.766264e-01 2.862390e-01
 3.473473e-01 -3.112805e-01  4.430808e-01 2.932162e-01
 3.483483e-01 -2.308818e-01  4.968799e-01 3.001960e-01
 3.493493e-01 -1.411777e-01  5.359953e-01 3.072221e-01
 3.503504e-01 -4.490153e-02  5.588572e-01 3.143376e-01
 3.513514e-01  5.495443e-02  5.644130e-01 3.215820e-01
 3.523524e-01  1.552376e-01  5.521678e-01 3.289880e-01
 3.533534e-01  2.527403e-01  5.222065e-01 3.365772e-01
 3.543544e-01  3.443068e-01  4.751957e-01 3.443581e-01
 3.553554e-01  4.269391e-01  4.123661e-01 3.523228e-01
 3.563564e-01  4.978978e-01  3.354748e-01 3.604456e-01
 3.573574e-01  5.547939e-01  2.467506e-01 3.686821e-01
 3.583584e-01  5.956688e-01  1.488229e-01 3.769696e-01
 3.593594e-01  6.190607e-01  4.463775e-02 3.852287e-01
 3.603604e-01  6.240532e-01 -6.263760e-02 3.933658e-01
 3.613614e-01  6.103065e-01 -1.697160e-01 4.012776e-01
 3.623624e-01  5.780696e-01 -2.732964e-01 4.088554e-01
 3.633634e-01  5.281723e-01 -3.701696e-01 4.159915e-01
 3.643644e-01  4.619990e-01 -4.573203e-01 4.225850e-01
 3.653654e-01  3.814448e-01 -5.320230e-01 4.285486e-01
 3.663664e-01  2.888542e-01 -5.919273e-01 4.338147e-01
 3.673674e-01  1.869471e-01 -6.351312e-01 4.383409e-01
 3.683684e-01  7.873248e-02 -6.602393e-01 4.421147e-01
 3.693694e-01 -3.258644e-02 -6.664041e-01 4.451563e-01
 3.703704e-01 -1.437120e-01 -6.533506e-01 4.475202e-01
 3.713714e-01 -2.513546e-01 -6.213815e-01 4.492941e-01
 3.723724e-01 -3.523329e-01 -5.713649e-01 4.505963e-01
 3.733734e-01 -4.436713e-01 -5.047044e-01 4.515708e-01
 3.743744e-01 -5.226882e-01 -4.232929e-01 4.523798e-01
 3.753754e-01 -5.870752e-01 -3.294517e-01 4.531957e-01
 3.763764e-01 -6.349637e-01 -2.258576e-01 4.541905e-01
 3.773774e-01 -6.649770e-01 -1.154592e-01 4.555253e-01
 3.783784e-01 -6.762671e-01 -1.387518e-03 4.573391e-01
 3.793794e-01 -6.685342e-01  1.131395e-01 4.597385e-01
 3.803804e-01 -6.420303e-01  2.249117e-01 4.627881e-01
 3.813814e-01 -5.975457e-01  3.308215e-01 4.665037e-01
 3.823824e-01 -5.363797e-01  4.279526e-01 4.708466e-01
 3.833834e-01 -4.602968e-01  5.136625e-01 4.757223e-01
 3.843844e-01 -3.714696e-01  5.856552e-01 4.809817e-01
 3.853854e-01 -2.724114e-01  6.420422e-01 4.864262e-01
 3.863864e-01 -1.658989e-01  6.813907e-01 4.918158e-01
 3.873874e-01 -5.488992e-02  7.027574e-01 4.968808e-01
 3.883884e-01  5.756327e-02  7.057073e-01 5.013364e-01
 3.893894e-01  1.684014e-01  6.903183e-01 5.048984e-01
 3.903904e-01  2.746441e-01  6.571693e-01 5.073009e-01
 3.913914e-01  3.734715e-01  6.073162e-01 5.083140e-01
 3.923924e-01  4.623001e-01  5.422533e-01 5.077600e-01
 3.933934e-01  5.388493e-01  4.638637e-01 5.055281e-01
 3.943944e-01  6.011990e-01  3.743603e-01 5.015858e-01
 3.953954e-01  6.478347e-01  2.762180e-01 4.959862e-01
 3.963964e-01  6.776813e-01  1.721014e-01 4.888708e-01
 3.973974e-01  6.901227e-01  6.478771e-02 4.804668e-01
 3.983984e-01  6.850094e-01 -4.291032e-02 4.710792e-01
 3.993994e-01  6.626525e-01 -1.482212e-01 4.610778e-01
 4.004004e-01  6.238051e-01 -2.484880e-01 4.508790e-01
 4.014014e-01  5.696330e-01 -3.412367e-01 4.409242e-01
 4.024024e-01  5.016741e-01 -4.242379e-01 4.316547e-01
 4.034034e-01  4.217898e-01 -4.955593e-01 4.234857e-01
 4.044044e-01  3.321085e-01 -5.536100e-01 4.167802e-01
 4.054054e-01  2.349641e-01 -5.971733e-01 4.118241e-01
 4.064064e-01  1.328305e-01 -6.254290e-01 4.088053e-01
 4.074074e-01  2.825479e-02 -6.379644e-01 4.077970e-01
 4.084084e-01 -7.620949e-02 -6.347748e-01 4.087469e-01
 4.094094e-01 -1.780674e-01 -6.162517e-01 4.114741e-01
 4.104104e-01 -2.749437e-01 -5.831628e-01 4.156729e-01
 4.114114e-01 -3.646391e-01 -5.366219e-01 4.209248e-01
 4.124124e-01 -4.451799e-01 -4.780508e-01 4.267177e-01
 4.134134e-01 -5.148602e-01 -4.091345e-01 4.324721e-01
 4.144144e-01 -5.722760e-01 -3.317718e-01 4.375724e-01
 4.154154e-01 -6.163504e-01 -2.480208e-01 4.414021e-01
 4.164164e-01 -6.463492e-01 -1.600437e-01 4.433813e-01
 4.174174e-01 -6.618881e-01 -7.004985e-02 4.430029e-01
 4.184184e-01 -6.629303e-01  1.976036e-02 4.398671e-01
 4.194194e-01 -6.497758e-01  1.072489e-01 4.337109e-01
 4.204204e-01 -6.230425e-01  1.903904e-01 4.244304e-01
 4.214214e-01 -5.836407e-01  2.673177e-01 4.120952e-01
 4.224224e-01 -5.327411e-01  3.363621e-01 3.969526e-01
 4.234234e-01 -4.717376e-01  3.960870e-01 3.794213e-01
 4.244244e-01 -4.022065e-01  4.453145e-01 3.600752e-01
 4.254254e-01 -3.258630e-01  4.831456e-01 3.396164e-01
 4.264264e-01 -2.445157e-01  5.089715e-01 3.188399e-01
 4.274274e-01 -1.600216e-01  5.224787e-01 2.985909e-01
 4.284284e-01 -7.424089e-02  5.236465e-01 2.797174e-01
 4.294294e-01  1.100506e-02  5.127376e-01 2.630209e-01
 4.304304e-01  9.397421e-02  4.902822e-01 2.492078e-01
 4.314314e-01  1.730398e-01  4.570571e-01 2.388439e-01
 4.324324e-01  2.467220e-01  4.140592e-01 2.323168e-01
 4.334334e-01  3.137154e-01  3.624755e-01 2.298059e-01
 4.344344e-01  3.729098e-01  3.036497e-01 2.312648e-01
 4.354354e-01  4.234065e-01  2.390469e-01 2.364164e-01
 4.364364e-01  4.645286e-01  1.702162e-01 2.447604e-01
 4.374374e-01  4.958257e-01  9.875444e-02 2.555956e-01
 4.384384e-01  5.170726e-01  2.626893e-02 2.680542e-01
 4.394394e-01  5.282639e-01 -4.565747e-02 2.811473e-01
 4.404404e-01  5.296025e-01 -1.155000e-01 2.938191e-01
 4.414414e-01  5.214856e-01 -1.818219e-01 3.050064e-01
 4.424424e-01  5.044851e-01 -2.433025e-01 3.137013e-01
 4.434434e-01  4.793268e-01 -2.987600e-01 3.190117e-01
 4.444444e-01  4.468659e-01 -3.471716e-01 3.202172e-01
 4.454454e-01  4.080616e-01 -3.876885e-01 3.168166e-01
 4.464464e-01  3.639507e-01 -4.196472e-01 3.085639e-01
 4.474474e-01  3.156205e-01 -4.425759e-01 2.954898e-01
 4.484484e-01  2.641826e-01 -4.561971e-01 2.779082e-01
 4.494494e-01  2.107471e-01 -4.604255e-01 2.564060e-01
 4.504505e-01  1.563991e-01 -4.553633e-01 2.318164e-01
 4.514515e-01  1.021762e-01 -4.412899e-01 2.051768e-01
 4.524525e-01  4.904905e-02 -4.186516e-01 1.776750e-01
 4.534535e-01 -2.095454e-03 -3.880449e-01 1.505832e-01
 4.544545e-01 -5.046850e-02 -3.502011e-01 1.251879e-01
 4.554555e-01 -9.538995e-02 -3.059664e-01 1.027147e-01
 4.564565e-01 -1.362965e-01 -2.562827e-01 8.425754e-02
 4.574575e-01 -1.727458e-01 -2.021659e-01 7.071215e-02
 4.584585e-01 -2.044186e-01 -1.446856e-01 6.272089e-02
 4.594595e-01 -2.311167e-01 -8.494306e-02 6.063027e-02
 4.604605e-01 -2.527595e-01 -2.405127e-02 6.446585e-02
 4.614615e-01 -2.693767e-01  3.688572e-02 7.392435e-02
 4.624625e-01 -2.810999e-01  9.679060e-02 8.838559e-02
 4.634635e-01 -2.881519e-01  1.546312e-01 1.069423e-01
 4.644645e-01 -2.908344e-01  2.094351e-01 1.284477e-01
 4.654655e-01 -2.895148e-01  2.603048e-01 1.515774e-01
 4.664665e-01 -2.846123e-01  3.064283e-01 1.749025e-01
 4.674675e-01 -2.765829e-01  3.470907e-01 1.969701e-01
 4.684685e-01 -2.659059e-01  3.816809e-01 2.163863e-01
 4.694695e-01 -2.530685e-01  4.096987e-01 2.318967e-01
 4.704705e-01 -2.385538e-01  4.307576e-01 2.424601e-01
 4.714715e-01 -2.228267e-01  4.445886e-01 2.473108e-01
 4.724725e-01 -2.063241e-01  4.510388e-01 2.460057e-01
 4.734735e-01 -1.894432e-01  4.500718e-01 2.384533e-01
 4.744745e-01 -1.725353e-01  4.417632e-01 2.249232e-01
 4.754755e-01 -1.558964e-01  4.262981e-01 2.060337e-01
 4.764765e-01 -1.397661e-01  4.039639e-01 1.827214e-01
 4.774775e-01 -1.243195e-01  3.751456e-01 1.561896e-01
 4.784785e-01 -1.096729e-01  3.403166e-01 1.278435e-01
 4.794795e-01 -9.587604e-02  3.000318e-01 9.921130e-02
 4.804805e-01 -8.292525e-02  2.549182e-01 7.185988e-02
 4.814815e-01 -7.075341e-02  2.056653e-01 4.730424e-02
 4.824825e-01 -5.925640e-02  1.530161e-01 2.692526e-02
 4.834835e-01 -4.826616e-02  9.775629e-02 1.188592e-02
 4.844845e-01 -3.762528e-02  4.070253e-02 3.072357e-03
 4.854855e-01 -2.694130e-02 -1.723764e-02 1.022970e-03
 4.864865e-01 -1.500088e-02 -7.422013e-02 5.733654e-03
 4.874875e-01 -1.944576e-03 -1.267652e-01 1.607320e-02
 4.884885e-01  1.174453e-02 -1.714235e-01 2.952395e-02
 4.894895e-01  2.556019e-02 -2.052670e-01 4.278787e-02
 4.904905e-01  3.890712e-02 -2.260351e-01 5.260564e-02
 4.914915e-01  5.115480e-02 -2.322988e-01 5.657953e-02
 4.924925e-01  6.164076e-02 -2.235506e-01 5.377444e-02
 4.934935e-01  6.971814e-02 -2.002438e-01 4.495819e-02
 4.944945e-01  7.478492e-02 -1.637715e-01 3.241389e-02
 4.954955e-01  7.633454e-02 -1.163801e-01 1.937129e-02
 4.964965e-01  7.399485e-02 -6.103745e-02 9.200807e-03
 4.974975e-01  6.757356e-02 -1.241877e-03 4.567728e-03
 4.984985e-01  5.709057e-02  5.918845e-02 6.762606e-03
 4.994995e-01  4.280481e-02  1.163666e-01 1.537344e-02
 5.005005e-01  2.522436e-02  1.665728e-01 2.838276e-02
 5.015015e-01  5.102229e-03  2.065065e-01 4.267096e-02
 5.025025e-01 -1.658606e-02  2.334858e-01 5.479074e-02
 5.035035e-01 -3.868364e-02  2.456427e-01 6.183678e-02
 5.045045e-01 -5.990841e-02  2.420294e-01 6.216723e-02
 5.055055e-01 -7.892691e-02  2.227131e-01 5.583058e-02
 5.065065e-01 -9.443392e-02  1.887542e-01 4.454590e-02
 5.075075e-01 -1.052444e-01  1.421840e-01 3.129269e-02
 5.085085e-01 -1.103762e-01  8.584452e-02 1.955220e-02
 5.095095e-01 -1.091381e-01  2.326859e-02 1.245255e-02
 5.105105e-01 -1.011887e-01 -4.160408e-02 1.197006e-02
 5.115115e-01 -8.659901e-02 -1.045853e-01 1.843748e-02
 5.125125e-01 -6.585952e-02 -1.616255e-01 3.046028e-02
 5.135135e-01 -3.990613e-02 -2.088943e-01 4.522934e-02
 5.145145e-01 -1.004239e-02 -2.433240e-01 5.930740e-02
 5.155155e-01  2.202480e-02 -2.622334e-01 6.925145e-02
 5.165165e-01  5.470681e-02 -2.658573e-01 7.367292e-02
 5.175175e-01  8.826037e-02 -2.640104e-01 7.749138e-02
 5.185185e-01  1.223641e-01 -2.581282e-01 8.160314e-02
 5.195195e-01  1.564586e-01 -2.477596e-01 8.586410e-02
 5.205205e-01  1.899938e-01 -2.329148e-01 9.034697e-02
 5.215215e-01  2.223668e-01 -2.134883e-01 9.502425e-02
 5.225225e-01  2.529669e-01 -1.895607e-01 9.992548e-02
 5.235235e-01  2.811623e-01 -1.612227e-01 1.050450e-01
 5.245245e-01  3.063270e-01 -1.287025e-01 1.104006e-01
 5.255255e-01  3.278403e-01 -9.227898e-02 1.159947e-01
 5.265265e-01  3.451083e-01 -5.235055e-02 1.218403e-01
 5.275275e-01  3.575696e-01 -9.381868e-03 1.279440e-01
 5.285285e-01  3.647144e-01  3.605584e-02 1.343166e-01
 5.295295e-01  3.660930e-01  8.332412e-02 1.409670e-01
 5.305305e-01  3.613332e-01  1.316939e-01 1.479049e-01
 5.315315e-01  3.501491e-01  1.803789e-01 1.551409e-01
 5.325325e-01  3.323566e-01  2.285242e-01 1.626842e-01
 5.335335e-01  3.078814e-01  2.752369e-01 1.705463e-01
 5.345345e-01  2.767710e-01  3.195846e-01 1.787365e-01
 5.355355e-01  2.392001e-01  3.606249e-01 1.872670e-01
 5.365365e-01  1.954785e-01  3.974107e-01 1.961471e-01
 5.375375e-01  1.460529e-01  4.290201e-01 2.053897e-01
 5.385385e-01  9.150917e-02  4.545661e-01 2.150043e-01
 5.395395e-01  3.256894e-02  4.732265e-01 2.250041e-01
 5.405405e-01 -2.991394e-02  4.842563e-01 2.353990e-01
 5.415415e-01 -9.496267e-02  4.870159e-01 2.462024e-01
 5.425425e-01 -1.614879e-01  4.809848e-01 2.574247e-01
 5.435435e-01 -2.283031e-01  4.657865e-01 2.690794e-01
 5.445445e-01 -2.941416e-01  4.412005e-01 2.811772e-01
 5.455455e-01 -3.576781e-01  4.071830e-01 2.937316e-01
 5.465465e-01 -4.175514e-01  3.638747e-01 3.067540e-01
 5.475475e-01 -4.723915e-01  3.116150e-01 3.202576e-01
 5.485485e-01 -5.208468e-01  2.509439e-01 3.342542e-01
 5.495495e-01 -5.616149e-01  1.826082e-01 3.487571e-01
 5.505506e-01 -5.934729e-01  1.075549e-01 3.637782e-01
 5.515516e-01 -6.153092e-01  2.692885e-02 3.793305e-01
 5.525526e-01 -6.261543e-01 -5.794347e-02 3.954266e-01
 5.535536e-01 -6.252115e-01 -1.455667e-01 4.120791e-01
 5.545546e-01 -6.118851e-01 -2.343016e-01 4.293006e-01
 5.555556e-01 -5.858065e-01 -3.223885e-01 4.471036e-01
 5.565566e-01 -5.468565e-01 -4.079814e-01 4.655008e-01
 5.575576e-01 -4.951843e-01 -4.891797e-01 4.845042e-01
 5.585586e-01 -4.312207e-01 -5.640704e-01 5.041267e-01
 5.595596e-01 -3.556866e-01 -6.307670e-01 5.243799e-01
 5.605606e-01 -2.695943e-01 -6.874558e-01 5.452765e-01
 5.615616e-01 -1.742436e-01 -7.324390e-01 5.668277e-01
 5.625626e-01 -7.120920e-02 -7.641827e-01 5.890459e-01
 5.635636e-01  3.767763e-02 -7.813593e-01 6.119419e-01
 5.645646e-01  1.503557e-01 -7.828926e-01 6.355277e-01
 5.655656e-01  2.645673e-01 -7.679959e-01 6.598135e-01
 5.665666e-01  3.778984e-01 -7.362090e-01 6.848110e-01
 5.675676e-01  4.878258e-01 -6.874269e-01 7.105297e-01
 5.685686e-01  5.917689e-01 -6.219245e-01 7.369805e-01
 5.695696e-01  6.871473e-01 -5.403713e-01 7.641726e-01
 5.705706e-01  7.714415e-01 -4.438398e-01 7.921158e-01
 5.715716e-01  8.422559e-01 -3.338020e-01 8.208188e-01
 5.725726e-01  8.973828e-01 -2.121189e-01 8.502904e-01
 5.735736e-01  9.348662e-01 -8.101698e-02 8.805385e-01
 5.745746e-01  9.530626e-01  5.694388e-02 9.115710e-01
 5.755756e-01  9.506987e-01  1.989140e-01 9.433949e-01
 5.765766e-01  9.269225e-01  3.418062e-01 9.760168e-01
 5.775776e-01  8.813475e-01  4.823583e-01 1.009443e+00
 5.785786e-01  8.140878e-01  6.172031e-01 1.043679e+00
 5.795796e-01  7.257826e-01  7.429459e-01 1.078729e+00
 5.805806e-01  6.176087e-01  8.562461e-01 1.114598e+00
 5.815816e-01  4.912805e-01  9.539042e-01 1.151290e+00
 5.825826e-01  3.490353e-01  1.032948e+00 1.188807e+00
 5.835836e-01  1.936055e-01  1.090719e+00 1.227152e+00
 5.845846e-01  2.817532e-02  1.124959e+00 1.266326e+00
 5.855856e-01 -1.436759e-01  1.133881e+00 1.306330e+00
 5.865866e-01 -3.180444e-01  1.116249e+00 1.347164e+00
 5.875876e-01 -4.907853e-01  1.071428e+00 1.388828e+00
 5.885886e-01 -6.576061e-01  9.994369e-01 1.431320e+00
 5.895896e-01 -8.141706e-01  9.009794e-01 1.474638e+00
 5.905906e-01 -9.562083e-01  7.774593e-01 1.518777e+00
 5.915916e-01 -1.079629e+00  6.309803e-01 1.563736e+00
 5.925926e-01 -1.180640e+00  4.643238e-01 1.609508e+00
 5.935936e-01 -1.255857e+00  2.809103e-01 1.656087e+00
 5.945946e-01 -1.302416e+00  8.473932e-02 1.703468e+00
 5.955956e-01 -1.318073e+00 -1.196881e-01 1.751642e+00
 5.965966e-01 -1.301294e+00 -3.274660e-01 1.800601e+00
 5.975976e-01 -1.251329e+00 -5.333948e-01 1.850335e+00
 5.985986e-01 -1.168269e+00 -7.321080e-01 1.900835e+00
 5.995996e-01 -1.053082e+00 -9.182082e-01 1.952088e+00
 6.006006e-01 -9.076284e-01 -1.086413e+00 2.004083e+00
 6.016016e-01 -7.346501e-01 -1.231704e+00 2.056805e+00
 6.026026e-01 -5.377365e-01 -1.349474e+00 2.110242e+00
 6.036036e-01 -3.212627e-01 -1.435676e+00 2.164376e+00
 6.046046e-01 -9.030463e-02 -1.486956e+00 2.219194e+00
 6.056056e-01  1.494710e-01 -1.500778e+00 2.274675e+00
 6.066066e-01  3.919388e-01 -1.475530e+00 2.330804e+00
 6.076076e-01  6.306657e-01 -1.410610e+00 2.387561e+00
 6.086086e-01  8.590788e-01 -1.306487e+00 2.444925e+00
 6.096096e-01  1.070644e+00 -1.164730e+00 2.502875e+00
 6.106106e-01  1.259056e+00 -9.880123e-01 2.561389e+00
 6.116116e-01  1.418420e+00 -7.800828e-01 2.620445e+00
 6.126126e-01  1.543447e+00 -5.457010e-01 2.680018e+00
 6.136136e-01  1.629622e+00 -2.905425e-01 2.740083e+00
 6.146146e-01  1.673371e+00 -2.107338e-02 2.800615e+00
 6.156156e-01  1.672200e+00  2.556061e-01 2.861587e+00
 6.166166e-01  1.624810e+00  5.319420e-01 2.922970e+00
 6.176176e-01  1.531186e+00  8.001303e-01 2.984738e+00
 6.186186e-01  1.392642e+00  1.052335e+00 3.046860e+00
 6.196196e-01  1.211838e+00  1.280919e+00 3.109306e+00
 6.206206e-01  9.927539e-01  1.478677e+00 3.172046e+00
 6.216216e-01  7.406162e-01  1.639065e+00 3.235048e+00
 6.226226e-01  4.617938e-01  1.756424e+00 3.298278e+00
 6.236236e-01  1.636474e-01  1.826178e+00 3.361705e+00
 6.246246e-01 -1.456547e-01  1.845015e+00 3.425294e+00
 6.256256e-01 -4.573541e-01  1.811032e+00 3.489011e+00
 6.266266e-01 -7.623474e-01  1.723846e+00 3.552820e+00
 6.276276e-01 -1.051451e+00  1.584657e+00 3.616686e+00
 6.286286e-01 -1.315679e+00  1.396267e+00 3.680572e+00
 6.296296e-01 -1.546527e+00  1.163055e+00 3.744442e+00
 6.306306e-01 -1.736252e+00  8.908906e-01 3.808258e+00
 6.316316e-01 -1.878139e+00  5.870079e-01 3.871983e+00
 6.326326e-01 -1.966741e+00  2.598234e-01 3.935577e+00
 6.336336e-01 -1.998098e+00 -8.128574e-02 3.999004e+00
 6.346346e-01 -1.969908e+00 -4.262446e-01 4.062223e+00
 6.356356e-01 -1.881654e+00 -7.645753e-01 4.125196e+00
 6.366366e-01 -1.734677e+00 -1.085716e+00 4.187882e+00
 6.376376e-01 -1.532198e+00 -1.379353e+00 4.250243e+00
 6.386386e-01 -1.279270e+00 -1.635759e+00 4.312238e+00
 6.396396e-01 -9.826780e-01 -1.846124e+00 4.373828e+00
 6.406406e-01 -6.507709e-01 -2.002865e+00 4.434972e+00
 6.416416e-01 -2.932420e-01 -2.099914e+00 4.495631e+00
 6.426426e-01  7.914545e-02 -2.132956e+00 4.555764e+00
 6.436436e-01  4.548768e-01 -2.099623e+00 4.615330e+00
 6.446446e-01  8.220406e-01 -1.999635e+00 4.674291e+00
 6.456456e-01  1.168708e+00 -1.834864e+00 4.732607e+00
 6.466466e-01  1.483328e+00 -1.609340e+00 4.790237e+00
 6.476476e-01  1.755118e+00 -1.329174e+00 4.847143e+00
 6.486486e-01  1.974447e+00 -1.002420e+00 4.903286e+00
 6.496496e-01  2.133187e+00 -6.388573e-01 4.958626e+00
 6.506507e-01  2.225033e+00 -2.497085e-01 5.013125e+00
 6.516517e-01  2.245758e+00  1.526954e-01 5.066746e+00
 6.526527e-01  2.193419e+00  5.553043e-01 5.119451e+00
 6.536537e-01  2.068480e+00  9.447726e-01 5.171203e+00
 6.546547e-01  1.873859e+00  1.307906e+00 5.221966e+00
 6.556557e-01  1.614897e+00  1.632119e+00 5.271703e+00
 6.566567e-01  1.299231e+00  1.905880e+00 5.320380e+00
 6.576577e-01  9.365941e-01  2.119140e+00 5.367962e+00
 6.586587e-01  5.385258e-01  2.263715e+00 5.414416e+00
 6.596597e-01  1.180183e-01  2.333619e+00 5.459708e+00
 6.606607e-01 -3.109032e-01  2.325327e+00 5.503806e+00
 6.616617e-01 -7.336470e-01  2.237955e+00 5.546679e+00
 6.626627e-01 -1.135556e+00  2.073357e+00 5.588296e+00
 6.636637e-01 -1.502425e+00  1.836123e+00 5.628629e+00
 6.646647e-01 -1.821012e+00  1.533480e+00 5.667647e+00
 6.656657e-01 -2.079539e+00  1.175092e+00 5.705324e+00
 6.666667e-01 -2.268140e+00  7.727697e-01 5.741633e+00
 6.676677e-01 -2.379261e+00  3.400970e-01 5.776548e+00
 6.686687e-01 -2.407982e+00 -1.080246e-01 5.810044e+00
 6.696697e-01 -2.352252e+00 -5.558852e-01 5.842099e+00
 6.706707e-01 -2.213028e+00 -9.875215e-01 5.872690e+00
 6.716717e-01 -1.994295e+00 -1.387293e+00 5.901796e+00
 6.726727e-01 -1.702991e+00 -1.740465e+00 5.929397e+00
 6.736737e-01 -1.348805e+00 -2.033765e+00 5.955474e+00
 6.746747e-01 -9.438783e-01 -2.255904e+00 5.980010e+00
 6.756757e-01 -5.023988e-01 -2.398037e+00 6.002987e+00
 6.766767e-01 -4.011488e-02 -2.454136e+00 6.024392e+00
 6.776777e-01  4.262248e-01 -2.421269e+00 6.044210e+00
 6.786787e-01  8.794810e-01 -2.299770e+00 6.062429e+00
 6.796797e-01  1.302763e+00 -2.093286e+00 6.079037e+00
 6.806807e-01  1.680070e+00 -1.808698e+00 6.094025e+00
 6.816817e-01  1.996919e+00 -1.455918e+00 6.107383e+00
 6.826827e-01  2.240919e+00 -1.047563e+00 6.119105e+00
 6.836837e-01  2.402282e+00 -5.985205e-01 6.129185e+00
 6.846847e-01  2.474245e+00 -1.254135e-01 6.137617e+00
 6.856857e-01  2.453380e+00  3.540121e-01 6.144398e+00
 6.866867e-01  2.339781e+00  8.215560e-01 6.149527e+00
 6.876877e-01  2.137114e+00  1.259264e+00 6.153003e+00
 6.886887e-01  1.852536e+00  1.650132e+00 6.154825e+00
 6.896897e-01  1.496462e+00  1.978787e+00 6.154997e+00
 6.906907e-01  1.082207e+00  2.232117e+00 6.153520e+00
 6.916917e-01  6.255040e-01  2.399822e+00 6.150401e+00
 6.926927e-01  1.439139e-01  2.474860e+00 6.145643e+00
 6.936937e-01 -3.438464e-01  2.453778e+00 6.139255e+00
 6.946947e-01 -8.186359e-01  2.336895e+00 6.131245e+00
 6.956957e-01 -1.261651e+00  2.128346e+00 6.121622e+00
 6.966967e-01 -1.655188e+00  1.835960e+00 6.110397e+00
 6.976977e-01 -1.983368e+00  1.470997e+00 6.097582e+00
 6.986987e-01 -2.232813e+00  1.047729e+00 6.083189e+00
 6.996997e-01 -2.393211e+00  5.829044e-01 6.067234e+00
 7.007007e-01 -2.457782e+00  9.508551e-02 6.049732e+00
 7.017017e-01 -2.423595e+00 -3.960865e-01 6.030699e+00
 7.027027e-01 -2.291735e+00 -8.706901e-01 6.010152e+00
 7.037037e-01 -2.067301e+00 -1.309343e+00 5.988112e+00
 7.047047e-01 -1.759237e+00 -1.694013e+00 5.964596e+00
 7.057057e-01 -1.380007e+00 -2.008783e+00 5.939627e+00
 7.067067e-01 -9.451025e-01 -2.240537e+00 5.913226e+00
 7.077077e-01 -4.724281e-01 -2.379543e+00 5.885415e+00
 7.087087e-01  1.843114e-02 -2.419892e+00 5.856219e+00
 7.097097e-01  5.070217e-01 -2.359786e+00 5.825661e+00
 7.107107e-01  9.728818e-01 -2.201651e+00 5.793767e+00
 7.117117e-01  1.396413e+00 -1.952074e+00 5.760563e+00
 7.127127e-01  1.759725e+00 -1.621556e+00 5.726077e+00
 7.137137e-01  2.047422e+00 -1.224091e+00 5.690335e+00
 7.147147e-01  2.247279e+00 -7.765973e-01 5.653367e+00
 7.157157e-01  2.350803e+00 -2.982032e-01 5.615202e+00
 7.167167e-01  2.353626e+00  1.905642e-01 5.575869e+00
 7.177177e-01  2.255723e+00  6.686638e-01 5.535398e+00
 7.187187e-01  2.061450e+00  1.115458e+00 5.493821e+00
 7.197197e-01  1.779375e+00  1.511620e+00 5.451170e+00
 7.207207e-01  1.421933e+00  1.839995e+00 5.407475e+00
 7.217217e-01  1.004896e+00  2.086374e+00 5.362771e+00
 7.227227e-01  5.466925e-01  2.240137e+00 5.317088e+00
 7.237237e-01  6.760484e-02  2.294753e+00 5.270462e+00
 7.247247e-01 -4.111328e-01  2.248087e+00 5.222925e+00
 7.257257e-01 -8.682804e-01  2.102522e+00 5.174511e+00
 7.267267e-01 -1.283550e+00  1.864874e+00 5.125255e+00
 7.277277e-01 -1.638526e+00  1.546099e+00 5.075191e+00
 7.287287e-01 -1.917512e+00  1.160818e+00 5.024353e+00
 7.297297e-01 -2.108255e+00  7.266625e-01 4.972777e+00
 7.307307e-01 -2.202516e+00  2.634785e-01 4.920497e+00
 7.317317e-01 -2.196465e+00 -2.075742e-01 4.867548e+00
 7.327327e-01 -2.090872e+00 -6.649946e-01 4.813965e+00
 7.337337e-01 -1.891080e+00 -1.087933e+00 4.759784e+00
 7.347347e-01 -1.606772e+00 -1.457162e+00 4.705039e+00
 7.357357e-01 -1.251530e+00 -1.755972e+00 4.649766e+00
 7.367367e-01 -8.422061e-01 -1.970961e+00 4.593998e+00
 7.377377e-01 -3.981390e-01 -2.092668e+00 4.537772e+00
 7.387387e-01  5.975311e-02 -2.116023e+00 4.481122e+00
 7.397397e-01  5.099595e-01 -2.040594e+00 4.424081e+00
 7.407407e-01  9.313968e-01 -1.870611e+00 4.366685e+00
 7.417417e-01  1.304413e+00 -1.614768e+00 4.308968e+00
 7.427427e-01  1.611726e+00 -1.285808e+00 4.250962e+00
 7.437437e-01  1.839254e+00 -8.999148e-01 4.192702e+00
 7.447447e-01  1.976793e+00 -4.759319e-01 4.134220e+00
 7.457457e-01  2.018505e+00 -3.445205e-02 4.075550e+00
 7.467467e-01  1.963203e+00  4.031822e-01 4.016723e+00
 7.477477e-01  1.814401e+00  8.159177e-01 3.957771e+00
 7.487487e-01  1.580135e+00  1.184018e+00 3.898727e+00
 7.497497e-01  1.272570e+00  1.490029e+00 3.839620e+00
 7.507508e-01  9.073859e-01  1.719632e+00 3.780482e+00
 7.517518e-01  5.030018e-01  1.862346e+00 3.721342e+00
 7.527528e-01  7.965641e-02  1.912037e+00 3.662231e+00
 7.537538e-01 -3.416029e-01  1.867213e+00 3.603176e+00
 7.547548e-01 -7.399723e-01  1.731083e+00 3.544207e+00
 7.557558e-01 -1.095932e+00  1.511385e+00 3.485352e+00
 7.567568e-01 -1.392223e+00  1.219981e+00 3.426637e+00
 7.577578e-01 -1.614708e+00  8.722423e-01 3.368089e+00
 7.587588e-01 -1.753078e+00  4.862619e-01 3.309734e+00
 7.597598e-01 -1.801357e+00  8.192153e-02 3.251598e+00
 7.607608e-01 -1.758188e+00 -3.201281e-01 3.193706e+00
 7.617618e-01 -1.626881e+00 -6.995274e-01 3.136081e+00
 7.627628e-01 -1.415224e+00 -1.037251e+00 3.078747e+00
 7.637638e-01 -1.135051e+00 -1.316581e+00 3.021727e+00
 7.647648e-01 -8.016175e-01 -1.523959e+00 2.965043e+00
 7.657658e-01 -4.327829e-01 -1.649671e+00 2.908716e+00
 7.667668e-01 -4.806858e-02 -1.688329e+00 2.852766e+00
 7.677678e-01  3.323728e-01 -1.639129e+00 2.797215e+00
 7.687688e-01  6.888177e-01 -1.505859e+00 2.742080e+00
 7.697698e-01  1.003006e+00 -1.296673e+00 2.687381e+00
 7.707708e-01  1.259096e+00 -1.023627e+00 2.633136e+00
 7.717718e-01  1.444484e+00 -7.020162e-01 2.579362e+00
 7.727728e-01  1.550452e+00 -3.495318e-01 2.526074e+00
 7.737738e-01  1.572601e+00  1.469641e-02 2.473289e+00
 7.747748e-01  1.511052e+00  3.711375e-01 2.421022e+00
 7.757758e-01  1.370405e+00  7.009115e-01 2.369287e+00
 7.767768e-01  1.159448e+00  9.868017e-01 2.318097e+00
 7.777778e-01  8.906485e-01  1.214171e+00 2.267466e+00
 7.787788e-01  5.794423e-01  1.371733e+00 2.217406e+00
 7.797798e-01  2.433649e-01  1.452137e+00 2.167928e+00
 7.807808e-01 -9.892624e-02  1.452328e+00 2.119042e+00
 7.817818e-01 -4.286866e-01  1.373677e+00 2.070760e+00
 7.827828e-01 -7.281164e-01  1.221858e+00 2.023089e+00
 7.837838e-01 -9.813344e-01  1.006490e+00 1.976040e+00
 7.847848e-01 -1.175237e+00  7.405664e-01 1.929620e+00
 7.857858e-01 -1.300197e+00  4.396885e-01 1.883837e+00
 7.867868e-01 -1.350561e+00  1.211725e-01 1.838697e+00
 7.877878e-01 -1.324923e+00 -1.969419e-01 1.794207e+00
 7.887888e-01 -1.226152e+00 -4.969131e-01 1.750371e+00
 7.897898e-01 -1.061180e+00 -7.622941e-01 1.707196e+00
 7.907908e-01 -8.405622e-01 -9.788465e-01 1.664685e+00
 7.917918e-01 -5.778292e-01 -1.135322e+00 1.622842e+00
 7.927928e-01 -2.886831e-01 -1.224064e+00 1.581670e+00
 7.937938e-01  9.929709e-03 -1.241400e+00 1.541172e+00
 7.947948e-01  3.008065e-01 -1.187798e+00 1.501349e+00
 7.957958e-01  5.674806e-01 -1.067787e+00 1.462204e+00
 7.967968e-01  7.951624e-01 -8.896369e-01 1.423737e+00
 7.977978e-01  9.715722e-01 -6.648279e-01 1.385949e+00
 7.987988e-01  1.087618e+00 -4.073400e-01 1.348839e+00
 7.997998e-01  1.137880e+00 -1.327999e-01 1.312407e+00
 8.008008e-01  1.120874e+00  1.424567e-01 1.276652e+00
 8.018018e-01  1.039078e+00  4.023550e-01 1.241573e+00
 8.028028e-01  8.987285e-01  6.320235e-01 1.207167e+00
 8.038038e-01  7.093920e-01  8.186542e-01 1.173432e+00
 8.048048e-01  4.833461e-01  9.522299e-01 1.140365e+00
 8.058058e-01  2.348058e-01  1.026075e+00 1.107964e+00
 8.068068e-01 -2.095633e-02  1.037201e+00 1.076225e+00
 8.078078e-01 -2.685423e-01  9.864221e-01 1.045144e+00
 8.088088e-01 -4.933561e-01  8.782457e-01 1.014716e+00
 8.098098e-01 -6.824696e-01  7.205361e-01 9.849370e-01
 8.108108e-01 -8.253761e-01  5.239812e-01 9.558020e-01
 8.118118e-01 -9.145856e-01  3.013948e-01 9.273057e-01
 8.128128e-01 -9.460269e-01  6.689869e-02 8.994423e-01
 8.138138e-01 -9.192350e-01 -1.649639e-01 8.722061e-01
 8.148148e-01 -8.373139e-01 -3.801270e-01 8.455911e-01
 8.158158e-01 -7.066792e-01 -5.658582e-01 8.195911e-01
 8.168168e-01 -5.366006e-01 -7.115189e-01 7.941994e-01
 8.178178e-01 -3.385736e-01 -8.091830e-01 7.694092e-01
 8.188188e-01 -1.255627e-01 -8.540770e-01 7.452135e-01
 8.198198e-01  8.883479e-02 -8.448155e-01 7.216049e-01
 8.208208e-01  2.912512e-01 -7.834210e-01 6.985757e-01
 8.218218e-01  4.693822e-01 -6.751287e-01 6.761185e-01
 8.228228e-01  6.127396e-01 -5.279919e-01 6.542252e-01
 8.238238e-01  7.132754e-01 -3.523157e-01 6.328882e-01
 8.248248e-01  7.658414e-01 -1.599580e-01 6.120995e-01
 8.258258e-01  7.684543e-01  3.645702e-02 5.918511e-01
 8.268268e-01  7.223556e-01  2.243595e-01 5.721348e-01
 8.278278e-01  6.318620e-01  3.920364e-01 5.529422e-01
 8.288288e-01  5.040217e-01  5.293644e-01 5.342646e-01
 8.298298e-01  3.481004e-01  6.284261e-01 5.160933e-01
 8.308308e-01  1.749337e-01  6.839720e-01 4.984195e-01
 8.318318e-01 -3.810229e-03  6.937002e-01 4.812345e-01
 8.328328e-01 -1.764077e-01  6.583387e-01 4.645295e-01
 8.338338e-01 -3.318450e-01  5.815280e-01 4.482959e-01
 8.348348e-01 -4.605223e-01  4.695151e-01 4.325252e-01
 8.358358e-01 -5.548496e-01  3.306822e-01 4.172088e-01
 8.368368e-01 -6.096986e-01  1.749439e-01 4.023378e-01
 8.378378e-01 -6.226821e-01  1.305600e-02 3.879034e-01
 8.388388e-01 -5.942448e-01 -1.441174e-01 3.738967e-01
 8.398398e-01 -5.275645e-01 -2.863285e-01 3.603084e-01
 8.408408e-01 -4.282725e-01 -4.046137e-01 3.471295e-01
 8.418418e-01 -3.040148e-01 -4.918601e-01 3.343514e-01
 8.428428e-01 -1.638889e-01 -5.432363e-01 3.219652e-01
 8.438438e-01 -1.779395e-02 -5.564585e-01 3.099627e-01
 8.448448e-01  1.242579e-01 -5.318793e-01 2.983356e-01
 8.458458e-01  2.528226e-01 -4.723941e-01 2.870755e-01
 8.468468e-01  3.596503e-01 -3.831784e-01 2.761740e-01
 8.478478e-01  4.382160e-01 -2.712734e-01 2.656225e-01
 8.488488e-01  4.841191e-01 -1.450553e-01 2.554124e-01
 8.498498e-01  4.953274e-01 -1.362440e-02 2.455348e-01
 8.508509e-01  4.722519e-01  1.138405e-01 2.359815e-01
 8.518519e-01  4.176511e-01  2.287176e-01 2.267442e-01
 8.528529e-01  3.363745e-01  3.235233e-01 2.178151e-01
 8.538539e-01  2.349670e-01  3.923994e-01 2.091868e-01
 8.548549e-01  1.211652e-01  4.314751e-01 2.008518e-01
 8.558559e-01  3.322622e-03  4.390806e-01 1.928028e-01
 8.568569e-01 -1.101935e-01  4.157999e-01 1.850322e-01
 8.578579e-01 -2.115905e-01  3.643646e-01 1.775321e-01
 8.588589e-01 -2.941830e-01  2.893976e-01 1.702946e-01
 8.598599e-01 -3.528327e-01  1.970306e-01 1.633120e-01
 8.608609e-01 -3.842667e-01  9.442339e-02 1.565767e-01
 8.618619e-01 -3.872540e-01 -1.077600e-02 1.500818e-01
 8.628629e-01 -3.626313e-01 -1.109925e-01 1.438208e-01
 8.638639e-01 -3.131796e-01 -1.992638e-01 1.377875e-01
 8.648649e-01 -2.433642e-01 -2.697215e-01 1.319758e-01
 8.658659e-01 -1.589610e-01 -3.179795e-01 1.263795e-01
 8.668669e-01 -6.659742e-02 -3.414042e-01 1.209920e-01
 8.678679e-01  2.675456e-02 -3.392502e-01 1.158065e-01
 8.688689e-01  1.142963e-01 -3.126538e-01 1.108160e-01
 8.698699e-01  1.898925e-01 -2.644897e-01 1.060139e-01
 8.708709e-01  2.484985e-01 -1.991042e-01 1.013940e-01
 8.718719e-01  2.864947e-01 -1.219486e-01 9.695065e-02
 8.728729e-01  3.019053e-01 -3.914153e-02 9.267890e-02
 8.738739e-01  2.944905e-01  4.300466e-02 8.857407e-02
 8.748749e-01  2.657052e-01  1.184576e-01 8.463144e-02
 8.758759e-01  2.185342e-01  1.819032e-01 8.084598e-02
 8.768769e-01  1.572182e-01  2.291170e-01 7.721217e-02
 8.778779e-01  8.689365e-02  2.572424e-01 7.372414e-02
 8.788789e-01  1.317738e-02  2.649573e-01 7.037599e-02
 8.798799e-01 -5.827212e-02  2.525204e-01 6.716219e-02
 8.808809e-01 -1.221826e-01  2.216964e-01 6.407787e-02
 8.818819e-01 -1.740528e-01  1.755694e-01 6.111899e-02
 8.828829e-01 -2.104663e-01  1.182627e-01 5.828211e-02
 8.838839e-01 -2.293125e-01  5.458759e-02 5.556402e-02
 8.848849e-01 -2.299005e-01 -1.034751e-02 5.296131e-02
 8.858859e-01 -2.129605e-01 -7.153905e-02 5.046999e-02
 8.868869e-01 -1.805356e-01 -1.244681e-01 4.808543e-02
 8.878879e-01 -1.357770e-01 -1.654303e-01 4.580258e-02
 8.888889e-01 -8.265921e-02 -1.917914e-01 4.361647e-02
 8.898899e-01 -2.564219e-02 -2.021513e-01 4.152268e-02
 8.908909e-01  3.069301e-02 -1.964068e-01 3.951770e-02
 8.918919e-01  8.200538e-02 -1.757102e-01 3.759897e-02
 8.928929e-01  1.245236e-01 -1.423320e-01 3.576452e-02
 8.938939e-01  1.553196e-01 -9.944007e-02 3.401250e-02
 8.948949e-01  1.725057e-01 -5.081677e-02 3.234055e-02
 8.958959e-01  1.753431e-01 -5.368808e-04 3.074548e-02
 8.968969e-01  1.642552e-01  4.736548e-02 2.922327e-02
 8.978979e-01  1.407488e-01  8.921487e-02 2.776953e-02
 8.988989e-01  1.072512e-01  1.219723e-01 2.638005e-02
 8.998999e-01  6.688022e-02  1.434521e-01 2.505148e-02
 9.009009e-01  2.316804e-02  1.524625e-01 2.378158e-02
 9.019019e-01 -2.023888e-02  1.488610e-01 2.256921e-02
 9.029029e-01 -5.987724e-02  1.335232e-01 2.141373e-02
 9.039039e-01 -9.273840e-02  1.082310e-01 2.031437e-02
 9.049049e-01 -1.164929e-01  7.549127e-02 1.926953e-02
 9.059059e-01 -1.296511e-01  3.830246e-02 1.827649e-02
 9.069069e-01 -1.316495e-01 -1.092664e-04 1.733161e-02
 9.079079e-01 -1.228579e-01 -3.656274e-02 1.643090e-02
 9.089089e-01 -1.045100e-01 -6.817996e-02 1.557085e-02
 9.099099e-01 -7.856589e-02 -9.260925e-02 1.474907e-02
 9.109109e-01 -4.752000e-02 -1.081962e-01 1.396457e-02
 9.119119e-01 -1.417284e-02 -1.140903e-01 1.321745e-02
 9.129129e-01  1.861374e-02 -1.102804e-01 1.250823e-02
 9.139139e-01  4.815632e-02 -9.755951e-02 1.183689e-02
 9.149149e-01  7.216527e-02 -7.742376e-02 1.120227e-02
 9.159159e-01  8.891835e-02 -5.191657e-02 1.060180e-02
 9.169169e-01  9.737978e-02 -2.343379e-02 1.003196e-02
 9.179179e-01  9.725676e-02  5.492951e-03 9.489049e-03
 9.189189e-01  8.899105e-02  3.241515e-02 8.970149e-03
 9.199199e-01  7.368903e-02  5.517024e-02 8.473828e-03
 9.209209e-01  5.299827e-02  7.205150e-02 8.000234e-03
 9.219219e-01  2.894350e-02  8.193211e-02 7.550598e-03
 9.229229e-01  3.737373e-03  8.433447e-02 7.126270e-03
 9.239239e-01 -2.041674e-02  7.944105e-02 6.727723e-03
 9.249249e-01 -4.151267e-02  6.804830e-02 6.353873e-03
 9.259259e-01 -5.790437e-02  5.146986e-02 6.002062e-03
 9.269269e-01 -6.843075e-02  3.139935e-02 5.668687e-03
 9.279279e-01 -7.249322e-02  9.746607e-03 5.350263e-03
 9.289289e-01 -7.008111e-02 -1.153769e-02 5.044480e-03
 9.299299e-01 -6.174501e-02 -3.063301e-02 4.750827e-03
 9.309309e-01 -4.852236e-02 -4.600100e-02 4.470511e-03
 9.319319e-01 -3.182393e-02 -5.650596e-02 4.205687e-03
 9.329329e-01 -1.329268e-02 -6.149464e-02 3.958286e-03
 9.339339e-01  5.351421e-03 -6.082999e-02 3.728926e-03
 9.349349e-01  2.246631e-02 -5.487805e-02 3.516336e-03
 9.359359e-01  3.662880e-02 -4.445092e-02 3.317554e-03
 9.369369e-01  4.674980e-02 -3.071307e-02 3.128836e-03
 9.379379e-01  5.215450e-02 -1.506067e-02 2.946915e-03
 9.389389e-01  5.262207e-02  1.013878e-03 2.770110e-03
 9.399399e-01  4.838295e-02  1.605966e-02 2.598822e-03
 9.409409e-01  4.007589e-02  2.879462e-02 2.435207e-03
 9.419419e-01  2.867040e-02  3.821176e-02 2.282130e-03
 9.429429e-01  1.536299e-02  4.365541e-02 2.141817e-03
 9.439439e-01  1.457961e-03  4.486228e-02 2.014749e-03
 9.449449e-01 -1.175597e-02  4.196486e-02 1.899252e-03
 9.459459e-01 -2.312174e-02  3.545907e-02 1.791960e-03
 9.469469e-01 -3.171241e-02  2.614031e-02 1.688993e-03
 9.479479e-01 -3.690392e-02  1.501555e-02 1.587366e-03
 9.489489e-01 -3.841663e-02  3.200402e-03 1.486080e-03
 9.499499e-01 -3.632316e-02 -8.188445e-03 1.386423e-03
 9.509510e-01 -3.102351e-02 -1.813560e-02 1.291358e-03
 9.519520e-01 -2.319112e-02 -2.581472e-02 1.204228e-03
 9.529530e-01 -1.369639e-02 -3.065442e-02 1.127285e-03
 9.539540e-01 -3.515550e-03 -3.237722e-02 1.060643e-03
 9.549550e-01  6.365615e-03 -3.100924e-02 1.002094e-03
 9.559560e-01  1.504425e-02 -2.686124e-02 9.478557e-04
 9.569570e-01  2.178046e-02 -2.048414e-02 8.939882e-04
 9.579580e-01  2.605803e-02 -1.260443e-02 8.378923e-04
 9.589590e-01  2.762103e-02 -4.046655e-03 7.792968e-04
 9.599600e-01  2.648401e-02  4.349246e-03 7.203185e-04
 9.609610e-01  2.291601e-02  1.180758e-02 6.645627e-04
 9.619620e-01  1.740136e-02  1.768627e-02 6.156116e-04
 9.629630e-01  1.058183e-02  2.152974e-02 5.755051e-04
 9.639640e-01  3.186888e-03  2.310141e-02 5.438314e-04
 9.649650e-01 -4.040970e-03  2.239350e-02 5.177984e-04
 9.659660e-01 -1.041818e-02  1.961468e-02 4.932743e-04
 9.669670e-01 -1.538270e-02  1.515764e-02 4.663815e-04
 9.679680e-01 -1.854162e-02  9.550989e-03 4.350129e-04
 9.689690e-01 -1.969984e-02  3.400800e-03 3.996490e-04
 9.699700e-01 -1.886811e-02 -2.671947e-03 3.631449e-04
 9.709710e-01 -1.625056e-02 -8.091846e-03 3.295588e-04
 9.719720e-01 -1.221397e-02 -1.238162e-02 3.024855e-04
 9.729730e-01 -7.242747e-03 -1.520223e-02 2.835652e-04
 9.739740e-01 -1.884728e-03 -1.637725e-02 2.717667e-04
 9.749750e-01  3.306421e-03 -1.590007e-02 2.637445e-04
 9.759760e-01  7.826333e-03 -1.392408e-02 2.551314e-04
 9.769770e-01  1.126724e-02 -1.073803e-02 2.422561e-04
 9.779780e-01  1.335320e-02 -6.729490e-03 2.235939e-04
 9.789790e-01  1.396021e-02 -2.340943e-03 2.003676e-04
 9.799800e-01  1.312021e-02  1.976866e-03 1.760478e-04
 9.809810e-01  1.100903e-02  5.809481e-03 1.549487e-04
 9.819820e-01  7.920653e-03  8.817029e-03 1.404768e-04
 9.829830e-01  4.230846e-03  1.076269e-02 1.337356e-04
 9.839840e-01  3.544033e-04  1.152927e-02 1.330498e-04
 9.849850e-01 -3.299273e-03  1.112284e-02 1.346028e-04
 9.859860e-01 -6.367735e-03  9.663951e-03 1.339400e-04
 9.869870e-01 -8.570068e-03  7.368042e-03 1.277341e-04
 9.879880e-01 -9.731318e-03  4.517765e-03 1.151087e-04
 9.889890e-01 -9.794751e-03  1.430388e-03 9.798315e-05
 9.899900e-01 -8.821300e-03 -1.575968e-03 8.029900e-05
 9.909910e-01 -6.976864e-03 -4.213931e-03 6.643385e-05
 9.919920e-01 -4.509379e-03 -6.253131e-03 5.943615e-05
 9.929930e-01 -1.718504e-03 -7.538963e-03 5.978921e-05
 9.939940e-01  1.078562e-03 -8.002312e-03 6.520030e-05
 9.949950e-01  3.581407e-03 -7.660068e-03 7.150311e-05
 9.959960e-01  5.537293e-03 -6.606848e-03 7.431206e-05
 9.969970e-01  6.765538e-03 -4.999604e-03 7.076855e-05
 9.979980e-01  7.173143e-03 -3.037037e-03 6.067757e-05
 9.989990e-01  6.760419e-03 -9.364950e-04 4.658029e-05
 1.000000e+00  5.616486e-03  1.089222e-03 3.273132e-05
