# x psi_r psi_i psi2 
 0.000000e+00  1.211380e-01  3.189704e-02 1.569185e-02
 1.001001e-03  9.277157e-02  7.864481e-02 1.479157e-02
 2.002002e-03  5.537646e-02  1.151737e-01 1.633153e-02
 3.003003e-03  1.359855e-02  1.381815e-01 1.927904e-02
 4.004004e-03 -2.761291e-02  1.459211e-01 2.205543e-02
 5.005005e-03 -6.357368e-02  1.383106e-01 2.317143e-02
 6.006006e-03 -9.038428e-02  1.168636e-01 2.182641e-02
 7.007007e-03 -1.053442e-01  8.445428e-02 1.822993e-02
 8.008008e-03 -1.072175e-01  4.495109e-02 1.351618e-02
 9.009009e-03 -9.632335e-02  2.762966e-03 9.285822e-03
 1.001001e-02 -7.444825e-02 -3.764829e-02 6.959936e-03
 1.101101e-02 -4.459247e-02 -7.223653e-02 7.206604e-03
 1.201201e-02 -1.058605e-02 -9.777121e-02 9.671275e-03
 1.301301e-02  2.337943e-02 -1.121299e-01 1.311971e-02
 1.401401e-02  5.324766e-02 -1.144575e-01 1.593583e-02
 1.501502e-02  7.556538e-02 -1.051825e-01 1.677349e-02
 1.601602e-02  8.786865e-02 -8.589711e-02 1.509921e-02
 1.701702e-02  8.894531e-02 -5.912074e-02 1.140653e-02
 1.801802e-02  7.894639e-02 -2.798089e-02 7.015463e-03
 1.901902e-02  5.933729e-02  4.150382e-03 3.538140e-03
 2.002002e-02  3.269778e-02  3.402167e-02 2.226619e-03
 2.102102e-02  2.396922e-03  5.882974e-02 3.466684e-03
 2.202202e-02 -2.781711e-02  7.647646e-02 6.622441e-03
 2.302302e-02 -5.426356e-02  8.573209e-02 1.029453e-02
 2.402402e-02 -7.376007e-02  8.629420e-02 1.288724e-02
 2.502503e-02 -8.398878e-02  7.874360e-02 1.325467e-02
 2.602603e-02 -8.375681e-02  6.441041e-02 1.116390e-02
 2.702703e-02 -7.312289e-02  4.517233e-02 7.387497e-03
 2.802803e-02 -5.337789e-02  2.321329e-02 3.388056e-03
 2.902903e-02 -2.688352e-02  7.728869e-04 7.233212e-04
 3.003003e-02  3.210093e-03 -2.008463e-02 4.136969e-04
 3.103103e-02  3.333441e-02 -3.765769e-02 2.529284e-03
 3.203203e-02  5.991657e-02 -5.073453e-02 6.163987e-03
 3.303303e-02  7.979021e-02 -5.865208e-02 9.806545e-03
 3.403403e-02  9.055672e-02 -6.128791e-02 1.195673e-02
 3.503504e-02  9.085663e-02 -5.899434e-02 1.173526e-02
 3.603604e-02  8.052194e-02 -5.249037e-02 9.239022e-03
 3.703704e-02  6.059367e-02 -4.273048e-02 5.497486e-03
 3.803804e-02  3.320408e-02 -3.077034e-02 2.049325e-03
 3.903904e-02  1.338464e-03 -1.764746e-02 3.132245e-04
 4.004004e-02 -3.149619e-02 -4.290398e-03 1.010418e-03
 4.104104e-02 -6.165787e-02  8.535515e-03 3.874549e-03
 4.204204e-02 -8.576882e-02  2.024460e-02 7.766133e-03
 4.304304e-02 -1.010837e-01  3.041432e-02 1.114294e-02
 4.404404e-02 -1.057872e-01  3.874566e-02 1.269216e-02
 4.504505e-02 -9.919004e-02  4.501326e-02 1.186486e-02
 4.604605e-02 -8.180336e-02  4.901913e-02 9.094664e-03
 4.704705e-02 -5.528535e-02  5.056209e-02 5.612995e-03
 4.804805e-02 -2.226757e-02  4.943160e-02 2.939328e-03
 4.904905e-02  1.391939e-02  4.542955e-02 2.257594e-03
 5.005005e-02  4.959069e-02  3.841787e-02 3.935170e-03
 5.105105e-02  8.108568e-02  2.838438e-02 7.380561e-03
 5.205205e-02  1.051407e-01  1.551491e-02 1.129528e-02
 5.305305e-02  1.192182e-01  2.570393e-04 1.421306e-02
 5.405405e-02  1.217599e-01 -1.663942e-02 1.510235e-02
 5.505506e-02  1.123393e-01 -3.411800e-02 1.378415e-02
 5.605606e-02  9.170126e-02 -5.085580e-02 1.099543e-02
 5.705706e-02  6.168641e-02 -6.535087e-02 8.075950e-03
 5.805806e-02  2.504982e-02 -7.605252e-02 6.411479e-03
 5.905906e-02 -1.480555e-02 -8.152312e-02 6.865224e-03
 6.006006e-02 -5.415372e-02 -8.061465e-02 9.431347e-03
 6.106106e-02 -8.929664e-02 -7.263858e-02 1.325025e-02
 6.206206e-02 -1.169078e-01 -5.750679e-02 1.697446e-02
 6.306306e-02 -1.343366e-01 -3.582207e-02 1.932955e-02
 6.406406e-02 -1.398474e-01 -8.901578e-03 1.963654e-02
 6.506507e-02 -1.327720e-01  2.127721e-02 1.808112e-02
 6.606607e-02 -1.135652e-01  5.220949e-02 1.562289e-02
 6.706707e-02 -8.376114e-02  8.106751e-02 1.358787e-02
 6.806807e-02 -4.583549e-02  1.049596e-01 1.311740e-02
 6.906907e-02 -2.989338e-03  1.212193e-01 1.470305e-02
 7.007007e-02  4.112638e-02  1.276957e-01 1.799757e-02
 7.107107e-02  8.272073e-02  1.230125e-01 2.197480e-02
 7.207207e-02  1.181812e-01  1.067662e-01 2.536580e-02
 7.307307e-02  1.443744e-01  7.963763e-02 2.718612e-02
 7.407407e-02  1.589060e-01  4.340063e-02 2.713475e-02
 7.507508e-02  1.603199e-01  8.191680e-04 2.570314e-02
 7.607608e-02  1.482217e-01 -4.456105e-02 2.395535e-02
 7.707708e-02  1.233195e-01 -8.871142e-02 2.307742e-02
 7.807808e-02  8.737822e-02 -1.274833e-01 2.388694e-02
 7.907908e-02  4.309170e-02 -1.570011e-01 2.650624e-02
 8.008008e-02 -6.116948e-03 -1.740477e-01 3.033002e-02
 8.108108e-02 -5.635324e-02 -1.764026e-01 3.429356e-02
 8.208208e-02 -1.035485e-01 -1.630985e-01 3.732340e-02
 8.308308e-02 -1.437750e-01 -1.345674e-01 3.877964e-02
 8.408408e-02 -1.735571e-01 -9.265884e-02 3.870774e-02
 8.508509e-02 -1.901542e-01 -4.052430e-02 3.780084e-02
 8.608609e-02 -1.917956e-01  1.762517e-02 3.709620e-02
 8.708709e-02 -1.778482e-01  7.686779e-02 3.753863e-02
 8.808809e-02 -1.489016e-01  1.319964e-01 3.959474e-02
 8.908909e-02 -1.067626e-01  1.779822e-01 4.307591e-02
 9.009009e-02 -5.435552e-02  2.104336e-01 4.723681e-02
 9.109109e-02  4.468961e-03  2.260093e-01 5.110018e-02
 9.209209e-02  6.520370e-02  2.227452e-01 5.386693e-02
 9.309309e-02  1.230184e-01  2.002646e-01 5.523944e-02
 9.409409e-02  1.731321e-01  1.598523e-01 5.552746e-02
 9.509510e-02  2.111979e-01  1.043813e-01 5.550002e-02
 9.609610e-02  2.336696e-01  3.810065e-02 5.605313e-02
 9.709710e-02  2.381197e-01 -3.370175e-02 5.783678e-02
 9.809810e-02  2.234816e-01 -1.051308e-01 6.099651e-02
 9.909910e-02  1.901916e-01 -1.701746e-01 6.513225e-02
 1.001001e-01  1.402147e-01 -2.232115e-01 6.948357e-02
 1.011011e-01  7.694651e-02 -2.594911e-01 7.325641e-02
 1.021021e-01  4.993496e-03 -2.755473e-01 7.595126e-02
 1.031031e-01 -7.015517e-02 -2.695097e-01 7.755720e-02
 1.041041e-01 -1.425424e-01 -2.412854e-01 7.853698e-02
 1.051051e-01 -2.062129e-01 -1.925973e-01 7.961747e-02
 1.061061e-01 -2.557011e-01 -1.268727e-01 8.147972e-02
 1.071071e-01 -2.864967e-01 -4.899337e-02 8.448072e-02
 1.081081e-01 -2.954485e-01  3.507593e-02 8.852014e-02
 1.091091e-01 -2.810690e-01  1.187492e-01 9.310119e-02
 1.101101e-01 -2.437123e-01  1.953364e-01 9.755203e-02
 1.111111e-01 -1.856047e-01  2.585741e-01 1.013097e-01
 1.121121e-01 -1.107217e-01  3.031290e-01 1.041465e-01
 1.131131e-01 -2.451644e-02  3.250338e-01 1.062480e-01
 1.141141e-01  6.648085e-02  3.220217e-01 1.081177e-01
 1.151151e-01  1.551638e-01  2.937323e-01 1.103545e-01
 1.161161e-01  2.344103e-01  2.417715e-01 1.134017e-01
 1.171171e-01  2.976586e-01  1.696209e-01 1.173718e-01
 1.181181e-01  3.394501e-01  8.239983e-02 1.220161e-01
 1.191191e-01  3.558951e-01 -1.350058e-02 1.268436e-01
 1.201201e-01  3.450198e-01 -1.108879e-01 1.313348e-01
 1.211211e-01  3.069654e-01 -2.023065e-01 1.351557e-01
 1.221221e-01  2.440205e-01 -2.806048e-01 1.382851e-01
 1.231231e-01  1.604812e-01 -3.394879e-01 1.410063e-01
 1.241241e-01  6.234846e-02 -3.740142e-01 1.437740e-01
 1.251251e-01 -4.311438e-02 -3.809975e-01 1.470179e-01
 1.261261e-01 -1.479307e-01 -3.592814e-01 1.509666e-01
 1.271271e-01 -2.440226e-01 -3.098652e-01 1.555635e-01
 1.281281e-01 -3.238387e-01 -2.358679e-01 1.605052e-01
 1.291291e-01 -3.809468e-01 -1.423298e-01 1.653782e-01
 1.301301e-01 -4.105459e-01 -3.586675e-02 1.698344e-01
 1.311311e-01 -4.098567e-01  7.580207e-02 1.737285e-01
 1.321321e-01 -3.783592e-01  1.844173e-01 1.771654e-01
 1.331331e-01 -3.178591e-01  2.817926e-01 1.804415e-01
 1.341341e-01 -2.323769e-01  3.604320e-01 1.839102e-01
 1.351351e-01 -1.278677e-01  4.141049e-01 1.878330e-01
 1.361361e-01 -1.179300e-02  4.383339e-01 1.922757e-01
 1.371371e-01  1.074239e-01  4.307580e-01 1.970923e-01
 1.381381e-01  2.210174e-01  3.913410e-01 2.019965e-01
 1.391391e-01  3.205289e-01  3.224084e-01 2.066859e-01
 1.401401e-01  3.984353e-01  2.285068e-01 2.109660e-01
 1.411411e-01  4.487127e-01  1.160959e-01 2.148213e-01
 1.421421e-01  4.672914e-01 -6.906521e-03 2.184089e-01
 1.431431e-01  4.523699e-01 -1.316931e-01 2.219816e-01
 1.441441e-01  4.045640e-01 -2.492072e-01 2.257763e-01
 1.451451e-01  3.268805e-01 -3.508071e-01 2.299165e-01
 1.461461e-01  2.245165e-01 -4.289056e-01 2.343676e-01
 1.471471e-01  1.044995e-01 -4.775350e-01 2.389598e-01
 1.481481e-01 -2.480612e-02 -4.927978e-01 2.434650e-01
 1.491491e-01 -1.542913e-01 -4.731668e-01 2.476926e-01
 1.501502e-01 -2.747504e-01 -4.196134e-01 2.515632e-01
 1.511512e-01 -3.775380e-01 -3.355541e-01 2.551315e-01
 1.521522e-01 -4.551892e-01 -2.266185e-01 2.585531e-01
 1.531532e-01 -5.019565e-01 -1.002567e-01 2.620118e-01
 1.541542e-01 -5.142279e-01  3.478625e-02 2.656404e-01
 1.551552e-01 -4.907929e-01  1.690890e-01 2.694687e-01
 1.561562e-01 -4.329404e-01  2.932222e-01 2.734167e-01
 1.571572e-01 -3.443796e-01  3.984168e-01 2.773333e-01
 1.581582e-01 -2.309898e-01  4.771852e-01 2.810620e-01
 1.591592e-01 -1.004169e-01  5.238510e-01 2.845034e-01
 1.601602e-01  3.845461e-02  5.349493e-01 2.876495e-01
 1.611612e-01  1.761179e-01  5.094715e-01 2.905787e-01
 1.621622e-01  3.031031e-01  4.489364e-01 2.934154e-01
 1.631632e-01  4.106350e-01  3.572852e-01 2.962738e-01
 1.641642e-01  4.912417e-01  2.406077e-01 2.992105e-01
 1.651652e-01  5.392722e-01  1.067214e-01 3.022040e-01
 1.661662e-01  5.512870e-01 -3.536752e-02 3.051682e-01
 1.671672e-01  5.262946e-01 -1.760824e-01 3.079910e-01
 1.681682e-01  4.658188e-01 -3.059305e-01 3.105806e-01
 1.691692e-01  3.737918e-01 -4.161483e-01 3.128997e-01
 1.701702e-01  2.562832e-01 -4.992935e-01 3.149751e-01
 1.711712e-01  1.210826e-01 -5.497444e-01 3.168799e-01
 1.721722e-01 -2.283215e-02 -5.640719e-01 3.186985e-01
 1.731732e-01 -1.659052e-01 -5.412628e-01 3.204900e-01
 1.741742e-01 -2.986486e-01 -4.827771e-01 3.222647e-01
 1.751752e-01 -4.122786e-01 -3.924405e-01 3.239832e-01
 1.761762e-01 -4.993000e-01 -2.761783e-01 3.255749e-01
 1.771772e-01 -5.539993e-01 -1.416113e-01 3.269690e-01
 1.781782e-01 -5.728140e-01  2.457905e-03 3.281220e-01
 1.791792e-01 -5.545545e-01  1.466332e-01 3.290320e-01
 1.801802e-01 -5.004662e-01  2.815475e-01 3.297354e-01
 1.811812e-01 -4.141294e-01  3.984775e-01 3.302875e-01
 1.821822e-01 -3.012054e-01  4.899110e-01 3.307375e-01
 1.831832e-01 -1.690488e-01  5.500283e-01 3.311087e-01
 1.841842e-01 -2.621258e-02  5.750679e-01 3.313902e-01
 1.851852e-01  1.181185e-01  5.635534e-01 3.315445e-01
 1.861862e-01  2.547296e-01  5.163691e-01 3.315243e-01
 1.871872e-01  3.749706e-01  4.366802e-01 3.312926e-01
 1.881882e-01  4.713068e-01  3.297063e-01 3.308364e-01
 1.891892e-01  5.377902e-01  2.023643e-01 3.301696e-01
 1.901902e-01  5.704211e-01  6.280644e-02 3.293249e-01
 1.911912e-01  5.673799e-01 -8.011490e-02 3.283384e-01
 1.921922e-01  5.291157e-01 -2.174200e-01 3.272348e-01
 1.931932e-01  4.582883e-01 -3.405740e-01 3.260189e-01
 1.941942e-01  3.595715e-01 -4.420220e-01 3.246751e-01
 1.951952e-01  2.393301e-01 -5.156530e-01 3.231770e-01
 1.961962e-01  1.051967e-01 -5.571646e-01 3.214987e-01
 1.971972e-01 -3.442527e-02 -5.643063e-01 3.196267e-01
 1.981982e-01 -1.708981e-01 -5.369896e-01 3.175640e-01
 1.991992e-01 -2.958917e-01 -4.772594e-01 3.153284e-01
 2.002002e-01 -4.018966e-01 -3.891319e-01 3.129445e-01
 2.012012e-01 -4.826758e-01 -2.783124e-01 3.104337e-01
 2.022022e-01 -5.336287e-01 -1.518131e-01 3.078068e-01
 2.032032e-01 -5.520470e-01 -1.749746e-02 3.050621e-01
 2.042042e-01 -5.372471e-01  1.164193e-01 3.021879e-01
 2.052052e-01 -4.905751e-01  2.418803e-01 2.991700e-01
 2.062062e-01 -4.152865e-01  3.514768e-01 2.959988e-01
 2.072072e-01 -3.163106e-01  4.388868e-01 2.926740e-01
 2.082082e-01 -1.999174e-01  4.992378e-01 2.892054e-01
 2.092092e-01 -7.330983e-02  5.293720e-01 2.856090e-01
 2.102102e-01  5.583148e-02  5.280006e-01 2.819018e-01
 2.112112e-01  1.798224e-01  4.957419e-01 2.780961e-01
 2.122122e-01  2.914380e-01  4.350411e-01 2.741969e-01
 2.132132e-01  3.843359e-01  3.499831e-01 2.702023e-01
 2.142142e-01  4.534157e-01  2.460103e-01 2.661069e-01
 2.152152e-01  4.950951e-01  1.295655e-01 2.619063e-01
 2.162162e-01  5.074857e-01  7.685437e-03 2.576008e-01
 2.172172e-01  4.904645e-01 -1.124322e-01 2.531964e-01
 2.182182e-01  4.456359e-01 -2.238586e-01 2.487041e-01
 2.192192e-01  3.761932e-01 -3.203361e-01 2.441366e-01
 2.202202e-01  2.866881e-01 -3.966300e-01 2.395054e-01
 2.212212e-01  1.827268e-01 -4.488085e-01 2.348181e-01
 2.222222e-01  7.061254e-02 -4.744387e-01 2.300782e-01
 2.232232e-01 -4.304287e-02 -4.726873e-01 2.252860e-01
 2.242242e-01 -1.517137e-01 -4.443246e-01 2.204414e-01
 2.252252e-01 -2.493377e-01 -3.916336e-01 2.155462e-01
 2.262262e-01 -3.306550e-01 -3.182331e-01 2.106051e-01
 2.272272e-01 -3.914890e-01 -2.288283e-01 2.056260e-01
 2.282282e-01 -4.289546e-01 -1.289056e-01 2.006187e-01
 2.292292e-01 -4.415856e-01 -2.439131e-02 1.955927e-01
 2.302302e-01 -4.293736e-01  7.870334e-02 1.905559e-01
 2.312312e-01 -3.937230e-01  1.746310e-01 1.855138e-01
 2.322322e-01 -3.373236e-01  2.582293e-01 1.804696e-01
 2.332332e-01 -2.639549e-01  3.251979e-01 1.754259e-01
 2.342342e-01 -1.782334e-01  3.723149e-01 1.703856e-01
 2.352352e-01 -8.532080e-02  3.975842e-01 1.653529e-01
 2.362362e-01  9.388961e-03  4.003070e-01 1.603338e-01
 2.372372e-01  1.005842e-01  3.810754e-01 1.553356e-01
 2.382382e-01  1.833345e-01  3.416932e-01 1.503658e-01
 2.392392e-01  2.533560e-01  2.850293e-01 1.454309e-01
 2.402402e-01  3.072305e-01  2.148163e-01 1.405366e-01
 2.412412e-01  3.425666e-01  1.354075e-01 1.356870e-01
 2.422422e-01  3.580955e-01  5.150709e-02 1.308854e-01
 2.432432e-01  3.537004e-01 -3.210775e-02 1.261349e-01
 2.442442e-01  3.303777e-01 -1.108591e-01 1.214392e-01
 2.452452e-01  2.901376e-01 -1.806178e-01 1.168026e-01
 2.462462e-01  2.358507e-01 -2.379175e-01 1.122303e-01
 2.472472e-01  1.710521e-01 -2.801226e-01 1.077275e-01
 2.482482e-01  9.971588e-02 -3.055420e-01 1.032992e-01
 2.492492e-01  2.601417e-02 -3.134850e-01 9.894958e-02
 2.502503e-01 -4.592505e-02 -3.042583e-01 9.468221e-02
 2.512513e-01 -1.122472e-01 -2.791065e-01 9.049989e-02
 2.522523e-01 -1.695753e-01 -2.401027e-01 8.640511e-02
 2.532533e-01 -2.151784e-01 -1.899965e-01 8.240043e-02
 2.542543e-01 -2.470960e-01 -1.320310e-01 7.848861e-02
 2.552553e-01 -2.642142e-01 -6.973920e-02 7.467270e-02
 2.562563e-01 -2.662902e-01 -6.734112e-03 7.095580e-02
 2.572573e-01 -2.539268e-01  5.349765e-02 6.734081e-02
 2.582583e-01 -2.285008e-01  1.077851e-01 6.383026e-02
 2.592593e-01 -1.920505e-01  1.534365e-01 6.042615e-02
 2.602603e-01 -1.471312e-01  1.883679e-01 5.713003e-02
 2.612613e-01 -9.664799e-02  2.111926e-01 5.394313e-02
 2.622623e-01 -4.367689e-02  2.212665e-01 5.086653e-02
 2.632633e-01  8.716283e-03  2.186901e-01 4.790131e-02
 2.642643e-01  5.764774e-02  2.042678e-01 4.504858e-02
 2.652653e-01  1.005696e-01  1.794300e-01 4.230937e-02
 2.662663e-01  1.353980e-01  1.461231e-01 3.968459e-02
 2.672673e-01  1.606090e-01  1.066752e-01 3.717484e-02
 2.682683e-01  1.752984e-01  6.364662e-02 3.478042e-02
 2.692693e-01  1.792044e-01  1.967408e-02 3.250127e-02
 2.702703e-01  1.726923e-01 -2.268269e-02 3.033712e-02
 2.712713e-01  1.567048e-01 -6.108285e-02 2.828750e-02
 2.722723e-01  1.326816e-01 -9.352767e-02 2.635182e-02
 2.732733e-01  1.024545e-01 -1.184590e-01 2.452946e-02
 2.742743e-01  6.812512e-02 -1.348282e-01 2.281967e-02
 2.752753e-01  3.193192e-02 -1.421335e-01 2.122158e-02
 2.762763e-01 -3.883925e-03 -1.404244e-01 1.973410e-02
 2.772773e-01 -3.720767e-02 -1.302749e-01 1.835596e-02
 2.782783e-01 -6.616737e-02 -1.127277e-01 1.708564e-02
 2.792793e-01 -8.923160e-02 -8.921431e-02 1.592147e-02
 2.802803e-01 -1.052839e-01 -6.145665e-02 1.486162e-02
 2.812813e-01 -1.136706e-01 -3.135532e-02 1.390416e-02
 2.822823e-01 -1.142205e-01 -8.727755e-04 1.304709e-02
 2.832833e-01 -1.072366e-01  2.808281e-02 1.228832e-02
 2.842843e-01 -9.346047e-02  5.376618e-02 1.162566e-02
 2.852853e-01 -7.401427e-02  7.469047e-02 1.105678e-02
 2.862863e-01 -5.032212e-02  8.970453e-02 1.057922e-02
 2.872873e-01 -2.401777e-02  9.804869e-02 1.019040e-02
 2.882883e-01  3.156681e-03  9.938640e-02 9.887621e-03
 2.892893e-01  2.945484e-02  9.381111e-02 9.668112e-03
 2.902903e-01  5.322702e-02  8.182858e-02 9.529032e-03
 2.912913e-01  7.301275e-02  6.431667e-02 9.467496e-03
 2.922923e-01  8.761995e-02  4.246542e-02 9.480568e-03
 2.932933e-01  9.618690e-02  1.770140e-02 9.565260e-03
 2.942943e-01  9.822413e-02 -8.399050e-03 9.718523e-03
 2.952953e-01  9.363455e-02 -3.420265e-02 9.937250e-03
 2.962963e-01  8.271146e-02 -5.811279e-02 1.021828e-02
 2.972973e-01  6.611509e-02 -7.865889e-02 1.055843e-02
 2.982983e-01  4.482958e-02 -9.457685e-02 1.095447e-02
 2.992993e-01  2.010328e-02 -1.048764e-01 1.140321e-02
 3.003003e-01 -6.624016e-03 -1.088924e-01 1.190144e-02
 3.013013e-01 -3.380275e-02 -1.063171e-01 1.244596e-02
 3.023023e-01 -5.985954e-02 -9.721335e-02 1.303360e-02
 3.033033e-01 -8.328287e-02 -8.200700e-02 1.366118e-02
 3.043043e-01 -1.027040e-01 -6.146093e-02 1.432555e-02
 3.053053e-01 -1.169688e-01 -3.663130e-02 1.502354e-02
 3.063063e-01 -1.251976e-01 -8.809407e-03 1.575204e-02
 3.073073e-01 -1.268296e-01  2.054790e-02 1.650797e-02
 3.083083e-01 -1.216501e-01  4.989518e-02 1.728827e-02
 3.093093e-01 -1.097996e-01  7.767889e-02 1.808996e-02
 3.103103e-01 -9.176510e-02  1.024171e-01 1.891009e-02
 3.113113e-01 -6.835352e-02  1.227744e-01 1.974576e-02
 3.123123e-01 -4.064973e-02  1.376289e-01 2.059412e-02
 3.133133e-01 -9.961203e-03  1.461271e-01 2.145237e-02
 3.143143e-01  2.224757e-02  1.477254e-01 2.231775e-02
 3.153153e-01  5.442757e-02  1.422153e-01 2.318755e-02
 3.163163e-01  8.502095e-02  1.297328e-01 2.405916e-02
 3.173173e-01  1.125362e-01  1.107503e-01 2.493002e-02
 3.183183e-01  1.356192e-01  8.605276e-02 2.579765e-02
 3.193193e-01  1.531171e-01  5.669951e-02 2.665967e-02
 3.203203e-01  1.641313e-01  2.397325e-02 2.751379e-02
 3.213213e-01  1.680586e-01 -1.068063e-02 2.835778e-02
 3.223223e-01  1.646181e-01 -4.572148e-02 2.918956e-02
 3.233233e-01  1.538617e-01 -7.958447e-02 3.000711e-02
 3.243243e-01  1.361711e-01 -1.107518e-01 3.080853e-02
 3.253253e-01  1.122383e-01 -1.378209e-01 3.159204e-02
 3.263263e-01  8.303313e-02 -1.595665e-01 3.235596e-02
 3.273273e-01  4.975857e-02 -1.749938e-01 3.309873e-02
 3.283283e-01  1.379635e-02 -1.833810e-01 3.381893e-02
 3.293293e-01 -2.335461e-02 -1.843089e-01 3.451521e-02
 3.303303e-01 -6.014397e-02 -1.776768e-01 3.518635e-02
 3.313313e-01 -9.503704e-02 -1.637045e-01 3.583121e-02
 3.323323e-01 -1.265802e-01 -1.429203e-01 3.644873e-02
 3.333333e-01 -1.534616e-01 -1.161358e-01 3.703797e-02
 3.343343e-01 -1.745653e-01 -8.440944e-02 3.759800e-02
 3.353353e-01 -1.890159e-01 -4.899991e-02 3.812802e-02
 3.363363e-01 -1.962124e-01 -1.131171e-02 3.862725e-02
 3.373373e-01 -1.958497e-01  2.716405e-02 3.909499e-02
 3.383383e-01 -1.879283e-01  6.491163e-02 3.953058e-02
 3.393393e-01 -1.727505e-01  1.004525e-01 3.993342e-02
 3.403403e-01 -1.509041e-01  1.324045e-01 4.030298e-02
 3.413413e-01 -1.232357e-01  1.595360e-01 4.063878e-02
 3.423423e-01 -9.081355e-02  1.808129e-01 4.094039e-02
 3.433433e-01 -5.488165e-02  1.954367e-01 4.120749e-02
 3.443443e-01 -1.680886e-02  2.028726e-01 4.143983e-02
 3.453453e-01  2.196661e-02  2.028663e-01 4.163728e-02
 3.463463e-01  5.999412e-02  1.954495e-01 4.179981e-02
 3.473473e-01  9.586664e-02  1.809339e-01 4.192751e-02
 3.483483e-01  1.282740e-01  1.598949e-01 4.202060e-02
 3.493493e-01  1.560512e-01  1.331446e-01 4.207946e-02
 3.503504e-01  1.782195e-01  1.016974e-01 4.210456e-02
 3.513514e-01  1.940205e-01  6.672754e-02 4.209653e-02
 3.523524e-01  2.029397e-01  2.952248e-02 4.205609e-02
 3.533534e-01  2.047210e-01 -8.567333e-03 4.198409e-02
 3.543544e-01  1.993712e-01 -4.617968e-02 4.188143e-02
 3.553554e-01  1.871540e-01 -8.199088e-02 4.174911e-02
 3.563564e-01  1.685750e-01 -1.147633e-01 4.158814e-02
 3.573574e-01  1.443580e-01 -1.433887e-01 4.139953e-02
 3.583584e-01  1.154140e-01 -1.669248e-01 4.118429e-02
 3.593594e-01  8.280408e-02 -1.846263e-01 4.094337e-02
 3.603604e-01  4.769792e-02 -1.959657e-01 4.067765e-02
 3.613614e-01  1.132963e-02 -2.006479e-01 4.038794e-02
 3.623624e-01 -2.504746e-02 -1.986141e-01 4.007492e-02
 3.633634e-01 -6.020543e-02 -1.900382e-01 3.973923e-02
 3.643644e-01 -9.298397e-02 -1.753150e-01 3.938137e-02
 3.653654e-01 -1.223290e-01 -1.550400e-01 3.900179e-02
 3.663664e-01 -1.473265e-01 -1.299839e-01 3.860089e-02
 3.673674e-01 -1.672296e-01 -1.010610e-01 3.817905e-02
 3.683684e-01 -1.814800e-01 -6.929417e-02 3.773667e-02
 3.693694e-01 -1.897214e-01 -3.577646e-02 3.727418e-02
 3.703704e-01 -1.918058e-01 -1.632334e-03 3.679213e-02
 3.713714e-01 -1.877920e-01  3.202128e-02 3.629119e-02
 3.723724e-01 -1.779377e-01  6.411222e-02 3.577220e-02
 3.733734e-01 -1.626847e-01  9.364751e-02 3.523617e-02
 3.743744e-01 -1.426384e-01  1.197439e-01 3.468432e-02
 3.753754e-01 -1.185428e-01  1.416534e-01 3.411806e-02
 3.763764e-01 -9.125110e-02  1.587836e-01 3.353901e-02
 3.773774e-01 -6.169475e-02  1.707122e-01 3.294891e-02
 3.783784e-01 -3.085018e-02  1.771945e-01 3.234964e-02
 3.793794e-01  2.942798e-04  1.781658e-01 3.174315e-02
 3.803804e-01  3.077062e-02  1.737371e-01 3.113140e-02
 3.813814e-01  5.966153e-02  1.641852e-01 3.051626e-02
 3.823824e-01  8.612784e-02  1.499383e-01 2.989950e-02
 3.833834e-01  1.094324e-01  1.315570e-01 2.928268e-02
 3.843844e-01  1.289594e-01  1.097113e-01 2.866711e-02
 3.853854e-01  1.442298e-01  8.515594e-02 2.805378e-02
 3.863864e-01  1.549106e-01  5.870330e-02 2.744337e-02
 3.873874e-01  1.608198e-01  3.119609e-02 2.683619e-02
 3.883884e-01  1.619263e-01  3.479989e-03 2.623223e-02
 3.893894e-01  1.583450e-01 -2.362253e-02 2.563116e-02
 3.903904e-01  1.503273e-01 -4.933652e-02 2.503238e-02
 3.913914e-01  1.382479e-01 -7.295631e-02 2.443512e-02
 3.923924e-01  1.225888e-01 -9.386412e-02 2.383850e-02
 3.933934e-01  1.039197e-01 -1.115451e-01 2.324163e-02
 3.943944e-01  8.287759e-02 -1.255987e-01 2.264372e-02
 3.953954e-01  6.014455e-02 -1.357454e-01 2.204419e-02
 3.963964e-01  3.642574e-02 -1.418305e-01 2.144272e-02
 3.973974e-01  1.242725e-02 -1.438226e-01 2.083939e-02
 3.983984e-01 -1.116471e-02 -1.418098e-01 2.023467e-02
 3.993994e-01 -3.370318e-02 -1.359912e-01 1.962950e-02
 4.004004e-01 -5.459759e-02 -1.266664e-01 1.902528e-02
 4.014014e-01 -7.332841e-02 -1.142225e-01 1.842383e-02
 4.024024e-01 -8.945902e-02 -9.911799e-02 1.782729e-02
 4.034034e-01 -1.026444e-01 -8.186722e-02 1.723812e-02
 4.044044e-01 -1.126369e-01 -6.302230e-02 1.665888e-02
 4.054054e-01 -1.192885e-01 -4.315583e-02 1.609218e-02
 4.064064e-01 -1.225505e-01 -2.284358e-02 1.554046e-02
 4.074074e-01 -1.224699e-01 -2.647984e-03 1.500590e-02
 4.084084e-01 -1.191837e-01  1.689699e-02 1.449026e-02
 4.094094e-01 -1.129101e-01  3.529944e-02 1.399475e-02
 4.104104e-01 -1.039391e-01  5.212116e-02 1.351996e-02
 4.114114e-01 -9.262020e-02  6.698709e-02 1.306577e-02
 4.124124e-01 -7.935003e-02  7.959246e-02 1.263139e-02
 4.134134e-01 -6.455896e-02  8.970754e-02 1.221530e-02
 4.144144e-01 -4.869756e-02  9.718004e-02 1.181541e-02
 4.154154e-01 -3.222329e-02  1.019352e-01 1.142912e-02
 4.164164e-01 -1.558769e-02  1.039736e-01 1.105348e-02
 4.174174e-01  7.754947e-04  1.033672e-01 1.068538e-02
 4.184184e-01  1.646096e-02  1.002535e-01 1.032172e-02
 4.194194e-01  3.110120e-02  9.482813e-02 9.959659e-03
 4.204204e-01  4.437417e-02  8.733665e-02 9.596758e-03
 4.214214e-01  5.600934e-02  7.806503e-02 9.231195e-03
 4.224224e-01  6.579194e-02  6.732986e-02 8.861890e-03
 4.234234e-01  7.356547e-02  5.546831e-02 8.488611e-03
 4.244244e-01  7.923245e-02  4.282807e-02 8.112024e-03
 4.254254e-01  8.275363e-02  2.975765e-02 7.733682e-03
 4.264264e-01  8.414563e-02  1.659729e-02 7.355957e-03
 4.274274e-01  8.347726e-02  3.670634e-03 6.981926e-03
 4.284284e-01  8.086469e-02 -8.722645e-03 6.615183e-03
 4.294294e-01  7.646577e-02 -2.031309e-02 6.259635e-03
 4.304304e-01  7.047347e-02 -3.086653e-02 5.919252e-03
 4.314314e-01  6.310898e-02 -4.018787e-02 5.597808e-03
 4.324324e-01  5.461444e-02 -4.812369e-02 5.298626e-03
 4.334334e-01  4.524566e-02 -5.456347e-02 5.024343e-03
 4.344344e-01  3.526495e-02 -5.943977e-02 4.776703e-03
 4.354354e-01  2.493424e-02 -6.272715e-02 4.556411e-03
 4.364364e-01  1.450873e-02 -6.444015e-02 4.363037e-03
 4.374374e-01  4.231110e-03 -6.463044e-02 4.194996e-03
 4.384384e-01 -5.673518e-03 -6.338307e-02 4.049603e-03
 4.394394e-01 -1.500189e-02 -6.081228e-02 3.923190e-03
 4.404404e-01 -2.357606e-02 -5.705673e-02 3.811301e-03
 4.414414e-01 -3.124588e-02 -5.227459e-02 3.708937e-03
 4.424424e-01 -3.789078e-02 -4.663828e-02 3.610841e-03
 4.434434e-01 -4.342058e-02 -4.032945e-02 3.511811e-03
 4.444444e-01 -4.777552e-02 -3.353386e-02 3.407020e-03
 4.454454e-01 -5.092560e-02 -2.643669e-02 3.292315e-03
 4.464464e-01 -5.286920e-02 -1.921807e-02 3.164487e-03
 4.474474e-01 -5.363113e-02 -1.204916e-02 3.021481e-03
 4.484484e-01 -5.326025e-02 -5.088576e-03 2.862548e-03
 4.494494e-01 -5.182658e-02  1.520459e-03 2.688306e-03
 4.504505e-01 -4.941829e-02  7.652517e-03 2.500728e-03
 4.514515e-01 -4.613836e-02  1.320170e-02 2.303033e-03
 4.524525e-01 -4.210127e-02  1.808281e-02 2.099505e-03
 4.534535e-01 -3.742957e-02  2.223196e-02 1.895232e-03
 4.544545e-01 -3.225066e-02  2.560656e-02 1.695801e-03
 4.554555e-01 -2.669365e-02  2.818492e-02 1.506941e-03
 4.564565e-01 -2.088647e-02  2.996530e-02 1.334164e-03
 4.574575e-01 -1.495323e-02  3.096457e-02 1.182403e-03
 4.584585e-01 -9.011919e-03  3.121657e-02 1.055689e-03
 4.594595e-01 -3.172454e-03  3.077020e-02 9.568698e-04
 4.604605e-01  2.464946e-03  2.968724e-02 8.874083e-04
 4.614615e-01  7.811013e-03  2.804009e-02 8.472584e-04
 4.624625e-01  1.278829e-02  2.590937e-02 8.348359e-04
 4.634635e-01  1.733168e-02  2.338160e-02 8.470863e-04
 4.644645e-01  2.138865e-02  2.054676e-02 8.796438e-04
 4.654655e-01  2.491915e-02  1.749609e-02 9.270768e-04
 4.664665e-01  2.789518e-02  1.431989e-02 9.832003e-04
 4.674675e-01  3.030031e-02  1.110558e-02 1.041442e-03
 4.684685e-01  3.212876e-02  7.935864e-03 1.095235e-03
 4.694695e-01  3.338457e-02  4.887206e-03 1.138414e-03
 4.704705e-01  3.408043e-02  2.028422e-03 1.165590e-03
 4.714715e-01  3.423666e-02 -5.803562e-04 1.172486e-03
 4.724725e-01  3.387995e-02 -2.888601e-03 1.156195e-03
 4.734735e-01  3.304223e-02 -4.855917e-03 1.115369e-03
 4.744745e-01  3.175957e-02 -6.452504e-03 1.050305e-03
 4.754755e-01  3.007102e-02 -7.659169e-03 9.629292e-04
 4.764765e-01  2.801771e-02 -8.467395e-03 8.566888e-04
 4.774775e-01  2.564185e-02 -8.878852e-03 7.363383e-04
 4.784785e-01  2.298610e-02 -8.905188e-03 6.076630e-04
 4.794795e-01  2.009271e-02 -8.567033e-03 4.771110e-04
 4.804805e-01  1.700331e-02 -7.893703e-03 3.514231e-04
 4.814815e-01  1.375804e-02 -6.921601e-03 2.371923e-04
 4.824825e-01  1.039603e-02 -5.694239e-03 1.405019e-04
 4.834835e-01  6.954037e-03 -4.259447e-03 6.650152e-05
 4.844845e-01  3.468574e-03 -2.671490e-03 1.916787e-05
 4.854855e-01 -2.875170e-05 -9.786748e-04 9.586311e-07
 4.864865e-01 -3.485268e-03  7.893661e-04 1.277019e-05
 4.874875e-01 -6.717971e-03  2.500553e-03 5.138390e-05
 4.884885e-01 -9.536923e-03  4.009370e-03 1.070279e-04
 4.894895e-01 -1.178079e-02  5.189215e-03 1.657151e-04
 4.904905e-01 -1.332080e-02  5.937811e-03 2.127012e-04
 4.914915e-01 -1.406962e-02  6.187400e-03 2.362381e-04
 4.924925e-01 -1.398499e-02  5.909091e-03 2.304974e-04
 4.934935e-01 -1.307231e-02  5.116142e-03 1.970601e-04
 4.944945e-01 -1.138396e-02  3.862954e-03 1.445169e-04
 4.954955e-01 -9.016387e-03  2.241601e-03 8.632000e-05
 4.964965e-01 -6.104887e-03  3.751408e-04 3.741037e-05
 4.974975e-01 -2.815953e-03 -1.591402e-03 1.046215e-05
 4.984985e-01  6.614502e-04 -3.501721e-03 1.269957e-05
 4.994995e-01  4.126691e-03 -5.200197e-03 4.407163e-05
 5.005005e-01  7.377922e-03 -6.543588e-03 9.725228e-05
 5.015015e-01  1.022397e-02 -7.412576e-03 1.594758e-04
 5.025025e-01  1.249423e-02 -7.721020e-03 2.157200e-04
 5.035035e-01  1.404945e-02 -7.423836e-03 2.525004e-04
 5.045045e-01  1.478875e-02 -6.520887e-03 2.612291e-04
 5.055055e-01  1.465728e-02 -5.058974e-03 2.404289e-04
 5.065065e-01  1.364846e-02 -3.128773e-03 1.960697e-04
 5.075075e-01  1.180729e-02 -8.604352e-04 1.401523e-04
 5.085085e-01  9.226394e-03  1.586273e-03 8.764261e-05
 5.095095e-01  6.044919e-03  4.031251e-03 5.279204e-05
 5.105105e-01  2.437773e-03  6.288957e-03 4.549371e-05
 5.115115e-01 -1.388307e-03  8.179100e-03 6.882508e-05
 5.125125e-01 -5.212940e-03  9.544143e-03 1.182654e-04
 5.135135e-01 -8.803862e-03  1.025584e-02 1.826902e-04
 5.145145e-01 -1.194741e-02  1.023529e-02 2.475018e-04
 5.155155e-01 -1.442699e-02  9.441823e-03 2.972861e-04
 5.165165e-01 -1.617674e-02  7.950528e-03 3.248977e-04
 5.175175e-01 -1.770441e-02  6.134514e-03 3.510783e-04
 5.185185e-01 -1.906102e-02  4.060848e-03 3.798129e-04
 5.195195e-01 -2.018859e-02  1.734176e-03 4.105866e-04
 5.205205e-01 -2.105186e-02 -8.208633e-04 4.438545e-04
 5.215215e-01 -2.160602e-02 -3.579368e-03 4.796318e-04
 5.225225e-01 -2.181456e-02 -6.506010e-03 5.182034e-04
 5.235235e-01 -2.163999e-02 -9.561137e-03 5.597044e-04
 5.245245e-01 -2.105187e-02 -1.269679e-02 6.043898e-04
 5.255255e-01 -2.002293e-02 -1.586000e-02 6.524571e-04
 5.265265e-01 -1.853396e-02 -1.899100e-02 7.041660e-04
 5.275275e-01 -1.657196e-02 -2.202570e-02 7.597613e-04
 5.285285e-01 -1.413357e-02 -2.489506e-02 8.195218e-04
 5.295295e-01 -1.122406e-02 -2.752737e-02 8.837358e-04
 5.305305e-01 -7.859866e-03 -2.984850e-02 9.527101e-04
 5.315315e-01 -4.067885e-03 -3.178409e-02 1.026776e-03
 5.325325e-01  1.127608e-04 -3.326053e-02 1.106276e-03
 5.335335e-01  4.631476e-03 -3.420724e-02 1.191586e-03
 5.345345e-01  9.425161e-03 -3.455799e-02 1.283088e-03
 5.355355e-01  1.441924e-02 -3.425338e-02 1.381208e-03
 5.365365e-01  1.952743e-02 -3.324237e-02 1.486375e-03
 5.375375e-01  2.465317e-02 -3.148470e-02 1.599065e-03
 5.385385e-01  2.969025e-02 -2.895255e-02 1.719761e-03
 5.395395e-01  3.452477e-02 -2.563267e-02 1.848994e-03
 5.405405e-01  3.903658e-02 -2.152791e-02 1.987306e-03
 5.415415e-01  4.310184e-02 -1.665894e-02 2.135289e-03
 5.425425e-01  4.659515e-02 -1.106532e-02 2.293550e-03
 5.435435e-01  4.939275e-02 -4.806595e-03 2.462747e-03
 5.445445e-01  5.137516e-02  2.037324e-03 2.643558e-03
 5.455455e-01  5.243084e-02  9.365939e-03 2.836714e-03
 5.465465e-01  5.245922e-02  1.705873e-02 3.042970e-03
 5.475475e-01  5.137449e-02  2.497596e-02 3.263137e-03
 5.485485e-01  4.910873e-02  3.296036e-02 3.498053e-03
 5.495495e-01  4.561559e-02  4.083911e-02 3.748614e-03
 5.505506e-01  4.087308e-02  4.842669e-02 4.015753e-03
 5.515516e-01  3.488673e-02  5.552812e-02 4.300457e-03
 5.525526e-01  2.769172e-02  6.194292e-02 4.603757e-03
 5.535536e-01  1.935501e-02  6.746944e-02 4.926742e-03
 5.545546e-01  9.976376e-03  7.190982e-02 5.270551e-03
 5.555556e-01 -3.108177e-04  7.507517e-02 5.636378e-03
 5.565566e-01 -1.134010e-02  7.679117e-02 6.025481e-03
 5.575576e-01 -2.291286e-02  7.690365e-02 6.439171e-03
 5.585586e-01 -3.480065e-02  7.528440e-02 6.878827e-03
 5.595596e-01 -4.674808e-02  7.183664e-02 7.345886e-03
 5.605606e-01 -5.847706e-02  6.650033e-02 7.841860e-03
 5.615616e-01 -6.969173e-02  5.925692e-02 8.368321e-03
 5.625626e-01 -8.008464e-02  5.013354e-02 8.926921e-03
 5.635636e-01 -8.934344e-02  3.920622e-02 9.519377e-03
 5.645646e-01 -9.715868e-02  2.660227e-02 1.014749e-02
 5.655656e-01 -1.032320e-01  1.250136e-02 1.081313e-02
 5.665666e-01 -1.072849e-01 -2.864588e-03 1.151826e-02
 5.675676e-01 -1.090677e-01 -1.921307e-02 1.226491e-02
 5.685686e-01 -1.083686e-01 -3.621403e-02 1.305521e-02
 5.695696e-01 -1.050223e-01 -5.349463e-02 1.389136e-02
 5.705706e-01 -9.891867e-02 -7.064542e-02 1.477568e-02
 5.715716e-01 -9.000984e-02 -8.722828e-02 1.571054e-02
 5.725726e-01 -7.831702e-02 -1.027857e-01 1.669845e-02
 5.735736e-01 -6.393544e-02 -1.168514e-01 1.774198e-02
 5.745746e-01 -4.703798e-02 -1.289622e-01 1.884382e-02
 5.755756e-01 -2.787677e-02 -1.386710e-01 2.000676e-02
 5.765766e-01 -6.782837e-03 -1.455599e-01 2.123368e-02
 5.775776e-01  1.583663e-02 -1.492541e-01 2.252759e-02
 5.785786e-01  3.950324e-02 -1.494358e-01 2.389158e-02
 5.795796e-01  6.367493e-02 -1.458574e-01 2.532887e-02
 5.805806e-01  8.775585e-02 -1.383535e-01 2.684279e-02
 5.815816e-01  1.111087e-01 -1.268528e-01 2.843678e-02
 5.825826e-01  1.330692e-01 -1.113867e-01 3.011441e-02
 5.835836e-01  1.529625e-01 -9.209681e-02 3.187934e-02
 5.845846e-01  1.701214e-01 -6.923940e-02 3.373538e-02
 5.855856e-01  1.839058e-01 -4.318705e-02 3.568646e-02
 5.865866e-01  1.937227e-01 -1.442696e-02 3.773661e-02
 5.875876e-01  1.990467e-01  1.644413e-02 3.989001e-02
 5.885886e-01  1.994404e-01  4.872874e-02 4.215096e-02
 5.895896e-01  1.945729e-01  8.164103e-02 4.452388e-02
 5.905906e-01  1.842380e-01  1.143228e-01 4.701334e-02
 5.915916e-01  1.683688e-01  1.458628e-01 4.962402e-02
 5.925926e-01  1.470503e-01  1.753195e-01 5.236075e-02
 5.935936e-01  1.205280e-01  2.017461e-01 5.522847e-02
 5.945946e-01  8.921206e-02  2.242175e-01 5.823228e-02
 5.955956e-01  5.367784e-02  2.418597e-01 6.137741e-02
 5.965966e-01  1.466030e-02  2.538785e-01 6.466921e-02
 5.975976e-01 -2.695606e-02  2.595892e-01 6.811317e-02
 5.985986e-01 -7.015290e-02  2.584444e-01 7.171493e-02
 5.995996e-01 -1.137989e-01  2.500602e-01 7.548026e-02
 6.006006e-01 -1.566755e-01  2.342388e-01 7.941506e-02
 6.016016e-01 -1.975079e-01  2.109881e-01 8.352535e-02
 6.026026e-01 -2.349988e-01  1.805350e-01 8.781733e-02
 6.036036e-01 -2.678669e-01  1.433339e-01 9.229729e-02
 6.046046e-01 -2.948863e-01  1.000687e-01 9.697167e-02
 6.056056e-01 -3.149279e-01  5.164722e-02 1.018470e-01
 6.066066e-01 -3.270007e-01 -8.112885e-04 1.069301e-01
 6.076076e-01 -3.302910e-01 -5.599629e-02 1.122277e-01
 6.086086e-01 -3.241997e-01 -1.124337e-01 1.177468e-01
 6.096096e-01 -3.083752e-01 -1.685205e-01 1.234944e-01
 6.106106e-01 -2.827403e-01 -2.225663e-01 1.294778e-01
 6.116116e-01 -2.475126e-01 -2.728403e-01 1.357043e-01
 6.126126e-01 -2.032173e-01 -3.176226e-01 1.421814e-01
 6.136136e-01 -1.506902e-01 -3.552590e-01 1.489165e-01
 6.146146e-01 -9.107119e-02 -3.842179e-01 1.559174e-01
 6.156156e-01 -2.578803e-02 -4.031461e-01 1.631918e-01
 6.166166e-01  4.347114e-02 -4.109232e-01 1.707476e-01
 6.176176e-01  1.147952e-01 -4.067123e-01 1.785928e-01
 6.186186e-01  1.860970e-01 -3.900043e-01 1.867355e-01
 6.196196e-01  2.551701e-01 -3.606549e-01 1.951837e-01
 6.206206e-01  3.197518e-01 -3.189116e-01 2.039458e-01
 6.216216e-01  3.775938e-01 -2.654298e-01 2.130301e-01
 6.226226e-01  4.265356e-01 -2.012766e-01 2.224449e-01
 6.236236e-01  4.645805e-01 -1.279209e-01 2.321988e-01
 6.246246e-01  4.899709e-01 -4.720901e-02 2.423002e-01
 6.256256e-01  5.012606e-01  3.867265e-02 2.527578e-01
 6.266266e-01  4.973807e-01  1.272501e-01 2.635801e-01
 6.276276e-01  4.776974e-01  2.158264e-01 2.747759e-01
 6.286286e-01  4.420591e-01  3.015585e-01 2.863538e-01
 6.296296e-01  3.908288e-01  3.815434e-01 2.983225e-01
 6.306306e-01  3.249025e-01  4.529120e-01 3.106909e-01
 6.316316e-01  2.457094e-01  5.129274e-01 3.234677e-01
 6.326326e-01  1.551941e-01  5.590853e-01 3.366615e-01
 6.336336e-01  5.578038e-02  5.892112e-01 3.502813e-01
 6.346346e-01 -4.968449e-02  6.015540e-01 3.643357e-01
 6.356356e-01 -1.580029e-01  5.948685e-01 3.788334e-01
 6.366366e-01 -2.657172e-01  5.684871e-01 3.937832e-01
 6.376376e-01 -3.692138e-01  5.223741e-01 4.091936e-01
 6.386386e-01 -4.648396e-01  4.571623e-01 4.250732e-01
 6.396396e-01 -5.490261e-01  3.741669e-01 4.414305e-01
 6.406406e-01 -6.184183e-01  2.753775e-01 4.582740e-01
 6.416416e-01 -6.700033e-01  1.634246e-01 4.756120e-01
 6.426426e-01 -7.012337e-01  4.152201e-02 4.934528e-01
 6.436436e-01 -7.101425e-01 -8.661518e-02 5.118045e-01
 6.446446e-01 -6.954426e-01 -2.168750e-01 5.306752e-01
 6.456456e-01 -6.566086e-01 -3.448736e-01 5.500726e-01
 6.466466e-01 -5.939348e-01 -4.660967e-01 5.700047e-01
 6.476476e-01 -5.085675e-01 -5.760538e-01 5.904789e-01
 6.486486e-01 -4.025075e-01 -6.704405e-01 6.115027e-01
 6.496496e-01 -2.785819e-01 -7.453023e-01 6.330834e-01
 6.506507e-01 -1.403845e-01 -7.971952e-01 6.552280e-01
 6.516517e-01  7.816231e-03 -8.233360e-01 6.779433e-01
 6.526527e-01  1.611980e-01 -8.217367e-01 7.012360e-01
 6.536537e-01  3.145332e-01 -7.913163e-01 7.251126e-01
 6.546547e-01  4.623600e-01 -7.319851e-01 7.495790e-01
 6.556557e-01  5.991718e-01 -6.446972e-01 7.746414e-01
 6.566567e-01  7.196177e-01 -5.314655e-01 8.003053e-01
 6.576577e-01  8.187083e-01 -3.953388e-01 8.265760e-01
 6.586587e-01  8.920180e-01 -2.403383e-01 8.534587e-01
 6.596597e-01  9.358775e-01 -7.135417e-02 8.809581e-01
 6.606607e-01  9.475460e-01  1.059961e-01 9.090786e-01
 6.616617e-01  9.253587e-01  2.855445e-01 9.378244e-01
 6.626627e-01  8.688392e-01  4.607794e-01 9.671992e-01
 6.636637e-01  7.787730e-01  6.250752e-01 9.972065e-01
 6.646647e-01  6.572358e-01  7.719393e-01 1.027849e+00
 6.656657e-01  5.075733e-01  8.952650e-01 1.059130e+00
 6.666667e-01  3.343312e-01  9.895828e-01 1.091051e+00
 6.676677e-01  1.431350e-01  1.050299e+00 1.123615e+00
 6.686687e-01 -5.947876e-02  1.073911e+00 1.156822e+00
 6.696697e-01 -2.662738e-01  1.058193e+00 1.190674e+00
 6.706707e-01 -4.695647e-01  1.002338e+00 1.225172e+00
 6.716717e-01 -6.614957e-01  9.070490e-01 1.260315e+00
 6.726727e-01 -8.343410e-01  7.745821e-01 1.296102e+00
 6.736737e-01 -9.808125e-01  6.087211e-01 1.332535e+00
 6.746747e-01 -1.094366e+00  4.146957e-01 1.369610e+00
 6.756757e-01 -1.169492e+00  1.990365e-01 1.407326e+00
 6.766767e-01 -1.201975e+00 -3.062889e-02 1.445681e+00
 6.776777e-01 -1.189120e+00 -2.658334e-01 1.484673e+00
 6.786787e-01 -1.129919e+00 -4.975736e-01 1.524297e+00
 6.796797e-01 -1.025166e+00 -7.166480e-01 1.564550e+00
 6.806807e-01 -8.774940e-01 -9.140194e-01 1.605427e+00
 6.816817e-01 -6.913469e-01 -1.081186e+00 1.646924e+00
 6.826827e-01 -4.728721e-01 -1.210548e+00 1.689035e+00
 6.836837e-01 -2.297388e-01 -1.295752e+00 1.731754e+00
 6.846847e-01  2.911441e-02 -1.332001e+00 1.775075e+00
 6.856857e-01  2.937950e-01 -1.316311e+00 1.818989e+00
 6.866867e-01  5.538257e-01 -1.247705e+00 1.863490e+00
 6.876877e-01  7.985540e-01 -1.127334e+00 1.908570e+00
 6.886887e-01  1.017586e+00 -9.585073e-01 1.954218e+00
 6.896897e-01  1.201229e+00 -7.466427e-01 2.000425e+00
 6.906907e-01  1.340919e+00 -4.991167e-01 2.047182e+00
 6.916917e-01  1.429629e+00 -2.250323e-01 2.094478e+00
 6.926927e-01  1.462212e+00  6.509934e-02 2.142301e+00
 6.936937e-01  1.435695e+00  3.597491e-01 2.190640e+00
 6.946947e-01  1.349483e+00  6.468202e-01 2.239481e+00
 6.956957e-01  1.205471e+00  9.141407e-01 2.288813e+00
 6.966967e-01  1.008052e+00  1.149979e+00 2.338620e+00
 6.976977e-01  7.640228e-01  1.343562e+00 2.388890e+00
 6.986987e-01  4.823765e-01  1.485570e+00 2.439606e+00
 6.996997e-01  1.739926e-01  1.568592e+00 2.490753e+00
 7.007007e-01 -1.487656e-01  1.587509e+00 2.542315e+00
 7.017017e-01 -4.725358e-01  1.539801e+00 2.594276e+00
 7.027027e-01 -7.835033e-01  1.425742e+00 2.646619e+00
 7.037037e-01 -1.067989e+00  1.248489e+00 2.699325e+00
 7.047047e-01 -1.313054e+00  1.014035e+00 2.752376e+00
 7.057057e-01 -1.507091e+00  7.310473e-01 2.805754e+00
 7.067067e-01 -1.640387e+00  4.105718e-01 2.859438e+00
 7.077077e-01 -1.705609e+00  6.562293e-02 2.913408e+00
 7.087087e-01 -1.698215e+00 -2.893299e-01 2.967644e+00
 7.097097e-01 -1.616742e+00 -6.389602e-01 3.022125e+00
 7.107107e-01 -1.462977e+00 -9.677430e-01 3.076830e+00
 7.117117e-01 -1.241977e+00 -1.260646e+00 3.131735e+00
 7.127127e-01 -9.619446e-01 -1.503822e+00 3.186819e+00
 7.137137e-01 -6.339590e-01 -1.685276e+00 3.242059e+00
 7.147147e-01 -2.715611e-01 -1.795462e+00 3.297431e+00
 7.157157e-01  1.097872e-01 -1.827801e+00 3.352910e+00
 7.167167e-01  4.933505e-01 -1.779067e+00 3.408473e+00
 7.177177e-01  8.618495e-01 -1.649639e+00 3.464093e+00
 7.187187e-01  1.198240e+00 -1.443595e+00 3.519747e+00
 7.197197e-01  1.486510e+00 -1.168631e+00 3.575408e+00
 7.207207e-01  1.712446e+00 -8.358107e-01 3.631051e+00
 7.217217e-01  1.864357e+00 -4.591531e-01 3.686650e+00
 7.227227e-01  1.933687e+00 -5.506022e-02 3.742177e+00
 7.237237e-01  1.915507e+00  3.583813e-01 3.797606e+00
 7.247247e-01  1.808855e+00  7.622033e-01 3.852909e+00
 7.257257e-01  1.616886e+00  1.137426e+00 3.908059e+00
 7.267267e-01  1.346846e+00  1.465958e+00 3.963027e+00
 7.277277e-01  1.009834e+00  1.731479e+00 4.017785e+00
 7.287287e-01  6.203854e-01  1.920267e+00 4.072305e+00
 7.297297e-01  1.958628e-01  2.021929e+00 4.126559e+00
 7.307307e-01 -2.442970e-01  2.029985e+00 4.180519e+00
 7.317317e-01 -6.794665e-01  1.942288e+00 4.234156e+00
 7.327327e-01 -1.088793e+00  1.761241e+00 4.287441e+00
 7.337337e-01 -1.452205e+00  1.493802e+00 4.340346e+00
 7.347347e-01 -1.751412e+00  1.151259e+00 4.392841e+00
 7.357357e-01 -1.970840e+00  7.487900e-01 4.444896e+00
 7.367367e-01 -2.098468e+00  3.048201e-01 4.496482e+00
 7.377377e-01 -2.126507e+00 -1.598064e-01 4.547570e+00
 7.387387e-01 -2.051891e+00 -6.227951e-01 4.598131e+00
 7.397397e-01 -1.876544e+00 -1.061470e+00 4.648137e+00
 7.407407e-01 -1.607406e+00 -1.453894e+00 4.697559e+00
 7.417417e-01 -1.256206e+00 -1.779977e+00 4.746370e+00
 7.427427e-01 -8.389908e-01 -2.022532e+00 4.794541e+00
 7.437437e-01 -3.754196e-01 -2.168203e+00 4.842043e+00
 7.447447e-01  1.121452e-01 -2.208228e+00 4.888847e+00
 7.457457e-01  5.997055e-01 -2.138990e+00 4.934923e+00
 7.467467e-01  1.062810e+00 -1.962315e+00 4.980244e+00
 7.477477e-01  1.477788e+00 -1.685504e+00 5.024781e+00
 7.487487e-01  1.822980e+00 -1.321081e+00 5.068510e+00
 7.497497e-01  2.079890e+00 -8.862626e-01 5.111405e+00
 7.507508e-01  2.234210e+00 -4.021762e-01 5.153439e+00
 7.517518e-01  2.276644e+00  1.071483e-01 5.194588e+00
 7.527528e-01  2.203501e+00  6.159627e-01 5.234826e+00
 7.537538e-01  2.017001e+00  1.098104e+00 5.274125e+00
 7.547548e-01  1.725284e+00  1.528351e+00 5.312460e+00
 7.557558e-01  1.342101e+00  1.883764e+00 5.349805e+00
 7.567568e-01  8.862102e-01  2.144940e+00 5.386134e+00
 7.577578e-01  3.804802e-01  2.297099e+00 5.421427e+00
 7.587588e-01 -1.492329e-01  2.330964e+00 5.455662e+00
 7.597598e-01 -6.754036e-01  2.243357e+00 5.488819e+00
 7.607608e-01 -1.170271e+00  2.037485e+00 5.520878e+00
 7.617618e-01 -1.607317e+00  1.722890e+00 5.551820e+00
 7.627628e-01 -1.962715e+00  1.315056e+00 5.581622e+00
 7.637638e-01 -2.216657e+00  8.346816e-01 5.610262e+00
 7.647648e-01 -2.354502e+00  3.066593e-01 5.637719e+00
 7.657658e-01 -2.367656e+00 -2.411985e-01 5.663971e+00
 7.667668e-01 -2.254150e+00 -7.796216e-01 5.689002e+00
 7.677678e-01 -2.018861e+00 -1.279453e+00 5.712797e+00
 7.687688e-01 -1.673360e+00 -1.713246e+00 5.735344e+00
 7.697698e-01 -1.235394e+00 -2.056802e+00 5.756632e+00
 7.707708e-01 -7.280047e-01 -2.290558e+00 5.776648e+00
 7.717718e-01 -1.783455e-01 -2.400744e+00 5.795379e+00
 7.727728e-01  3.837623e-01 -2.380238e+00 5.812809e+00
 7.737738e-01  9.274457e-01 -2.229073e+00 5.828920e+00
 7.747748e-01  1.422489e+00 -1.954539e+00 5.843698e+00
 7.757758e-01  1.841039e+00 -1.570893e+00 5.857129e+00
 7.767768e-01  2.159202e+00 -1.098660e+00 5.869206e+00
 7.777778e-01  2.358457e+00 -5.635627e-01 5.879924e+00
 7.787788e-01  2.426780e+00  4.850650e-03 5.889284e+00
 7.797798e-01  2.359417e+00  5.748367e-01 5.897285e+00
 7.807808e-01  2.159261e+00  1.114233e+00 5.903924e+00
 7.817818e-01  1.836792e+00  1.592290e+00 5.909194e+00
 7.827828e-01  1.409576e+00  1.981459e+00 5.913084e+00
 7.837838e-01  9.013471e-01  2.259016e+00 5.915582e+00
 7.847848e-01  3.407226e-01  2.408441e+00 5.916679e+00
 7.857858e-01 -2.403989e-01  2.420451e+00 5.916373e+00
 7.867868e-01 -8.086486e-01  2.293634e+00 5.914668e+00
 7.877878e-01 -1.331116e+00  2.034626e+00 5.911574e+00
 7.887888e-01 -1.777282e+00  1.657822e+00 5.907106e+00
 7.897898e-01 -2.120839e+00  1.184617e+00 5.901273e+00
 7.907908e-01 -2.341287e+00  6.422303e-01 5.894082e+00
 7.917918e-01 -2.425215e+00  6.216052e-02 5.885530e+00
 7.927928e-01 -2.367172e+00 -5.216363e-01 5.875609e+00
 7.937938e-01 -2.170080e+00 -1.074740e+00 5.864313e+00
 7.947948e-01 -1.845141e+00 -1.564318e+00 5.851638e+00
 7.957958e-01 -1.411260e+00 -1.961107e+00 5.837594e+00
 7.967968e-01 -8.939782e-01 -2.241206e+00 5.822202e+00
 7.977978e-01 -3.240023e-01 -2.387574e+00 5.805489e+00
 7.987988e-01  2.646061e-01 -2.391123e+00 5.787484e+00
 7.997998e-01  8.364659e-01 -2.251340e+00 5.768208e+00
 8.008008e-01  1.357020e+00 -1.976403e+00 5.747672e+00
 8.018018e-01  1.794652e+00 -1.582750e+00 5.725874e+00
 8.028028e-01  2.122652e+00 -1.094145e+00 5.702805e+00
 8.038038e-01  2.320897e+00 -5.402760e-01 5.678459e+00
 8.048048e-01  2.377145e+00  4.502861e-02 5.652844e+00
 8.058058e-01  2.287855e+00  6.258620e-01 5.625983e+00
 8.068068e-01  2.058471e+00  1.166453e+00 5.597916e+00
 8.078078e-01  1.703149e+00  1.633394e+00 5.568692e+00
 8.088088e-01  1.243929e+00  1.997747e+00 5.538353e+00
 8.098098e-01  7.094103e-01  2.236887e+00 5.506928e+00
 8.108108e-01  1.329921e-01  2.335966e+00 5.474426e+00
 8.118118e-01 -4.492036e-01  2.288898e+00 5.440837e+00
 8.128128e-01 -1.000603e+00  2.098795e+00 5.406146e+00
 8.138138e-01 -1.486502e+00  1.777825e+00 5.370347e+00
 8.148148e-01 -1.876284e+00  1.346484e+00 5.333460e+00
 8.158158e-01 -2.145403e+00  8.323296e-01 5.295527e+00
 8.168168e-01 -2.276984e+00  2.682493e-01 5.256615e+00
 8.178178e-01 -2.262945e+00 -3.096314e-01 5.216792e+00
 8.188188e-01 -2.104557e+00 -8.642653e-01 5.176115e+00
 8.198198e-01 -1.812401e+00 -1.360078e+00 5.134610e+00
 8.208208e-01 -1.405716e+00 -1.765286e+00 5.092271e+00
 8.218218e-01 -9.111776e-01 -2.053979e+00 5.049073e+00
 8.228228e-01 -3.611800e-01 -2.207835e+00 5.004988e+00
 8.238238e-01  2.082711e-01 -2.217349e+00 4.960012e+00
 8.248248e-01  7.599158e-01 -2.082477e+00 4.914181e+00
 8.258258e-01  1.257695e+00 -1.812670e+00 4.867568e+00
 8.268268e-01  1.669141e+00 -1.426267e+00 4.820268e+00
 8.278278e-01  1.967537e+00 -9.492999e-01 4.772374e+00
 8.288288e-01  2.133715e+00 -4.137685e-01 4.723943e+00
 8.298298e-01  2.157339e+00  1.444854e-01 4.674987e+00
 8.308308e-01  2.037618e+00  6.881765e-01 4.625472e+00
 8.318318e-01  1.783364e+00  1.181083e+00 4.575344e+00
 8.328328e-01  1.412411e+00  1.590489e+00 4.524560e+00
 8.338338e-01  9.504087e-01  1.889404e+00 4.473123e+00
 8.348348e-01  4.290880e-01  2.058393e+00 4.421098e+00
 8.358358e-01 -1.159003e-01  2.086903e+00 4.368598e+00
 8.368368e-01 -6.474208e-01  1.973981e+00 4.315755e+00
 8.378378e-01 -1.129398e+00  1.728333e+00 4.262677e+00
 8.388388e-01 -1.529297e+00  1.367721e+00 4.209412e+00
 8.398398e-01 -1.820360e+00  9.177273e-01 4.155933e+00
 8.408408e-01 -1.983452e+00  4.099748e-01 4.102160e+00
 8.418418e-01 -2.008378e+00 -1.200735e-01 4.048001e+00
 8.428428e-01 -1.894578e+00 -6.355904e-01 3.993402e+00
 8.438438e-01 -1.651145e+00 -1.100958e+00 3.938387e+00
 8.448448e-01 -1.296168e+00 -1.484256e+00 3.883068e+00
 8.458458e-01 -8.554420e-01 -1.759497e+00 3.827611e+00
 8.468468e-01 -3.606246e-01 -1.908438e+00 3.772187e+00
 8.478478e-01  1.530149e-01 -1.921846e+00 3.716905e+00
 8.488488e-01  6.491093e-01 -1.800121e+00 3.661778e+00
 8.498498e-01  1.092784e+00 -1.553235e+00 3.606716e+00
 8.508509e-01  1.453138e+00 -1.199985e+00 3.551575e+00
 8.518519e-01  1.705441e+00 -7.666098e-01 3.496221e+00
 8.528529e-01  1.832880e+00 -2.848796e-01 3.440604e+00
 8.538539e-01  1.827731e+00  2.102178e-01 3.384793e+00
 8.548549e-01  1.691880e+00  6.830157e-01 3.328969e+00
 8.558559e-01  1.436630e+00  1.099754e+00 3.273366e+00
 8.568569e-01  1.081833e+00  1.431020e+00 3.218181e+00
 8.578579e-01  6.543924e-01  1.653867e+00 3.163504e+00
 8.588589e-01  1.862585e-01  1.753449e+00 3.109276e+00
 8.598599e-01 -2.879477e-01  1.724066e+00 3.055318e+00
 8.608609e-01 -7.334958e-01  1.569519e+00 3.001406e+00
 8.618619e-01 -1.118108e+00  1.302771e+00 2.947378e+00
 8.628629e-01 -1.414330e+00  9.449242e-01 2.893212e+00
 8.638639e-01 -1.601531e+00  5.236011e-01 2.839059e+00
 8.648649e-01 -1.667386e+00  7.083888e-02 2.785194e+00
 8.658659e-01 -1.608734e+00 -3.793323e-01 2.731919e+00
 8.668669e-01 -1.431739e+00 -7.934518e-01 2.679441e+00
 8.678679e-01 -1.151346e+00 -1.141135e+00 2.627786e+00
 8.688689e-01 -7.900859e-01 -1.397337e+00 2.576787e+00
 8.698699e-01 -3.763055e-01 -1.544195e+00 2.526144e+00
 8.708709e-01  5.803296e-02 -1.572321e+00 2.475562e+00
 8.718719e-01  4.798112e-01 -1.481437e+00 2.424873e+00
 8.728729e-01  8.572878e-01 -1.280309e+00 2.374132e+00
 8.738739e-01  1.162509e+00 -9.859929e-01 2.323608e+00
 8.748749e-01  1.373409e+00 -6.224451e-01 2.273691e+00
 8.758759e-01  1.475448e+00 -2.186083e-01 2.224737e+00
 8.768769e-01  1.462646e+00  1.938710e-01 2.176920e+00
 8.778779e-01  1.337956e+00  5.831191e-01 2.130155e+00
 8.788789e-01  1.112934e+00  9.195104e-01 2.084121e+00
 8.798799e-01  8.067417e-01  1.177948e+00 2.038393e+00
 8.808809e-01  4.445677e-01  1.339767e+00 1.992617e+00
 8.818819e-01  5.558624e-02  1.394126e+00 1.946676e+00
 8.828829e-01 -3.293770e-01  1.338755e+00 1.900753e+00
 8.838839e-01 -6.802878e-01  1.180035e+00 1.855275e+00
 8.848849e-01 -9.702605e-01  9.323837e-01 1.810745e+00
 8.858859e-01 -1.177643e+00  6.170068e-01 1.767540e+00
 8.868869e-01 -1.287663e+00  2.601278e-01 1.725743e+00
 8.878879e-01 -1.293514e+00 -1.091690e-01 1.685097e+00
 8.888889e-01 -1.196788e+00 -4.613014e-01 1.645100e+00
 8.898899e-01 -1.007231e+00 -7.685651e-01 1.605207e+00
 8.908909e-01 -7.418519e-01 -1.007332e+00 1.565062e+00
 8.918919e-01 -4.234462e-01 -1.159895e+00 1.524663e+00
 8.928929e-01 -7.867727e-02 -1.215807e+00 1.484377e+00
 8.938939e-01  2.641389e-01 -1.172621e+00 1.444810e+00
 8.948949e-01  5.773550e-01 -1.035962e+00 1.406556e+00
 8.958959e-01  8.362321e-01 -8.189419e-01 1.369950e+00
 8.968969e-01  1.020913e+00 -5.409693e-01 1.334911e+00
 8.978979e-01  1.117971e+00 -2.260567e-01 1.300962e+00
 8.988989e-01  1.121411e+00  9.922866e-02 1.267409e+00
 8.998999e-01  1.033040e+00  4.079952e-01 1.233631e+00
 9.009009e-01  8.621931e-01  6.752536e-01 1.199344e+00
 9.019019e-01  6.248362e-01  8.799525e-01 1.164737e+00
 9.029029e-01  3.421256e-01  1.006657e+00 1.130407e+00
 9.039039e-01  3.855930e-02  1.046730e+00 1.097131e+00
 9.049049e-01 -2.601273e-01  9.989350e-01 1.065537e+00
 9.059059e-01 -5.291394e-01  8.693945e-01 1.035835e+00
 9.069069e-01 -7.466887e-01  6.709436e-01 1.007709e+00
 9.079079e-01 -8.957751e-01  4.219195e-01 9.804290e-01
 9.089089e-01 -9.655353e-01  1.445088e-01 9.531413e-01
 9.099099e-01 -9.520494e-01 -1.372046e-01 9.252231e-01
 9.109109e-01 -8.585427e-01 -3.993203e-01 8.965522e-01
 9.119119e-01 -6.949745e-01 -6.201496e-01 8.675750e-01
 9.129129e-01 -4.770558e-01 -7.820198e-01 8.391373e-01
 9.139139e-01 -2.247896e-01 -8.727024e-01 8.121398e-01
 9.149149e-01  3.933529e-02 -8.863473e-01 7.871587e-01
 9.159159e-01  2.923330e-01 -8.238511e-01 7.641893e-01
 9.169169e-01  5.127191e-01 -6.926360e-01 7.426256e-01
 9.179179e-01  6.823424e-01 -5.058675e-01 7.214930e-01
 9.189189e-01  7.878937e-01 -2.811888e-01 6.998435e-01
 9.199199e-01  8.219635e-01 -3.908999e-02 6.771520e-01
 9.209209e-01  7.835628e-01  1.989394e-01 6.535476e-01
 9.219219e-01  6.780693e-01  4.123090e-01 6.297767e-01
 9.229229e-01  5.166132e-01  5.831090e-01 6.069054e-01
 9.239239e-01  3.149664e-01  6.976207e-01 5.858785e-01
 9.249249e-01  9.204139e-02  7.474258e-01 5.671170e-01
 9.259259e-01 -1.318584e-01  7.300251e-01 5.503232e-01
 9.269269e-01 -3.368776e-01  6.489192e-01 5.345826e-01
 9.279279e-01 -5.053692e-01  5.131554e-01 5.187265e-01
 9.289289e-01 -6.234209e-01  3.363893e-01 5.018113e-01
 9.299299e-01 -6.820121e-01  1.355556e-01 4.835158e-01
 9.309309e-01 -6.777059e-01 -7.072578e-02 4.642874e-01
 9.319319e-01 -6.128206e-01 -2.638603e-01 4.451714e-01
 9.329329e-01 -4.950756e-01 -4.269485e-01 4.273849e-01
 9.339339e-01 -3.367542e-01 -5.462659e-01 4.118098e-01
 9.349349e-01 -1.534692e-01 -6.124218e-01 3.986132e-01
 9.359359e-01  3.734677e-02 -6.210991e-01 3.871589e-01
 9.369369e-01  2.180836e-01 -5.733152e-01 3.762508e-01
 9.379379e-01  3.725725e-01 -4.751907e-01 3.646165e-01
 9.389389e-01  4.875338e-01 -3.372568e-01 3.514313e-01
 9.399399e-01  5.537223e-01 -1.733751e-01 3.366673e-01
 9.409409e-01  5.666712e-01  6.230273e-04 3.211166e-01
 9.419419e-01  5.269729e-01  1.684456e-01 3.060743e-01
 9.429429e-01  4.400822e-01  3.148556e-01 2.928064e-01
 9.439439e-01  3.156703e-01  4.270508e-01 2.820201e-01
 9.449449e-01  1.666000e-01  4.957843e-01 2.735576e-01
 9.459459e-01  7.628989e-03  5.161254e-01 2.664436e-01
 9.469469e-01 -1.460316e-01  4.877990e-01 2.592731e-01
 9.479479e-01 -2.801629e-01  4.150802e-01 2.507828e-01
 9.489489e-01 -3.828512e-01  3.062650e-01 2.403733e-01
 9.499499e-01 -4.455458e-01  1.727765e-01 2.283627e-01
 9.509510e-01 -4.637685e-01  2.799856e-02 2.158652e-01
 9.519520e-01 -4.374146e-01 -1.140439e-01 2.043375e-01
 9.529530e-01 -3.706267e-01 -2.400318e-01 1.949794e-01
 9.539540e-01 -2.712661e-01 -3.385951e-01 1.882319e-01
 9.549550e-01 -1.500406e-01 -4.013368e-01 1.835834e-01
 9.559560e-01 -1.938413e-02 -4.235458e-01 1.797668e-01
 9.569570e-01  1.077976e-01 -4.045361e-01 1.752698e-01
 9.579580e-01  2.193905e-01 -3.475913e-01 1.689519e-01
 9.589590e-01  3.052205e-01 -2.595278e-01 1.605142e-01
 9.599600e-01  3.579780e-01 -1.499298e-01 1.506272e-01
 9.609610e-01  3.738354e-01 -3.013775e-02 1.406612e-01
 9.619620e-01  3.527036e-01  8.790435e-02 1.321270e-01
 9.629630e-01  2.981143e-01  1.928274e-01 1.260545e-01
 9.639640e-01  2.167492e-01  2.749255e-01 1.225642e-01
 9.649650e-01  1.176733e-01  3.270496e-01 1.208085e-01
 9.659660e-01  1.135643e-02  3.452251e-01 1.193094e-01
 9.669670e-01 -9.141271e-02  3.289389e-01 1.165571e-01
 9.679680e-01 -1.806097e-01  2.810772e-01 1.116243e-01
 9.689690e-01 -2.479457e-01  2.075307e-01 1.045461e-01
 9.699700e-01 -2.876330e-01  1.165138e-01 9.630819e-02
 9.709710e-01 -2.968748e-01  1.767481e-02 8.844703e-02
 9.719720e-01 -2.760374e-01 -7.890839e-02 8.242316e-02
 9.729730e-01 -2.284975e-01 -1.637446e-01 7.902339e-02
 9.739740e-01 -1.601903e-01 -2.288548e-01 7.803547e-02
 9.749750e-01 -7.891344e-02 -2.685172e-01 7.832880e-02
 9.759760e-01  6.535095e-03 -2.797618e-01 7.830939e-02
 9.769770e-01  8.729084e-02 -2.625736e-01 7.656461e-02
 9.779780e-01  1.553315e-01 -2.197906e-01 7.243579e-02
 9.789790e-01  2.042671e-01 -1.567183e-01 6.628568e-02
 9.799800e-01  2.299349e-01 -8.050705e-02 5.935145e-02
 9.809810e-01  2.307428e-01  6.362450e-04 5.324266e-02
 9.819820e-01  2.077348e-01  7.831731e-02 4.928734e-02
 9.829830e-01  1.643800e-01  1.448131e-01 4.799162e-02
 9.839840e-01  1.061171e-01  1.938326e-01 4.883192e-02
 9.849850e-01  3.970912e-02  2.211048e-01 5.046415e-02
 9.859860e-01 -2.751766e-02  2.247401e-01 5.126531e-02
 9.869870e-01 -8.846567e-02  2.053342e-01 4.998830e-02
 9.879880e-01 -1.370057e-01  1.658140e-01 4.626487e-02
 9.889890e-01 -1.685871e-01  1.110490e-01 4.075349e-02
 9.899900e-01 -1.806577e-01  4.727633e-02 3.487226e-02
 9.909910e-01 -1.728563e-01 -1.859304e-02 3.022499e-02
 9.919920e-01 -1.469633e-01 -7.971296e-02 2.795238e-02
 9.929930e-01 -1.066246e-01 -1.300057e-01 2.827028e-02
 9.939940e-01 -5.688351e-02 -1.647594e-01 3.038138e-02
 9.949950e-01 -3.580780e-03 -1.810603e-01 3.279567e-02
 9.959960e-01  4.731125e-02 -1.780223e-01 3.393029e-02
 9.969970e-01  9.034378e-02 -1.567948e-01 3.274659e-02
 9.979980e-01  1.211661e-01 -1.203595e-01 2.916765e-02
 9.989990e-01  1.369595e-01 -7.314396e-02 2.410794e-02
 1.000000e+00  1.366868e-01 -2.049906e-02 1.910349e-02
