0
0.000255
0.00051
0.000765
0.00102
0.001275
0.00153
0.001785
0.00204
0.002295
0.00255
0.002805
0.00306
0.003315
0.00357
0.003825
0.00408
0.004335
0.00459
0.004845
0.0051
0.005355
0.00561
0.005865
0.00612
0.006375
0.00663
0.006885
0.00714
0.007395
0.00765
0.007905
0.00816
0.008415
0.00867
0.008925
0.00918
0.009435
0.00969
0.009945
0.0102
0.010455
0.01071
0.010965
0.01122
0.011475
0.01173
0.011985
0.01224
0.012495
0.01275
0.013005
0.01326
0.013515
0.01377
0.014025
0.01428
0.014535
0.01479
0.015045
0.0153
0.015555
0.01581
0.016065
0.01632
0.016575
0.01683
0.017085
0.01734
0.017595
0.01785
0.018105
0.01836
0.018615
0.01887
0.019125
0.01938
0.019635
0.01989
0.020145
0.0204
0.020655
0.02091
0.021165
0.02142
0.021675
0.02193
0.022185
0.02244
0.022695
0.02295
0.023205
0.02346
0.023715
0.02397
0.024225
0.02448
0.024735
0.02499
0.025245
0.0255
0.025755
0.02601
0.026265
0.02652
0.026775
0.02703
0.027285
0.02754
0.027795
0.02805
0.028305
0.02856
0.028815
0.02907
0.029325
0.02958
0.029835
0.03009
0.030345
0.0306
0.030855
0.03111
0.031365
0.03162
0.031875
0.03213
0.032385
0.03264
0.032895
0.03315
0.033405
0.03366
0.033915
0.03417
0.034425
0.03468
0.034935
0.03519
0.035445
0.0357
0.035955
0.03621
0.036465
0.03672
0.036975
0.03723
0.037485
0.03774
0.037995
0.03825
0.038505
0.03876
0.039015
0.03927
0.039525
0.03978
0.040035
0.04029
0.040545
0.0408
0.041055
0.04131
0.041565
0.04182
0.042075
0.04233
0.042585
0.04284
0.043095
0.04335
0.043605
0.04386
0.044115
0.04437
0.044625
0.04488
0.045135
0.04539
0.045645
0.0459
0.046155
0.04641
0.046665
0.04692
0.047175
0.04743
0.047685
0.04794
0.048195
0.04845
0.048705
0.04896
0.049215
0.04947
0.049725
0.04998
0.050235
0.05049
0.050745
0.051
0.051255
0.05151
0.051765
0.05202
0.052275
0.05253
0.052785
0.05304
0.053295
0.05355
0.053805
0.05406
0.054315
0.05457
0.054825
0.05508
0.055335
0.05559
0.055845
0.0561
0.056355
0.05661
0.056865
0.05712
0.057375
0.05763
0.057885
0.05814
0.058395
0.05865
0.058905
0.05916
0.059415
0.05967
0.059925
0.06018
0.060435
0.06069
0.060945
0.0612
0.061455
0.06171
0.061965
0.06222
0.062475
0.06273
0.062985
0.06324
0.063495
0.06375
0.064005
0.06426
0.064515
0.06477
0.065025
0.06528
0.065535
0.06579
0.066045
0.0663
0.066555
0.06681
0.067065
0.06732
0.067575
0.06783
0.068085
0.06834
0.068595
0.06885
0.069105
0.06936
0.069615
0.06987
0.070125
0.07038
0.070635
0.07089
0.071145
0.0714
0.071655
0.07191
0.072165
0.07242
0.072675
0.07293
0.073185
0.07344
0.073695
0.07395
0.074205
0.07446
0.074715
0.07497
0.075225
0.07548
0.075735
0.07599
0.076245
0.0765
0.076755
0.07701
0.077265
0.07752
0.077775
0.07803
0.078285
0.07854
0.078795
0.07905
0.079305
0.07956
0.079815
0.08007
0.080325
0.08058
0.080835
0.08109
0.081345
0.0816
0.081855
0.08211
0.082365
0.08262
0.082875
0.08313
0.083385
0.08364
0.083895
0.08415
0.084405
0.08466
0.084915
0.08517
0.085425
0.08568
0.085935
0.08619
0.086445
0.0867
0.086955
0.08721
0.087465
0.08772
0.087975
0.08823
0.088485
0.08874
0.088995
0.08925
0.089505
0.08976
0.090015
0.09027
0.090525
0.09078
0.091035
0.09129
0.091545
0.0918
0.092055
0.09231
0.092565
0.09282
0.093075
0.09333
0.093585
0.09384
0.094095
0.09435
0.094605
0.09486
0.095115
0.09537
0.095625
0.09588
0.096135
0.09639
0.096645
0.0969
0.097155
0.09741
0.097665
0.09792
0.098175
0.09843
0.098685
0.09894
0.099195
0.09945
0.099705
0.09996
0.100215
0.10047
0.100725
0.10098
0.101235
0.10149
0.101745
0.102
0.102255
0.10251
0.102765
0.10302
0.103275
0.10353
0.103785
0.10404
0.104295
0.10455
0.104805
0.10506
0.105315
0.10557
0.105825
0.10608
0.106335
0.10659
0.106845
0.1071
0.107355
0.10761
0.107865
0.10812
0.108375
0.10863
0.108885
0.10914
0.109395
0.10965
0.109905
0.11016
0.110415
0.11067
0.110925
0.11118
0.111435
0.11169
0.111945
0.1122
0.112455
0.11271
0.112965
0.11322
0.113475
0.11373
0.113985
0.11424
0.114495
0.11475
0.115005
0.11526
0.115515
0.11577
0.116025
0.11628
0.116535
0.11679
0.117045
0.1173
0.117555
0.11781
0.118065
0.11832
0.118575
0.11883
0.119085
0.11934
0.119595
0.11985
0.120105
0.12036
0.120615
0.12087
0.121125
0.12138
0.121635
0.12189
0.122145
0.1224
0.122655
0.12291
0.123165
0.12342
0.123675
0.12393
0.124185
0.12444
0.124695
0.12495
0.125205
0.12546
0.125715
0.12597
0.126225
0.12648
0.126735
0.12699
0.127245
0.1275
0.127755
0.12801
0.128265
0.12852
0.128775
0.12903
0.129285
0.12954
0.129795
0.13005
0.130305
0.13056
0.130815
0.13107
0.131325
0.13158
0.131835
0.13209
0.132345
0.1326
0.132855
0.13311
0.133365
0.13362
0.133875
0.13413
0.134385
0.13464
0.134895
0.13515
0.135405
0.13566
0.135915
0.13617
0.136425
0.13668
0.136935
0.13719
0.137445
0.1377
0.137955
0.13821
0.138465
0.13872
0.138975
0.13923
0.139485
0.13974
0.139995
0.14025
0.140505
0.14076
0.141015
0.14127
0.141525
0.14178
0.142035
0.14229
0.142545
0.1428
0.143055
0.14331
0.143565
0.14382
0.144075
0.14433
0.144585
0.14484
0.145095
0.14535
0.145605
0.14586
0.146115
0.14637
0.146625
0.14688
0.147135
0.14739
0.147645
0.1479
0.148155
0.14841
0.148665
0.14892
0.149175
0.14943
0.149685
0.14994
0.150195
0.15045
0.150705
0.15096
0.151215
0.15147
0.151725
0.15198
0.152235
0.15249
0.152745
0.153
0.153255
0.15351
0.153765
0.15402
0.154275
0.15453
0.154785
0.15504
0.155295
0.15555
0.155805
0.15606
0.156315
0.15657
0.156825
0.15708
0.157335
0.15759
0.157845
0.1581
0.158355
0.15861
0.158865
0.15912
0.159375
0.15963
0.159885
0.16014
0.160395
0.16065
0.160905
0.16116
0.161415
0.16167
0.161925
0.16218
0.162435
0.16269
0.162945
0.1632
0.163455
0.16371
0.163965
0.16422
0.164475
0.16473
0.164985
0.16524
0.165495
0.16575
0.166005
0.16626
0.166515
0.16677
0.167025
0.16728
0.167535
0.16779
0.168045
0.1683
0.168555
0.16881
0.169065
0.16932
0.169575
0.16983
0.170085
0.17034
0.170595
0.17085
0.171105
0.17136
0.171615
0.17187
0.172125
0.17238
0.172635
0.17289
0.173145
0.1734
0.173655
0.17391
0.174165
0.17442
0.174675
0.17493
0.175185
0.17544
0.175695
0.17595
0.176205
0.17646
0.176715
0.17697
0.177225
0.17748
0.177735
0.17799
0.178245
0.1785
0.178755
0.17901
0.179265
0.17952
0.179775
0.18003
0.180285
0.18054
0.180795
0.18105
0.181305
0.18156
0.181815
0.18207
0.182325
0.18258
0.182835
0.18309
0.183345
0.1836
0.183855
0.18411
0.184365
0.18462
0.184875
0.18513
0.185385
0.18564
0.185895
0.18615
0.186405
0.18666
0.186915
0.18717
0.187425
0.18768
0.187935
0.18819
0.188445
0.1887
0.188955
0.18921
0.189465
0.18972
0.189975
0.19023
0.190485
0.19074
0.190995
0.19125
0.191505
0.19176
0.192015
0.19227
0.192525
0.19278
0.193035
0.19329
0.193545
0.1938
0.194055
0.19431
0.194565
0.19482
0.195075
0.19533
0.195585
0.19584
0.196095
0.19635
0.196605
0.19686
0.197115
0.19737
0.197625
0.19788
0.198135
0.19839
0.198645
0.1989
0.199155
0.19941
0.199665
0.19992
0.200175
0.20043
0.200685
0.20094
0.201195
0.20145
0.201705
0.20196
0.202215
0.20247
0.202725
0.20298
0.203235
0.20349
0.203745
0.204
0.204255
0.20451
0.204765
0.20502
0.205275
0.20553
0.205785
0.20604
0.206295
0.20655
0.206805
0.20706
0.207315
0.20757
0.207825
0.20808
0.208335
0.20859
0.208845
0.2091
0.209355
0.20961
0.209865
0.21012
0.210375
0.21063
0.210885
0.21114
0.211395
0.21165
0.211905
0.21216
0.212415
0.21267
0.212925
0.21318
0.213435
0.21369
0.213945
0.2142
0.214455
0.21471
0.214965
0.21522
0.215475
0.21573
0.215985
0.21624
0.216495
0.21675
0.217005
0.21726
0.217515
0.21777
0.218025
0.21828
0.218535
0.21879
0.219045
0.2193
0.219555
0.21981
0.220065
0.22032
0.220575
0.22083
0.221085
0.22134
0.221595
0.22185
0.222105
0.22236
0.222615
0.22287
0.223125
0.22338
0.223635
0.22389
0.224145
0.2244
0.224655
0.22491
0.225165
0.22542
0.225675
0.22593
0.226185
0.22644
0.226695
0.22695
0.227205
0.22746
0.227715
0.22797
0.228225
0.22848
0.228735
0.22899
0.229245
0.2295
0.229755
0.23001
0.230265
0.23052
0.230775
0.23103
0.231285
0.23154
0.231795
0.23205
0.232305
0.23256
0.232815
0.23307
0.233325
0.23358
0.233835
0.23409
0.234345
0.2346
0.234855
0.23511
0.235365
0.23562
0.235875
0.23613
0.236385
0.23664
0.236895
0.23715
0.237405
0.23766
0.237915
0.23817
0.238425
0.23868
0.238935
0.23919
0.239445
0.2397
0.239955
0.24021
0.240465
0.24072
0.240975
0.24123
0.241485
0.24174
0.241995
0.24225
0.242505
0.24276
0.243015
0.24327
0.243525
0.24378
0.244035
0.24429
0.244545
0.2448
0.245055
0.24531
0.245565
0.24582
0.246075
0.24633
0.246585
0.24684
0.247095
0.24735
0.247605
0.24786
0.248115
0.24837
0.248625
0.24888
0.249135
0.24939
0.249645
0.2499
0.250155
0.25041
0.250665
0.25092
0.251175
0.25143
0.251685
0.25194
0.252195
0.25245
0.252705
0.25296
0.253215
0.25347
0.253725
0.25398
0.254235
0.25449
0.254745
0.255
0.255255
0.25551
0.255765
0.25602
0.256275
0.25653
0.256785
0.25704
0.257295
0.25755
0.257805
0.25806
0.258315
0.25857
0.258825
0.25908
0.259335
0.25959
0.259845
0.2601
0.260355
0.26061
0.260865
0.26112
0.261375
0.26163
0.261885
0.26214
0.262395
0.26265
0.262905
0.26316
0.263415
0.26367
0.263925
0.26418
0.264435
0.26469
0.264945
0.2652
0.265455
0.26571
0.265965
0.26622
0.266475
0.26673
0.266985
0.26724
0.267495
0.26775
0.268005
0.26826
0.268515
0.26877
0.269025
0.26928
0.269535
0.26979
0.270045
0.2703
0.270555
0.27081
0.271065
0.27132
0.271575
0.27183
0.272085
0.27234
0.272595
0.27285
0.273105
0.27336
0.273615
0.27387
0.274125
0.27438
0.274635
0.27489
0.275145
0.2754
0.275655
0.27591
0.276165
0.27642
0.276675
0.27693
0.277185
0.27744
0.277695
0.27795
0.278205
0.27846
0.278715
0.27897
0.279225
0.27948
0.279735
0.27999
0.280245
0.2805
0.280755
0.28101
0.281265
0.28152
0.281775
0.28203
0.282285
0.28254
0.282795
0.28305
0.283305
0.28356
0.283815
0.28407
0.284325
0.28458
0.284835
0.28509
0.285345
0.2856
0.285855
0.28611
0.286365
0.28662
0.286875
0.28713
0.287385
0.28764
0.287895
0.28815
0.288405
0.28866
0.288915
0.28917
0.289425
0.28968
0.289935
0.29019
0.290445
0.2907
0.290955
0.29121
0.291465
0.29172
0.291975
0.29223
0.292485
0.29274
0.292995
0.29325
0.293505
0.29376
0.294015
0.29427
0.294525
0.29478
0.295035
0.29529
0.295545
0.2958
0.296055
0.29631
0.296565
0.29682
0.297075
0.29733
0.297585
0.29784
0.298095
0.29835
0.298605
0.29886
0.299115
0.29937
0.299625
0.29988
0.300135
0.30039
0.300645
0.3009
0.301155
0.30141
0.301665
0.30192
0.302175
0.30243
0.302685
0.30294
0.303195
0.30345
0.303705
0.30396
0.304215
0.30447
0.304725
0.30498
0.305235
0.30549
0.305745
0.306
0.306255
0.30651
0.306765
0.30702
0.307275
0.30753
0.307785
0.30804
0.308295
0.30855
0.308805
0.30906
0.309315
0.30957
0.309825
0.31008
0.310335
0.31059
0.310845
0.3111
0.311355
0.31161
0.311865
0.31212
0.312375
0.31263
0.312885
0.31314
0.313395
0.31365
0.313905
0.31416
0.314415
0.31467
0.314925
0.31518
0.315435
0.31569
0.315945
0.3162
0.316455
0.31671
0.316965
0.31722
0.317475
0.31773
0.317985
0.31824
0.318495
0.31875
0.319005
0.31926
0.319515
0.31977
0.320025
0.32028
0.320535
0.32079
0.321045
0.3213
0.321555
0.32181
0.322065
0.32232
0.322575
0.32283
0.323085
0.32334
0.323595
0.32385
0.324105
0.32436
0.324615
0.32487
0.325125
0.32538
0.325635
0.32589
0.326145
0.3264
0.326655
0.32691
0.327165
0.32742
0.327675
0.32793
0.328185
0.32844
0.328695
0.32895
0.329205
0.32946
0.329715
0.32997
0.330225
0.33048
0.330735
0.33099
0.331245
0.3315
0.331755
0.33201
0.332265
0.33252
0.332775
0.33303
0.333285
0.33354
0.333795
0.33405
0.334305
0.33456
0.334815
0.33507
0.335325
0.33558
0.335835
0.33609
0.336345
0.3366
0.336855
0.33711
0.337365
0.33762
0.337875
0.33813
0.338385
0.33864
0.338895
0.33915
0.339405
0.33966
0.339915
0.34017
0.340425
0.34068
0.340935
0.34119
0.341445
0.3417
0.341955
0.34221
0.342465
0.34272
0.342975
0.34323
0.343485
0.34374
0.343995
0.34425
0.344505
0.34476
0.345015
0.34527
0.345525
0.34578
0.346035
0.34629
0.346545
0.3468
0.347055
0.34731
0.347565
0.34782
0.348075
0.34833
0.348585
0.34884
0.349095
0.34935
0.349605
0.34986
0.350115
0.35037
0.350625
0.35088
0.351135
0.35139
0.351645
0.3519
0.352155
0.35241
0.352665
0.35292
0.353175
0.35343
0.353685
0.35394
0.354195
0.35445
0.354705
0.35496
0.355215
0.35547
0.355725
0.35598
0.356235
0.35649
0.356745
0.357
0.357255
0.35751
0.357765
0.35802
0.358275
0.35853
0.358785
0.35904
0.359295
0.35955
0.359805
0.36006
0.360315
0.36057
0.360825
0.36108
0.361335
0.36159
0.361845
0.3621
0.362355
0.36261
0.362865
0.36312
0.363375
0.36363
0.363885
0.36414
0.364395
0.36465
0.364905
0.36516
0.365415
0.36567
0.365925
0.36618
0.366435
0.36669
0.366945
0.3672
0.367455
0.36771
0.367965
0.36822
0.368475
0.36873
0.368985
0.36924
0.369495
0.36975
0.370005
0.37026
0.370515
0.37077
0.371025
0.37128
0.371535
0.37179
0.372045
0.3723
0.372555
0.37281
0.373065
0.37332
0.373575
0.37383
0.374085
0.37434
0.374595
0.37485
0.375105
0.37536
0.375615
0.37587
0.376125
0.37638
0.376635
0.37689
0.377145
0.3774
0.377655
0.37791
0.378165
0.37842
0.378675
0.37893
0.379185
0.37944
0.379695
0.37995
0.380205
0.38046
0.380715
0.38097
0.381225
0.38148
0.381735
0.38199
0.382245
0.3825
0.382755
0.38301
0.383265
0.38352
0.383775
0.38403
0.384285
0.38454
0.384795
0.38505
0.385305
0.38556
0.385815
0.38607
0.386325
0.38658
0.386835
0.38709
0.387345
0.3876
0.387855
0.38811
0.388365
0.38862
0.388875
0.38913
0.389385
0.38964
0.389895
0.39015
0.390405
0.39066
0.390915
0.39117
0.391425
0.39168
0.391935
0.39219
0.392445
0.3927
0.392955
0.39321
0.393465
0.39372
0.393975
0.39423
0.394485
0.39474
0.394995
0.39525
0.395505
0.39576
0.396015
0.39627
0.396525
0.39678
0.397035
0.39729
0.397545
0.3978
0.398055
0.39831
0.398565
0.39882
0.399075
0.39933
0.399585
0.39984
0.400095
0.40035
0.400605
0.40086
0.401115
0.40137
0.401625
0.40188
0.402135
0.40239
0.402645
0.4029
0.403155
0.40341
0.403665
0.40392
0.404175
0.40443
0.404685
0.40494
0.405195
0.40545
0.405705
0.40596
0.406215
0.40647
0.406725
0.40698
0.407235
0.40749
0.407745
0.408
0.408255
0.40851
0.408765
0.40902
0.409275
0.40953
0.409785
0.41004
0.410295
0.41055
0.410805
0.41106
0.411315
0.41157
0.411825
0.41208
0.412335
0.41259
0.412845
0.4131
0.413355
0.41361
0.413865
0.41412
0.414375
0.41463
0.414885
0.41514
0.415395
0.41565
0.415905
0.41616
0.416415
0.41667
0.416925
0.41718
0.417435
0.41769
0.417945
0.4182
0.418455
0.41871
0.418965
0.41922
0.419475
0.41973
0.419985
0.42024
0.420495
0.42075
0.421005
0.42126
0.421515
0.42177
0.422025
0.42228
0.422535
0.42279
0.423045
0.4233
0.423555
0.42381
0.424065
0.42432
0.424575
0.42483
0.425085
0.42534
0.425595
0.42585
0.426105
0.42636
0.426615
0.42687
0.427125
0.42738
0.427635
0.42789
0.428145
0.4284
0.428655
0.42891
0.429165
0.42942
0.429675
0.42993
0.430185
0.43044
0.430695
0.43095
0.431205
0.43146
0.431715
0.43197
0.432225
0.43248
0.432735
0.43299
0.433245
0.4335
0.433755
0.43401
0.434265
0.43452
0.434775
0.43503
0.435285
0.43554
0.435795
0.43605
0.436305
0.43656
0.436815
0.43707
0.437325
0.43758
0.437835
0.43809
0.438345
0.4386
0.438855
0.43911
0.439365
0.43962
0.439875
0.44013
0.440385
0.44064
0.440895
0.44115
0.441405
0.44166
0.441915
0.44217
0.442425
0.44268
0.442935
0.44319
0.443445
0.4437
0.443955
0.44421
0.444465
0.44472
0.444975
0.44523
0.445485
0.44574
0.445995
0.44625
0.446505
0.44676
0.447015
0.44727
0.447525
0.44778
0.448035
0.44829
0.448545
0.4488
0.449055
0.44931
0.449565
0.44982
0.450075
0.45033
0.450585
0.45084
0.451095
0.45135
0.451605
0.45186
0.452115
0.45237
0.452625
0.45288
0.453135
0.45339
0.453645
0.4539
0.454155
0.45441
0.454665
0.45492
0.455175
0.45543
0.455685
0.45594
0.456195
0.45645
0.456705
0.45696
0.457215
0.45747
0.457725
0.45798
0.458235
0.45849
0.458745
0.459
0.459255
0.45951
0.459765
0.46002
0.460275
0.46053
0.460785
0.46104
0.461295
0.46155
0.461805
0.46206
0.462315
0.46257
0.462825
0.46308
0.463335
0.46359
0.463845
0.4641
0.464355
0.46461
0.464865
0.46512
0.465375
0.46563
0.465885
0.46614
0.466395
0.46665
0.466905
0.46716
0.467415
0.46767
0.467925
0.46818
0.468435
0.46869
0.468945
0.4692
0.469455
0.46971
0.469965
0.47022
0.470475
0.47073
0.470985
0.47124
0.471495
0.47175
0.472005
0.47226
0.472515
0.47277
0.473025
0.47328
0.473535
0.47379
0.474045
0.4743
0.474555
0.47481
0.475065
0.47532
0.475575
0.47583
0.476085
0.47634
0.476595
0.47685
0.477105
0.47736
0.477615
0.47787
0.478125
0.47838
0.478635
0.47889
0.479145
0.4794
0.479655
0.47991
0.480165
0.48042
0.480675
0.48093
0.481185
0.48144
0.481695
0.48195
0.482205
0.48246
0.482715
0.48297
0.483225
0.48348
0.483735
0.48399
0.484245
0.4845
0.484755
0.48501
0.485265
0.48552
0.485775
0.48603
0.486285
0.48654
0.486795
0.48705
0.487305
0.48756
0.487815
0.48807
0.488325
0.48858
0.488835
0.48909
0.489345
0.4896
0.489855
0.49011
0.490365
0.49062
0.490875
0.49113
0.491385
0.49164
0.491895
0.49215
0.492405
0.49266
0.492915
0.49317
0.493425
0.49368
0.493935
0.49419
0.494445
0.4947
0.494955
0.49521
0.495465
0.49572
0.495975
0.49623
0.496485
0.49674
0.496995
0.49725
0.497505
0.49776
0.498015
0.49827
0.498525
0.49878
0.499035
0.49929
0.499545
0.4998
0.500055
0.50031
0.500565
0.50082
0.501075
0.50133
0.501585
0.50184
0.502095
0.50235
0.502605
0.50286
0.503115
0.50337
0.503625
0.50388
0.504135
0.50439
0.504645
0.5049
0.505155
0.50541
0.505665
0.50592
0.506175
0.50643
0.506685
0.50694
0.507195
0.50745
0.507705
0.50796
0.508215
0.50847
0.508725
0.50898
0.509235
0.50949
0.509745
0.51
0.510255
0.51051
0.510765
0.51102
0.511275
0.51153
0.511785
0.51204
0.512295
0.51255
0.512805
0.51306
0.513315
0.51357
0.513825
0.51408
0.514335
0.51459
0.514845
0.5151
0.515355
0.51561
0.515865
0.51612
0.516375
0.51663
0.516885
0.51714
0.517395
0.51765
0.517905
0.51816
0.518415
0.51867
0.518925
0.51918
0.519435
0.51969
0.519945
0.5202
0.520455
0.52071
0.520965
0.52122
0.521475
0.52173
0.521985
0.52224
0.522495
0.52275
0.523005
0.52326
0.523515
0.52377
0.524025
0.52428
0.524535
0.52479
0.525045
0.5253
0.525555
0.52581
0.526065
0.52632
0.526575
0.52683
0.527085
0.52734
0.527595
0.52785
0.528105
0.52836
0.528615
0.52887
0.529125
0.52938
0.529635
0.52989
0.530145
0.5304
0.530655
0.53091
0.531165
0.53142
0.531675
0.53193
0.532185
0.53244
0.532695
0.53295
0.533205
0.53346
0.533715
0.53397
0.534225
0.53448
0.534735
0.53499
0.535245
0.5355
0.535755
0.53601
0.536265
0.53652
0.536775
0.53703
0.537285
0.53754
0.537795
0.53805
0.538305
0.53856
0.538815
0.53907
0.539325
0.53958
0.539835
0.54009
0.540345
0.5406
0.540855
0.54111
0.541365
0.54162
0.541875
0.54213
0.542385
0.54264
0.542895
0.54315
0.543405
0.54366
0.543915
0.54417
0.544425
0.54468
0.544935
0.54519
0.545445
0.5457
0.545955
0.54621
0.546465
0.54672
0.546975
0.54723
0.547485
0.54774
0.547995
0.54825
0.548505
0.54876
0.549015
0.54927
0.549525
0.54978
0.550035
0.55029
0.550545
0.5508
0.551055
0.55131
0.551565
0.55182
0.552075
0.55233
0.552585
0.55284
0.553095
0.55335
0.553605
0.55386
0.554115
0.55437
0.554625
0.55488
0.555135
0.55539
0.555645
0.5559
0.556155
0.55641
0.556665
0.55692
0.557175
0.55743
0.557685
0.55794
0.558195
0.55845
0.558705
0.55896
0.559215
0.55947
0.559725
0.55998
0.560235
0.56049
0.560745
0.561
0.561255
0.56151
0.561765
0.56202
0.562275
0.56253
0.562785
0.56304
0.563295
0.56355
0.563805
0.56406
0.564315
0.56457
0.564825
0.56508
0.565335
0.56559
0.565845
0.5661
0.566355
0.56661
0.566865
0.56712
0.567375
0.56763
0.567885
0.56814
0.568395
0.56865
0.568905
0.56916
0.569415
0.56967
0.569925
0.57018
0.570435
0.57069
0.570945
0.5712
0.571455
0.57171
0.571965
0.57222
0.572475
0.57273
0.572985
0.57324
0.573495
0.57375
0.574005
0.57426
0.574515
0.57477
0.575025
0.57528
0.575535
0.57579
0.576045
0.5763
0.576555
0.57681
0.577065
0.57732
0.577575
0.57783
0.578085
0.57834
0.578595
0.57885
0.579105
0.57936
0.579615
0.57987
0.580125
0.58038
0.580635
0.58089
0.581145
0.5814
0.581655
0.58191
0.582165
0.58242
0.582675
0.58293
0.583185
0.58344
0.583695
0.58395
0.584205
0.58446
0.584715
0.58497
0.585225
0.58548
0.585735
0.58599
0.586245
0.5865
0.586755
0.58701
0.587265
0.58752
0.587775
0.58803
0.588285
0.58854
0.588795
0.58905
0.589305
0.58956
0.589815
0.59007
0.590325
0.59058
0.590835
0.59109
0.591345
0.5916
0.591855
0.59211
0.592365
0.59262
0.592875
0.59313
0.593385
0.59364
0.593895
0.59415
0.594405
0.59466
0.594915
0.59517
0.595425
0.59568
0.595935
0.59619
0.596445
0.5967
0.596955
0.59721
0.597465
0.59772
0.597975
0.59823
0.598485
0.59874
0.598995
0.59925
0.599505
0.59976
0.600015
0.60027
0.600525
0.60078
0.601035
0.60129
0.601545
0.6018
0.602055
0.60231
0.602565
0.60282
0.603075
0.60333
0.603585
0.60384
0.604095
0.60435
0.604605
0.60486
0.605115
0.60537
0.605625
0.60588
0.606135
0.60639
0.606645
0.6069
0.607155
0.60741
0.607665
0.60792
0.608175
0.60843
0.608685
0.60894
0.609195
0.60945
0.609705
0.60996
0.610215
0.61047
0.610725
0.61098
0.611235
0.61149
0.611745
0.612
0.612255
0.61251
0.612765
0.61302
0.613275
0.61353
0.613785
0.61404
0.614295
0.61455
0.614805
0.61506
0.615315
0.61557
0.615825
0.61608
0.616335
0.61659
0.616845
0.6171
0.617355
0.61761
0.617865
0.61812
0.618375
0.61863
0.618885
0.61914
0.619395
0.61965
0.619905
0.62016
0.620415
0.62067
0.620925
0.62118
0.621435
0.62169
0.621945
0.6222
0.622455
0.62271
0.622965
0.62322
0.623475
0.62373
0.623985
0.62424
0.624495
0.62475
0.625005
0.62526
0.625515
0.62577
0.626025
0.62628
0.626535
0.62679
0.627045
0.6273
0.627555
0.62781
0.628065
0.62832
0.628575
0.62883
0.629085
0.62934
0.629595
0.62985
0.630105
0.63036
0.630615
0.63087
0.631125
0.63138
0.631635
0.63189
0.632145
0.6324
0.632655
0.63291
0.633165
0.63342
0.633675
0.63393
0.634185
0.63444
0.634695
0.63495
0.635205
0.63546
0.635715
0.63597
0.636225
0.63648
0.636735
0.63699
0.637245
0.6375
0.637755
0.63801
0.638265
0.63852
0.638775
0.63903
0.639285
0.63954
0.639795
0.64005
0.640305
0.64056
0.640815
0.64107
0.641325
0.64158
0.641835
0.64209
0.642345
0.6426
0.642855
0.64311
0.643365
0.64362
0.643875
0.64413
0.644385
0.64464
0.644895
0.64515
0.645405
0.64566
0.645915
0.64617
0.646425
0.64668
0.646935
0.64719
0.647445
0.6477
0.647955
0.64821
0.648465
0.64872
0.648975
0.64923
0.649485
0.64974
0.649995
0.65025
0.650505
0.65076
0.651015
0.65127
0.651525
0.65178
0.652035
0.65229
0.652545
0.6528
0.653055
0.65331
0.653565
0.65382
0.654075
0.65433
0.654585
0.65484
0.655095
0.65535
0.655605
0.65586
0.656115
0.65637
0.656625
0.65688
0.657135
0.65739
0.657645
0.6579
0.658155
0.65841
0.658665
0.65892
0.659175
0.65943
0.659685
0.65994
0.660195
0.66045
0.660705
0.66096
0.661215
0.66147
0.661725
0.66198
0.662235
0.66249
0.662745
0.663
0.663255
0.66351
0.663765
0.66402
0.664275
0.66453
0.664785
0.66504
0.665295
0.66555
0.665805
0.66606
0.666315
0.66657
0.666825
0.66708
0.667335
0.66759
0.667845
0.6681
0.668355
0.66861
0.668865
0.66912
0.669375
0.66963
0.669885
0.67014
0.670395
0.67065
0.670905
0.67116
0.671415
0.67167
0.671925
0.67218
0.672435
0.67269
0.672945
0.6732
0.673455
0.67371
0.673965
0.67422
0.674475
0.67473
0.674985
0.67524
0.675495
0.67575
0.676005
0.67626
0.676515
0.67677
0.677025
0.67728
0.677535
0.67779
0.678045
0.6783
0.678555
0.67881
0.679065
0.67932
0.679575
0.67983
0.680085
0.68034
0.680595
0.68085
0.681105
0.68136
0.681615
0.68187
0.682125
0.68238
0.682635
0.68289
0.683145
0.6834
0.683655
0.68391
0.684165
0.68442
0.684675
0.68493
0.685185
0.68544
0.685695
0.68595
0.686205
0.68646
0.686715
0.68697
0.687225
0.68748
0.687735
0.68799
0.688245
0.6885
0.688755
0.68901
0.689265
0.68952
0.689775
0.69003
0.690285
0.69054
0.690795
0.69105
0.691305
0.69156
0.691815
0.69207
0.692325
0.69258
0.692835
0.69309
0.693345
0.6936
0.693855
0.69411
0.694365
0.69462
0.694875
0.69513
0.695385
0.69564
0.695895
0.69615
0.696405
0.69666
0.696915
0.69717
0.697425
0.69768
0.697935
0.69819
0.698445
0.6987
0.698955
0.69921
0.699465
0.69972
0.699975
0.70023
0.700485
0.70074
0.700995
0.70125
0.701505
0.70176
0.702015
0.70227
0.702525
0.70278
0.703035
0.70329
0.703545
0.7038
0.704055
0.70431
0.704565
0.70482
0.705075
0.70533
0.705585
0.70584
0.706095
0.70635
0.706605
0.70686
0.707115
0.70737
0.707625
0.70788
0.708135
0.70839
0.708645
0.7089
0.709155
0.70941
0.709665
0.70992
0.710175
0.71043
0.710685
0.71094
0.711195
0.71145
0.711705
0.71196
0.712215
0.71247
0.712725
0.71298
0.713235
0.71349
0.713745
0.714
0.714255
0.71451
0.714765
0.71502
0.715275
0.71553
0.715785
0.71604
0.716295
0.71655
0.716805
0.71706
0.717315
0.71757
0.717825
0.71808
0.718335
0.71859
0.718845
0.7191
0.719355
0.71961
0.719865
0.72012
0.720375
0.72063
0.720885
0.72114
0.721395
0.72165
0.721905
0.72216
0.722415
0.72267
0.722925
0.72318
0.723435
0.72369
0.723945
0.7242
0.724455
0.72471
0.724965
0.72522
0.725475
0.72573
0.725985
0.72624
0.726495
0.72675
0.727005
0.72726
0.727515
0.72777
0.728025
0.72828
0.728535
0.72879
0.729045
0.7293
0.729555
0.72981
0.730065
0.73032
0.730575
0.73083
0.731085
0.73134
0.731595
0.73185
0.732105
0.73236
0.732615
0.73287
0.733125
0.73338
0.733635
0.73389
0.734145
0.7344
0.734655
0.73491
0.735165
0.73542
0.735675
0.73593
0.736185
0.73644
0.736695
0.73695
0.737205
0.73746
0.737715
0.73797
0.738225
0.73848
0.738735
0.73899
0.739245
0.7395
0.739755
0.74001
0.740265
0.74052
0.740775
0.74103
0.741285
0.74154
0.741795
0.74205
0.742305
0.74256
0.742815
0.74307
0.743325
0.74358
0.743835
0.74409
0.744345
0.7446
0.744855
0.74511
0.745365
0.74562
0.745875
0.74613
0.746385
0.74664
0.746895
0.74715
0.747405
0.74766
0.747915
0.74817
0.748425
0.74868
0.748935
0.74919
0.749445
0.7497
0.749955
0.75021
0.750465
0.75072
0.750975
0.75123
0.751485
0.75174
0.751995
0.75225
0.752505
0.75276
0.753015
0.75327
0.753525
0.75378
0.754035
0.75429
0.754545
0.7548
0.755055
0.75531
0.755565
0.75582
0.756075
0.75633
0.756585
0.75684
0.757095
0.75735
0.757605
0.75786
0.758115
0.75837
0.758625
0.75888
0.759135
0.75939
0.759645
0.7599
0.760155
0.76041
0.760665
0.76092
0.761175
0.76143
0.761685
0.76194
0.762195
0.76245
0.762705
0.76296
0.763215
0.76347
0.763725
0.76398
0.764235
0.76449
0.764745
0.765
0.765255
0.76551
0.765765
0.76602
0.766275
0.76653
0.766785
0.76704
0.767295
0.76755
0.767805
0.76806
0.768315
0.76857
0.768825
0.76908
0.769335
0.76959
0.769845
0.7701
0.770355
0.77061
0.770865
0.77112
0.771375
0.77163
0.771885
0.77214
0.772395
0.77265
0.772905
0.77316
0.773415
0.77367
0.773925
0.77418
0.774435
0.77469
0.774945
0.7752
0.775455
0.77571
0.775965
0.77622
0.776475
0.77673
0.776985
0.77724
0.777495
0.77775
0.778005
0.77826
0.778515
0.77877
0.779025
0.77928
0.779535
0.77979
0.780045
0.7803
0.780555
0.78081
0.781065
0.78132
0.781575
0.78183
0.782085
0.78234
0.782595
0.78285
0.783105
0.78336
0.783615
0.78387
0.784125
0.78438
0.784635
0.78489
0.785145
0.7854
0.785655
0.78591
0.786165
0.78642
0.786675
0.78693
0.787185
0.78744
0.787695
0.78795
0.788205
0.78846
0.788715
0.78897
0.789225
0.78948
0.789735
0.78999
0.790245
0.7905
0.790755
0.79101
0.791265
0.79152
0.791775
0.79203
0.792285
0.79254
0.792795
0.79305
0.793305
0.79356
0.793815
0.79407
0.794325
0.79458
0.794835
0.79509
0.795345
0.7956
0.795855
0.79611
0.796365
0.79662
0.796875
0.79713
0.797385
0.79764
0.797895
0.79815
0.798405
0.79866
0.798915
0.79917
0.799425
0.79968
0.799935
0.80019
0.800445
0.8007
0.800955
0.80121
0.801465
0.80172
0.801975
0.80223
0.802485
0.80274
0.802995
0.80325
0.803505
0.80376
0.804015
0.80427
0.804525
0.80478
0.805035
0.80529
0.805545
0.8058
0.806055
0.80631
0.806565
0.80682
0.807075
0.80733
0.807585
0.80784
0.808095
0.80835
0.808605
0.80886
0.809115
0.80937
0.809625
0.80988
0.810135
0.81039
0.810645
0.8109
0.811155
0.81141
0.811665
0.81192
0.812175
0.81243
0.812685
0.81294
0.813195
0.81345
0.813705
0.81396
0.814215
0.81447
0.814725
0.81498
0.815235
0.81549
0.815745
0.816
0.816255
0.81651
0.816765
0.81702
0.817275
0.81753
0.817785
0.81804
0.818295
0.81855
0.818805
0.81906
0.819315
0.81957
0.819825
0.82008
0.820335
0.82059
0.820845
0.8211
0.821355
0.82161
0.821865
0.82212
0.822375
0.82263
0.822885
0.82314
0.823395
0.82365
0.823905
0.82416
0.824415
0.82467
0.824925
0.82518
0.825435
0.82569
0.825945
0.8262
0.826455
0.82671
0.826965
0.82722
0.827475
0.82773
0.827985
0.82824
0.828495
0.82875
0.829005
0.82926
0.829515
0.82977
0.830025
0.83028
0.830535
0.83079
0.831045
0.8313
0.831555
0.83181
0.832065
0.83232
0.832575
0.83283
0.833085
0.83334
0.833595
0.83385
0.834105
0.83436
0.834615
0.83487
0.835125
0.83538
0.835635
0.83589
0.836145
0.8364
0.836655
0.83691
0.837165
0.83742
0.837675
0.83793
0.838185
0.83844
0.838695
0.83895
0.839205
0.83946
0.839715
0.83997
0.840225
0.84048
0.840735
0.84099
0.841245
0.8415
0.841755
0.84201
0.842265
0.84252
0.842775
0.84303
0.843285
0.84354
0.843795
0.84405
0.844305
0.84456
0.844815
0.84507
0.845325
0.84558
0.845835
0.84609
0.846345
0.8466
0.846855
0.84711
0.847365
0.84762
0.847875
0.84813
0.848385
0.84864
0.848895
0.84915
0.849405
0.84966
0.849915
0.85017
0.850425
0.85068
0.850935
0.85119
0.851445
0.8517
0.851955
0.85221
0.852465
0.85272
0.852975
0.85323
0.853485
0.85374
0.853995
0.85425
0.854505
0.85476
0.855015
0.85527
0.855525
0.85578
0.856035
0.85629
0.856545
0.8568
0.857055
0.85731
0.857565
0.85782
0.858075
0.85833
0.858585
0.85884
0.859095
0.85935
0.859605
0.85986
0.860115
0.86037
0.860625
0.86088
0.861135
0.86139
0.861645
0.8619
0.862155
0.86241
0.862665
0.86292
0.863175
0.86343
0.863685
0.86394
0.864195
0.86445
0.864705
0.86496
0.865215
0.86547
0.865725
0.86598
0.866235
0.86649
0.866745
0.867
0.867255
0.86751
0.867765
0.86802
0.868275
0.86853
0.868785
0.86904
0.869295
0.86955
0.869805
0.87006
0.870315
0.87057
0.870825
0.87108
0.871335
0.87159
0.871845
0.8721
0.872355
0.87261
0.872865
0.87312
0.873375
0.87363
0.873885
0.87414
0.874395
0.87465
0.874905
0.87516
0.875415
0.87567
0.875925
0.87618
0.876435
0.87669
0.876945
0.8772
0.877455
0.87771
0.877965
0.87822
0.878475
0.87873
0.878985
0.87924
0.879495
0.87975
0.880005
0.88026
0.880515
0.88077
0.881025
0.88128
0.881535
0.88179
0.882045
0.8823
0.882555
0.88281
0.883065
0.88332
0.883575
0.88383
0.884085
0.88434
0.884595
0.88485
0.885105
0.88536
0.885615
0.88587
0.886125
0.88638
0.886635
0.88689
0.887145
0.8874
0.887655
0.88791
0.888165
0.88842
0.888675
0.88893
0.889185
0.88944
0.889695
0.88995
0.890205
0.89046
0.890715
0.89097
0.891225
0.89148
0.891735
0.89199
0.892245
0.8925
0.892755
0.89301
0.893265
0.89352
0.893775
0.89403
0.894285
0.89454
0.894795
0.89505
0.895305
0.89556
0.895815
0.89607
0.896325
0.89658
0.896835
0.89709
0.897345
0.8976
0.897855
0.89811
0.898365
0.89862
0.898875
0.89913
0.899385
0.89964
0.899895
0.90015
0.900405
0.90066
0.900915
0.90117
0.901425
0.90168
0.901935
0.90219
0.902445
0.9027
0.902955
0.90321
0.903465
0.90372
0.903975
0.90423
0.904485
0.90474
0.904995
0.90525
0.905505
0.90576
0.906015
0.90627
0.906525
0.90678
0.907035
0.90729
0.907545
0.9078
0.908055
0.90831
0.908565
0.90882
0.909075
0.90933
0.909585
0.90984
0.910095
0.91035
0.910605
0.91086
0.911115
0.91137
0.911625
0.91188
0.912135
0.91239
0.912645
0.9129
0.913155
0.91341
0.913665
0.91392
0.914175
0.91443
0.914685
0.91494
0.915195
0.91545
0.915705
0.91596
0.916215
0.91647
0.916725
0.91698
0.917235
0.91749
0.917745
0.918
0.918255
0.91851
0.918765
0.91902
0.919275
0.91953
0.919785
0.92004
0.920295
0.92055
0.920805
0.92106
0.921315
0.92157
0.921825
0.92208
0.922335
0.92259
0.922845
0.9231
0.923355
0.92361
0.923865
0.92412
0.924375
0.92463
0.924885
0.92514
0.925395
0.92565
0.925905
0.92616
0.926415
0.92667
0.926925
0.92718
0.927435
0.92769
0.927945
0.9282
0.928455
0.92871
0.928965
0.92922
0.929475
0.92973
0.929985
0.93024
0.930495
0.93075
0.931005
0.93126
0.931515
0.93177
0.932025
0.93228
0.932535
0.93279
0.933045
0.9333
0.933555
0.93381
0.934065
0.93432
0.934575
0.93483
0.935085
0.93534
0.935595
0.93585
0.936105
0.93636
0.936615
0.93687
0.937125
0.93738
0.937635
0.93789
0.938145
0.9384
0.938655
0.93891
0.939165
0.93942
0.939675
0.93993
0.940185
0.94044
0.940695
0.94095
0.941205
0.94146
0.941715
0.94197
0.942225
0.94248
0.942735
0.94299
0.943245
0.9435
0.943755
0.94401
0.944265
0.94452
0.944775
0.94503
0.945285
0.94554
0.945795
0.94605
0.946305
0.94656
0.946815
0.94707
0.947325
0.94758
0.947835
0.94809
0.948345
0.9486
0.948855
0.94911
0.949365
0.94962
0.949875
0.95013
0.950385
0.95064
0.950895
0.95115
0.951405
0.95166
0.951915
0.95217
0.952425
0.95268
0.952935
0.95319
0.953445
0.9537
0.953955
0.95421
0.954465
0.95472
0.954975
0.95523
0.955485
0.95574
0.955995
0.95625
0.956505
0.95676
0.957015
0.95727
0.957525
0.95778
0.958035
0.95829
0.958545
0.9588
0.959055
0.95931
0.959565
0.95982
0.960075
0.96033
0.960585
0.96084
0.961095
0.96135
0.961605
0.96186
0.962115
0.96237
0.962625
0.96288
0.963135
0.96339
0.963645
0.9639
0.964155
0.96441
0.964665
0.96492
0.965175
0.96543
0.965685
0.96594
0.966195
0.96645
0.966705
0.96696
0.967215
0.96747
0.967725
0.96798
0.968235
0.96849
0.968745
0.969
0.969255
0.96951
0.969765
0.97002
0.970275
0.97053
0.970785
0.97104
0.971295
0.97155
0.971805
0.97206
0.972315
0.97257
0.972825
0.97308
0.973335
0.97359
0.973845
0.9741
0.974355
0.97461
0.974865
0.97512
0.975375
0.97563
0.975885
0.97614
0.976395
0.97665
0.976905
0.97716
0.977415
0.97767
0.977925
0.97818
0.978435
0.97869
0.978945
0.9792
0.979455
0.97971
0.979965
0.98022
0.980475
0.98073
0.980985
0.98124
0.981495
0.98175
0.982005
0.98226
0.982515
0.98277
0.983025
0.98328
0.983535
0.98379
0.984045
0.9843
0.984555
0.98481
0.985065
0.98532
0.985575
0.98583
0.986085
0.98634
0.986595
0.98685
0.987105
0.98736
0.987615
0.98787
0.988125
0.98838
0.988635
0.98889
0.989145
0.9894
0.989655
0.98991
0.990165
0.99042
0.990675
0.99093
0.991185
0.99144
0.991695
0.99195
0.992205
0.99246
0.992715
0.99297
0.993225
0.99348
0.993735
0.99399
0.994245
0.9945
0.994755
0.99501
0.995265
0.99552
0.995775
0.99603
0.996285
0.99654
0.996795
0.99705
0.997305
0.99756
0.997815
0.99807
0.998325
0.99858
0.998835
0.99909
0.999345
0.9996
0.999855
1.00011
1.00036
1.00062
1.00087
1.00113
1.00138
1.00164
1.00189
1.00215
1.0024
1.00266
1.00291
1.00317
1.00342
1.00368
1.00393
1.00419
1.00444
1.0047
1.00495
1.00521
1.00546
1.00572
1.00597
1.00623
1.00648
1.00674
1.00699
1.00725
1.0075
1.00776
1.00801
1.00827
1.00852
1.00878
1.00903
1.00929
1.00954
1.0098
1.01005
1.01031
1.01056
1.01082
1.01107
1.01133
1.01158
1.01184
1.01209
1.01235
1.0126
1.01286
1.01311
1.01337
1.01362
1.01388
1.01413
1.01439
1.01464
1.0149
1.01515
1.01541
1.01566
1.01592
1.01617
1.01643
1.01668
1.01694
1.01719
1.01745
1.0177
1.01796
1.01821
1.01847
1.01872
1.01898
1.01923
1.01949
1.01974
1.02
1.02025
1.02051
1.02076
1.02102
1.02127
1.02153
1.02178
1.02204
1.02229
1.02255
1.0228
1.02306
1.02331
1.02357
1.02382
1.02408
1.02433
1.02459
1.02484
1.0251
1.02535
1.02561
1.02586
1.02612
1.02637
1.02663
1.02688
1.02714
1.02739
1.02765
1.0279
1.02816
1.02841
1.02867
1.02892
1.02918
1.02943
1.02969
1.02994
1.0302
1.03045
1.03071
1.03096
1.03122
1.03147
1.03173
1.03198
1.03224
1.03249
1.03275
1.033
1.03326
1.03351
1.03377
1.03402
1.03428
1.03453
1.03479
1.03504
1.0353
1.03555
1.03581
1.03606
1.03632
1.03657
1.03683
1.03708
1.03734
1.03759
1.03785
1.0381
1.03836
1.03861
1.03887
1.03912
1.03938
1.03963
1.03989
1.04014
1.0404
1.04065
1.04091
1.04116
1.04142
1.04167
1.04193
1.04218
1.04244
1.04269
1.04295
1.0432
1.04346
1.04371
1.04397
1.04422
1.04448
1.04473
1.04499
1.04524
1.0455
1.04575
1.04601
1.04626
1.04652
1.04677
1.04703
1.04728
1.04754
1.04779
1.04805
1.0483
1.04856
1.04881
1.04907
1.04932
1.04958
1.04983
1.05009
1.05034
1.0506
1.05085
1.05111
1.05136
1.05162
1.05187
1.05213
1.05238
1.05264
1.05289
1.05315
1.0534
1.05366
1.05391
1.05417
1.05442
1.05468
1.05493
1.05519
1.05544
1.0557
1.05595
1.05621
1.05646
1.05672
1.05697
1.05723
1.05748
1.05774
1.05799
1.05825
1.0585
1.05876
1.05901
1.05927
1.05952
1.05978
1.06003
1.06029
1.06054
1.0608
1.06105
1.06131
1.06156
1.06182
1.06207
1.06233
1.06258
1.06284
1.06309
1.06335
1.0636
1.06386
1.06411
1.06437
1.06462
1.06488
1.06513
1.06539
1.06564
1.0659
1.06615
1.06641
1.06666
1.06692
1.06717
1.06743
1.06768
1.06794
1.06819
1.06845
1.0687
1.06896
1.06921
1.06947
1.06972
1.06998
1.07023
1.07049
1.07074
1.071
1.07125
1.07151
1.07176
1.07202
1.07227
1.07253
1.07278
1.07304
1.07329
1.07355
1.0738
1.07406
1.07431
1.07457
1.07482
1.07508
1.07533
1.07559
1.07584
1.0761
1.07635
1.07661
1.07686
1.07712
1.07737
1.07763
1.07788
1.07814
1.07839
1.07865
1.0789
1.07916
1.07941
1.07967
1.07992
1.08018
1.08043
1.08069
1.08094
1.0812
1.08145
1.08171
1.08196
1.08222
1.08247
1.08273
1.08298
1.08324
1.08349
1.08375
1.084
1.08426
1.08451
1.08477
1.08502
1.08528
1.08553
1.08579
1.08604
1.0863
1.08655
1.08681
1.08706
1.08732
1.08757
1.08783
1.08808
1.08834
1.08859
1.08885
1.0891
1.08936
1.08961
1.08987
1.09012
1.09038
1.09063
1.09089
1.09114
1.0914
1.09165
1.09191
1.09216
1.09242
1.09267
1.09293
1.09318
1.09344
1.09369
1.09395
1.0942
1.09446
1.09471
1.09497
1.09522
1.09548
1.09573
1.09599
1.09624
1.0965
1.09675
1.09701
1.09726
1.09752
1.09777
1.09803
1.09828
1.09854
1.09879
1.09905
1.0993
1.09956
1.09981
1.10007
1.10032
1.10058
1.10083
1.10109
1.10134
1.1016
1.10185
1.10211
1.10236
1.10262
1.10287
1.10313
1.10338
1.10364
1.10389
1.10415
1.1044
1.10466
1.10491
1.10517
1.10542
1.10568
1.10593
1.10619
1.10644
1.1067
1.10695
1.10721
1.10746
1.10772
1.10797
1.10823
1.10848
1.10874
1.10899
1.10925
1.1095
1.10976
1.11001
1.11027
1.11052
1.11078
1.11103
1.11129
1.11154
1.1118
1.11205
1.11231
1.11256
1.11282
1.11307
1.11333
1.11358
1.11384
1.11409
1.11435
1.1146
1.11486
1.11511
1.11537
1.11562
1.11588
1.11613
1.11639
1.11664
1.1169
1.11715
1.11741
1.11766
1.11792
1.11817
1.11843
1.11868
1.11894
1.11919
1.11945
1.1197
1.11996
1.12021
1.12047
1.12072
1.12098
1.12123
1.12149
1.12174
1.122
1.12225
1.12251
1.12276
1.12302
1.12327
1.12353
1.12378
1.12404
1.12429
1.12455
1.1248
1.12506
1.12531
1.12557
1.12582
1.12608
1.12633
1.12659
1.12684
1.1271
1.12735
1.12761
1.12786
1.12812
1.12837
1.12863
1.12888
1.12914
1.12939
1.12965
1.1299
1.13016
1.13041
1.13067
1.13092
1.13118
1.13143
1.13169
1.13194
1.1322
1.13245
1.13271
1.13296
1.13322
1.13347
1.13373
1.13398
1.13424
1.13449
1.13475
1.135
1.13526
1.13551
1.13577
1.13602
1.13628
1.13653
1.13679
1.13704
1.1373
1.13755
1.13781
1.13806
1.13832
1.13857
1.13883
1.13908
1.13934
1.13959
1.13985
1.1401
1.14036
1.14061
1.14087
1.14112
1.14138
1.14163
1.14189
1.14214
1.1424
1.14265
1.14291
1.14316
1.14342
1.14367
1.14393
1.14418
1.14444
1.14469
1.14495
1.1452
1.14546
1.14571
1.14597
1.14622
1.14648
1.14673
1.14699
1.14724
1.1475
1.14775
1.14801
1.14826
1.14852
1.14877
1.14903
1.14928
1.14954
1.14979
1.15005
1.1503
1.15056
1.15081
1.15107
1.15132
1.15158
1.15183
1.15209
1.15234
1.1526
1.15285
1.15311
1.15336
1.15362
1.15387
1.15413
1.15438
1.15464
1.15489
1.15515
1.1554
1.15566
1.15591
1.15617
1.15642
1.15668
1.15693
1.15719
1.15744
1.1577
1.15795
1.15821
1.15846
1.15872
1.15897
1.15923
1.15948
1.15974
1.15999
1.16025
1.1605
1.16076
1.16101
1.16127
1.16152
1.16178
1.16203
1.16229
1.16254
1.1628
1.16305
1.16331
1.16356
1.16382
1.16407
1.16433
1.16458
1.16484
1.16509
1.16535
1.1656
1.16586
1.16611
1.16637
1.16662
1.16688
1.16713
1.16739
1.16764
1.1679
1.16815
1.16841
1.16866
1.16892
1.16917
1.16943
1.16968
1.16994
1.17019
1.17045
1.1707
1.17096
1.17121
1.17147
1.17172
1.17198
1.17223
1.17249
1.17274
1.173
1.17325
1.17351
1.17376
1.17402
1.17427
1.17453
1.17478
1.17504
1.17529
1.17555
1.1758
1.17606
1.17631
1.17657
1.17682
1.17708
1.17733
1.17759
1.17784
1.1781
1.17835
1.17861
1.17886
1.17912
1.17937
1.17963
1.17988
1.18014
1.18039
1.18065
1.1809
1.18116
1.18141
1.18167
1.18192
1.18218
1.18243
1.18269
1.18294
1.1832
1.18345
1.18371
1.18396
1.18422
1.18447
1.18473
1.18498
1.18524
1.18549
1.18575
1.186
1.18626
1.18651
1.18677
1.18702
1.18728
1.18753
1.18779
1.18804
1.1883
1.18855
1.18881
1.18906
1.18932
1.18957
1.18983
1.19008
1.19034
1.19059
1.19085
1.1911
1.19136
1.19161
1.19187
1.19212
1.19238
1.19263
1.19289
1.19314
1.1934
1.19365
1.19391
1.19416
1.19442
1.19467
1.19493
1.19518
1.19544
1.19569
1.19595
1.1962
1.19646
1.19671
1.19697
1.19722
1.19748
1.19773
1.19799
1.19824
1.1985
1.19875
1.19901
1.19926
1.19952
1.19977
1.2
1.2
1.2
1.2
1.2
1.2
1.2
1.2
1.2
1.2
1.2
1.2
1.2
1.2
1.2
1.2
1.2
1.2
1.2
1.19999
1.19999
1.19999
1.19999
1.19999
1.19999
1.19999
1.19999
1.19999
1.19999
1.19999
1.19999
1.19999
1.19998
1.19998
1.19998
1.19998
1.19998
1.19998
1.19998
1.19998
1.19998
1.19998
1.19997
1.19997
1.19997
1.19997
1.19997
1.19997
1.19997
1.19996
1.19996
1.19996
1.19996
1.19996
1.19996
1.19996
1.19995
1.19995
1.19995
1.19995
1.19995
1.19995
1.19994
1.19994
1.19994
1.19994
1.19994
1.19993
1.19993
1.19993
1.19993
1.19993
1.19992
1.19992
1.19992
1.19992
1.19992
1.19991
1.19991
1.19991
1.19991
1.1999
1.1999
1.1999
1.1999
1.19989
1.19989
1.19989
1.19989
1.19988
1.19988
1.19988
1.19988
1.19987
1.19987
1.19987
1.19986
1.19986
1.19986
1.19986
1.19985
1.19985
1.19985
1.19984
1.19984
1.19984
1.19984
1.19983
1.19983
1.19983
1.19982
1.19982
1.19982
1.19981
1.19981
1.19981
1.1998
1.1998
1.1998
1.19979
1.19979
1.19979
1.19978
1.19978
1.19977
1.19977
1.19977
1.19976
1.19976
1.19976
1.19975
1.19975
1.19974
1.19974
1.19974
1.19973
1.19973
1.19972
1.19972
1.19972
1.19971
1.19971
1.1997
1.1997
1.1997
1.19969
1.19969
1.19968
1.19968
1.19967
1.19967
1.19967
1.19966
1.19966
1.19965
1.19965
1.19964
1.19964
1.19963
1.19963
1.19962
1.19962
1.19962
1.19961
1.19961
1.1996
1.1996
1.19959
1.19959
1.19958
1.19958
1.19957
1.19957
1.19956
1.19956
1.19955
1.19955
1.19954
1.19954
1.19953
1.19953
1.19952
1.19951
1.19951
1.1995
1.1995
1.19949
1.19949
1.19948
1.19948
1.19947
1.19947
1.19946
1.19945
1.19945
1.19944
1.19944
1.19943
1.19943
1.19942
1.19941
1.19941
1.1994
1.1994
1.19939
1.19938
1.19938
1.19937
1.19937
1.19936
1.19935
1.19935
1.19934
1.19934
1.19933
1.19932
1.19932
1.19931
1.1993
1.1993
1.19929
1.19928
1.19928
1.19927
1.19927
1.19926
1.19925
1.19925
1.19924
1.19923
1.19923
1.19922
1.19921
1.1992
1.1992
1.19919
1.19918
1.19918
1.19917
1.19916
1.19916
1.19915
1.19914
1.19914
1.19913
1.19912
1.19911
1.19911
1.1991
1.19909
1.19908
1.19908
1.19907
1.19906
1.19906
1.19905
1.19904
1.19903
1.19903
1.19902
1.19901
1.199
1.19899
1.19899
1.19898
1.19897
1.19896
1.19896
1.19895
1.19894
1.19893
1.19892
1.19892
1.19891
1.1989
1.19889
1.19888
1.19888
1.19887
1.19886
1.19885
1.19884
1.19884
1.19883
1.19882
1.19881
1.1988
1.19879
1.19879
1.19878
1.19877
1.19876
1.19875
1.19874
1.19873
1.19873
1.19872
1.19871
1.1987
1.19869
1.19868
1.19867
1.19866
1.19866
1.19865
1.19864
1.19863
1.19862
1.19861
1.1986
1.19859
1.19858
1.19857
1.19857
1.19856
1.19855
1.19854
1.19853
1.19852
1.19851
1.1985
1.19849
1.19848
1.19847
1.19846
1.19845
1.19844
1.19843
1.19842
1.19842
1.19841
1.1984
1.19839
1.19838
1.19837
1.19836
1.19835
1.19834
1.19833
1.19832
1.19831
1.1983
1.19829
1.19828
1.19827
1.19826
1.19825
1.19824
1.19823
1.19822
1.19821
1.1982
1.19819
1.19818
1.19817
1.19815
1.19814
1.19813
1.19812
1.19811
1.1981
1.19809
1.19808
1.19807
1.19806
1.19805
1.19804
1.19803
1.19802
1.19801
1.198
1.19798
1.19797
1.19796
1.19795
1.19794
1.19793
1.19792
1.19791
1.1979
1.19789
1.19787
1.19786
1.19785
1.19784
1.19783
1.19782
1.19781
1.1978
1.19778
1.19777
1.19776
1.19775
1.19774
1.19773
1.19772
1.1977
1.19769
1.19768
1.19767
1.19766
1.19765
1.19763
1.19762
1.19761
1.1976
1.19759
1.19758
1.19756
1.19755
1.19754
1.19753
1.19752
1.1975
1.19749
1.19748
1.19747
1.19745
1.19744
1.19743
1.19742
1.19741
1.19739
1.19738
1.19737
1.19736
1.19734
1.19733
1.19732
1.19731
1.19729
1.19728
1.19727
1.19726
1.19724
1.19723
1.19722
1.1972
1.19719
1.19718
1.19717
1.19715
1.19714
1.19713
1.19711
1.1971
1.19709
1.19708
1.19706
1.19705
1.19704
1.19702
1.19701
1.197
1.19698
1.19697
1.19696
1.19694
1.19693
1.19692
1.1969
1.19689
1.19688
1.19686
1.19685
1.19683
1.19682
1.19681
1.19679
1.19678
1.19677
1.19675
1.19674
1.19673
1.19671
1.1967
1.19668
1.19667
1.19666
1.19664
1.19663
1.19661
1.1966
1.19659
1.19657
1.19656
1.19654
1.19653
1.19651
1.1965
1.19649
1.19647
1.19646
1.19644
1.19643
1.19641
1.1964
1.19638
1.19637
1.19636
1.19634
1.19633
1.19631
1.1963
1.19628
1.19627
1.19625
1.19624
1.19622
1.19621
1.19619
1.19618
1.19616
1.19615
1.19613
1.19612
1.1961
1.19609
1.19607
1.19606
1.19604
1.19603
1.19601
1.196
1.19598
1.19597
1.19595
1.19593
1.19592
1.1959
1.19589
1.19587
1.19586
1.19584
1.19583
1.19581
1.19579
1.19578
1.19576
1.19575
1.19573
1.19572
1.1957
1.19568
1.19567
1.19565
1.19564
1.19562
1.1956
1.19559
1.19557
1.19556
1.19554
1.19552
1.19551
1.19549
1.19548
1.19546
1.19544
1.19543
1.19541
1.19539
1.19538
1.19536
1.19534
1.19533
1.19531
1.19529
1.19528
1.19526
1.19524
1.19523
1.19521
1.19519
1.19518
1.19516
1.19514
1.19513
1.19511
1.19509
1.19508
1.19506
1.19504
1.19503
1.19501
1.19499
1.19497
1.19496
1.19494
1.19492
1.19491
1.19489
1.19487
1.19485
1.19484
1.19482
1.1948
1.19478
1.19477
1.19475
1.19473
1.19471
1.1947
1.19468
1.19466
1.19464
1.19463
1.19461
1.19459
1.19457
1.19455
1.19454
1.19452
1.1945
1.19448
1.19446
1.19445
1.19443
1.19441
1.19439
1.19437
1.19436
1.19434
1.19432
1.1943
1.19428
1.19426
1.19425
1.19423
1.19421
1.19419
1.19417
1.19415
1.19414
1.19412
1.1941
1.19408
1.19406
1.19404
1.19402
1.19401
1.19399
1.19397
1.19395
1.19393
1.19391
1.19389
1.19387
1.19385
1.19384
1.19382
1.1938
1.19378
1.19376
1.19374
1.19372
1.1937
1.19368
1.19366
1.19364
1.19362
1.19361
1.19359
1.19357
1.19355
1.19353
1.19351
1.19349
1.19347
1.19345
1.19343
1.19341
1.19339
1.19337
1.19335
1.19333
1.19331
1.19329
1.19327
1.19325
1.19323
1.19321
1.19319
1.19317
1.19315
1.19313
1.19311
1.19309
1.19307
1.19305
1.19303
1.19301
1.19299
1.19297
1.19295
1.19293
1.19291
1.19289
1.19287
1.19285
1.19283
1.19281
1.19279
1.19277
1.19275
1.19273
1.19271
1.19268
1.19266
1.19264
1.19262
1.1926
1.19258
1.19256
1.19254
1.19252
1.1925
1.19248
1.19246
1.19243
1.19241
1.19239
1.19237
1.19235
1.19233
1.19231
1.19229
1.19226
1.19224
1.19222
1.1922
1.19218
1.19216
1.19214
1.19212
1.19209
1.19207
1.19205
1.19203
1.19201
1.19199
1.19196
1.19194
1.19192
1.1919
1.19188
1.19186
1.19183
1.19181
1.19179
1.19177
1.19175
1.19172
1.1917
1.19168
1.19166
1.19164
1.19161
1.19159
1.19157
1.19155
1.19152
1.1915
1.19148
1.19146
1.19144
1.19141
1.19139
1.19137
1.19135
1.19132
1.1913
1.19128
1.19126
1.19123
1.19121
1.19119
1.19116
1.19114
1.19112
1.1911
1.19107
1.19105
1.19103
1.191
1.19098
1.19096
1.19094
1.19091
1.19089
1.19087
1.19084
1.19082
1.1908
1.19077
1.19075
1.19073
1.1907
1.19068
1.19066
1.19063
1.19061
1.19059
1.19056
1.19054
1.19052
1.19049
1.19047
1.19045
1.19042
1.1904
1.19037
1.19035
1.19033
1.1903
1.19028
1.19026
1.19023
1.19021
1.19018
1.19016
1.19014
1.19011
1.19009
1.19006
1.19004
1.19002
1.18999
1.18997
1.18994
1.18992
1.18989
1.18987
1.18985
1.18982
1.1898
1.18977
1.18975
1.18972
1.1897
1.18967
1.18965
1.18962
1.1896
1.18958
1.18955
1.18953
1.1895
1.18948
1.18945
1.18943
1.1894
1.18938
1.18935
1.18933
1.1893
1.18928
1.18925
1.18923
1.1892
1.18918
1.18915
1.18913
1.1891
1.18908
1.18905
1.18902
1.189
1.18897
1.18895
1.18892
1.1889
1.18887
1.18885
1.18882
1.1888
1.18877
1.18874
1.18872
1.18869
1.18867
1.18864
1.18862
1.18859
1.18856
1.18854
1.18851
1.18849
1.18846
1.18843
1.18841
1.18838
1.18836
1.18833
1.1883
1.18828
1.18825
1.18822
1.1882
1.18817
1.18815
1.18812
1.18809
1.18807
1.18804
1.18801
1.18799
1.18796
1.18793
1.18791
1.18788
1.18785
1.18783
1.1878
1.18777
1.18775
1.18772
1.18769
1.18767
1.18764
1.18761
1.18759
1.18756
1.18753
1.18751
1.18748
1.18745
1.18742
1.1874
1.18737
1.18734
1.18732
1.18729
1.18726
1.18723
1.18721
1.18718
1.18715
1.18712
1.1871
1.18707
1.18704
1.18701
1.18699
1.18696
1.18693
1.1869
1.18688
1.18685
1.18682
1.18679
1.18676
1.18674
1.18671
1.18668
1.18665
1.18663
1.1866
1.18657
1.18654
1.18651
1.18649
1.18646
1.18643
1.1864
1.18637
1.18634
1.18632
1.18629
1.18626
1.18623
1.1862
1.18617
1.18615
1.18612
1.18609
1.18606
1.18603
1.186
1.18597
1.18595
1.18592
1.18589
1.18586
1.18583
1.1858
1.18577
1.18574
1.18572
1.18569
1.18566
1.18563
1.1856
1.18557
1.18554
1.18551
1.18548
1.18545
1.18542
1.1854
1.18537
1.18534
1.18531
1.18528
1.18525
1.18522
1.18519
1.18516
1.18513
1.1851
1.18507
1.18504
1.18501
1.18498
1.18495
1.18492
1.18489
1.18486
1.18483
1.1848
1.18477
1.18474
1.18472
1.18469
1.18466
1.18463
1.1846
1.18457
1.18454
1.1845
1.18447
1.18444
1.18441
1.18438
1.18435
1.18432
1.18429
1.18426
1.18423
1.1842
1.18417
1.18414
1.18411
1.18408
1.18405
1.18402
1.18399
1.18396
1.18393
1.1839
1.18387
1.18384
1.1838
1.18377
1.18374
1.18371
1.18368
1.18365
1.18362
1.18359
1.18356
1.18353
1.1835
1.18346
1.18343
1.1834
1.18337
1.18334
1.18331
1.18328
1.18325
1.18321
1.18318
1.18315
1.18312
1.18309
1.18306
1.18303
1.18299
1.18296
1.18293
1.1829
1.18287
1.18284
1.1828
1.18277
1.18274
1.18271
1.18268
1.18265
1.18261
1.18258
1.18255
1.18252
1.18249
1.18245
1.18242
1.18239
1.18236
1.18233
1.18229
1.18226
1.18223
1.1822
1.18216
1.18213
1.1821
1.18207
1.18203
1.182
1.18197
1.18194
1.1819
1.18187
1.18184
1.18181
1.18177
1.18174
1.18171
1.18168
1.18164
1.18161
1.18158
1.18155
1.18151
1.18148
1.18145
1.18141
1.18138
1.18135
1.18131
1.18128
1.18125
1.18121
1.18118
1.18115
1.18112
1.18108
1.18105
1.18102
1.18098
1.18095
1.18092
1.18088
1.18085
1.18081
1.18078
1.18075
1.18071
1.18068
1.18065
1.18061
1.18058
1.18055
1.18051
1.18048
1.18044
1.18041
1.18038
1.18034
1.18031
1.18028
1.18024
1.18021
1.18017
1.18014
1.1801
1.18007
1.18004
1.18
1.17997
1.17993
1.1799
1.17987
1.17983
1.1798
1.17976
1.17973
1.17969
1.17966
1.17962
1.17959
1.17956
1.17952
1.17949
1.17945
1.17942
1.17938
1.17935
1.17931
1.17928
1.17924
1.17921
1.17917
1.17914
1.1791
1.17907
1.17903
1.179
1.17896
1.17893
1.17889
1.17886
1.17882
1.17879
1.17875
1.17872
1.17868
1.17865
1.17861
1.17858
1.17854
1.1785
1.17847
1.17843
1.1784
1.17836
1.17833
1.17829
1.17826
1.17822
1.17818
1.17815
1.17811
1.17808
1.17804
1.178
1.17797
1.17793
1.1779
1.17786
1.17783
1.17779
1.17775
1.17772
1.17768
1.17764
1.17761
1.17757
1.17754
1.1775
1.17746
1.17743
1.17739
1.17735
1.17732
1.17728
1.17724
1.17721
1.17717
1.17714
1.1771
1.17706
1.17703
1.17699
1.17695
1.17692
1.17688
1.17684
1.1768
1.17677
1.17673
1.17669
1.17666
1.17662
1.17658
1.17655
1.17651
1.17647
1.17644
1.1764
1.17636
1.17632
1.17629
1.17625
1.17621
1.17617
1.17614
1.1761
1.17606
1.17602
1.17599
1.17595
1.17591
1.17587
1.17584
1.1758
1.17576
1.17572
1.17569
1.17565
1.17561
1.17557
1.17554
1.1755
1.17546
1.17542
1.17538
1.17535
1.17531
1.17527
1.17523
1.17519
1.17516
1.17512
1.17508
1.17504
1.175
1.17496
1.17493
1.17489
1.17485
1.17481
1.17477
1.17473
1.1747
1.17466
1.17462
1.17458
1.17454
1.1745
1.17446
1.17443
1.17439
1.17435
1.17431
1.17427
1.17423
1.17419
1.17415
1.17412
1.17408
1.17404
1.174
1.17396
1.17392
1.17388
1.17384
1.1738
1.17376
1.17372
1.17369
1.17365
1.17361
1.17357
1.17353
1.17349
1.17345
1.17341
1.17337
1.17333
1.17329
1.17325
1.17321
1.17317
1.17313
1.17309
1.17305
1.17301
1.17297
1.17293
1.17289
1.17285
1.17281
1.17278
1.17274
1.1727
1.17266
1.17262
1.17258
1.17254
1.17249
1.17245
1.17241
1.17237
1.17233
1.17229
1.17225
1.17221
1.17217
1.17213
1.17209
1.17205
1.17201
1.17197
1.17193
1.17189
1.17185
1.17181
1.17177
1.17173
1.17169
1.17165
1.17161
1.17156
1.17152
1.17148
1.17144
1.1714
1.17136
1.17132
1.17128
1.17124
1.1712
1.17116
1.17111
1.17107
1.17103
1.17099
1.17095
1.17091
1.17087
1.17083
1.17078
1.17074
1.1707
1.17066
1.17062
1.17058
1.17054
1.17049
1.17045
1.17041
1.17037
1.17033
1.17029
1.17024
1.1702
1.17016
1.17012
1.17008
1.17004
1.16999
1.16995
1.16991
1.16987
1.16983
1.16978
1.16974
1.1697
1.16966
1.16961
1.16957
1.16953
1.16949
1.16945
1.1694
1.16936
1.16932
1.16928
1.16923
1.16919
1.16915
1.16911
1.16906
1.16902
1.16898
1.16894
1.16889
1.16885
1.16881
1.16877
1.16872
1.16868
1.16864
1.16859
1.16855
1.16851
1.16847
1.16842
1.16838
1.16834
1.16829
1.16825
1.16821
1.16816
1.16812
1.16808
1.16803
1.16799
1.16795
1.1679
1.16786
1.16782
1.16777
1.16773
1.16769
1.16764
1.1676
1.16756
1.16751
1.16747
1.16743
1.16738
1.16734
1.1673
1.16725
1.16721
1.16716
1.16712
1.16708
1.16703
1.16699
1.16694
1.1669
1.16686
1.16681
1.16677
1.16672
1.16668
1.16664
1.16659
1.16655
1.1665
1.16646
1.16641
1.16637
1.16633
1.16628
1.16624
1.16619
1.16615
1.1661
1.16606
1.16601
1.16597
1.16592
1.16588
1.16584
1.16579
1.16575
1.1657
1.16566
1.16561
1.16557
1.16552
1.16548
1.16543
1.16539
1.16534
1.1653
1.16525
1.16521
1.16516
1.16512
1.16507
1.16503
1.16498
1.16494
1.16489
1.16484
1.1648
1.16475
1.16471
1.16466
1.16462
1.16457
1.16453
1.16448
1.16444
1.16439
1.16434
1.1643
1.16425
1.16421
1.16416
1.16412
1.16407
1.16402
1.16398
1.16393
1.16389
1.16384
1.16379
1.16375
1.1637
1.16366
1.16361
1.16356
1.16352
1.16347
1.16342
1.16338
1.16333
1.16329
1.16324
1.16319
1.16315
1.1631
1.16305
1.16301
1.16296
1.16291
1.16287
1.16282
1.16277
1.16273
1.16268
1.16263
1.16259
1.16254
1.16249
1.16245
1.1624
1.16235
1.16231
1.16226
1.16221
1.16216
1.16212
1.16207
1.16202
1.16198
1.16193
1.16188
1.16183
1.16179
1.16174
1.16169
1.16165
1.1616
1.16155
1.1615
1.16146
1.16141
1.16136
1.16131
1.16127
1.16122
1.16117
1.16112
1.16107
1.16103
1.16098
1.16093
1.16088
1.16084
1.16079
1.16074
1.16069
1.16064
1.1606
1.16055
1.1605
1.16045
1.1604
1.16036
1.16031
1.16026
1.16021
1.16016
1.16011
1.16007
1.16002
1.15997
1.15992
1.15987
1.15982
1.15978
1.15973
1.15968
1.15963
1.15958
1.15953
1.15948
1.15943
1.15939
1.15934
1.15929
1.15924
1.15919
1.15914
1.15909
1.15904
1.159
1.15895
1.1589
1.15885
1.1588
1.15875
1.1587
1.15865
1.1586
1.15855
1.1585
1.15845
1.15841
1.15836
1.15831
1.15826
1.15821
1.15816
1.15811
1.15806
1.15801
1.15796
1.15791
1.15786
1.15781
1.15776
1.15771
1.15766
1.15761
1.15756
1.15751
1.15746
1.15741
1.15736
1.15731
1.15726
1.15721
1.15716
1.15711
1.15706
1.15701
1.15696
1.15691
1.15686
1.15681
1.15676
1.15671
1.15666
1.15661
1.15656
1.15651
1.15646
1.15641
1.15636
1.15631
1.15626
1.15621
1.15616
1.1561
1.15605
1.156
1.15595
1.1559
1.15585
1.1558
1.15575
1.1557
1.15565
1.1556
1.15555
1.15549
1.15544
1.15539
1.15534
1.15529
1.15524
1.15519
1.15514
1.15509
1.15503
1.15498
1.15493
1.15488
1.15483
1.15478
1.15473
1.15467
1.15462
1.15457
1.15452
1.15447
1.15442
1.15436
1.15431
1.15426
1.15421
1.15416
1.15411
1.15405
1.154
1.15395
1.1539
1.15385
1.15379
1.15374
1.15369
1.15364
1.15359
1.15353
1.15348
1.15343
1.15338
1.15333
1.15327
1.15322
1.15317
1.15312
1.15306
1.15301
1.15296
1.15291
1.15285
1.1528
1.15275
1.1527
1.15264
1.15259
1.15254
1.15249
1.15243
1.15238
1.15233
1.15227
1.15222
1.15217
1.15212
1.15206
1.15201
1.15196
1.1519
1.15185
1.1518
1.15174
1.15169
1.15164
1.15158
1.15153
1.15148
1.15142
1.15137
1.15132
1.15126
1.15121
1.15116
1.1511
1.15105
1.151
1.15094
1.15089
1.15084
1.15078
1.15073
1.15068
1.15062
1.15057
1.15051
1.15046
1.15041
1.15035
1.1503
1.15024
1.15019
1.15014
1.15008
1.15003
1.14997
1.14992
1.14987
1.14981
1.14976
1.1497
1.14965
1.14959
1.14954
1.14949
1.14943
1.14938
1.14932
1.14927
1.14921
1.14916
1.1491
1.14905
1.149
1.14894
1.14889
1.14883
1.14878
1.14872
1.14867
1.14861
1.14856
1.1485
1.14845
1.14839
1.14834
1.14828
1.14823
1.14817
1.14812
1.14806
1.14801
1.14795
1.1479
1.14784
1.14779
1.14773
1.14768
1.14762
1.14757
1.14751
1.14745
1.1474
1.14734
1.14729
1.14723
1.14718
1.14712
1.14707
1.14701
1.14695
1.1469
1.14684
1.14679
1.14673
1.14668
1.14662
1.14656
1.14651
1.14645
1.1464
1.14634
1.14628
1.14623
1.14617
1.14612
1.14606
1.146
1.14595
1.14589
1.14583
1.14578
1.14572
1.14567
1.14561
1.14555
1.1455
1.14544
1.14538
1.14533
1.14527
1.14521
1.14516
1.1451
1.14504
1.14499
1.14493
1.14487
1.14482
1.14476
1.1447
1.14465
1.14459
1.14453
1.14447
1.14442
1.14436
1.1443
1.14425
1.14419
1.14413
1.14407
1.14402
1.14396
1.1439
1.14385
1.14379
1.14373
1.14367
1.14362
1.14356
1.1435
1.14344
1.14339
1.14333
1.14327
1.14321
1.14316
1.1431
1.14304
1.14298
1.14292
1.14287
1.14281
1.14275
1.14269
1.14264
1.14258
1.14252
1.14246
1.1424
1.14235
1.14229
1.14223
1.14217
1.14211
1.14205
1.142
1.14194
1.14188
1.14182
1.14176
1.1417
1.14165
1.14159
1.14153
1.14147
1.14141
1.14135
1.14129
1.14124
1.14118
1.14112
1.14106
1.141
1.14094
1.14088
1.14083
1.14077
1.14071
1.14065
1.14059
1.14053
1.14047
1.14041
1.14035
1.14029
1.14024
1.14018
1.14012
1.14006
1.14
1.13994
1.13988
1.13982
1.13976
1.1397
1.13964
1.13958
1.13952
1.13946
1.1394
1.13934
1.13929
1.13923
1.13917
1.13911
1.13905
1.13899
1.13893
1.13887
1.13881
1.13875
1.13869
1.13863
1.13857
1.13851
1.13845
1.13839
1.13833
1.13827
1.13821
1.13815
1.13809
1.13803
1.13797
1.13791
1.13785
1.13779
1.13773
1.13767
1.1376
1.13754
1.13748
1.13742
1.13736
1.1373
1.13724
1.13718
1.13712
1.13706
1.137
1.13694
1.13688
1.13682
1.13676
1.13669
1.13663
1.13657
1.13651
1.13645
1.13639
1.13633
1.13627
1.13621
1.13615
1.13608
1.13602
1.13596
1.1359
1.13584
1.13578
1.13572
1.13566
1.13559
1.13553
1.13547
1.13541
1.13535
1.13529
1.13523
1.13516
1.1351
1.13504
1.13498
1.13492
1.13486
1.13479
1.13473
1.13467
1.13461
1.13455
1.13448
1.13442
1.13436
1.1343
1.13424
1.13417
1.13411
1.13405
1.13399
1.13393
1.13386
1.1338
1.13374
1.13368
1.13361
1.13355
1.13349
1.13343
1.13337
1.1333
1.13324
1.13318
1.13312
1.13305
1.13299
1.13293
1.13286
1.1328
1.13274
1.13268
1.13261
1.13255
1.13249
1.13243
1.13236
1.1323
1.13224
1.13217
1.13211
1.13205
1.13198
1.13192
1.13186
1.1318
1.13173
1.13167
1.13161
1.13154
1.13148
1.13142
1.13135
1.13129
1.13123
1.13116
1.1311
1.13103
1.13097
1.13091
1.13084
1.13078
1.13072
1.13065
1.13059
1.13053
1.13046
1.1304
1.13033
1.13027
1.13021
1.13014
1.13008
1.13001
1.12995
1.12989
1.12982
1.12976
1.12969
1.12963
1.12957
1.1295
1.12944
1.12937
1.12931
1.12924
1.12918
1.12912
1.12905
1.12899
1.12892
1.12886
1.12879
1.12873
1.12866
1.1286
1.12853
1.12847
1.12841
1.12834
1.12828
1.12821
1.12815
1.12808
1.12802
1.12795
1.12789
1.12782
1.12776
1.12769
1.12763
1.12756
1.1275
1.12743
1.12737
1.1273
1.12724
1.12717
1.12711
1.12704
1.12697
1.12691
1.12684
1.12678
1.12671
1.12665
1.12658
1.12652
1.12645
1.12638
1.12632
1.12625
1.12619
1.12612
1.12606
1.12599
1.12592
1.12586
1.12579
1.12573
1.12566
1.1256
1.12553
1.12546
1.1254
1.12533
1.12526
1.1252
1.12513
1.12507
1.125
1.12493
1.12487
1.1248
1.12473
1.12467
1.1246
1.12454
1.12447
1.1244
1.12434
1.12427
1.1242
1.12414
1.12407
1.124
1.12394
1.12387
1.1238
1.12374
1.12367
1.1236
1.12354
1.12347
1.1234
1.12333
1.12327
1.1232
1.12313
1.12307
1.123
1.12293
1.12287
1.1228
1.12273
1.12266
1.1226
1.12253
1.12246
1.12239
1.12233
1.12226
1.12219
1.12212
1.12206
1.12199
1.12192
1.12185
1.12179
1.12172
1.12165
1.12158
1.12152
1.12145
1.12138
1.12131
1.12124
1.12118
1.12111
1.12104
1.12097
1.1209
1.12084
1.12077
1.1207
1.12063
1.12056
1.1205
1.12043
1.12036
1.12029
1.12022
1.12015
1.12009
1.12002
1.11995
1.11988
1.11981
1.11974
1.11967
1.11961
1.11954
1.11947
1.1194
1.11933
1.11926
1.11919
1.11913
1.11906
1.11899
1.11892
1.11885
1.11878
1.11871
1.11864
1.11857
1.11851
1.11844
1.11837
1.1183
1.11823
1.11816
1.11809
1.11802
1.11795
1.11788
1.11781
1.11774
1.11767
1.1176
1.11754
1.11747
1.1174
1.11733
1.11726
1.11719
1.11712
1.11705
1.11698
1.11691
1.11684
1.11677
1.1167
1.11663
1.11656
1.11649
1.11642
1.11635
1.11628
1.11621
1.11614
1.11607
1.116
1.11593
1.11586
1.11579
1.11572
1.11565
1.11558
1.11551
1.11544
1.11537
1.1153
1.11523
1.11516
1.11509
1.11502
1.11495
1.11487
1.1148
1.11473
1.11466
1.11459
1.11452
1.11445
1.11438
1.11431
1.11424
1.11417
1.1141
1.11403
1.11395
1.11388
1.11381
1.11374
1.11367
1.1136
1.11353
1.11346
1.11339
1.11331
1.11324
1.11317
1.1131
1.11303
1.11296
1.11289
1.11282
1.11274
1.11267
1.1126
1.11253
1.11246
1.11239
1.11231
1.11224
1.11217
1.1121
1.11203
1.11196
1.11188
1.11181
1.11174
1.11167
1.1116
1.11152
1.11145
1.11138
1.11131
1.11124
1.11116
1.11109
1.11102
1.11095
1.11088
1.1108
1.11073
1.11066
1.11059
1.11051
1.11044
1.11037
1.1103
1.11022
1.11015
1.11008
1.11001
1.10993
1.10986
1.10979
1.10972
1.10964
1.10957
1.1095
1.10943
1.10935
1.10928
1.10921
1.10913
1.10906
1.10899
1.10892
1.10884
1.10877
1.1087
1.10862
1.10855
1.10848
1.1084
1.10833
1.10826
1.10818
1.10811
1.10804
1.10796
1.10789
1.10782
1.10774
1.10767
1.1076
1.10752
1.10745
1.10738
1.1073
1.10723
1.10715
1.10708
1.10701
1.10693
1.10686
1.10679
1.10671
1.10664
1.10656
1.10649
1.10642
1.10634
1.10627
1.10619
1.10612
1.10605
1.10597
1.1059
1.10582
1.10575
1.10567
1.1056
1.10553
1.10545
1.10538
1.1053
1.10523
1.10515
1.10508
1.105
1.10493
1.10486
1.10478
1.10471
1.10463
1.10456
1.10448
1.10441
1.10433
1.10426
1.10418
1.10411
1.10403
1.10396
1.10388
1.10381
1.10373
1.10366
1.10358
1.10351
1.10343
1.10336
1.10328
1.10321
1.10313
1.10306
1.10298
1.10291
1.10283
1.10275
1.10268
1.1026
1.10253
1.10245
1.10238
1.1023
1.10223
1.10215
1.10207
1.102
1.10192
1.10185
1.10177
1.1017
1.10162
1.10154
1.10147
1.10139
1.10132
1.10124
1.10116
1.10109
1.10101
1.10094
1.10086
1.10078
1.10071
1.10063
1.10055
1.10048
1.1004
1.10033
1.10025
1.10017
1.1001
1.10002
1.09994
1.09987
1.09979
1.09971
1.09964
1.09956
1.09948
1.09941
1.09933
1.09925
1.09918
1.0991
1.09902
1.09895
1.09887
1.09879
1.09872
1.09864
1.09856
1.09848
1.09841
1.09833
1.09825
1.09818
1.0981
1.09802
1.09794
1.09787
1.09779
1.09771
1.09763
1.09756
1.09748
1.0974
1.09732
1.09725
1.09717
1.09709
1.09701
1.09694
1.09686
1.09678
1.0967
1.09663
1.09655
1.09647
1.09639
1.09631
1.09624
1.09616
1.09608
1.096
1.09592
1.09585
1.09577
1.09569
1.09561
1.09553
1.09546
1.09538
1.0953
1.09522
1.09514
1.09506
1.09499
1.09491
1.09483
1.09475
1.09467
1.09459
1.09452
1.09444
1.09436
1.09428
1.0942
1.09412
1.09404
1.09396
1.09389
1.09381
1.09373
1.09365
1.09357
1.09349
1.09341
1.09333
1.09325
1.09318
1.0931
1.09302
1.09294
1.09286
1.09278
1.0927
1.09262
1.09254
1.09246
1.09238
1.0923
1.09222
1.09215
1.09207
1.09199
1.09191
1.09183
1.09175
1.09167
1.09159
1.09151
1.09143
1.09135
1.09127
1.09119
1.09111
1.09103
1.09095
1.09087
1.09079
1.09071
1.09063
1.09055
1.09047
1.09039
1.09031
1.09023
1.09015
1.09007
1.08999
1.08991
1.08983
1.08975
1.08967
1.08959
1.08951
1.08943
1.08935
1.08927
1.08919
1.0891
1.08902
1.08894
1.08886
1.08878
1.0887
1.08862
1.08854
1.08846
1.08838
1.0883
1.08822
1.08814
1.08806
1.08797
1.08789
1.08781
1.08773
1.08765
1.08757
1.08749
1.08741
1.08733
1.08724
1.08716
1.08708
1.087
1.08692
1.08684
1.08676
1.08667
1.08659
1.08651
1.08643
1.08635
1.08627
1.08619
1.0861
1.08602
1.08594
1.08586
1.08578
1.0857
1.08561
1.08553
1.08545
1.08537
1.08529
1.0852
1.08512
1.08504
1.08496
1.08488
1.08479
1.08471
1.08463
1.08455
1.08447
1.08438
1.0843
1.08422
1.08414
1.08405
1.08397
1.08389
1.08381
1.08372
1.08364
1.08356
1.08348
1.08339
1.08331
1.08323
1.08315
1.08306
1.08298
1.0829
1.08282
1.08273
1.08265
1.08257
1.08248
1.0824
1.08232
1.08223
1.08215
1.08207
1.08199
1.0819
1.08182
1.08174
1.08165
1.08157
1.08149
1.0814
1.08132
1.08124
1.08115
1.08107
1.08099
1.0809
1.08082
1.08074
1.08065
1.08057
1.08048
1.0804
1.08032
1.08023
1.08015
1.08007
1.07998
1.0799
1.07981
1.07973
1.07965
1.07956
1.07948
1.0794
1.07931
1.07923
1.07914
1.07906
1.07897
1.07889
1.07881
1.07872
1.07864
1.07855
1.07847
1.07838
1.0783
1.07822
1.07813
1.07805
1.07796
1.07788
1.07779
1.07771
1.07762
1.07754
1.07746
1.07737
1.07729
1.0772
1.07712
1.07703
1.07695
1.07686
1.07678
1.07669
1.07661
1.07652
1.07644
1.07635
1.07627
1.07618
1.0761
1.07601
1.07593
1.07584
1.07576
1.07567
1.07558
1.0755
1.07541
1.07533
1.07524
1.07516
1.07507
1.07499
1.0749
1.07482
1.07473
1.07464
1.07456
1.07447
1.07439
1.0743
1.07422
1.07413
1.07404
1.07396
1.07387
1.07379
1.0737
1.07361
1.07353
1.07344
0.3
0.3
0.3
0.3
0.3
0.3
0.3
0.3
0.3
0.3
0.3
0.3
0.3
0.3
0.3
0.3
0.3
0.3
0.3
0.3
0.3
0.3
0.3
0.3
0.3
0.3
0.3
0.3
0.3
0.3
0.3
0.3
0.3
0.3
0.3
0.3
0.3
0.3
0.3
0.3
0.3
0.3
0.3
0.3
0.3
0.3
0.3
0.3
0.3
0.3
0.3
0.3
0.3
0.3
0.3
0.3
0.3
0.3
0.3
0.3
0.3
0.3
0.3
0.3
0.3
0.3
0.3
0.3
0.3
0.3
0.3
0.3
0.3
0.3
0.3
0.3
0.3
0.3
0.3
0.3
0.3
0.3
0.3
0.3
0.3
0.3
0.3
0.3
0.3
0.3
0.3
0.3
0.3
0.3
0.3
0.3
0.3
0.3
0.3
0.3
0.3
0.3
0.3
0.3
0.3
0.3
0.3
0.3
0.3
0.3
0.3
0.3
0.3
0.3
0.3
0.3
0.3
0.3
0.3
0.3
0.3
0.3
0.3
0.3
0.3
0.3
0.3
0.3
0.3
0.3
0.3
0.3
0.3
0.3
0.3
0.3
0.3
0.3
0.3
0.3
0.3
0.3
0.3
0.3
0.3
0.3
0.3
0.3
0.3
0.3
0.3
0.3
0.3
0.3
0.3
0.3
0.3
0.3
0.3
0.3
0.3
0.3
0.3
0.3
0.3
0.3
0.3
0.3
0.3
0.3
0.3
0.3
0.3
0.3
0.3
0.3
0.3
0.3
0.3
0.3
0.3
0.3
0.3
0.3
0.3
0.3
0.3
0.3
0.3
0.3
0.3
0.3
0.3
0.3
0.3
0.3
0.3
0.3
0.3
0.3
0.3
0.3
0.3
0.3
0.3
0.3
0.3
0.3
0.3
0.3
0.3
0.3
0.3
0.3
0.3
0.3
0.3
0.3
0.3
0.3
0.3
0.3
0.3
0.3
0.3
0.3
0.3
0.3
0.3
0.3
0.3
0.3
0.3
0.3
0.3
0.3
0.3
0.3
0.3
0.3
0.3
0.3
0.3
0.3
0.3
0.3
0.3
0.3
0.3
0.3
0.3
0.3
0.3
0.3
0.3
0.3
0.3
0.3
0.3
0.3
0.3
0.3
0.3
0.3
0.3
0.3
0.3
0.3
0.3
0.3
0.3
0.3
0.3
0.3
0.3
0.3
0.3
0.3
0.3
0.3
0.3
0.3
0.3
0.3
0.3
0.3
0.3
0.3
0.3
0.3
0.3
0.3
0.3
0.3
0.3
0.3
0.3
0.3
0.3
0.3
0.3
0.3
0.3
0.3
0.3
0.3
0.3
0.3
0.3
0.3
0.3
0.3
0.3
0.3
0.3
0.3
0.3
0.3
0.3
0.3
0.3
0.3
0.3
0.3
0.3
0.3
0.3
0.3
0.3
0.3
0.3
0.3
0.3
0.3
0.3
0.3
0.3
0.3
0.3
0.3
0.3
0.3
0.3
0.3
0.3
0.3
0.3
0.3
0.3
0.3
0.3
0.3
0.3
0.3
0.3
0.3
0.3
0.3
0.3
0.3
0.3
0.3
0.3
0.3
0.3
0.3
0.3
0.3
0.3
0.3
0.3
0.3
0.3
0.3
0.3
0.3
0.3
0.3
0.3
0.3
0.3
0.3
0.3
0.3
0.3
0.3
0.3
0.3
0.3
0.3
0.3
0.3
0.3
0.3
0.3
0.3
0.3
0.3
0.3
0.3
0.3
0.3
0.3
0.3
0.3
0.3
0.3
0.3
0.3
0.3
0.3
0.3
0.3
0.3
0.3
0.3
0.3
0.3
0.3
0.3
0.3
0.3
0.3
0.3
0.3
0.3
0.3
0.3
0.3
0.3
0.3
0.3
0.3
0.3
0.3
0.3
0.3
0.3
0.3
0.3
0.3
0.3
0.3
0.3
0.3
0.3
0.3
0.3
0.3
0.3
0.3
0.3
0.3
0.3
0.3
0.3
0.3
0.3
0.3
0.3
0.3
0.3
0.3
0.3
0.3
0.3
0.3
0.3
0.3
0.3
0.3
0.3
0.3
0.3
0.3
0.3
0.3
0.3
0.3
0.3
0.3
0.3
0.3
0.3
0.3
0.3
0.3
0.3
0.3
0.3
0.3
0.3
0.3
0.3
0.3
0.3
0.3
0.3
0.3
0.3
0.3
0.3
0.3
0.3
0.3
0.3
0.3
0.3
0.3
0.3
0.3
0.3
0.3
0.3
0.3
0.3
0.3
0.3
0.3
0.3
0.3
0.3
0.3
0.3
0.3
0.3
0.3
0.3
0.3
0.3
0.3
0.3
0.3
0.3
0.3
0.3
0.3
0.3
0.3
0.3
0.3
0.3
0.3
0.3
0.3
0.3
0.3
0.3
0.3
0.3
0.3
0.3
0.3
0.3
0.3
0.3
0.3
0.3
0.3
0.3
0.3
0.3
0.3
0.3
0.3
0.3
0.3
0.3
0.3
0.3
0.3
0.3
0.3
0.3
0.3
0.3
0.3
0.3
0.3
0.3
0.3
0.3
0.3
0.3
0.3
0.3
0.3
0.3
0.3
0.3
0.3
0.3
0.3
0.3
0.3
0.3
0.3
0.3
0.3
0.3
0.3
0.3
0.3
0.3
0.3
0.3
0.3
0.3
0.3
0.3
0.3
0.3
0.3
0.3
0.3
0.3
0.3
0.3
0.3
0.3
0.3
0.3
0.3
0.3
0.3
0.3
0.3
0.3
0.3
0.3
0.3
0.3
0.3
0.3
0.3
0.3
0.3
0.3
0.3
0.3
0.3
0.3
0.3
0.3
0.3
0.3
0.3
0.3
0.3
0.3
0.3
0.3
0.3
0.3
0.3
0.3
0.3
0.3
0.3
0.3
0.3
0.3
0.3
0.3
0.3
0.3
0.3
0.3
0.3
0.3
0.3
0.3
0.3
0.3
0.3
0.3
0.3
0.3
0.3
0.3
0.3
0.3
0.3
0.3
0.3
0.3
0.3
0.3
0.3
0.3
0.3
0.3
0.3
0.3
0.3
0.3
0.3
0.3
0.3
0.3
0.3
0.3
0.3
0.3
0.3
0.3
0.3
0.3
0.3
0.3
0.3
0.3
0.3
0.3
0.3
0.3
0.3
0.3
0.3
0.3
0.3
0.3
0.3
0.3
0.3
0.3
0.3
0.3
0.3
0.3
0.3
0.3
0.3
0.3
0.3
0.3
0.3
0.3
0.3
0.3
0.3
0.3
0.3
0.3
0.3
0.3
0.3
0.3
0.3
0.3
0.3
0.3
0.3
0.3
0.3
0.3
0.3
0.3
0.3
0.3
0.3
0.3
0.3
0.3
0.3
0.3
0.3
0.3
0.3
0.3
0.3
0.3
0.3
0.3
0.3
0.3
0.3
0.3
0.3
0.3
0.3
0.3
0.3
0.3
0.3
0.3
0.3
0.3
0.3
0.3
0.3
0.3
0.3
0.3
0.3
0.3
0.3
0.3
0.3
0.3
0.3
0.3
0.3
0.3
0.3
0.3
0.3
0.3
0.3
0.3
0.3
0.3
0.3
0.3
0.3
0.3
0.3
0.3
0.3
0.3
0.3
0.3
0.3
0.3
0.3
0.3
0.3
0.3
0.3
0.3
0.3
0.3
0.3
0.3
0.3
0.3
0.3
0.3
0.3
0.3
0.3
0.3
0.3
0.3
0.3
0.3
0.3
0.3
0.3
0.3
0.3
0.3
0.3
0.3
0.3
0.3
0.3
0.3
0.3
0.3
0.3
0.3
0.3
0.3
0.3
0.3
0.3
0.3
0.3
0.3
0.3
0.3
0.3
0.3
0.3
0.3
0.3
0.3
0.3
0.3
0.3
0.3
0.3
0.3
0.3
0.3
0.3
0.3
0.3
0.3
0.3
0.3
0.3
0.3
0.3
0.3
0.3
0.3
0.3
0.3
0.3
0.3
0.3
0.3
0.3
0.3
0.3
0.3
0.3
0.3
0.3
0.3
0.3
0.3
0.3
0.3
0.3
0.3
0.3
0.3
0.3
0.3
0.3
0.3
0.3
0.3
0.3
0.3
0.3
0.3
0.3
0.3
0.3
0.3
0.3
0.3
0.3
0.3
0.3
0.3
0.3
0.3
0.3
0.3
0.3
0.3
0.3
0.3
0.3
0.3
0.3
0.3
0.3
0.3
0.3
0.3
0.3
0.3
0.3
0.3
0.3
0.3
0.3
0.3
0.3
0.3
0.3
0.3
0.3
0.3
0.3
0.3
0.3
0.3
0.3
0.3
0.3
0.3
0.3
0.3
0.3
0.3
0.3
0.3
0.3
0.3
0.3
0.3
0.3
0.3
0.3
0.3
0.3
0.3
0.3
0.3
0.3
0.3
0.3
0.3
0.3
0.3
0.3
0.3
0.3
0.3
0.3
0.3
0.3
0.3
0.3
0.3
0.3
0.3
0.3
0.3
0.3
0.3
0.3
0.3
0.3
0.3
0.3
0.3
0.3
0.3
0.3
0.3
0.3
0.3
0.3
0.3
0.3
0.3
0.3
0.3
0.3
0.3
0.3
0.3
0.3
0.3
0.3
0.3
0.3
0.3
0.3
0.3
0.3
0.3
0.3
0.3
0.3
0.3
0.3
0.3
0.3
0.3
0.3
0.3
0.3
0.3
0.3
0.3
0.3
0.3
0.3
0.3
0.3
0.3
0.3
0.3
0.3
0.3
0.3
0.3
0.3
0.3
0.3
0.3
0.3
0.3
0.3
0.3
0.3
0.3
0.3
0.3
0.3
0.3
0.3
0.3
0.3
0.3
0.3
0.3
0.3
0.3
0.3
0.3
0.3
0.3
0.3
0.3
0.3
0.3
0.3
0.3
0.3
0.3
0.3
0.3
0.3
0.3
0.3
0.3
0.3
0.3
0.3
0.3
0.3
0.3
0.3
0.3
0.3
0.3
0.3
0.3
0.3
0.3
0.3
0.3
0.3
0.3
0.3
0.3
0.3
0.3
0.3
0.3
0.3
0.3
0.3
0.3
0.3
0.3
0.3
0.3
0.3
0.3
0.3
0.3
0.3
0.3
0.3
0.3
0.3
0.3
0.3
0.3
0.3
0.3
0.3
0.3
0.3
0.3
0.3
0.3
0.3
0.3
0.3
0.3
0.3
0.3
0.3
0.3
0.3
0.3
0.3
0.3
0.3
0.3
0.3
0.3
0.3
0.3
0.3
0.3
0.3
0.3
0.3
0.3
0.3
0.3
0.3
0.3
0.3
0.3
0.3
0.3
0.3
0.3
0.3
0.3
0.3
0.3
0.3
0.3
0.3
0.3
0.3
0.3
0.3
0.3
0.3
0.3
0.3
0.3
0.3
0.3
0.3
0.3
0.3
0.3
0.3
0.3
0.3
0.3
0.3
0.3
0.3
0.3
0.3
0.3
0.3
0.3
0.3
0.3
0.3
0.3
0.3
0.3
0.3
0.3
0.3
0.3
0.3
0.3
0.3
0.3
0.3
0.3
0.3
0.3
0.3
0.3
0.3
0.3
0.3
0.3
0.3
0.3
0.3
0.3
0.3
0.3
0.3
0.3
0.3
0.3
0.3
0.3
0.3
0.3
0.3
0.3
0.3
0.3
0.3
0.3
0.3
0.3
0.3
0.3
0.3
0.3
0.3
0.3
0.3
0.3
0.3
0.3
0.3
0.3
0.3
0.3
0.3
0.3
0.3
0.3
0.3
0.3
0.3
0.3
0.3
0.3
0.3
0.3
0.3
0.3
0.3
0.3
0.3
0.3
0.3
0.3
0.3
0.3
0.3
0.3
0.3
0.3
0.3
0.3
0.3
0.3
0.3
0.3
0.3
0.3
0.3
0.3
0.3
0.3
0.3
0.3
0.3
0.3
0.3
0.3
0.3
0.3
0.3
0.3
0.3
0.3
0.3
0.3
0.3
0.3
0.3
0.3
0.3
0.3
0.3
0.3
0.3
0.3
0.3
0.3
0.3
0.3
0.3
0.3
0.3
0.3
0.3
0.3
0.3
0.3
0.3
0.3
0.3
0.3
0.3
0.3
0.3
0.3
0.3
0.3
0.3
0.3
0.3
0.3
0.3
0.3
0.3
0.3
0.3
0.3
0.3
0.3
0.3
0.3
0.3
0.3
0.3
0.3
0.3
0.3
0.3
0.3
0.3
0.3
0.3
0.3
0.3
0.3
0.3
0.3
0.3
0.3
0.3
0.3
0.3
0.3
0.3
0.3
0.3
0.3
0.3
0.3
0.3
0.3
0.3
0.3
0.3
0.3
0.3
0.3
0.3
0.3
0.3
0.3
0.3
0.3
0.3
0.3
0.3
0.3
0.3
0.3
0.3
0.3
0.3
0.3
0.3
0.3
0.3
0.3
0.3
0.3
0.3
0.3
0.3
0.3
0.3
0.3
0.3
0.3
0.3
0.3
0.3
0.3
0.3
0.3
0.3
0.3
0.3
0.3
0.3
0.3
0.3
0.3
0.3
0.3
0.3
0.3
0.3
0.3
0.3
0.3
0.3
0.3
0.3
0.3
0.3
0.3
0.3
0.3
0.3
0.3
0.3
0.3
0.3
0.3
0.3
0.3
0.3
0.3
0.3
0.3
0.3
0.3
0.3
0.3
0.3
0.3
0.3
0.3
0.3
0.3
0.3
0.3
0.3
0.3
0.3
0.3
0.3
0.3
0.3
0.3
0.3
0.3
0.3
0.3
0.3
0.3
0.3
0.3
0.3
0.3
0.3
0.3
0.3
0.3
0.3
0.3
0.3
0.3
0.3
0.3
0.3
0.3
0.3
0.3
0.3
0.3
0.3
0.3
0.3
0.3
0.3
0.3
0.3
0.3
0.3
0.3
0.3
0.3
0.3
0.3
0.3
0.3
0.3
0.3
0.3
0.3
0.3
0.3
0.3
0.3
0.3
0.3
0.3
0.3
0.3
0.3
0.3
0.3
0.3
0.3
0.3
0.3
0.3
0.3
0.3
0.3
0.3
0.3
0.3
0.3
0.3
0.3
0.3
0.3
0.3
0.3
0.3
0.3
0.3
0.3
0.3
0.3
0.3
0.3
0.3
0.3
0.3
0.3
0.3
0.3
0.3
0.3
0.3
0.3
0.3
0.3
0.3
0.3
0.3
0.3
0.3
0.3
0.3
0.3
0.3
0.3
0.3
0.3
0.3
0.3
0.3
0.3
0.3
0.3
0.3
0.3
0.3
0.3
0.3
0.3
0.3
0.3
0.3
0.3
0.3
0.3
0.3
0.3
0.3
0.3
0.3
0.3
0.3
0.3
0.3
0.3
0.3
0.3
0.3
0.3
0.3
0.3
0.3
0.3
0.3
0.3
0.3
0.3
0.3
0.3
0.3
0.3
0.3
0.3
0.3
0.3
0.3
0.3
0.3
0.3
0.3
0.3
0.3
0.3
0.3
0.3
0.3
0.3
0.3
0.3
0.3
0.3
0.3
0.3
0.3
0.3
0.3
0.3
0.3
0.3
0.3
0.3
0.3
0.3
0.3
0.3
0.3
0.3
0.3
0.3
0.3
0.3
0.3
0.3
0.3
0.3
0.3
0.3
0.3
0.3
0.3
0.3
0.3
0.3
0.3
0.3
0.3
0.3
0.3
0.3
0.3
0.3
0.3
0.3
0.3
0.3
0.3
0.3
0.3
0.3
0.3
0.3
0.3
0.3
0.3
0.3
0.3
0.3
0.3
0.3
0.3
0.3
0.3
0.3
0.3
0.3
0.3
0.3
0.3
0.3
0.3
0.3
0.3
0.3
0.3
0.3
0.3
0.3
0.3
0.3
0.3
0.3
0.3
0.3
0.3
0.3
0.3
0.3
0.3
0.3
0.3
0.3
0.3
0.3
0.3
0.3
0.3
0.3
0.3
0.3
0.3
0.3
0.3
0.3
0.3
0.3
0.3
0.3
0.3
0.3
0.3
0.3
0.3
0.3
0.3
0.3
0.3
0.3
0.3
0.3
0.3
0.3
0.3
0.3
0.3
0.3
0.3
0.3
0.3
0.3
0.3
0.3
0.3
0.3
0.3
0.3
0.3
0.3
0.3
0.3
0.3
0.3
0.3
0.3
0.3
0.3
0.3
0.3
0.3
0.3
0.3
0.3
0.3
0.3
0.3
0.3
0.3
0.3
0.3
0.3
0.3
0.3
0.3
0.3
0.3
0.3
0.3
0.3
0.3
0.3
0.3
0.3
0.3
0.3
0.3
0.3
0.3
0.3
0.3
0.3
0.3
0.3
0.3
0.3
0.3
0.3
0.3
0.3
0.3
0.3
0.3
0.3
0.3
0.3
0.3
0.3
0.3
0.3
0.3
0.3
0.3
0.3
0.3
0.3
0.3
0.3
0.3
0.3
0.3
0.3
0.3
0.3
0.3
0.3
0.3
0.3
0.3
0.3
0.3
0.3
0.3
0.3
0.3
0.3
0.3
0.3
0.3
0.3
0.3
0.3
0.3
0.3
0.3
0.3
0.3
0.3
0.3
0.3
0.3
0.3
0.3
0.3
0.3
0.3
0.3
0.3
0.3
0.3
0.3
0.3
0.3
0.3
0.3
0.3
0.3
0.3
0.3
0.3
0.3
0.3
0.3
0.3
0.3
0.3
0.3
0.3
0.3
0.3
0.3
0.3
0.3
0.3
0.3
0.3
0.3
0.3
0.3
0.3
0.3
0.3
0.3
0.3
0.3
0.3
0.3
0.3
0.3
0.3
0.3
0.3
0.3
0.3
0.3
0.3
0.3
0.3
0.3
0.3
0.3
0.3
0.3
0.3
0.3
0.3
0.3
0.3
0.3
0.3
0.3
0.3
0.3
0.3
0.3
0.3
0.3
0.3
0.3
0.3
0.3
0.3
0.3
0.3
0.3
0.3
0.3
0.3
0.3
0.3
0.3
0.3
0.3
0.3
0.3
0.3
0.3
0.3
0.3
0.3
0.3
0.3
0.3
0.3
0.3
0.3
0.3
0.3
0.3
0.3
0.3
0.3
0.3
0.3
0.3
0.3
0.3
0.3
0.3
0.3
0.3
0.3
0.3
0.3
0.3
0.3
0.3
0.3
0.3
0.3
0.3
0.3
0.3
0.3
0.3
0.3
0.3
0.3
0.3
0.3
0.3
0.3
0.3
0.3
0.3
0.3
0.3
0.3
0.3
0.3
0.3
0.3
0.3
0.3
0.3
0.3
0.3
0.3
0.3
0.3
0.3
0.3
0.3
0.3
0.3
0.3
0.3
0.3
0.3
0.3
0.3
0.3
0.3
0.3
0.3
0.3
0.3
0.3
0.3
0.3
0.3
0.3
0.3
0.3
0.3
0.3
0.3
0.3
0.3
0.3
0.3
0.3
0.3
0.3
0.3
0.3
0.3
0.3
0.3
0.3
0.3
0.3
0.3
0.3
0.3
0.3
0.3
0.3
0.3
0.3
0.3
0.3
0.3
0.3
0.3
0.3
0.3
0.3
0.3
0.3
0.3
0.3
0.3
0.3
0.3
0.3
0
0
0
0
0
0
0
0
0
0
0
0
0
0
0
0
0
0
0
0
0
0
0
0
0
0
0
0
0
0
0
0
0
0
0
0
0
0
0
0
0
0
0
0
0
0
0
0
0
0
0
0
0
0
0
0
0
0
0
0
0
0
0
0
0
0
0
0
0
0
0
0
0
0
0
0
0
0
0
0
0
0
0
0
0
0
0
0
0
0
0
0
0
0
0
0
0
0
0
0
0
0
0
0
0
0
0
0
0
0
0
0
0
0
0
0
0
0
0
0
0
0
0
0
0
0
0
0
0
0
0
0
0
0
0
0
0
0
0
0
0
0
0
0
0
0
0
0
0
0
0
0
0
0
0
0
0
0
0
0
0
0
0
0
0
0
0
0
0
0
0
0
0
0
0
0
0
0
0
0
0
0
0
0
0
0
0
0
0
0
0
0
0
0
0
0
