0 0 0 0 0 0 
0.0100503 0.0100503 0.0100503 1.38462e+11 1.38462e+11 2.72649e+11 
0.0201005 0.0201005 0.0201005 2.76785e+11 2.76785e+11 5.45026e+11 
0.0301508 0.0301508 0.0301508 4.14833e+11 4.14833e+11 8.16859e+11 
0.040201 0.040201 0.040201 5.52467e+11 5.52467e+11 1.08788e+12 
0.0502513 0.0502513 0.0502513 6.89551e+11 6.89551e+11 1.35781e+12 
0.0603015 0.0603015 0.0603015 8.25947e+11 8.25947e+11 1.62639e+12 
0.0703518 0.0703518 0.0703518 9.6152e+11 9.6152e+11 1.89335e+12 
0.080402 0.080402 0.080402 1.09613e+12 1.09613e+12 2.15843e+12 
0.0904523 0.0904523 0.0904523 1.22966e+12 1.22966e+12 2.42135e+12 
0.100503 0.100503 0.100503 1.36195e+12 1.36195e+12 2.68186e+12 
0.110553 0.110553 0.110553 1.49289e+12 1.49289e+12 2.93969e+12 
0.120603 0.120603 0.120603 1.62234e+12 1.62234e+12 3.19459e+12 
0.130653 0.130653 0.130653 1.75017e+12 1.75017e+12 3.44631e+12 
0.140704 0.140704 0.140704 1.87626e+12 1.87626e+12 3.6946e+12 
0.150754 0.150754 0.150754 2.00048e+12 2.00048e+12 3.9392e+12 
0.160804 0.160804 0.160804 2.1227e+12 2.1227e+12 4.17987e+12 
0.170854 0.170854 0.170854 2.24281e+12 2.24281e+12 4.41638e+12 
0.180905 0.180905 0.180905 2.36068e+12 2.36068e+12 4.64849e+12 
0.190955 0.190955 0.190955 2.4762e+12 2.4762e+12 4.87596e+12 
0.201005 0.201005 0.201005 2.58925e+12 2.58925e+12 5.09857e+12 
0.211055 0.211055 0.211055 2.69972e+12 2.69972e+12 5.3161e+12 
0.221106 0.221106 0.221106 2.8075e+12 2.8075e+12 5.52833e+12 
0.231156 0.231156 0.231156 2.91248e+12 2.91248e+12 5.73505e+12 
0.241206 0.241206 0.241206 3.01456e+12 3.01456e+12 5.93605e+12 
0.251256 0.251256 0.251256 3.11363e+12 3.11363e+12 6.13114e+12 
0.261307 0.261307 0.261307 3.2096e+12 3.2096e+12 6.32011e+12 
0.271357 0.271357 0.271357 3.30237e+12 3.30237e+12 6.50278e+12 
0.281407 0.281407 0.281407 3.39185e+12 3.39185e+12 6.67898e+12 
0.291457 0.291457 0.291457 3.47794e+12 3.47794e+12 6.84851e+12 
0.301508 0.301508 0.301508 3.56057e+12 3.56057e+12 7.01122e+12 
0.311558 0.311558 0.311558 3.63965e+12 3.63965e+12 7.16693e+12 
0.321608 0.321608 0.321608 3.7151e+12 3.7151e+12 7.31551e+12 
0.331658 0.331658 0.331658 3.78685e+12 3.78685e+12 7.45679e+12 
0.341709 0.341709 0.341709 3.85482e+12 3.85482e+12 7.59064e+12 
0.351759 0.351759 0.351759 3.91895e+12 3.91895e+12 7.71692e+12 
0.361809 0.361809 0.361809 3.97918e+12 3.97918e+12 7.83551e+12 
0.371859 0.371859 0.371859 4.03544e+12 4.03544e+12 7.94629e+12 
0.38191 0.38191 0.38191 4.08767e+12 4.08767e+12 8.04915e+12 
0.39196 0.39196 0.39196 4.13583e+12 4.13583e+12 8.14398e+12 
0.40201 0.40201 0.40201 4.17987e+12 4.17987e+12 8.2307e+12 
0.41206 0.41206 0.41206 4.21974e+12 4.21974e+12 8.30921e+12 
0.422111 0.422111 0.422111 4.25541e+12 4.25541e+12 8.37944e+12 
0.432161 0.432161 0.432161 4.28683e+12 4.28683e+12 8.44131e+12 
0.442211 0.442211 0.442211 4.31398e+12 4.31398e+12 8.49477e+12 
0.452261 0.452261 0.452261 4.33683e+12 4.33683e+12 8.53977e+12 
0.462312 0.462312 0.462312 4.35536e+12 4.35536e+12 8.57625e+12 
0.472362 0.472362 0.472362 4.36954e+12 4.36954e+12 8.60418e+12 
0.482412 0.482412 0.482412 4.37937e+12 4.37937e+12 8.62354e+12 
0.492462 0.492462 0.492462 4.38483e+12 4.38483e+12 8.6343e+12 
0.502513 0.502513 0.502513 4.38593e+12 4.38593e+12 8.63645e+12 
0.512563 0.512563 0.512563 4.38265e+12 4.38265e+12 8.62999e+12 
0.522613 0.522613 0.522613 4.375e+12 4.375e+12 8.61493e+12 
0.532663 0.532663 0.532663 4.36299e+12 4.36299e+12 8.59129e+12 
0.542714 0.542714 0.542714 4.34663e+12 4.34663e+12 8.55908e+12 
0.552764 0.552764 0.552764 4.32594e+12 4.32594e+12 8.51833e+12 
0.562814 0.562814 0.562814 4.30094e+12 4.30094e+12 8.4691e+12 
0.572864 0.572864 0.572864 4.27165e+12 4.27165e+12 8.41142e+12 
0.582915 0.582915 0.582915 4.2381e+12 4.2381e+12 8.34536e+12 
0.592965 0.592965 0.592965 4.20033e+12 4.20033e+12 8.27098e+12 
0.603015 0.603015 0.603015 4.15837e+12 4.15837e+12 8.18836e+12 
0.613065 0.613065 0.613065 4.11226e+12 4.11226e+12 8.09757e+12 
0.623116 0.623116 0.623116 4.06206e+12 4.06206e+12 7.99871e+12 
0.633166 0.633166 0.633166 4.00781e+12 4.00781e+12 7.89188e+12 
0.643216 0.643216 0.643216 3.94956e+12 3.94956e+12 7.77718e+12 
0.653266 0.653266 0.653266 3.88737e+12 3.88737e+12 7.65473e+12 
0.663317 0.663317 0.663317 3.82131e+12 3.82131e+12 7.52465e+12 
0.673367 0.673367 0.673367 3.75144e+12 3.75144e+12 7.38707e+12 
0.683417 0.683417 0.683417 3.67783e+12 3.67783e+12 7.24212e+12 
0.693467 0.693467 0.693467 3.60056e+12 3.60056e+12 7.08996e+12 
0.703518 0.703518 0.703518 3.51969e+12 3.51969e+12 6.93073e+12 
0.713568 0.713568 0.713568 3.43532e+12 3.43532e+12 6.76459e+12 
0.723618 0.723618 0.723618 3.34752e+12 3.34752e+12 6.5917e+12 
0.733668 0.733668 0.733668 3.25639e+12 3.25639e+12 6.41225e+12 
0.743719 0.743719 0.743719 3.16201e+12 3.16201e+12 6.2264e+12 
0.753769 0.753769 0.753769 3.06448e+12 3.06448e+12 6.03435e+12 
0.763819 0.763819 0.763819 2.96389e+12 2.96389e+12 5.83628e+12 
0.773869 0.773869 0.773869 2.86035e+12 2.86035e+12 5.63239e+12 
0.78392 0.78392 0.78392 2.75396e+12 2.75396e+12 5.42289e+12 
0.79397 0.79397 0.79397 2.64482e+12 2.64482e+12 5.20799e+12 
0.80402 0.80402 0.80402 2.53304e+12 2.53304e+12 4.98789e+12 
0.81407 0.81407 0.81407 2.41875e+12 2.41875e+12 4.76282e+12 
0.824121 0.824121 0.824121 2.30204e+12 2.30204e+12 4.533e+12 
0.834171 0.834171 0.834171 2.18303e+12 2.18303e+12 4.29866e+12 
0.844221 0.844221 0.844221 2.06185e+12 2.06185e+12 4.06004e+12 
0.854271 0.854271 0.854271 1.93861e+12 1.93861e+12 3.81737e+12 
0.864322 0.864322 0.864322 1.81344e+12 1.81344e+12 3.5709e+12 
0.874372 0.874372 0.874372 1.68647e+12 1.68647e+12 3.32087e+12 
0.884422 0.884422 0.884422 1.55781e+12 1.55781e+12 3.06753e+12 
0.894472 0.894472 0.894472 1.4276e+12 1.4276e+12 2.81112e+12 
0.904523 0.904523 0.904523 1.29597e+12 1.29597e+12 2.55192e+12 
0.914573 0.914573 0.914573 1.16304e+12 1.16304e+12 2.29017e+12 
0.924623 0.924623 0.924623 1.02896e+12 1.02896e+12 2.02614e+12 
0.934673 0.934673 0.934673 8.93845e+11 8.93845e+11 1.76009e+12 
0.944724 0.944724 0.944724 7.57843e+11 7.57843e+11 1.49229e+12 
0.954774 0.954774 0.954774 6.21086e+11 6.21086e+11 1.223e+12 
0.964824 0.964824 0.964824 4.8371e+11 4.8371e+11 9.52487e+11 
0.974874 0.974874 0.974874 3.45852e+11 3.45852e+11 6.81027e+11 
0.984925 0.984925 0.984925 2.07649e+11 2.07649e+11 4.08888e+11 
0.994975 0.994975 0.994975 6.92395e+10 6.92395e+10 1.36341e+11 
1.00503 1.00503 1.00503 6.92395e+10 6.92395e+10 1.36341e+11 
1.01508 1.01508 1.01508 2.07649e+11 2.07649e+11 4.08888e+11 
1.02513 1.02513 1.02513 3.45852e+11 3.45852e+11 6.81027e+11 
1.03518 1.03518 1.03518 4.8371e+11 4.8371e+11 9.52487e+11 
1.04523 1.04523 1.04523 6.21086e+11 6.21086e+11 1.223e+12 
1.05528 1.05528 1.05528 7.57843e+11 7.57843e+11 1.49229e+12 
1.06533 1.06533 1.06533 8.93845e+11 8.93845e+11 1.76009e+12 
1.07538 1.07538 1.07538 1.02896e+12 1.02896e+12 2.02614e+12 
1.08543 1.08543 1.08543 1.16304e+12 1.16304e+12 2.29017e+12 
1.09548 1.09548 1.09548 1.29597e+12 1.29597e+12 2.55192e+12 
1.10553 1.10553 1.10553 1.4276e+12 1.4276e+12 2.81112e+12 
1.11558 1.11558 1.11558 1.55781e+12 1.55781e+12 3.06753e+12 
1.12563 1.12563 1.12563 1.68647e+12 1.68647e+12 3.32087e+12 
1.13568 1.13568 1.13568 1.81344e+12 1.81344e+12 3.5709e+12 
1.14573 1.14573 1.14573 1.93861e+12 1.93861e+12 3.81737e+12 
1.15578 1.15578 1.15578 2.06185e+12 2.06185e+12 4.06004e+12 
1.16583 1.16583 1.16583 2.18303e+12 2.18303e+12 4.29866e+12 
1.17588 1.17588 1.17588 2.30204e+12 2.30204e+12 4.533e+12 
1.18593 1.18593 1.18593 2.41875e+12 2.41875e+12 4.76282e+12 
1.19598 1.19598 1.19598 2.53304e+12 2.53304e+12 4.98789e+12 
1.20603 1.20603 1.20603 2.64482e+12 2.64482e+12 5.20799e+12 
1.21608 1.21608 1.21608 2.75396e+12 2.75396e+12 5.42289e+12 
1.22613 1.22613 1.22613 2.86035e+12 2.86035e+12 5.63239e+12 
1.23618 1.23618 1.23618 2.96389e+12 2.96389e+12 5.83628e+12 
1.24623 1.24623 1.24623 3.06448e+12 3.06448e+12 6.03435e+12 
1.25628 1.25628 1.25628 3.16201e+12 3.16201e+12 6.2264e+12 
1.26633 1.26633 1.26633 3.25639e+12 3.25639e+12 6.41225e+12 
1.27638 1.27638 1.27638 3.34752e+12 3.34752e+12 6.5917e+12 
1.28643 1.28643 1.28643 3.43532e+12 3.43532e+12 6.76459e+12 
1.29648 1.29648 1.29648 3.51969e+12 3.51969e+12 6.93073e+12 
1.30653 1.30653 1.30653 3.60056e+12 3.60056e+12 7.08996e+12 
1.31658 1.31658 1.31658 3.67783e+12 3.67783e+12 7.24212e+12 
1.32663 1.32663 1.32663 3.75144e+12 3.75144e+12 7.38707e+12 
1.33668 1.33668 1.33668 3.82131e+12 3.82131e+12 7.52465e+12 
1.34673 1.34673 1.34673 3.88737e+12 3.88737e+12 7.65473e+12 
1.35678 1.35678 1.35678 3.94956e+12 3.94956e+12 7.77718e+12 
1.36683 1.36683 1.36683 4.00781e+12 4.00781e+12 7.89188e+12 
1.37688 1.37688 1.37688 4.06206e+12 4.06206e+12 7.99871e+12 
1.38693 1.38693 1.38693 4.11226e+12 4.11226e+12 8.09757e+12 
1.39698 1.39698 1.39698 4.15837e+12 4.15837e+12 8.18836e+12 
1.40704 1.40704 1.40704 4.20033e+12 4.20033e+12 8.27098e+12 
1.41709 1.41709 1.41709 4.2381e+12 4.2381e+12 8.34536e+12 
1.42714 1.42714 1.42714 4.27165e+12 4.27165e+12 8.41142e+12 
1.43719 1.43719 1.43719 4.30094e+12 4.30094e+12 8.4691e+12 
1.44724 1.44724 1.44724 4.32594e+12 4.32594e+12 8.51833e+12 
1.45729 1.45729 1.45729 4.34663e+12 4.34663e+12 8.55908e+12 
1.46734 1.46734 1.46734 4.36299e+12 4.36299e+12 8.59129e+12 
1.47739 1.47739 1.47739 4.375e+12 4.375e+12 8.61493e+12 
1.48744 1.48744 1.48744 4.38265e+12 4.38265e+12 8.62999e+12 
1.49749 1.49749 1.49749 4.38593e+12 4.38593e+12 8.63645e+12 
1.50754 1.50754 1.50754 4.38483e+12 4.38483e+12 8.6343e+12 
1.51759 1.51759 1.51759 4.37937e+12 4.37937e+12 8.62354e+12 
1.52764 1.52764 1.52764 4.36954e+12 4.36954e+12 8.60418e+12 
1.53769 1.53769 1.53769 4.35536e+12 4.35536e+12 8.57625e+12 
1.54774 1.54774 1.54774 4.33683e+12 4.33683e+12 8.53977e+12 
1.55779 1.55779 1.55779 4.31398e+12 4.31398e+12 8.49477e+12 
1.56784 1.56784 1.56784 4.28683e+12 4.28683e+12 8.44131e+12 
1.57789 1.57789 1.57789 4.25541e+12 4.25541e+12 8.37944e+12 
1.58794 1.58794 1.58794 4.21974e+12 4.21974e+12 8.30921e+12 
1.59799 1.59799 1.59799 4.17987e+12 4.17987e+12 8.2307e+12 
1.60804 1.60804 1.60804 4.13583e+12 4.13583e+12 8.14398e+12 
1.61809 1.61809 1.61809 4.08767e+12 4.08767e+12 8.04915e+12 
1.62814 1.62814 1.62814 4.03544e+12 4.03544e+12 7.94629e+12 
1.63819 1.63819 1.63819 3.97918e+12 3.97918e+12 7.83551e+12 
1.64824 1.64824 1.64824 3.91895e+12 3.91895e+12 7.71692e+12 
1.65829 1.65829 1.65829 3.85482e+12 3.85482e+12 7.59064e+12 
1.66834 1.66834 1.66834 3.78685e+12 3.78685e+12 7.45679e+12 
1.67839 1.67839 1.67839 3.7151e+12 3.7151e+12 7.31551e+12 
1.68844 1.68844 1.68844 3.63965e+12 3.63965e+12 7.16693e+12 
1.69849 1.69849 1.69849 3.56057e+12 3.56057e+12 7.01122e+12 
1.70854 1.70854 1.70854 3.47794e+12 3.47794e+12 6.84851e+12 
1.71859 1.71859 1.71859 3.39185e+12 3.39185e+12 6.67898e+12 
1.72864 1.72864 1.72864 3.30237e+12 3.30237e+12 6.50278e+12 
1.73869 1.73869 1.73869 3.2096e+12 3.2096e+12 6.32011e+12 
1.74874 1.74874 1.74874 3.11363e+12 3.11363e+12 6.13114e+12 
1.75879 1.75879 1.75879 3.01456e+12 3.01456e+12 5.93605e+12 
1.76884 1.76884 1.76884 2.91248e+12 2.91248e+12 5.73505e+12 
1.77889 1.77889 1.77889 2.8075e+12 2.8075e+12 5.52833e+12 
1.78894 1.78894 1.78894 2.69972e+12 2.69972e+12 5.3161e+12 
1.79899 1.79899 1.79899 2.58925e+12 2.58925e+12 5.09857e+12 
1.80905 1.80905 1.80905 2.4762e+12 2.4762e+12 4.87596e+12 
1.8191 1.8191 1.8191 2.36068e+12 2.36068e+12 4.64849e+12 
1.82915 1.82915 1.82915 2.24281e+12 2.24281e+12 4.41638e+12 
1.8392 1.8392 1.8392 2.1227e+12 2.1227e+12 4.17987e+12 
1.84925 1.84925 1.84925 2.00048e+12 2.00048e+12 3.9392e+12 
1.8593 1.8593 1.8593 1.87626e+12 1.87626e+12 3.6946e+12 
1.86935 1.86935 1.86935 1.75017e+12 1.75017e+12 3.44631e+12 
1.8794 1.8794 1.8794 1.62234e+12 1.62234e+12 3.19459e+12 
1.88945 1.88945 1.88945 1.49289e+12 1.49289e+12 2.93969e+12 
1.8995 1.8995 1.8995 1.36195e+12 1.36195e+12 2.68186e+12 
1.90955 1.90955 1.90955 1.22966e+12 1.22966e+12 2.42135e+12 
1.9196 1.9196 1.9196 1.09613e+12 1.09613e+12 2.15843e+12 
1.92965 1.92965 1.92965 9.6152e+11 9.6152e+11 1.89335e+12 
1.9397 1.9397 1.9397 8.25947e+11 8.25947e+11 1.62639e+12 
1.94975 1.94975 1.94975 6.89551e+11 6.89551e+11 1.35781e+12 
1.9598 1.9598 1.9598 5.52467e+11 5.52467e+11 1.08788e+12 
1.96985 1.96985 1.96985 4.14833e+11 4.14833e+11 8.16859e+11 
1.9799 1.9799 1.9799 2.76785e+11 2.76785e+11 5.45026e+11 
1.98995 1.98995 1.98995 1.38462e+11 1.38462e+11 2.72649e+11 
2 2 2 0 0 0.0014879 
