0 0 0 0 0 0 
0.0100503 0.0100503 0 9.85834e+10 1.37533e+11 2.15629e+11 
0.0201005 0.0201005 0 1.9714e+11 2.7503e+11 4.31076e+11 
0.0301508 0.0301508 0 2.95644e+11 4.12455e+11 6.46158e+11 
0.040201 0.040201 0 3.94068e+11 5.49774e+11 8.60695e+11 
0.0502513 0.0502513 0 4.92386e+11 6.8695e+11 1.07451e+12 
0.0603015 0.0603015 0 5.90572e+11 8.23948e+11 1.28741e+12 
0.0703518 0.0703518 0 6.88599e+11 9.60732e+11 1.49923e+12 
0.080402 0.080402 0 7.8644e+11 1.09727e+12 1.70978e+12 
0.0904523 0.0904523 0 8.8407e+11 1.23352e+12 1.9189e+12 
0.100503 0.100503 0 9.81462e+11 1.36945e+12 2.1264e+12 
0.110553 0.110553 0 1.07859e+12 1.50502e+12 2.33211e+12 
0.120603 0.120603 0 1.17543e+12 1.64021e+12 2.53586e+12 
0.130653 0.130653 0 1.27195e+12 1.77497e+12 2.73749e+12 
0.140704 0.140704 0 1.36814e+12 1.90927e+12 2.93682e+12 
0.150754 0.150754 0 1.46395e+12 2.04308e+12 3.1337e+12 
0.160804 0.160804 0 1.55938e+12 2.17635e+12 3.32796e+12 
0.170854 0.170854 0 1.65438e+12 2.30907e+12 3.51944e+12 
0.180905 0.180905 0 1.74895e+12 2.44119e+12 3.70799e+12 
0.190955 0.190955 0 1.84304e+12 2.57267e+12 3.89347e+12 
0.201005 0.201005 0 1.93665e+12 2.7035e+12 4.07571e+12 
0.211055 0.211055 0 2.02973e+12 2.83362e+12 4.25458e+12 
0.221106 0.221106 0 2.12228e+12 2.96301e+12 4.42993e+12 
0.231156 0.231156 0 2.21426e+12 3.09164e+12 4.60164e+12 
0.241206 0.241206 0 2.30565e+12 3.21947e+12 4.76957e+12 
0.251256 0.251256 0 2.39643e+12 3.34647e+12 4.93359e+12 
0.261307 0.261307 0 2.48658e+12 3.47261e+12 5.09358e+12 
0.271357 0.271357 0 2.57606e+12 3.59786e+12 5.24943e+12 
0.281407 0.281407 0 2.66486e+12 3.72218e+12 5.40101e+12 
0.291457 0.291457 0 2.75296e+12 3.84554e+12 5.54822e+12 
0.301508 0.301508 0 2.84033e+12 3.96792e+12 5.69097e+12 
0.311558 0.311558 0 2.92695e+12 4.08928e+12 5.82915e+12 
0.321608 0.321608 0 3.0128e+12 4.20959e+12 5.96267e+12 
0.331658 0.331658 0 3.09786e+12 4.32882e+12 6.09144e+12 
0.341709 0.341709 0 3.1821e+12 4.44694e+12 6.2154e+12 
0.351759 0.351759 0 3.26551e+12 4.56392e+12 6.33445e+12 
0.361809 0.361809 0 3.34806e+12 4.67973e+12 6.44854e+12 
0.371859 0.371859 0 3.42973e+12 4.79435e+12 6.55761e+12 
0.38191 0.38191 0 3.51051e+12 4.90775e+12 6.66159e+12 
0.39196 0.39196 0 3.59038e+12 5.01989e+12 6.76045e+12 
0.40201 0.40201 0 3.6693e+12 5.13075e+12 6.85413e+12 
0.41206 0.41206 0 3.74728e+12 5.2403e+12 6.94262e+12 
0.422111 0.422111 0 3.82428e+12 5.34852e+12 7.02586e+12 
0.432161 0.432161 0 3.90029e+12 5.45538e+12 7.10386e+12 
0.442211 0.442211 0 3.97529e+12 5.56086e+12 7.17659e+12 
0.452261 0.452261 0 4.04926e+12 5.66492e+12 7.24405e+12 
0.462312 0.462312 0 4.12218e+12 5.76754e+12 7.30623e+12 
0.472362 0.472362 0 4.19405e+12 5.86871e+12 7.36316e+12 
0.482412 0.482412 0 4.26483e+12 5.96838e+12 7.41484e+12 
0.492462 0.492462 0 4.33452e+12 6.06655e+12 7.4613e+12 
0.502513 0.502513 0 4.4031e+12 6.16318e+12 7.50257e+12 
0.512563 0.512563 0 4.47056e+12 6.25825e+12 7.5387e+12 
0.522613 0.522613 0 4.53687e+12 6.35174e+12 7.56973e+12 
0.532663 0.532663 0 4.60202e+12 6.44364e+12 7.59572e+12 
0.542714 0.542714 0 4.666e+12 6.53391e+12 7.61673e+12 
0.552764 0.552764 0 4.72879e+12 6.62253e+12 7.63284e+12 
0.562814 0.562814 0 4.79039e+12 6.70949e+12 7.64414e+12 
0.572864 0.572864 0 4.85077e+12 6.79476e+12 7.65071e+12 
0.582915 0.582915 0 4.90992e+12 6.87832e+12 7.65265e+12 
0.592965 0.592965 0 4.96783e+12 6.96016e+12 7.65007e+12 
0.603015 0.603015 0 5.02449e+12 7.04026e+12 7.6431e+12 
0.613065 0.613065 0 5.07989e+12 7.11859e+12 7.63186e+12 
0.623116 0.623116 0 5.13401e+12 7.19513e+12 7.61648e+12 
0.633166 0.633166 0 5.18684e+12 7.26988e+12 7.59711e+12 
0.643216 0.643216 0 5.23837e+12 7.34282e+12 7.57392e+12 
0.653266 0.653266 0 5.28859e+12 7.41392e+12 7.54705e+12 
0.663317 0.663317 0 5.33749e+12 7.48317e+12 7.5167e+12 
0.673367 0.673367 0 5.38506e+12 7.48304e+12 7.55055e+12 
0.683417 0.683417 0 5.43128e+12 7.44626e+12 7.61605e+12 
0.693467 0.693467 0 5.47616e+12 7.40657e+12 7.67966e+12 
0.703518 0.703518 0 5.51968e+12 7.36419e+12 7.74136e+12 
0.713568 0.713568 0 5.56183e+12 7.31934e+12 7.80113e+12 
0.723618 0.723618 0 5.6026e+12 7.27224e+12 7.85897e+12 
0.733668 0.733668 0 5.64199e+12 7.22315e+12 7.91485e+12 
0.743719 0.743719 0 5.67998e+12 7.17231e+12 7.96877e+12 
0.753769 0.753769 0 5.71657e+12 7.11998e+12 8.02072e+12 
0.763819 0.763819 0 5.75176e+12 7.06643e+12 8.07068e+12 
0.773869 0.773869 0 5.78553e+12 7.01193e+12 8.11864e+12 
0.78392 0.78392 0 5.81788e+12 6.95677e+12 8.16459e+12 
0.79397 0.79397 0 5.8488e+12 6.90124e+12 8.20853e+12 
0.80402 0.80402 0 5.87829e+12 6.84563e+12 8.25043e+12 
0.81407 0.81407 0 5.90633e+12 6.79025e+12 8.2903e+12 
0.824121 0.824121 0 5.93293e+12 6.73539e+12 8.32812e+12 
0.834171 0.834171 0 5.95809e+12 6.68137e+12 8.36388e+12 
0.844221 0.844221 0 5.98178e+12 6.62849e+12 8.39758e+12 
0.854271 0.854271 0 6.00402e+12 6.57706e+12 8.42921e+12 
0.864322 0.864322 0 6.0248e+12 6.52738e+12 8.45877e+12 
0.874372 0.874372 0 6.0441e+12 6.47975e+12 8.48624e+12 
0.884422 0.884422 0 6.06194e+12 6.43447e+12 8.51162e+12 
0.894472 0.894472 0 6.0783e+12 6.39182e+12 8.5349e+12 
0.904523 0.904523 0 6.09318e+12 6.35207e+12 8.55609e+12 
0.914573 0.914573 0 6.10659e+12 6.31547e+12 8.57516e+12 
0.924623 0.924623 0 6.11851e+12 6.28229e+12 8.59213e+12 
0.934673 0.934673 0 6.12894e+12 6.25273e+12 8.60699e+12 
0.944724 0.944724 0 6.13789e+12 6.22699e+12 8.61973e+12 
0.954774 0.954774 0 6.14535e+12 6.20526e+12 8.63035e+12 
0.964824 0.964824 0 6.15132e+12 6.18769e+12 8.63885e+12 
0.974874 0.974874 0 6.15579e+12 6.1744e+12 8.64522e+12 
0.984925 0.984925 0 6.15878e+12 6.16549e+12 8.64948e+12 
0.994975 0.994975 0 6.16027e+12 6.16102e+12 8.6516e+12 
1.00503 1.00503 0 6.16027e+12 6.16102e+12 8.6516e+12 
1.01508 1.01508 0 6.15878e+12 6.16549e+12 8.64948e+12 
1.02513 1.02513 0 6.15579e+12 6.1744e+12 8.64522e+12 
1.03518 1.03518 0 6.15132e+12 6.18769e+12 8.63885e+12 
1.04523 1.04523 0 6.14535e+12 6.20526e+12 8.63035e+12 
1.05528 1.05528 0 6.13789e+12 6.22699e+12 8.61973e+12 
1.06533 1.06533 0 6.12894e+12 6.25273e+12 8.60699e+12 
1.07538 1.07538 0 6.11851e+12 6.28229e+12 8.59213e+12 
1.08543 1.08543 0 6.10659e+12 6.31547e+12 8.57516e+12 
1.09548 1.09548 0 6.09318e+12 6.35207e+12 8.55609e+12 
1.10553 1.10553 0 6.0783e+12 6.39182e+12 8.5349e+12 
1.11558 1.11558 0 6.06194e+12 6.43447e+12 8.51162e+12 
1.12563 1.12563 0 6.0441e+12 6.47975e+12 8.48624e+12 
1.13568 1.13568 0 6.0248e+12 6.52738e+12 8.45877e+12 
1.14573 1.14573 0 6.00402e+12 6.57706e+12 8.42921e+12 
1.15578 1.15578 0 5.98178e+12 6.62849e+12 8.39758e+12 
1.16583 1.16583 0 5.95809e+12 6.68137e+12 8.36388e+12 
1.17588 1.17588 0 5.93293e+12 6.73539e+12 8.32812e+12 
1.18593 1.18593 0 5.90633e+12 6.79025e+12 8.2903e+12 
1.19598 1.19598 0 5.87829e+12 6.84563e+12 8.25043e+12 
1.20603 1.20603 0 5.8488e+12 6.90124e+12 8.20853e+12 
1.21608 1.21608 0 5.81788e+12 6.95677e+12 8.16459e+12 
1.22613 1.22613 0 5.78553e+12 7.01193e+12 8.11864e+12 
1.23618 1.23618 0 5.75176e+12 7.06643e+12 8.07068e+12 
1.24623 1.24623 0 5.71657e+12 7.11998e+12 8.02072e+12 
1.25628 1.25628 0 5.67998e+12 7.17231e+12 7.96877e+12 
1.26633 1.26633 0 5.64199e+12 7.22315e+12 7.91485e+12 
1.27638 1.27638 0 5.6026e+12 7.27224e+12 7.85897e+12 
1.28643 1.28643 0 5.56183e+12 7.31934e+12 7.80113e+12 
1.29648 1.29648 0 5.51968e+12 7.36419e+12 7.74136e+12 
1.30653 1.30653 0 5.47616e+12 7.40657e+12 7.67966e+12 
1.31658 1.31658 0 5.43128e+12 7.44626e+12 7.61605e+12 
1.32663 1.32663 0 5.38506e+12 7.48304e+12 7.55055e+12 
1.33668 1.33668 0 5.33749e+12 7.48317e+12 7.5167e+12 
1.34673 1.34673 0 5.28859e+12 7.41392e+12 7.54705e+12 
1.35678 1.35678 0 5.23837e+12 7.34282e+12 7.57392e+12 
1.36683 1.36683 0 5.18684e+12 7.26988e+12 7.59711e+12 
1.37688 1.37688 0 5.13401e+12 7.19513e+12 7.61648e+12 
1.38693 1.38693 0 5.07989e+12 7.11859e+12 7.63186e+12 
1.39698 1.39698 0 5.02449e+12 7.04026e+12 7.6431e+12 
1.40704 1.40704 0 4.96783e+12 6.96016e+12 7.65007e+12 
1.41709 1.41709 0 4.90992e+12 6.87832e+12 7.65265e+12 
1.42714 1.42714 0 4.85077e+12 6.79476e+12 7.65071e+12 
1.43719 1.43719 0 4.79039e+12 6.70949e+12 7.64414e+12 
1.44724 1.44724 0 4.72879e+12 6.62253e+12 7.63284e+12 
1.45729 1.45729 0 4.666e+12 6.53391e+12 7.61673e+12 
1.46734 1.46734 0 4.60202e+12 6.44364e+12 7.59572e+12 
1.47739 1.47739 0 4.53687e+12 6.35174e+12 7.56973e+12 
1.48744 1.48744 0 4.47056e+12 6.25825e+12 7.5387e+12 
1.49749 1.49749 0 4.4031e+12 6.16318e+12 7.50257e+12 
1.50754 1.50754 0 4.33452e+12 6.06655e+12 7.4613e+12 
1.51759 1.51759 0 4.26483e+12 5.96838e+12 7.41484e+12 
1.52764 1.52764 0 4.19405e+12 5.86871e+12 7.36316e+12 
1.53769 1.53769 0 4.12218e+12 5.76754e+12 7.30623e+12 
1.54774 1.54774 0 4.04926e+12 5.66492e+12 7.24405e+12 
1.55779 1.55779 0 3.97529e+12 5.56086e+12 7.17659e+12 
1.56784 1.56784 0 3.90029e+12 5.45538e+12 7.10386e+12 
1.57789 1.57789 0 3.82428e+12 5.34852e+12 7.02586e+12 
1.58794 1.58794 0 3.74728e+12 5.2403e+12 6.94262e+12 
1.59799 1.59799 0 3.6693e+12 5.13075e+12 6.85413e+12 
1.60804 1.60804 0 3.59038e+12 5.01989e+12 6.76045e+12 
1.61809 1.61809 0 3.51051e+12 4.90775e+12 6.66159e+12 
1.62814 1.62814 0 3.42973e+12 4.79435e+12 6.55761e+12 
1.63819 1.63819 0 3.34806e+12 4.67973e+12 6.44854e+12 
1.64824 1.64824 0 3.26551e+12 4.56392e+12 6.33445e+12 
1.65829 1.65829 0 3.1821e+12 4.44694e+12 6.2154e+12 
1.66834 1.66834 0 3.09786e+12 4.32882e+12 6.09144e+12 
1.67839 1.67839 0 3.0128e+12 4.20959e+12 5.96267e+12 
1.68844 1.68844 0 2.92695e+12 4.08928e+12 5.82915e+12 
1.69849 1.69849 0 2.84033e+12 3.96792e+12 5.69097e+12 
1.70854 1.70854 0 2.75296e+12 3.84554e+12 5.54822e+12 
1.71859 1.71859 0 2.66486e+12 3.72218e+12 5.40101e+12 
1.72864 1.72864 0 2.57606e+12 3.59786e+12 5.24943e+12 
1.73869 1.73869 0 2.48658e+12 3.47261e+12 5.09358e+12 
1.74874 1.74874 0 2.39643e+12 3.34647e+12 4.93359e+12 
1.75879 1.75879 0 2.30565e+12 3.21947e+12 4.76957e+12 
1.76884 1.76884 0 2.21426e+12 3.09164e+12 4.60164e+12 
1.77889 1.77889 0 2.12228e+12 2.96301e+12 4.42993e+12 
1.78894 1.78894 0 2.02973e+12 2.83362e+12 4.25458e+12 
1.79899 1.79899 0 1.93665e+12 2.7035e+12 4.07571e+12 
1.80905 1.80905 0 1.84304e+12 2.57267e+12 3.89347e+12 
1.8191 1.8191 0 1.74895e+12 2.44119e+12 3.70799e+12 
1.82915 1.82915 0 1.65438e+12 2.30907e+12 3.51944e+12 
1.8392 1.8392 0 1.55938e+12 2.17635e+12 3.32796e+12 
1.84925 1.84925 0 1.46395e+12 2.04308e+12 3.1337e+12 
1.8593 1.8593 0 1.36814e+12 1.90927e+12 2.93682e+12 
1.86935 1.86935 0 1.27195e+12 1.77497e+12 2.73749e+12 
1.8794 1.8794 0 1.17543e+12 1.64021e+12 2.53586e+12 
1.88945 1.88945 0 1.07859e+12 1.50502e+12 2.33211e+12 
1.8995 1.8995 0 9.81462e+11 1.36945e+12 2.1264e+12 
1.90955 1.90955 0 8.8407e+11 1.23352e+12 1.9189e+12 
1.9196 1.9196 0 7.8644e+11 1.09727e+12 1.70978e+12 
1.92965 1.92965 0 6.88599e+11 9.60732e+11 1.49923e+12 
1.9397 1.9397 0 5.90572e+11 8.23948e+11 1.28741e+12 
1.94975 1.94975 0 4.92386e+11 6.8695e+11 1.07451e+12 
1.9598 1.9598 0 3.94068e+11 5.49774e+11 8.60695e+11 
1.96985 1.96985 0 2.95644e+11 4.12455e+11 6.46158e+11 
1.9799 1.9799 0 1.9714e+11 2.7503e+11 4.31076e+11 
1.98995 1.98995 0 9.85834e+10 1.37533e+11 2.15629e+11 
2 2 0 0 0 0.00105211 
