0 0 0 0 0 0 
0.0100503 0 0 8.93259e+10 8.93259e+10 1.19362e+11 
0.0201005 0 0 1.7863e+11 1.7863e+11 2.38695e+11 
0.0301508 0 0 2.67889e+11 2.67889e+11 3.57968e+11 
0.040201 0 0 3.57081e+11 3.57081e+11 4.77152e+11 
0.0502513 0 0 4.46184e+11 4.46184e+11 5.96217e+11 
0.0603015 0 0 5.35177e+11 5.35177e+11 7.15134e+11 
0.0703518 0 0 6.24035e+11 6.24035e+11 8.33872e+11 
0.080402 0 0 7.12739e+11 7.12739e+11 9.52403e+11 
0.0904523 0 0 8.01264e+11 8.01264e+11 1.0707e+12 
0.100503 0 0 8.8959e+11 8.8959e+11 1.18872e+12 
0.110553 0 0 9.77695e+11 9.77695e+11 1.30645e+12 
0.120603 0 0 1.06556e+12 1.06556e+12 1.42386e+12 
0.130653 0 0 1.15315e+12 1.15315e+12 1.54091e+12 
0.140704 0 0 1.24046e+12 1.24046e+12 1.65757e+12 
0.150754 0 0 1.32746e+12 1.32746e+12 1.77382e+12 
0.160804 0 0 1.41412e+12 1.41412e+12 1.88963e+12 
0.170854 0 0 1.50044e+12 1.50044e+12 2.00497e+12 
0.180905 0 0 1.58638e+12 1.58638e+12 2.11981e+12 
0.190955 0 0 1.67193e+12 1.67193e+12 2.23412e+12 
0.201005 0 0 1.75706e+12 1.75706e+12 2.34788e+12 
0.211055 0 0 1.84175e+12 1.84175e+12 2.46105e+12 
0.221106 0 0 1.92598e+12 1.92598e+12 2.5736e+12 
0.231156 0 0 2.00973e+12 2.00973e+12 2.68552e+12 
0.241206 0 0 2.09298e+12 2.09298e+12 2.79676e+12 
0.251256 0 0 2.17571e+12 2.17571e+12 2.90731e+12 
0.261307 0 0 2.2579e+12 2.2579e+12 3.01714e+12 
0.271357 0 0 2.33953e+12 2.33953e+12 3.12621e+12 
0.281407 0 0 2.42057e+12 2.42057e+12 3.2345e+12 
0.291457 0 0 2.50101e+12 2.50101e+12 3.34199e+12 
0.301508 0 0 2.58082e+12 2.58082e+12 3.44864e+12 
0.311558 0 0 2.65999e+12 2.65999e+12 3.55444e+12 
0.321608 0 0 2.7385e+12 2.7385e+12 3.65935e+12 
0.331658 0 0 2.81633e+12 2.81633e+12 3.76334e+12 
0.341709 0 0 2.89345e+12 2.89345e+12 3.8664e+12 
0.351759 0 0 2.96986e+12 2.96986e+12 3.9685e+12 
0.361809 0 0 3.04552e+12 3.04552e+12 4.0696e+12 
0.371859 0 0 3.12043e+12 3.12043e+12 4.16969e+12 
0.38191 0 0 3.19455e+12 3.19455e+12 4.26875e+12 
0.39196 0 0 3.26788e+12 3.26788e+12 4.36673e+12 
0.40201 0 0 3.3404e+12 3.3404e+12 4.46364e+12 
0.41206 0 0 3.41208e+12 3.41208e+12 4.55942e+12 
0.422111 0 0 3.48292e+12 3.48292e+12 4.65407e+12 
0.432161 0 0 3.55288e+12 3.55288e+12 4.74757e+12 
0.442211 0 0 3.62196e+12 3.62196e+12 4.83988e+12 
0.452261 0 0 3.69014e+12 3.69014e+12 4.93098e+12 
0.462312 0 0 3.7574e+12 3.7574e+12 5.02085e+12 
0.472362 0 0 3.82372e+12 3.82372e+12 5.10947e+12 
0.482412 0 0 3.88909e+12 3.88909e+12 5.19682e+12 
0.492462 0 0 3.95349e+12 3.95349e+12 5.28288e+12 
0.502513 0 0 4.0169e+12 4.0169e+12 5.36761e+12 
0.512563 0 0 4.07931e+12 4.07931e+12 5.45101e+12 
0.522613 0 0 4.14071e+12 4.14071e+12 5.53305e+12 
0.532663 0 0 4.20107e+12 4.20107e+12 5.61372e+12 
0.542714 0 0 4.26039e+12 4.26039e+12 5.69298e+12 
0.552764 0 0 4.31865e+12 4.31865e+12 5.77082e+12 
0.562814 0 0 4.37582e+12 4.37582e+12 5.84723e+12 
0.572864 0 0 4.43191e+12 4.43191e+12 5.92218e+12 
0.582915 0 0 4.4869e+12 4.4869e+12 5.99565e+12 
0.592965 0 0 4.54076e+12 4.54076e+12 6.06763e+12 
0.603015 0 0 4.5935e+12 4.5935e+12 6.13809e+12 
0.613065 0 0 4.64509e+12 4.64509e+12 6.20703e+12 
0.623116 0 0 4.69552e+12 4.69552e+12 6.27442e+12 
0.633166 0 0 4.74478e+12 4.74478e+12 6.34025e+12 
0.643216 0 0 4.79286e+12 4.79286e+12 6.40449e+12 
0.653266 0 0 4.83974e+12 4.83974e+12 6.46714e+12 
0.663317 0 0 4.88542e+12 4.88542e+12 6.52818e+12 
0.673367 0 0 4.92988e+12 4.92988e+12 6.58759e+12 
0.683417 0 0 4.97311e+12 4.97311e+12 6.64536e+12 
0.693467 0 0 5.0151e+12 5.0151e+12 6.70147e+12 
0.703518 0 0 5.05585e+12 5.05585e+12 6.75591e+12 
0.713568 0 0 5.09533e+12 5.09533e+12 6.80867e+12 
0.723618 0 0 5.13354e+12 5.13354e+12 6.85974e+12 
0.733668 0 0 5.17048e+12 5.17048e+12 6.90909e+12 
0.743719 0 0 5.20612e+12 5.20612e+12 6.95672e+12 
0.753769 0 0 5.24047e+12 5.24047e+12 7.00262e+12 
0.763819 0 0 5.27351e+12 5.27351e+12 7.04677e+12 
0.773869 0 0 5.30524e+12 5.30524e+12 7.08916e+12 
0.78392 0 0 5.33564e+12 5.33564e+12 7.12979e+12 
0.79397 0 0 5.36472e+12 5.36472e+12 7.16864e+12 
0.80402 0 0 5.39246e+12 5.39246e+12 7.20571e+12 
0.81407 0 0 5.41885e+12 5.41885e+12 7.24098e+12 
0.824121 0 0 5.44389e+12 5.44389e+12 7.27444e+12 
0.834171 0 0 5.46758e+12 5.46758e+12 7.3061e+12 
0.844221 0 0 5.48991e+12 5.48991e+12 7.33593e+12 
0.854271 0 0 5.51086e+12 5.51086e+12 7.36393e+12 
0.864322 0 0 5.53044e+12 5.53044e+12 7.3901e+12 
0.874372 0 0 5.54865e+12 5.54865e+12 7.41442e+12 
0.884422 0 0 5.56547e+12 5.56547e+12 7.4369e+12 
0.894472 0 0 5.5809e+12 5.5809e+12 7.45753e+12 
0.904523 0 0 5.59495e+12 5.59495e+12 7.47629e+12 
0.914573 0 0 5.6076e+12 5.6076e+12 7.4932e+12 
0.924623 0 0 5.61885e+12 5.61885e+12 7.50823e+12 
0.934673 0 0 5.6287e+12 5.6287e+12 7.52139e+12 
0.944724 0 0 5.63715e+12 5.63715e+12 7.53268e+12 
0.954774 0 0 5.64419e+12 5.64419e+12 7.5421e+12 
0.964824 0 0 5.64983e+12 5.64983e+12 7.54963e+12 
0.974874 0 0 5.65406e+12 5.65406e+12 7.55528e+12 
0.984925 0 0 5.65688e+12 5.65688e+12 7.55905e+12 
0.994975 0 0 5.65829e+12 5.65829e+12 7.56093e+12 
1.00503 0 0 5.65829e+12 5.65829e+12 7.56093e+12 
1.01508 0 0 5.65688e+12 5.65688e+12 7.55905e+12 
1.02513 0 0 5.65406e+12 5.65406e+12 7.55528e+12 
1.03518 0 0 5.64983e+12 5.64983e+12 7.54963e+12 
1.04523 0 0 5.64419e+12 5.64419e+12 7.5421e+12 
1.05528 0 0 5.63715e+12 5.63715e+12 7.53268e+12 
1.06533 0 0 5.6287e+12 5.6287e+12 7.52139e+12 
1.07538 0 0 5.61885e+12 5.61885e+12 7.50823e+12 
1.08543 0 0 5.6076e+12 5.6076e+12 7.4932e+12 
1.09548 0 0 5.59495e+12 5.59495e+12 7.47629e+12 
1.10553 0 0 5.5809e+12 5.5809e+12 7.45753e+12 
1.11558 0 0 5.56547e+12 5.56547e+12 7.4369e+12 
1.12563 0 0 5.54865e+12 5.54865e+12 7.41442e+12 
1.13568 0 0 5.53044e+12 5.53044e+12 7.3901e+12 
1.14573 0 0 5.51086e+12 5.51086e+12 7.36393e+12 
1.15578 0 0 5.48991e+12 5.48991e+12 7.33593e+12 
1.16583 0 0 5.46758e+12 5.46758e+12 7.3061e+12 
1.17588 0 0 5.44389e+12 5.44389e+12 7.27444e+12 
1.18593 0 0 5.41885e+12 5.41885e+12 7.24098e+12 
1.19598 0 0 5.39246e+12 5.39246e+12 7.20571e+12 
1.20603 0 0 5.36472e+12 5.36472e+12 7.16864e+12 
1.21608 0 0 5.33564e+12 5.33564e+12 7.12979e+12 
1.22613 0 0 5.30524e+12 5.30524e+12 7.08916e+12 
1.23618 0 0 5.27351e+12 5.27351e+12 7.04677e+12 
1.24623 0 0 5.24047e+12 5.24047e+12 7.00262e+12 
1.25628 0 0 5.20612e+12 5.20612e+12 6.95672e+12 
1.26633 0 0 5.17048e+12 5.17048e+12 6.90909e+12 
1.27638 0 0 5.13354e+12 5.13354e+12 6.85974e+12 
1.28643 0 0 5.09533e+12 5.09533e+12 6.80867e+12 
1.29648 0 0 5.05585e+12 5.05585e+12 6.75591e+12 
1.30653 0 0 5.0151e+12 5.0151e+12 6.70147e+12 
1.31658 0 0 4.97311e+12 4.97311e+12 6.64536e+12 
1.32663 0 0 4.92988e+12 4.92988e+12 6.58759e+12 
1.33668 0 0 4.88542e+12 4.88542e+12 6.52818e+12 
1.34673 0 0 4.83974e+12 4.83974e+12 6.46714e+12 
1.35678 0 0 4.79286e+12 4.79286e+12 6.40449e+12 
1.36683 0 0 4.74478e+12 4.74478e+12 6.34025e+12 
1.37688 0 0 4.69552e+12 4.69552e+12 6.27442e+12 
1.38693 0 0 4.64509e+12 4.64509e+12 6.20703e+12 
1.39698 0 0 4.5935e+12 4.5935e+12 6.13809e+12 
1.40704 0 0 4.54076e+12 4.54076e+12 6.06763e+12 
1.41709 0 0 4.4869e+12 4.4869e+12 5.99565e+12 
1.42714 0 0 4.43191e+12 4.43191e+12 5.92218e+12 
1.43719 0 0 4.37582e+12 4.37582e+12 5.84723e+12 
1.44724 0 0 4.31865e+12 4.31865e+12 5.77082e+12 
1.45729 0 0 4.26039e+12 4.26039e+12 5.69298e+12 
1.46734 0 0 4.20107e+12 4.20107e+12 5.61372e+12 
1.47739 0 0 4.14071e+12 4.14071e+12 5.53305e+12 
1.48744 0 0 4.07931e+12 4.07931e+12 5.45101e+12 
1.49749 0 0 4.0169e+12 4.0169e+12 5.36761e+12 
1.50754 0 0 3.95349e+12 3.95349e+12 5.28288e+12 
1.51759 0 0 3.88909e+12 3.88909e+12 5.19682e+12 
1.52764 0 0 3.82372e+12 3.82372e+12 5.10947e+12 
1.53769 0 0 3.7574e+12 3.7574e+12 5.02085e+12 
1.54774 0 0 3.69014e+12 3.69014e+12 4.93098e+12 
1.55779 0 0 3.62196e+12 3.62196e+12 4.83988e+12 
1.56784 0 0 3.55288e+12 3.55288e+12 4.74757e+12 
1.57789 0 0 3.48292e+12 3.48292e+12 4.65407e+12 
1.58794 0 0 3.41208e+12 3.41208e+12 4.55942e+12 
1.59799 0 0 3.3404e+12 3.3404e+12 4.46364e+12 
1.60804 0 0 3.26788e+12 3.26788e+12 4.36673e+12 
1.61809 0 0 3.19455e+12 3.19455e+12 4.26875e+12 
1.62814 0 0 3.12043e+12 3.12043e+12 4.16969e+12 
1.63819 0 0 3.04552e+12 3.04552e+12 4.0696e+12 
1.64824 0 0 2.96986e+12 2.96986e+12 3.9685e+12 
1.65829 0 0 2.89345e+12 2.89345e+12 3.8664e+12 
1.66834 0 0 2.81633e+12 2.81633e+12 3.76334e+12 
1.67839 0 0 2.7385e+12 2.7385e+12 3.65935e+12 
1.68844 0 0 2.65999e+12 2.65999e+12 3.55444e+12 
1.69849 0 0 2.58082e+12 2.58082e+12 3.44864e+12 
1.70854 0 0 2.50101e+12 2.50101e+12 3.34199e+12 
1.71859 0 0 2.42057e+12 2.42057e+12 3.2345e+12 
1.72864 0 0 2.33953e+12 2.33953e+12 3.12621e+12 
1.73869 0 0 2.2579e+12 2.2579e+12 3.01714e+12 
1.74874 0 0 2.17571e+12 2.17571e+12 2.90731e+12 
1.75879 0 0 2.09298e+12 2.09298e+12 2.79676e+12 
1.76884 0 0 2.00973e+12 2.00973e+12 2.68552e+12 
1.77889 0 0 1.92598e+12 1.92598e+12 2.5736e+12 
1.78894 0 0 1.84175e+12 1.84175e+12 2.46105e+12 
1.79899 0 0 1.75706e+12 1.75706e+12 2.34788e+12 
1.80905 0 0 1.67193e+12 1.67193e+12 2.23412e+12 
1.8191 0 0 1.58638e+12 1.58638e+12 2.11981e+12 
1.82915 0 0 1.50044e+12 1.50044e+12 2.00497e+12 
1.8392 0 0 1.41412e+12 1.41412e+12 1.88963e+12 
1.84925 0 0 1.32746e+12 1.32746e+12 1.77382e+12 
1.8593 0 0 1.24046e+12 1.24046e+12 1.65757e+12 
1.86935 0 0 1.15315e+12 1.15315e+12 1.54091e+12 
1.8794 0 0 1.06556e+12 1.06556e+12 1.42386e+12 
1.88945 0 0 9.77695e+11 9.77695e+11 1.30645e+12 
1.8995 0 0 8.8959e+11 8.8959e+11 1.18872e+12 
1.90955 0 0 8.01264e+11 8.01264e+11 1.0707e+12 
1.9196 0 0 7.12739e+11 7.12739e+11 9.52403e+11 
1.92965 0 0 6.24035e+11 6.24035e+11 8.33872e+11 
1.9397 0 0 5.35177e+11 5.35177e+11 7.15134e+11 
1.94975 0 0 4.46184e+11 4.46184e+11 5.96217e+11 
1.9598 0 0 3.57081e+11 3.57081e+11 4.77152e+11 
1.96985 0 0 2.67889e+11 2.67889e+11 3.57968e+11 
1.9799 0 0 1.7863e+11 1.7863e+11 2.38695e+11 
1.98995 0 0 8.93259e+10 8.93259e+10 1.19362e+11 
2 0 0 0 0 0 
