1 471.043
1.49875 964.241
1.99749 2049.35
2.49624 4040.83
2.99499 7350.89
3.49373 12445.1
3.99248 19717.3
4.49123 29393.9
4.98997 41503.8
5.48872 55902.8
5.98747 72322.2
6.48622 90421.3
6.98496 109831
7.48371 130185
7.98246 151144
8.4812 172405
8.97995 193709
9.4787 214839
9.97744 235622
10.4762 255921
10.9749 275634
11.4737 294686
11.9724 313027
12.4712 330625
12.9699 347467
13.4687 363550
13.9674 378881
14.4662 393474
14.9649 407350
15.4637 420533
15.9624 433049
16.4612 444927
16.9599 456195
17.4586 466885
17.9574 477024
18.4561 486641
18.9549 495765
19.4536 504423
19.9524 512640
20.4511 520442
20.9499 527851
21.4486 534891
21.9474 541582
22.4461 547945
22.9449 553998
23.4436 559759
23.9424 565245
24.4411 570472
24.9398 575453
25.4386 580204
25.9373 584737
26.4361 589065
26.9348 593198
27.4336 597147
27.9323 600923
28.4311 604535
28.9298 607991
29.4286 611300
29.9273 614471
30.4261 617509
30.9248 620422
31.4236 623217
31.9223 625900
32.4211 628475
32.9198 630949
33.4185 633327
33.9173 635613
34.416 637812
34.9148 639928
35.4135 641965
35.9123 643927
36.411 645817
36.9098 647639
37.4085 649396
37.9073 651090
38.406 652726
38.9048 654304
39.4035 655828
39.9023 657301
40.401 658724
40.8997 660099
41.3985 661429
41.8972 662716
42.396 663961
42.8947 665167
43.3935 666334
43.8922 667464
44.391 668560
44.8897 669621
45.3885 670650
45.8872 671648
46.386 672616
46.8847 673555
47.3835 674467
47.8822 675352
48.381 676212
48.8797 677047
49.3784 677858
49.8772 678646
50.3759 679413
50.8747 680158
51.3734 680883
51.8722 681588
52.3709 682274
52.8697 682941
53.3684 683591
53.8672 684224
54.3659 684841
54.8647 685441
55.3634 686026
55.8622 686597
56.3609 687153
56.8596 687694
57.3584 688223
57.8571 688738
58.3559 689241
58.8546 689732
59.3534 690211
59.8521 690678
60.3509 691134
60.8496 691580
61.3484 692015
61.8471 692440
62.3459 692855
62.8446 693261
63.3434 693657
63.8421 694045
64.3409 694424
64.8396 694795
65.3383 695157
65.8371 695511
66.3358 695858
66.8346 696197
67.3333 696529
67.8321 696854
68.3308 697172
68.8296 697484
69.3283 697789
69.8271 698087
70.3258 698380
70.8246 698666
71.3233 698947
71.8221 699222
72.3208 699491
72.8195 699755
73.3183 700014
73.817 700268
74.3158 700517
74.8145 700761
75.3133 701000
75.812 701235
76.3108 701465
76.8095 701691
77.3083 701912
77.807 702130
78.3058 702343
78.8045 702553
79.3033 702758
79.802 702960
80.3008 703158
80.7995 703353
81.2982 703544
81.797 703732
82.2957 703916
82.7945 704097
83.2932 704275
83.792 704450
84.2907 704622
84.7895 704791
85.2882 704957
85.787 705120
86.2857 705280
86.7845 705438
87.2832 705593
87.782 705745
88.2807 705895
88.7794 706043
89.2782 706188
89.7769 706330
90.2757 706471
90.7744 706609
91.2732 706745
91.7719 706878
92.2707 707010
92.7694 707139
93.2682 707267
93.7669 707392
94.2657 707516
94.7644 707637
95.2632 707757
95.7619 707875
96.2607 707991
96.7594 708105
97.2581 708218
97.7569 708329
98.2556 708438
98.7544 708545
99.2531 708651
99.7519 708756
100.251 708859
100.749 708960
101.248 709060
101.747 709159
102.246 709256
102.744 709351
103.243 709446
103.742 709539
104.241 709630
104.739 709721
105.238 709810
105.737 709898
106.236 709984
106.734 710070
107.233 710154
107.732 710237
108.231 710319
108.729 710400
109.228 710480
109.727 710559
110.226 710636
110.724 710713
111.223 710788
111.722 710863
112.221 710937
112.719 711009
113.218 711081
113.717 711152
114.216 711222
114.714 711291
115.213 711359
115.712 711426
116.211 711492
116.709 711558
117.208 711623
117.707 711686
118.206 711750
118.704 711812
119.203 711873
119.702 711934
120.201 711994
120.699 712054
121.198 712112
121.697 712170
122.195 712227
122.694 712284
123.193 712339
123.692 712394
124.19 712449
124.689 712503
125.188 712556
125.687 712608
126.185 712660
126.684 712712
127.183 712763
127.682 712813
128.18 712862
128.679 712911
129.178 712960
129.677 713008
130.175 713055
130.674 713102
131.173 713148
131.672 713194
132.17 713239
132.669 713284
133.168 713328
133.667 713372
134.165 713415
134.664 713458
135.163 713500
135.662 713542
136.16 713583
136.659 713624
137.158 713665
137.657 713705
138.155 713745
138.654 713784
139.153 713823
139.652 713861
140.15 713899
140.649 713937
141.148 713974
141.647 714011
142.145 714047
142.644 714083
143.143 714119
143.642 714154
144.14 714189
144.639 714223
145.138 714258
145.637 714292
146.135 714325
146.634 714358
147.133 714391
147.632 714424
148.13 714456
148.629 714488
149.128 714519
149.627 714551
150.125 714581
150.624 714612
151.123 714642
151.622 714673
152.12 714702
152.619 714732
153.118 714761
153.617 714790
154.115 714818
154.614 714847
155.113 714875
155.612 714903
156.11 714930
156.609 714957
157.108 714984
157.607 715011
158.105 715038
158.604 715064
159.103 715090
159.602 715116
160.1 715141
160.599 715167
161.098 715192
161.596 715216
162.095 715241
162.594 715265
163.093 715290
163.591 715313
164.09 715337
164.589 715361
165.088 715384
165.586 715407
166.085 715430
166.584 715453
167.083 715475
167.581 715497
168.08 715519
168.579 715541
169.078 715563
169.576 715585
170.075 715606
170.574 715627
171.073 715648
171.571 715669
172.07 715689
172.569 715710
173.068 715730
173.566 715750
174.065 715770
174.564 715790
175.063 715809
175.561 715829
176.06 715848
176.559 715867
177.058 715886
177.556 715904
178.055 715923
178.554 715941
179.053 715960
179.551 715978
180.05 715996
180.549 716014
181.048 716031
181.546 716049
182.045 716066
182.544 716083
183.043 716101
183.541 716118
184.04 716134
184.539 716151
185.038 716168
185.536 716184
186.035 716200
186.534 716217
187.033 716233
187.531 716249
188.03 716264
188.529 716280
189.028 716296
189.526 716311
190.025 716326
190.524 716341
191.023 716356
191.521 716371
192.02 716386
192.519 716401
193.018 716416
193.516 716430
194.015 716444
194.514 716459
195.013 716473
195.511 716487
196.01 716501
196.509 716515
197.008 716528
197.506 716542
198.005 716556
198.504 716569
199.003 716582
199.501 716595
200 716609
