0 0 0 0 0 0 
0.0100503 0 0 8.68595e+10 8.68595e+10 1.22353e+11 
0.0201005 0 0 1.73697e+11 1.73697e+11 2.44675e+11 
0.0301508 0 0 2.60492e+11 2.60492e+11 3.66936e+11 
0.040201 0 0 3.47222e+11 3.47222e+11 4.89106e+11 
0.0502513 0 0 4.33865e+11 4.33865e+11 6.11153e+11 
0.0603015 0 0 5.204e+11 5.204e+11 7.33049e+11 
0.0703518 0 0 6.06805e+11 6.06805e+11 8.54762e+11 
0.080402 0 0 6.93059e+11 6.93059e+11 9.76261e+11 
0.0904523 0 0 7.7914e+11 7.7914e+11 1.09752e+12 
0.100503 0 0 8.65027e+11 8.65027e+11 1.2185e+12 
0.110553 0 0 9.50699e+11 9.50699e+11 1.33918e+12 
0.120603 0 0 1.03613e+12 1.03613e+12 1.45953e+12 
0.130653 0 0 1.12131e+12 1.12131e+12 1.57951e+12 
0.140704 0 0 1.20621e+12 1.20621e+12 1.6991e+12 
0.150754 0 0 1.2908e+12 1.2908e+12 1.81826e+12 
0.160804 0 0 1.37508e+12 1.37508e+12 1.93697e+12 
0.170854 0 0 1.45901e+12 1.45901e+12 2.0552e+12 
0.180905 0 0 1.54258e+12 1.54258e+12 2.17292e+12 
0.190955 0 0 1.62576e+12 1.62576e+12 2.29009e+12 
0.201005 0 0 1.70854e+12 1.70854e+12 2.4067e+12 
0.211055 0 0 1.79089e+12 1.79089e+12 2.5227e+12 
0.221106 0 0 1.8728e+12 1.8728e+12 2.63808e+12 
0.231156 0 0 1.95424e+12 1.95424e+12 2.75279e+12 
0.241206 0 0 2.03519e+12 2.03519e+12 2.86683e+12 
0.251256 0 0 2.11564e+12 2.11564e+12 2.98015e+12 
0.261307 0 0 2.19556e+12 2.19556e+12 3.09272e+12 
0.271357 0 0 2.27493e+12 2.27493e+12 3.20452e+12 
0.281407 0 0 2.35373e+12 2.35373e+12 3.31553e+12 
0.291457 0 0 2.43195e+12 2.43195e+12 3.42571e+12 
0.301508 0 0 2.50956e+12 2.50956e+12 3.53504e+12 
0.311558 0 0 2.58655e+12 2.58655e+12 3.64348e+12 
0.321608 0 0 2.66289e+12 2.66289e+12 3.75102e+12 
0.331658 0 0 2.73857e+12 2.73857e+12 3.85762e+12 
0.341709 0 0 2.81356e+12 2.81356e+12 3.96326e+12 
0.351759 0 0 2.88786e+12 2.88786e+12 4.06791e+12 
0.361809 0 0 2.96143e+12 2.96143e+12 4.17155e+12 
0.371859 0 0 3.03427e+12 3.03427e+12 4.27415e+12 
0.38191 0 0 3.10635e+12 3.10635e+12 4.37568e+12 
0.39196 0 0 3.17765e+12 3.17765e+12 4.47613e+12 
0.40201 0 0 3.24817e+12 3.24817e+12 4.57545e+12 
0.41206 0 0 3.31787e+12 3.31787e+12 4.67364e+12 
0.422111 0 0 3.38675e+12 3.38675e+12 4.77067e+12 
0.432161 0 0 3.45478e+12 3.45478e+12 4.8665e+12 
0.442211 0 0 3.52196e+12 3.52196e+12 4.96112e+12 
0.452261 0 0 3.58825e+12 3.58825e+12 5.0545e+12 
0.462312 0 0 3.65365e+12 3.65365e+12 5.14663e+12 
0.472362 0 0 3.71814e+12 3.71814e+12 5.23747e+12 
0.482412 0 0 3.7817e+12 3.7817e+12 5.32701e+12 
0.492462 0 0 3.84432e+12 3.84432e+12 5.41522e+12 
0.502513 0 0 3.90599e+12 3.90599e+12 5.50208e+12 
0.512563 0 0 3.96668e+12 3.96668e+12 5.58757e+12 
0.522613 0 0 4.02638e+12 4.02638e+12 5.67166e+12 
0.532663 0 0 4.08507e+12 4.08507e+12 5.75435e+12 
0.542714 0 0 4.14275e+12 4.14275e+12 5.83559e+12 
0.552764 0 0 4.1994e+12 4.1994e+12 5.91539e+12 
0.562814 0 0 4.255e+12 4.255e+12 5.99371e+12 
0.572864 0 0 4.30954e+12 4.30954e+12 6.07053e+12 
0.582915 0 0 4.36301e+12 4.36301e+12 6.14585e+12 
0.592965 0 0 4.41538e+12 4.41538e+12 6.21963e+12 
0.603015 0 0 4.46666e+12 4.46666e+12 6.29186e+12 
0.613065 0 0 4.51683e+12 4.51683e+12 6.36252e+12 
0.623116 0 0 4.56587e+12 4.56587e+12 6.4316e+12 
0.633166 0 0 4.61377e+12 4.61377e+12 6.49908e+12 
0.643216 0 0 4.66052e+12 4.66052e+12 6.56493e+12 
0.653266 0 0 4.70611e+12 4.70611e+12 6.62915e+12 
0.663317 0 0 4.75053e+12 4.75053e+12 6.69172e+12 
0.673367 0 0 4.79376e+12 4.79376e+12 6.75262e+12 
0.683417 0 0 4.8358e+12 4.8358e+12 6.81183e+12 
0.693467 0 0 4.87663e+12 4.87663e+12 6.86935e+12 
0.703518 0 0 4.91625e+12 4.91625e+12 6.92516e+12 
0.713568 0 0 4.95464e+12 4.95464e+12 6.97924e+12 
0.723618 0 0 4.9918e+12 4.9918e+12 7.03158e+12 
0.733668 0 0 5.02771e+12 5.02771e+12 7.08217e+12 
0.743719 0 0 5.06237e+12 5.06237e+12 7.13099e+12 
0.753769 0 0 5.09577e+12 5.09577e+12 7.17804e+12 
0.763819 0 0 5.1279e+12 5.1279e+12 7.2233e+12 
0.773869 0 0 5.15875e+12 5.15875e+12 7.26676e+12 
0.78392 0 0 5.18832e+12 5.18832e+12 7.3084e+12 
0.79397 0 0 5.21659e+12 5.21659e+12 7.34823e+12 
0.80402 0 0 5.24356e+12 5.24356e+12 7.38622e+12 
0.81407 0 0 5.26923e+12 5.26923e+12 7.42237e+12 
0.824121 0 0 5.29358e+12 5.29358e+12 7.45668e+12 
0.834171 0 0 5.31661e+12 5.31661e+12 7.48912e+12 
0.844221 0 0 5.33832e+12 5.33832e+12 7.5197e+12 
0.854271 0 0 5.3587e+12 5.3587e+12 7.54841e+12 
0.864322 0 0 5.37774e+12 5.37774e+12 7.57523e+12 
0.874372 0 0 5.39544e+12 5.39544e+12 7.60016e+12 
0.884422 0 0 5.4118e+12 5.4118e+12 7.6232e+12 
0.894472 0 0 5.42681e+12 5.42681e+12 7.64435e+12 
0.904523 0 0 5.44046e+12 5.44046e+12 7.66358e+12 
0.914573 0 0 5.45276e+12 5.45276e+12 7.68091e+12 
0.924623 0 0 5.4637e+12 5.4637e+12 7.69632e+12 
0.934673 0 0 5.47328e+12 5.47328e+12 7.70981e+12 
0.944724 0 0 5.4815e+12 5.4815e+12 7.72139e+12 
0.954774 0 0 5.48835e+12 5.48835e+12 7.73104e+12 
0.964824 0 0 5.49383e+12 5.49383e+12 7.73876e+12 
0.974874 0 0 5.49794e+12 5.49794e+12 7.74455e+12 
0.984925 0 0 5.50069e+12 5.50069e+12 7.74841e+12 
0.994975 0 0 5.50206e+12 5.50206e+12 7.75034e+12 
1.00503 0 0 5.50206e+12 5.50206e+12 7.75034e+12 
1.01508 0 0 5.50069e+12 5.50069e+12 7.74841e+12 
1.02513 0 0 5.49794e+12 5.49794e+12 7.74455e+12 
1.03518 0 0 5.49383e+12 5.49383e+12 7.73876e+12 
1.04523 0 0 5.48835e+12 5.48835e+12 7.73104e+12 
1.05528 0 0 5.4815e+12 5.4815e+12 7.72139e+12 
1.06533 0 0 5.47328e+12 5.47328e+12 7.70981e+12 
1.07538 0 0 5.4637e+12 5.4637e+12 7.69632e+12 
1.08543 0 0 5.45276e+12 5.45276e+12 7.68091e+12 
1.09548 0 0 5.44046e+12 5.44046e+12 7.66358e+12 
1.10553 0 0 5.42681e+12 5.42681e+12 7.64435e+12 
1.11558 0 0 5.4118e+12 5.4118e+12 7.6232e+12 
1.12563 0 0 5.39544e+12 5.39544e+12 7.60016e+12 
1.13568 0 0 5.37774e+12 5.37774e+12 7.57523e+12 
1.14573 0 0 5.3587e+12 5.3587e+12 7.54841e+12 
1.15578 0 0 5.33832e+12 5.33832e+12 7.5197e+12 
1.16583 0 0 5.31661e+12 5.31661e+12 7.48912e+12 
1.17588 0 0 5.29358e+12 5.29358e+12 7.45668e+12 
1.18593 0 0 5.26923e+12 5.26923e+12 7.42237e+12 
1.19598 0 0 5.24356e+12 5.24356e+12 7.38622e+12 
1.20603 0 0 5.21659e+12 5.21659e+12 7.34823e+12 
1.21608 0 0 5.18832e+12 5.18832e+12 7.3084e+12 
1.22613 0 0 5.15875e+12 5.15875e+12 7.26676e+12 
1.23618 0 0 5.1279e+12 5.1279e+12 7.2233e+12 
1.24623 0 0 5.09577e+12 5.09577e+12 7.17804e+12 
1.25628 0 0 5.06237e+12 5.06237e+12 7.13099e+12 
1.26633 0 0 5.02771e+12 5.02771e+12 7.08217e+12 
1.27638 0 0 4.9918e+12 4.9918e+12 7.03158e+12 
1.28643 0 0 4.95464e+12 4.95464e+12 6.97924e+12 
1.29648 0 0 4.91625e+12 4.91625e+12 6.92516e+12 
1.30653 0 0 4.87663e+12 4.87663e+12 6.86935e+12 
1.31658 0 0 4.8358e+12 4.8358e+12 6.81183e+12 
1.32663 0 0 4.79376e+12 4.79376e+12 6.75262e+12 
1.33668 0 0 4.75053e+12 4.75053e+12 6.69172e+12 
1.34673 0 0 4.70611e+12 4.70611e+12 6.62915e+12 
1.35678 0 0 4.66052e+12 4.66052e+12 6.56493e+12 
1.36683 0 0 4.61377e+12 4.61377e+12 6.49908e+12 
1.37688 0 0 4.56587e+12 4.56587e+12 6.4316e+12 
1.38693 0 0 4.51683e+12 4.51683e+12 6.36252e+12 
1.39698 0 0 4.46666e+12 4.46666e+12 6.29186e+12 
1.40704 0 0 4.41538e+12 4.41538e+12 6.21963e+12 
1.41709 0 0 4.36301e+12 4.36301e+12 6.14585e+12 
1.42714 0 0 4.30954e+12 4.30954e+12 6.07053e+12 
1.43719 0 0 4.255e+12 4.255e+12 5.99371e+12 
1.44724 0 0 4.1994e+12 4.1994e+12 5.91539e+12 
1.45729 0 0 4.14275e+12 4.14275e+12 5.83559e+12 
1.46734 0 0 4.08507e+12 4.08507e+12 5.75435e+12 
1.47739 0 0 4.02638e+12 4.02638e+12 5.67166e+12 
1.48744 0 0 3.96668e+12 3.96668e+12 5.58757e+12 
1.49749 0 0 3.90599e+12 3.90599e+12 5.50208e+12 
1.50754 0 0 3.84432e+12 3.84432e+12 5.41522e+12 
1.51759 0 0 3.7817e+12 3.7817e+12 5.32701e+12 
1.52764 0 0 3.71814e+12 3.71814e+12 5.23747e+12 
1.53769 0 0 3.65365e+12 3.65365e+12 5.14663e+12 
1.54774 0 0 3.58825e+12 3.58825e+12 5.0545e+12 
1.55779 0 0 3.52196e+12 3.52196e+12 4.96112e+12 
1.56784 0 0 3.45478e+12 3.45478e+12 4.8665e+12 
1.57789 0 0 3.38675e+12 3.38675e+12 4.77067e+12 
1.58794 0 0 3.31787e+12 3.31787e+12 4.67364e+12 
1.59799 0 0 3.24817e+12 3.24817e+12 4.57545e+12 
1.60804 0 0 3.17765e+12 3.17765e+12 4.47613e+12 
1.61809 0 0 3.10635e+12 3.10635e+12 4.37568e+12 
1.62814 0 0 3.03427e+12 3.03427e+12 4.27415e+12 
1.63819 0 0 2.96143e+12 2.96143e+12 4.17155e+12 
1.64824 0 0 2.88786e+12 2.88786e+12 4.06791e+12 
1.65829 0 0 2.81356e+12 2.81356e+12 3.96326e+12 
1.66834 0 0 2.73857e+12 2.73857e+12 3.85762e+12 
1.67839 0 0 2.66289e+12 2.66289e+12 3.75102e+12 
1.68844 0 0 2.58655e+12 2.58655e+12 3.64348e+12 
1.69849 0 0 2.50956e+12 2.50956e+12 3.53504e+12 
1.70854 0 0 2.43195e+12 2.43195e+12 3.42571e+12 
1.71859 0 0 2.35373e+12 2.35373e+12 3.31553e+12 
1.72864 0 0 2.27493e+12 2.27493e+12 3.20452e+12 
1.73869 0 0 2.19556e+12 2.19556e+12 3.09272e+12 
1.74874 0 0 2.11564e+12 2.11564e+12 2.98015e+12 
1.75879 0 0 2.03519e+12 2.03519e+12 2.86683e+12 
1.76884 0 0 1.95424e+12 1.95424e+12 2.75279e+12 
1.77889 0 0 1.8728e+12 1.8728e+12 2.63808e+12 
1.78894 0 0 1.79089e+12 1.79089e+12 2.5227e+12 
1.79899 0 0 1.70854e+12 1.70854e+12 2.4067e+12 
1.80905 0 0 1.62576e+12 1.62576e+12 2.29009e+12 
1.8191 0 0 1.54258e+12 1.54258e+12 2.17292e+12 
1.82915 0 0 1.45901e+12 1.45901e+12 2.0552e+12 
1.8392 0 0 1.37508e+12 1.37508e+12 1.93697e+12 
1.84925 0 0 1.2908e+12 1.2908e+12 1.81826e+12 
1.8593 0 0 1.20621e+12 1.20621e+12 1.6991e+12 
1.86935 0 0 1.12131e+12 1.12131e+12 1.57951e+12 
1.8794 0 0 1.03613e+12 1.03613e+12 1.45953e+12 
1.88945 0 0 9.50699e+11 9.50699e+11 1.33918e+12 
1.8995 0 0 8.65027e+11 8.65027e+11 1.2185e+12 
1.90955 0 0 7.7914e+11 7.7914e+11 1.09752e+12 
1.9196 0 0 6.93059e+11 6.93059e+11 9.76261e+11 
1.92965 0 0 6.06805e+11 6.06805e+11 8.54762e+11 
1.9397 0 0 5.204e+11 5.204e+11 7.33049e+11 
1.94975 0 0 4.33865e+11 4.33865e+11 6.11153e+11 
1.9598 0 0 3.47222e+11 3.47222e+11 4.89106e+11 
1.96985 0 0 2.60492e+11 2.60492e+11 3.66936e+11 
1.9799 0 0 1.73697e+11 1.73697e+11 2.44675e+11 
1.98995 0 0 8.68595e+10 8.68595e+10 1.22353e+11 
2 0 0 0 0 0 
