III -4.5696e+09 1.12733e-30 CCC 1.23306e+11 2.67727 III -4.5696e+09 1.12733e-30 CCC 1.23306e+11 2.67727 III -1.17434e+10 1.12733e-30 CCC 2.44432e+11 3.47083 
0.0100503 0.0100503 0.0100503 2.67727 2.67727 3.47083 
III -9.13465e+09 1.12733e-30 CCC 2.46489e+11 2.67727 III -9.13465e+09 1.12733e-30 CCC 2.46489e+11 2.67727 III -2.34751e+10 1.12733e-30 CCC 4.88619e+11 3.47083 
0.0201005 0.0201005 0.0201005 2.67727 2.67727 3.47083 
III -1.36906e+10 1.12733e-30 CCC 3.69426e+11 2.67727 III -1.36906e+10 1.12733e-30 CCC 3.69426e+11 2.67727 III -3.51834e+10 1.12733e-30 CCC 7.3232e+11 3.47083 
0.0301508 0.0301508 0.0301508 2.67727 2.67727 3.47083 
III -1.82329e+10 1.12733e-30 CCC 4.91995e+11 2.67727 III -1.82329e+10 1.12733e-30 CCC 4.91995e+11 2.67727 III -4.68566e+10 1.12733e-30 CCC 9.75291e+11 3.47083 
0.040201 0.040201 0.040201 2.67727 2.67727 3.47083 
III -2.2757e+10 1.12733e-30 CCC 6.14074e+11 2.67727 III -2.2757e+10 1.12733e-30 CCC 6.14074e+11 2.67727 III -5.84831e+10 1.12733e-30 CCC 1.21729e+12 3.47083 
0.0502513 0.0502513 0.0502513 2.67727 2.67727 3.47083 
III -2.72584e+10 1.12733e-30 CCC 7.3554e+11 2.67727 III -2.72584e+10 1.12733e-30 CCC 7.3554e+11 2.67727 III -7.00513e+10 1.12733e-30 CCC 1.45807e+12 3.47083 
0.0603015 0.0603015 0.0603015 2.67727 2.67727 3.47083 
III -3.17327e+10 1.12733e-30 CCC 8.56273e+11 2.67727 III -3.17327e+10 1.12733e-30 CCC 8.56273e+11 2.67727 III -8.15497e+10 1.12733e-30 CCC 1.69741e+12 3.47083 
0.0703518 0.0703518 0.0703518 2.67727 2.67727 3.47083 
III -3.61753e+10 1.12733e-30 CCC 9.76153e+11 2.67727 III -3.61753e+10 1.12733e-30 CCC 9.76153e+11 2.67727 III -9.29668e+10 1.12733e-30 CCC 1.93505e+12 3.47083 
0.080402 0.080402 0.080402 2.67727 2.67727 3.47083 
III -4.05819e+10 1.12733e-30 CCC 1.09506e+12 2.67727 III -4.05819e+10 1.12733e-30 CCC 1.09506e+12 2.67727 III -1.04291e+11 1.12733e-30 CCC 2.17076e+12 3.47083 
0.0904523 0.0904523 0.0904523 2.67727 2.67727 3.47083 
III -4.4948e+10 1.12733e-30 CCC 1.21287e+12 2.67727 III -4.4948e+10 1.12733e-30 CCC 1.21287e+12 2.67727 III -1.15512e+11 1.12733e-30 CCC 2.4043e+12 3.47083 
0.100503 0.100503 0.100503 2.67727 2.67727 3.47083 
III -4.92693e+10 1.12733e-30 CCC 1.32948e+12 2.67727 III -4.92693e+10 1.12733e-30 CCC 1.32948e+12 2.67727 III -1.26617e+11 1.12733e-30 CCC 2.63545e+12 3.47083 
0.110553 0.110553 0.110553 2.67727 2.67727 3.47083 
III -5.35415e+10 1.12733e-30 CCC 1.44476e+12 2.67727 III -5.35415e+10 1.12733e-30 CCC 1.44476e+12 2.67727 III -1.37596e+11 1.12733e-30 CCC 2.86398e+12 3.47083 
0.120603 0.120603 0.120603 2.67727 2.67727 3.47083 
III -5.77604e+10 1.12733e-30 CCC 1.5586e+12 2.67727 III -5.77604e+10 1.12733e-30 CCC 1.5586e+12 2.67727 III -1.48438e+11 1.12733e-30 CCC 3.08965e+12 3.47083 
0.130653 0.130653 0.130653 2.67727 2.67727 3.47083 
III -6.19216e+10 1.12733e-30 CCC 1.67089e+12 2.67727 III -6.19216e+10 1.12733e-30 CCC 1.67089e+12 2.67727 III -1.59132e+11 1.12733e-30 CCC 3.31223e+12 3.47083 
0.140704 0.140704 0.140704 2.67727 2.67727 3.47083 
III -6.60212e+10 1.12733e-30 CCC 1.78151e+12 2.67727 III -6.60212e+10 1.12733e-30 CCC 1.78151e+12 2.67727 III -1.69667e+11 1.12733e-30 CCC 3.53152e+12 3.47083 
0.150754 0.150754 0.150754 2.67727 2.67727 3.47083 
III -7.00549e+10 1.12733e-30 CCC 1.89036e+12 2.67727 III -7.00549e+10 1.12733e-30 CCC 1.89036e+12 2.67727 III -1.80034e+11 1.12733e-30 CCC 3.74729e+12 3.47083 
0.160804 0.160804 0.160804 2.67727 2.67727 3.47083 
III -7.40188e+10 1.12733e-30 CCC 1.99732e+12 2.67727 III -7.40188e+10 1.12733e-30 CCC 1.99732e+12 2.67727 III -1.9022e+11 1.12733e-30 CCC 3.95932e+12 3.47083 
0.170854 0.170854 0.170854 2.67727 2.67727 3.47083 
III -7.79089e+10 1.12733e-30 CCC 2.10229e+12 2.67727 III -7.79089e+10 1.12733e-30 CCC 2.10229e+12 2.67727 III -2.00217e+11 1.12733e-30 CCC 4.1674e+12 3.47083 
0.180905 0.180905 0.180905 2.67727 2.67727 3.47083 
III -8.17213e+10 1.12733e-30 CCC 2.20516e+12 2.67727 III -8.17213e+10 1.12733e-30 CCC 2.20516e+12 2.67727 III -2.10015e+11 1.12733e-30 CCC 4.37133e+12 3.47083 
0.190955 0.190955 0.190955 2.67727 2.67727 3.47083 
III -8.54523e+10 1.12733e-30 CCC 2.30584e+12 2.67727 III -8.54523e+10 1.12733e-30 CCC 2.30584e+12 2.67727 III -2.19603e+11 1.12733e-30 CCC 4.57091e+12 3.47083 
0.201005 0.201005 0.201005 2.67727 2.67727 3.47083 
III -8.90981e+10 1.12733e-30 CCC 2.40422e+12 2.67727 III -8.90981e+10 1.12733e-30 CCC 2.40422e+12 2.67727 III -2.28973e+11 1.12733e-30 CCC 4.76592e+12 3.47083 
0.211055 0.211055 0.211055 2.67727 2.67727 3.47083 
III -9.26551e+10 1.12733e-30 CCC 2.5002e+12 2.67727 III -9.26551e+10 1.12733e-30 CCC 2.5002e+12 2.67727 III -2.38114e+11 1.12733e-30 CCC 4.95619e+12 3.47083 
0.221106 0.221106 0.221106 2.67727 2.67727 3.47083 
III -9.61197e+10 1.12733e-30 CCC 2.59369e+12 2.67727 III -9.61197e+10 1.12733e-30 CCC 2.59369e+12 2.67727 III -2.47017e+11 1.12733e-30 CCC 5.14151e+12 3.47083 
0.231156 0.231156 0.231156 2.67727 2.67727 3.47083 
III -9.94885e+10 1.12733e-30 CCC 2.68459e+12 2.67727 III -9.94885e+10 1.12733e-30 CCC 2.68459e+12 2.67727 III -2.55675e+11 1.12733e-30 CCC 5.32171e+12 3.47083 
0.241206 0.241206 0.241206 2.67727 2.67727 3.47083 
III -1.02758e+11 1.12733e-30 CCC 2.77282e+12 2.67727 III -1.02758e+11 1.12733e-30 CCC 2.77282e+12 2.67727 III -2.64077e+11 1.12733e-30 CCC 5.49661e+12 3.47083 
0.251256 0.251256 0.251256 2.67727 2.67727 3.47083 
III -1.05925e+11 1.12733e-30 CCC 2.85828e+12 2.67727 III -1.05925e+11 1.12733e-30 CCC 2.85828e+12 2.67727 III -2.72217e+11 1.12733e-30 CCC 5.66603e+12 3.47083 
0.261307 0.261307 0.261307 2.67727 2.67727 3.47083 
III -1.08987e+11 1.12733e-30 CCC 2.9409e+12 2.67727 III -1.08987e+11 1.12733e-30 CCC 2.9409e+12 2.67727 III -2.80085e+11 1.12733e-30 CCC 5.82979e+12 3.47083 
0.271357 0.271357 0.271357 2.67727 2.67727 3.47083 
III -1.1194e+11 1.12733e-30 CCC 3.02058e+12 2.67727 III -1.1194e+11 1.12733e-30 CCC 3.02058e+12 2.67727 III -2.87674e+11 1.12733e-30 CCC 5.98775e+12 3.47083 
0.281407 0.281407 0.281407 2.67727 2.67727 3.47083 
III -1.14781e+11 1.12733e-30 CCC 3.09725e+12 2.67727 III -1.14781e+11 1.12733e-30 CCC 3.09725e+12 2.67727 III -2.94976e+11 1.12733e-30 CCC 6.13974e+12 3.47083 
0.291457 0.291457 0.291457 2.67727 2.67727 3.47083 
III -1.17508e+11 1.12733e-30 CCC 3.17084e+12 2.67727 III -1.17508e+11 1.12733e-30 CCC 3.17084e+12 2.67727 III -3.01984e+11 1.12733e-30 CCC 6.28561e+12 3.47083 
0.301508 0.301508 0.301508 2.67727 2.67727 3.47083 
III -1.20118e+11 1.12733e-30 CCC 3.24126e+12 2.67727 III -1.20118e+11 1.12733e-30 CCC 3.24126e+12 2.67727 III -3.08691e+11 1.12733e-30 CCC 6.42521e+12 3.47083 
0.311558 0.311558 0.311558 2.67727 2.67727 3.47083 
III -1.22608e+11 1.12733e-30 CCC 3.30845e+12 2.67727 III -1.22608e+11 1.12733e-30 CCC 3.30845e+12 2.67727 III -3.1509e+11 1.12733e-30 CCC 6.55841e+12 3.47083 
0.321608 0.321608 0.321608 2.67727 2.67727 3.47083 
III -1.24976e+11 1.12733e-30 CCC 3.37235e+12 2.67727 III -1.24976e+11 1.12733e-30 CCC 3.37235e+12 2.67727 III -3.21175e+11 1.12733e-30 CCC 6.68507e+12 3.47083 
0.331658 0.331658 0.331658 2.67727 2.67727 3.47083 
III -1.27219e+11 1.12733e-30 CCC 3.43288e+12 2.67727 III -1.27219e+11 1.12733e-30 CCC 3.43288e+12 2.67727 III -3.2694e+11 1.12733e-30 CCC 6.80506e+12 3.47083 
0.341709 0.341709 0.341709 2.67727 2.67727 3.47083 
III -1.29336e+11 1.12733e-30 CCC 3.48999e+12 2.67727 III -1.29336e+11 1.12733e-30 CCC 3.48999e+12 2.67727 III -3.32379e+11 1.12733e-30 CCC 6.91827e+12 3.47083 
0.351759 0.351759 0.351759 2.67727 2.67727 3.47083 
III -1.31323e+11 1.12733e-30 CCC 3.54362e+12 2.67727 III -1.31323e+11 1.12733e-30 CCC 3.54362e+12 2.67727 III -3.37487e+11 1.12733e-30 CCC 7.02459e+12 3.47083 
0.361809 0.361809 0.361809 2.67727 2.67727 3.47083 
III -1.3318e+11 1.12733e-30 CCC 3.59372e+12 2.67727 III -1.3318e+11 1.12733e-30 CCC 3.59372e+12 2.67727 III -3.42259e+11 1.12733e-30 CCC 7.12391e+12 3.47083 
0.371859 0.371859 0.371859 2.67727 2.67727 3.47083 
III -1.34904e+11 1.12733e-30 CCC 3.64024e+12 2.67727 III -1.34904e+11 1.12733e-30 CCC 3.64024e+12 2.67727 III -3.46689e+11 1.12733e-30 CCC 7.21612e+12 3.47083 
0.38191 0.38191 0.38191 2.67727 2.67727 3.47083 
III -1.36493e+11 1.12733e-30 CCC 3.68313e+12 2.67727 III -1.36493e+11 1.12733e-30 CCC 3.68313e+12 2.67727 III -3.50774e+11 1.12733e-30 CCC 7.30114e+12 3.47083 
0.39196 0.39196 0.39196 2.67727 2.67727 3.47083 
III -1.37947e+11 1.12733e-30 CCC 3.72235e+12 2.67727 III -1.37947e+11 1.12733e-30 CCC 3.72235e+12 2.67727 III -3.54509e+11 1.12733e-30 CCC 7.37888e+12 3.47083 
0.40201 0.40201 0.40201 2.67727 2.67727 3.47083 
III -1.39263e+11 1.12733e-30 CCC 3.75786e+12 2.67727 III -1.39263e+11 1.12733e-30 CCC 3.75786e+12 2.67727 III -3.5789e+11 1.12733e-30 CCC 7.44927e+12 3.47083 
0.41206 0.41206 0.41206 2.67727 2.67727 3.47083 
III -1.4044e+11 1.12733e-30 CCC 3.78962e+12 2.67727 III -1.4044e+11 1.12733e-30 CCC 3.78962e+12 2.67727 III -3.60915e+11 1.12733e-30 CCC 7.51223e+12 3.47083 
0.422111 0.422111 0.422111 2.67727 2.67727 3.47083 
III -1.41477e+11 1.12733e-30 CCC 3.8176e+12 2.67727 III -1.41477e+11 1.12733e-30 CCC 3.8176e+12 2.67727 III -3.6358e+11 1.12733e-30 CCC 7.5677e+12 3.47083 
0.432161 0.432161 0.432161 2.67727 2.67727 3.47083 
III -1.42373e+11 1.12733e-30 CCC 3.84178e+12 2.67727 III -1.42373e+11 1.12733e-30 CCC 3.84178e+12 2.67727 III -3.65883e+11 1.12733e-30 CCC 7.61563e+12 3.47083 
0.442211 0.442211 0.442211 2.67727 2.67727 3.47083 
III -1.43127e+11 1.12733e-30 CCC 3.86213e+12 2.67727 III -1.43127e+11 1.12733e-30 CCC 3.86213e+12 2.67727 III -3.67821e+11 1.12733e-30 CCC 7.65596e+12 3.47083 
0.452261 0.452261 0.452261 2.67727 2.67727 3.47083 
III -1.43738e+11 1.12733e-30 CCC 3.87863e+12 2.67727 III -1.43738e+11 1.12733e-30 CCC 3.87863e+12 2.67727 III -3.69392e+11 1.12733e-30 CCC 7.68867e+12 3.47083 
0.462312 0.462312 0.462312 2.67727 2.67727 3.47083 
III -1.44206e+11 1.12733e-30 CCC 3.89126e+12 2.67727 III -1.44206e+11 1.12733e-30 CCC 3.89126e+12 2.67727 III -3.70595e+11 1.12733e-30 CCC 7.71371e+12 3.47083 
0.472362 0.472362 0.472362 2.67727 2.67727 3.47083 
III -1.44531e+11 1.12733e-30 CCC 3.90001e+12 2.67727 III -1.44531e+11 1.12733e-30 CCC 3.90001e+12 2.67727 III -3.71429e+11 1.12733e-30 CCC 7.73106e+12 3.47083 
0.482412 0.482412 0.482412 2.67727 2.67727 3.47083 
III -1.44711e+11 1.12733e-30 CCC 3.90488e+12 2.67727 III -1.44711e+11 1.12733e-30 CCC 3.90488e+12 2.67727 III -3.71892e+11 1.12733e-30 CCC 7.74071e+12 3.47083 
0.492462 0.492462 0.492462 2.67727 2.67727 3.47083 
III -1.44747e+11 1.12733e-30 CCC 3.90585e+12 2.67727 III -1.44747e+11 1.12733e-30 CCC 3.90585e+12 2.67727 III -3.71985e+11 1.12733e-30 CCC 7.74264e+12 3.47083 
0.502513 0.502513 0.502513 2.67727 2.67727 3.47083 
III -1.44639e+11 1.12733e-30 CCC 3.90293e+12 2.67727 III -1.44639e+11 1.12733e-30 CCC 3.90293e+12 2.67727 III -3.71707e+11 1.12733e-30 CCC 7.73685e+12 3.47083 
0.512563 0.512563 0.512563 2.67727 2.67727 3.47083 
III -1.44387e+11 1.12733e-30 CCC 3.89612e+12 2.67727 III -1.44387e+11 1.12733e-30 CCC 3.89612e+12 2.67727 III -3.71058e+11 1.12733e-30 CCC 7.72335e+12 3.47083 
0.522613 0.522613 0.522613 2.67727 2.67727 3.47083 
III -1.4399e+11 1.12733e-30 CCC 3.88543e+12 2.67727 III -1.4399e+11 1.12733e-30 CCC 3.88543e+12 2.67727 III -3.7004e+11 1.12733e-30 CCC 7.70215e+12 3.47083 
0.532663 0.532663 0.532663 2.67727 2.67727 3.47083 
III -1.4345e+11 1.12733e-30 CCC 3.87086e+12 2.67727 III -1.4345e+11 1.12733e-30 CCC 3.87086e+12 2.67727 III -3.68652e+11 1.12733e-30 CCC 7.67327e+12 3.47083 
0.542714 0.542714 0.542714 2.67727 2.67727 3.47083 
III -1.42768e+11 1.12733e-30 CCC 3.85243e+12 2.67727 III -1.42768e+11 1.12733e-30 CCC 3.85243e+12 2.67727 III -3.66898e+11 1.12733e-30 CCC 7.63675e+12 3.47083 
0.552764 0.552764 0.552764 2.67727 2.67727 3.47083 
III -1.41942e+11 1.12733e-30 CCC 3.83017e+12 2.67727 III -1.41942e+11 1.12733e-30 CCC 3.83017e+12 2.67727 III -3.64777e+11 1.12733e-30 CCC 7.59261e+12 3.47083 
0.562814 0.562814 0.562814 2.67727 2.67727 3.47083 
III -1.40976e+11 1.12733e-30 CCC 3.80408e+12 2.67727 III -1.40976e+11 1.12733e-30 CCC 3.80408e+12 2.67727 III -3.62293e+11 1.12733e-30 CCC 7.5409e+12 3.47083 
0.572864 0.572864 0.572864 2.67727 2.67727 3.47083 
III -1.39869e+11 1.12733e-30 CCC 3.77421e+12 2.67727 III -1.39869e+11 1.12733e-30 CCC 3.77421e+12 2.67727 III -3.59447e+11 1.12733e-30 CCC 7.48168e+12 3.47083 
0.582915 0.582915 0.582915 2.67727 2.67727 3.47083 
III -1.38622e+11 1.12733e-30 CCC 3.74057e+12 2.67727 III -1.38622e+11 1.12733e-30 CCC 3.74057e+12 2.67727 III -3.56244e+11 1.12733e-30 CCC 7.415e+12 3.47083 
0.592965 0.592965 0.592965 2.67727 2.67727 3.47083 
III -1.37237e+11 1.12733e-30 CCC 3.7032e+12 2.67727 III -1.37237e+11 1.12733e-30 CCC 3.7032e+12 2.67727 III -3.52685e+11 1.12733e-30 CCC 7.34092e+12 3.47083 
0.603015 0.603015 0.603015 2.67727 2.67727 3.47083 
III -1.35716e+11 1.12733e-30 CCC 3.66214e+12 2.67727 III -1.35716e+11 1.12733e-30 CCC 3.66214e+12 2.67727 III -3.48775e+11 1.12733e-30 CCC 7.25953e+12 3.47083 
0.613065 0.613065 0.613065 2.67727 2.67727 3.47083 
III -1.34059e+11 1.12733e-30 CCC 3.61743e+12 2.67727 III -1.34059e+11 1.12733e-30 CCC 3.61743e+12 2.67727 III -3.44517e+11 1.12733e-30 CCC 7.17091e+12 3.47083 
0.623116 0.623116 0.623116 2.67727 2.67727 3.47083 
III -1.32268e+11 1.12733e-30 CCC 3.56912e+12 2.67727 III -1.32268e+11 1.12733e-30 CCC 3.56912e+12 2.67727 III -3.39915e+11 1.12733e-30 CCC 7.07513e+12 3.47083 
0.633166 0.633166 0.633166 2.67727 2.67727 3.47083 
III -1.30346e+11 1.12733e-30 CCC 3.51725e+12 2.67727 III -1.30346e+11 1.12733e-30 CCC 3.51725e+12 2.67727 III -3.34975e+11 1.12733e-30 CCC 6.9723e+12 3.47083 
0.643216 0.643216 0.643216 2.67727 2.67727 3.47083 
III -1.28294e+11 1.12733e-30 CCC 3.46187e+12 2.67727 III -1.28294e+11 1.12733e-30 CCC 3.46187e+12 2.67727 III -3.29701e+11 1.12733e-30 CCC 6.86252e+12 3.47083 
0.653266 0.653266 0.653266 2.67727 2.67727 3.47083 
III -1.26113e+11 1.12733e-30 CCC 3.40304e+12 2.67727 III -1.26113e+11 1.12733e-30 CCC 3.40304e+12 2.67727 III -3.24098e+11 1.12733e-30 CCC 6.7459e+12 3.47083 
0.663317 0.663317 0.663317 2.67727 2.67727 3.47083 
III -1.23808e+11 1.12733e-30 CCC 3.34082e+12 2.67727 III -1.23808e+11 1.12733e-30 CCC 3.34082e+12 2.67727 III -3.18172e+11 1.12733e-30 CCC 6.62256e+12 3.47083 
0.673367 0.673367 0.673367 2.67727 2.67727 3.47083 
III -1.21378e+11 1.12733e-30 CCC 3.27526e+12 2.67727 III -1.21378e+11 1.12733e-30 CCC 3.27526e+12 2.67727 III -3.11929e+11 1.12733e-30 CCC 6.49262e+12 3.47083 
0.683417 0.683417 0.683417 2.67727 2.67727 3.47083 
III -1.18828e+11 1.12733e-30 CCC 3.20645e+12 2.67727 III -1.18828e+11 1.12733e-30 CCC 3.20645e+12 2.67727 III -3.05375e+11 1.12733e-30 CCC 6.3562e+12 3.47083 
0.693467 0.693467 0.693467 2.67727 2.67727 3.47083 
III -1.16159e+11 1.12733e-30 CCC 3.13443e+12 2.67727 III -1.16159e+11 1.12733e-30 CCC 3.13443e+12 2.67727 III -2.98517e+11 1.12733e-30 CCC 6.21345e+12 3.47083 
0.703518 0.703518 0.703518 2.67727 2.67727 3.47083 
III -1.13375e+11 1.12733e-30 CCC 3.0593e+12 2.67727 III -1.13375e+11 1.12733e-30 CCC 3.0593e+12 2.67727 III -2.91361e+11 1.12733e-30 CCC 6.0645e+12 3.47083 
0.713568 0.713568 0.713568 2.67727 2.67727 3.47083 
III -1.10477e+11 1.12733e-30 CCC 2.98111e+12 2.67727 III -1.10477e+11 1.12733e-30 CCC 2.98111e+12 2.67727 III -2.83915e+11 1.12733e-30 CCC 5.90951e+12 3.47083 
0.723618 0.723618 0.723618 2.67727 2.67727 3.47083 
III -1.0747e+11 1.12733e-30 CCC 2.89995e+12 2.67727 III -1.0747e+11 1.12733e-30 CCC 2.89995e+12 2.67727 III -2.76185e+11 1.12733e-30 CCC 5.74863e+12 3.47083 
0.733668 0.733668 0.733668 2.67727 2.67727 3.47083 
III -1.04355e+11 1.12733e-30 CCC 2.8159e+12 2.67727 III -1.04355e+11 1.12733e-30 CCC 2.8159e+12 2.67727 III -2.68181e+11 1.12733e-30 CCC 5.58201e+12 3.47083 
0.743719 0.743719 0.743719 2.67727 2.67727 3.47083 
III -1.01136e+11 1.12733e-30 CCC 2.72904e+12 2.67727 III -1.01136e+11 1.12733e-30 CCC 2.72904e+12 2.67727 III -2.59908e+11 1.12733e-30 CCC 5.40984e+12 3.47083 
0.753769 0.753769 0.753769 2.67727 2.67727 3.47083 
III -9.78163e+10 1.12733e-30 CCC 2.63947e+12 2.67727 III -9.78163e+10 1.12733e-30 CCC 2.63947e+12 2.67727 III -2.51377e+11 1.12733e-30 CCC 5.23227e+12 3.47083 
0.763819 0.763819 0.763819 2.67727 2.67727 3.47083 
III -9.43991e+10 1.12733e-30 CCC 2.54726e+12 2.67727 III -9.43991e+10 1.12733e-30 CCC 2.54726e+12 2.67727 III -2.42596e+11 1.12733e-30 CCC 5.04948e+12 3.47083 
0.773869 0.773869 0.773869 2.67727 2.67727 3.47083 
III -9.08879e+10 1.12733e-30 CCC 2.45251e+12 2.67727 III -9.08879e+10 1.12733e-30 CCC 2.45251e+12 2.67727 III -2.33572e+11 1.12733e-30 CCC 4.86166e+12 3.47083 
0.78392 0.78392 0.78392 2.67727 2.67727 3.47083 
III -8.7286e+10 1.12733e-30 CCC 2.35532e+12 2.67727 III -8.7286e+10 1.12733e-30 CCC 2.35532e+12 2.67727 III -2.24316e+11 1.12733e-30 CCC 4.669e+12 3.47083 
0.79397 0.79397 0.79397 2.67727 2.67727 3.47083 
III -8.35972e+10 1.12733e-30 CCC 2.25578e+12 2.67727 III -8.35972e+10 1.12733e-30 CCC 2.25578e+12 2.67727 III -2.14836e+11 1.12733e-30 CCC 4.47168e+12 3.47083 
0.80402 0.80402 0.80402 2.67727 2.67727 3.47083 
III -7.9825e+10 1.12733e-30 CCC 2.15399e+12 2.67727 III -7.9825e+10 1.12733e-30 CCC 2.15399e+12 2.67727 III -2.05142e+11 1.12733e-30 CCC 4.2699e+12 3.47083 
0.81407 0.81407 0.81407 2.67727 2.67727 3.47083 
III -7.59733e+10 1.12733e-30 CCC 2.05006e+12 2.67727 III -7.59733e+10 1.12733e-30 CCC 2.05006e+12 2.67727 III -1.95243e+11 1.12733e-30 CCC 4.06387e+12 3.47083 
0.824121 0.824121 0.824121 2.67727 2.67727 3.47083 
III -7.20458e+10 1.12733e-30 CCC 1.94408e+12 2.67727 III -7.20458e+10 1.12733e-30 CCC 1.94408e+12 2.67727 III -1.8515e+11 1.12733e-30 CCC 3.85378e+12 3.47083 
0.834171 0.834171 0.834171 2.67727 2.67727 3.47083 
III -6.80465e+10 1.12733e-30 CCC 1.83616e+12 2.67727 III -6.80465e+10 1.12733e-30 CCC 1.83616e+12 2.67727 III -1.74872e+11 1.12733e-30 CCC 3.63986e+12 3.47083 
0.844221 0.844221 0.844221 2.67727 2.67727 3.47083 
III -6.39794e+10 1.12733e-30 CCC 1.72642e+12 2.67727 III -6.39794e+10 1.12733e-30 CCC 1.72642e+12 2.67727 III -1.6442e+11 1.12733e-30 CCC 3.4223e+12 3.47083 
0.854271 0.854271 0.854271 2.67727 2.67727 3.47083 
III -5.98485e+10 1.12733e-30 CCC 1.61495e+12 2.67727 III -5.98485e+10 1.12733e-30 CCC 1.61495e+12 2.67727 III -1.53804e+11 1.12733e-30 CCC 3.20134e+12 3.47083 
0.864322 0.864322 0.864322 2.67727 2.67727 3.47083 
III -5.56579e+10 1.12733e-30 CCC 1.50187e+12 2.67727 III -5.56579e+10 1.12733e-30 CCC 1.50187e+12 2.67727 III -1.43035e+11 1.12733e-30 CCC 2.97718e+12 3.47083 
0.874372 0.874372 0.874372 2.67727 2.67727 3.47083 
III -5.14118e+10 1.12733e-30 CCC 1.38729e+12 2.67727 III -5.14118e+10 1.12733e-30 CCC 1.38729e+12 2.67727 III -1.32123e+11 1.12733e-30 CCC 2.75006e+12 3.47083 
0.884422 0.884422 0.884422 2.67727 2.67727 3.47083 
III -4.71146e+10 1.12733e-30 CCC 1.27134e+12 2.67727 III -4.71146e+10 1.12733e-30 CCC 1.27134e+12 2.67727 III -1.21079e+11 1.12733e-30 CCC 2.52019e+12 3.47083 
0.894472 0.894472 0.894472 2.67727 2.67727 3.47083 
III -4.27703e+10 1.12733e-30 CCC 1.15411e+12 2.67727 III -4.27703e+10 1.12733e-30 CCC 1.15411e+12 2.67727 III -1.09915e+11 1.12733e-30 CCC 2.28782e+12 3.47083 
0.904523 0.904523 0.904523 2.67727 2.67727 3.47083 
III -3.83834e+10 1.12733e-30 CCC 1.03574e+12 2.67727 III -3.83834e+10 1.12733e-30 CCC 1.03574e+12 2.67727 III -9.86413e+10 1.12733e-30 CCC 2.05316e+12 3.47083 
0.914573 0.914573 0.914573 2.67727 2.67727 3.47083 
III -3.39583e+10 1.12733e-30 CCC 9.16327e+11 2.67727 III -3.39583e+10 1.12733e-30 CCC 9.16327e+11 2.67727 III -8.72691e+10 1.12733e-30 CCC 1.81645e+12 3.47083 
0.924623 0.924623 0.924623 2.67727 2.67727 3.47083 
III -2.94993e+10 1.12733e-30 CCC 7.96006e+11 2.67727 III -2.94993e+10 1.12733e-30 CCC 7.96006e+11 2.67727 III -7.58099e+10 1.12733e-30 CCC 1.57794e+12 3.47083 
0.934673 0.934673 0.934673 2.67727 2.67727 3.47083 
III -2.50108e+10 1.12733e-30 CCC 6.74891e+11 2.67727 III -2.50108e+10 1.12733e-30 CCC 6.74891e+11 2.67727 III -6.42752e+10 1.12733e-30 CCC 1.33785e+12 3.47083 
0.944724 0.944724 0.944724 2.67727 2.67727 3.47083 
III -2.04975e+10 1.12733e-30 CCC 5.53103e+11 2.67727 III -2.04975e+10 1.12733e-30 CCC 5.53103e+11 2.67727 III -5.26764e+10 1.12733e-30 CCC 1.09643e+12 3.47083 
0.954774 0.954774 0.954774 2.67727 2.67727 3.47083 
III -1.59637e+10 1.12733e-30 CCC 4.30764e+11 2.67727 III -1.59637e+10 1.12733e-30 CCC 4.30764e+11 2.67727 III -4.10251e+10 1.12733e-30 CCC 8.53912e+11 3.47083 
0.964824 0.964824 0.964824 2.67727 2.67727 3.47083 
III -1.1414e+10 1.12733e-30 CCC 3.07996e+11 2.67727 III -1.1414e+10 1.12733e-30 CCC 3.07996e+11 2.67727 III -2.93329e+10 1.12733e-30 CCC 6.10546e+11 3.47083 
0.974874 0.974874 0.974874 2.67727 2.67727 3.47083 
III -6.85298e+09 1.12733e-30 CCC 1.8492e+11 2.67727 III -6.85298e+09 1.12733e-30 CCC 1.8492e+11 2.67727 III -1.76114e+10 1.12733e-30 CCC 3.66571e+11 3.47083 
0.984925 0.984925 0.984925 2.67727 2.67727 3.47083 
III -2.28509e+09 1.12733e-30 CCC 6.16606e+10 2.67727 III -2.28509e+09 1.12733e-30 CCC 6.16606e+10 2.67727 III -5.87243e+09 1.12733e-30 CCC 1.22231e+11 3.47083 
0.994975 0.994975 0.994975 2.67727 2.67727 3.47083 
III -2.28509e+09 1.12733e-30 CCC 6.16606e+10 2.67727 III -2.28509e+09 1.12733e-30 CCC 6.16606e+10 2.67727 III -5.87243e+09 1.12733e-30 CCC 1.22231e+11 3.47083 
1.00503 1.00503 1.00503 2.67727 2.67727 3.47083 
III -6.85298e+09 1.12733e-30 CCC 1.8492e+11 2.67727 III -6.85298e+09 1.12733e-30 CCC 1.8492e+11 2.67727 III -1.76114e+10 1.12733e-30 CCC 3.66571e+11 3.47083 
1.01508 1.01508 1.01508 2.67727 2.67727 3.47083 
III -1.1414e+10 1.12733e-30 CCC 3.07996e+11 2.67727 III -1.1414e+10 1.12733e-30 CCC 3.07996e+11 2.67727 III -2.93329e+10 1.12733e-30 CCC 6.10546e+11 3.47083 
1.02513 1.02513 1.02513 2.67727 2.67727 3.47083 
III -1.59637e+10 1.12733e-30 CCC 4.30764e+11 2.67727 III -1.59637e+10 1.12733e-30 CCC 4.30764e+11 2.67727 III -4.10251e+10 1.12733e-30 CCC 8.53912e+11 3.47083 
1.03518 1.03518 1.03518 2.67727 2.67727 3.47083 
III -2.04975e+10 1.12733e-30 CCC 5.53103e+11 2.67727 III -2.04975e+10 1.12733e-30 CCC 5.53103e+11 2.67727 III -5.26764e+10 1.12733e-30 CCC 1.09643e+12 3.47083 
1.04523 1.04523 1.04523 2.67727 2.67727 3.47083 
III -2.50108e+10 1.12733e-30 CCC 6.74891e+11 2.67727 III -2.50108e+10 1.12733e-30 CCC 6.74891e+11 2.67727 III -6.42752e+10 1.12733e-30 CCC 1.33785e+12 3.47083 
1.05528 1.05528 1.05528 2.67727 2.67727 3.47083 
III -2.94993e+10 1.12733e-30 CCC 7.96006e+11 2.67727 III -2.94993e+10 1.12733e-30 CCC 7.96006e+11 2.67727 III -7.58099e+10 1.12733e-30 CCC 1.57794e+12 3.47083 
1.06533 1.06533 1.06533 2.67727 2.67727 3.47083 
III -3.39583e+10 1.12733e-30 CCC 9.16327e+11 2.67727 III -3.39583e+10 1.12733e-30 CCC 9.16327e+11 2.67727 III -8.72691e+10 1.12733e-30 CCC 1.81645e+12 3.47083 
1.07538 1.07538 1.07538 2.67727 2.67727 3.47083 
III -3.83834e+10 1.12733e-30 CCC 1.03574e+12 2.67727 III -3.83834e+10 1.12733e-30 CCC 1.03574e+12 2.67727 III -9.86413e+10 1.12733e-30 CCC 2.05316e+12 3.47083 
1.08543 1.08543 1.08543 2.67727 2.67727 3.47083 
III -4.27703e+10 1.12733e-30 CCC 1.15411e+12 2.67727 III -4.27703e+10 1.12733e-30 CCC 1.15411e+12 2.67727 III -1.09915e+11 1.12733e-30 CCC 2.28782e+12 3.47083 
1.09548 1.09548 1.09548 2.67727 2.67727 3.47083 
III -4.71146e+10 1.12733e-30 CCC 1.27134e+12 2.67727 III -4.71146e+10 1.12733e-30 CCC 1.27134e+12 2.67727 III -1.21079e+11 1.12733e-30 CCC 2.52019e+12 3.47083 
1.10553 1.10553 1.10553 2.67727 2.67727 3.47083 
III -5.14118e+10 1.12733e-30 CCC 1.38729e+12 2.67727 III -5.14118e+10 1.12733e-30 CCC 1.38729e+12 2.67727 III -1.32123e+11 1.12733e-30 CCC 2.75006e+12 3.47083 
1.11558 1.11558 1.11558 2.67727 2.67727 3.47083 
III -5.56579e+10 1.12733e-30 CCC 1.50187e+12 2.67727 III -5.56579e+10 1.12733e-30 CCC 1.50187e+12 2.67727 III -1.43035e+11 1.12733e-30 CCC 2.97718e+12 3.47083 
1.12563 1.12563 1.12563 2.67727 2.67727 3.47083 
III -5.98485e+10 1.12733e-30 CCC 1.61495e+12 2.67727 III -5.98485e+10 1.12733e-30 CCC 1.61495e+12 2.67727 III -1.53804e+11 1.12733e-30 CCC 3.20134e+12 3.47083 
1.13568 1.13568 1.13568 2.67727 2.67727 3.47083 
III -6.39794e+10 1.12733e-30 CCC 1.72642e+12 2.67727 III -6.39794e+10 1.12733e-30 CCC 1.72642e+12 2.67727 III -1.6442e+11 1.12733e-30 CCC 3.4223e+12 3.47083 
1.14573 1.14573 1.14573 2.67727 2.67727 3.47083 
III -6.80465e+10 1.12733e-30 CCC 1.83616e+12 2.67727 III -6.80465e+10 1.12733e-30 CCC 1.83616e+12 2.67727 III -1.74872e+11 1.12733e-30 CCC 3.63986e+12 3.47083 
1.15578 1.15578 1.15578 2.67727 2.67727 3.47083 
III -7.20458e+10 1.12733e-30 CCC 1.94408e+12 2.67727 III -7.20458e+10 1.12733e-30 CCC 1.94408e+12 2.67727 III -1.8515e+11 1.12733e-30 CCC 3.85378e+12 3.47083 
1.16583 1.16583 1.16583 2.67727 2.67727 3.47083 
III -7.59733e+10 1.12733e-30 CCC 2.05006e+12 2.67727 III -7.59733e+10 1.12733e-30 CCC 2.05006e+12 2.67727 III -1.95243e+11 1.12733e-30 CCC 4.06387e+12 3.47083 
1.17588 1.17588 1.17588 2.67727 2.67727 3.47083 
III -7.9825e+10 1.12733e-30 CCC 2.15399e+12 2.67727 III -7.9825e+10 1.12733e-30 CCC 2.15399e+12 2.67727 III -2.05142e+11 1.12733e-30 CCC 4.2699e+12 3.47083 
1.18593 1.18593 1.18593 2.67727 2.67727 3.47083 
III -8.35972e+10 1.12733e-30 CCC 2.25578e+12 2.67727 III -8.35972e+10 1.12733e-30 CCC 2.25578e+12 2.67727 III -2.14836e+11 1.12733e-30 CCC 4.47168e+12 3.47083 
1.19598 1.19598 1.19598 2.67727 2.67727 3.47083 
III -8.7286e+10 1.12733e-30 CCC 2.35532e+12 2.67727 III -8.7286e+10 1.12733e-30 CCC 2.35532e+12 2.67727 III -2.24316e+11 1.12733e-30 CCC 4.669e+12 3.47083 
1.20603 1.20603 1.20603 2.67727 2.67727 3.47083 
III -9.08879e+10 1.12733e-30 CCC 2.45251e+12 2.67727 III -9.08879e+10 1.12733e-30 CCC 2.45251e+12 2.67727 III -2.33572e+11 1.12733e-30 CCC 4.86166e+12 3.47083 
1.21608 1.21608 1.21608 2.67727 2.67727 3.47083 
III -9.43991e+10 1.12733e-30 CCC 2.54726e+12 2.67727 III -9.43991e+10 1.12733e-30 CCC 2.54726e+12 2.67727 III -2.42596e+11 1.12733e-30 CCC 5.04948e+12 3.47083 
1.22613 1.22613 1.22613 2.67727 2.67727 3.47083 
III -9.78163e+10 1.12733e-30 CCC 2.63947e+12 2.67727 III -9.78163e+10 1.12733e-30 CCC 2.63947e+12 2.67727 III -2.51377e+11 1.12733e-30 CCC 5.23227e+12 3.47083 
1.23618 1.23618 1.23618 2.67727 2.67727 3.47083 
III -1.01136e+11 1.12733e-30 CCC 2.72904e+12 2.67727 III -1.01136e+11 1.12733e-30 CCC 2.72904e+12 2.67727 III -2.59908e+11 1.12733e-30 CCC 5.40984e+12 3.47083 
1.24623 1.24623 1.24623 2.67727 2.67727 3.47083 
III -1.04355e+11 1.12733e-30 CCC 2.8159e+12 2.67727 III -1.04355e+11 1.12733e-30 CCC 2.8159e+12 2.67727 III -2.68181e+11 1.12733e-30 CCC 5.58201e+12 3.47083 
1.25628 1.25628 1.25628 2.67727 2.67727 3.47083 
III -1.0747e+11 1.12733e-30 CCC 2.89995e+12 2.67727 III -1.0747e+11 1.12733e-30 CCC 2.89995e+12 2.67727 III -2.76185e+11 1.12733e-30 CCC 5.74863e+12 3.47083 
1.26633 1.26633 1.26633 2.67727 2.67727 3.47083 
III -1.10477e+11 1.12733e-30 CCC 2.98111e+12 2.67727 III -1.10477e+11 1.12733e-30 CCC 2.98111e+12 2.67727 III -2.83915e+11 1.12733e-30 CCC 5.90951e+12 3.47083 
1.27638 1.27638 1.27638 2.67727 2.67727 3.47083 
III -1.13375e+11 1.12733e-30 CCC 3.0593e+12 2.67727 III -1.13375e+11 1.12733e-30 CCC 3.0593e+12 2.67727 III -2.91361e+11 1.12733e-30 CCC 6.0645e+12 3.47083 
1.28643 1.28643 1.28643 2.67727 2.67727 3.47083 
III -1.16159e+11 1.12733e-30 CCC 3.13443e+12 2.67727 III -1.16159e+11 1.12733e-30 CCC 3.13443e+12 2.67727 III -2.98517e+11 1.12733e-30 CCC 6.21345e+12 3.47083 
1.29648 1.29648 1.29648 2.67727 2.67727 3.47083 
III -1.18828e+11 1.12733e-30 CCC 3.20645e+12 2.67727 III -1.18828e+11 1.12733e-30 CCC 3.20645e+12 2.67727 III -3.05375e+11 1.12733e-30 CCC 6.3562e+12 3.47083 
1.30653 1.30653 1.30653 2.67727 2.67727 3.47083 
III -1.21378e+11 1.12733e-30 CCC 3.27526e+12 2.67727 III -1.21378e+11 1.12733e-30 CCC 3.27526e+12 2.67727 III -3.11929e+11 1.12733e-30 CCC 6.49262e+12 3.47083 
1.31658 1.31658 1.31658 2.67727 2.67727 3.47083 
III -1.23808e+11 1.12733e-30 CCC 3.34082e+12 2.67727 III -1.23808e+11 1.12733e-30 CCC 3.34082e+12 2.67727 III -3.18172e+11 1.12733e-30 CCC 6.62256e+12 3.47083 
1.32663 1.32663 1.32663 2.67727 2.67727 3.47083 
III -1.26113e+11 1.12733e-30 CCC 3.40304e+12 2.67727 III -1.26113e+11 1.12733e-30 CCC 3.40304e+12 2.67727 III -3.24098e+11 1.12733e-30 CCC 6.7459e+12 3.47083 
1.33668 1.33668 1.33668 2.67727 2.67727 3.47083 
III -1.28294e+11 1.12733e-30 CCC 3.46187e+12 2.67727 III -1.28294e+11 1.12733e-30 CCC 3.46187e+12 2.67727 III -3.29701e+11 1.12733e-30 CCC 6.86252e+12 3.47083 
1.34673 1.34673 1.34673 2.67727 2.67727 3.47083 
III -1.30346e+11 1.12733e-30 CCC 3.51725e+12 2.67727 III -1.30346e+11 1.12733e-30 CCC 3.51725e+12 2.67727 III -3.34975e+11 1.12733e-30 CCC 6.9723e+12 3.47083 
1.35678 1.35678 1.35678 2.67727 2.67727 3.47083 
III -1.32268e+11 1.12733e-30 CCC 3.56912e+12 2.67727 III -1.32268e+11 1.12733e-30 CCC 3.56912e+12 2.67727 III -3.39915e+11 1.12733e-30 CCC 7.07513e+12 3.47083 
1.36683 1.36683 1.36683 2.67727 2.67727 3.47083 
III -1.34059e+11 1.12733e-30 CCC 3.61743e+12 2.67727 III -1.34059e+11 1.12733e-30 CCC 3.61743e+12 2.67727 III -3.44517e+11 1.12733e-30 CCC 7.17091e+12 3.47083 
1.37688 1.37688 1.37688 2.67727 2.67727 3.47083 
III -1.35716e+11 1.12733e-30 CCC 3.66214e+12 2.67727 III -1.35716e+11 1.12733e-30 CCC 3.66214e+12 2.67727 III -3.48775e+11 1.12733e-30 CCC 7.25953e+12 3.47083 
1.38693 1.38693 1.38693 2.67727 2.67727 3.47083 
III -1.37237e+11 1.12733e-30 CCC 3.7032e+12 2.67727 III -1.37237e+11 1.12733e-30 CCC 3.7032e+12 2.67727 III -3.52685e+11 1.12733e-30 CCC 7.34092e+12 3.47083 
1.39698 1.39698 1.39698 2.67727 2.67727 3.47083 
III -1.38622e+11 1.12733e-30 CCC 3.74057e+12 2.67727 III -1.38622e+11 1.12733e-30 CCC 3.74057e+12 2.67727 III -3.56244e+11 1.12733e-30 CCC 7.415e+12 3.47083 
1.40704 1.40704 1.40704 2.67727 2.67727 3.47083 
III -1.39869e+11 1.12733e-30 CCC 3.77421e+12 2.67727 III -1.39869e+11 1.12733e-30 CCC 3.77421e+12 2.67727 III -3.59447e+11 1.12733e-30 CCC 7.48168e+12 3.47083 
1.41709 1.41709 1.41709 2.67727 2.67727 3.47083 
III -1.40976e+11 1.12733e-30 CCC 3.80408e+12 2.67727 III -1.40976e+11 1.12733e-30 CCC 3.80408e+12 2.67727 III -3.62293e+11 1.12733e-30 CCC 7.5409e+12 3.47083 
1.42714 1.42714 1.42714 2.67727 2.67727 3.47083 
III -1.41942e+11 1.12733e-30 CCC 3.83017e+12 2.67727 III -1.41942e+11 1.12733e-30 CCC 3.83017e+12 2.67727 III -3.64777e+11 1.12733e-30 CCC 7.59261e+12 3.47083 
1.43719 1.43719 1.43719 2.67727 2.67727 3.47083 
III -1.42768e+11 1.12733e-30 CCC 3.85243e+12 2.67727 III -1.42768e+11 1.12733e-30 CCC 3.85243e+12 2.67727 III -3.66898e+11 1.12733e-30 CCC 7.63675e+12 3.47083 
1.44724 1.44724 1.44724 2.67727 2.67727 3.47083 
III -1.4345e+11 1.12733e-30 CCC 3.87086e+12 2.67727 III -1.4345e+11 1.12733e-30 CCC 3.87086e+12 2.67727 III -3.68652e+11 1.12733e-30 CCC 7.67327e+12 3.47083 
1.45729 1.45729 1.45729 2.67727 2.67727 3.47083 
III -1.4399e+11 1.12733e-30 CCC 3.88543e+12 2.67727 III -1.4399e+11 1.12733e-30 CCC 3.88543e+12 2.67727 III -3.7004e+11 1.12733e-30 CCC 7.70215e+12 3.47083 
1.46734 1.46734 1.46734 2.67727 2.67727 3.47083 
III -1.44387e+11 1.12733e-30 CCC 3.89612e+12 2.67727 III -1.44387e+11 1.12733e-30 CCC 3.89612e+12 2.67727 III -3.71058e+11 1.12733e-30 CCC 7.72335e+12 3.47083 
1.47739 1.47739 1.47739 2.67727 2.67727 3.47083 
III -1.44639e+11 1.12733e-30 CCC 3.90293e+12 2.67727 III -1.44639e+11 1.12733e-30 CCC 3.90293e+12 2.67727 III -3.71707e+11 1.12733e-30 CCC 7.73685e+12 3.47083 
1.48744 1.48744 1.48744 2.67727 2.67727 3.47083 
III -1.44747e+11 1.12733e-30 CCC 3.90585e+12 2.67727 III -1.44747e+11 1.12733e-30 CCC 3.90585e+12 2.67727 III -3.71985e+11 1.12733e-30 CCC 7.74264e+12 3.47083 
1.49749 1.49749 1.49749 2.67727 2.67727 3.47083 
III -1.44711e+11 1.12733e-30 CCC 3.90488e+12 2.67727 III -1.44711e+11 1.12733e-30 CCC 3.90488e+12 2.67727 III -3.71892e+11 1.12733e-30 CCC 7.74071e+12 3.47083 
1.50754 1.50754 1.50754 2.67727 2.67727 3.47083 
III -1.44531e+11 1.12733e-30 CCC 3.90001e+12 2.67727 III -1.44531e+11 1.12733e-30 CCC 3.90001e+12 2.67727 III -3.71429e+11 1.12733e-30 CCC 7.73106e+12 3.47083 
1.51759 1.51759 1.51759 2.67727 2.67727 3.47083 
III -1.44206e+11 1.12733e-30 CCC 3.89126e+12 2.67727 III -1.44206e+11 1.12733e-30 CCC 3.89126e+12 2.67727 III -3.70595e+11 1.12733e-30 CCC 7.71371e+12 3.47083 
1.52764 1.52764 1.52764 2.67727 2.67727 3.47083 
III -1.43738e+11 1.12733e-30 CCC 3.87863e+12 2.67727 III -1.43738e+11 1.12733e-30 CCC 3.87863e+12 2.67727 III -3.69392e+11 1.12733e-30 CCC 7.68867e+12 3.47083 
1.53769 1.53769 1.53769 2.67727 2.67727 3.47083 
III -1.43127e+11 1.12733e-30 CCC 3.86213e+12 2.67727 III -1.43127e+11 1.12733e-30 CCC 3.86213e+12 2.67727 III -3.67821e+11 1.12733e-30 CCC 7.65596e+12 3.47083 
1.54774 1.54774 1.54774 2.67727 2.67727 3.47083 
III -1.42373e+11 1.12733e-30 CCC 3.84178e+12 2.67727 III -1.42373e+11 1.12733e-30 CCC 3.84178e+12 2.67727 III -3.65883e+11 1.12733e-30 CCC 7.61563e+12 3.47083 
1.55779 1.55779 1.55779 2.67727 2.67727 3.47083 
III -1.41477e+11 1.12733e-30 CCC 3.8176e+12 2.67727 III -1.41477e+11 1.12733e-30 CCC 3.8176e+12 2.67727 III -3.6358e+11 1.12733e-30 CCC 7.5677e+12 3.47083 
1.56784 1.56784 1.56784 2.67727 2.67727 3.47083 
III -1.4044e+11 1.12733e-30 CCC 3.78962e+12 2.67727 III -1.4044e+11 1.12733e-30 CCC 3.78962e+12 2.67727 III -3.60915e+11 1.12733e-30 CCC 7.51223e+12 3.47083 
1.57789 1.57789 1.57789 2.67727 2.67727 3.47083 
III -1.39263e+11 1.12733e-30 CCC 3.75786e+12 2.67727 III -1.39263e+11 1.12733e-30 CCC 3.75786e+12 2.67727 III -3.5789e+11 1.12733e-30 CCC 7.44927e+12 3.47083 
1.58794 1.58794 1.58794 2.67727 2.67727 3.47083 
III -1.37947e+11 1.12733e-30 CCC 3.72235e+12 2.67727 III -1.37947e+11 1.12733e-30 CCC 3.72235e+12 2.67727 III -3.54509e+11 1.12733e-30 CCC 7.37888e+12 3.47083 
1.59799 1.59799 1.59799 2.67727 2.67727 3.47083 
III -1.36493e+11 1.12733e-30 CCC 3.68313e+12 2.67727 III -1.36493e+11 1.12733e-30 CCC 3.68313e+12 2.67727 III -3.50774e+11 1.12733e-30 CCC 7.30114e+12 3.47083 
1.60804 1.60804 1.60804 2.67727 2.67727 3.47083 
III -1.34904e+11 1.12733e-30 CCC 3.64024e+12 2.67727 III -1.34904e+11 1.12733e-30 CCC 3.64024e+12 2.67727 III -3.46689e+11 1.12733e-30 CCC 7.21612e+12 3.47083 
1.61809 1.61809 1.61809 2.67727 2.67727 3.47083 
III -1.3318e+11 1.12733e-30 CCC 3.59372e+12 2.67727 III -1.3318e+11 1.12733e-30 CCC 3.59372e+12 2.67727 III -3.42259e+11 1.12733e-30 CCC 7.12391e+12 3.47083 
1.62814 1.62814 1.62814 2.67727 2.67727 3.47083 
III -1.31323e+11 1.12733e-30 CCC 3.54362e+12 2.67727 III -1.31323e+11 1.12733e-30 CCC 3.54362e+12 2.67727 III -3.37487e+11 1.12733e-30 CCC 7.02459e+12 3.47083 
1.63819 1.63819 1.63819 2.67727 2.67727 3.47083 
III -1.29336e+11 1.12733e-30 CCC 3.48999e+12 2.67727 III -1.29336e+11 1.12733e-30 CCC 3.48999e+12 2.67727 III -3.32379e+11 1.12733e-30 CCC 6.91827e+12 3.47083 
1.64824 1.64824 1.64824 2.67727 2.67727 3.47083 
III -1.27219e+11 1.12733e-30 CCC 3.43288e+12 2.67727 III -1.27219e+11 1.12733e-30 CCC 3.43288e+12 2.67727 III -3.2694e+11 1.12733e-30 CCC 6.80506e+12 3.47083 
1.65829 1.65829 1.65829 2.67727 2.67727 3.47083 
III -1.24976e+11 1.12733e-30 CCC 3.37235e+12 2.67727 III -1.24976e+11 1.12733e-30 CCC 3.37235e+12 2.67727 III -3.21175e+11 1.12733e-30 CCC 6.68507e+12 3.47083 
1.66834 1.66834 1.66834 2.67727 2.67727 3.47083 
III -1.22608e+11 1.12733e-30 CCC 3.30845e+12 2.67727 III -1.22608e+11 1.12733e-30 CCC 3.30845e+12 2.67727 III -3.1509e+11 1.12733e-30 CCC 6.55841e+12 3.47083 
1.67839 1.67839 1.67839 2.67727 2.67727 3.47083 
III -1.20118e+11 1.12733e-30 CCC 3.24126e+12 2.67727 III -1.20118e+11 1.12733e-30 CCC 3.24126e+12 2.67727 III -3.08691e+11 1.12733e-30 CCC 6.42521e+12 3.47083 
1.68844 1.68844 1.68844 2.67727 2.67727 3.47083 
III -1.17508e+11 1.12733e-30 CCC 3.17084e+12 2.67727 III -1.17508e+11 1.12733e-30 CCC 3.17084e+12 2.67727 III -3.01984e+11 1.12733e-30 CCC 6.28561e+12 3.47083 
1.69849 1.69849 1.69849 2.67727 2.67727 3.47083 
III -1.14781e+11 1.12733e-30 CCC 3.09725e+12 2.67727 III -1.14781e+11 1.12733e-30 CCC 3.09725e+12 2.67727 III -2.94976e+11 1.12733e-30 CCC 6.13974e+12 3.47083 
1.70854 1.70854 1.70854 2.67727 2.67727 3.47083 
III -1.1194e+11 1.12733e-30 CCC 3.02058e+12 2.67727 III -1.1194e+11 1.12733e-30 CCC 3.02058e+12 2.67727 III -2.87674e+11 1.12733e-30 CCC 5.98775e+12 3.47083 
1.71859 1.71859 1.71859 2.67727 2.67727 3.47083 
III -1.08987e+11 1.12733e-30 CCC 2.9409e+12 2.67727 III -1.08987e+11 1.12733e-30 CCC 2.9409e+12 2.67727 III -2.80085e+11 1.12733e-30 CCC 5.82979e+12 3.47083 
1.72864 1.72864 1.72864 2.67727 2.67727 3.47083 
III -1.05925e+11 1.12733e-30 CCC 2.85828e+12 2.67727 III -1.05925e+11 1.12733e-30 CCC 2.85828e+12 2.67727 III -2.72217e+11 1.12733e-30 CCC 5.66603e+12 3.47083 
1.73869 1.73869 1.73869 2.67727 2.67727 3.47083 
III -1.02758e+11 1.12733e-30 CCC 2.77282e+12 2.67727 III -1.02758e+11 1.12733e-30 CCC 2.77282e+12 2.67727 III -2.64077e+11 1.12733e-30 CCC 5.49661e+12 3.47083 
1.74874 1.74874 1.74874 2.67727 2.67727 3.47083 
III -9.94885e+10 1.12733e-30 CCC 2.68459e+12 2.67727 III -9.94885e+10 1.12733e-30 CCC 2.68459e+12 2.67727 III -2.55675e+11 1.12733e-30 CCC 5.32171e+12 3.47083 
1.75879 1.75879 1.75879 2.67727 2.67727 3.47083 
III -9.61197e+10 1.12733e-30 CCC 2.59369e+12 2.67727 III -9.61197e+10 1.12733e-30 CCC 2.59369e+12 2.67727 III -2.47017e+11 1.12733e-30 CCC 5.14151e+12 3.47083 
1.76884 1.76884 1.76884 2.67727 2.67727 3.47083 
III -9.26551e+10 1.12733e-30 CCC 2.5002e+12 2.67727 III -9.26551e+10 1.12733e-30 CCC 2.5002e+12 2.67727 III -2.38114e+11 1.12733e-30 CCC 4.95619e+12 3.47083 
1.77889 1.77889 1.77889 2.67727 2.67727 3.47083 
III -8.90981e+10 1.12733e-30 CCC 2.40422e+12 2.67727 III -8.90981e+10 1.12733e-30 CCC 2.40422e+12 2.67727 III -2.28973e+11 1.12733e-30 CCC 4.76592e+12 3.47083 
1.78894 1.78894 1.78894 2.67727 2.67727 3.47083 
III -8.54523e+10 1.12733e-30 CCC 2.30584e+12 2.67727 III -8.54523e+10 1.12733e-30 CCC 2.30584e+12 2.67727 III -2.19603e+11 1.12733e-30 CCC 4.57091e+12 3.47083 
1.79899 1.79899 1.79899 2.67727 2.67727 3.47083 
III -8.17213e+10 1.12733e-30 CCC 2.20516e+12 2.67727 III -8.17213e+10 1.12733e-30 CCC 2.20516e+12 2.67727 III -2.10015e+11 1.12733e-30 CCC 4.37133e+12 3.47083 
1.80905 1.80905 1.80905 2.67727 2.67727 3.47083 
III -7.79089e+10 1.12733e-30 CCC 2.10229e+12 2.67727 III -7.79089e+10 1.12733e-30 CCC 2.10229e+12 2.67727 III -2.00217e+11 1.12733e-30 CCC 4.1674e+12 3.47083 
1.8191 1.8191 1.8191 2.67727 2.67727 3.47083 
III -7.40188e+10 1.12733e-30 CCC 1.99732e+12 2.67727 III -7.40188e+10 1.12733e-30 CCC 1.99732e+12 2.67727 III -1.9022e+11 1.12733e-30 CCC 3.95932e+12 3.47083 
1.82915 1.82915 1.82915 2.67727 2.67727 3.47083 
III -7.00549e+10 1.12733e-30 CCC 1.89036e+12 2.67727 III -7.00549e+10 1.12733e-30 CCC 1.89036e+12 2.67727 III -1.80034e+11 1.12733e-30 CCC 3.74729e+12 3.47083 
1.8392 1.8392 1.8392 2.67727 2.67727 3.47083 
III -6.60212e+10 1.12733e-30 CCC 1.78151e+12 2.67727 III -6.60212e+10 1.12733e-30 CCC 1.78151e+12 2.67727 III -1.69667e+11 1.12733e-30 CCC 3.53152e+12 3.47083 
1.84925 1.84925 1.84925 2.67727 2.67727 3.47083 
III -6.19216e+10 1.12733e-30 CCC 1.67089e+12 2.67727 III -6.19216e+10 1.12733e-30 CCC 1.67089e+12 2.67727 III -1.59132e+11 1.12733e-30 CCC 3.31223e+12 3.47083 
1.8593 1.8593 1.8593 2.67727 2.67727 3.47083 
III -5.77604e+10 1.12733e-30 CCC 1.5586e+12 2.67727 III -5.77604e+10 1.12733e-30 CCC 1.5586e+12 2.67727 III -1.48438e+11 1.12733e-30 CCC 3.08965e+12 3.47083 
1.86935 1.86935 1.86935 2.67727 2.67727 3.47083 
III -5.35415e+10 1.12733e-30 CCC 1.44476e+12 2.67727 III -5.35415e+10 1.12733e-30 CCC 1.44476e+12 2.67727 III -1.37596e+11 1.12733e-30 CCC 2.86398e+12 3.47083 
1.8794 1.8794 1.8794 2.67727 2.67727 3.47083 
III -4.92693e+10 1.12733e-30 CCC 1.32948e+12 2.67727 III -4.92693e+10 1.12733e-30 CCC 1.32948e+12 2.67727 III -1.26617e+11 1.12733e-30 CCC 2.63545e+12 3.47083 
1.88945 1.88945 1.88945 2.67727 2.67727 3.47083 
III -4.4948e+10 1.12733e-30 CCC 1.21287e+12 2.67727 III -4.4948e+10 1.12733e-30 CCC 1.21287e+12 2.67727 III -1.15512e+11 1.12733e-30 CCC 2.4043e+12 3.47083 
1.8995 1.8995 1.8995 2.67727 2.67727 3.47083 
III -4.05819e+10 1.12733e-30 CCC 1.09506e+12 2.67727 III -4.05819e+10 1.12733e-30 CCC 1.09506e+12 2.67727 III -1.04291e+11 1.12733e-30 CCC 2.17076e+12 3.47083 
1.90955 1.90955 1.90955 2.67727 2.67727 3.47083 
III -3.61753e+10 1.12733e-30 CCC 9.76153e+11 2.67727 III -3.61753e+10 1.12733e-30 CCC 9.76153e+11 2.67727 III -9.29668e+10 1.12733e-30 CCC 1.93505e+12 3.47083 
1.9196 1.9196 1.9196 2.67727 2.67727 3.47083 
III -3.17327e+10 1.12733e-30 CCC 8.56273e+11 2.67727 III -3.17327e+10 1.12733e-30 CCC 8.56273e+11 2.67727 III -8.15497e+10 1.12733e-30 CCC 1.69741e+12 3.47083 
1.92965 1.92965 1.92965 2.67727 2.67727 3.47083 
III -2.72584e+10 1.12733e-30 CCC 7.3554e+11 2.67727 III -2.72584e+10 1.12733e-30 CCC 7.3554e+11 2.67727 III -7.00513e+10 1.12733e-30 CCC 1.45807e+12 3.47083 
1.9397 1.9397 1.9397 2.67727 2.67727 3.47083 
III -2.2757e+10 1.12733e-30 CCC 6.14074e+11 2.67727 III -2.2757e+10 1.12733e-30 CCC 6.14074e+11 2.67727 III -5.84831e+10 1.12733e-30 CCC 1.21729e+12 3.47083 
1.94975 1.94975 1.94975 2.67727 2.67727 3.47083 
III -1.82329e+10 1.12733e-30 CCC 4.91995e+11 2.67727 III -1.82329e+10 1.12733e-30 CCC 4.91995e+11 2.67727 III -4.68566e+10 1.12733e-30 CCC 9.75291e+11 3.47083 
1.9598 1.9598 1.9598 2.67727 2.67727 3.47083 
III -1.36906e+10 1.12733e-30 CCC 3.69426e+11 2.67727 III -1.36906e+10 1.12733e-30 CCC 3.69426e+11 2.67727 III -3.51834e+10 1.12733e-30 CCC 7.3232e+11 3.47083 
1.96985 1.96985 1.96985 2.67727 2.67727 3.47083 
III -9.13465e+09 1.12733e-30 CCC 2.46489e+11 2.67727 III -9.13465e+09 1.12733e-30 CCC 2.46489e+11 2.67727 III -2.34751e+10 1.12733e-30 CCC 4.88619e+11 3.47083 
1.9799 1.9799 1.9799 2.67727 2.67727 3.47083 
III -4.5696e+09 1.12733e-30 CCC 1.23306e+11 2.67727 III -4.5696e+09 1.12733e-30 CCC 1.23306e+11 2.67727 III -1.17434e+10 1.12733e-30 CCC 2.44432e+11 3.47083 
1.98995 1.98995 1.98995 2.67727 2.67727 3.47083 
III 0 1.12733e-30 CCC 0 nan III 0 1.12733e-30 CCC 0 nan III -6.92472e-05 1.12733e-30 CCC 0.00133699 3.74172 
2 2 2 nan nan 3.74172 
